1.397E+07 5.251E+02 2.769E+00 5.137E-05 2.486E-05 1.595E+03 9.024E-01 7.023E+01 2.000E+00
2.072E+07 5.251E+02 2.769E+00 5.137E-05 2.490E-05 1.595E+03 9.024E-01 7.023E+01 2.000E+00
1.957E+08 5.251E+02 2.769E+00 5.137E-05 2.497E-05 1.595E+03 9.024E-01 7.023E+01 2.000E+00
2.955E+06 5.424E+02 2.742E+00 5.137E-05 2.511E-05 1.566E+03 9.024E-01 7.023E+01 2.000E+00
4.783E+06 5.424E+02 2.742E+00 5.137E-05 2.536E-05 1.565E+03 9.024E-01 7.023E+01 2.000E+00
8.600E+06 5.306E+02 2.760E+00 5.137E-05 2.582E-05 1.585E+03 9.024E-01 7.023E+01 2.000E+00
2.193E+06 8.655E+02 2.344E+00 5.137E-05 2.667E-05 1.268E+03 9.024E-01 7.023E+01 2.000E+00
3.341E+06 8.655E+02 2.344E+00 5.137E-05 2.822E-05 1.268E+03 9.024E-01 7.023E+01 2.000E+00
4.956E+06 8.092E+02 2.402E+00 5.137E-05 3.107E-05 1.300E+03 9.024E-01 7.023E+01 2.000E+00
8.803E+06 4.880E+02 2.828E+00 5.137E-05 3.629E-05 1.667E+03 9.025E-01 7.023E+01 2.000E+00
6.507E+06 6.446E+02 2.597E+00 5.137E-05 4.585E-05 1.445E+03 9.026E-01 7.023E+01 2.000E+00
9.803E+06 7.946E+02 2.418E+00 5.137E-05 6.338E-05 1.310E+03 9.027E-01 7.023E+01 2.000E+00
4.897E+06 3.484E+02 3.075E+00 5.137E-05 9.551E-05 2.175E+03 9.029E-01 7.023E+01 2.000E+00
4.918E+06 3.735E+02 3.028E+00 5.137E-05 1.544E-04 2.037E+03 9.034E-01 7.023E+01 2.000E+00
2.723E+07 9.145E+02 2.297E+00 5.137E-05 2.624E-04 1.244E+03 9.042E-01 7.023E+01 2.000E+00
2.157E+06 8.929E+02 2.318E+00 5.137E-05 4.602E-04 1.255E+03 9.057E-01 7.024E+01 2.000E+00
6.270E+06 6.746E+02 2.560E+00 5.137E-05 8.229E-04 1.402E+03 9.084E-01 7.025E+01 2.000E+00
4.219E+06 4.922E+02 2.823E+00 5.137E-05 1.488E-03 1.656E+03 9.134E-01 7.026E+01 2.000E+00
5.634E+06 9.761E+02 2.243E+00 5.137E-05 2.706E-03 1.219E+03 9.220E-01 7.029E+01 2.000E+00
7.049E+06 7.978E+02 2.419E+00 5.137E-05 4.940E-03 1.308E+03 9.299E-01 7.034E+01 2.000E+00
1.005E+08 5.251E+02 2.769E+00 6.498E-05 2.486E-05 1.595E+03 9.024E-01 7.023E+01 2.000E+00
2.556E+06 5.424E+02 2.742E+00 6.498E-05 2.490E-05 1.565E+03 9.024E-01 7.023E+01 2.000E+00
2.827E+06 5.424E+02 2.742E+00 6.498E-05 2.497E-05 1.565E+03 9.024E-01 7.023E+01 2.000E+00
3.520E+06 5.424E+02 2.742E+00 6.498E-05 2.511E-05 1.565E+03 9.024E-01 7.023E+01 2.000E+00
6.542E+06 5.424E+02 2.742E+00 6.498E-05 2.536E-05 1.566E+03 9.024E-01 7.023E+01 2.000E+00
1.774E+07 5.306E+02 2.760E+00 6.498E-05 2.582E-05 1.585E+03 9.024E-01 7.023E+01 2.000E+00
2.240E+06 8.655E+02 2.344E+00 6.498E-05 2.667E-05 1.269E+03 9.024E-01 7.023E+01 2.000E+00
3.462E+06 8.655E+02 2.344E+00 6.498E-05 2.822E-05 1.268E+03 9.025E-01 7.023E+01 2.000E+00
5.404E+06 8.092E+02 2.402E+00 6.498E-05 3.107E-05 1.300E+03 9.025E-01 7.023E+01 2.000E+00
2.208E+07 4.880E+02 2.828E+00 6.498E-05 3.629E-05 1.667E+03 9.025E-01 7.023E+01 2.000E+00
8.736E+06 6.446E+02 2.597E+00 6.498E-05 4.585E-05 1.443E+03 9.026E-01 7.023E+01 2.000E+00
1.209E+07 7.946E+02 2.418E+00 6.498E-05 6.338E-05 1.309E+03 9.027E-01 7.023E+01 2.000E+00
4.825E+06 9.120E+02 2.300E+00 6.498E-05 9.551E-05 1.246E+03 9.030E-01 7.023E+01 2.000E+00
8.661E+06 3.735E+02 3.028E+00 6.498E-05 1.544E-04 2.037E+03 9.034E-01 7.023E+01 2.000E+00
1.392E+06 2.994E+02 3.169E+00 6.498E-05 2.624E-04 2.595E+03 9.042E-01 7.023E+01 2.000E+00
2.191E+06 8.929E+02 2.318E+00 6.498E-05 4.602E-04 1.255E+03 9.057E-01 7.024E+01 2.000E+00
7.997E+06 6.746E+02 2.560E+00 6.498E-05 8.229E-04 1.403E+03 9.084E-01 7.025E+01 2.000E+00
5.818E+06 4.922E+02 2.823E+00 6.498E-05 1.488E-03 1.656E+03 9.134E-01 7.026E+01 2.000E+00
5.689E+06 9.761E+02 2.243E+00 6.498E-05 2.706E-03 1.220E+03 9.220E-01 7.029E+01 2.000E+00
1.488E+07 8.045E+02 2.412E+00 6.498E-05 4.940E-03 1.304E+03 9.299E-01 7.034E+01 2.000E+00
2.906E+06 5.424E+02 2.742E+00 8.219E-05 2.486E-05 1.565E+03 9.025E-01 7.023E+01 2.000E+00
3.091E+06 5.424E+02 2.742E+00 8.219E-05 2.490E-05 1.566E+03 9.025E-01 7.023E+01 2.000E+00
3.505E+06 5.424E+02 2.742E+00 8.219E-05 2.497E-05 1.566E+03 9.025E-01 7.023E+01 2.000E+00
4.666E+06 5.424E+02 2.742E+00 8.219E-05 2.511E-05 1.565E+03 9.025E-01 7.023E+01 2.000E+00
1.242E+07 5.424E+02 2.742E+00 8.219E-05 2.536E-05 1.566E+03 9.025E-01 7.023E+01 2.000E+00
1.941E+06 8.655E+02 2.344E+00 8.219E-05 2.582E-05 1.268E+03 9.025E-01 7.023E+01 2.000E+00
2.302E+06 8.655E+02 2.344E+00 8.219E-05 2.667E-05 1.268E+03 9.025E-01 7.023E+01 2.000E+00
3.630E+06 8.655E+02 2.344E+00 8.219E-05 2.822E-05 1.268E+03 9.025E-01 7.023E+01 2.000E+00
6.111E+06 8.092E+02 2.402E+00 8.219E-05 3.107E-05 1.300E+03 9.025E-01 7.023E+01 2.000E+00
1.024E+07 9.759E+02 2.242E+00 8.219E-05 3.629E-05 1.218E+03 9.026E-01 7.023E+01 2.000E+00
1.560E+07 6.446E+02 2.597E+00 8.219E-05 4.585E-05 1.435E+03 9.026E-01 7.023E+01 2.000E+00
1.722E+07 7.946E+02 2.418E+00 8.219E-05 6.338E-05 1.309E+03 9.028E-01 7.023E+01 2.000E+00
5.034E+06 9.120E+02 2.300E+00 8.219E-05 9.551E-05 1.246E+03 9.030E-01 7.023E+01 2.000E+00
4.539E+08 3.735E+02 3.028E+00 8.219E-05 1.544E-04 2.043E+03 9.034E-01 7.023E+01 2.000E+00
4.935E+07 9.145E+02 2.297E+00 8.219E-05 2.624E-04 1.244E+03 9.043E-01 7.023E+01 2.000E+00
2.236E+06 8.929E+02 2.318E+00 8.219E-05 4.602E-04 1.255E+03 9.057E-01 7.024E+01 2.000E+00
1.237E+07 6.746E+02 2.560E+00 8.219E-05 8.229E-04 1.402E+03 9.085E-01 7.025E+01 2.000E+00
1.137E+07 4.922E+02 2.823E+00 8.219E-05 1.488E-03 1.656E+03 9.134E-01 7.026E+01 2.000E+00
5.760E+06 9.761E+02 2.243E+00 8.219E-05 2.706E-03 1.219E+03 9.220E-01 7.029E+01 2.000E+00
9.981E+06 7.978E+02 2.419E+00 8.219E-05 4.940E-03 1.308E+03 9.300E-01 7.034E+01 2.000E+00
3.890E+06 5.424E+02 2.742E+00 1.040E-04 2.486E-05 1.565E+03 9.025E-01 7.023E+01 2.000E+00
4.239E+06 5.424E+02 2.742E+00 1.040E-04 2.490E-05 1.565E+03 9.025E-01 7.023E+01 2.000E+00
5.080E+06 5.424E+02 2.742E+00 1.040E-04 2.497E-05 1.565E+03 9.025E-01 7.023E+01 2.000E+00
8.058E+06 5.424E+02 2.742E+00 1.040E-04 2.511E-05 1.565E+03 9.025E-01 7.023E+01 2.000E+00
7.027E+06 5.306E+02 2.760E+00 1.040E-04 2.536E-05 1.585E+03 9.025E-01 7.023E+01 2.000E+00
1.998E+06 8.655E+02 2.344E+00 1.040E-04 2.582E-05 1.269E+03 9.025E-01 7.023E+01 2.000E+00
2.388E+06 8.655E+02 2.344E+00 1.040E-04 2.667E-05 1.269E+03 9.025E-01 7.023E+01 2.000E+00
3.868E+06 8.655E+02 2.344E+00 1.040E-04 2.822E-05 1.269E+03 9.026E-01 7.023E+01 2.000E+00
7.339E+06 8.092E+02 2.402E+00 1.040E-04 3.107E-05 1.300E+03 9.026E-01 7.023E+01 2.000E+00
1.056E+07 9.759E+02 2.242E+00 1.040E-04 3.629E-05 1.218E+03 9.026E-01 7.023E+01 2.000E+00
7.358E+06 6.503E+02 2.590E+00 1.040E-04 4.585E-05 1.426E+03 9.027E-01 7.023E+01 2.000E+00
3.778E+07 7.946E+02 2.418E+00 1.040E-04 6.338E-05 1.309E+03 9.028E-01 7.023E+01 2.000E+00
5.327E+06 9.120E+02 2.300E+00 1.040E-04 9.551E-05 1.246E+03 9.031E-01 7.023E+01 2.000E+00
3.245E+06 7.827E+02 2.431E+00 1.040E-04 1.544E-04 1.317E+03 9.035E-01 7.023E+01 2.000E+00
1.173E+08 9.145E+02 2.297E+00 1.040E-04 2.624E-04 1.244E+03 9.043E-01 7.023E+01 2.000E+00
2.297E+06 8.929E+02 2.318E+00 1.040E-04 4.602E-04 1.255E+03 9.058E-01 7.024E+01 2.000E+00
4.176E+07 6.746E+02 2.560E+00 1.040E-04 8.229E-04 1.403E+03 9.085E-01 7.025E+01 2.000E+00
3.761E+06 3.355E+02 3.104E+00 1.040E-04 1.488E-03 2.251E+03 9.135E-01 7.026E+01 2.000E+00
5.854E+06 9.761E+02 2.243E+00 1.040E-04 2.706E-03 1.220E+03 9.221E-01 7.029E+01 2.000E+00
1.423E+07 7.978E+02 2.419E+00 1.040E-04 4.940E-03 1.310E+03 9.300E-01 7.034E+01 2.000E+00
6.948E+06 5.424E+02 2.742E+00 1.315E-04 2.486E-05 1.565E+03 9.026E-01 7.023E+01 2.000E+00
8.189E+06 5.424E+02 2.742E+00 1.315E-04 2.490E-05 1.565E+03 9.026E-01 7.023E+01 2.000E+00
1.222E+07 5.424E+02 2.742E+00 1.315E-04 2.497E-05 1.565E+03 9.026E-01 7.023E+01 2.000E+00
1.476E+08 5.424E+02 2.742E+00 1.315E-04 2.511E-05 1.565E+03 9.026E-01 7.023E+01 2.000E+00
4.775E+07 5.306E+02 2.760E+00 1.315E-04 2.536E-05 1.585E+03 9.026E-01 7.023E+01 2.000E+00
2.077E+06 8.655E+02 2.344E+00 1.315E-04 2.582E-05 1.268E+03 9.026E-01 7.023E+01 2.000E+00
2.506E+06 8.655E+02 2.344E+00 1.315E-04 2.667E-05 1.268E+03 9.026E-01 7.023E+01 2.000E+00
4.223E+06 8.655E+02 2.344E+00 1.315E-04 2.822E-05 1.268E+03 9.026E-01 7.023E+01 2.000E+00
9.893E+06 8.092E+02 2.402E+00 1.315E-04 3.107E-05 1.300E+03 9.026E-01 7.023E+01 2.000E+00
1.099E+07 9.759E+02 2.242E+00 1.315E-04 3.629E-05 1.218E+03 9.027E-01 7.023E+01 2.000E+00
1.744E+07 6.503E+02 2.590E+00 1.315E-04 4.585E-05 1.426E+03 9.028E-01 7.023E+01 2.000E+00
2.115E+06 7.899E+02 2.423E+00 1.315E-04 6.338E-05 1.313E+03 9.029E-01 7.023E+01 2.000E+00
5.753E+06 9.120E+02 2.300E+00 1.315E-04 9.551E-05 1.246E+03 9.031E-01 7.023E+01 2.000E+00
3.705E+06 7.827E+02 2.431E+00 1.315E-04 1.544E-04 1.317E+03 9.036E-01 7.023E+01 2.000E+00
1.978E+06 9.325E+02 2.281E+00 1.315E-04 2.624E-04 1.236E+03 9.044E-01 7.023E+01 2.000E+00
2.378E+06 8.929E+02 2.318E+00 1.315E-04 4.602E-04 1.255E+03 9.059E-01 7.024E+01 2.000E+00
7.542E+05 8.683E+02 2.342E+00 1.315E-04 8.229E-04 1.267E+03 9.086E-01 7.025E+01 2.000E+00
3.291E+06 4.799E+02 2.844E+00 1.315E-04 1.488E-03 1.682E+03 9.136E-01 7.026E+01 2.000E+00
5.976E+06 9.761E+02 2.243E+00 1.315E-04 2.706E-03 1.219E+03 9.221E-01 7.029E+01 2.000E+00
3.142E+07 7.978E+02 2.419E+00 1.315E-04 4.940E-03 1.308E+03 9.301E-01 7.034E+01 2.000E+00
6.678E+06 5.306E+02 2.760E+00 1.663E-04 2.486E-05 1.585E+03 9.027E-01 7.023E+01 2.000E+00
7.861E+06 5.306E+02 2.760E+00 1.663E-04 2.490E-05 1.585E+03 9.027E-01 7.023E+01 2.000E+00
1.169E+07 5.306E+02 2.760E+00 1.663E-04 2.497E-05 1.585E+03 9.027E-01 7.023E+01 2.000E+00
1.244E+08 5.306E+02 2.760E+00 1.663E-04 2.511E-05 1.585E+03 9.027E-01 7.023E+01 2.000E+00
1.994E+06 8.655E+02 2.344E+00 1.663E-04 2.536E-05 1.268E+03 9.027E-01 7.023E+01 2.000E+00
2.186E+06 8.655E+02 2.344E+00 1.663E-04 2.582E-05 1.268E+03 9.027E-01 7.023E+01 2.000E+00
2.677E+06 8.655E+02 2.344E+00 1.663E-04 2.667E-05 1.269E+03 9.027E-01 7.023E+01 2.000E+00
4.785E+06 8.655E+02 2.344E+00 1.663E-04 2.822E-05 1.271E+03 9.027E-01 7.023E+01 2.000E+00
1.796E+07 8.092E+02 2.402E+00 1.663E-04 3.107E-05 1.351E+03 9.027E-01 7.023E+01 2.000E+00
1.160E+07 9.759E+02 2.242E+00 1.663E-04 3.629E-05 1.218E+03 9.028E-01 7.023E+01 2.000E+00
3.845E+06 6.490E+02 2.592E+00 1.663E-04 4.585E-05 1.436E+03 9.028E-01 7.023E+01 2.000E+00
2.325E+06 7.899E+02 2.423E+00 1.663E-04 6.338E-05 1.314E+03 9.030E-01 7.023E+01 2.000E+00
1.319E+08 7.668E+02 2.449E+00 1.663E-04 9.551E-05 1.328E+03 9.032E-01 7.023E+01 2.000E+00
4.535E+06 7.827E+02 2.431E+00 1.663E-04 1.544E-04 1.320E+03 9.037E-01 7.023E+01 2.000E+00
2.020E+06 9.325E+02 2.281E+00 1.663E-04 2.624E-04 1.236E+03 9.045E-01 7.023E+01 2.000E+00
2.491E+06 8.929E+02 2.318E+00 1.663E-04 4.602E-04 1.255E+03 9.060E-01 7.024E+01 2.000E+00
7.619E+05 8.683E+02 2.342E+00 1.663E-04 8.229E-04 1.267E+03 9.087E-01 7.025E+01 2.000E+00
7.626E+06 4.799E+02 2.844E+00 1.663E-04 1.488E-03 1.682E+03 9.137E-01 7.026E+01 2.000E+00
1.462E+06 3.886E+02 3.007E+00 1.663E-04 2.706E-03 1.956E+03 9.222E-01 7.029E+01 2.000E+00
4.771E+06 4.702E+02 2.867E+00 1.663E-04 4.940E-03 1.697E+03 9.301E-01 7.034E+01 2.000E+00
1.927E+06 8.655E+02 2.344E+00 2.104E-04 2.486E-05 1.268E+03 9.028E-01 7.023E+01 2.000E+00
1.942E+06 8.655E+02 2.344E+00 2.104E-04 2.490E-05 1.268E+03 9.028E-01 7.023E+01 2.000E+00
1.969E+06 8.655E+02 2.344E+00 2.104E-04 2.497E-05 1.268E+03 9.028E-01 7.023E+01 2.000E+00
2.020E+06 8.655E+02 2.344E+00 2.104E-04 2.511E-05 1.269E+03 9.028E-01 7.023E+01 2.000E+00
2.123E+06 8.655E+02 2.344E+00 2.104E-04 2.536E-05 1.268E+03 9.028E-01 7.023E+01 2.000E+00
2.346E+06 8.655E+02 2.344E+00 2.104E-04 2.582E-05 1.268E+03 9.028E-01 7.023E+01 2.000E+00
2.933E+06 8.655E+02 2.344E+00 2.104E-04 2.667E-05 1.268E+03 9.028E-01 7.023E+01 2.000E+00
5.774E+06 8.655E+02 2.344E+00 2.104E-04 2.822E-05 1.268E+03 9.028E-01 7.023E+01 2.000E+00
3.134E+07 6.803E+02 2.551E+00 2.104E-04 3.107E-05 1.397E+03 9.028E-01 7.023E+01 2.000E+00
2.366E+07 2.744E+02 3.215E+00 2.104E-04 3.629E-05 2.972E+03 9.029E-01 7.023E+01 2.000E+00
7.243E+06 6.490E+02 2.592E+00 2.104E-04 4.585E-05 1.427E+03 9.030E-01 7.023E+01 2.000E+00
2.670E+06 7.899E+02 2.423E+00 2.104E-04 6.338E-05 1.313E+03 9.031E-01 7.023E+01 2.000E+00
1.800E+07 7.497E+02 2.468E+00 2.104E-04 9.551E-05 1.340E+03 9.033E-01 7.023E+01 2.000E+00
6.395E+06 7.827E+02 2.431E+00 2.104E-04 1.544E-04 1.317E+03 9.038E-01 7.023E+01 2.000E+00
2.078E+06 9.325E+02 2.281E+00 2.104E-04 2.624E-04 1.241E+03 9.046E-01 7.023E+01 2.000E+00
2.653E+06 8.929E+02 2.318E+00 2.104E-04 4.602E-04 1.255E+03 9.061E-01 7.024E+01 2.000E+00
7.720E+05 8.683E+02 2.342E+00 2.104E-04 8.229E-04 1.278E+03 9.088E-01 7.025E+01 2.000E+00
3.534E+06 7.350E+02 2.487E+00 2.104E-04 1.488E-03 1.351E+03 9.138E-01 7.026E+01 2.000E+00
2.334E+06 3.886E+02 3.007E+00 2.104E-04 2.706E-03 1.956E+03 9.222E-01 7.029E+01 2.000E+00
6.032E+07 4.986E+02 2.819E+00 2.104E-04 4.940E-03 1.637E+03 9.302E-01 7.034E+01 2.000E+00
2.080E+06 8.655E+02 2.344E+00 2.661E-04 2.486E-05 1.268E+03 9.029E-01 7.023E+01 2.000E+00
2.097E+06 8.655E+02 2.344E+00 2.661E-04 2.490E-05 1.270E+03 9.029E-01 7.023E+01 2.000E+00
2.129E+06 8.655E+02 2.344E+00 2.661E-04 2.497E-05 1.269E+03 9.029E-01 7.023E+01 2.000E+00
2.191E+06 8.655E+02 2.344E+00 2.661E-04 2.511E-05 1.268E+03 9.029E-01 7.023E+01 2.000E+00
2.315E+06 8.655E+02 2.344E+00 2.661E-04 2.536E-05 1.278E+03 9.029E-01 7.023E+01 2.000E+00
2.590E+06 8.655E+02 2.344E+00 2.661E-04 2.582E-05 1.268E+03 9.029E-01 7.023E+01 2.000E+00
3.347E+06 8.655E+02 2.344E+00 2.661E-04 2.667E-05 1.268E+03 9.029E-01 7.023E+01 2.000E+00
7.883E+06 8.655E+02 2.344E+00 2.661E-04 2.822E-05 1.268E+03 9.030E-01 7.023E+01 2.000E+00
4.808E+06 5.020E+02 2.805E+00 2.661E-04 3.107E-05 1.638E+03 9.030E-01 7.023E+01 2.000E+00
1.193E+06 2.655E+02 3.231E+00 2.661E-04 3.629E-05 3.156E+03 9.030E-01 7.023E+01 2.000E+00
2.061E+07 2.771E+02 3.210E+00 2.661E-04 4.585E-05 2.920E+03 9.031E-01 7.023E+01 2.000E+00
3.309E+06 7.899E+02 2.423E+00 2.661E-04 6.338E-05 1.316E+03 9.032E-01 7.023E+01 2.000E+00
9.612E+06 9.120E+02 2.300E+00 2.661E-04 9.551E-05 1.245E+03 9.035E-01 7.023E+01 2.000E+00
1.379E+07 7.827E+02 2.431E+00 2.661E-04 1.544E-04 1.317E+03 9.039E-01 7.023E+01 2.000E+00
1.066E+06 5.018E+02 2.806E+00 2.661E-04 2.624E-04 1.638E+03 9.047E-01 7.023E+01 2.000E+00
2.895E+06 8.929E+02 2.318E+00 2.661E-04 4.602E-04 1.255E+03 9.062E-01 7.024E+01 2.000E+00
7.853E+05 8.683E+02 2.342E+00 2.661E-04 8.229E-04 1.269E+03 9.089E-01 7.025E+01 2.000E+00
5.545E+06 7.350E+02 2.487E+00 2.661E-04 1.488E-03 1.357E+03 9.139E-01 7.026E+01 2.000E+00
1.160E+07 3.886E+02 3.007E+00 2.661E-04 2.706E-03 1.957E+03 9.223E-01 7.029E+01 2.000E+00
5.104E+06 5.019E+02 2.814E+00 2.661E-04 4.940E-03 1.631E+03 9.303E-01 7.034E+01 2.000E+00
2.318E+06 8.655E+02 2.344E+00 3.366E-04 2.486E-05 1.268E+03 9.031E-01 7.023E+01 2.000E+00
2.340E+06 8.655E+02 2.344E+00 3.366E-04 2.490E-05 1.274E+03 9.031E-01 7.023E+01 2.000E+00
2.381E+06 8.655E+02 2.344E+00 3.366E-04 2.497E-05 1.268E+03 9.031E-01 7.023E+01 2.000E+00
2.461E+06 8.655E+02 2.344E+00 3.366E-04 2.511E-05 1.268E+03 9.031E-01 7.023E+01 2.000E+00
2.624E+06 8.655E+02 2.344E+00 3.366E-04 2.536E-05 1.268E+03 9.031E-01 7.023E+01 2.000E+00
2.995E+06 8.655E+02 2.344E+00 3.366E-04 2.582E-05 1.287E+03 9.031E-01 7.023E+01 2.000E+00
4.099E+06 8.655E+02 2.344E+00 3.366E-04 2.667E-05 1.268E+03 9.031E-01 7.023E+01 2.000E+00
1.502E+07 8.655E+02 2.344E+00 3.366E-04 2.822E-05 1.270E+03 9.031E-01 7.023E+01 2.000E+00
7.542E+06 6.841E+02 2.547E+00 3.366E-04 3.107E-05 1.393E+03 9.032E-01 7.023E+01 2.000E+00
1.015E+06 2.648E+02 3.232E+00 3.366E-04 3.629E-05 3.174E+03 9.032E-01 7.023E+01 2.000E+00
8.275E+06 7.530E+02 2.464E+00 3.366E-04 4.585E-05 1.339E+03 9.033E-01 7.023E+01 2.000E+00
4.834E+06 7.899E+02 2.423E+00 3.366E-04 6.338E-05 1.312E+03 9.034E-01 7.023E+01 2.000E+00
1.507E+07 9.120E+02 2.300E+00 3.366E-04 9.551E-05 1.246E+03 9.036E-01 7.023E+01 2.000E+00
1.750E+07 7.695E+02 2.446E+00 3.366E-04 1.544E-04 1.327E+03 9.041E-01 7.023E+01 2.000E+00
1.527E+06 5.018E+02 2.806E+00 3.366E-04 2.624E-04 1.638E+03 9.049E-01 7.023E+01 2.000E+00
1.361E+07 7.779E+02 2.437E+00 3.366E-04 4.602E-04 1.320E+03 9.064E-01 7.024E+01 2.000E+00
9.929E+06 4.149E+02 2.954E+00 3.366E-04 8.229E-04 1.871E+03 9.091E-01 7.025E+01 2.000E+00
2.277E+07 7.350E+02 2.487E+00 3.366E-04 1.488E-03 1.351E+03 9.141E-01 7.026E+01 2.000E+00
8.329E+06 3.524E+02 3.075E+00 3.366E-04 2.706E-03 2.134E+03 9.225E-01 7.029E+01 2.000E+00
7.377E+07 5.920E+02 2.677E+00 3.366E-04 4.940E-03 1.490E+03 9.304E-01 7.034E+01 2.000E+00
2.726E+06 8.655E+02 2.344E+00 4.257E-04 2.486E-05 1.268E+03 9.033E-01 7.023E+01 2.000E+00
2.757E+06 8.655E+02 2.344E+00 4.257E-04 2.490E-05 1.269E+03 9.033E-01 7.023E+01 2.000E+00
2.817E+06 8.655E+02 2.344E+00 4.257E-04 2.497E-05 1.268E+03 9.033E-01 7.023E+01 2.000E+00
2.933E+06 8.655E+02 2.344E+00 4.257E-04 2.511E-05 1.268E+03 9.033E-01 7.023E+01 2.000E+00
3.178E+06 8.655E+02 2.344E+00 4.257E-04 2.536E-05 1.268E+03 9.033E-01 7.023E+01 2.000E+00
3.765E+06 8.655E+02 2.344E+00 4.257E-04 2.582E-05 1.269E+03 9.033E-01 7.023E+01 2.000E+00
5.810E+06 8.655E+02 2.344E+00 4.257E-04 2.667E-05 1.268E+03 9.033E-01 7.023E+01 2.000E+00
4.561E+06 8.092E+02 2.402E+00 4.257E-04 2.822E-05 1.301E+03 9.034E-01 7.023E+01 2.000E+00
6.931E+06 8.208E+02 2.390E+00 4.257E-04 3.107E-05 1.293E+03 9.034E-01 7.023E+01 2.000E+00
2.560E+06 2.648E+02 3.232E+00 4.257E-04 3.629E-05 3.174E+03 9.034E-01 7.023E+01 2.000E+00
5.828E+06 7.330E+02 2.487E+00 4.257E-04 4.585E-05 1.353E+03 9.035E-01 7.023E+01 2.000E+00
1.252E+07 7.899E+02 2.423E+00 4.257E-04 6.338E-05 1.313E+03 9.036E-01 7.023E+01 2.000E+00
5.723E+07 9.120E+02 2.300E+00 4.257E-04 9.551E-05 1.245E+03 9.039E-01 7.023E+01 2.000E+00
1.630E+06 3.337E+02 3.103E+00 4.257E-04 1.544E-04 2.276E+03 9.043E-01 7.023E+01 2.000E+00
3.788E+06 5.018E+02 2.806E+00 4.257E-04 2.624E-04 1.639E+03 9.051E-01 7.023E+01 2.000E+00
3.418E+06 4.153E+02 2.953E+00 4.257E-04 4.602E-04 1.864E+03 9.066E-01 7.024E+01 2.000E+00
9.953E+05 8.683E+02 2.342E+00 4.257E-04 8.229E-04 1.267E+03 9.093E-01 7.025E+01 2.000E+00
4.746E+06 7.391E+02 2.482E+00 4.257E-04 1.488E-03 1.348E+03 9.143E-01 7.026E+01 2.000E+00
7.730E+06 9.761E+02 2.243E+00 4.257E-04 2.706E-03 1.219E+03 9.226E-01 7.029E+01 2.000E+00
3.888E+06 5.795E+02 2.695E+00 4.257E-04 4.940E-03 1.506E+03 9.306E-01 7.034E+01 2.000E+00
3.550E+06 8.655E+02 2.344E+00 5.385E-04 2.486E-05 1.269E+03 9.036E-01 7.023E+01 2.000E+00
6.528E+06 8.689E+02 2.341E+00 5.385E-04 2.490E-05 1.267E+03 9.036E-01 7.023E+01 2.000E+00
3.714E+06 8.655E+02 2.344E+00 5.385E-04 2.497E-05 1.269E+03 9.036E-01 7.023E+01 2.000E+00
3.930E+06 8.655E+02 2.344E+00 5.385E-04 2.511E-05 1.268E+03 9.036E-01 7.023E+01 2.000E+00
4.406E+06 8.655E+02 2.344E+00 5.385E-04 2.536E-05 1.269E+03 9.036E-01 7.023E+01 2.000E+00
5.700E+06 8.655E+02 2.344E+00 5.385E-04 2.582E-05 1.269E+03 9.036E-01 7.023E+01 2.000E+00
1.297E+07 8.655E+02 2.344E+00 5.385E-04 2.667E-05 1.269E+03 9.036E-01 7.023E+01 2.000E+00
1.295E+07 8.092E+02 2.402E+00 5.385E-04 2.822E-05 1.300E+03 9.036E-01 7.023E+01 2.000E+00
1.278E+08 8.208E+02 2.390E+00 5.385E-04 3.107E-05 1.294E+03 9.037E-01 7.023E+01 2.000E+00
2.899E+07 9.759E+02 2.242E+00 5.385E-04 3.629E-05 1.222E+03 9.037E-01 7.023E+01 2.000E+00
1.978E+07 7.362E+02 2.484E+00 5.385E-04 4.585E-05 1.351E+03 9.038E-01 7.023E+01 2.000E+00
5.158E+07 9.494E+02 2.265E+00 5.385E-04 6.338E-05 1.229E+03 9.039E-01 7.023E+01 2.000E+00
2.398E+07 6.663E+02 2.569E+00 5.385E-04 9.551E-05 1.410E+03 9.041E-01 7.023E+01 2.000E+00
1.157E+06 3.247E+02 3.120E+00 5.385E-04 1.544E-04 2.346E+03 9.046E-01 7.023E+01 2.000E+00
2.665E+06 9.325E+02 2.281E+00 5.385E-04 2.624E-04 1.238E+03 9.054E-01 7.023E+01 2.000E+00
5.485E+06 8.929E+02 2.318E+00 5.385E-04 4.602E-04 1.255E+03 9.069E-01 7.024E+01 2.000E+00
2.528E+06 8.999E+02 2.312E+00 5.385E-04 8.229E-04 1.252E+03 9.096E-01 7.025E+01 2.000E+00
2.539E+06 5.221E+02 2.776E+00 5.385E-04 1.488E-03 1.598E+03 9.146E-01 7.026E+01 2.000E+00
8.729E+06 9.761E+02 2.243E+00 5.385E-04 2.706E-03 1.219E+03 9.228E-01 7.029E+01 2.000E+00
3.914E+06 5.998E+02 2.665E+00 5.385E-04 4.940E-03 1.481E+03 9.308E-01 7.034E+01 2.000E+00
5.957E+06 8.655E+02 2.344E+00 6.811E-04 2.486E-05 1.269E+03 9.040E-01 7.023E+01 2.000E+00
6.126E+06 8.655E+02 2.344E+00 6.811E-04 2.490E-05 1.268E+03 9.040E-01 7.023E+01 2.000E+00
6.465E+06 8.655E+02 2.344E+00 6.811E-04 2.497E-05 1.269E+03 9.040E-01 7.023E+01 2.000E+00
7.201E+06 8.655E+02 2.344E+00 6.811E-04 2.511E-05 1.290E+03 9.040E-01 7.023E+01 2.000E+00
1.575E+07 3.725E+02 3.030E+00 6.811E-04 2.536E-05 2.042E+03 9.040E-01 7.023E+01 2.000E+00
1.836E+07 8.655E+02 2.344E+00 6.811E-04 2.582E-05 1.268E+03 9.040E-01 7.023E+01 2.000E+00
1.098E+07 2.782E+02 3.208E+00 6.811E-04 2.667E-05 2.908E+03 9.040E-01 7.023E+01 2.000E+00
4.677E+06 6.841E+02 2.547E+00 6.811E-04 2.822E-05 1.396E+03 9.040E-01 7.023E+01 2.000E+00
1.247E+07 7.304E+02 2.490E+00 6.811E-04 3.107E-05 1.355E+03 9.040E-01 7.023E+01 2.000E+00
1.163E+06 3.485E+02 3.075E+00 6.811E-04 3.629E-05 2.176E+03 9.041E-01 7.023E+01 2.000E+00
1.232E+07 7.252E+02 2.497E+00 6.811E-04 4.585E-05 1.361E+03 9.041E-01 7.023E+01 2.000E+00
6.973E+06 5.220E+02 2.774E+00 6.811E-04 6.338E-05 1.602E+03 9.043E-01 7.023E+01 2.000E+00
8.677E+06 5.913E+02 2.670E+00 6.811E-04 9.551E-05 1.523E+03 9.045E-01 7.023E+01 2.000E+00
3.285E+06 2.891E+02 3.188E+00 6.811E-04 1.544E-04 2.728E+03 9.049E-01 7.023E+01 2.000E+00
4.008E+06 5.001E+02 2.809E+00 6.811E-04 2.624E-04 1.652E+03 9.058E-01 7.023E+01 2.000E+00
2.948E+06 3.843E+02 3.009E+00 6.811E-04 4.602E-04 1.985E+03 9.072E-01 7.024E+01 2.000E+00
9.165E+05 8.683E+02 2.342E+00 6.811E-04 8.229E-04 1.267E+03 9.100E-01 7.025E+01 2.000E+00
3.835E+06 6.156E+02 2.638E+00 6.811E-04 1.488E-03 1.464E+03 9.149E-01 7.026E+01 2.000E+00
2.799E+06 6.134E+02 2.643E+00 6.811E-04 2.706E-03 1.466E+03 9.231E-01 7.029E+01 2.000E+00
2.611E+06 5.954E+02 2.672E+00 6.811E-04 4.940E-03 1.486E+03 9.310E-01 7.034E+01 2.000E+00
7.603E+07 8.655E+02 2.344E+00 8.615E-04 2.486E-05 1.268E+03 9.044E-01 7.023E+01 2.000E+00
1.234E+08 8.655E+02 2.344E+00 8.615E-04 2.490E-05 1.270E+03 9.044E-01 7.023E+01 2.000E+00
4.363E+06 8.092E+02 2.402E+00 8.615E-04 2.497E-05 1.306E+03 9.044E-01 7.023E+01 2.000E+00
4.846E+06 8.092E+02 2.402E+00 8.615E-04 2.511E-05 1.300E+03 9.044E-01 7.023E+01 2.000E+00
6.108E+06 8.092E+02 2.402E+00 8.615E-04 2.536E-05 1.300E+03 9.044E-01 7.023E+01 2.000E+00
2.055E+06 5.020E+02 2.805E+00 8.615E-04 2.582E-05 1.638E+03 9.044E-01 7.023E+01 2.000E+00
3.641E+06 6.841E+02 2.547E+00 8.615E-04 2.667E-05 1.394E+03 9.044E-01 7.023E+01 2.000E+00
1.123E+07 8.208E+02 2.390E+00 8.615E-04 2.822E-05 1.293E+03 9.044E-01 7.023E+01 2.000E+00
8.767E+05 2.648E+02 3.232E+00 8.615E-04 3.107E-05 3.174E+03 9.045E-01 7.023E+01 2.000E+00
3.036E+07 3.307E+02 3.109E+00 8.615E-04 3.629E-05 2.423E+03 9.045E-01 7.023E+01 2.000E+00
4.374E+06 7.301E+02 2.491E+00 8.615E-04 4.585E-05 1.355E+03 9.046E-01 7.023E+01 2.000E+00
1.387E+06 3.366E+02 3.097E+00 8.615E-04 6.338E-05 2.255E+03 9.047E-01 7.023E+01 2.000E+00
4.463E+06 5.161E+02 2.783E+00 8.615E-04 9.551E-05 1.611E+03 9.050E-01 7.023E+01 2.000E+00
7.087E+05 3.365E+02 3.098E+00 8.615E-04 1.544E-04 2.255E+03 9.054E-01 7.023E+01 2.000E+00
2.583E+06 6.823E+02 2.549E+00 8.615E-04 2.624E-04 1.395E+03 9.062E-01 7.023E+01 2.000E+00
4.863E+06 2.889E+02 3.189E+00 8.615E-04 4.602E-04 2.726E+03 9.077E-01 7.024E+01 2.000E+00
9.898E+05 8.683E+02 2.342E+00 8.615E-04 8.229E-04 1.267E+03 9.104E-01 7.025E+01 2.000E+00
2.420E+06 6.226E+02 2.629E+00 8.615E-04 1.488E-03 1.460E+03 9.154E-01 7.026E+01 2.000E+00
4.539E+06 2.966E+02 3.183E+00 8.615E-04 2.706E-03 2.593E+03 9.234E-01 7.029E+01 2.000E+00
2.310E+08 6.703E+02 2.570E+00 8.615E-04 4.940E-03 1.405E+03 9.314E-01 7.034E+01 2.000E+00
3.282E+06 6.841E+02 2.547E+00 1.090E-03 2.486E-05 1.395E+03 9.050E-01 7.023E+01 2.000E+00
3.422E+06 6.841E+02 2.547E+00 1.090E-03 2.490E-05 1.394E+03 9.050E-01 7.023E+01 2.000E+00
3.715E+06 6.841E+02 2.547E+00 1.090E-03 2.497E-05 1.394E+03 9.050E-01 7.023E+01 2.000E+00
4.417E+06 6.841E+02 2.547E+00 1.090E-03 2.511E-05 1.400E+03 9.050E-01 7.023E+01 2.000E+00
6.842E+06 6.841E+02 2.547E+00 1.090E-03 2.536E-05 1.394E+03 9.050E-01 7.023E+01 2.000E+00
4.856E+06 8.208E+02 2.390E+00 1.090E-03 2.582E-05 1.293E+03 9.050E-01 7.023E+01 2.000E+00
1.425E+07 8.208E+02 2.390E+00 1.090E-03 2.667E-05 1.294E+03 9.050E-01 7.023E+01 2.000E+00
3.714E+07 7.304E+02 2.490E+00 1.090E-03 2.822E-05 1.355E+03 9.050E-01 7.023E+01 2.000E+00
1.675E+07 9.759E+02 2.242E+00 1.090E-03 3.107E-05 1.218E+03 9.050E-01 7.023E+01 2.000E+00
3.630E+06 7.533E+02 2.464E+00 1.090E-03 3.629E-05 1.340E+03 9.051E-01 7.023E+01 2.000E+00
2.979E+06 5.426E+02 2.742E+00 1.090E-03 4.585E-05 1.567E+03 9.052E-01 7.023E+01 2.000E+00
3.879E+06 6.738E+02 2.560E+00 1.090E-03 6.338E-05 1.406E+03 9.053E-01 7.023E+01 2.000E+00
4.448E+05 2.932E+02 3.180E+00 1.090E-03 9.551E-05 2.678E+03 9.055E-01 7.023E+01 2.000E+00
2.013E+06 8.891E+02 2.321E+00 1.090E-03 1.544E-04 1.257E+03 9.060E-01 7.023E+01 2.000E+00
6.339E+07 6.750E+02 2.558E+00 1.090E-03 2.624E-04 1.402E+03 9.068E-01 7.023E+01 2.000E+00
2.802E+06 5.910E+02 2.671E+00 1.090E-03 4.602E-04 1.495E+03 9.083E-01 7.024E+01 2.000E+00
1.223E+06 3.105E+02 3.150E+00 1.090E-03 8.229E-04 2.486E+03 9.110E-01 7.025E+01 2.000E+00
3.721E+06 4.731E+02 2.855E+00 1.090E-03 1.488E-03 1.700E+03 9.160E-01 7.026E+01 2.000E+00
2.457E+06 4.261E+02 2.939E+00 1.090E-03 2.706E-03 1.822E+03 9.238E-01 7.029E+01 2.000E+00
1.005E+07 6.540E+02 2.591E+00 1.090E-03 4.940E-03 1.421E+03 9.318E-01 7.034E+01 2.000E+00
4.837E+07 8.208E+02 2.390E+00 1.378E-03 2.486E-05 1.306E+03 9.057E-01 7.023E+01 2.000E+00
7.300E+07 8.208E+02 2.390E+00 1.378E-03 2.490E-05 1.294E+03 9.057E-01 7.023E+01 2.000E+00
1.170E+09 8.208E+02 2.390E+00 1.378E-03 2.497E-05 1.293E+03 9.057E-01 7.023E+01 2.000E+00
1.680E+08 8.108E+02 2.401E+00 1.378E-03 2.511E-05 1.300E+03 9.057E-01 7.023E+01 2.000E+00
1.095E+08 7.453E+02 2.473E+00 1.378E-03 2.536E-05 1.344E+03 9.057E-01 7.023E+01 2.000E+00
1.046E+07 7.304E+02 2.490E+00 1.378E-03 2.582E-05 1.366E+03 9.057E-01 7.023E+01 2.000E+00
1.244E+06 2.648E+02 3.232E+00 1.378E-03 2.667E-05 3.174E+03 9.057E-01 7.023E+01 2.000E+00
1.334E+07 9.759E+02 2.242E+00 1.378E-03 2.822E-05 1.218E+03 9.057E-01 7.023E+01 2.000E+00
4.131E+06 3.485E+02 3.075E+00 1.378E-03 3.107E-05 2.176E+03 9.058E-01 7.023E+01 2.000E+00
1.056E+07 6.503E+02 2.590E+00 1.378E-03 3.629E-05 1.426E+03 9.058E-01 7.023E+01 2.000E+00
1.378E+07 5.993E+02 2.659E+00 1.378E-03 4.585E-05 1.484E+03 9.059E-01 7.023E+01 2.000E+00
1.384E+06 9.853E+02 2.233E+00 1.378E-03 6.338E-05 1.215E+03 9.060E-01 7.023E+01 2.000E+00
2.690E+06 9.662E+02 2.250E+00 1.378E-03 9.551E-05 1.222E+03 9.062E-01 7.023E+01 2.000E+00
3.013E+06 8.891E+02 2.321E+00 1.378E-03 1.544E-04 1.258E+03 9.067E-01 7.023E+01 2.000E+00
1.516E+07 9.325E+02 2.281E+00 1.378E-03 2.624E-04 1.236E+03 9.075E-01 7.023E+01 2.000E+00
3.891E+06 8.883E+02 2.322E+00 1.378E-03 4.602E-04 1.257E+03 9.090E-01 7.024E+01 2.000E+00
1.348E+06 8.683E+02 2.342E+00 1.378E-03 8.229E-04 1.267E+03 9.117E-01 7.025E+01 2.000E+00
2.549E+06 6.062E+02 2.652E+00 1.378E-03 1.488E-03 1.475E+03 9.167E-01 7.026E+01 2.000E+00
3.170E+07 6.822E+02 2.552E+00 1.378E-03 2.706E-03 1.395E+03 9.243E-01 7.029E+01 2.000E+00
1.663E+06 4.116E+02 2.970E+00 1.378E-03 4.940E-03 1.862E+03 9.323E-01 7.034E+01 2.000E+00
1.116E+07 9.759E+02 2.242E+00 1.743E-03 2.486E-05 1.218E+03 9.066E-01 7.023E+01 2.000E+00
1.126E+07 9.759E+02 2.242E+00 1.743E-03 2.490E-05 1.218E+03 9.066E-01 7.023E+01 2.000E+00
1.144E+07 9.759E+02 2.242E+00 1.743E-03 2.497E-05 1.218E+03 9.066E-01 7.023E+01 2.000E+00
1.180E+07 9.759E+02 2.242E+00 1.743E-03 2.511E-05 1.218E+03 9.066E-01 7.023E+01 2.000E+00
1.251E+07 9.759E+02 2.242E+00 1.743E-03 2.536E-05 1.218E+03 9.066E-01 7.023E+01 2.000E+00
1.409E+07 9.759E+02 2.242E+00 1.743E-03 2.582E-05 1.218E+03 9.066E-01 7.023E+01 2.000E+00
9.201E+05 3.485E+02 3.075E+00 1.743E-03 2.667E-05 2.176E+03 9.066E-01 7.023E+01 2.000E+00
4.411E+06 3.307E+02 3.109E+00 1.743E-03 2.822E-05 2.299E+03 9.067E-01 7.023E+01 2.000E+00
2.779E+06 2.797E+02 3.205E+00 1.743E-03 3.107E-05 2.876E+03 9.067E-01 7.023E+01 2.000E+00
9.146E+06 7.330E+02 2.487E+00 1.743E-03 3.629E-05 1.353E+03 9.067E-01 7.023E+01 2.000E+00
1.487E+06 8.044E+02 2.407E+00 1.743E-03 4.585E-05 1.304E+03 9.068E-01 7.023E+01 2.000E+00
1.422E+06 9.853E+02 2.233E+00 1.743E-03 6.338E-05 1.216E+03 9.069E-01 7.023E+01 2.000E+00
3.205E+06 9.662E+02 2.250E+00 1.743E-03 9.551E-05 1.222E+03 9.072E-01 7.023E+01 2.000E+00
9.810E+05 7.701E+02 2.445E+00 1.743E-03 1.544E-04 1.326E+03 9.076E-01 7.023E+01 2.000E+00
9.722E+06 9.207E+02 2.292E+00 1.743E-03 2.624E-04 1.242E+03 9.084E-01 7.023E+01 2.000E+00
1.005E+08 8.883E+02 2.322E+00 1.743E-03 4.602E-04 1.257E+03 9.099E-01 7.024E+01 2.000E+00
1.410E+06 3.183E+02 3.135E+00 1.743E-03 8.229E-04 2.394E+03 9.126E-01 7.025E+01 2.000E+00
2.251E+06 4.465E+02 2.900E+00 1.743E-03 1.488E-03 1.765E+03 9.176E-01 7.026E+01 2.000E+00
2.611E+07 8.202E+02 2.393E+00 1.743E-03 2.706E-03 1.295E+03 9.250E-01 7.029E+01 2.000E+00
1.189E+06 3.330E+02 3.119E+00 1.743E-03 4.940E-03 2.242E+03 9.329E-01 7.034E+01 2.000E+00
3.519E+06 7.536E+02 2.464E+00 2.205E-03 2.486E-05 1.338E+03 9.078E-01 7.023E+01 2.000E+00
3.635E+06 7.536E+02 2.464E+00 2.205E-03 2.490E-05 1.338E+03 9.078E-01 7.023E+01 2.000E+00
3.871E+06 7.536E+02 2.464E+00 2.205E-03 2.497E-05 1.338E+03 9.078E-01 7.023E+01 2.000E+00
4.399E+06 7.536E+02 2.464E+00 2.205E-03 2.511E-05 1.338E+03 9.078E-01 7.023E+01 2.000E+00
5.904E+06 7.536E+02 2.464E+00 2.205E-03 2.536E-05 1.338E+03 9.078E-01 7.023E+01 2.000E+00
9.650E+05 2.797E+02 3.205E+00 2.205E-03 2.582E-05 2.876E+03 9.078E-01 7.023E+01 2.000E+00
2.304E+06 2.797E+02 3.205E+00 2.205E-03 2.667E-05 2.876E+03 9.078E-01 7.023E+01 2.000E+00
1.693E+06 6.446E+02 2.597E+00 2.205E-03 2.822E-05 1.433E+03 9.078E-01 7.023E+01 2.000E+00
2.985E+06 7.530E+02 2.464E+00 2.205E-03 3.107E-05 1.339E+03 9.078E-01 7.023E+01 2.000E+00
8.758E+06 7.301E+02 2.491E+00 2.205E-03 3.629E-05 1.355E+03 9.079E-01 7.023E+01 2.000E+00
6.824E+06 8.044E+02 2.407E+00 2.205E-03 4.585E-05 1.304E+03 9.079E-01 7.023E+01 2.000E+00
1.672E+06 5.233E+02 2.772E+00 2.205E-03 6.338E-05 1.613E+03 9.081E-01 7.023E+01 2.000E+00
4.294E+06 9.662E+02 2.250E+00 2.205E-03 9.551E-05 1.229E+03 9.083E-01 7.023E+01 2.000E+00
6.112E+06 4.948E+02 2.817E+00 2.205E-03 1.544E-04 1.653E+03 9.088E-01 7.023E+01 2.000E+00
7.635E+06 9.471E+02 2.267E+00 2.205E-03 2.624E-04 1.231E+03 9.096E-01 7.023E+01 2.000E+00
1.868E+06 9.054E+02 2.306E+00 2.205E-03 4.602E-04 1.249E+03 9.110E-01 7.024E+01 2.000E+00
5.815E+06 6.631E+02 2.574E+00 2.205E-03 8.229E-04 1.578E+03 9.138E-01 7.025E+01 2.000E+00
1.230E+07 6.479E+02 2.595E+00 2.205E-03 1.488E-03 1.428E+03 9.188E-01 7.026E+01 2.000E+00
2.191E+06 9.582E+02 2.259E+00 2.205E-03 2.706E-03 1.227E+03 9.258E-01 7.029E+01 2.000E+00
1.159E+07 5.192E+02 2.786E+00 2.205E-03 4.940E-03 1.599E+03 9.338E-01 7.034E+01 2.000E+00
4.531E+06 6.446E+02 2.597E+00 2.789E-03 2.486E-05 1.434E+03 9.092E-01 7.023E+01 2.000E+00
4.864E+06 6.446E+02 2.597E+00 2.789E-03 2.490E-05 1.433E+03 9.092E-01 7.023E+01 2.000E+00
5.628E+06 6.446E+02 2.597E+00 2.789E-03 2.497E-05 1.465E+03 9.092E-01 7.023E+01 2.000E+00
7.946E+06 6.446E+02 2.597E+00 2.789E-03 2.511E-05 1.433E+03 9.092E-01 7.023E+01 2.000E+00
2.232E+06 6.155E+02 2.637E+00 2.789E-03 2.536E-05 1.465E+03 9.092E-01 7.023E+01 2.000E+00
3.746E+06 6.155E+02 2.637E+00 2.789E-03 2.582E-05 1.465E+03 9.092E-01 7.023E+01 2.000E+00
2.850E+06 7.530E+02 2.464E+00 2.789E-03 2.667E-05 1.338E+03 9.093E-01 7.023E+01 2.000E+00
5.453E+07 7.400E+02 2.479E+00 2.789E-03 2.822E-05 1.348E+03 9.093E-01 7.023E+01 2.000E+00
2.973E+06 7.301E+02 2.491E+00 2.789E-03 3.107E-05 1.355E+03 9.093E-01 7.023E+01 2.000E+00
8.144E+06 9.570E+02 2.258E+00 2.789E-03 3.629E-05 1.226E+03 9.093E-01 7.023E+01 2.000E+00
9.080E+06 7.899E+02 2.423E+00 2.789E-03 4.585E-05 1.314E+03 9.094E-01 7.023E+01 2.000E+00
9.199E+06 6.909E+02 2.538E+00 2.789E-03 6.338E-05 1.388E+03 9.095E-01 7.023E+01 2.000E+00
7.908E+06 9.662E+02 2.250E+00 2.789E-03 9.551E-05 1.223E+03 9.098E-01 7.023E+01 2.000E+00
8.554E+07 7.958E+02 2.417E+00 2.789E-03 1.544E-04 1.309E+03 9.102E-01 7.023E+01 2.000E+00
4.767E+07 6.403E+02 2.603E+00 2.789E-03 2.624E-04 1.437E+03 9.110E-01 7.023E+01 2.000E+00
1.324E+07 5.676E+02 2.705E+00 2.789E-03 4.602E-04 1.527E+03 9.125E-01 7.024E+01 2.000E+00
2.220E+06 4.213E+02 2.943E+00 2.789E-03 8.229E-04 1.843E+03 9.152E-01 7.025E+01 2.000E+00
2.546E+07 5.289E+02 2.765E+00 2.789E-03 1.488E-03 1.587E+03 9.202E-01 7.026E+01 2.000E+00
2.920E+06 9.582E+02 2.259E+00 2.789E-03 2.706E-03 1.227E+03 9.268E-01 7.029E+01 2.000E+00
2.569E+06 8.830E+02 2.331E+00 2.789E-03 4.940E-03 1.262E+03 9.348E-01 7.034E+01 2.000E+00
5.054E+07 7.252E+02 2.497E+00 3.528E-03 2.486E-05 1.359E+03 9.111E-01 7.023E+01 2.000E+00
1.230E+08 7.252E+02 2.497E+00 3.528E-03 2.490E-05 1.359E+03 9.111E-01 7.023E+01 2.000E+00
2.091E+06 7.301E+02 2.491E+00 3.528E-03 2.497E-05 1.355E+03 9.111E-01 7.023E+01 2.000E+00
2.240E+06 7.301E+02 2.491E+00 3.528E-03 2.511E-05 1.356E+03 9.111E-01 7.023E+01 2.000E+00
2.585E+06 7.301E+02 2.491E+00 3.528E-03 2.536E-05 1.356E+03 9.111E-01 7.023E+01 2.000E+00
6.539E+06 5.578E+02 2.719E+00 3.528E-03 2.582E-05 1.542E+03 9.111E-01 7.023E+01 2.000E+00
1.924E+07 7.301E+02 2.491E+00 3.528E-03 2.667E-05 1.418E+03 9.111E-01 7.023E+01 2.000E+00
4.754E+06 4.549E+02 2.883E+00 3.528E-03 2.822E-05 1.747E+03 9.111E-01 7.023E+01 2.000E+00
6.943E+06 7.229E+02 2.499E+00 3.528E-03 3.107E-05 1.362E+03 9.111E-01 7.023E+01 2.000E+00
8.171E+06 8.044E+02 2.407E+00 3.528E-03 3.629E-05 1.304E+03 9.112E-01 7.023E+01 2.000E+00
1.356E+06 9.853E+02 2.233E+00 3.528E-03 4.585E-05 1.215E+03 9.112E-01 7.023E+01 2.000E+00
2.254E+06 9.012E+02 2.310E+00 3.528E-03 6.338E-05 1.251E+03 9.114E-01 7.023E+01 2.000E+00
7.272E+06 9.612E+02 2.255E+00 3.528E-03 9.551E-05 1.228E+03 9.116E-01 7.023E+01 2.000E+00
4.222E+06 9.062E+02 2.305E+00 3.528E-03 1.544E-04 1.249E+03 9.121E-01 7.023E+01 2.000E+00
3.194E+06 5.451E+02 2.738E+00 3.528E-03 2.624E-04 1.561E+03 9.129E-01 7.023E+01 2.000E+00
3.286E+06 9.072E+02 2.304E+00 3.528E-03 4.602E-04 1.248E+03 9.144E-01 7.024E+01 2.000E+00
2.579E+07 4.873E+02 2.830E+00 3.528E-03 8.229E-04 1.668E+03 9.171E-01 7.025E+01 2.000E+00
7.471E+06 6.910E+02 2.540E+00 3.528E-03 1.488E-03 1.388E+03 9.221E-01 7.026E+01 2.000E+00
6.051E+06 8.876E+02 2.325E+00 3.528E-03 2.706E-03 1.259E+03 9.282E-01 7.029E+01 2.000E+00
4.980E+06 8.862E+02 2.328E+00 3.528E-03 4.940E-03 1.260E+03 9.361E-01 7.034E+01 2.000E+00
9.582E+06 9.570E+02 2.258E+00 4.462E-03 2.486E-05 1.226E+03 9.134E-01 7.023E+01 2.000E+00
9.713E+06 9.570E+02 2.258E+00 4.462E-03 2.490E-05 1.226E+03 9.134E-01 7.023E+01 2.000E+00
1.255E+06 8.044E+02 2.407E+00 4.462E-03 2.497E-05 1.348E+03 9.134E-01 7.023E+01 2.000E+00
8.012E+06 7.874E+02 2.426E+00 4.462E-03 2.511E-05 1.315E+03 9.134E-01 7.023E+01 2.000E+00
1.339E+06 8.044E+02 2.407E+00 4.462E-03 2.536E-05 1.304E+03 9.134E-01 7.023E+01 2.000E+00
1.460E+06 8.044E+02 2.407E+00 4.462E-03 2.582E-05 1.304E+03 9.134E-01 7.023E+01 2.000E+00
1.764E+06 8.044E+02 2.407E+00 4.462E-03 2.667E-05 1.305E+03 9.134E-01 7.023E+01 2.000E+00
3.035E+06 8.044E+02 2.407E+00 4.462E-03 2.822E-05 1.304E+03 9.134E-01 7.023E+01 2.000E+00
1.184E+07 7.946E+02 2.418E+00 4.462E-03 3.107E-05 1.310E+03 9.135E-01 7.023E+01 2.000E+00
1.344E+06 6.738E+02 2.560E+00 4.462E-03 3.629E-05 1.404E+03 9.135E-01 7.023E+01 2.000E+00
2.337E+06 5.233E+02 2.772E+00 4.462E-03 4.585E-05 1.599E+03 9.136E-01 7.023E+01 2.000E+00
2.924E+07 7.432E+02 2.476E+00 4.462E-03 6.338E-05 1.346E+03 9.137E-01 7.023E+01 2.000E+00
4.655E+06 6.884E+02 2.541E+00 4.462E-03 9.551E-05 1.392E+03 9.140E-01 7.023E+01 2.000E+00
1.014E+07 7.592E+02 2.457E+00 4.462E-03 1.544E-04 1.334E+03 9.144E-01 7.023E+01 2.000E+00
5.987E+06 8.768E+02 2.333E+00 4.462E-03 2.624E-04 1.264E+03 9.152E-01 7.023E+01 2.000E+00
6.532E+06 9.332E+02 2.280E+00 4.462E-03 4.602E-04 1.237E+03 9.167E-01 7.024E+01 2.000E+00
4.054E+06 7.691E+02 2.447E+00 4.462E-03 8.229E-04 1.327E+03 9.194E-01 7.025E+01 2.000E+00
2.079E+07 3.296E+02 3.115E+00 4.462E-03 1.488E-03 2.301E+03 9.244E-01 7.026E+01 2.000E+00
1.736E+07 9.609E+02 2.257E+00 4.462E-03 2.706E-03 1.226E+03 9.298E-01 7.029E+01 2.000E+00
3.605E+08 7.177E+02 2.511E+00 4.462E-03 4.940E-03 1.366E+03 9.378E-01 7.034E+01 2.000E+00
9.016E+06 7.899E+02 2.423E+00 5.644E-03 2.486E-05 1.313E+03 9.164E-01 7.023E+01 2.000E+00
9.723E+06 7.899E+02 2.423E+00 5.644E-03 2.490E-05 1.314E+03 9.164E-01 7.023E+01 2.000E+00
1.136E+07 7.899E+02 2.423E+00 5.644E-03 2.497E-05 1.313E+03 9.164E-01 7.023E+01 2.000E+00
1.653E+07 7.899E+02 2.423E+00 5.644E-03 2.511E-05 1.313E+03 9.164E-01 7.023E+01 2.000E+00
1.089E+08 7.899E+02 2.423E+00 5.644E-03 2.536E-05 1.314E+03 9.164E-01 7.023E+01 2.000E+00
1.593E+06 6.719E+02 2.562E+00 5.644E-03 2.582E-05 1.407E+03 9.164E-01 7.023E+01 2.000E+00
3.978E+06 2.863E+02 3.193E+00 5.644E-03 2.667E-05 2.773E+03 9.164E-01 7.023E+01 2.000E+00
1.985E+06 6.738E+02 2.560E+00 5.644E-03 2.822E-05 1.404E+03 9.164E-01 7.023E+01 2.000E+00
1.359E+06 9.853E+02 2.233E+00 5.644E-03 3.107E-05 1.215E+03 9.164E-01 7.023E+01 2.000E+00
2.031E+06 4.609E+02 2.873E+00 5.644E-03 3.629E-05 1.731E+03 9.165E-01 7.023E+01 2.000E+00
3.755E+06 6.237E+02 2.625E+00 5.644E-03 4.585E-05 1.468E+03 9.165E-01 7.023E+01 2.000E+00
4.419E+06 3.434E+02 3.085E+00 5.644E-03 6.338E-05 2.209E+03 9.167E-01 7.023E+01 2.000E+00
3.519E+06 3.188E+02 3.131E+00 5.644E-03 9.551E-05 2.397E+03 9.169E-01 7.023E+01 2.000E+00
6.637E+06 2.766E+02 3.211E+00 5.644E-03 1.544E-04 2.926E+03 9.173E-01 7.023E+01 2.000E+00
3.644E+07 8.654E+02 2.345E+00 5.644E-03 2.624E-04 1.269E+03 9.182E-01 7.023E+01 2.000E+00
2.038E+06 7.301E+02 2.491E+00 5.644E-03 4.602E-04 1.356E+03 9.196E-01 7.024E+01 2.000E+00
7.589E+06 7.588E+02 2.459E+00 5.644E-03 8.229E-04 1.336E+03 9.224E-01 7.025E+01 2.000E+00
5.095E+06 3.178E+02 3.138E+00 5.644E-03 1.488E-03 2.392E+03 9.274E-01 7.026E+01 2.000E+00
7.450E+06 4.884E+02 2.832E+00 5.644E-03 2.706E-03 1.662E+03 9.319E-01 7.029E+01 2.000E+00
3.588E+06 7.930E+02 2.425E+00 5.644E-03 4.940E-03 1.312E+03 9.399E-01 7.034E+01 2.000E+00
3.951E+07 4.609E+02 2.873E+00 7.139E-03 2.486E-05 1.763E+03 9.201E-01 7.023E+01 2.000E+00
6.337E+07 4.031E+02 2.974E+00 7.139E-03 2.490E-05 1.911E+03 9.201E-01 7.023E+01 2.000E+00
3.772E+06 5.233E+02 2.771E+00 7.139E-03 2.497E-05 1.599E+03 9.201E-01 7.023E+01 2.000E+00
5.276E+06 5.233E+02 2.771E+00 7.139E-03 2.511E-05 1.599E+03 9.201E-01 7.023E+01 2.000E+00
5.655E+07 3.969E+02 2.985E+00 7.139E-03 2.536E-05 1.935E+03 9.201E-01 7.023E+01 2.000E+00
1.436E+06 9.853E+02 2.233E+00 7.139E-03 2.582E-05 1.215E+03 9.201E-01 7.023E+01 2.000E+00
6.965E+07 5.677E+02 2.704E+00 7.139E-03 2.667E-05 1.528E+03 9.201E-01 7.023E+01 2.000E+00
3.474E+06 5.564E+02 2.721E+00 7.139E-03 2.822E-05 1.545E+03 9.201E-01 7.023E+01 2.000E+00
3.000E+06 6.931E+02 2.535E+00 7.139E-03 3.107E-05 1.399E+03 9.202E-01 7.023E+01 2.000E+00
3.635E+06 4.477E+02 2.895E+00 7.139E-03 3.629E-05 1.766E+03 9.202E-01 7.023E+01 2.000E+00
1.041E+08 5.913E+02 2.670E+00 7.139E-03 4.585E-05 1.496E+03 9.203E-01 7.023E+01 2.000E+00
6.503E+06 9.662E+02 2.250E+00 7.139E-03 6.338E-05 1.224E+03 9.204E-01 7.023E+01 2.000E+00
1.984E+07 4.879E+02 2.828E+00 7.139E-03 9.551E-05 1.669E+03 9.206E-01 7.023E+01 2.000E+00
4.853E+06 7.361E+02 2.484E+00 7.139E-03 1.544E-04 1.352E+03 9.211E-01 7.023E+01 2.000E+00
1.254E+07 5.144E+02 2.786E+00 7.139E-03 2.624E-04 1.615E+03 9.219E-01 7.023E+01 2.000E+00
7.271E+06 2.707E+02 3.223E+00 7.139E-03 4.602E-04 3.033E+03 9.234E-01 7.024E+01 2.000E+00
5.147E+06 6.751E+02 2.559E+00 7.139E-03 8.229E-04 1.403E+03 9.261E-01 7.025E+01 2.000E+00
1.245E+07 7.578E+02 2.460E+00 7.139E-03 1.488E-03 1.383E+03 9.302E-01 7.026E+01 2.000E+00
7.936E+06 7.891E+02 2.427E+00 7.139E-03 2.706E-03 1.317E+03 9.346E-01 7.029E+01 2.000E+00
2.067E+09 9.622E+02 2.257E+00 7.139E-03 4.940E-03 1.227E+03 9.425E-01 7.034E+01 2.000E+00
6.756E+07 7.028E+02 2.524E+00 9.029E-03 2.486E-05 1.379E+03 9.248E-01 7.023E+01 2.000E+00
5.196E+08 7.028E+02 2.524E+00 9.029E-03 2.490E-05 1.379E+03 9.248E-01 7.023E+01 2.000E+00
2.401E+06 7.115E+02 2.513E+00 9.029E-03 2.497E-05 1.371E+03 9.248E-01 7.023E+01 2.000E+00
2.626E+06 7.115E+02 2.513E+00 9.029E-03 2.511E-05 1.371E+03 9.248E-01 7.023E+01 2.000E+00
3.185E+06 7.115E+02 2.513E+00 9.029E-03 2.536E-05 1.371E+03 9.248E-01 7.023E+01 2.000E+00
5.359E+06 7.115E+02 2.513E+00 9.029E-03 2.582E-05 1.371E+03 9.248E-01 7.023E+01 2.000E+00
4.401E+06 9.012E+02 2.310E+00 9.029E-03 2.667E-05 1.253E+03 9.249E-01 7.023E+01 2.000E+00
9.777E+06 9.012E+02 2.310E+00 9.029E-03 2.822E-05 1.252E+03 9.249E-01 7.023E+01 2.000E+00
2.737E+07 3.785E+02 3.019E+00 9.029E-03 3.107E-05 2.015E+03 9.249E-01 7.023E+01 2.000E+00
2.128E+06 9.662E+02 2.250E+00 9.029E-03 3.629E-05 1.224E+03 9.249E-01 7.023E+01 2.000E+00
3.350E+06 3.497E+02 3.073E+00 9.029E-03 4.585E-05 2.169E+03 9.250E-01 7.023E+01 2.000E+00
2.508E+07 6.805E+02 2.551E+00 9.029E-03 6.338E-05 1.398E+03 9.251E-01 7.023E+01 2.000E+00
7.484E+05 3.251E+02 3.120E+00 9.029E-03 9.551E-05 2.351E+03 9.254E-01 7.023E+01 2.000E+00
1.636E+07 8.431E+02 2.367E+00 9.029E-03 1.544E-04 1.282E+03 9.258E-01 7.023E+01 2.000E+00
1.711E+06 7.694E+02 2.446E+00 9.029E-03 2.624E-04 1.328E+03 9.266E-01 7.023E+01 2.000E+00
1.000E+07 7.593E+02 2.458E+00 9.029E-03 4.602E-04 1.335E+03 9.281E-01 7.024E+01 2.000E+00
3.444E+06 4.488E+02 2.895E+00 9.029E-03 8.229E-04 1.762E+03 9.308E-01 7.025E+01 2.000E+00
6.406E+06 5.293E+02 2.765E+00 9.029E-03 1.488E-03 1.588E+03 9.336E-01 7.026E+01 2.000E+00
7.061E+06 5.537E+02 2.729E+00 9.029E-03 2.706E-03 1.546E+03 9.379E-01 7.029E+01 2.000E+00
1.071E+08 9.042E+02 2.311E+00 9.029E-03 4.940E-03 1.253E+03 9.459E-01 7.034E+01 2.000E+00
2.886E+06 9.662E+02 2.250E+00 1.142E-02 2.486E-05 1.224E+03 9.308E-01 7.023E+01 2.000E+00
2.706E+06 3.497E+02 3.073E+00 1.142E-02 2.490E-05 2.170E+03 9.308E-01 7.023E+01 2.000E+00
3.183E+06 3.497E+02 3.073E+00 1.142E-02 2.497E-05 2.177E+03 9.308E-01 7.023E+01 2.000E+00
4.734E+06 3.497E+02 3.073E+00 1.142E-02 2.511E-05 2.178E+03 9.308E-01 7.023E+01 2.000E+00
5.771E+07 3.497E+02 3.073E+00 1.142E-02 2.536E-05 2.170E+03 9.308E-01 7.023E+01 2.000E+00
3.084E+06 9.662E+02 2.250E+00 1.142E-02 2.582E-05 1.224E+03 9.308E-01 7.023E+01 2.000E+00
1.569E+08 3.129E+02 3.142E+00 1.142E-02 2.667E-05 2.454E+03 9.308E-01 7.023E+01 2.000E+00
3.738E+06 9.662E+02 2.250E+00 1.142E-02 2.822E-05 1.227E+03 9.308E-01 7.023E+01 2.000E+00
5.065E+06 9.662E+02 2.250E+00 1.142E-02 3.107E-05 1.224E+03 9.309E-01 7.023E+01 2.000E+00
1.669E+07 9.662E+02 2.250E+00 1.142E-02 3.629E-05 1.224E+03 9.309E-01 7.023E+01 2.000E+00
5.155E+06 6.751E+02 2.558E+00 1.142E-02 4.585E-05 1.404E+03 9.310E-01 7.023E+01 2.000E+00
2.192E+06 9.019E+02 2.309E+00 1.142E-02 6.338E-05 1.252E+03 9.311E-01 7.023E+01 2.000E+00
2.659E+06 9.062E+02 2.305E+00 1.142E-02 9.551E-05 1.250E+03 9.313E-01 7.023E+01 2.000E+00
4.953E+06 8.107E+02 2.401E+00 1.142E-02 1.544E-04 1.301E+03 9.318E-01 7.023E+01 2.000E+00
2.363E+08 7.404E+02 2.479E+00 1.142E-02 2.624E-04 1.349E+03 9.326E-01 7.023E+01 2.000E+00
3.549E+07 5.229E+02 2.773E+00 1.142E-02 4.602E-04 1.600E+03 9.341E-01 7.024E+01 2.000E+00
7.732E+06 9.421E+02 2.272E+00 1.142E-02 8.229E-04 1.237E+03 9.355E-01 7.025E+01 2.000E+00
1.237E+06 3.215E+02 3.131E+00 1.142E-02 1.488E-03 2.361E+03 9.379E-01 7.026E+01 2.000E+00
6.355E+06 7.822E+02 2.434E+00 1.142E-02 2.706E-03 1.320E+03 9.422E-01 7.029E+01 2.000E+00
5.352E+06 9.661E+02 2.254E+00 1.142E-02 4.940E-03 1.227E+03 9.502E-01 7.034E+01 2.000E+00
8.321E+07 8.159E+02 2.395E+00 1.445E-02 2.486E-05 1.299E+03 9.381E-01 7.023E+01 2.000E+00
2.086E+08 8.159E+02 2.395E+00 1.445E-02 2.490E-05 1.299E+03 9.381E-01 7.023E+01 2.000E+00
3.323E+06 4.608E+02 2.873E+00 1.445E-02 2.497E-05 1.733E+03 9.381E-01 7.023E+01 2.000E+00
3.740E+06 8.130E+02 2.398E+00 1.445E-02 2.511E-05 1.301E+03 9.381E-01 7.023E+01 2.000E+00
4.404E+06 8.130E+02 2.398E+00 1.445E-02 2.536E-05 1.302E+03 9.381E-01 7.023E+01 2.000E+00
6.626E+06 8.130E+02 2.398E+00 1.445E-02 2.582E-05 1.301E+03 9.381E-01 7.023E+01 2.000E+00
1.234E+08 2.998E+02 3.167E+00 1.445E-02 2.667E-05 2.594E+03 9.381E-01 7.023E+01 2.000E+00
2.818E+06 5.502E+02 2.730E+00 1.445E-02 2.822E-05 1.555E+03 9.381E-01 7.023E+01 2.000E+00
5.510E+06 3.724E+02 3.030E+00 1.445E-02 3.107E-05 2.045E+03 9.381E-01 7.023E+01 2.000E+00
1.097E+07 5.002E+02 2.808E+00 1.445E-02 3.629E-05 1.646E+03 9.381E-01 7.023E+01 2.000E+00
1.024E+07 8.884E+02 2.322E+00 1.445E-02 4.585E-05 1.259E+03 9.381E-01 7.023E+01 2.000E+00
1.131E+07 6.958E+02 2.532E+00 1.445E-02 6.338E-05 1.386E+03 9.382E-01 7.023E+01 2.000E+00
5.899E+06 6.494E+02 2.591E+00 1.445E-02 9.551E-05 1.451E+03 9.383E-01 7.023E+01 2.000E+00
2.880E+07 7.496E+02 2.468E+00 1.445E-02 1.544E-04 1.343E+03 9.385E-01 7.023E+01 2.000E+00
4.480E+06 6.896E+02 2.540E+00 1.445E-02 2.624E-04 1.391E+03 9.389E-01 7.023E+01 2.000E+00
5.781E+06 8.144E+02 2.397E+00 1.445E-02 4.602E-04 1.300E+03 9.396E-01 7.024E+01 2.000E+00
1.322E+07 8.408E+02 2.370E+00 1.445E-02 8.229E-04 1.285E+03 9.409E-01 7.025E+01 2.000E+00
2.776E+07 6.819E+02 2.551E+00 1.445E-02 1.488E-03 1.398E+03 9.433E-01 7.026E+01 2.000E+00
3.193E+06 7.077E+02 2.521E+00 1.445E-02 2.706E-03 1.377E+03 9.476E-01 7.029E+01 2.000E+00
3.446E+06 4.567E+02 2.890E+00 1.445E-02 4.940E-03 1.732E+03 9.556E-01 7.034E+01 2.000E+00
3.478E+07 4.542E+02 2.884E+00 1.827E-02 2.486E-05 1.751E+03 9.449E-01 7.023E+01 2.000E+00
1.383E+09 4.542E+02 2.884E+00 1.827E-02 2.490E-05 1.751E+03 9.449E-01 7.023E+01 2.000E+00
1.295E+07 5.070E+02 2.797E+00 1.827E-02 2.497E-05 1.631E+03 9.449E-01 7.023E+01 2.000E+00
2.642E+06 4.986E+02 2.810E+00 1.827E-02 2.511E-05 1.648E+03 9.449E-01 7.023E+01 2.000E+00
4.287E+06 4.986E+02 2.810E+00 1.827E-02 2.536E-05 1.648E+03 9.449E-01 7.023E+01 2.000E+00
1.050E+07 4.948E+02 2.817E+00 1.827E-02 2.582E-05 1.656E+03 9.449E-01 7.023E+01 2.000E+00
1.211E+07 3.689E+02 3.037E+00 1.827E-02 2.667E-05 2.063E+03 9.449E-01 7.023E+01 2.000E+00
3.150E+06 5.452E+02 2.738E+00 1.827E-02 2.822E-05 1.564E+03 9.449E-01 7.023E+01 2.000E+00
8.627E+06 9.411E+02 2.273E+00 1.827E-02 3.107E-05 1.236E+03 9.449E-01 7.023E+01 2.000E+00
5.467E+06 6.840E+02 2.547E+00 1.827E-02 3.629E-05 1.397E+03 9.449E-01 7.023E+01 2.000E+00
2.537E+06 9.062E+02 2.305E+00 1.827E-02 4.585E-05 1.252E+03 9.449E-01 7.023E+01 2.000E+00
5.256E+06 4.779E+02 2.844E+00 1.827E-02 6.338E-05 1.692E+03 9.450E-01 7.023E+01 2.000E+00
2.683E+07 6.702E+02 2.564E+00 1.827E-02 9.551E-05 1.410E+03 9.451E-01 7.023E+01 2.000E+00
1.369E+07 9.240E+02 2.288E+00 1.827E-02 1.544E-04 1.243E+03 9.453E-01 7.023E+01 2.000E+00
6.519E+06 8.087E+02 2.403E+00 1.827E-02 2.624E-04 1.304E+03 9.457E-01 7.023E+01 2.000E+00
2.562E+06 8.160E+02 2.396E+00 1.827E-02 4.602E-04 1.300E+03 9.464E-01 7.024E+01 2.000E+00
6.347E+06 8.539E+02 2.357E+00 1.827E-02 8.229E-04 1.278E+03 9.477E-01 7.025E+01 2.000E+00
7.652E+07 7.897E+02 2.425E+00 1.827E-02 1.488E-03 1.316E+03 9.501E-01 7.026E+01 2.000E+00
2.051E+06 6.299E+02 2.621E+00 1.827E-02 2.706E-03 1.454E+03 9.544E-01 7.029E+01 2.000E+00
9.508E+07 7.470E+02 2.476E+00 1.827E-02 4.940E-03 1.346E+03 9.624E-01 7.034E+01 2.000E+00
3.377E+07 9.001E+02 2.311E+00 2.311E-02 2.486E-05 1.255E+03 9.535E-01 7.023E+01 2.000E+00
3.845E+07 9.001E+02 2.311E+00 2.311E-02 2.490E-05 1.255E+03 9.535E-01 7.023E+01 2.000E+00
5.160E+07 9.001E+02 2.311E+00 2.311E-02 2.497E-05 1.256E+03 9.535E-01 7.023E+01 2.000E+00
1.393E+08 9.001E+02 2.311E+00 2.311E-02 2.511E-05 1.256E+03 9.535E-01 7.023E+01 2.000E+00
9.789E+06 8.542E+02 2.356E+00 2.311E-02 2.536E-05 1.279E+03 9.535E-01 7.023E+01 2.000E+00
2.397E+07 8.542E+02 2.356E+00 2.311E-02 2.582E-05 1.279E+03 9.535E-01 7.023E+01 2.000E+00
1.700E+06 6.729E+02 2.561E+00 2.311E-02 2.667E-05 1.408E+03 9.535E-01 7.023E+01 2.000E+00
1.039E+07 6.641E+02 2.572E+00 2.311E-02 2.822E-05 1.416E+03 9.535E-01 7.023E+01 2.000E+00
2.512E+07 6.575E+02 2.581E+00 2.311E-02 3.107E-05 1.423E+03 9.535E-01 7.023E+01 2.000E+00
2.543E+07 7.361E+02 2.484E+00 2.311E-02 3.629E-05 1.355E+03 9.535E-01 7.023E+01 2.000E+00
7.689E+06 8.348E+02 2.376E+00 2.311E-02 4.585E-05 1.290E+03 9.536E-01 7.023E+01 2.000E+00
4.620E+06 2.895E+02 3.187E+00 2.311E-02 6.338E-05 2.724E+03 9.536E-01 7.023E+01 2.000E+00
5.789E+06 6.823E+02 2.549E+00 2.311E-02 9.551E-05 1.399E+03 9.537E-01 7.023E+01 2.000E+00
1.238E+07 9.392E+02 2.274E+00 2.311E-02 1.544E-04 1.238E+03 9.539E-01 7.023E+01 2.000E+00
4.658E+06 5.600E+02 2.716E+00 2.311E-02 2.624E-04 1.542E+03 9.543E-01 7.023E+01 2.000E+00
9.792E+06 6.441E+02 2.599E+00 2.311E-02 4.602E-04 1.436E+03 9.550E-01 7.024E+01 2.000E+00
6.171E+06 7.916E+02 2.422E+00 2.311E-02 8.229E-04 1.316E+03 9.563E-01 7.025E+01 2.000E+00
9.676E+06 3.413E+02 3.093E+00 2.311E-02 1.488E-03 2.214E+03 9.587E-01 7.026E+01 2.000E+00
1.176E+06 6.088E+02 2.650E+00 2.311E-02 2.706E-03 1.475E+03 9.630E-01 7.029E+01 2.000E+00
1.802E+06 5.645E+02 2.717E+00 2.311E-02 4.940E-03 1.532E+03 9.710E-01 7.034E+01 2.000E+00
2.322E+07 8.107E+02 2.401E+00 2.923E-02 2.486E-05 1.305E+03 9.644E-01 7.023E+01 2.000E+00
2.800E+07 8.107E+02 2.401E+00 2.923E-02 2.490E-05 1.305E+03 9.644E-01 7.023E+01 2.000E+00
4.510E+07 8.107E+02 2.401E+00 2.923E-02 2.497E-05 1.305E+03 9.644E-01 7.023E+01 2.000E+00
2.298E+06 6.347E+02 2.611E+00 2.923E-02 2.511E-05 1.448E+03 9.644E-01 7.023E+01 2.000E+00
2.899E+06 6.347E+02 2.611E+00 2.923E-02 2.536E-05 1.448E+03 9.644E-01 7.023E+01 2.000E+00
5.835E+06 6.347E+02 2.611E+00 2.923E-02 2.582E-05 1.448E+03 9.644E-01 7.023E+01 2.000E+00
1.351E+06 5.883E+02 2.675E+00 2.923E-02 2.667E-05 1.504E+03 9.644E-01 7.023E+01 2.000E+00
2.488E+07 2.830E+02 3.199E+00 2.923E-02 2.822E-05 2.822E+03 9.644E-01 7.023E+01 2.000E+00
2.843E+06 5.501E+02 2.731E+00 2.923E-02 3.107E-05 1.559E+03 9.644E-01 7.023E+01 2.000E+00
1.891E+06 7.811E+02 2.433E+00 2.923E-02 3.629E-05 1.324E+03 9.644E-01 7.023E+01 2.000E+00
1.856E+07 3.483E+02 3.075E+00 2.923E-02 4.585E-05 2.180E+03 9.645E-01 7.023E+01 2.000E+00
1.831E+08 9.325E+02 2.280E+00 2.923E-02 6.338E-05 1.242E+03 9.645E-01 7.023E+01 2.000E+00
2.746E+07 9.716E+02 2.245E+00 2.923E-02 9.551E-05 1.226E+03 9.646E-01 7.023E+01 2.000E+00
3.704E+06 9.452E+02 2.269E+00 2.923E-02 1.544E-04 1.277E+03 9.648E-01 7.023E+01 2.000E+00
1.521E+09 2.858E+02 3.195E+00 2.923E-02 2.624E-04 2.776E+03 9.652E-01 7.023E+01 2.000E+00
5.377E+06 9.944E+02 2.226E+00 2.923E-02 4.602E-04 1.217E+03 9.659E-01 7.024E+01 2.000E+00
1.072E+07 5.985E+02 2.661E+00 2.923E-02 8.229E-04 1.490E+03 9.672E-01 7.025E+01 2.000E+00
1.633E+07 9.116E+02 2.301E+00 2.923E-02 1.488E-03 1.252E+03 9.696E-01 7.026E+01 2.000E+00
4.322E+06 2.853E+02 3.205E+00 2.923E-02 2.706E-03 2.740E+03 9.739E-01 7.029E+01 2.000E+00
2.560E+07 3.211E+02 3.143E+00 2.923E-02 4.940E-03 2.334E+03 9.818E-01 7.034E+01 2.000E+00
2.059E+07 8.990E+02 2.312E+00 3.697E-02 2.486E-05 1.263E+03 9.782E-01 7.023E+01 2.000E+00
2.224E+07 8.990E+02 2.312E+00 3.697E-02 2.490E-05 1.259E+03 9.782E-01 7.023E+01 2.000E+00
2.608E+07 8.990E+02 2.312E+00 3.697E-02 2.497E-05 1.259E+03 9.782E-01 7.023E+01 2.000E+00
3.828E+07 8.990E+02 2.312E+00 3.697E-02 2.511E-05 1.277E+03 9.782E-01 7.023E+01 2.000E+00
4.569E+06 4.475E+02 2.896E+00 3.697E-02 2.536E-05 1.772E+03 9.782E-01 7.023E+01 2.000E+00
2.160E+08 5.088E+02 2.794E+00 3.697E-02 2.582E-05 1.631E+03 9.782E-01 7.023E+01 2.000E+00
5.301E+06 8.768E+02 2.333E+00 3.697E-02 2.667E-05 1.270E+03 9.782E-01 7.023E+01 2.000E+00
3.531E+07 2.769E+02 3.211E+00 3.697E-02 2.822E-05 2.925E+03 9.782E-01 7.023E+01 2.000E+00
2.191E+06 8.654E+02 2.345E+00 3.697E-02 3.107E-05 1.275E+03 9.782E-01 7.023E+01 2.000E+00
1.511E+07 6.839E+02 2.547E+00 3.697E-02 3.629E-05 1.400E+03 9.782E-01 7.023E+01 2.000E+00
2.280E+06 4.457E+02 2.899E+00 3.697E-02 4.585E-05 1.807E+03 9.782E-01 7.023E+01 2.000E+00
4.400E+06 9.437E+02 2.270E+00 3.697E-02 6.338E-05 1.238E+03 9.783E-01 7.023E+01 2.000E+00
2.504E+06 9.452E+02 2.269E+00 3.697E-02 9.551E-05 1.238E+03 9.784E-01 7.023E+01 2.000E+00
1.934E+07 5.600E+02 2.716E+00 3.697E-02 1.544E-04 1.544E+03 9.786E-01 7.023E+01 2.000E+00
3.835E+06 6.419E+02 2.601E+00 3.697E-02 2.624E-04 1.441E+03 9.790E-01 7.023E+01 2.000E+00
1.515E+07 7.018E+02 2.525E+00 3.697E-02 4.602E-04 1.385E+03 9.797E-01 7.024E+01 2.000E+00
4.406E+06 6.407E+02 2.604E+00 3.697E-02 8.229E-04 1.443E+03 9.810E-01 7.025E+01 2.000E+00
1.229E+07 7.890E+02 2.426E+00 3.697E-02 1.488E-03 1.320E+03 9.834E-01 7.026E+01 2.000E+00
9.127E+05 3.285E+02 3.121E+00 3.697E-02 2.706E-03 2.297E+03 9.871E-01 7.029E+01 2.000E+00
1.749E+06 2.521E+02 3.276E+00 3.697E-02 4.940E-03 3.347E+03 9.892E-01 7.034E+01 2.000E+00
9.144E+06 4.546E+02 2.883E+00 4.677E-02 2.486E-05 1.754E+03 9.938E-01 7.023E+01 2.000E+00
1.219E+07 4.546E+02 2.883E+00 4.677E-02 2.490E-05 1.754E+03 9.938E-01 7.023E+01 2.000E+00
3.183E+07 4.546E+02 2.883E+00 4.677E-02 2.497E-05 1.760E+03 9.938E-01 7.023E+01 2.000E+00
6.523E+07 4.542E+02 2.884E+00 4.677E-02 2.511E-05 1.755E+03 9.938E-01 7.023E+01 2.000E+00
2.363E+07 4.765E+02 2.847E+00 4.677E-02 2.536E-05 1.700E+03 9.938E-01 7.023E+01 2.000E+00
8.521E+06 4.673E+02 2.862E+00 4.677E-02 2.582E-05 1.722E+03 9.938E-01 7.023E+01 2.000E+00
2.870E+06 9.452E+02 2.269E+00 4.677E-02 2.667E-05 1.257E+03 9.938E-01 7.023E+01 2.000E+00
3.466E+06 9.452E+02 2.269E+00 4.677E-02 2.822E-05 1.240E+03 9.938E-01 7.023E+01 2.000E+00
5.917E+06 3.304E+02 3.110E+00 4.677E-02 3.107E-05 2.307E+03 9.938E-01 7.023E+01 2.000E+00
3.315E+06 2.996E+02 3.168E+00 4.677E-02 3.629E-05 2.598E+03 9.938E-01 7.023E+01 2.000E+00
6.410E+06 9.362E+02 2.277E+00 4.677E-02 4.585E-05 1.244E+03 9.938E-01 7.023E+01 2.000E+00
3.419E+06 5.072E+02 2.797E+00 4.677E-02 6.338E-05 1.636E+03 9.938E-01 7.023E+01 2.000E+00
1.083E+07 8.004E+02 2.412E+00 4.677E-02 9.551E-05 1.319E+03 9.939E-01 7.023E+01 2.000E+00
2.579E+06 7.301E+02 2.491E+00 4.677E-02 1.544E-04 1.364E+03 9.939E-01 7.023E+01 2.000E+00
1.232E+07 4.879E+02 2.828E+00 4.677E-02 2.624E-04 1.674E+03 9.940E-01 7.023E+01 2.000E+00
2.845E+06 8.319E+02 2.379E+00 4.677E-02 4.602E-04 1.296E+03 9.942E-01 7.024E+01 2.000E+00
5.918E+06 7.043E+02 2.523E+00 4.677E-02 8.229E-04 1.384E+03 9.945E-01 7.025E+01 2.000E+00
1.448E+06 4.268E+02 2.935E+00 4.677E-02 1.488E-03 1.830E+03 9.952E-01 7.026E+01 2.000E+00
7.998E+06 9.234E+02 2.291E+00 4.677E-02 2.706E-03 1.251E+03 9.963E-01 7.029E+01 2.000E+00
1.004E+07 9.353E+02 2.282E+00 4.677E-02 4.940E-03 1.247E+03 9.984E-01 7.034E+01 2.000E+00
9.310E+06 6.719E+02 2.562E+00 5.915E-02 2.486E-05 1.416E+03 1.000E+00 7.023E+01 0.000E+00
1.072E+07 6.719E+02 2.562E+00 5.915E-02 2.490E-05 1.416E+03 1.000E+00 7.023E+01 0.000E+00
1.874E+06 3.274E+02 3.115E+00 5.915E-02 2.497E-05 2.331E+03 1.000E+00 7.023E+01 0.000E+00
5.296E+07 6.719E+02 2.562E+00 5.915E-02 2.511E-05 1.416E+03 1.000E+00 7.023E+01 0.000E+00
5.370E+06 6.573E+02 2.581E+00 5.915E-02 2.536E-05 1.430E+03 1.000E+00 7.023E+01 0.000E+00
5.534E+07 6.573E+02 2.581E+00 5.915E-02 2.582E-05 1.430E+03 1.000E+00 7.023E+01 0.000E+00
7.156E+06 8.400E+02 2.370E+00 5.915E-02 2.667E-05 1.296E+03 1.000E+00 7.023E+01 0.000E+00
7.761E+07 8.430E+02 2.367E+00 5.915E-02 2.822E-05 1.292E+03 1.000E+00 7.023E+01 0.000E+00
5.217E+06 3.185E+02 3.132E+00 5.915E-02 3.107E-05 2.408E+03 1.000E+00 7.023E+01 0.000E+00
4.565E+06 8.929E+02 2.318E+00 5.915E-02 3.629E-05 1.266E+03 1.000E+00 7.023E+01 0.000E+00
2.445E+06 4.880E+02 2.828E+00 5.915E-02 4.585E-05 1.677E+03 1.000E+00 7.023E+01 0.000E+00
1.304E+07 7.301E+02 2.491E+00 5.915E-02 6.338E-05 1.366E+03 1.000E+00 7.023E+01 0.000E+00
2.440E+07 3.879E+02 3.002E+00 5.915E-02 9.551E-05 1.979E+03 1.000E+00 7.023E+01 0.000E+00
3.548E+06 5.523E+02 2.728E+00 5.915E-02 1.544E-04 1.560E+03 1.000E+00 7.023E+01 0.000E+00
6.165E+07 8.632E+02 2.347E+00 5.915E-02 2.624E-04 1.281E+03 1.000E+00 7.023E+01 0.000E+00
6.921E+06 5.596E+02 2.717E+00 5.915E-02 4.602E-04 1.549E+03 1.000E+00 7.024E+01 0.000E+00
1.299E+07 3.836E+02 3.012E+00 5.915E-02 8.229E-04 1.995E+03 1.000E+00 7.025E+01 0.000E+00
1.024E+06 4.461E+02 2.901E+00 5.915E-02 1.488E-03 1.778E+03 1.000E+00 7.026E+01 0.000E+00
1.265E+07 7.867E+02 2.429E+00 5.915E-02 2.706E-03 1.327E+03 1.000E+00 7.029E+01 0.000E+00
7.679E+06 7.367E+02 2.489E+00 5.915E-02 4.940E-03 1.362E+03 1.000E+00 7.034E+01 0.000E+00
2.326E+06 6.173E+02 2.634E+00 7.482E-02 2.486E-05 1.476E+03 1.000E+00 7.023E+01 0.000E+00
2.413E+06 6.173E+02 2.634E+00 7.482E-02 2.490E-05 1.475E+03 1.000E+00 7.023E+01 0.000E+00
2.593E+06 6.173E+02 2.634E+00 7.482E-02 2.497E-05 1.476E+03 1.000E+00 7.023E+01 0.000E+00
3.010E+06 6.173E+02 2.634E+00 7.482E-02 2.511E-05 1.478E+03 1.000E+00 7.023E+01 0.000E+00
4.313E+06 6.173E+02 2.634E+00 7.482E-02 2.536E-05 1.475E+03 1.000E+00 7.023E+01 0.000E+00
1.128E+06 2.719E+02 3.220E+00 7.482E-02 2.582E-05 3.019E+03 1.000E+00 7.023E+01 0.000E+00
9.173E+06 6.233E+02 2.626E+00 7.482E-02 2.667E-05 1.469E+03 1.000E+00 7.023E+01 0.000E+00
2.657E+07 8.781E+02 2.332E+00 7.482E-02 2.822E-05 1.277E+03 1.000E+00 7.023E+01 0.000E+00
3.210E+07 4.671E+02 2.862E+00 7.482E-02 3.107E-05 1.727E+03 1.000E+00 7.023E+01 0.000E+00
1.393E+06 5.811E+02 2.685E+00 7.482E-02 3.629E-05 1.521E+03 1.000E+00 7.023E+01 0.000E+00
8.967E+06 8.918E+02 2.319E+00 7.482E-02 4.585E-05 1.271E+03 1.000E+00 7.023E+01 0.000E+00
5.866E+06 9.948E+02 2.225E+00 7.482E-02 6.338E-05 1.226E+03 1.000E+00 7.023E+01 0.000E+00
5.251E+07 3.659E+02 3.043E+00 7.482E-02 9.551E-05 2.085E+03 1.000E+00 7.023E+01 0.000E+00
1.784E+07 6.232E+02 2.626E+00 7.482E-02 1.544E-04 1.469E+03 1.000E+00 7.023E+01 0.000E+00
2.273E+06 4.542E+02 2.885E+00 7.482E-02 2.624E-04 1.759E+03 1.000E+00 7.023E+01 0.000E+00
1.169E+08 5.711E+02 2.700E+00 7.482E-02 4.602E-04 1.534E+03 1.000E+00 7.024E+01 0.000E+00
3.385E+06 2.817E+02 3.205E+00 7.482E-02 8.229E-04 2.830E+03 1.000E+00 7.025E+01 0.000E+00
8.211E+06 5.504E+02 2.733E+00 7.482E-02 1.488E-03 1.564E+03 1.000E+00 7.026E+01 0.000E+00
7.547E+06 8.910E+02 2.322E+00 7.482E-02 2.706E-03 1.272E+03 1.000E+00 7.029E+01 0.000E+00
5.551E+06 4.226E+02 2.950E+00 7.482E-02 4.940E-03 1.838E+03 1.000E+00 7.034E+01 0.000E+00
2.242E+07 6.571E+02 2.581E+00 9.464E-02 2.486E-05 1.436E+03 1.000E+00 7.023E+01 0.000E+00
2.921E+07 2.643E+02 3.234E+00 9.464E-02 2.490E-05 3.182E+03 1.000E+00 7.023E+01 0.000E+00
8.637E+08 6.571E+02 2.581E+00 9.464E-02 2.497E-05 1.436E+03 1.000E+00 7.023E+01 0.000E+00
1.832E+07 9.944E+02 2.226E+00 9.464E-02 2.511E-05 1.232E+03 1.000E+00 7.023E+01 0.000E+00
1.871E+07 9.944E+02 2.226E+00 9.464E-02 2.536E-05 1.230E+03 1.000E+00 7.023E+01 0.000E+00
1.946E+07 9.944E+02 2.226E+00 9.464E-02 2.582E-05 1.231E+03 1.000E+00 7.023E+01 0.000E+00
2.101E+07 9.944E+02 2.226E+00 9.464E-02 2.667E-05 1.231E+03 1.000E+00 7.023E+01 0.000E+00
5.929E+06 3.825E+02 3.012E+00 9.464E-02 2.822E-05 2.008E+03 1.000E+00 7.023E+01 0.000E+00
3.746E+06 3.360E+02 3.099E+00 9.464E-02 3.107E-05 2.271E+03 1.000E+00 7.023E+01 0.000E+00
2.543E+08 9.944E+02 2.226E+00 9.464E-02 3.629E-05 1.237E+03 1.000E+00 7.023E+01 0.000E+00
2.136E+08 9.739E+02 2.243E+00 9.464E-02 4.585E-05 1.238E+03 1.000E+00 7.023E+01 0.000E+00
1.518E+07 9.239E+02 2.288E+00 9.464E-02 6.338E-05 1.259E+03 1.000E+00 7.023E+01 0.000E+00
2.942E+06 9.046E+02 2.307E+00 9.464E-02 9.551E-05 1.268E+03 1.000E+00 7.023E+01 0.000E+00
1.601E+06 8.104E+02 2.401E+00 9.464E-02 1.544E-04 1.318E+03 1.000E+00 7.023E+01 0.000E+00
1.243E+07 4.735E+02 2.852E+00 9.464E-02 2.624E-04 1.718E+03 1.000E+00 7.024E+01 0.000E+00
9.311E+05 3.488E+02 3.076E+00 9.464E-02 4.602E-04 2.185E+03 1.000E+00 7.024E+01 0.000E+00
2.141E+06 4.486E+02 2.896E+00 9.464E-02 8.229E-04 1.776E+03 1.000E+00 7.025E+01 0.000E+00
1.343E+06 7.067E+02 2.521E+00 9.464E-02 1.488E-03 1.392E+03 1.000E+00 7.026E+01 0.000E+00
1.034E+06 3.941E+02 2.997E+00 9.464E-02 2.706E-03 1.950E+03 1.000E+00 7.029E+01 0.000E+00
2.270E+06 5.332E+02 2.765E+00 9.464E-02 4.940E-03 1.593E+03 1.000E+00 7.034E+01 0.000E+00
3.255E+06 9.169E+02 2.295E+00 1.197E-01 2.486E-05 1.269E+03 1.000E+00 7.023E+01 0.000E+00
3.282E+06 9.169E+02 2.295E+00 1.197E-01 2.490E-05 1.268E+03 1.000E+00 7.023E+01 0.000E+00
3.332E+06 9.169E+02 2.295E+00 1.197E-01 2.497E-05 1.268E+03 1.000E+00 7.023E+01 0.000E+00
3.428E+06 9.169E+02 2.295E+00 1.197E-01 2.511E-05 1.268E+03 1.000E+00 7.023E+01 0.000E+00
3.621E+06 9.169E+02 2.295E+00 1.197E-01 2.536E-05 1.268E+03 1.000E+00 7.023E+01 0.000E+00
4.044E+06 9.169E+02 2.295E+00 1.197E-01 2.582E-05 1.337E+03 1.000E+00 7.023E+01 0.000E+00
5.181E+06 9.169E+02 2.295E+00 1.197E-01 2.667E-05 1.268E+03 1.000E+00 7.023E+01 0.000E+00
1.129E+07 9.169E+02 2.295E+00 1.197E-01 2.822E-05 1.274E+03 1.000E+00 7.023E+01 0.000E+00
9.231E+06 5.621E+02 2.713E+00 1.197E-01 3.107E-05 1.556E+03 1.000E+00 7.023E+01 0.000E+00
3.813E+06 8.999E+02 2.311E+00 1.197E-01 3.629E-05 1.277E+03 1.000E+00 7.023E+01 0.000E+00
7.526E+06 9.421E+02 2.272E+00 1.197E-01 4.585E-05 1.257E+03 1.000E+00 7.023E+01 0.000E+00
1.343E+07 6.483E+02 2.593E+00 1.197E-01 6.338E-05 1.450E+03 1.000E+00 7.023E+01 0.000E+00
3.647E+05 2.683E+02 3.228E+00 1.197E-01 9.551E-05 3.091E+03 1.000E+00 7.023E+01 0.000E+00
4.704E+06 8.318E+02 2.379E+00 1.197E-01 1.544E-04 1.312E+03 1.000E+00 7.023E+01 0.000E+00
2.789E+06 6.236E+02 2.626E+00 1.197E-01 2.624E-04 1.477E+03 1.000E+00 7.024E+01 0.000E+00
2.918E+06 6.423E+02 2.601E+00 1.197E-01 4.602E-04 1.457E+03 1.000E+00 7.024E+01 0.000E+00
4.694E+06 9.484E+02 2.267E+00 1.197E-01 8.229E-04 1.255E+03 1.000E+00 7.025E+01 0.000E+00
1.416E+07 7.991E+02 2.415E+00 1.197E-01 1.488E-03 1.331E+03 1.000E+00 7.026E+01 0.000E+00
1.841E+07 2.691E+02 3.236E+00 1.197E-01 2.706E-03 3.009E+03 1.000E+00 7.029E+01 0.000E+00
6.390E+07 9.555E+02 2.263E+00 1.197E-01 4.940E-03 1.256E+03 1.000E+00 7.034E+01 0.000E+00
2.922E+06 5.670E+02 2.706E+00 1.514E-01 2.486E-05 1.557E+03 1.000E+00 7.023E+01 0.000E+00
3.092E+06 5.670E+02 2.706E+00 1.514E-01 2.490E-05 1.555E+03 1.000E+00 7.023E+01 0.000E+00
3.466E+06 5.670E+02 2.706E+00 1.514E-01 2.497E-05 1.555E+03 1.000E+00 7.023E+01 0.000E+00
4.474E+06 5.670E+02 2.706E+00 1.514E-01 2.511E-05 1.555E+03 1.000E+00 7.023E+01 0.000E+00
1.543E+07 3.061E+02 3.157E+00 1.514E-01 2.536E-05 2.535E+03 1.000E+00 7.023E+01 0.000E+00
1.830E+06 5.589E+02 2.718E+00 1.514E-01 2.582E-05 1.694E+03 1.000E+00 7.023E+01 0.000E+00
6.948E+06 5.589E+02 2.718E+00 1.514E-01 2.667E-05 1.567E+03 1.000E+00 7.023E+01 0.000E+00
2.680E+07 5.663E+02 2.707E+00 1.514E-01 2.822E-05 1.556E+03 1.000E+00 7.023E+01 0.000E+00
1.150E+06 4.801E+02 2.841E+00 1.514E-01 3.107E-05 1.710E+03 1.000E+00 7.023E+01 0.000E+00
6.930E+08 3.120E+02 3.146E+00 1.514E-01 3.629E-05 2.476E+03 1.000E+00 7.023E+01 0.000E+00
3.453E+06 3.297E+02 3.112E+00 1.514E-01 4.585E-05 2.324E+03 1.000E+00 7.023E+01 0.000E+00
8.325E+06 3.696E+02 3.036E+00 1.514E-01 6.338E-05 2.078E+03 1.000E+00 7.023E+01 0.000E+00
1.073E+07 6.827E+02 2.549E+00 1.514E-01 9.551E-05 1.424E+03 1.000E+00 7.023E+01 0.000E+00
2.859E+08 7.244E+02 2.498E+00 1.514E-01 1.544E-04 1.402E+03 1.000E+00 7.023E+01 0.000E+00
7.131E+06 7.777E+02 2.437E+00 1.514E-01 2.624E-04 1.351E+03 1.000E+00 7.024E+01 0.000E+00
2.733E+06 4.662E+02 2.865E+00 1.514E-01 4.602E-04 1.742E+03 1.000E+00 7.024E+01 0.000E+00
2.015E+06 8.258E+02 2.386E+00 1.514E-01 8.229E-04 1.322E+03 1.000E+00 7.025E+01 0.000E+00
5.048E+06 3.703E+02 3.039E+00 1.514E-01 1.488E-03 2.068E+03 1.000E+00 7.026E+01 0.000E+00
9.219E+07 7.216E+02 2.504E+00 1.514E-01 2.706E-03 1.393E+03 1.000E+00 7.029E+01 0.000E+00
2.674E+07 8.784E+02 2.336E+00 1.514E-01 4.940E-03 1.299E+03 1.000E+00 7.034E+01 0.000E+00
1.572E+07 8.208E+02 2.390E+00 1.915E-01 2.486E-05 1.334E+03 1.000E+00 7.023E+01 0.000E+00
1.195E+06 2.835E+02 3.200E+00 1.915E-01 2.490E-05 2.822E+03 1.000E+00 7.023E+01 0.000E+00
2.258E+07 8.208E+02 2.390E+00 1.915E-01 2.497E-05 1.334E+03 1.000E+00 7.023E+01 0.000E+00
4.723E+07 8.208E+02 2.390E+00 1.915E-01 2.511E-05 1.334E+03 1.000E+00 7.023E+01 0.000E+00
2.499E+06 5.591E+02 2.718E+00 1.915E-01 2.536E-05 1.575E+03 1.000E+00 7.023E+01 0.000E+00
5.637E+06 5.591E+02 2.718E+00 1.915E-01 2.582E-05 1.574E+03 1.000E+00 7.023E+01 0.000E+00
3.136E+06 6.363E+02 2.609E+00 1.915E-01 2.667E-05 1.478E+03 1.000E+00 7.023E+01 0.000E+00
4.199E+06 7.752E+02 2.440E+00 1.915E-01 2.822E-05 1.362E+03 1.000E+00 7.023E+01 0.000E+00
1.050E+07 7.789E+02 2.435E+00 1.915E-01 3.107E-05 1.361E+03 1.000E+00 7.023E+01 0.000E+00
6.486E+07 4.936E+02 2.819E+00 1.915E-01 3.629E-05 1.689E+03 1.000E+00 7.023E+01 0.000E+00
3.452E+06 6.568E+02 2.582E+00 1.915E-01 4.585E-05 1.457E+03 1.000E+00 7.023E+01 0.000E+00
3.409E+06 2.760E+02 3.214E+00 1.915E-01 6.338E-05 2.944E+03 1.000E+00 7.023E+01 0.000E+00
5.026E+06 6.523E+02 2.588E+00 1.915E-01 9.551E-05 1.461E+03 1.000E+00 7.023E+01 0.000E+00
1.776E+06 6.225E+02 2.628E+00 1.915E-01 1.544E-04 1.493E+03 1.000E+00 7.023E+01 0.000E+00
6.563E+06 6.392E+02 2.605E+00 1.915E-01 2.624E-04 1.475E+03 1.000E+00 7.024E+01 0.000E+00
2.354E+06 9.703E+02 2.247E+00 1.915E-01 4.602E-04 1.264E+03 1.000E+00 7.024E+01 0.000E+00
1.947E+07 8.779E+02 2.333E+00 1.915E-01 8.229E-04 1.304E+03 1.000E+00 7.025E+01 0.000E+00
1.939E+06 7.661E+02 2.451E+00 1.915E-01 1.488E-03 1.369E+03 1.000E+00 7.027E+01 0.000E+00
3.919E+06 3.452E+02 3.090E+00 1.915E-01 2.706E-03 2.205E+03 1.000E+00 7.029E+01 0.000E+00
1.810E+06 4.555E+02 2.893E+00 1.915E-01 4.940E-03 1.769E+03 1.000E+00 7.034E+01 0.000E+00
4.767E+06 9.564E+02 2.259E+00 2.422E-01 2.486E-05 1.285E+03 1.000E+00 7.023E+01 0.000E+00
4.798E+06 9.564E+02 2.259E+00 2.422E-01 2.490E-05 1.285E+03 1.000E+00 7.023E+01 0.000E+00
6.681E+06 5.102E+02 2.793E+00 2.422E-01 2.497E-05 1.666E+03 1.000E+00 7.023E+01 0.000E+00
1.436E+07 5.102E+02 2.793E+00 2.422E-01 2.511E-05 1.666E+03 1.000E+00 7.023E+01 0.000E+00
2.672E+06 5.012E+02 2.807E+00 2.422E-01 2.536E-05 1.686E+03 1.000E+00 7.023E+01 0.000E+00
9.293E+06 5.012E+02 2.807E+00 2.422E-01 2.582E-05 1.684E+03 1.000E+00 7.023E+01 0.000E+00
2.231E+06 5.180E+02 2.781E+00 2.422E-01 2.667E-05 1.652E+03 1.000E+00 7.023E+01 0.000E+00
5.936E+06 5.074E+02 2.797E+00 2.422E-01 2.822E-05 1.672E+03 1.000E+00 7.023E+01 0.000E+00
5.205E+06 5.528E+02 2.727E+00 2.422E-01 3.107E-05 1.595E+03 1.000E+00 7.023E+01 0.000E+00
2.187E+06 6.725E+02 2.562E+00 2.422E-01 3.629E-05 1.454E+03 1.000E+00 7.023E+01 0.000E+00
1.771E+06 6.113E+02 2.643E+00 2.422E-01 4.585E-05 1.518E+03 1.000E+00 7.023E+01 0.000E+00
3.208E+06 3.350E+02 3.103E+00 2.422E-01 6.338E-05 2.297E+03 1.000E+00 7.023E+01 0.000E+00
4.987E+07 8.219E+02 2.389E+00 2.422E-01 9.551E-05 1.346E+03 1.000E+00 7.023E+01 0.000E+00
1.587E+06 8.444E+02 2.366E+00 2.422E-01 1.544E-04 1.335E+03 1.000E+00 7.024E+01 0.000E+00
1.178E+07 7.213E+02 2.502E+00 2.422E-01 2.624E-04 1.413E+03 1.000E+00 7.024E+01 0.000E+00
1.206E+06 6.825E+02 2.550E+00 2.422E-01 4.602E-04 1.445E+03 1.000E+00 7.024E+01 0.000E+00
2.880E+06 4.842E+02 2.836E+00 2.422E-01 8.229E-04 1.718E+03 1.000E+00 7.025E+01 0.000E+00
3.933E+07 7.882E+02 2.427E+00 2.422E-01 1.488E-03 1.368E+03 1.000E+00 7.027E+01 0.000E+00
3.041E+06 9.549E+02 2.262E+00 2.422E-01 2.706E-03 1.288E+03 1.000E+00 7.029E+01 0.000E+00
1.644E+06 2.906E+02 3.205E+00 2.422E-01 4.940E-03 2.657E+03 1.000E+00 7.035E+01 0.000E+00
2.495E+06 3.704E+02 3.036E+00 3.064E-01 2.486E-05 2.100E+03 1.000E+00 7.023E+01 0.000E+00
2.693E+06 3.704E+02 3.036E+00 3.064E-01 2.490E-05 2.100E+03 1.000E+00 7.023E+01 0.000E+00
3.154E+06 3.704E+02 3.036E+00 3.064E-01 2.497E-05 2.100E+03 1.000E+00 7.023E+01 0.000E+00
4.629E+06 3.704E+02 3.036E+00 3.064E-01 2.511E-05 2.100E+03 1.000E+00 7.023E+01 0.000E+00
3.837E+07 3.704E+02 3.036E+00 3.064E-01 2.536E-05 2.100E+03 1.000E+00 7.023E+01 0.000E+00
8.068E+06 5.742E+02 2.696E+00 3.064E-01 2.582E-05 1.579E+03 1.000E+00 7.023E+01 0.000E+00
2.991E+07 5.660E+02 2.708E+00 3.064E-01 2.667E-05 1.603E+03 1.000E+00 7.023E+01 0.000E+00
6.485E+05 3.287E+02 3.115E+00 3.064E-01 2.822E-05 2.354E+03 1.000E+00 7.023E+01 0.000E+00
2.937E+06 6.559E+02 2.583E+00 3.064E-01 3.107E-05 1.488E+03 1.000E+00 7.023E+01 0.000E+00
3.047E+06 8.097E+02 2.402E+00 3.064E-01 3.629E-05 1.371E+03 1.000E+00 7.023E+01 0.000E+00
1.100E+06 7.007E+02 2.527E+00 3.064E-01 4.585E-05 1.446E+03 1.000E+00 7.023E+01 0.000E+00
3.231E+07 8.084E+02 2.404E+00 3.064E-01 6.338E-05 1.371E+03 1.000E+00 7.024E+01 0.000E+00
2.361E+06 7.234E+02 2.499E+00 3.064E-01 9.551E-05 1.429E+03 1.000E+00 7.024E+01 0.000E+00
1.213E+06 5.030E+02 2.805E+00 3.064E-01 1.544E-04 1.694E+03 1.000E+00 7.024E+01 0.000E+00
2.332E+07 8.646E+02 2.346E+00 3.064E-01 2.624E-04 1.342E+03 1.000E+00 7.024E+01 0.000E+00
4.059E+06 7.574E+02 2.460E+00 3.064E-01 4.602E-04 1.404E+03 1.000E+00 7.024E+01 0.000E+00
2.413E+06 7.883E+02 2.426E+00 3.064E-01 8.229E-04 1.385E+03 1.000E+00 7.025E+01 0.000E+00
2.663E+06 4.778E+02 2.848E+00 3.064E-01 1.488E-03 1.746E+03 1.000E+00 7.027E+01 0.000E+00
5.918E+08 9.108E+02 2.303E+00 3.064E-01 2.706E-03 1.327E+03 1.000E+00 7.030E+01 0.000E+00
1.348E+06 9.734E+02 2.248E+00 3.064E-01 4.940E-03 1.382E+03 1.000E+00 7.035E+01 0.000E+00
5.013E+06 8.420E+02 2.368E+00 3.875E-01 2.486E-05 1.381E+03 1.000E+00 7.024E+01 0.000E+00
5.154E+06 8.420E+02 2.368E+00 3.875E-01 2.490E-05 1.380E+03 1.000E+00 7.024E+01 0.000E+00
5.435E+06 8.420E+02 2.368E+00 3.875E-01 2.497E-05 1.380E+03 1.000E+00 7.024E+01 0.000E+00
6.042E+06 8.420E+02 2.368E+00 3.875E-01 2.511E-05 1.380E+03 1.000E+00 7.024E+01 0.000E+00
2.050E+07 3.759E+02 3.026E+00 3.875E-01 2.536E-05 2.090E+03 1.000E+00 7.024E+01 0.000E+00
1.504E+07 8.420E+02 2.368E+00 3.875E-01 2.582E-05 1.380E+03 1.000E+00 7.024E+01 0.000E+00
4.411E+06 7.003E+02 2.527E+00 3.875E-01 2.667E-05 1.469E+03 1.000E+00 7.024E+01 0.000E+00
5.043E+06 3.922E+02 2.996E+00 3.875E-01 2.822E-05 2.021E+03 1.000E+00 7.024E+01 0.000E+00
4.826E+06 7.079E+02 2.518E+00 3.875E-01 3.107E-05 1.463E+03 1.000E+00 7.024E+01 0.000E+00
4.490E+06 7.884E+02 2.425E+00 3.875E-01 3.629E-05 1.409E+03 1.000E+00 7.024E+01 0.000E+00
1.406E+07 3.477E+02 3.080E+00 3.875E-01 4.585E-05 2.239E+03 1.000E+00 7.024E+01 0.000E+00
3.237E+06 5.889E+02 2.675E+00 3.875E-01 6.338E-05 1.581E+03 1.000E+00 7.024E+01 0.000E+00
2.875E+06 7.759E+02 2.439E+00 3.875E-01 9.551E-05 1.417E+03 1.000E+00 7.024E+01 0.000E+00
4.409E+06 8.731E+02 2.337E+00 3.875E-01 1.544E-04 1.365E+03 1.000E+00 7.024E+01 0.000E+00
4.634E+06 8.093E+02 2.403E+00 3.875E-01 2.624E-04 1.398E+03 1.000E+00 7.024E+01 0.000E+00
4.104E+06 8.308E+02 2.380E+00 3.875E-01 4.602E-04 1.391E+03 1.000E+00 7.025E+01 0.000E+00
9.633E+06 9.788E+02 2.240E+00 3.875E-01 8.229E-04 1.327E+03 1.000E+00 7.025E+01 0.000E+00
1.001E+07 7.981E+02 2.416E+00 3.875E-01 1.488E-03 1.412E+03 1.000E+00 7.027E+01 0.000E+00
9.892E+05 2.674E+02 3.244E+00 3.875E-01 2.706E-03 3.053E+03 1.000E+00 7.030E+01 0.000E+00
8.957E+06 5.721E+02 2.707E+00 3.875E-01 4.940E-03 1.609E+03 1.000E+00 7.035E+01 0.000E+00
6.834E+06 3.861E+02 3.008E+00 4.902E-01 2.486E-05 2.069E+03 1.000E+00 7.024E+01 0.000E+00
8.608E+06 3.861E+02 3.008E+00 4.902E-01 2.490E-05 2.068E+03 1.000E+00 7.024E+01 0.000E+00
1.654E+07 3.861E+02 3.008E+00 4.902E-01 2.497E-05 2.068E+03 1.000E+00 7.024E+01 0.000E+00
2.715E+06 3.874E+02 3.006E+00 4.902E-01 2.511E-05 2.071E+03 1.000E+00 7.024E+01 0.000E+00
5.320E+06 3.874E+02 3.006E+00 4.902E-01 2.536E-05 2.070E+03 1.000E+00 7.024E+01 0.000E+00
1.045E+08 2.903E+02 3.191E+00 4.902E-01 2.582E-05 2.758E+03 1.000E+00 7.024E+01 0.000E+00
1.106E+06 2.926E+02 3.187E+00 4.902E-01 2.667E-05 2.729E+03 1.000E+00 7.024E+01 0.000E+00
2.672E+07 2.863E+02 3.199E+00 4.902E-01 2.822E-05 2.809E+03 1.000E+00 7.024E+01 0.000E+00
1.517E+07 8.055E+02 2.407E+00 4.902E-01 3.107E-05 1.438E+03 1.000E+00 7.024E+01 0.000E+00
8.128E+06 7.880E+02 2.426E+00 4.902E-01 3.629E-05 1.448E+03 1.000E+00 7.024E+01 0.000E+00
6.205E+07 3.393E+02 3.097E+00 4.902E-01 4.585E-05 2.312E+03 1.000E+00 7.024E+01 0.000E+00
1.590E+07 9.725E+02 2.245E+00 4.902E-01 6.338E-05 1.372E+03 1.000E+00 7.024E+01 0.000E+00
2.957E+07 9.678E+02 2.249E+00 4.902E-01 9.551E-05 1.376E+03 1.000E+00 7.024E+01 0.000E+00
9.898E+06 9.721E+02 2.245E+00 4.902E-01 1.544E-04 1.374E+03 1.000E+00 7.024E+01 0.000E+00
1.983E+06 3.510E+02 3.075E+00 4.902E-01 2.624E-04 2.258E+03 1.000E+00 7.024E+01 0.000E+00
7.019E+06 4.119E+02 2.962E+00 4.902E-01 4.602E-04 1.971E+03 1.000E+00 7.025E+01 0.000E+00
2.448E+07 4.909E+02 2.826E+00 4.902E-01 8.229E-04 1.766E+03 1.000E+00 7.026E+01 0.000E+00
2.963E+06 3.089E+02 3.160E+00 4.902E-01 1.488E-03 2.540E+03 1.000E+00 7.027E+01 0.000E+00
3.489E+06 7.559E+02 2.464E+00 4.902E-01 2.706E-03 1.476E+03 1.000E+00 7.030E+01 0.000E+00
7.495E+06 9.737E+02 2.248E+00 4.902E-01 4.940E-03 1.395E+03 1.000E+00 7.035E+01 0.000E+00
3.270E+07 8.060E+02 2.406E+00 6.200E-01 2.486E-05 1.504E+03 1.000E+00 7.024E+01 0.000E+00
4.327E+07 8.060E+02 2.406E+00 6.200E-01 2.490E-05 1.504E+03 1.000E+00 7.024E+01 0.000E+00
1.070E+08 8.060E+02 2.406E+00 6.200E-01 2.497E-05 1.504E+03 1.000E+00 7.024E+01 0.000E+00
4.364E+06 7.875E+02 2.426E+00 6.200E-01 2.511E-05 1.512E+03 1.000E+00 7.024E+01 0.000E+00
5.497E+06 7.875E+02 2.426E+00 6.200E-01 2.536E-05 1.512E+03 1.000E+00 7.024E+01 0.000E+00
1.080E+07 7.875E+02 2.426E+00 6.200E-01 2.582E-05 1.512E+03 1.000E+00 7.024E+01 0.000E+00
4.624E+06 9.522E+02 2.263E+00 6.200E-01 2.667E-05 1.459E+03 1.000E+00 7.024E+01 0.000E+00
6.220E+06 9.522E+02 2.263E+00 6.200E-01 2.822E-05 1.459E+03 1.000E+00 7.024E+01 0.000E+00
1.730E+07 9.242E+02 2.289E+00 6.200E-01 3.107E-05 1.466E+03 1.000E+00 7.024E+01 0.000E+00
6.168E+06 9.607E+02 2.255E+00 6.200E-01 3.629E-05 1.457E+03 1.000E+00 7.024E+01 0.000E+00
3.511E+06 7.090E+02 2.517E+00 6.200E-01 4.585E-05 1.556E+03 1.000E+00 7.024E+01 0.000E+00
6.611E+06 9.765E+02 2.242E+00 6.200E-01 6.338E-05 1.455E+03 1.000E+00 7.024E+01 0.000E+00
1.771E+06 4.056E+02 2.973E+00 6.200E-01 9.551E-05 2.029E+03 1.000E+00 7.024E+01 0.000E+00
1.995E+06 9.871E+02 2.232E+00 6.200E-01 1.544E-04 1.453E+03 1.000E+00 7.024E+01 0.000E+00
3.583E+07 5.953E+02 2.667E+00 6.200E-01 2.624E-04 1.654E+03 1.000E+00 7.025E+01 0.000E+00
9.408E+06 6.860E+02 2.546E+00 6.200E-01 4.602E-04 1.574E+03 1.000E+00 7.025E+01 0.000E+00
1.588E+07 3.027E+02 3.171E+00 6.200E-01 8.229E-04 2.631E+03 1.000E+00 7.026E+01 0.000E+00
1.511E+06 8.286E+02 2.384E+00 6.200E-01 1.488E-03 1.531E+03 1.000E+00 7.028E+01 0.000E+00
5.451E+06 7.290E+02 2.496E+00 6.200E-01 2.706E-03 1.599E+03 1.000E+00 7.030E+01 0.000E+00
1.512E+06 2.943E+02 3.202E+00 6.200E-01 4.940E-03 2.681E+03 1.000E+00 7.035E+01 0.000E+00
7.363E+07 8.093E+02 2.403E+00 7.842E-01 2.486E-05 1.637E+03 1.000E+00 7.025E+01 0.000E+00
1.603E+08 8.093E+02 2.403E+00 7.842E-01 2.490E-05 1.635E+03 1.000E+00 7.025E+01 0.000E+00
4.756E+06 8.080E+02 2.404E+00 7.842E-01 2.497E-05 1.635E+03 1.000E+00 7.025E+01 0.000E+00
5.333E+06 8.080E+02 2.404E+00 7.842E-01 2.511E-05 1.642E+03 1.000E+00 7.025E+01 0.000E+00
8.426E+06 5.181E+02 2.782E+00 7.842E-01 2.536E-05 1.832E+03 1.000E+00 7.025E+01 0.000E+00
1.532E+07 8.080E+02 2.405E+00 7.842E-01 2.582E-05 1.635E+03 1.000E+00 7.025E+01 0.000E+00
1.726E+07 7.790E+02 2.436E+00 7.842E-01 2.667E-05 1.652E+03 1.000E+00 7.025E+01 0.000E+00
1.353E+07 4.487E+02 2.897E+00 7.842E-01 2.822E-05 1.963E+03 1.000E+00 7.025E+01 0.000E+00
3.270E+06 9.413E+02 2.273E+00 7.842E-01 3.107E-05 1.638E+03 1.000E+00 7.025E+01 0.000E+00
1.478E+07 4.455E+02 2.903E+00 7.842E-01 3.629E-05 1.971E+03 1.000E+00 7.025E+01 0.000E+00
4.351E+06 9.455E+02 2.269E+00 7.842E-01 4.585E-05 1.639E+03 1.000E+00 7.025E+01 0.000E+00
2.559E+06 7.465E+02 2.473E+00 7.842E-01 6.338E-05 1.650E+03 1.000E+00 7.025E+01 0.000E+00
1.587E+06 8.520E+02 2.359E+00 7.842E-01 9.551E-05 1.654E+03 1.000E+00 7.025E+01 0.000E+00
5.873E+06 9.228E+02 2.290E+00 7.842E-01 1.544E-04 1.637E+03 1.000E+00 7.025E+01 0.000E+00
7.915E+07 6.116E+02 2.644E+00 7.842E-01 2.624E-04 1.726E+03 1.000E+00 7.025E+01 0.000E+00
4.560E+06 3.396E+02 3.100E+00 7.842E-01 4.602E-04 2.386E+03 1.000E+00 7.026E+01 0.000E+00
6.590E+06 5.623E+02 2.716E+00 7.842E-01 8.229E-04 1.784E+03 1.000E+00 7.026E+01 0.000E+00
8.787E+06 9.862E+02 2.234E+00 7.842E-01 1.488E-03 1.677E+03 1.000E+00 7.028E+01 0.000E+00
2.821E+06 7.250E+02 2.501E+00 7.842E-01 2.706E-03 1.687E+03 1.000E+00 7.031E+01 0.000E+00
4.146E+07 5.668E+02 2.716E+00 7.842E-01 4.940E-03 1.807E+03 1.000E+00 7.036E+01 0.000E+00
2.200E+07 2.717E+02 3.234E+00 9.919E-01 2.486E-05 3.121E+03 1.000E+00 7.025E+01 0.000E+00
7.333E+07 2.717E+02 3.234E+00 9.919E-01 2.490E-05 3.121E+03 1.000E+00 7.025E+01 0.000E+00
1.685E+06 9.734E+02 2.245E+00 9.919E-01 2.497E-05 2.783E+03 1.000E+00 7.025E+01 0.000E+00
1.690E+06 9.734E+02 2.245E+00 9.919E-01 2.511E-05 2.758E+03 1.000E+00 7.025E+01 0.000E+00
1.255E+07 7.219E+02 2.502E+00 9.919E-01 2.536E-05 1.952E+03 1.000E+00 7.025E+01 0.000E+00
7.523E+06 7.405E+02 2.480E+00 9.919E-01 2.582E-05 1.969E+03 1.000E+00 7.025E+01 0.000E+00
7.503E+06 6.698E+02 2.567E+00 9.919E-01 2.667E-05 1.924E+03 1.000E+00 7.025E+01 0.000E+00
1.831E+06 9.734E+02 2.245E+00 9.919E-01 2.822E-05 2.758E+03 1.000E+00 7.025E+01 0.000E+00
1.987E+06 9.734E+02 2.245E+00 9.919E-01 3.107E-05 2.759E+03 1.000E+00 7.025E+01 0.000E+00
1.867E+06 2.537E+02 3.268E+00 9.919E-01 3.629E-05 3.466E+03 1.000E+00 7.025E+01 0.000E+00
3.930E+06 9.734E+02 2.245E+00 9.919E-01 4.585E-05 2.761E+03 1.000E+00 7.025E+01 0.000E+00
1.273E+06 9.870E+02 2.233E+00 9.919E-01 6.338E-05 2.902E+03 1.000E+00 7.025E+01 0.000E+00
2.482E+06 6.316E+02 2.617E+00 9.919E-01 9.551E-05 1.919E+03 1.000E+00 7.025E+01 0.000E+00
4.064E+06 9.236E+02 2.290E+00 9.919E-01 1.544E-04 2.443E+03 1.000E+00 7.025E+01 0.000E+00
8.598E+06 9.391E+02 2.275E+00 9.919E-01 2.624E-04 2.579E+03 1.000E+00 7.026E+01 0.000E+00
1.729E+06 9.383E+02 2.276E+00 9.919E-01 4.602E-04 2.567E+03 1.000E+00 7.026E+01 0.000E+00
4.820E+06 8.287E+02 2.384E+00 9.919E-01 8.229E-04 2.153E+03 1.000E+00 7.027E+01 0.000E+00
1.108E+06 3.361E+02 3.111E+00 9.919E-01 1.488E-03 2.489E+03 1.000E+00 7.028E+01 0.000E+00
4.898E+07 8.974E+02 2.316E+00 9.919E-01 2.706E-03 2.607E+03 1.000E+00 7.031E+01 0.000E+00
3.562E+06 7.491E+02 2.475E+00 9.919E-01 4.940E-03 2.208E+03 1.000E+00 7.036E+01 0.000E+00
3.079E+06 6.214E+02 2.631E+00 1.255E+00 2.486E-05 3.186E+03 1.000E+00 7.026E+01 0.000E+00
3.231E+06 6.214E+02 2.631E+00 1.255E+00 2.490E-05 3.186E+03 1.000E+00 7.026E+01 0.000E+00
6.523E+05 2.005E+02 3.367E+00 1.255E+00 2.497E-05 NAN 1.000E+00 7.026E+01 0.000E+00
1.214E+07 2.076E+02 3.355E+00 1.255E+00 2.511E-05 5.782E+03 1.000E+00 7.026E+01 0.000E+00
1.189E+06 2.099E+02 3.352E+00 1.255E+00 2.536E-05 5.606E+03 1.000E+00 7.026E+01 0.000E+00
4.630E+06 6.115E+02 2.645E+00 1.255E+00 2.582E-05 3.017E+03 1.000E+00 7.026E+01 0.000E+00
9.914E+05 3.066E+02 3.168E+00 1.255E+00 2.667E-05 2.840E+03 1.000E+00 7.026E+01 0.000E+00
1.015E+06 3.111E+02 3.159E+00 1.255E+00 2.822E-05 2.804E+03 1.000E+00 7.026E+01 0.000E+00
4.430E+07 5.369E+02 2.754E+00 1.255E+00 3.107E-05 2.471E+03 1.000E+00 7.026E+01 0.000E+00
1.595E+06 6.589E+02 2.581E+00 1.255E+00 3.629E-05 4.866E+03 1.000E+00 7.026E+01 0.000E+00
1.458E+06 3.730E+02 3.038E+00 1.255E+00 4.585E-05 2.492E+03 1.000E+00 7.026E+01 0.000E+00
1.652E+07 5.467E+02 2.739E+00 1.255E+00 6.338E-05 2.508E+03 1.000E+00 7.026E+01 0.000E+00
4.757E+06 2.413E+02 3.297E+00 1.255E+00 9.551E-05 3.848E+03 1.000E+00 7.026E+01 0.000E+00
5.187E+06 3.640E+02 3.055E+00 1.255E+00 1.544E-04 2.524E+03 1.000E+00 7.026E+01 0.000E+00
3.617E+06 3.976E+02 2.992E+00 1.255E+00 2.624E-04 2.454E+03 1.000E+00 7.026E+01 0.000E+00
2.429E+06 4.518E+02 2.895E+00 1.255E+00 4.602E-04 2.380E+03 1.000E+00 7.027E+01 0.000E+00
2.176E+06 4.584E+02 2.884E+00 1.255E+00 8.229E-04 2.743E+03 1.000E+00 7.027E+01 0.000E+00
5.384E+06 3.511E+02 3.084E+00 1.255E+00 1.488E-03 2.593E+03 1.000E+00 7.029E+01 0.000E+00
2.464E+06 6.062E+02 2.656E+00 1.255E+00 2.706E-03 3.905E+03 1.000E+00 7.032E+01 0.000E+00
1.334E+06 6.211E+02 2.638E+00 1.255E+00 4.940E-03 1.000E+04 1.000E+00 7.037E+01 0.000E+00
9.331E+05 2.633E+02 3.259E+00 1.587E+00 2.486E-05 3.584E+03 1.000E+00 7.026E+01 0.000E+00
9.562E+05 2.633E+02 3.259E+00 1.587E+00 2.490E-05 3.584E+03 1.000E+00 7.026E+01 0.000E+00
1.422E+06 2.602E+02 3.265E+00 1.587E+00 2.497E-05 3.629E+03 1.000E+00 7.026E+01 0.000E+00
1.099E+06 2.633E+02 3.259E+00 1.587E+00 2.511E-05 3.584E+03 1.000E+00 7.026E+01 0.000E+00
2.602E+08 3.461E+02 3.093E+00 1.587E+00 2.536E-05 3.122E+03 1.000E+00 7.026E+01 0.000E+00
9.196E+05 2.198E+02 3.342E+00 1.587E+00 2.582E-05 4.794E+03 1.000E+00 7.026E+01 0.000E+00
1.261E+06 2.198E+02 3.342E+00 1.587E+00 2.667E-05 4.780E+03 1.000E+00 7.026E+01 0.000E+00
4.777E+06 2.198E+02 3.343E+00 1.587E+00 2.822E-05 4.780E+03 1.000E+00 7.026E+01 0.000E+00
1.520E+06 2.102E+02 3.359E+00 1.587E+00 3.107E-05 5.414E+03 1.000E+00 7.026E+01 0.000E+00
5.076E+05 2.172E+02 3.347E+00 1.587E+00 3.629E-05 4.921E+03 1.000E+00 7.026E+01 0.000E+00
6.153E+05 2.462E+02 3.293E+00 1.587E+00 4.585E-05 3.887E+03 1.000E+00 7.026E+01 0.000E+00
3.958E+06 2.919E+02 3.202E+00 1.587E+00 6.338E-05 3.286E+03 1.000E+00 7.026E+01 0.000E+00
5.774E+06 3.149E+02 3.155E+00 1.587E+00 9.551E-05 3.164E+03 1.000E+00 7.027E+01 0.000E+00
1.133E+07 2.634E+02 3.259E+00 1.587E+00 1.544E-04 3.584E+03 1.000E+00 7.027E+01 0.000E+00
3.427E+06 3.264E+02 3.133E+00 1.587E+00 2.624E-04 3.143E+03 1.000E+00 7.027E+01 0.000E+00
5.668E+05 3.002E+02 3.186E+00 1.587E+00 4.602E-04 3.255E+03 1.000E+00 7.027E+01 0.000E+00
7.660E+05 2.137E+02 3.357E+00 1.587E+00 8.229E-04 5.090E+03 1.000E+00 7.028E+01 0.000E+00
1.522E+07 2.450E+02 3.302E+00 1.587E+00 1.488E-03 3.912E+03 1.000E+00 7.030E+01 0.000E+00
7.281E+05 2.132E+02 3.368E+00 1.587E+00 2.706E-03 5.005E+03 1.000E+00 7.033E+01 0.000E+00
3.705E+06 2.641E+02 3.277E+00 1.587E+00 4.940E-03 3.668E+03 1.000E+00 7.038E+01 0.000E+00
NAN NAN NAN 2.007E+00 2.486E-05 NAN 1.000E+00 7.027E+01 0.000E+00
NAN NAN NAN 2.007E+00 2.490E-05 NAN 1.000E+00 7.027E+01 0.000E+00
NAN NAN NAN 2.007E+00 2.497E-05 NAN 1.000E+00 7.027E+01 0.000E+00
NAN NAN NAN 2.007E+00 2.511E-05 NAN 1.000E+00 7.027E+01 0.000E+00
NAN NAN NAN 2.007E+00 2.536E-05 NAN 1.000E+00 7.027E+01 0.000E+00
NAN NAN NAN 2.007E+00 2.582E-05 NAN 1.000E+00 7.027E+01 0.000E+00
NAN NAN NAN 2.007E+00 2.667E-05 NAN 1.000E+00 7.027E+01 0.000E+00
NAN NAN NAN 2.007E+00 2.822E-05 NAN 1.000E+00 7.027E+01 0.000E+00
NAN NAN NAN 2.007E+00 3.107E-05 NAN 1.000E+00 7.027E+01 0.000E+00
NAN NAN NAN 2.007E+00 3.629E-05 NAN 1.000E+00 7.027E+01 0.000E+00
NAN NAN NAN 2.007E+00 4.585E-05 NAN 1.000E+00 7.027E+01 0.000E+00
NAN NAN NAN 2.007E+00 6.338E-05 NAN 1.000E+00 7.027E+01 0.000E+00
NAN NAN NAN 2.007E+00 9.551E-05 NAN 1.000E+00 7.028E+01 0.000E+00
NAN NAN NAN 2.007E+00 1.544E-04 NAN 1.000E+00 7.028E+01 0.000E+00
NAN NAN NAN 2.007E+00 2.624E-04 NAN 1.000E+00 7.028E+01 0.000E+00
NAN NAN NAN 2.007E+00 4.602E-04 NAN 1.000E+00 7.028E+01 0.000E+00
NAN NAN NAN 2.007E+00 8.229E-04 NAN 1.000E+00 7.029E+01 0.000E+00
NAN NAN NAN 2.007E+00 1.488E-03 NAN 1.000E+00 7.031E+01 0.000E+00
NAN NAN NAN 2.007E+00 2.706E-03 NAN 1.000E+00 7.034E+01 0.000E+00
NAN NAN NAN 2.007E+00 4.940E-03 NAN 1.000E+00 7.039E+01 0.000E+00
NAN NAN NAN 2.539E+00 2.486E-05 NAN 1.000E+00 7.029E+01 0.000E+00
NAN NAN NAN 2.539E+00 2.490E-05 NAN 1.000E+00 7.029E+01 0.000E+00
NAN NAN NAN 2.539E+00 2.497E-05 NAN 1.000E+00 7.029E+01 0.000E+00
NAN NAN NAN 2.539E+00 2.511E-05 NAN 1.000E+00 7.029E+01 0.000E+00
NAN NAN NAN 2.539E+00 2.536E-05 NAN 1.000E+00 7.029E+01 0.000E+00
NAN NAN NAN 2.539E+00 2.582E-05 NAN 1.000E+00 7.029E+01 0.000E+00
NAN NAN NAN 2.539E+00 2.667E-05 NAN 1.000E+00 7.029E+01 0.000E+00
NAN NAN NAN 2.539E+00 2.822E-05 NAN 1.000E+00 7.029E+01 0.000E+00
NAN NAN NAN 2.539E+00 3.107E-05 NAN 1.000E+00 7.029E+01 0.000E+00
NAN NAN NAN 2.539E+00 3.629E-05 NAN 1.000E+00 7.029E+01 0.000E+00
NAN NAN NAN 2.539E+00 4.585E-05 NAN 1.000E+00 7.029E+01 0.000E+00
NAN NAN NAN 2.539E+00 6.338E-05 NAN 1.000E+00 7.029E+01 0.000E+00
NAN NAN NAN 2.539E+00 9.551E-05 NAN 1.000E+00 7.029E+01 0.000E+00
NAN NAN NAN 2.539E+00 1.544E-04 NAN 1.000E+00 7.029E+01 0.000E+00
NAN NAN NAN 2.539E+00 2.624E-04 NAN 1.000E+00 7.029E+01 0.000E+00
NAN NAN NAN 2.539E+00 4.602E-04 NAN 1.000E+00 7.030E+01 0.000E+00
NAN NAN NAN 2.539E+00 8.229E-04 NAN 1.000E+00 7.030E+01 0.000E+00
NAN NAN NAN 2.539E+00 1.488E-03 NAN 1.000E+00 7.032E+01 0.000E+00
NAN NAN NAN 2.539E+00 2.706E-03 NAN 1.000E+00 7.035E+01 0.000E+00
NAN NAN NAN 2.539E+00 4.940E-03 NAN 1.000E+00 7.040E+01 0.000E+00
NAN NAN NAN 3.211E+00 2.486E-05 NAN 1.000E+00 7.030E+01 0.000E+00
NAN NAN NAN 3.211E+00 2.490E-05 NAN 1.000E+00 7.030E+01 0.000E+00
NAN NAN NAN 3.211E+00 2.497E-05 NAN 1.000E+00 7.030E+01 0.000E+00
NAN NAN NAN 3.211E+00 2.511E-05 NAN 1.000E+00 7.030E+01 0.000E+00
NAN NAN NAN 3.211E+00 2.536E-05 NAN 1.000E+00 7.030E+01 0.000E+00
NAN NAN NAN 3.211E+00 2.582E-05 NAN 1.000E+00 7.030E+01 0.000E+00
NAN NAN NAN 3.211E+00 2.667E-05 NAN 1.000E+00 7.030E+01 0.000E+00
NAN NAN NAN 3.211E+00 2.822E-05 NAN 1.000E+00 7.030E+01 0.000E+00
NAN NAN NAN 3.211E+00 3.107E-05 NAN 1.000E+00 7.030E+01 0.000E+00
NAN NAN NAN 3.211E+00 3.629E-05 NAN 1.000E+00 7.030E+01 0.000E+00
NAN NAN NAN 3.211E+00 4.585E-05 NAN 1.000E+00 7.030E+01 0.000E+00
NAN NAN NAN 3.211E+00 6.338E-05 NAN 1.000E+00 7.030E+01 0.000E+00
NAN NAN NAN 3.211E+00 9.551E-05 NAN 1.000E+00 7.030E+01 0.000E+00
NAN NAN NAN 3.211E+00 1.544E-04 NAN 1.000E+00 7.030E+01 0.000E+00
NAN NAN NAN 3.211E+00 2.624E-04 NAN 1.000E+00 7.031E+01 0.000E+00
NAN NAN NAN 3.211E+00 4.602E-04 NAN 1.000E+00 7.031E+01 0.000E+00
NAN NAN NAN 3.211E+00 8.229E-04 NAN 1.000E+00 7.032E+01 0.000E+00
NAN NAN NAN 3.211E+00 1.488E-03 NAN 1.000E+00 7.033E+01 0.000E+00
NAN NAN NAN 3.211E+00 2.706E-03 NAN 1.000E+00 7.036E+01 0.000E+00
NAN NAN NAN 3.211E+00 4.940E-03 NAN 1.000E+00 7.041E+01 0.000E+00
NAN NAN NAN 4.062E+00 2.486E-05 NAN 1.000E+00 7.032E+01 0.000E+00
NAN NAN NAN 4.062E+00 2.490E-05 NAN 1.000E+00 7.032E+01 0.000E+00
NAN NAN NAN 4.062E+00 2.497E-05 NAN 1.000E+00 7.032E+01 0.000E+00
NAN NAN NAN 4.062E+00 2.511E-05 NAN 1.000E+00 7.032E+01 0.000E+00
NAN NAN NAN 4.062E+00 2.536E-05 NAN 1.000E+00 7.032E+01 0.000E+00
NAN NAN NAN 4.062E+00 2.582E-05 NAN 1.000E+00 7.032E+01 0.000E+00
NAN NAN NAN 4.062E+00 2.667E-05 NAN 1.000E+00 7.032E+01 0.000E+00
NAN NAN NAN 4.062E+00 2.822E-05 NAN 1.000E+00 7.032E+01 0.000E+00
NAN NAN NAN 4.062E+00 3.107E-05 NAN 1.000E+00 7.032E+01 0.000E+00
NAN NAN NAN 4.062E+00 3.629E-05 NAN 1.000E+00 7.032E+01 0.000E+00
NAN NAN NAN 4.062E+00 4.585E-05 NAN 1.000E+00 7.032E+01 0.000E+00
NAN NAN NAN 4.062E+00 6.338E-05 NAN 1.000E+00 7.032E+01 0.000E+00
NAN NAN NAN 4.062E+00 9.551E-05 NAN 1.000E+00 7.032E+01 0.000E+00
NAN NAN NAN 4.062E+00 1.544E-04 NAN 1.000E+00 7.032E+01 0.000E+00
NAN NAN NAN 4.062E+00 2.624E-04 NAN 1.000E+00 7.033E+01 0.000E+00
NAN NAN NAN 4.062E+00 4.602E-04 NAN 1.000E+00 7.033E+01 0.000E+00
NAN NAN NAN 4.062E+00 8.229E-04 NAN 1.000E+00 7.034E+01 0.000E+00
NAN NAN NAN 4.062E+00 1.488E-03 NAN 1.000E+00 7.035E+01 0.000E+00
NAN NAN NAN 4.062E+00 2.706E-03 NAN 1.000E+00 7.038E+01 0.000E+00
NAN NAN NAN 4.062E+00 4.940E-03 NAN 1.000E+00 7.043E+01 0.000E+00
NAN NAN NAN 5.138E+00 2.486E-05 NAN 1.000E+00 7.035E+01 3.000E+00
NAN NAN NAN 5.138E+00 2.490E-05 NAN 1.000E+00 7.035E+01 3.000E+00
NAN NAN NAN 5.138E+00 2.497E-05 NAN 1.000E+00 7.035E+01 3.000E+00
NAN NAN NAN 5.138E+00 2.511E-05 NAN 1.000E+00 7.035E+01 3.000E+00
NAN NAN NAN 5.138E+00 2.536E-05 NAN 1.000E+00 7.035E+01 3.000E+00
NAN NAN NAN 5.138E+00 2.582E-05 NAN 1.000E+00 7.035E+01 3.000E+00
NAN NAN NAN 5.138E+00 2.667E-05 NAN 1.000E+00 7.035E+01 3.000E+00
NAN NAN NAN 5.138E+00 2.822E-05 NAN 1.000E+00 7.035E+01 3.000E+00
NAN NAN NAN 5.138E+00 3.107E-05 NAN 1.000E+00 7.035E+01 3.000E+00
NAN NAN NAN 5.138E+00 3.629E-05 NAN 1.000E+00 7.035E+01 3.000E+00
NAN NAN NAN 5.138E+00 4.585E-05 NAN 1.000E+00 7.035E+01 3.000E+00
NAN NAN NAN 5.138E+00 6.338E-05 NAN 1.000E+00 7.035E+01 3.000E+00
NAN NAN NAN 5.138E+00 9.551E-05 NAN 1.000E+00 7.035E+01 3.000E+00
NAN NAN NAN 5.138E+00 1.544E-04 NAN 1.000E+00 7.035E+01 3.000E+00
NAN NAN NAN 5.138E+00 2.624E-04 NAN 1.000E+00 7.035E+01 3.000E+00
NAN NAN NAN 5.138E+00 4.602E-04 NAN 1.000E+00 7.036E+01 3.000E+00
NAN NAN NAN 5.138E+00 8.229E-04 NAN 1.000E+00 7.036E+01 3.000E+00
NAN NAN NAN 5.138E+00 1.488E-03 NAN 1.000E+00 7.038E+01 3.000E+00
NAN NAN NAN 5.138E+00 2.706E-03 NAN 1.000E+00 7.041E+01 3.000E+00
NAN NAN NAN 5.138E+00 4.940E-03 NAN 1.000E+00 7.046E+01 3.000E+00
