4.948E+07 2.879E+02 5.104E-02 5.137E-05 1.244E-04 3.382E+03 2.999E-01 1.116E+00 2.000E+00
3.396E+07 2.655E+02 5.176E-02 5.137E-05 1.244E-04 3.554E+03 2.999E-01 1.116E+00 2.000E+00
7.545E+07 2.537E+02 5.212E-02 5.137E-05 1.245E-04 3.728E+03 2.999E-01 1.116E+00 2.000E+00
2.143E+09 2.586E+02 5.197E-02 5.137E-05 1.246E-04 3.647E+03 2.999E-01 1.116E+00 2.000E+00
2.793E+08 2.713E+02 5.157E-02 5.137E-05 1.249E-04 3.489E+03 2.999E-01 1.116E+00 2.000E+00
4.597E+07 2.502E+02 5.223E-02 5.137E-05 1.253E-04 3.796E+03 3.000E-01 1.116E+00 2.000E+00
7.847E+07 2.345E+02 5.271E-02 5.137E-05 1.262E-04 4.215E+03 3.001E-01 1.116E+00 2.000E+00
1.370E+08 2.368E+02 5.265E-02 5.137E-05 1.277E-04 4.144E+03 3.002E-01 1.116E+00 2.000E+00
1.717E+08 2.160E+02 5.326E-02 5.137E-05 1.306E-04 5.169E+03 3.006E-01 1.116E+00 2.000E+00
5.908E+07 2.347E+02 5.275E-02 5.137E-05 1.358E-04 4.198E+03 3.011E-01 1.116E+00 2.000E+00
5.875E+07 2.345E+02 5.280E-02 5.137E-05 1.454E-04 4.196E+03 3.022E-01 1.116E+00 2.000E+00
2.168E+08 2.390E+02 5.274E-02 5.137E-05 1.629E-04 4.059E+03 3.041E-01 1.117E+00 2.000E+00
5.448E+07 2.093E+02 5.377E-02 5.137E-05 1.950E-04 5.389E+03 3.077E-01 1.118E+00 2.000E+00
6.356E+08 2.419E+02 5.306E-02 5.137E-05 2.539E-04 4.150E+03 3.142E-01 1.119E+00 2.000E+00
4.976E+07 2.011E+02 5.490E-02 5.137E-05 3.619E-04 5.488E+03 3.260E-01 1.121E+00 2.000E+00
NAN NAN NAN 5.137E-05 5.598E-04 NAN 3.478E-01 1.126E+00 2.000E+00
NAN NAN NAN 5.137E-05 9.225E-04 NAN 3.872E-01 1.134E+00 2.000E+00
NAN NAN NAN 5.137E-05 1.587E-03 NAN 4.577E-01 1.149E+00 2.000E+00
NAN NAN NAN 5.137E-05 2.806E-03 NAN 5.792E-01 1.177E+00 2.000E+00
NAN NAN NAN 5.137E-05 5.040E-03 NAN 7.533E-01 1.229E+00 2.000E+00
5.920E+08 2.537E+02 5.212E-02 6.498E-05 1.244E-04 3.729E+03 2.999E-01 1.116E+00 2.000E+00
1.281E+08 2.592E+02 5.195E-02 6.498E-05 1.244E-04 3.658E+03 2.999E-01 1.116E+00 2.000E+00
2.613E+08 2.586E+02 5.197E-02 6.498E-05 1.245E-04 3.647E+03 2.999E-01 1.116E+00 2.000E+00
1.564E+08 2.206E+02 5.310E-02 6.498E-05 1.246E-04 4.875E+03 3.000E-01 1.116E+00 2.000E+00
1.179E+09 2.704E+02 5.160E-02 6.498E-05 1.249E-04 3.499E+03 3.000E-01 1.116E+00 2.000E+00
4.540E+08 2.395E+02 5.256E-02 6.498E-05 1.253E-04 4.059E+03 3.000E-01 1.116E+00 2.000E+00
4.413E+08 2.014E+02 5.361E-02 6.498E-05 1.262E-04 NAN 3.001E-01 1.116E+00 2.000E+00
2.606E+08 2.268E+02 5.294E-02 6.498E-05 1.277E-04 4.529E+03 3.003E-01 1.116E+00 2.000E+00
9.076E+09 2.144E+02 5.330E-02 6.498E-05 1.306E-04 5.304E+03 3.006E-01 1.116E+00 2.000E+00
9.383E+07 2.505E+02 5.227E-02 6.498E-05 1.358E-04 3.796E+03 3.012E-01 1.116E+00 2.000E+00
1.258E+08 2.276E+02 5.300E-02 6.498E-05 1.454E-04 4.452E+03 3.022E-01 1.116E+00 2.000E+00
1.378E+08 2.379E+02 5.278E-02 6.498E-05 1.629E-04 4.089E+03 3.042E-01 1.117E+00 2.000E+00
2.612E+08 2.189E+02 5.350E-02 6.498E-05 1.950E-04 4.760E+03 3.077E-01 1.118E+00 2.000E+00
5.087E+07 2.592E+02 5.248E-02 6.498E-05 2.539E-04 4.128E+03 3.142E-01 1.119E+00 2.000E+00
1.011E+08 2.103E+02 5.460E-02 6.498E-05 3.619E-04 5.233E+03 3.261E-01 1.121E+00 2.000E+00
NAN NAN NAN 6.498E-05 5.598E-04 NAN 3.478E-01 1.126E+00 2.000E+00
NAN NAN NAN 6.498E-05 9.225E-04 NAN 3.872E-01 1.134E+00 2.000E+00
NAN NAN NAN 6.498E-05 1.587E-03 NAN 4.578E-01 1.149E+00 2.000E+00
NAN NAN NAN 6.498E-05 2.806E-03 NAN 5.793E-01 1.177E+00 2.000E+00
NAN NAN NAN 6.498E-05 5.040E-03 NAN 7.534E-01 1.229E+00 2.000E+00
9.460E+07 2.186E+02 5.316E-02 8.219E-05 1.244E-04 5.010E+03 3.000E-01 1.116E+00 2.000E+00
5.210E+07 2.046E+02 5.353E-02 8.219E-05 1.244E-04 3.883E+03 3.000E-01 1.116E+00 2.000E+00
3.934E+07 2.761E+02 5.142E-02 8.219E-05 1.245E-04 3.449E+03 3.000E-01 1.116E+00 2.000E+00
2.759E+07 2.802E+02 5.129E-02 8.219E-05 1.246E-04 3.423E+03 3.000E-01 1.116E+00 2.000E+00
1.659E+08 2.562E+02 5.205E-02 8.219E-05 1.249E-04 3.686E+03 3.001E-01 1.116E+00 2.000E+00
2.662E+07 3.168E+02 5.012E-02 8.219E-05 1.253E-04 3.564E+03 3.001E-01 1.116E+00 2.000E+00
6.894E+07 2.991E+02 5.069E-02 8.219E-05 1.262E-04 3.391E+03 3.002E-01 1.116E+00 2.000E+00
1.369E+08 2.435E+02 5.245E-02 8.219E-05 1.277E-04 3.949E+03 3.004E-01 1.116E+00 2.000E+00
1.481E+08 2.438E+02 5.245E-02 8.219E-05 1.306E-04 3.941E+03 3.007E-01 1.116E+00 2.000E+00
5.478E+07 3.120E+02 5.031E-02 8.219E-05 1.358E-04 3.602E+03 3.013E-01 1.116E+00 2.000E+00
1.101E+08 2.508E+02 5.230E-02 8.219E-05 1.454E-04 4.539E+03 3.023E-01 1.116E+00 2.000E+00
9.097E+07 2.914E+02 5.107E-02 8.219E-05 1.629E-04 3.599E+03 3.042E-01 1.117E+00 2.000E+00
1.051E+08 2.846E+02 5.141E-02 8.219E-05 1.950E-04 3.828E+03 3.078E-01 1.118E+00 2.000E+00
4.980E+08 2.367E+02 5.322E-02 8.219E-05 2.539E-04 4.222E+03 3.143E-01 1.119E+00 2.000E+00
9.526E+07 2.177E+02 5.436E-02 8.219E-05 3.619E-04 5.018E+03 3.262E-01 1.121E+00 2.000E+00
NAN NAN NAN 8.219E-05 5.598E-04 NAN 3.479E-01 1.126E+00 2.000E+00
NAN NAN NAN 8.219E-05 9.225E-04 NAN 3.873E-01 1.134E+00 2.000E+00
NAN NAN NAN 8.219E-05 1.587E-03 NAN 4.578E-01 1.149E+00 2.000E+00
NAN NAN NAN 8.219E-05 2.806E-03 NAN 5.794E-01 1.177E+00 2.000E+00
NAN NAN NAN 8.219E-05 5.040E-03 NAN 7.535E-01 1.229E+00 2.000E+00
2.511E+08 2.713E+02 5.157E-02 1.040E-04 1.244E-04 3.547E+03 3.001E-01 1.116E+00 2.000E+00
3.862E+07 2.793E+02 5.132E-02 1.040E-04 1.244E-04 3.429E+03 3.001E-01 1.116E+00 2.000E+00
1.980E+08 2.772E+02 5.139E-02 1.040E-04 1.245E-04 3.443E+03 3.001E-01 1.116E+00 2.000E+00
1.299E+10 2.289E+02 5.287E-02 1.040E-04 1.246E-04 4.435E+03 3.001E-01 1.116E+00 2.000E+00
5.421E+08 2.466E+02 5.234E-02 1.040E-04 1.249E-04 3.878E+03 3.001E-01 1.116E+00 2.000E+00
6.336E+07 2.014E+02 5.361E-02 1.040E-04 1.253E-04 NAN 3.002E-01 1.116E+00 2.000E+00
3.460E+08 2.132E+02 5.331E-02 1.040E-04 1.262E-04 5.435E+03 3.003E-01 1.116E+00 2.000E+00
1.926E+08 3.051E+02 5.050E-02 1.040E-04 1.277E-04 3.437E+03 3.004E-01 1.116E+00 2.000E+00
3.981E+07 2.750E+02 5.148E-02 1.040E-04 1.306E-04 3.474E+03 3.008E-01 1.116E+00 2.000E+00
3.674E+08 3.069E+02 5.047E-02 1.040E-04 1.358E-04 3.525E+03 3.013E-01 1.116E+00 2.000E+00
7.449E+07 3.048E+02 5.057E-02 1.040E-04 1.454E-04 3.595E+03 3.024E-01 1.116E+00 2.000E+00
3.297E+07 2.951E+02 5.095E-02 1.040E-04 1.629E-04 3.641E+03 3.043E-01 1.117E+00 2.000E+00
1.422E+08 2.462E+02 5.266E-02 1.040E-04 1.950E-04 3.937E+03 3.079E-01 1.118E+00 2.000E+00
3.821E+08 2.453E+02 5.295E-02 1.040E-04 2.539E-04 4.128E+03 3.144E-01 1.119E+00 2.000E+00
4.166E+07 2.095E+02 5.463E-02 1.040E-04 3.619E-04 5.168E+03 3.262E-01 1.121E+00 2.000E+00
NAN NAN NAN 1.040E-04 5.598E-04 NAN 3.480E-01 1.126E+00 2.000E+00
NAN NAN NAN 1.040E-04 9.225E-04 NAN 3.874E-01 1.134E+00 2.000E+00
NAN NAN NAN 1.040E-04 1.587E-03 NAN 4.579E-01 1.149E+00 2.000E+00
NAN NAN NAN 1.040E-04 2.806E-03 NAN 5.795E-01 1.177E+00 2.000E+00
NAN NAN NAN 1.040E-04 5.040E-03 NAN 7.536E-01 1.229E+00 2.000E+00
2.981E+08 2.554E+02 5.207E-02 1.315E-04 1.244E-04 3.705E+03 3.002E-01 1.116E+00 2.000E+00
6.777E+07 2.888E+02 5.102E-02 1.315E-04 1.244E-04 3.408E+03 3.002E-01 1.116E+00 2.000E+00
5.649E+07 2.140E+02 5.328E-02 1.315E-04 1.245E-04 5.368E+03 3.002E-01 1.116E+00 2.000E+00
3.172E+08 3.113E+02 5.029E-02 1.315E-04 1.246E-04 3.482E+03 3.002E-01 1.116E+00 2.000E+00
2.388E+07 3.168E+02 5.012E-02 1.315E-04 1.249E-04 3.576E+03 3.002E-01 1.116E+00 2.000E+00
6.477E+07 3.154E+02 5.017E-02 1.315E-04 1.253E-04 3.555E+03 3.003E-01 1.116E+00 2.000E+00
1.202E+08 2.178E+02 5.319E-02 1.315E-04 1.262E-04 5.095E+03 3.004E-01 1.116E+00 2.000E+00
3.389E+07 3.032E+02 5.057E-02 1.315E-04 1.277E-04 3.429E+03 3.006E-01 1.116E+00 2.000E+00
1.092E+08 2.663E+02 5.176E-02 1.315E-04 1.306E-04 3.557E+03 3.009E-01 1.116E+00 2.000E+00
8.176E+08 2.021E+02 5.365E-02 1.315E-04 1.358E-04 0.000E+00 3.014E-01 1.116E+00 2.000E+00
2.538E+07 2.104E+02 5.349E-02 1.315E-04 1.454E-04 5.580E+03 3.025E-01 1.116E+00 2.000E+00
2.432E+08 2.580E+02 5.215E-02 1.315E-04 1.629E-04 3.714E+03 3.044E-01 1.117E+00 2.000E+00
4.503E+07 2.342E+02 5.304E-02 1.315E-04 1.950E-04 4.194E+03 3.080E-01 1.118E+00 2.000E+00
1.824E+08 2.324E+02 5.336E-02 1.315E-04 2.539E-04 4.305E+03 3.145E-01 1.119E+00 2.000E+00
2.616E+07 2.083E+02 5.467E-02 1.315E-04 3.619E-04 5.211E+03 3.264E-01 1.121E+00 2.000E+00
NAN NAN NAN 1.315E-04 5.598E-04 NAN 3.481E-01 1.126E+00 2.000E+00
NAN NAN NAN 1.315E-04 9.225E-04 NAN 3.875E-01 1.134E+00 2.000E+00
NAN NAN NAN 1.315E-04 1.587E-03 NAN 4.580E-01 1.149E+00 2.000E+00
NAN NAN NAN 1.315E-04 2.806E-03 NAN 5.796E-01 1.177E+00 2.000E+00
NAN NAN NAN 1.315E-04 5.040E-03 NAN 7.537E-01 1.229E+00 2.000E+00
1.917E+08 2.404E+02 5.253E-02 1.663E-04 1.244E-04 4.037E+03 3.003E-01 1.116E+00 2.000E+00
1.317E+08 2.645E+02 5.179E-02 1.663E-04 1.244E-04 3.572E+03 3.003E-01 1.116E+00 2.000E+00
5.351E+07 3.123E+02 5.027E-02 1.663E-04 1.245E-04 3.501E+03 3.003E-01 1.116E+00 2.000E+00
7.914E+07 3.117E+02 5.028E-02 1.663E-04 1.246E-04 3.495E+03 3.003E-01 1.116E+00 2.000E+00
1.050E+08 2.014E+02 5.361E-02 1.663E-04 1.249E-04 NAN 3.004E-01 1.116E+00 2.000E+00
1.531E+08 2.845E+02 5.116E-02 1.663E-04 1.253E-04 3.410E+03 3.004E-01 1.116E+00 2.000E+00
3.233E+07 2.218E+02 5.308E-02 1.663E-04 1.262E-04 4.796E+03 3.005E-01 1.116E+00 2.000E+00
1.797E+08 2.387E+02 5.260E-02 1.663E-04 1.277E-04 4.085E+03 3.007E-01 1.116E+00 2.000E+00
5.445E+07 3.029E+02 5.059E-02 1.663E-04 1.306E-04 3.455E+03 3.010E-01 1.116E+00 2.000E+00
3.976E+08 2.390E+02 5.262E-02 1.663E-04 1.358E-04 4.070E+03 3.016E-01 1.116E+00 2.000E+00
1.715E+09 2.410E+02 5.260E-02 1.663E-04 1.454E-04 4.013E+03 3.026E-01 1.116E+00 2.000E+00
2.214E+08 2.490E+02 5.243E-02 1.663E-04 1.629E-04 3.888E+03 3.046E-01 1.117E+00 2.000E+00
2.281E+07 2.408E+02 5.283E-02 1.663E-04 1.950E-04 4.042E+03 3.081E-01 1.118E+00 2.000E+00
2.134E+08 2.334E+02 5.333E-02 1.663E-04 2.539E-04 4.288E+03 3.146E-01 1.119E+00 2.000E+00
6.994E+08 2.051E+02 5.477E-02 1.663E-04 3.619E-04 5.327E+03 3.265E-01 1.121E+00 2.000E+00
NAN NAN NAN 1.663E-04 5.598E-04 NAN 3.482E-01 1.126E+00 2.000E+00
NAN NAN NAN 1.663E-04 9.225E-04 NAN 3.876E-01 1.134E+00 2.000E+00
NAN NAN NAN 1.663E-04 1.587E-03 NAN 4.582E-01 1.149E+00 2.000E+00
NAN NAN NAN 1.663E-04 2.806E-03 NAN 5.798E-01 1.177E+00 2.000E+00
NAN NAN NAN 1.663E-04 5.040E-03 NAN 7.539E-01 1.229E+00 2.000E+00
1.017E+08 2.014E+02 5.361E-02 2.104E-04 1.244E-04 NAN 3.005E-01 1.116E+00 2.000E+00
1.100E+08 2.014E+02 5.361E-02 2.104E-04 1.244E-04 NAN 3.005E-01 1.116E+00 2.000E+00
6.326E+07 2.460E+02 5.236E-02 2.104E-04 1.245E-04 3.896E+03 3.005E-01 1.116E+00 2.000E+00
1.569E+08 3.052E+02 5.049E-02 2.104E-04 1.246E-04 3.438E+03 3.005E-01 1.116E+00 2.000E+00
2.953E+07 2.845E+02 5.116E-02 2.104E-04 1.249E-04 3.414E+03 3.005E-01 1.116E+00 2.000E+00
1.660E+09 2.074E+02 5.346E-02 2.104E-04 1.253E-04 5.890E+03 3.006E-01 1.116E+00 2.000E+00
1.052E+08 2.328E+02 5.276E-02 2.104E-04 1.262E-04 4.282E+03 3.007E-01 1.116E+00 2.000E+00
4.426E+08 2.369E+02 5.265E-02 2.104E-04 1.277E-04 4.139E+03 3.008E-01 1.116E+00 2.000E+00
4.176E+08 2.127E+02 5.335E-02 2.104E-04 1.306E-04 5.455E+03 3.012E-01 1.116E+00 2.000E+00
3.005E+08 2.789E+02 5.138E-02 2.104E-04 1.358E-04 3.475E+03 3.017E-01 1.116E+00 2.000E+00
9.966E+07 2.227E+02 5.315E-02 2.104E-04 1.454E-04 4.688E+03 3.028E-01 1.116E+00 2.000E+00
3.926E+07 2.336E+02 5.291E-02 2.104E-04 1.629E-04 4.221E+03 3.047E-01 1.117E+00 2.000E+00
1.361E+08 2.738E+02 5.177E-02 2.104E-04 1.950E-04 3.764E+03 3.083E-01 1.118E+00 2.000E+00
3.900E+07 2.531E+02 5.269E-02 2.104E-04 2.539E-04 4.128E+03 3.148E-01 1.119E+00 2.000E+00
1.085E+08 2.094E+02 5.464E-02 2.104E-04 3.619E-04 5.194E+03 3.267E-01 1.121E+00 2.000E+00
NAN NAN NAN 2.104E-04 5.598E-04 NAN 3.484E-01 1.126E+00 2.000E+00
NAN NAN NAN 2.104E-04 9.225E-04 NAN 3.878E-01 1.134E+00 2.000E+00
NAN NAN NAN 2.104E-04 1.587E-03 NAN 4.584E-01 1.149E+00 2.000E+00
NAN NAN NAN 2.104E-04 2.806E-03 NAN 5.800E-01 1.177E+00 2.000E+00
NAN NAN NAN 2.104E-04 5.040E-03 NAN 7.541E-01 1.229E+00 2.000E+00
4.496E+07 2.723E+02 5.154E-02 2.661E-04 1.244E-04 3.497E+03 3.007E-01 1.116E+00 2.000E+00
2.499E+08 2.762E+02 5.142E-02 2.661E-04 1.244E-04 3.491E+03 3.007E-01 1.116E+00 2.000E+00
4.841E+07 2.994E+02 5.068E-02 2.661E-04 1.245E-04 3.414E+03 3.007E-01 1.116E+00 2.000E+00
1.697E+08 2.016E+02 5.361E-02 2.661E-04 1.246E-04 NAN 3.007E-01 1.116E+00 2.000E+00
1.734E+09 2.212E+02 5.309E-02 2.661E-04 1.249E-04 4.837E+03 3.007E-01 1.116E+00 2.000E+00
4.866E+07 2.707E+02 5.160E-02 2.661E-04 1.253E-04 3.513E+03 3.008E-01 1.116E+00 2.000E+00
4.559E+07 3.095E+02 5.036E-02 2.661E-04 1.262E-04 3.508E+03 3.009E-01 1.116E+00 2.000E+00
7.589E+07 2.230E+02 5.306E-02 2.661E-04 1.277E-04 4.725E+03 3.011E-01 1.116E+00 2.000E+00
5.162E+07 2.417E+02 5.252E-02 2.661E-04 1.306E-04 4.003E+03 3.014E-01 1.116E+00 2.000E+00
2.245E+08 2.349E+02 5.275E-02 2.661E-04 1.358E-04 4.201E+03 3.020E-01 1.116E+00 2.000E+00
1.974E+07 2.229E+02 5.314E-02 2.661E-04 1.454E-04 4.678E+03 3.030E-01 1.116E+00 2.000E+00
1.048E+08 2.795E+02 5.146E-02 2.661E-04 1.629E-04 3.591E+03 3.049E-01 1.117E+00 2.000E+00
6.673E+07 2.202E+02 5.346E-02 2.661E-04 1.950E-04 4.700E+03 3.085E-01 1.118E+00 2.000E+00
1.229E+08 2.367E+02 5.323E-02 2.661E-04 2.539E-04 4.247E+03 3.150E-01 1.119E+00 2.000E+00
4.891E+08 2.049E+02 5.478E-02 2.661E-04 3.619E-04 5.348E+03 3.269E-01 1.121E+00 2.000E+00
NAN NAN NAN 2.661E-04 5.598E-04 NAN 3.486E-01 1.126E+00 2.000E+00
NAN NAN NAN 2.661E-04 9.225E-04 NAN 3.880E-01 1.134E+00 2.000E+00
NAN NAN NAN 2.661E-04 1.587E-03 NAN 4.586E-01 1.149E+00 2.000E+00
NAN NAN NAN 2.661E-04 2.806E-03 NAN 5.802E-01 1.177E+00 2.000E+00
NAN NAN NAN 2.661E-04 5.040E-03 NAN 7.544E-01 1.229E+00 2.000E+00
1.042E+08 2.820E+02 5.124E-02 3.366E-04 1.244E-04 3.437E+03 3.009E-01 1.116E+00 2.000E+00
1.603E+08 2.931E+02 5.088E-02 3.366E-04 1.244E-04 3.412E+03 3.009E-01 1.116E+00 2.000E+00
6.280E+07 2.426E+02 5.247E-02 3.366E-04 1.245E-04 3.984E+03 3.010E-01 1.116E+00 2.000E+00
4.857E+08 3.087E+02 5.038E-02 3.366E-04 1.246E-04 3.501E+03 3.010E-01 1.116E+00 2.000E+00
4.571E+07 2.328E+02 5.276E-02 3.366E-04 1.249E-04 4.288E+03 3.010E-01 1.116E+00 2.000E+00
2.343E+08 2.703E+02 5.161E-02 3.366E-04 1.253E-04 3.524E+03 3.010E-01 1.116E+00 2.000E+00
1.488E+08 2.362E+02 5.267E-02 3.366E-04 1.262E-04 4.169E+03 3.011E-01 1.116E+00 2.000E+00
8.363E+07 2.525E+02 5.218E-02 3.366E-04 1.277E-04 3.769E+03 3.013E-01 1.116E+00 2.000E+00
4.166E+07 2.249E+02 5.302E-02 3.366E-04 1.306E-04 4.616E+03 3.016E-01 1.116E+00 2.000E+00
1.106E+08 2.885E+02 5.107E-02 3.366E-04 1.358E-04 3.466E+03 3.022E-01 1.116E+00 2.000E+00
1.307E+08 2.697E+02 5.171E-02 3.366E-04 1.454E-04 3.599E+03 3.033E-01 1.116E+00 2.000E+00
8.874E+07 2.735E+02 5.165E-02 3.366E-04 1.629E-04 3.612E+03 3.052E-01 1.117E+00 2.000E+00
9.000E+07 2.795E+02 5.158E-02 3.366E-04 1.950E-04 3.838E+03 3.087E-01 1.118E+00 2.000E+00
8.345E+07 2.418E+02 5.306E-02 3.366E-04 2.539E-04 4.194E+03 3.152E-01 1.119E+00 2.000E+00
1.248E+08 2.053E+02 5.477E-02 3.366E-04 3.619E-04 5.345E+03 3.271E-01 1.121E+00 2.000E+00
NAN NAN NAN 3.366E-04 5.598E-04 NAN 3.489E-01 1.126E+00 2.000E+00
NAN NAN NAN 3.366E-04 9.225E-04 NAN 3.883E-01 1.134E+00 2.000E+00
NAN NAN NAN 3.366E-04 1.587E-03 NAN 4.589E-01 1.149E+00 2.000E+00
NAN NAN NAN 3.366E-04 2.806E-03 NAN 5.805E-01 1.177E+00 2.000E+00
NAN NAN NAN 3.366E-04 5.040E-03 NAN 7.548E-01 1.229E+00 2.000E+00
1.126E+08 2.678E+02 5.169E-02 4.257E-04 1.244E-04 3.553E+03 3.013E-01 1.116E+00 2.000E+00
5.186E+07 2.771E+02 5.139E-02 4.257E-04 1.244E-04 3.474E+03 3.013E-01 1.116E+00 2.000E+00
5.950E+07 2.580E+02 5.200E-02 4.257E-04 1.245E-04 3.681E+03 3.013E-01 1.116E+00 2.000E+00
4.096E+07 2.946E+02 5.083E-02 4.257E-04 1.246E-04 3.430E+03 3.013E-01 1.116E+00 2.000E+00
1.869E+09 2.585E+02 5.198E-02 4.257E-04 1.249E-04 3.672E+03 3.013E-01 1.116E+00 2.000E+00
5.490E+09 2.224E+02 5.306E-02 4.257E-04 1.253E-04 4.767E+03 3.014E-01 1.116E+00 2.000E+00
3.935E+07 2.296E+02 5.286E-02 4.257E-04 1.262E-04 4.411E+03 3.015E-01 1.116E+00 2.000E+00
7.318E+07 3.050E+02 5.051E-02 4.257E-04 1.277E-04 3.510E+03 3.016E-01 1.116E+00 2.000E+00
2.001E+08 2.749E+02 5.149E-02 4.257E-04 1.306E-04 3.506E+03 3.020E-01 1.116E+00 2.000E+00
6.126E+08 2.188E+02 5.321E-02 4.257E-04 1.358E-04 4.949E+03 3.025E-01 1.116E+00 2.000E+00
2.046E+08 2.945E+02 5.091E-02 4.257E-04 1.454E-04 3.562E+03 3.036E-01 1.116E+00 2.000E+00
4.763E+08 2.535E+02 5.230E-02 4.257E-04 1.629E-04 3.799E+03 3.055E-01 1.117E+00 2.000E+00
1.014E+08 2.671E+02 5.199E-02 4.257E-04 1.950E-04 3.796E+03 3.091E-01 1.118E+00 2.000E+00
5.794E+07 2.388E+02 5.316E-02 4.257E-04 2.539E-04 4.240E+03 3.156E-01 1.119E+00 2.000E+00
7.579E+07 2.071E+02 5.471E-02 4.257E-04 3.619E-04 5.302E+03 3.275E-01 1.121E+00 2.000E+00
NAN NAN NAN 4.257E-04 5.598E-04 NAN 3.492E-01 1.126E+00 2.000E+00
NAN NAN NAN 4.257E-04 9.225E-04 NAN 3.886E-01 1.134E+00 2.000E+00
NAN NAN NAN 4.257E-04 1.587E-03 NAN 4.593E-01 1.149E+00 2.000E+00
NAN NAN NAN 4.257E-04 2.806E-03 NAN 5.809E-01 1.177E+00 2.000E+00
NAN NAN NAN 4.257E-04 5.040E-03 NAN 7.552E-01 1.229E+00 2.000E+00
8.584E+08 2.314E+02 5.280E-02 5.385E-04 1.244E-04 4.346E+03 3.017E-01 1.116E+00 2.000E+00
9.024E+08 2.291E+02 5.287E-02 5.385E-04 1.244E-04 4.440E+03 3.017E-01 1.116E+00 2.000E+00
1.212E+09 2.222E+02 5.307E-02 5.385E-04 1.245E-04 4.782E+03 3.017E-01 1.116E+00 2.000E+00
3.162E+07 2.858E+02 5.112E-02 5.385E-04 1.246E-04 3.448E+03 3.017E-01 1.116E+00 2.000E+00
2.961E+08 2.403E+02 5.254E-02 5.385E-04 1.249E-04 4.054E+03 3.018E-01 1.116E+00 2.000E+00
1.777E+09 2.990E+02 5.070E-02 5.385E-04 1.253E-04 3.468E+03 3.018E-01 1.116E+00 2.000E+00
2.986E+07 3.014E+02 5.062E-02 5.385E-04 1.262E-04 3.490E+03 3.019E-01 1.116E+00 2.000E+00
1.712E+08 2.760E+02 5.144E-02 5.385E-04 1.277E-04 3.501E+03 3.021E-01 1.116E+00 2.000E+00
1.776E+08 2.786E+02 5.137E-02 5.385E-04 1.306E-04 3.562E+03 3.024E-01 1.116E+00 2.000E+00
1.674E+08 2.699E+02 5.167E-02 5.385E-04 1.358E-04 3.568E+03 3.030E-01 1.116E+00 2.000E+00
1.687E+07 2.858E+02 5.119E-02 5.385E-04 1.454E-04 3.546E+03 3.040E-01 1.116E+00 2.000E+00
3.012E+08 2.170E+02 5.340E-02 5.385E-04 1.629E-04 4.963E+03 3.060E-01 1.117E+00 2.000E+00
1.190E+08 2.427E+02 5.278E-02 5.385E-04 1.950E-04 4.035E+03 3.095E-01 1.118E+00 2.000E+00
4.999E+08 2.353E+02 5.328E-02 5.385E-04 2.539E-04 4.304E+03 3.160E-01 1.119E+00 2.000E+00
3.065E+07 2.027E+02 5.486E-02 5.385E-04 3.619E-04 5.482E+03 3.279E-01 1.121E+00 2.000E+00
NAN NAN NAN 5.385E-04 5.598E-04 NAN 3.497E-01 1.126E+00 2.000E+00
NAN NAN NAN 5.385E-04 9.225E-04 NAN 3.891E-01 1.134E+00 2.000E+00
NAN NAN NAN 5.385E-04 1.587E-03 NAN 4.597E-01 1.149E+00 2.000E+00
NAN NAN NAN 5.385E-04 2.806E-03 NAN 5.814E-01 1.177E+00 2.000E+00
NAN NAN NAN 5.385E-04 5.040E-03 NAN 7.558E-01 1.229E+00 2.000E+00
7.352E+07 2.427E+02 5.247E-02 6.811E-04 1.244E-04 3.997E+03 3.022E-01 1.116E+00 2.000E+00
3.607E+08 3.016E+02 5.061E-02 6.811E-04 1.244E-04 3.510E+03 3.022E-01 1.116E+00 2.000E+00
4.905E+08 2.475E+02 5.232E-02 6.811E-04 1.245E-04 3.885E+03 3.022E-01 1.116E+00 2.000E+00
7.333E+07 2.517E+02 5.219E-02 6.811E-04 1.246E-04 3.804E+03 3.022E-01 1.116E+00 2.000E+00
2.206E+08 2.323E+02 5.278E-02 6.811E-04 1.249E-04 4.315E+03 3.023E-01 1.116E+00 2.000E+00
1.473E+08 3.071E+02 5.044E-02 6.811E-04 1.253E-04 3.584E+03 3.023E-01 1.116E+00 2.000E+00
1.948E+08 2.504E+02 5.224E-02 6.811E-04 1.262E-04 3.827E+03 3.024E-01 1.116E+00 2.000E+00
8.333E+07 2.002E+02 5.367E-02 6.811E-04 1.277E-04 NAN 3.026E-01 1.116E+00 2.000E+00
3.062E+08 2.796E+02 5.134E-02 6.811E-04 1.306E-04 3.535E+03 3.029E-01 1.116E+00 2.000E+00
9.689E+07 2.078E+02 5.352E-02 6.811E-04 1.358E-04 5.873E+03 3.035E-01 1.116E+00 2.000E+00
8.796E+07 2.929E+02 5.097E-02 6.811E-04 1.454E-04 3.607E+03 3.046E-01 1.116E+00 2.000E+00
5.221E+07 2.720E+02 5.171E-02 6.811E-04 1.629E-04 3.733E+03 3.065E-01 1.117E+00 2.000E+00
7.207E+07 2.668E+02 5.200E-02 6.811E-04 1.950E-04 3.844E+03 3.101E-01 1.118E+00 2.000E+00
9.591E+07 2.118E+02 5.402E-02 6.811E-04 2.539E-04 5.040E+03 3.165E-01 1.119E+00 2.000E+00
2.943E+08 2.040E+02 5.482E-02 6.811E-04 3.619E-04 5.450E+03 3.284E-01 1.121E+00 2.000E+00
NAN NAN NAN 6.811E-04 5.598E-04 NAN 3.502E-01 1.126E+00 2.000E+00
NAN NAN NAN 6.811E-04 9.225E-04 NAN 3.897E-01 1.134E+00 2.000E+00
NAN NAN NAN 6.811E-04 1.587E-03 NAN 4.603E-01 1.149E+00 2.000E+00
NAN NAN NAN 6.811E-04 2.806E-03 NAN 5.821E-01 1.177E+00 2.000E+00
NAN NAN NAN 6.811E-04 5.040E-03 NAN 7.565E-01 1.229E+00 2.000E+00
1.388E+08 2.515E+02 5.220E-02 8.615E-04 1.244E-04 3.815E+03 3.029E-01 1.116E+00 2.000E+00
1.962E+08 2.530E+02 5.216E-02 8.615E-04 1.244E-04 3.789E+03 3.029E-01 1.116E+00 2.000E+00
1.871E+08 2.354E+02 5.269E-02 8.615E-04 1.245E-04 4.216E+03 3.029E-01 1.116E+00 2.000E+00
1.647E+08 2.815E+02 5.126E-02 8.615E-04 1.246E-04 3.501E+03 3.029E-01 1.116E+00 2.000E+00
6.776E+07 2.023E+02 5.361E-02 8.615E-04 1.249E-04 0.000E+00 3.030E-01 1.116E+00 2.000E+00
2.960E+09 2.243E+02 5.302E-02 8.615E-04 1.253E-04 4.668E+03 3.030E-01 1.116E+00 2.000E+00
4.421E+07 3.009E+02 5.064E-02 8.615E-04 1.262E-04 3.562E+03 3.031E-01 1.116E+00 2.000E+00
1.175E+08 2.617E+02 5.190E-02 8.615E-04 1.277E-04 3.665E+03 3.033E-01 1.116E+00 2.000E+00
4.881E+07 2.732E+02 5.155E-02 8.615E-04 1.306E-04 3.562E+03 3.036E-01 1.116E+00 2.000E+00
1.302E+08 2.661E+02 5.179E-02 8.615E-04 1.358E-04 3.633E+03 3.042E-01 1.116E+00 2.000E+00
8.381E+07 2.834E+02 5.128E-02 8.615E-04 1.454E-04 3.597E+03 3.052E-01 1.116E+00 2.000E+00
1.272E+08 2.804E+02 5.144E-02 8.615E-04 1.629E-04 3.701E+03 3.072E-01 1.117E+00 2.000E+00
5.450E+07 2.518E+02 5.249E-02 8.615E-04 1.950E-04 3.942E+03 3.107E-01 1.118E+00 2.000E+00
1.543E+08 2.351E+02 5.329E-02 8.615E-04 2.539E-04 4.351E+03 3.172E-01 1.119E+00 2.000E+00
7.415E+08 2.071E+02 5.473E-02 8.615E-04 3.619E-04 5.396E+03 3.291E-01 1.121E+00 2.000E+00
NAN NAN NAN 8.615E-04 5.598E-04 NAN 3.509E-01 1.126E+00 2.000E+00
NAN NAN NAN 8.615E-04 9.225E-04 NAN 3.904E-01 1.134E+00 2.000E+00
NAN NAN NAN 8.615E-04 1.587E-03 NAN 4.611E-01 1.149E+00 2.000E+00
NAN NAN NAN 8.615E-04 2.806E-03 NAN 5.829E-01 1.177E+00 2.000E+00
NAN NAN NAN 8.615E-04 5.040E-03 NAN 7.574E-01 1.229E+00 2.000E+00
4.171E+08 2.225E+02 5.307E-02 1.090E-03 1.244E-04 4.775E+03 3.037E-01 1.116E+00 2.000E+00
1.068E+08 2.494E+02 5.227E-02 1.090E-03 1.244E-04 3.869E+03 3.037E-01 1.116E+00 2.000E+00
3.574E+08 2.434E+02 5.246E-02 1.090E-03 1.245E-04 4.001E+03 3.038E-01 1.116E+00 2.000E+00
8.473E+07 2.524E+02 5.218E-02 1.090E-03 1.246E-04 3.816E+03 3.038E-01 1.116E+00 2.000E+00
2.706E+08 2.002E+02 5.366E-02 1.090E-03 1.249E-04 NAN 3.038E-01 1.116E+00 2.000E+00
3.962E+07 2.114E+02 5.338E-02 1.090E-03 1.253E-04 5.583E+03 3.038E-01 1.116E+00 2.000E+00
2.347E+08 2.612E+02 5.191E-02 1.090E-03 1.262E-04 3.687E+03 3.039E-01 1.116E+00 2.000E+00
4.629E+07 2.514E+02 5.223E-02 1.090E-03 1.277E-04 3.836E+03 3.041E-01 1.116E+00 2.000E+00
1.084E+08 2.938E+02 5.089E-02 1.090E-03 1.306E-04 3.589E+03 3.044E-01 1.116E+00 2.000E+00
3.026E+07 2.193E+02 5.322E-02 1.090E-03 1.358E-04 4.919E+03 3.050E-01 1.116E+00 2.000E+00
4.893E+08 2.641E+02 5.190E-02 1.090E-03 1.454E-04 3.709E+03 3.061E-01 1.116E+00 2.000E+00
5.718E+07 2.446E+02 5.259E-02 1.090E-03 1.629E-04 3.999E+03 3.080E-01 1.117E+00 2.000E+00
4.752E+08 2.459E+02 5.269E-02 1.090E-03 1.950E-04 4.040E+03 3.116E-01 1.118E+00 2.000E+00
4.048E+07 2.169E+02 5.387E-02 1.090E-03 2.539E-04 4.834E+03 3.181E-01 1.119E+00 2.000E+00
2.853E+07 2.146E+02 5.449E-02 1.090E-03 3.619E-04 5.355E+03 3.300E-01 1.121E+00 2.000E+00
NAN NAN NAN 1.090E-03 5.598E-04 NAN 3.518E-01 1.126E+00 2.000E+00
NAN NAN NAN 1.090E-03 9.225E-04 NAN 3.913E-01 1.134E+00 2.000E+00
NAN NAN NAN 1.090E-03 1.587E-03 NAN 4.620E-01 1.149E+00 2.000E+00
NAN NAN NAN 1.090E-03 2.806E-03 NAN 5.839E-01 1.177E+00 2.000E+00
NAN NAN NAN 1.090E-03 5.040E-03 NAN 7.585E-01 1.229E+00 2.000E+00
7.355E+07 2.130E+02 5.334E-02 1.378E-03 1.244E-04 5.431E+03 3.048E-01 1.116E+00 2.000E+00
9.096E+07 2.672E+02 5.172E-02 1.378E-03 1.244E-04 3.644E+03 3.048E-01 1.116E+00 2.000E+00
2.774E+07 2.523E+02 5.219E-02 1.378E-03 1.245E-04 3.835E+03 3.048E-01 1.116E+00 2.000E+00
3.655E+07 2.990E+02 5.070E-02 1.378E-03 1.246E-04 3.661E+03 3.048E-01 1.116E+00 2.000E+00
3.952E+07 2.450E+02 5.242E-02 1.378E-03 1.249E-04 3.980E+03 3.049E-01 1.116E+00 2.000E+00
7.376E+07 2.143E+02 5.331E-02 1.378E-03 1.253E-04 5.320E+03 3.049E-01 1.116E+00 2.000E+00
1.557E+09 2.401E+02 5.257E-02 1.378E-03 1.262E-04 4.173E+03 3.050E-01 1.116E+00 2.000E+00
8.847E+07 2.162E+02 5.327E-02 1.378E-03 1.277E-04 5.166E+03 3.052E-01 1.116E+00 2.000E+00
6.126E+07 2.937E+02 5.090E-02 1.378E-03 1.306E-04 4.875E+03 3.055E-01 1.116E+00 2.000E+00
7.921E+07 2.760E+02 5.148E-02 1.378E-03 1.358E-04 3.632E+03 3.061E-01 1.116E+00 2.000E+00
1.429E+08 2.635E+02 5.192E-02 1.378E-03 1.454E-04 3.735E+03 3.072E-01 1.116E+00 2.000E+00
2.227E+08 2.159E+02 5.345E-02 1.378E-03 1.629E-04 5.046E+03 3.091E-01 1.117E+00 2.000E+00
2.448E+08 2.600E+02 5.224E-02 1.378E-03 1.950E-04 3.973E+03 3.127E-01 1.118E+00 2.000E+00
8.613E+07 2.167E+02 5.389E-02 1.378E-03 2.539E-04 4.867E+03 3.192E-01 1.119E+00 2.000E+00
2.838E+07 2.108E+02 5.462E-02 1.378E-03 3.619E-04 5.470E+03 3.311E-01 1.121E+00 2.000E+00
NAN NAN NAN 1.378E-03 5.598E-04 NAN 3.529E-01 1.126E+00 2.000E+00
NAN NAN NAN 1.378E-03 9.225E-04 NAN 3.924E-01 1.134E+00 2.000E+00
NAN NAN NAN 1.378E-03 1.587E-03 NAN 4.632E-01 1.149E+00 2.000E+00
NAN NAN NAN 1.378E-03 2.806E-03 NAN 5.852E-01 1.177E+00 2.000E+00
NAN NAN NAN 1.378E-03 5.040E-03 NAN 7.600E-01 1.229E+00 2.000E+00
4.869E+07 2.047E+02 5.357E-02 1.743E-03 1.244E-04 6.028E+03 3.062E-01 1.116E+00 2.000E+00
5.899E+07 2.047E+02 5.357E-02 1.743E-03 1.244E-04 6.028E+03 3.062E-01 1.116E+00 2.000E+00
1.514E+08 2.937E+02 5.088E-02 1.743E-03 1.245E-04 3.693E+03 3.062E-01 1.116E+00 2.000E+00
1.241E+08 2.202E+02 5.315E-02 1.743E-03 1.246E-04 4.910E+03 3.062E-01 1.116E+00 2.000E+00
9.389E+07 2.931E+02 5.090E-02 1.743E-03 1.249E-04 3.690E+03 3.062E-01 1.116E+00 2.000E+00
7.969E+07 2.931E+02 5.090E-02 1.743E-03 1.253E-04 3.694E+03 3.063E-01 1.116E+00 2.000E+00
6.982E+07 2.681E+02 5.171E-02 1.743E-03 1.262E-04 3.685E+03 3.064E-01 1.116E+00 2.000E+00
1.293E+08 2.867E+02 5.112E-02 1.743E-03 1.277E-04 3.662E+03 3.065E-01 1.116E+00 2.000E+00
9.153E+07 2.936E+02 5.090E-02 1.743E-03 1.306E-04 3.755E+03 3.069E-01 1.116E+00 2.000E+00
6.468E+07 2.220E+02 5.315E-02 1.743E-03 1.358E-04 4.778E+03 3.074E-01 1.116E+00 2.000E+00
3.042E+08 2.342E+02 5.284E-02 1.743E-03 1.454E-04 4.283E+03 3.085E-01 1.116E+00 2.000E+00
4.128E+07 2.234E+02 5.325E-02 1.743E-03 1.629E-04 4.681E+03 3.105E-01 1.117E+00 2.000E+00
4.724E+07 2.169E+02 5.359E-02 1.743E-03 1.950E-04 4.917E+03 3.140E-01 1.118E+00 2.000E+00
9.655E+07 2.139E+02 5.398E-02 1.743E-03 2.539E-04 5.007E+03 3.206E-01 1.119E+00 2.000E+00
2.413E+07 2.057E+02 5.479E-02 1.743E-03 3.619E-04 5.648E+03 3.325E-01 1.121E+00 2.000E+00
NAN NAN NAN 1.743E-03 5.598E-04 NAN 3.543E-01 1.126E+00 2.000E+00
NAN NAN NAN 1.743E-03 9.225E-04 NAN 3.938E-01 1.134E+00 2.000E+00
NAN NAN NAN 1.743E-03 1.587E-03 NAN 4.647E-01 1.149E+00 2.000E+00
NAN NAN NAN 1.743E-03 2.806E-03 NAN 5.869E-01 1.177E+00 2.000E+00
NAN NAN NAN 1.743E-03 5.040E-03 NAN 7.618E-01 1.229E+00 2.000E+00
4.718E+08 2.235E+02 5.307E-02 2.205E-03 1.244E-04 4.738E+03 3.079E-01 1.116E+00 2.000E+00
1.315E+08 2.268E+02 5.297E-02 2.205E-03 1.244E-04 4.585E+03 3.079E-01 1.116E+00 2.000E+00
8.848E+07 2.295E+02 5.289E-02 2.205E-03 1.245E-04 4.474E+03 3.079E-01 1.116E+00 2.000E+00
7.484E+07 2.199E+02 5.317E-02 2.205E-03 1.246E-04 4.932E+03 3.079E-01 1.116E+00 2.000E+00
7.980E+09 2.223E+02 5.310E-02 2.205E-03 1.249E-04 4.799E+03 3.079E-01 1.116E+00 2.000E+00
2.489E+08 2.433E+02 5.248E-02 2.205E-03 1.253E-04 4.069E+03 3.080E-01 1.116E+00 2.000E+00
1.237E+08 2.107E+02 5.343E-02 2.205E-03 1.262E-04 5.646E+03 3.081E-01 1.116E+00 2.000E+00
1.468E+08 2.308E+02 5.287E-02 2.205E-03 1.277E-04 4.423E+03 3.083E-01 1.116E+00 2.000E+00
9.609E+07 2.719E+02 5.161E-02 2.205E-03 1.306E-04 3.742E+03 3.086E-01 1.116E+00 2.000E+00
1.227E+08 2.161E+02 5.333E-02 2.205E-03 1.358E-04 5.134E+03 3.092E-01 1.116E+00 2.000E+00
6.861E+07 2.140E+02 5.344E-02 2.205E-03 1.454E-04 5.247E+03 3.102E-01 1.116E+00 2.000E+00
1.505E+08 2.712E+02 5.176E-02 2.205E-03 1.629E-04 3.950E+03 3.122E-01 1.117E+00 2.000E+00
5.466E+08 2.371E+02 5.299E-02 2.205E-03 1.950E-04 4.336E+03 3.157E-01 1.118E+00 2.000E+00
8.060E+07 2.279E+02 5.355E-02 2.205E-03 2.539E-04 4.677E+03 3.223E-01 1.119E+00 2.000E+00
3.100E+07 2.023E+02 5.491E-02 2.205E-03 3.619E-04 5.861E+03 3.342E-01 1.121E+00 2.000E+00
NAN NAN NAN 2.205E-03 5.598E-04 NAN 3.560E-01 1.126E+00 2.000E+00
NAN NAN NAN 2.205E-03 9.225E-04 NAN 3.956E-01 1.134E+00 2.000E+00
NAN NAN NAN 2.205E-03 1.587E-03 NAN 4.666E-01 1.150E+00 2.000E+00
NAN NAN NAN 2.205E-03 2.806E-03 NAN 5.890E-01 1.177E+00 2.000E+00
NAN NAN NAN 2.205E-03 5.040E-03 NAN 7.641E-01 1.229E+00 2.000E+00
1.407E+09 2.178E+02 5.324E-02 2.789E-03 1.244E-04 5.070E+03 3.101E-01 1.116E+00 2.000E+00
5.619E+07 2.879E+02 5.108E-02 2.789E-03 1.244E-04 3.924E+03 3.101E-01 1.116E+00 2.000E+00
2.431E+07 2.663E+02 5.177E-02 2.789E-03 1.245E-04 3.817E+03 3.101E-01 1.116E+00 2.000E+00
6.286E+07 2.644E+02 5.183E-02 2.789E-03 1.246E-04 3.828E+03 3.101E-01 1.116E+00 2.000E+00
1.870E+08 2.659E+02 5.179E-02 2.789E-03 1.249E-04 3.822E+03 3.101E-01 1.116E+00 2.000E+00
1.467E+08 2.190E+02 5.321E-02 2.789E-03 1.253E-04 4.994E+03 3.102E-01 1.116E+00 2.000E+00
2.644E+08 2.813E+02 5.130E-02 2.789E-03 1.262E-04 3.855E+03 3.103E-01 1.116E+00 2.000E+00
1.312E+08 2.473E+02 5.238E-02 2.789E-03 1.277E-04 4.036E+03 3.104E-01 1.116E+00 2.000E+00
3.448E+07 2.072E+02 5.356E-02 2.789E-03 1.306E-04 5.931E+03 3.107E-01 1.116E+00 2.000E+00
6.758E+08 2.575E+02 5.210E-02 2.789E-03 1.358E-04 3.922E+03 3.113E-01 1.116E+00 2.000E+00
6.076E+07 2.763E+02 5.153E-02 2.789E-03 1.454E-04 3.989E+03 3.124E-01 1.116E+00 2.000E+00
9.803E+07 2.347E+02 5.293E-02 2.789E-03 1.629E-04 4.351E+03 3.143E-01 1.117E+00 2.000E+00
1.550E+08 2.379E+02 5.297E-02 2.789E-03 1.950E-04 4.365E+03 3.179E-01 1.118E+00 2.000E+00
7.923E+08 2.148E+02 5.398E-02 2.789E-03 2.539E-04 5.083E+03 3.245E-01 1.119E+00 2.000E+00
2.224E+08 2.010E+02 5.497E-02 2.789E-03 3.619E-04 6.094E+03 3.364E-01 1.121E+00 2.000E+00
NAN NAN NAN 2.789E-03 5.598E-04 NAN 3.583E-01 1.126E+00 2.000E+00
NAN NAN NAN 2.789E-03 9.225E-04 NAN 3.979E-01 1.134E+00 2.000E+00
NAN NAN NAN 2.789E-03 1.587E-03 NAN 4.690E-01 1.150E+00 2.000E+00
NAN NAN NAN 2.789E-03 2.806E-03 NAN 5.916E-01 1.177E+00 2.000E+00
NAN NAN NAN 2.789E-03 5.040E-03 NAN 7.670E-01 1.229E+00 2.000E+00
8.920E+07 2.733E+02 5.156E-02 3.528E-03 1.244E-04 3.956E+03 3.128E-01 1.116E+00 2.000E+00
2.209E+08 2.607E+02 5.196E-02 3.528E-03 1.244E-04 3.954E+03 3.128E-01 1.116E+00 2.000E+00
8.769E+07 2.219E+02 5.314E-02 3.528E-03 1.245E-04 4.858E+03 3.128E-01 1.116E+00 2.000E+00
3.760E+07 2.223E+02 5.313E-02 3.528E-03 1.246E-04 4.839E+03 3.128E-01 1.116E+00 2.000E+00
4.848E+08 2.185E+02 5.324E-02 3.528E-03 1.249E-04 5.041E+03 3.129E-01 1.116E+00 2.000E+00
6.949E+08 2.760E+02 5.147E-02 3.528E-03 1.253E-04 4.009E+03 3.129E-01 1.116E+00 2.000E+00
2.106E+08 2.370E+02 5.270E-02 3.528E-03 1.262E-04 4.313E+03 3.130E-01 1.116E+00 2.000E+00
5.270E+08 2.599E+02 5.200E-02 3.528E-03 1.277E-04 3.981E+03 3.132E-01 1.116E+00 2.000E+00
7.044E+07 2.242E+02 5.311E-02 3.528E-03 1.306E-04 4.780E+03 3.135E-01 1.116E+00 2.000E+00
3.050E+08 2.505E+02 5.233E-02 3.528E-03 1.358E-04 4.086E+03 3.141E-01 1.116E+00 2.000E+00
2.024E+08 2.293E+02 5.302E-02 3.528E-03 1.454E-04 4.546E+03 3.151E-01 1.116E+00 2.000E+00
2.289E+07 2.557E+02 5.228E-02 3.528E-03 1.629E-04 4.196E+03 3.171E-01 1.117E+00 2.000E+00
3.837E+09 2.165E+02 5.365E-02 3.528E-03 1.950E-04 5.040E+03 3.207E-01 1.118E+00 2.000E+00
1.212E+08 2.291E+02 5.354E-02 3.528E-03 2.539E-04 4.982E+03 3.272E-01 1.119E+00 2.000E+00
NAN NAN NAN 3.528E-03 3.619E-04 NAN 3.392E-01 1.121E+00 2.000E+00
NAN NAN NAN 3.528E-03 5.598E-04 NAN 3.611E-01 1.126E+00 2.000E+00
NAN NAN NAN 3.528E-03 9.225E-04 NAN 4.008E-01 1.134E+00 2.000E+00
NAN NAN NAN 3.528E-03 1.587E-03 NAN 4.720E-01 1.150E+00 2.000E+00
NAN NAN NAN 3.528E-03 2.806E-03 NAN 5.950E-01 1.178E+00 2.000E+00
NAN NAN NAN 3.528E-03 5.040E-03 NAN 7.707E-01 1.229E+00 2.000E+00
4.540E+07 2.440E+02 5.250E-02 4.462E-03 1.244E-04 4.253E+03 3.163E-01 1.116E+00 2.000E+00
1.372E+08 2.440E+02 5.250E-02 4.462E-03 1.244E-04 4.253E+03 3.163E-01 1.116E+00 2.000E+00
2.781E+08 2.394E+02 5.264E-02 4.462E-03 1.245E-04 4.335E+03 3.163E-01 1.116E+00 2.000E+00
9.555E+07 2.059E+02 5.361E-02 4.462E-03 1.246E-04 6.087E+03 3.163E-01 1.116E+00 2.000E+00
1.258E+08 2.245E+02 5.309E-02 4.462E-03 1.249E-04 4.788E+03 3.163E-01 1.116E+00 2.000E+00
1.260E+08 2.048E+02 5.364E-02 4.462E-03 1.253E-04 6.198E+03 3.164E-01 1.116E+00 2.000E+00
5.524E+07 2.602E+02 5.200E-02 4.462E-03 1.262E-04 4.132E+03 3.165E-01 1.116E+00 2.000E+00
4.998E+08 2.099E+02 5.352E-02 4.462E-03 1.277E-04 5.678E+03 3.166E-01 1.116E+00 2.000E+00
3.445E+07 2.533E+02 5.224E-02 4.462E-03 1.306E-04 4.177E+03 3.170E-01 1.116E+00 2.000E+00
4.380E+07 2.139E+02 5.345E-02 4.462E-03 1.358E-04 5.329E+03 3.175E-01 1.116E+00 2.000E+00
5.273E+07 2.568E+02 5.218E-02 4.462E-03 1.454E-04 4.278E+03 3.186E-01 1.116E+00 2.000E+00
7.792E+07 2.483E+02 5.253E-02 4.462E-03 1.629E-04 4.406E+03 3.206E-01 1.117E+00 2.000E+00
4.108E+10 2.413E+02 5.289E-02 4.462E-03 1.950E-04 4.686E+03 3.241E-01 1.118E+00 2.000E+00
1.813E+08 2.204E+02 5.384E-02 4.462E-03 2.539E-04 5.293E+03 3.307E-01 1.119E+00 2.000E+00
NAN NAN NAN 4.462E-03 3.619E-04 NAN 3.427E-01 1.121E+00 2.000E+00
NAN NAN NAN 4.462E-03 5.598E-04 NAN 3.646E-01 1.126E+00 2.000E+00
NAN NAN NAN 4.462E-03 9.225E-04 NAN 4.044E-01 1.134E+00 2.000E+00
NAN NAN NAN 4.462E-03 1.587E-03 NAN 4.758E-01 1.150E+00 2.000E+00
NAN NAN NAN 4.462E-03 2.806E-03 NAN 5.992E-01 1.178E+00 2.000E+00
NAN NAN NAN 4.462E-03 5.040E-03 NAN 7.754E-01 1.229E+00 2.000E+00
3.172E+07 2.313E+02 5.291E-02 5.644E-03 1.244E-04 4.647E+03 3.206E-01 1.116E+00 2.000E+00
6.941E+07 2.313E+02 5.291E-02 5.644E-03 1.244E-04 4.648E+03 3.206E-01 1.116E+00 2.000E+00
1.090E+09 2.395E+02 5.266E-02 5.644E-03 1.245E-04 4.476E+03 3.206E-01 1.116E+00 2.000E+00
8.221E+07 2.369E+02 5.274E-02 5.644E-03 1.246E-04 4.521E+03 3.207E-01 1.116E+00 2.000E+00
5.304E+07 2.300E+02 5.295E-02 5.644E-03 1.249E-04 4.684E+03 3.207E-01 1.116E+00 2.000E+00
4.821E+07 2.611E+02 5.198E-02 5.644E-03 1.253E-04 4.463E+03 3.207E-01 1.116E+00 2.000E+00
1.598E+09 2.093E+02 5.355E-02 5.644E-03 1.262E-04 5.736E+03 3.208E-01 1.116E+00 2.000E+00
2.595E+08 2.142E+02 5.342E-02 5.644E-03 1.277E-04 5.369E+03 3.210E-01 1.116E+00 2.000E+00
5.133E+07 2.273E+02 5.306E-02 5.644E-03 1.306E-04 4.829E+03 3.213E-01 1.116E+00 2.000E+00
6.303E+07 2.526E+02 5.230E-02 5.644E-03 1.358E-04 4.483E+03 3.219E-01 1.116E+00 2.000E+00
1.735E+08 2.311E+02 5.301E-02 5.644E-03 1.454E-04 4.708E+03 3.230E-01 1.117E+00 2.000E+00
6.025E+07 2.458E+02 5.263E-02 5.644E-03 1.629E-04 4.738E+03 3.249E-01 1.117E+00 2.000E+00
9.177E+07 2.216E+02 5.354E-02 5.644E-03 1.950E-04 5.128E+03 3.285E-01 1.118E+00 2.000E+00
7.966E+07 2.083E+02 5.424E-02 5.644E-03 2.539E-04 5.825E+03 3.351E-01 1.119E+00 2.000E+00
NAN NAN NAN 5.644E-03 3.619E-04 NAN 3.471E-01 1.121E+00 2.000E+00
NAN NAN NAN 5.644E-03 5.598E-04 NAN 3.691E-01 1.126E+00 2.000E+00
NAN NAN NAN 5.644E-03 9.225E-04 NAN 4.090E-01 1.134E+00 2.000E+00
NAN NAN NAN 5.644E-03 1.587E-03 NAN 4.806E-01 1.150E+00 2.000E+00
NAN NAN NAN 5.644E-03 2.806E-03 NAN 6.045E-01 1.178E+00 2.000E+00
NAN NAN NAN 5.644E-03 5.040E-03 NAN 7.813E-01 1.229E+00 2.000E+00
9.665E+07 2.337E+02 5.287E-02 7.139E-03 1.244E-04 4.809E+03 3.261E-01 1.116E+00 2.000E+00
3.787E+07 2.428E+02 5.258E-02 7.139E-03 1.244E-04 4.749E+03 3.261E-01 1.116E+00 2.000E+00
8.389E+07 2.327E+02 5.290E-02 7.139E-03 1.245E-04 4.824E+03 3.261E-01 1.116E+00 2.000E+00
3.668E+07 2.448E+02 5.252E-02 7.139E-03 1.246E-04 4.761E+03 3.261E-01 1.116E+00 2.000E+00
1.705E+08 2.338E+02 5.286E-02 7.139E-03 1.249E-04 4.809E+03 3.261E-01 1.116E+00 2.000E+00
7.684E+08 2.119E+02 5.351E-02 7.139E-03 1.253E-04 5.608E+03 3.262E-01 1.116E+00 2.000E+00
4.177E+07 2.184E+02 5.333E-02 7.139E-03 1.262E-04 5.250E+03 3.263E-01 1.116E+00 2.000E+00
3.315E+07 2.462E+02 5.249E-02 7.139E-03 1.277E-04 4.814E+03 3.264E-01 1.116E+00 2.000E+00
7.895E+07 2.201E+02 5.330E-02 7.139E-03 1.306E-04 5.184E+03 3.268E-01 1.116E+00 2.000E+00
2.427E+07 2.038E+02 5.379E-02 7.139E-03 1.358E-04 6.239E+03 3.273E-01 1.116E+00 2.000E+00
2.754E+08 2.236E+02 5.327E-02 7.139E-03 1.454E-04 5.114E+03 3.284E-01 1.117E+00 2.000E+00
2.161E+07 2.078E+02 5.382E-02 7.139E-03 1.629E-04 5.829E+03 3.304E-01 1.117E+00 2.000E+00
5.693E+07 2.054E+02 5.406E-02 7.139E-03 1.950E-04 5.989E+03 3.340E-01 1.118E+00 2.000E+00
4.641E+08 2.001E+02 5.453E-02 7.139E-03 2.539E-04 6.537E+03 3.406E-01 1.119E+00 2.000E+00
NAN NAN NAN 7.139E-03 3.619E-04 NAN 3.527E-01 1.122E+00 2.000E+00
NAN NAN NAN 7.139E-03 5.598E-04 NAN 3.747E-01 1.126E+00 2.000E+00
NAN NAN NAN 7.139E-03 9.225E-04 NAN 4.147E-01 1.134E+00 2.000E+00
NAN NAN NAN 7.139E-03 1.587E-03 NAN 4.867E-01 1.150E+00 2.000E+00
NAN NAN NAN 7.139E-03 2.806E-03 NAN 6.112E-01 1.178E+00 2.000E+00
NAN NAN NAN 7.139E-03 5.040E-03 NAN 7.887E-01 1.229E+00 2.000E+00
8.598E+07 2.152E+02 5.346E-02 9.029E-03 1.244E-04 5.618E+03 3.329E-01 1.116E+00 2.000E+00
8.861E+07 2.151E+02 5.346E-02 9.029E-03 1.244E-04 5.626E+03 3.329E-01 1.116E+00 2.000E+00
9.673E+07 2.099E+02 5.361E-02 9.029E-03 1.245E-04 5.892E+03 3.329E-01 1.116E+00 2.000E+00
5.001E+07 2.266E+02 5.312E-02 9.029E-03 1.246E-04 5.335E+03 3.329E-01 1.116E+00 2.000E+00
6.715E+07 2.222E+02 5.325E-02 9.029E-03 1.249E-04 5.404E+03 3.330E-01 1.116E+00 2.000E+00
8.003E+07 2.218E+02 5.327E-02 9.029E-03 1.253E-04 5.465E+03 3.330E-01 1.116E+00 2.000E+00
2.930E+07 2.078E+02 5.368E-02 9.029E-03 1.262E-04 6.026E+03 3.331E-01 1.116E+00 2.000E+00
5.787E+07 2.241E+02 5.321E-02 9.029E-03 1.277E-04 5.394E+03 3.333E-01 1.116E+00 2.000E+00
7.230E+07 2.177E+02 5.341E-02 9.029E-03 1.306E-04 5.554E+03 3.336E-01 1.116E+00 2.000E+00
5.114E+07 2.146E+02 5.353E-02 9.029E-03 1.358E-04 5.688E+03 3.342E-01 1.116E+00 2.000E+00
2.141E+08 2.145E+02 5.359E-02 9.029E-03 1.454E-04 5.739E+03 3.353E-01 1.117E+00 2.000E+00
4.289E+07 2.079E+02 5.387E-02 9.029E-03 1.629E-04 6.092E+03 3.372E-01 1.117E+00 2.000E+00
3.855E+07 2.002E+02 5.426E-02 9.029E-03 1.950E-04 6.656E+03 3.409E-01 1.118E+00 2.000E+00
NAN NAN NAN 9.029E-03 2.539E-04 NAN 3.475E-01 1.119E+00 2.000E+00
NAN NAN NAN 9.029E-03 3.619E-04 NAN 3.596E-01 1.122E+00 2.000E+00
NAN NAN NAN 9.029E-03 5.598E-04 NAN 3.817E-01 1.126E+00 2.000E+00
NAN NAN NAN 9.029E-03 9.225E-04 NAN 4.219E-01 1.134E+00 2.000E+00
NAN NAN NAN 9.029E-03 1.587E-03 NAN 4.942E-01 1.150E+00 2.000E+00
NAN NAN NAN 9.029E-03 2.806E-03 NAN 6.196E-01 1.178E+00 2.000E+00
NAN NAN NAN 9.029E-03 5.040E-03 NAN 7.982E-01 1.229E+00 2.000E+00
1.335E+08 2.002E+02 5.394E-02 1.142E-02 1.244E-04 6.961E+03 3.415E-01 1.116E+00 2.000E+00
1.800E+08 2.055E+02 5.379E-02 1.142E-02 1.244E-04 6.548E+03 3.415E-01 1.116E+00 2.000E+00
1.845E+08 2.063E+02 5.377E-02 1.142E-02 1.245E-04 6.506E+03 3.415E-01 1.116E+00 2.000E+00
5.726E+07 2.092E+02 5.369E-02 1.142E-02 1.246E-04 6.385E+03 3.415E-01 1.116E+00 2.000E+00
1.994E+08 2.002E+02 5.394E-02 1.142E-02 1.249E-04 6.943E+03 3.416E-01 1.116E+00 2.000E+00
3.718E+08 2.002E+02 5.395E-02 1.142E-02 1.253E-04 6.942E+03 3.416E-01 1.116E+00 2.000E+00
2.397E+09 2.055E+02 5.380E-02 1.142E-02 1.262E-04 6.559E+03 3.417E-01 1.116E+00 2.000E+00
7.771E+07 2.029E+02 5.389E-02 1.142E-02 1.277E-04 6.729E+03 3.419E-01 1.116E+00 2.000E+00
2.359E+07 2.025E+02 5.391E-02 1.142E-02 1.306E-04 6.769E+03 3.422E-01 1.116E+00 2.000E+00
3.173E+07 2.075E+02 5.380E-02 1.142E-02 1.358E-04 6.556E+03 3.428E-01 1.116E+00 2.000E+00
1.955E+07 2.014E+02 5.402E-02 1.142E-02 1.454E-04 6.916E+03 3.439E-01 1.117E+00 2.000E+00
NAN NAN NAN 1.142E-02 1.629E-04 NAN 3.459E-01 1.117E+00 2.000E+00
NAN NAN NAN 1.142E-02 1.950E-04 NAN 3.495E-01 1.118E+00 2.000E+00
NAN NAN NAN 1.142E-02 2.539E-04 NAN 3.562E-01 1.119E+00 2.000E+00
NAN NAN NAN 1.142E-02 3.619E-04 NAN 3.683E-01 1.122E+00 2.000E+00
NAN NAN NAN 1.142E-02 5.598E-04 NAN 3.906E-01 1.126E+00 2.000E+00
NAN NAN NAN 1.142E-02 9.225E-04 NAN 4.310E-01 1.134E+00 2.000E+00
NAN NAN NAN 1.142E-02 1.587E-03 NAN 5.037E-01 1.150E+00 2.000E+00
NAN NAN NAN 1.142E-02 2.806E-03 NAN 6.302E-01 1.178E+00 2.000E+00
NAN NAN NAN 1.142E-02 5.040E-03 NAN 8.101E-01 1.229E+00 2.000E+00
NAN NAN NAN 1.445E-02 1.244E-04 NAN 3.523E-01 1.116E+00 2.000E+00
NAN NAN NAN 1.445E-02 1.244E-04 NAN 3.523E-01 1.116E+00 2.000E+00
NAN NAN NAN 1.445E-02 1.245E-04 NAN 3.523E-01 1.116E+00 2.000E+00
NAN NAN NAN 1.445E-02 1.246E-04 NAN 3.523E-01 1.116E+00 2.000E+00
NAN NAN NAN 1.445E-02 1.249E-04 NAN 3.523E-01 1.116E+00 2.000E+00
NAN NAN NAN 1.445E-02 1.253E-04 NAN 3.524E-01 1.116E+00 2.000E+00
NAN NAN NAN 1.445E-02 1.262E-04 NAN 3.525E-01 1.116E+00 2.000E+00
NAN NAN NAN 1.445E-02 1.277E-04 NAN 3.526E-01 1.116E+00 2.000E+00
NAN NAN NAN 1.445E-02 1.306E-04 NAN 3.530E-01 1.116E+00 2.000E+00
NAN NAN NAN 1.445E-02 1.358E-04 NAN 3.536E-01 1.116E+00 2.000E+00
NAN NAN NAN 1.445E-02 1.454E-04 NAN 3.546E-01 1.117E+00 2.000E+00
NAN NAN NAN 1.445E-02 1.629E-04 NAN 3.566E-01 1.117E+00 2.000E+00
NAN NAN NAN 1.445E-02 1.950E-04 NAN 3.603E-01 1.118E+00 2.000E+00
NAN NAN NAN 1.445E-02 2.539E-04 NAN 3.670E-01 1.119E+00 2.000E+00
NAN NAN NAN 1.445E-02 3.619E-04 NAN 3.792E-01 1.122E+00 2.000E+00
NAN NAN NAN 1.445E-02 5.598E-04 NAN 4.016E-01 1.126E+00 2.000E+00
NAN NAN NAN 1.445E-02 9.225E-04 NAN 4.422E-01 1.135E+00 2.000E+00
NAN NAN NAN 1.445E-02 1.587E-03 NAN 5.155E-01 1.150E+00 2.000E+00
NAN NAN NAN 1.445E-02 2.806E-03 NAN 6.434E-01 1.178E+00 2.000E+00
NAN NAN NAN 1.445E-02 5.040E-03 NAN 8.252E-01 1.229E+00 2.000E+00
NAN NAN NAN 1.827E-02 1.244E-04 NAN 3.656E-01 1.116E+00 2.000E+00
NAN NAN NAN 1.827E-02 1.244E-04 NAN 3.656E-01 1.116E+00 2.000E+00
NAN NAN NAN 1.827E-02 1.245E-04 NAN 3.656E-01 1.116E+00 2.000E+00
NAN NAN NAN 1.827E-02 1.246E-04 NAN 3.656E-01 1.116E+00 2.000E+00
NAN NAN NAN 1.827E-02 1.249E-04 NAN 3.656E-01 1.116E+00 2.000E+00
NAN NAN NAN 1.827E-02 1.253E-04 NAN 3.657E-01 1.116E+00 2.000E+00
NAN NAN NAN 1.827E-02 1.262E-04 NAN 3.658E-01 1.116E+00 2.000E+00
NAN NAN NAN 1.827E-02 1.277E-04 NAN 3.660E-01 1.116E+00 2.000E+00
NAN NAN NAN 1.827E-02 1.306E-04 NAN 3.663E-01 1.116E+00 2.000E+00
NAN NAN NAN 1.827E-02 1.358E-04 NAN 3.669E-01 1.117E+00 2.000E+00
NAN NAN NAN 1.827E-02 1.454E-04 NAN 3.680E-01 1.117E+00 2.000E+00
NAN NAN NAN 1.827E-02 1.629E-04 NAN 3.700E-01 1.117E+00 2.000E+00
NAN NAN NAN 1.827E-02 1.950E-04 NAN 3.736E-01 1.118E+00 2.000E+00
NAN NAN NAN 1.827E-02 2.539E-04 NAN 3.804E-01 1.119E+00 2.000E+00
NAN NAN NAN 1.827E-02 3.619E-04 NAN 3.927E-01 1.122E+00 2.000E+00
NAN NAN NAN 1.827E-02 5.598E-04 NAN 4.152E-01 1.126E+00 2.000E+00
NAN NAN NAN 1.827E-02 9.225E-04 NAN 4.562E-01 1.135E+00 2.000E+00
NAN NAN NAN 1.827E-02 1.587E-03 NAN 5.302E-01 1.150E+00 2.000E+00
NAN NAN NAN 1.827E-02 2.806E-03 NAN 6.599E-01 1.178E+00 2.000E+00
NAN NAN NAN 1.827E-02 5.040E-03 NAN 8.443E-01 1.229E+00 2.000E+00
NAN NAN NAN 2.311E-02 1.244E-04 NAN 3.821E-01 1.116E+00 2.000E+00
NAN NAN NAN 2.311E-02 1.244E-04 NAN 3.821E-01 1.116E+00 2.000E+00
NAN NAN NAN 2.311E-02 1.245E-04 NAN 3.821E-01 1.116E+00 2.000E+00
NAN NAN NAN 2.311E-02 1.246E-04 NAN 3.821E-01 1.116E+00 2.000E+00
NAN NAN NAN 2.311E-02 1.249E-04 NAN 3.822E-01 1.116E+00 2.000E+00
NAN NAN NAN 2.311E-02 1.253E-04 NAN 3.822E-01 1.116E+00 2.000E+00
NAN NAN NAN 2.311E-02 1.262E-04 NAN 3.823E-01 1.116E+00 2.000E+00
NAN NAN NAN 2.311E-02 1.277E-04 NAN 3.825E-01 1.117E+00 2.000E+00
NAN NAN NAN 2.311E-02 1.306E-04 NAN 3.828E-01 1.117E+00 2.000E+00
NAN NAN NAN 2.311E-02 1.358E-04 NAN 3.834E-01 1.117E+00 2.000E+00
NAN NAN NAN 2.311E-02 1.454E-04 NAN 3.845E-01 1.117E+00 2.000E+00
NAN NAN NAN 2.311E-02 1.629E-04 NAN 3.865E-01 1.117E+00 2.000E+00
NAN NAN NAN 2.311E-02 1.950E-04 NAN 3.902E-01 1.118E+00 2.000E+00
NAN NAN NAN 2.311E-02 2.539E-04 NAN 3.970E-01 1.119E+00 2.000E+00
NAN NAN NAN 2.311E-02 3.619E-04 NAN 4.094E-01 1.122E+00 2.000E+00
NAN NAN NAN 2.311E-02 5.598E-04 NAN 4.321E-01 1.126E+00 2.000E+00
NAN NAN NAN 2.311E-02 9.225E-04 NAN 4.735E-01 1.135E+00 2.000E+00
NAN NAN NAN 2.311E-02 1.587E-03 NAN 5.484E-01 1.150E+00 2.000E+00
NAN NAN NAN 2.311E-02 2.806E-03 NAN 6.804E-01 1.178E+00 2.000E+00
NAN NAN NAN 2.311E-02 5.040E-03 NAN 8.683E-01 1.229E+00 2.000E+00
NAN NAN NAN 2.923E-02 1.244E-04 NAN 4.024E-01 1.117E+00 2.000E+00
NAN NAN NAN 2.923E-02 1.244E-04 NAN 4.024E-01 1.117E+00 2.000E+00
NAN NAN NAN 2.923E-02 1.245E-04 NAN 4.024E-01 1.117E+00 2.000E+00
NAN NAN NAN 2.923E-02 1.246E-04 NAN 4.024E-01 1.117E+00 2.000E+00
NAN NAN NAN 2.923E-02 1.249E-04 NAN 4.024E-01 1.117E+00 2.000E+00
NAN NAN NAN 2.923E-02 1.253E-04 NAN 4.025E-01 1.117E+00 2.000E+00
NAN NAN NAN 2.923E-02 1.262E-04 NAN 4.026E-01 1.117E+00 2.000E+00
NAN NAN NAN 2.923E-02 1.277E-04 NAN 4.028E-01 1.117E+00 2.000E+00
NAN NAN NAN 2.923E-02 1.306E-04 NAN 4.031E-01 1.117E+00 2.000E+00
NAN NAN NAN 2.923E-02 1.358E-04 NAN 4.037E-01 1.117E+00 2.000E+00
NAN NAN NAN 2.923E-02 1.454E-04 NAN 4.048E-01 1.117E+00 2.000E+00
NAN NAN NAN 2.923E-02 1.629E-04 NAN 4.069E-01 1.117E+00 2.000E+00
NAN NAN NAN 2.923E-02 1.950E-04 NAN 4.106E-01 1.118E+00 2.000E+00
NAN NAN NAN 2.923E-02 2.539E-04 NAN 4.174E-01 1.120E+00 2.000E+00
NAN NAN NAN 2.923E-02 3.619E-04 NAN 4.300E-01 1.122E+00 2.000E+00
NAN NAN NAN 2.923E-02 5.598E-04 NAN 4.529E-01 1.127E+00 2.000E+00
NAN NAN NAN 2.923E-02 9.225E-04 NAN 4.947E-01 1.135E+00 2.000E+00
NAN NAN NAN 2.923E-02 1.587E-03 NAN 5.706E-01 1.150E+00 2.000E+00
NAN NAN NAN 2.923E-02 2.806E-03 NAN 7.054E-01 1.178E+00 2.000E+00
NAN NAN NAN 2.923E-02 5.040E-03 NAN 8.986E-01 1.229E+00 2.000E+00
NAN NAN NAN 3.697E-02 1.244E-04 NAN 4.271E-01 1.117E+00 2.000E+00
NAN NAN NAN 3.697E-02 1.244E-04 NAN 4.271E-01 1.117E+00 2.000E+00
NAN NAN NAN 3.697E-02 1.245E-04 NAN 4.271E-01 1.117E+00 2.000E+00
NAN NAN NAN 3.697E-02 1.246E-04 NAN 4.271E-01 1.117E+00 2.000E+00
NAN NAN NAN 3.697E-02 1.249E-04 NAN 4.271E-01 1.117E+00 2.000E+00
NAN NAN NAN 3.697E-02 1.253E-04 NAN 4.272E-01 1.117E+00 2.000E+00
NAN NAN NAN 3.697E-02 1.262E-04 NAN 4.273E-01 1.117E+00 2.000E+00
NAN NAN NAN 3.697E-02 1.277E-04 NAN 4.274E-01 1.117E+00 2.000E+00
NAN NAN NAN 3.697E-02 1.306E-04 NAN 4.278E-01 1.117E+00 2.000E+00
NAN NAN NAN 3.697E-02 1.358E-04 NAN 4.284E-01 1.117E+00 2.000E+00
NAN NAN NAN 3.697E-02 1.454E-04 NAN 4.295E-01 1.117E+00 2.000E+00
NAN NAN NAN 3.697E-02 1.629E-04 NAN 4.316E-01 1.118E+00 2.000E+00
NAN NAN NAN 3.697E-02 1.950E-04 NAN 4.354E-01 1.118E+00 2.000E+00
NAN NAN NAN 3.697E-02 2.539E-04 NAN 4.423E-01 1.120E+00 2.000E+00
NAN NAN NAN 3.697E-02 3.619E-04 NAN 4.549E-01 1.122E+00 2.000E+00
NAN NAN NAN 3.697E-02 5.598E-04 NAN 4.781E-01 1.127E+00 2.000E+00
NAN NAN NAN 3.697E-02 9.225E-04 NAN 5.204E-01 1.135E+00 2.000E+00
NAN NAN NAN 3.697E-02 1.587E-03 NAN 5.974E-01 1.150E+00 2.000E+00
NAN NAN NAN 3.697E-02 2.806E-03 NAN 7.356E-01 1.178E+00 2.000E+00
NAN NAN NAN 3.697E-02 5.040E-03 NAN 9.367E-01 1.230E+00 2.000E+00
NAN NAN NAN 4.677E-02 1.244E-04 NAN 4.567E-01 1.117E+00 2.000E+00
NAN NAN NAN 4.677E-02 1.244E-04 NAN 4.567E-01 1.117E+00 2.000E+00
NAN NAN NAN 4.677E-02 1.245E-04 NAN 4.567E-01 1.117E+00 2.000E+00
NAN NAN NAN 4.677E-02 1.246E-04 NAN 4.567E-01 1.117E+00 2.000E+00
NAN NAN NAN 4.677E-02 1.249E-04 NAN 4.568E-01 1.117E+00 2.000E+00
NAN NAN NAN 4.677E-02 1.253E-04 NAN 4.568E-01 1.117E+00 2.000E+00
NAN NAN NAN 4.677E-02 1.262E-04 NAN 4.569E-01 1.117E+00 2.000E+00
NAN NAN NAN 4.677E-02 1.277E-04 NAN 4.571E-01 1.117E+00 2.000E+00
NAN NAN NAN 4.677E-02 1.306E-04 NAN 4.575E-01 1.117E+00 2.000E+00
NAN NAN NAN 4.677E-02 1.358E-04 NAN 4.581E-01 1.117E+00 2.000E+00
NAN NAN NAN 4.677E-02 1.454E-04 NAN 4.592E-01 1.117E+00 2.000E+00
NAN NAN NAN 4.677E-02 1.629E-04 NAN 4.613E-01 1.118E+00 2.000E+00
NAN NAN NAN 4.677E-02 1.950E-04 NAN 4.651E-01 1.119E+00 2.000E+00
NAN NAN NAN 4.677E-02 2.539E-04 NAN 4.720E-01 1.120E+00 2.000E+00
NAN NAN NAN 4.677E-02 3.619E-04 NAN 4.848E-01 1.122E+00 2.000E+00
NAN NAN NAN 4.677E-02 5.598E-04 NAN 5.082E-01 1.127E+00 2.000E+00
NAN NAN NAN 4.677E-02 9.225E-04 NAN 5.511E-01 1.135E+00 2.000E+00
NAN NAN NAN 4.677E-02 1.587E-03 NAN 6.293E-01 1.151E+00 2.000E+00
NAN NAN NAN 4.677E-02 2.806E-03 NAN 7.710E-01 1.178E+00 2.000E+00
NAN NAN NAN 4.677E-02 5.040E-03 NAN 9.834E-01 1.230E+00 2.000E+00
NAN NAN NAN 5.915E-02 1.244E-04 NAN 4.917E-01 1.117E+00 3.000E+00
NAN NAN NAN 5.915E-02 1.244E-04 NAN 4.917E-01 1.117E+00 3.000E+00
NAN NAN NAN 5.915E-02 1.245E-04 NAN 4.917E-01 1.117E+00 3.000E+00
NAN NAN NAN 5.915E-02 1.246E-04 NAN 4.917E-01 1.117E+00 3.000E+00
NAN NAN NAN 5.915E-02 1.249E-04 NAN 4.918E-01 1.117E+00 3.000E+00
NAN NAN NAN 5.915E-02 1.253E-04 NAN 4.918E-01 1.117E+00 3.000E+00
NAN NAN NAN 5.915E-02 1.262E-04 NAN 4.919E-01 1.117E+00 3.000E+00
NAN NAN NAN 5.915E-02 1.277E-04 NAN 4.921E-01 1.117E+00 3.000E+00
NAN NAN NAN 5.915E-02 1.306E-04 NAN 4.924E-01 1.117E+00 3.000E+00
NAN NAN NAN 5.915E-02 1.358E-04 NAN 4.931E-01 1.118E+00 3.000E+00
NAN NAN NAN 5.915E-02 1.454E-04 NAN 4.942E-01 1.118E+00 3.000E+00
NAN NAN NAN 5.915E-02 1.629E-04 NAN 4.963E-01 1.118E+00 3.000E+00
NAN NAN NAN 5.915E-02 1.950E-04 NAN 5.001E-01 1.119E+00 3.000E+00
NAN NAN NAN 5.915E-02 2.539E-04 NAN 5.072E-01 1.120E+00 3.000E+00
NAN NAN NAN 5.915E-02 3.619E-04 NAN 5.200E-01 1.123E+00 3.000E+00
NAN NAN NAN 5.915E-02 5.598E-04 NAN 5.437E-01 1.127E+00 3.000E+00
NAN NAN NAN 5.915E-02 9.225E-04 NAN 5.869E-01 1.136E+00 3.000E+00
NAN NAN NAN 5.915E-02 1.587E-03 NAN 6.660E-01 1.151E+00 3.000E+00
NAN NAN NAN 5.915E-02 2.806E-03 NAN 8.107E-01 1.179E+00 3.000E+00
NAN NAN NAN 5.915E-02 5.040E-03 NAN 1.000E+00 1.230E+00 0.000E+00
NAN NAN NAN 7.482E-02 1.244E-04 NAN 5.322E-01 1.118E+00 3.000E+00
NAN NAN NAN 7.482E-02 1.244E-04 NAN 5.322E-01 1.118E+00 3.000E+00
NAN NAN NAN 7.482E-02 1.245E-04 NAN 5.322E-01 1.118E+00 3.000E+00
NAN NAN NAN 7.482E-02 1.246E-04 NAN 5.322E-01 1.118E+00 3.000E+00
NAN NAN NAN 7.482E-02 1.249E-04 NAN 5.323E-01 1.118E+00 3.000E+00
NAN NAN NAN 7.482E-02 1.253E-04 NAN 5.323E-01 1.118E+00 3.000E+00
NAN NAN NAN 7.482E-02 1.262E-04 NAN 5.324E-01 1.118E+00 3.000E+00
NAN NAN NAN 7.482E-02 1.277E-04 NAN 5.326E-01 1.118E+00 3.000E+00
NAN NAN NAN 7.482E-02 1.306E-04 NAN 5.329E-01 1.118E+00 3.000E+00
NAN NAN NAN 7.482E-02 1.358E-04 NAN 5.336E-01 1.118E+00 3.000E+00
NAN NAN NAN 7.482E-02 1.454E-04 NAN 5.347E-01 1.118E+00 3.000E+00
NAN NAN NAN 7.482E-02 1.629E-04 NAN 5.368E-01 1.118E+00 3.000E+00
NAN NAN NAN 7.482E-02 1.950E-04 NAN 5.406E-01 1.119E+00 3.000E+00
NAN NAN NAN 7.482E-02 2.539E-04 NAN 5.477E-01 1.121E+00 3.000E+00
NAN NAN NAN 7.482E-02 3.619E-04 NAN 5.606E-01 1.123E+00 3.000E+00
NAN NAN NAN 7.482E-02 5.598E-04 NAN 5.843E-01 1.128E+00 3.000E+00
NAN NAN NAN 7.482E-02 9.225E-04 NAN 6.278E-01 1.136E+00 3.000E+00
NAN NAN NAN 7.482E-02 1.587E-03 NAN 7.073E-01 1.151E+00 3.000E+00
NAN NAN NAN 7.482E-02 2.806E-03 NAN 8.533E-01 1.179E+00 3.000E+00
NAN NAN NAN 7.482E-02 5.040E-03 NAN 1.000E+00 1.230E+00 3.000E+00
NAN NAN NAN 9.464E-02 1.244E-04 NAN 5.778E-01 1.118E+00 3.000E+00
NAN NAN NAN 9.464E-02 1.244E-04 NAN 5.778E-01 1.118E+00 3.000E+00
NAN NAN NAN 9.464E-02 1.245E-04 NAN 5.778E-01 1.118E+00 3.000E+00
NAN NAN NAN 9.464E-02 1.246E-04 NAN 5.778E-01 1.118E+00 3.000E+00
NAN NAN NAN 9.464E-02 1.249E-04 NAN 5.779E-01 1.118E+00 3.000E+00
NAN NAN NAN 9.464E-02 1.253E-04 NAN 5.779E-01 1.118E+00 3.000E+00
NAN NAN NAN 9.464E-02 1.262E-04 NAN 5.780E-01 1.118E+00 3.000E+00
NAN NAN NAN 9.464E-02 1.277E-04 NAN 5.782E-01 1.118E+00 3.000E+00
NAN NAN NAN 9.464E-02 1.306E-04 NAN 5.786E-01 1.118E+00 3.000E+00
NAN NAN NAN 9.464E-02 1.358E-04 NAN 5.792E-01 1.118E+00 3.000E+00
NAN NAN NAN 9.464E-02 1.454E-04 NAN 5.803E-01 1.119E+00 3.000E+00
NAN NAN NAN 9.464E-02 1.629E-04 NAN 5.824E-01 1.119E+00 3.000E+00
NAN NAN NAN 9.464E-02 1.950E-04 NAN 5.862E-01 1.120E+00 3.000E+00
NAN NAN NAN 9.464E-02 2.539E-04 NAN 5.933E-01 1.121E+00 3.000E+00
NAN NAN NAN 9.464E-02 3.619E-04 NAN 6.061E-01 1.124E+00 3.000E+00
NAN NAN NAN 9.464E-02 5.598E-04 NAN 6.297E-01 1.128E+00 3.000E+00
NAN NAN NAN 9.464E-02 9.225E-04 NAN 6.729E-01 1.136E+00 3.000E+00
NAN NAN NAN 9.464E-02 1.587E-03 NAN 7.520E-01 1.152E+00 3.000E+00
NAN NAN NAN 9.464E-02 2.806E-03 NAN 8.966E-01 1.180E+00 3.000E+00
NAN NAN NAN 9.464E-02 5.040E-03 NAN 1.000E+00 1.231E+00 3.000E+00
NAN NAN NAN 1.197E-01 1.244E-04 NAN 6.278E-01 1.159E+00 3.000E+00
NAN NAN NAN 1.197E-01 1.244E-04 NAN 6.278E-01 1.159E+00 3.000E+00
NAN NAN NAN 1.197E-01 1.245E-04 NAN 6.278E-01 1.159E+00 3.000E+00
NAN NAN NAN 1.197E-01 1.246E-04 NAN 6.278E-01 1.159E+00 3.000E+00
NAN NAN NAN 1.197E-01 1.249E-04 NAN 6.278E-01 1.159E+00 3.000E+00
NAN NAN NAN 1.197E-01 1.253E-04 NAN 6.279E-01 1.159E+00 3.000E+00
NAN NAN NAN 1.197E-01 1.262E-04 NAN 6.280E-01 1.159E+00 3.000E+00
NAN NAN NAN 1.197E-01 1.277E-04 NAN 6.282E-01 1.159E+00 3.000E+00
NAN NAN NAN 1.197E-01 1.306E-04 NAN 6.285E-01 1.159E+00 3.000E+00
NAN NAN NAN 1.197E-01 1.358E-04 NAN 6.291E-01 1.160E+00 3.000E+00
NAN NAN NAN 1.197E-01 1.454E-04 NAN 6.302E-01 1.160E+00 3.000E+00
NAN NAN NAN 1.197E-01 1.629E-04 NAN 6.323E-01 1.160E+00 3.000E+00
NAN NAN NAN 1.197E-01 1.950E-04 NAN 6.361E-01 1.161E+00 3.000E+00
NAN NAN NAN 1.197E-01 2.539E-04 NAN 6.430E-01 1.162E+00 3.000E+00
NAN NAN NAN 1.197E-01 3.619E-04 NAN 6.557E-01 1.164E+00 3.000E+00
NAN NAN NAN 1.197E-01 5.598E-04 NAN 6.789E-01 1.169E+00 3.000E+00
NAN NAN NAN 1.197E-01 9.225E-04 NAN 7.213E-01 1.177E+00 3.000E+00
NAN NAN NAN 1.197E-01 1.587E-03 NAN 7.988E-01 1.194E+00 3.000E+00
NAN NAN NAN 1.197E-01 2.806E-03 NAN 9.390E-01 1.235E+00 3.000E+00
NAN NAN NAN 1.197E-01 5.040E-03 NAN 1.000E+00 1.354E+00 3.000E+00
NAN NAN NAN 1.514E-01 1.244E-04 NAN 6.809E-01 1.287E+00 3.000E+00
NAN NAN NAN 1.514E-01 1.244E-04 NAN 6.809E-01 1.287E+00 3.000E+00
NAN NAN NAN 1.514E-01 1.245E-04 NAN 6.809E-01 1.287E+00 3.000E+00
NAN NAN NAN 1.514E-01 1.246E-04 NAN 6.809E-01 1.287E+00 3.000E+00
NAN NAN NAN 1.514E-01 1.249E-04 NAN 6.810E-01 1.287E+00 3.000E+00
NAN NAN NAN 1.514E-01 1.253E-04 NAN 6.810E-01 1.287E+00 3.000E+00
NAN NAN NAN 1.514E-01 1.262E-04 NAN 6.811E-01 1.287E+00 3.000E+00
NAN NAN NAN 1.514E-01 1.277E-04 NAN 6.813E-01 1.287E+00 3.000E+00
NAN NAN NAN 1.514E-01 1.306E-04 NAN 6.816E-01 1.287E+00 3.000E+00
NAN NAN NAN 1.514E-01 1.358E-04 NAN 6.822E-01 1.288E+00 3.000E+00
NAN NAN NAN 1.514E-01 1.454E-04 NAN 6.833E-01 1.288E+00 3.000E+00
NAN NAN NAN 1.514E-01 1.629E-04 NAN 6.853E-01 1.288E+00 3.000E+00
NAN NAN NAN 1.514E-01 1.950E-04 NAN 6.890E-01 1.289E+00 3.000E+00
NAN NAN NAN 1.514E-01 2.539E-04 NAN 6.957E-01 1.291E+00 3.000E+00
NAN NAN NAN 1.514E-01 3.619E-04 NAN 7.080E-01 1.294E+00 3.000E+00
NAN NAN NAN 1.514E-01 5.598E-04 NAN 7.305E-01 1.300E+00 3.000E+00
NAN NAN NAN 1.514E-01 9.225E-04 NAN 7.716E-01 1.311E+00 3.000E+00
NAN NAN NAN 1.514E-01 1.587E-03 NAN 8.461E-01 1.335E+00 3.000E+00
NAN NAN NAN 1.514E-01 2.806E-03 NAN 9.793E-01 1.385E+00 3.000E+00
NAN NAN NAN 1.514E-01 5.040E-03 NAN 1.000E+00 1.512E+00 3.000E+00
NAN NAN NAN 1.915E-01 1.244E-04 NAN 7.359E-01 1.465E+00 3.000E+00
NAN NAN NAN 1.915E-01 1.244E-04 NAN 7.359E-01 1.465E+00 3.000E+00
NAN NAN NAN 1.915E-01 1.245E-04 NAN 7.359E-01 1.465E+00 3.000E+00
NAN NAN NAN 1.915E-01 1.246E-04 NAN 7.359E-01 1.465E+00 3.000E+00
NAN NAN NAN 1.915E-01 1.249E-04 NAN 7.359E-01 1.465E+00 3.000E+00
NAN NAN NAN 1.915E-01 1.253E-04 NAN 7.360E-01 1.465E+00 3.000E+00
NAN NAN NAN 1.915E-01 1.262E-04 NAN 7.361E-01 1.465E+00 3.000E+00
NAN NAN NAN 1.915E-01 1.277E-04 NAN 7.362E-01 1.465E+00 3.000E+00
NAN NAN NAN 1.915E-01 1.306E-04 NAN 7.365E-01 1.465E+00 3.000E+00
NAN NAN NAN 1.915E-01 1.358E-04 NAN 7.371E-01 1.465E+00 3.000E+00
NAN NAN NAN 1.915E-01 1.454E-04 NAN 7.382E-01 1.466E+00 3.000E+00
NAN NAN NAN 1.915E-01 1.629E-04 NAN 7.401E-01 1.466E+00 3.000E+00
NAN NAN NAN 1.915E-01 1.950E-04 NAN 7.436E-01 1.468E+00 3.000E+00
NAN NAN NAN 1.915E-01 2.539E-04 NAN 7.500E-01 1.470E+00 3.000E+00
NAN NAN NAN 1.915E-01 3.619E-04 NAN 7.618E-01 1.474E+00 3.000E+00
NAN NAN NAN 1.915E-01 5.598E-04 NAN 7.833E-01 1.481E+00 3.000E+00
NAN NAN NAN 1.915E-01 9.225E-04 NAN 8.224E-01 1.495E+00 3.000E+00
NAN NAN NAN 1.915E-01 1.587E-03 NAN 8.929E-01 1.523E+00 3.000E+00
NAN NAN NAN 1.915E-01 2.806E-03 NAN 1.000E+00 1.581E+00 3.000E+00
NAN NAN NAN 1.915E-01 5.040E-03 NAN 1.000E+00 1.712E+00 3.000E+00
NAN NAN NAN 2.422E-01 1.244E-04 NAN 7.912E-01 1.702E+00 3.000E+00
NAN NAN NAN 2.422E-01 1.244E-04 NAN 7.912E-01 1.702E+00 3.000E+00
NAN NAN NAN 2.422E-01 1.245E-04 NAN 7.912E-01 1.702E+00 3.000E+00
NAN NAN NAN 2.422E-01 1.246E-04 NAN 7.912E-01 1.702E+00 3.000E+00
NAN NAN NAN 2.422E-01 1.249E-04 NAN 7.912E-01 1.702E+00 3.000E+00
NAN NAN NAN 2.422E-01 1.253E-04 NAN 7.913E-01 1.702E+00 3.000E+00
NAN NAN NAN 2.422E-01 1.262E-04 NAN 7.914E-01 1.702E+00 3.000E+00
NAN NAN NAN 2.422E-01 1.277E-04 NAN 7.915E-01 1.702E+00 3.000E+00
NAN NAN NAN 2.422E-01 1.306E-04 NAN 7.918E-01 1.702E+00 3.000E+00
NAN NAN NAN 2.422E-01 1.358E-04 NAN 7.923E-01 1.702E+00 3.000E+00
NAN NAN NAN 2.422E-01 1.454E-04 NAN 7.933E-01 1.703E+00 3.000E+00
NAN NAN NAN 2.422E-01 1.629E-04 NAN 7.951E-01 1.703E+00 3.000E+00
NAN NAN NAN 2.422E-01 1.950E-04 NAN 7.985E-01 1.705E+00 3.000E+00
NAN NAN NAN 2.422E-01 2.539E-04 NAN 8.045E-01 1.707E+00 3.000E+00
NAN NAN NAN 2.422E-01 3.619E-04 NAN 8.156E-01 1.712E+00 3.000E+00
NAN NAN NAN 2.422E-01 5.598E-04 NAN 8.358E-01 1.720E+00 3.000E+00
NAN NAN NAN 2.422E-01 9.225E-04 NAN 8.724E-01 1.736E+00 3.000E+00
NAN NAN NAN 2.422E-01 1.587E-03 NAN 9.380E-01 1.768E+00 3.000E+00
NAN NAN NAN 2.422E-01 2.806E-03 NAN 1.000E+00 1.832E+00 3.000E+00
NAN NAN NAN 2.422E-01 5.040E-03 NAN 1.000E+00 1.966E+00 3.000E+00
NAN NAN NAN 3.064E-01 1.244E-04 NAN 8.456E-01 2.010E+00 3.000E+00
NAN NAN NAN 3.064E-01 1.244E-04 NAN 8.456E-01 2.010E+00 3.000E+00
NAN NAN NAN 3.064E-01 1.245E-04 NAN 8.456E-01 2.010E+00 3.000E+00
NAN NAN NAN 3.064E-01 1.246E-04 NAN 8.456E-01 2.010E+00 3.000E+00
NAN NAN NAN 3.064E-01 1.249E-04 NAN 8.456E-01 2.010E+00 3.000E+00
NAN NAN NAN 3.064E-01 1.253E-04 NAN 8.457E-01 2.010E+00 3.000E+00
NAN NAN NAN 3.064E-01 1.262E-04 NAN 8.457E-01 2.010E+00 3.000E+00
NAN NAN NAN 3.064E-01 1.277E-04 NAN 8.459E-01 2.010E+00 3.000E+00
NAN NAN NAN 3.064E-01 1.306E-04 NAN 8.462E-01 2.010E+00 3.000E+00
NAN NAN NAN 3.064E-01 1.358E-04 NAN 8.467E-01 2.011E+00 3.000E+00
NAN NAN NAN 3.064E-01 1.454E-04 NAN 8.476E-01 2.011E+00 3.000E+00
NAN NAN NAN 3.064E-01 1.629E-04 NAN 8.493E-01 2.012E+00 3.000E+00
NAN NAN NAN 3.064E-01 1.950E-04 NAN 8.523E-01 2.013E+00 3.000E+00
NAN NAN NAN 3.064E-01 2.539E-04 NAN 8.579E-01 2.016E+00 3.000E+00
NAN NAN NAN 3.064E-01 3.619E-04 NAN 8.682E-01 2.022E+00 3.000E+00
NAN NAN NAN 3.064E-01 5.598E-04 NAN 8.869E-01 2.031E+00 3.000E+00
NAN NAN NAN 3.064E-01 9.225E-04 NAN 9.206E-01 2.049E+00 3.000E+00
NAN NAN NAN 3.064E-01 1.587E-03 NAN 9.806E-01 2.083E+00 3.000E+00
NAN NAN NAN 3.064E-01 2.806E-03 NAN 1.000E+00 2.149E+00 3.000E+00
NAN NAN NAN 3.064E-01 5.040E-03 NAN 1.000E+00 2.288E+00 3.000E+00
NAN NAN NAN 3.875E-01 1.244E-04 NAN 8.978E-01 2.405E+00 3.000E+00
NAN NAN NAN 3.875E-01 1.244E-04 NAN 8.978E-01 2.405E+00 3.000E+00
NAN NAN NAN 3.875E-01 1.245E-04 NAN 8.978E-01 2.405E+00 3.000E+00
NAN NAN NAN 3.875E-01 1.246E-04 NAN 8.978E-01 2.405E+00 3.000E+00
NAN NAN NAN 3.875E-01 1.249E-04 NAN 8.978E-01 2.405E+00 3.000E+00
NAN NAN NAN 3.875E-01 1.253E-04 NAN 8.978E-01 2.405E+00 3.000E+00
NAN NAN NAN 3.875E-01 1.262E-04 NAN 8.979E-01 2.405E+00 3.000E+00
NAN NAN NAN 3.875E-01 1.277E-04 NAN 8.981E-01 2.405E+00 3.000E+00
NAN NAN NAN 3.875E-01 1.306E-04 NAN 8.983E-01 2.406E+00 3.000E+00
NAN NAN NAN 3.875E-01 1.358E-04 NAN 8.988E-01 2.406E+00 3.000E+00
NAN NAN NAN 3.875E-01 1.454E-04 NAN 8.996E-01 2.406E+00 3.000E+00
NAN NAN NAN 3.875E-01 1.629E-04 NAN 9.011E-01 2.407E+00 3.000E+00
NAN NAN NAN 3.875E-01 1.950E-04 NAN 9.039E-01 2.409E+00 3.000E+00
NAN NAN NAN 3.875E-01 2.539E-04 NAN 9.091E-01 2.412E+00 3.000E+00
NAN NAN NAN 3.875E-01 3.619E-04 NAN 9.184E-01 2.418E+00 3.000E+00
NAN NAN NAN 3.875E-01 5.598E-04 NAN 9.354E-01 2.429E+00 3.000E+00
NAN NAN NAN 3.875E-01 9.225E-04 NAN 9.660E-01 2.448E+00 3.000E+00
NAN NAN NAN 3.875E-01 1.587E-03 NAN 1.000E+00 2.485E+00 3.000E+00
NAN NAN NAN 3.875E-01 2.806E-03 NAN 1.000E+00 2.554E+00 3.000E+00
NAN NAN NAN 3.875E-01 5.040E-03 NAN 1.000E+00 2.693E+00 3.000E+00
NAN NAN NAN 4.902E-01 1.244E-04 NAN 9.470E-01 2.914E+00 3.000E+00
NAN NAN NAN 4.902E-01 1.244E-04 NAN 9.470E-01 2.914E+00 3.000E+00
NAN NAN NAN 4.902E-01 1.245E-04 NAN 9.470E-01 2.914E+00 3.000E+00
NAN NAN NAN 4.902E-01 1.246E-04 NAN 9.470E-01 2.914E+00 3.000E+00
NAN NAN NAN 4.902E-01 1.249E-04 NAN 9.470E-01 2.914E+00 3.000E+00
NAN NAN NAN 4.902E-01 1.253E-04 NAN 9.470E-01 2.914E+00 3.000E+00
NAN NAN NAN 4.902E-01 1.262E-04 NAN 9.471E-01 2.914E+00 3.000E+00
NAN NAN NAN 4.902E-01 1.277E-04 NAN 9.472E-01 2.914E+00 3.000E+00
NAN NAN NAN 4.902E-01 1.306E-04 NAN 9.474E-01 2.914E+00 3.000E+00
NAN NAN NAN 4.902E-01 1.358E-04 NAN 9.479E-01 2.914E+00 3.000E+00
NAN NAN NAN 4.902E-01 1.454E-04 NAN 9.486E-01 2.915E+00 3.000E+00
NAN NAN NAN 4.902E-01 1.629E-04 NAN 9.500E-01 2.916E+00 3.000E+00
NAN NAN NAN 4.902E-01 1.950E-04 NAN 9.525E-01 2.917E+00 3.000E+00
NAN NAN NAN 4.902E-01 2.539E-04 NAN 9.571E-01 2.921E+00 3.000E+00
NAN NAN NAN 4.902E-01 3.619E-04 NAN 9.655E-01 2.927E+00 3.000E+00
NAN NAN NAN 4.902E-01 5.598E-04 NAN 9.808E-01 2.937E+00 3.000E+00
NAN NAN NAN 4.902E-01 9.225E-04 NAN 1.000E+00 2.957E+00 3.000E+00
NAN NAN NAN 4.902E-01 1.587E-03 NAN 1.000E+00 2.994E+00 3.000E+00
NAN NAN NAN 4.902E-01 2.806E-03 NAN 1.000E+00 3.067E+00 3.000E+00
NAN NAN NAN 4.902E-01 5.040E-03 NAN 1.000E+00 3.208E+00 3.000E+00
NAN NAN NAN 6.200E-01 1.244E-04 NAN 9.923E-01 3.556E+00 3.000E+00
NAN NAN NAN 6.200E-01 1.244E-04 NAN 9.923E-01 3.556E+00 3.000E+00
NAN NAN NAN 6.200E-01 1.245E-04 NAN 9.923E-01 3.556E+00 3.000E+00
NAN NAN NAN 6.200E-01 1.246E-04 NAN 9.923E-01 3.556E+00 3.000E+00
NAN NAN NAN 6.200E-01 1.249E-04 NAN 9.923E-01 3.556E+00 3.000E+00
NAN NAN NAN 6.200E-01 1.253E-04 NAN 9.924E-01 3.556E+00 3.000E+00
NAN NAN NAN 6.200E-01 1.262E-04 NAN 9.924E-01 3.556E+00 3.000E+00
NAN NAN NAN 6.200E-01 1.277E-04 NAN 9.925E-01 3.557E+00 3.000E+00
NAN NAN NAN 6.200E-01 1.306E-04 NAN 9.927E-01 3.557E+00 3.000E+00
NAN NAN NAN 6.200E-01 1.358E-04 NAN 9.931E-01 3.557E+00 3.000E+00
NAN NAN NAN 6.200E-01 1.454E-04 NAN 9.938E-01 3.558E+00 3.000E+00
NAN NAN NAN 6.200E-01 1.629E-04 NAN 9.950E-01 3.558E+00 3.000E+00
NAN NAN NAN 6.200E-01 1.950E-04 NAN 9.972E-01 3.560E+00 3.000E+00
NAN NAN NAN 6.200E-01 2.539E-04 NAN 1.000E+00 3.563E+00 3.000E+00
NAN NAN NAN 6.200E-01 3.619E-04 NAN 1.000E+00 3.569E+00 3.000E+00
NAN NAN NAN 6.200E-01 5.598E-04 NAN 1.000E+00 3.581E+00 3.000E+00
NAN NAN NAN 6.200E-01 9.225E-04 NAN 1.000E+00 3.603E+00 3.000E+00
NAN NAN NAN 6.200E-01 1.587E-03 NAN 1.000E+00 3.642E+00 3.000E+00
NAN NAN NAN 6.200E-01 2.806E-03 NAN 1.000E+00 3.715E+00 3.000E+00
NAN NAN NAN 6.200E-01 5.040E-03 NAN 1.000E+00 3.857E+00 3.000E+00
NAN NAN NAN 7.842E-01 1.244E-04 NAN 1.000E+00 4.375E+00 3.000E+00
NAN NAN NAN 7.842E-01 1.244E-04 NAN 1.000E+00 4.375E+00 3.000E+00
NAN NAN NAN 7.842E-01 1.245E-04 NAN 1.000E+00 4.375E+00 3.000E+00
NAN NAN NAN 7.842E-01 1.246E-04 NAN 1.000E+00 4.375E+00 3.000E+00
NAN NAN NAN 7.842E-01 1.249E-04 NAN 1.000E+00 4.375E+00 3.000E+00
NAN NAN NAN 7.842E-01 1.253E-04 NAN 1.000E+00 4.375E+00 3.000E+00
NAN NAN NAN 7.842E-01 1.262E-04 NAN 1.000E+00 4.375E+00 3.000E+00
NAN NAN NAN 7.842E-01 1.277E-04 NAN 1.000E+00 4.375E+00 3.000E+00
NAN NAN NAN 7.842E-01 1.306E-04 NAN 1.000E+00 4.375E+00 3.000E+00
NAN NAN NAN 7.842E-01 1.358E-04 NAN 1.000E+00 4.375E+00 3.000E+00
NAN NAN NAN 7.842E-01 1.454E-04 NAN 1.000E+00 4.376E+00 3.000E+00
NAN NAN NAN 7.842E-01 1.629E-04 NAN 1.000E+00 4.377E+00 3.000E+00
NAN NAN NAN 7.842E-01 1.950E-04 NAN 1.000E+00 4.379E+00 3.000E+00
NAN NAN NAN 7.842E-01 2.539E-04 NAN 1.000E+00 4.383E+00 3.000E+00
NAN NAN NAN 7.842E-01 3.619E-04 NAN 1.000E+00 4.389E+00 3.000E+00
NAN NAN NAN 7.842E-01 5.598E-04 NAN 1.000E+00 4.401E+00 3.000E+00
NAN NAN NAN 7.842E-01 9.225E-04 NAN 1.000E+00 4.423E+00 3.000E+00
NAN NAN NAN 7.842E-01 1.587E-03 NAN 1.000E+00 4.462E+00 3.000E+00
NAN NAN NAN 7.842E-01 2.806E-03 NAN 1.000E+00 4.535E+00 3.000E+00
NAN NAN NAN 7.842E-01 5.040E-03 NAN 1.000E+00 4.679E+00 1.000E+00
NAN NAN NAN 9.919E-01 1.244E-04 NAN 1.000E+00 5.412E+00 3.000E+00
NAN NAN NAN 9.919E-01 1.244E-04 NAN 1.000E+00 5.412E+00 3.000E+00
NAN NAN NAN 9.919E-01 1.245E-04 NAN 1.000E+00 5.412E+00 3.000E+00
NAN NAN NAN 9.919E-01 1.246E-04 NAN 1.000E+00 5.412E+00 3.000E+00
NAN NAN NAN 9.919E-01 1.249E-04 NAN 1.000E+00 5.412E+00 3.000E+00
NAN NAN NAN 9.919E-01 1.253E-04 NAN 1.000E+00 5.412E+00 3.000E+00
NAN NAN NAN 9.919E-01 1.262E-04 NAN 1.000E+00 5.412E+00 3.000E+00
NAN NAN NAN 9.919E-01 1.277E-04 NAN 1.000E+00 5.412E+00 3.000E+00
NAN NAN NAN 9.919E-01 1.306E-04 NAN 1.000E+00 5.412E+00 3.000E+00
NAN NAN NAN 9.919E-01 1.358E-04 NAN 1.000E+00 5.413E+00 3.000E+00
NAN NAN NAN 9.919E-01 1.454E-04 NAN 1.000E+00 5.413E+00 3.000E+00
NAN NAN NAN 9.919E-01 1.629E-04 NAN 1.000E+00 5.414E+00 3.000E+00
NAN NAN NAN 9.919E-01 1.950E-04 NAN 1.000E+00 5.416E+00 3.000E+00
NAN NAN NAN 9.919E-01 2.539E-04 NAN 1.000E+00 5.420E+00 3.000E+00
NAN NAN NAN 9.919E-01 3.619E-04 NAN 1.000E+00 5.426E+00 3.000E+00
NAN NAN NAN 9.919E-01 5.598E-04 NAN 1.000E+00 5.438E+00 3.000E+00
NAN NAN NAN 9.919E-01 9.225E-04 NAN 1.000E+00 5.460E+00 3.000E+00
NAN NAN NAN 9.919E-01 1.587E-03 NAN 1.000E+00 5.500E+00 3.000E+00
NAN NAN NAN 9.919E-01 2.806E-03 NAN 1.000E+00 5.573E+00 3.000E+00
NAN NAN NAN 9.919E-01 5.040E-03 NAN 1.000E+00 5.719E+00 1.000E+00
NAN NAN NAN 1.255E+00 1.244E-04 NAN 1.000E+00 6.726E+00 3.000E+00
NAN NAN NAN 1.255E+00 1.244E-04 NAN 1.000E+00 6.726E+00 3.000E+00
NAN NAN NAN 1.255E+00 1.245E-04 NAN 1.000E+00 6.726E+00 3.000E+00
NAN NAN NAN 1.255E+00 1.246E-04 NAN 1.000E+00 6.726E+00 3.000E+00
NAN NAN NAN 1.255E+00 1.249E-04 NAN 1.000E+00 6.726E+00 3.000E+00
NAN NAN NAN 1.255E+00 1.253E-04 NAN 1.000E+00 6.726E+00 3.000E+00
NAN NAN NAN 1.255E+00 1.262E-04 NAN 1.000E+00 6.726E+00 3.000E+00
NAN NAN NAN 1.255E+00 1.277E-04 NAN 1.000E+00 6.726E+00 3.000E+00
NAN NAN NAN 1.255E+00 1.306E-04 NAN 1.000E+00 6.726E+00 3.000E+00
NAN NAN NAN 1.255E+00 1.358E-04 NAN 1.000E+00 6.727E+00 3.000E+00
NAN NAN NAN 1.255E+00 1.454E-04 NAN 1.000E+00 6.727E+00 3.000E+00
NAN NAN NAN 1.255E+00 1.629E-04 NAN 1.000E+00 6.728E+00 3.000E+00
NAN NAN NAN 1.255E+00 1.950E-04 NAN 1.000E+00 6.730E+00 3.000E+00
NAN NAN NAN 1.255E+00 2.539E-04 NAN 1.000E+00 6.734E+00 3.000E+00
NAN NAN NAN 1.255E+00 3.619E-04 NAN 1.000E+00 6.740E+00 3.000E+00
NAN NAN NAN 1.255E+00 5.598E-04 NAN 1.000E+00 6.752E+00 3.000E+00
NAN NAN NAN 1.255E+00 9.225E-04 NAN 1.000E+00 6.774E+00 3.000E+00
NAN NAN NAN 1.255E+00 1.587E-03 NAN 1.000E+00 6.814E+00 3.000E+00
NAN NAN NAN 1.255E+00 2.806E-03 NAN 1.000E+00 6.890E+00 3.000E+00
NAN NAN NAN 1.255E+00 5.040E-03 NAN 1.000E+00 7.035E+00 1.000E+00
NAN NAN NAN 1.587E+00 1.244E-04 NAN 1.000E+00 8.384E+00 3.000E+00
NAN NAN NAN 1.587E+00 1.244E-04 NAN 1.000E+00 8.384E+00 3.000E+00
NAN NAN NAN 1.587E+00 1.245E-04 NAN 1.000E+00 8.384E+00 3.000E+00
NAN NAN NAN 1.587E+00 1.246E-04 NAN 1.000E+00 8.384E+00 3.000E+00
NAN NAN NAN 1.587E+00 1.249E-04 NAN 1.000E+00 8.384E+00 3.000E+00
NAN NAN NAN 1.587E+00 1.253E-04 NAN 1.000E+00 8.384E+00 3.000E+00
NAN NAN NAN 1.587E+00 1.262E-04 NAN 1.000E+00 8.384E+00 3.000E+00
NAN NAN NAN 1.587E+00 1.277E-04 NAN 1.000E+00 8.384E+00 3.000E+00
NAN NAN NAN 1.587E+00 1.306E-04 NAN 1.000E+00 8.384E+00 3.000E+00
NAN NAN NAN 1.587E+00 1.358E-04 NAN 1.000E+00 8.385E+00 3.000E+00
NAN NAN NAN 1.587E+00 1.454E-04 NAN 1.000E+00 8.385E+00 3.000E+00
NAN NAN NAN 1.587E+00 1.629E-04 NAN 1.000E+00 8.386E+00 3.000E+00
NAN NAN NAN 1.587E+00 1.950E-04 NAN 1.000E+00 8.388E+00 3.000E+00
NAN NAN NAN 1.587E+00 2.539E-04 NAN 1.000E+00 8.392E+00 3.000E+00
NAN NAN NAN 1.587E+00 3.619E-04 NAN 1.000E+00 8.398E+00 3.000E+00
NAN NAN NAN 1.587E+00 5.598E-04 NAN 1.000E+00 8.410E+00 3.000E+00
NAN NAN NAN 1.587E+00 9.225E-04 NAN 1.000E+00 8.432E+00 3.000E+00
NAN NAN NAN 1.587E+00 1.587E-03 NAN 1.000E+00 8.472E+00 3.000E+00
NAN NAN NAN 1.587E+00 2.806E-03 NAN 1.000E+00 8.552E+00 3.000E+00
NAN NAN NAN 1.587E+00 5.040E-03 NAN 1.000E+00 8.697E+00 1.000E+00
NAN NAN NAN 2.007E+00 1.244E-04 NAN 1.000E+00 1.048E+01 3.000E+00
NAN NAN NAN 2.007E+00 1.244E-04 NAN 1.000E+00 1.048E+01 3.000E+00
NAN NAN NAN 2.007E+00 1.245E-04 NAN 1.000E+00 1.048E+01 3.000E+00
NAN NAN NAN 2.007E+00 1.246E-04 NAN 1.000E+00 1.048E+01 3.000E+00
NAN NAN NAN 2.007E+00 1.249E-04 NAN 1.000E+00 1.048E+01 3.000E+00
NAN NAN NAN 2.007E+00 1.253E-04 NAN 1.000E+00 1.048E+01 3.000E+00
NAN NAN NAN 2.007E+00 1.262E-04 NAN 1.000E+00 1.048E+01 3.000E+00
NAN NAN NAN 2.007E+00 1.277E-04 NAN 1.000E+00 1.048E+01 3.000E+00
NAN NAN NAN 2.007E+00 1.306E-04 NAN 1.000E+00 1.048E+01 3.000E+00
NAN NAN NAN 2.007E+00 1.358E-04 NAN 1.000E+00 1.048E+01 3.000E+00
NAN NAN NAN 2.007E+00 1.454E-04 NAN 1.000E+00 1.048E+01 3.000E+00
NAN NAN NAN 2.007E+00 1.629E-04 NAN 1.000E+00 1.048E+01 3.000E+00
NAN NAN NAN 2.007E+00 1.950E-04 NAN 1.000E+00 1.049E+01 3.000E+00
NAN NAN NAN 2.007E+00 2.539E-04 NAN 1.000E+00 1.049E+01 3.000E+00
NAN NAN NAN 2.007E+00 3.619E-04 NAN 1.000E+00 1.050E+01 3.000E+00
NAN NAN NAN 2.007E+00 5.598E-04 NAN 1.000E+00 1.051E+01 3.000E+00
NAN NAN NAN 2.007E+00 9.225E-04 NAN 1.000E+00 1.053E+01 3.000E+00
NAN NAN NAN 2.007E+00 1.587E-03 NAN 1.000E+00 1.057E+01 3.000E+00
NAN NAN NAN 2.007E+00 2.806E-03 NAN 1.000E+00 1.065E+01 1.000E+00
NAN NAN NAN 2.007E+00 5.040E-03 NAN 1.000E+00 1.080E+01 1.000E+00
NAN NAN NAN 2.539E+00 1.244E-04 NAN 1.000E+00 1.314E+01 3.000E+00
NAN NAN NAN 2.539E+00 1.244E-04 NAN 1.000E+00 1.314E+01 3.000E+00
NAN NAN NAN 2.539E+00 1.245E-04 NAN 1.000E+00 1.314E+01 3.000E+00
NAN NAN NAN 2.539E+00 1.246E-04 NAN 1.000E+00 1.314E+01 3.000E+00
NAN NAN NAN 2.539E+00 1.249E-04 NAN 1.000E+00 1.314E+01 3.000E+00
NAN NAN NAN 2.539E+00 1.253E-04 NAN 1.000E+00 1.314E+01 3.000E+00
NAN NAN NAN 2.539E+00 1.262E-04 NAN 1.000E+00 1.314E+01 3.000E+00
NAN NAN NAN 2.539E+00 1.277E-04 NAN 1.000E+00 1.314E+01 3.000E+00
NAN NAN NAN 2.539E+00 1.306E-04 NAN 1.000E+00 1.314E+01 3.000E+00
NAN NAN NAN 2.539E+00 1.358E-04 NAN 1.000E+00 1.314E+01 3.000E+00
NAN NAN NAN 2.539E+00 1.454E-04 NAN 1.000E+00 1.314E+01 3.000E+00
NAN NAN NAN 2.539E+00 1.629E-04 NAN 1.000E+00 1.314E+01 3.000E+00
NAN NAN NAN 2.539E+00 1.950E-04 NAN 1.000E+00 1.315E+01 3.000E+00
NAN NAN NAN 2.539E+00 2.539E-04 NAN 1.000E+00 1.315E+01 3.000E+00
NAN NAN NAN 2.539E+00 3.619E-04 NAN 1.000E+00 1.316E+01 3.000E+00
NAN NAN NAN 2.539E+00 5.598E-04 NAN 1.000E+00 1.317E+01 3.000E+00
NAN NAN NAN 2.539E+00 9.225E-04 NAN 1.000E+00 1.319E+01 3.000E+00
NAN NAN NAN 2.539E+00 1.587E-03 NAN 1.000E+00 1.324E+01 1.000E+00
NAN NAN NAN 2.539E+00 2.806E-03 NAN 1.000E+00 1.332E+01 1.000E+00
NAN NAN NAN 2.539E+00 5.040E-03 NAN 1.000E+00 1.346E+01 1.000E+00
NAN NAN NAN 3.211E+00 1.244E-04 NAN 1.000E+00 1.651E+01 1.000E+00
NAN NAN NAN 3.211E+00 1.244E-04 NAN 1.000E+00 1.651E+01 1.000E+00
NAN NAN NAN 3.211E+00 1.245E-04 NAN 1.000E+00 1.651E+01 1.000E+00
NAN NAN NAN 3.211E+00 1.246E-04 NAN 1.000E+00 1.651E+01 1.000E+00
NAN NAN NAN 3.211E+00 1.249E-04 NAN 1.000E+00 1.651E+01 1.000E+00
NAN NAN NAN 3.211E+00 1.253E-04 NAN 1.000E+00 1.651E+01 1.000E+00
NAN NAN NAN 3.211E+00 1.262E-04 NAN 1.000E+00 1.651E+01 1.000E+00
NAN NAN NAN 3.211E+00 1.277E-04 NAN 1.000E+00 1.651E+01 1.000E+00
NAN NAN NAN 3.211E+00 1.306E-04 NAN 1.000E+00 1.651E+01 1.000E+00
NAN NAN NAN 3.211E+00 1.358E-04 NAN 1.000E+00 1.651E+01 1.000E+00
NAN NAN NAN 3.211E+00 1.454E-04 NAN 1.000E+00 1.651E+01 1.000E+00
NAN NAN NAN 3.211E+00 1.629E-04 NAN 1.000E+00 1.651E+01 1.000E+00
NAN NAN NAN 3.211E+00 1.950E-04 NAN 1.000E+00 1.651E+01 1.000E+00
NAN NAN NAN 3.211E+00 2.539E-04 NAN 1.000E+00 1.651E+01 1.000E+00
NAN NAN NAN 3.211E+00 3.619E-04 NAN 1.000E+00 1.652E+01 1.000E+00
NAN NAN NAN 3.211E+00 5.598E-04 NAN 1.000E+00 1.653E+01 1.000E+00
NAN NAN NAN 3.211E+00 9.225E-04 NAN 1.000E+00 1.656E+01 1.000E+00
NAN NAN NAN 3.211E+00 1.587E-03 NAN 1.000E+00 1.660E+01 1.000E+00
NAN NAN NAN 3.211E+00 2.806E-03 NAN 1.000E+00 1.668E+01 1.000E+00
NAN NAN NAN 3.211E+00 5.040E-03 NAN 1.000E+00 1.683E+01 1.000E+00
NAN NAN NAN 4.062E+00 1.244E-04 NAN 1.000E+00 2.077E+01 1.000E+00
NAN NAN NAN 4.062E+00 1.244E-04 NAN 1.000E+00 2.077E+01 1.000E+00
NAN NAN NAN 4.062E+00 1.245E-04 NAN 1.000E+00 2.077E+01 1.000E+00
NAN NAN NAN 4.062E+00 1.246E-04 NAN 1.000E+00 2.077E+01 1.000E+00
NAN NAN NAN 4.062E+00 1.249E-04 NAN 1.000E+00 2.077E+01 1.000E+00
NAN NAN NAN 4.062E+00 1.253E-04 NAN 1.000E+00 2.077E+01 1.000E+00
NAN NAN NAN 4.062E+00 1.262E-04 NAN 1.000E+00 2.077E+01 1.000E+00
NAN NAN NAN 4.062E+00 1.277E-04 NAN 1.000E+00 2.077E+01 1.000E+00
NAN NAN NAN 4.062E+00 1.306E-04 NAN 1.000E+00 2.077E+01 1.000E+00
NAN NAN NAN 4.062E+00 1.358E-04 NAN 1.000E+00 2.077E+01 1.000E+00
NAN NAN NAN 4.062E+00 1.454E-04 NAN 1.000E+00 2.077E+01 1.000E+00
NAN NAN NAN 4.062E+00 1.629E-04 NAN 1.000E+00 2.077E+01 1.000E+00
NAN NAN NAN 4.062E+00 1.950E-04 NAN 1.000E+00 2.077E+01 1.000E+00
NAN NAN NAN 4.062E+00 2.539E-04 NAN 1.000E+00 2.077E+01 1.000E+00
NAN NAN NAN 4.062E+00 3.619E-04 NAN 1.000E+00 2.078E+01 1.000E+00
NAN NAN NAN 4.062E+00 5.598E-04 NAN 1.000E+00 2.079E+01 1.000E+00
NAN NAN NAN 4.062E+00 9.225E-04 NAN 1.000E+00 2.082E+01 1.000E+00
NAN NAN NAN 4.062E+00 1.587E-03 NAN 1.000E+00 2.086E+01 1.000E+00
NAN NAN NAN 4.062E+00 2.806E-03 NAN 1.000E+00 2.094E+01 1.000E+00
NAN NAN NAN 4.062E+00 5.040E-03 NAN 1.000E+00 2.108E+01 1.000E+00
NAN NAN NAN 5.138E+00 1.244E-04 NAN 1.000E+00 2.615E+01 1.000E+00
NAN NAN NAN 5.138E+00 1.244E-04 NAN 1.000E+00 2.615E+01 1.000E+00
NAN NAN NAN 5.138E+00 1.245E-04 NAN 1.000E+00 2.615E+01 1.000E+00
NAN NAN NAN 5.138E+00 1.246E-04 NAN 1.000E+00 2.615E+01 1.000E+00
NAN NAN NAN 5.138E+00 1.249E-04 NAN 1.000E+00 2.615E+01 1.000E+00
NAN NAN NAN 5.138E+00 1.253E-04 NAN 1.000E+00 2.615E+01 1.000E+00
NAN NAN NAN 5.138E+00 1.262E-04 NAN 1.000E+00 2.615E+01 1.000E+00
NAN NAN NAN 5.138E+00 1.277E-04 NAN 1.000E+00 2.615E+01 1.000E+00
NAN NAN NAN 5.138E+00 1.306E-04 NAN 1.000E+00 2.615E+01 1.000E+00
NAN NAN NAN 5.138E+00 1.358E-04 NAN 1.000E+00 2.615E+01 1.000E+00
NAN NAN NAN 5.138E+00 1.454E-04 NAN 1.000E+00 2.615E+01 1.000E+00
NAN NAN NAN 5.138E+00 1.629E-04 NAN 1.000E+00 2.615E+01 1.000E+00
NAN NAN NAN 5.138E+00 1.950E-04 NAN 1.000E+00 2.616E+01 1.000E+00
NAN NAN NAN 5.138E+00 2.539E-04 NAN 1.000E+00 2.616E+01 1.000E+00
NAN NAN NAN 5.138E+00 3.619E-04 NAN 1.000E+00 2.617E+01 1.000E+00
NAN NAN NAN 5.138E+00 5.598E-04 NAN 1.000E+00 2.618E+01 1.000E+00
NAN NAN NAN 5.138E+00 9.225E-04 NAN 1.000E+00 2.620E+01 1.000E+00
NAN NAN NAN 5.138E+00 1.587E-03 NAN 1.000E+00 2.625E+01 1.000E+00
NAN NAN NAN 5.138E+00 2.806E-03 NAN 1.000E+00 2.633E+01 1.000E+00
NAN NAN NAN 5.138E+00 5.040E-03 NAN 1.000E+00 2.647E+01 1.000E+00
