3.036E+06 3.055E+02 9.982E-01 5.137E-05 1.248E-05 2.565E+03 8.084E-01 2.221E+01 2.000E+00
3.314E+06 3.055E+02 9.982E-01 5.137E-05 1.252E-05 2.535E+03 8.084E-01 2.221E+01 2.000E+00
8.872E+05 2.698E+02 1.019E+00 5.137E-05 1.260E-05 3.068E+03 8.084E-01 2.221E+01 2.000E+00
4.181E+06 5.651E+02 8.564E-01 5.137E-05 1.274E-05 1.543E+03 8.084E-01 2.221E+01 2.000E+00
7.727E+06 5.651E+02 8.564E-01 5.137E-05 1.299E-05 1.543E+03 8.084E-01 2.221E+01 2.000E+00
2.463E+07 5.502E+02 8.634E-01 5.137E-05 1.345E-05 1.565E+03 8.084E-01 2.221E+01 2.000E+00
2.152E+07 8.276E+02 7.536E-01 5.137E-05 1.430E-05 1.307E+03 8.085E-01 2.221E+01 2.000E+00
1.369E+07 8.418E+02 7.489E-01 5.137E-05 1.585E-05 1.301E+03 8.085E-01 2.221E+01 2.000E+00
7.162E+06 9.019E+02 7.302E-01 5.137E-05 1.870E-05 1.269E+03 8.086E-01 2.221E+01 2.000E+00
1.129E+07 6.409E+02 8.229E-01 5.137E-05 2.391E-05 1.450E+03 8.087E-01 2.221E+01 2.000E+00
6.266E+07 8.542E+02 7.450E-01 5.137E-05 3.348E-05 1.292E+03 8.089E-01 2.221E+01 2.000E+00
3.170E+07 5.501E+02 8.635E-01 5.137E-05 5.101E-05 1.566E+03 8.093E-01 2.221E+01 2.000E+00
1.372E+07 8.321E+02 7.521E-01 5.137E-05 8.314E-05 1.304E+03 8.101E-01 2.221E+01 2.000E+00
1.323E+07 5.229E+02 8.768E-01 5.137E-05 1.420E-04 1.618E+03 8.112E-01 2.221E+01 2.000E+00
1.967E+07 7.059E+02 7.971E-01 5.137E-05 2.500E-04 1.391E+03 8.131E-01 2.221E+01 2.000E+00
4.625E+06 3.533E+02 9.707E-01 5.137E-05 4.479E-04 2.153E+03 8.167E-01 2.222E+01 2.000E+00
2.155E+07 8.855E+02 7.358E-01 5.137E-05 8.106E-04 1.280E+03 8.232E-01 2.223E+01 2.000E+00
1.647E+07 4.217E+02 9.332E-01 5.137E-05 1.475E-03 1.841E+03 8.352E-01 2.224E+01 2.000E+00
2.919E+07 8.175E+02 7.595E-01 5.137E-05 2.694E-03 1.336E+03 8.572E-01 2.227E+01 2.000E+00
6.881E+06 3.971E+02 9.559E-01 5.137E-05 4.928E-03 1.895E+03 8.859E-01 2.232E+01 2.000E+00
3.351E+06 5.651E+02 8.564E-01 6.498E-05 1.248E-05 1.543E+03 8.085E-01 2.221E+01 2.000E+00
3.542E+06 5.651E+02 8.564E-01 6.498E-05 1.252E-05 1.543E+03 8.085E-01 2.221E+01 2.000E+00
3.966E+06 5.651E+02 8.564E-01 6.498E-05 1.260E-05 1.563E+03 8.085E-01 2.221E+01 2.000E+00
5.143E+06 5.651E+02 8.564E-01 6.498E-05 1.274E-05 1.556E+03 8.085E-01 2.221E+01 2.000E+00
1.256E+07 5.651E+02 8.564E-01 6.498E-05 1.299E-05 1.543E+03 8.085E-01 2.221E+01 2.000E+00
8.219E+07 5.527E+02 8.622E-01 6.498E-05 1.345E-05 1.563E+03 8.085E-01 2.221E+01 2.000E+00
3.214E+07 8.276E+02 7.536E-01 6.498E-05 1.430E-05 1.604E+03 8.085E-01 2.221E+01 2.000E+00
1.672E+07 8.418E+02 7.489E-01 6.498E-05 1.585E-05 1.299E+03 8.086E-01 2.221E+01 2.000E+00
7.529E+06 8.884E+02 7.343E-01 6.498E-05 1.870E-05 1.275E+03 8.086E-01 2.221E+01 2.000E+00
5.096E+06 6.264E+02 8.291E-01 6.498E-05 2.391E-05 1.482E+03 8.087E-01 2.221E+01 2.000E+00
3.648E+08 8.542E+02 7.450E-01 6.498E-05 3.348E-05 1.292E+03 8.090E-01 2.221E+01 2.000E+00
2.886E+07 5.526E+02 8.623E-01 6.498E-05 5.101E-05 1.562E+03 8.094E-01 2.221E+01 2.000E+00
1.044E+08 5.683E+02 8.550E-01 6.498E-05 8.314E-05 1.538E+03 8.101E-01 2.221E+01 2.000E+00
6.599E+07 5.229E+02 8.768E-01 6.498E-05 1.420E-04 1.610E+03 8.112E-01 2.221E+01 2.000E+00
5.083E+07 7.059E+02 7.971E-01 6.498E-05 2.500E-04 1.389E+03 8.131E-01 2.221E+01 2.000E+00
7.556E+06 3.533E+02 9.707E-01 6.498E-05 4.479E-04 2.147E+03 8.167E-01 2.222E+01 2.000E+00
3.752E+06 2.755E+02 1.019E+00 6.498E-05 8.106E-04 2.903E+03 8.233E-01 2.223E+01 2.000E+00
3.600E+07 4.351E+02 9.256E-01 6.498E-05 1.475E-03 1.808E+03 8.352E-01 2.224E+01 2.000E+00
5.571E+07 8.175E+02 7.595E-01 6.498E-05 2.694E-03 1.320E+03 8.572E-01 2.227E+01 2.000E+00
1.498E+07 3.971E+02 9.559E-01 6.498E-05 4.928E-03 1.890E+03 8.859E-01 2.232E+01 2.000E+00
4.086E+06 5.651E+02 8.564E-01 8.219E-05 1.248E-05 1.543E+03 8.085E-01 2.221E+01 2.000E+00
4.391E+06 5.651E+02 8.564E-01 8.219E-05 1.252E-05 1.543E+03 8.085E-01 2.221E+01 2.000E+00
5.104E+06 5.651E+02 8.564E-01 8.219E-05 1.260E-05 1.543E+03 8.085E-01 2.221E+01 2.000E+00
7.413E+06 5.651E+02 8.564E-01 8.219E-05 1.274E-05 1.543E+03 8.085E-01 2.221E+01 2.000E+00
7.566E+07 5.651E+02 8.564E-01 8.219E-05 1.299E-05 1.543E+03 8.086E-01 2.221E+01 2.000E+00
5.401E+07 8.130E+02 7.584E-01 8.219E-05 1.345E-05 1.314E+03 8.086E-01 2.221E+01 2.000E+00
4.707E+06 5.019E+02 8.871E-01 8.219E-05 1.430E-05 1.650E+03 8.086E-01 2.221E+01 2.000E+00
2.347E+07 8.418E+02 7.489E-01 8.219E-05 1.585E-05 1.298E+03 8.086E-01 2.221E+01 2.000E+00
8.139E+06 8.884E+02 7.343E-01 8.219E-05 1.870E-05 1.275E+03 8.087E-01 2.221E+01 2.000E+00
6.673E+06 6.264E+02 8.291E-01 8.219E-05 2.391E-05 1.465E+03 8.088E-01 2.221E+01 2.000E+00
2.181E+07 3.845E+02 9.512E-01 8.219E-05 3.348E-05 1.995E+03 8.090E-01 2.221E+01 2.000E+00
2.149E+07 3.734E+02 9.577E-01 8.219E-05 5.101E-05 2.046E+03 8.095E-01 2.221E+01 2.000E+00
2.497E+07 8.321E+02 7.521E-01 8.219E-05 8.314E-05 1.304E+03 8.102E-01 2.221E+01 2.000E+00
4.774E+08 6.419E+02 8.227E-01 8.219E-05 1.420E-04 1.458E+03 8.113E-01 2.221E+01 2.000E+00
3.259E+07 7.017E+02 7.987E-01 8.219E-05 2.500E-04 1.393E+03 8.132E-01 2.221E+01 2.000E+00
4.942E+07 3.533E+02 9.707E-01 8.219E-05 4.479E-04 2.147E+03 8.168E-01 2.222E+01 2.000E+00
6.690E+06 2.755E+02 1.019E+00 8.219E-05 8.106E-04 2.903E+03 8.233E-01 2.223E+01 2.000E+00
4.279E+06 4.244E+02 9.317E-01 8.219E-05 1.475E-03 1.832E+03 8.353E-01 2.224E+01 2.000E+00
2.576E+08 9.813E+02 7.094E-01 8.219E-05 2.694E-03 1.247E+03 8.573E-01 2.227E+01 2.000E+00
3.236E+06 6.168E+02 8.401E-01 8.219E-05 4.928E-03 1.476E+03 8.860E-01 2.232E+01 2.000E+00
5.796E+06 5.651E+02 8.564E-01 1.040E-04 1.248E-05 1.543E+03 8.086E-01 2.221E+01 2.000E+00
6.480E+06 5.651E+02 8.564E-01 1.040E-04 1.252E-05 1.543E+03 8.086E-01 2.221E+01 2.000E+00
8.324E+06 5.651E+02 8.564E-01 1.040E-04 1.260E-05 1.543E+03 8.086E-01 2.221E+01 2.000E+00
1.834E+07 5.651E+02 8.564E-01 1.040E-04 1.274E-05 1.543E+03 8.086E-01 2.221E+01 2.000E+00
1.505E+07 5.502E+02 8.634E-01 1.040E-04 1.299E-05 1.567E+03 8.086E-01 2.221E+01 2.000E+00
8.811E+06 8.276E+02 7.536E-01 1.040E-04 1.345E-05 1.306E+03 8.087E-01 2.221E+01 2.000E+00
8.411E+06 5.019E+02 8.871E-01 1.040E-04 1.430E-05 1.650E+03 8.087E-01 2.221E+01 2.000E+00
4.960E+07 8.418E+02 7.489E-01 1.040E-04 1.585E-05 1.298E+03 8.087E-01 2.221E+01 2.000E+00
9.091E+06 8.884E+02 7.343E-01 1.040E-04 1.870E-05 1.275E+03 8.088E-01 2.221E+01 2.000E+00
1.141E+07 6.264E+02 8.291E-01 1.040E-04 2.391E-05 1.484E+03 8.089E-01 2.221E+01 2.000E+00
1.338E+07 4.282E+02 9.263E-01 1.040E-04 3.348E-05 1.833E+03 8.091E-01 2.221E+01 2.000E+00
6.226E+06 2.830E+02 1.012E+00 1.040E-04 5.101E-05 2.826E+03 8.096E-01 2.221E+01 2.000E+00
6.280E+07 8.321E+02 7.521E-01 1.040E-04 8.314E-05 1.304E+03 8.103E-01 2.221E+01 2.000E+00
8.950E+06 5.071E+02 8.847E-01 1.040E-04 1.420E-04 1.639E+03 8.113E-01 2.221E+01 2.000E+00
5.104E+06 4.602E+02 9.093E-01 1.040E-04 2.500E-04 1.741E+03 8.133E-01 2.221E+01 2.000E+00
6.403E+06 4.019E+02 9.421E-01 1.040E-04 4.479E-04 1.919E+03 8.169E-01 2.222E+01 2.000E+00
4.354E+07 5.686E+02 8.560E-01 1.040E-04 8.106E-04 1.537E+03 8.234E-01 2.223E+01 2.000E+00
8.489E+06 4.244E+02 9.317E-01 1.040E-04 1.475E-03 1.832E+03 8.354E-01 2.224E+01 2.000E+00
4.365E+06 4.213E+02 9.362E-01 1.040E-04 2.694E-03 1.832E+03 8.574E-01 2.227E+01 2.000E+00
3.895E+06 6.168E+02 8.401E-01 1.040E-04 4.928E-03 1.476E+03 8.861E-01 2.232E+01 2.000E+00
1.360E+07 5.651E+02 8.564E-01 1.315E-04 1.248E-05 1.543E+03 8.087E-01 2.221E+01 2.000E+00
1.868E+07 5.651E+02 8.564E-01 1.315E-04 1.252E-05 1.543E+03 8.087E-01 2.221E+01 2.000E+00
6.252E+07 5.651E+02 8.564E-01 1.315E-04 1.260E-05 1.543E+03 8.087E-01 2.221E+01 2.000E+00
1.179E+07 5.502E+02 8.634E-01 1.315E-04 1.274E-05 1.565E+03 8.087E-01 2.221E+01 2.000E+00
3.619E+07 5.305E+02 8.729E-01 1.315E-04 1.299E-05 1.597E+03 8.088E-01 2.221E+01 2.000E+00
1.172E+07 8.276E+02 7.536E-01 1.315E-04 1.345E-05 1.306E+03 8.088E-01 2.221E+01 2.000E+00
5.290E+06 8.418E+02 7.489E-01 1.315E-04 1.430E-05 1.298E+03 8.088E-01 2.221E+01 2.000E+00
1.385E+08 8.214E+02 7.556E-01 1.315E-04 1.585E-05 1.310E+03 8.088E-01 2.221E+01 2.000E+00
1.669E+07 7.022E+02 7.983E-01 1.315E-04 1.870E-05 1.392E+03 8.089E-01 2.221E+01 2.000E+00
3.743E+08 6.264E+02 8.291E-01 1.315E-04 2.391E-05 1.475E+03 8.090E-01 2.221E+01 2.000E+00
2.941E+07 4.711E+02 9.030E-01 1.315E-04 3.348E-05 1.716E+03 8.092E-01 2.221E+01 2.000E+00
2.466E+07 5.018E+02 8.872E-01 1.315E-04 5.101E-05 1.650E+03 8.097E-01 2.221E+01 2.000E+00
1.491E+07 8.213E+02 7.557E-01 1.315E-04 8.314E-05 1.310E+03 8.104E-01 2.221E+01 2.000E+00
3.905E+07 5.142E+02 8.812E-01 1.315E-04 1.420E-04 1.626E+03 8.114E-01 2.221E+01 2.000E+00
1.744E+07 4.602E+02 9.093E-01 1.315E-04 2.500E-04 1.742E+03 8.134E-01 2.221E+01 2.000E+00
8.541E+06 2.967E+02 1.005E+00 1.315E-04 4.479E-04 2.618E+03 8.170E-01 2.222E+01 2.000E+00
4.324E+07 5.658E+02 8.573E-01 1.315E-04 8.106E-04 1.541E+03 8.235E-01 2.223E+01 2.000E+00
3.119E+07 8.098E+02 7.609E-01 1.315E-04 1.475E-03 1.353E+03 8.355E-01 2.224E+01 2.000E+00
1.236E+07 4.213E+02 9.362E-01 1.315E-04 2.694E-03 1.832E+03 8.575E-01 2.227E+01 2.000E+00
5.392E+06 6.036E+02 8.460E-01 1.315E-04 4.928E-03 1.491E+03 8.862E-01 2.232E+01 2.000E+00
1.331E+07 5.502E+02 8.634E-01 1.663E-04 1.248E-05 1.565E+03 8.089E-01 2.221E+01 2.000E+00
1.844E+07 5.502E+02 8.634E-01 1.663E-04 1.252E-05 1.565E+03 8.089E-01 2.221E+01 2.000E+00
6.702E+07 5.502E+02 8.634E-01 1.663E-04 1.260E-05 1.565E+03 8.089E-01 2.221E+01 2.000E+00
6.721E+07 5.305E+02 8.729E-01 1.663E-04 1.274E-05 1.597E+03 8.089E-01 2.221E+01 2.000E+00
8.739E+06 8.276E+02 7.536E-01 1.663E-04 1.299E-05 1.307E+03 8.089E-01 2.221E+01 2.000E+00
2.098E+07 8.276E+02 7.536E-01 1.663E-04 1.345E-05 1.306E+03 8.089E-01 2.221E+01 2.000E+00
1.347E+07 2.709E+02 1.019E+00 1.663E-04 1.430E-05 3.045E+03 8.089E-01 2.221E+01 2.000E+00
4.237E+07 3.306E+02 9.831E-01 1.663E-04 1.585E-05 2.308E+03 8.090E-01 2.221E+01 2.000E+00
1.402E+07 8.884E+02 7.343E-01 1.663E-04 1.870E-05 1.277E+03 8.090E-01 2.221E+01 2.000E+00
1.371E+07 6.802E+02 8.069E-01 1.663E-04 2.391E-05 1.411E+03 8.092E-01 2.221E+01 2.000E+00
9.185E+06 6.729E+02 8.098E-01 1.663E-04 3.348E-05 1.418E+03 8.094E-01 2.221E+01 2.000E+00
2.229E+07 7.811E+02 7.693E-01 1.663E-04 5.101E-05 1.334E+03 8.098E-01 2.221E+01 2.000E+00
3.764E+07 8.213E+02 7.557E-01 1.663E-04 8.314E-05 1.310E+03 8.105E-01 2.221E+01 2.000E+00
5.595E+07 4.135E+02 9.348E-01 1.663E-04 1.420E-04 1.881E+03 8.116E-01 2.221E+01 2.000E+00
6.568E+06 8.850E+02 7.355E-01 1.663E-04 2.500E-04 1.277E+03 8.135E-01 2.221E+01 2.000E+00
5.970E+06 2.882E+02 1.010E+00 1.663E-04 4.479E-04 2.727E+03 8.171E-01 2.222E+01 2.000E+00
4.705E+06 8.767E+02 7.386E-01 1.663E-04 8.106E-04 1.284E+03 8.236E-01 2.223E+01 2.000E+00
1.649E+07 8.137E+02 7.596E-01 1.663E-04 1.475E-03 1.318E+03 8.356E-01 2.224E+01 2.000E+00
1.161E+07 8.765E+02 7.403E-01 1.663E-04 2.694E-03 1.289E+03 8.576E-01 2.227E+01 2.000E+00
1.210E+07 6.036E+02 8.460E-01 1.663E-04 4.928E-03 1.493E+03 8.863E-01 2.232E+01 2.000E+00
4.227E+07 8.130E+02 7.584E-01 2.104E-04 1.248E-05 1.315E+03 8.091E-01 2.221E+01 2.000E+00
6.065E+07 8.130E+02 7.584E-01 2.104E-04 1.252E-05 1.315E+03 8.091E-01 2.221E+01 2.000E+00
3.177E+08 8.130E+02 7.584E-01 2.104E-04 1.260E-05 1.315E+03 8.091E-01 2.221E+01 2.000E+00
9.539E+06 8.276E+02 7.536E-01 2.104E-04 1.274E-05 1.308E+03 8.091E-01 2.221E+01 2.000E+00
1.455E+07 8.276E+02 7.536E-01 2.104E-04 1.299E-05 1.306E+03 8.091E-01 2.221E+01 2.000E+00
8.514E+06 5.019E+02 8.871E-01 2.104E-04 1.345E-05 1.650E+03 8.091E-01 2.221E+01 2.000E+00
8.249E+06 8.418E+02 7.489E-01 2.104E-04 1.430E-05 1.298E+03 8.091E-01 2.221E+01 2.000E+00
3.358E+08 8.994E+02 7.309E-01 2.104E-04 1.585E-05 1.270E+03 8.091E-01 2.221E+01 2.000E+00
2.367E+07 8.884E+02 7.343E-01 2.104E-04 1.870E-05 1.275E+03 8.092E-01 2.221E+01 2.000E+00
5.275E+06 3.365E+02 9.796E-01 2.104E-04 2.391E-05 2.268E+03 8.093E-01 2.221E+01 2.000E+00
5.240E+06 6.494E+02 8.194E-01 2.104E-04 3.348E-05 1.441E+03 8.096E-01 2.221E+01 2.000E+00
3.142E+08 7.898E+02 7.663E-01 2.104E-04 5.101E-05 1.329E+03 8.100E-01 2.221E+01 2.000E+00
1.169E+08 7.795E+02 7.699E-01 2.104E-04 8.314E-05 1.336E+03 8.107E-01 2.221E+01 2.000E+00
1.165E+07 6.748E+02 8.092E-01 2.104E-04 1.420E-04 1.416E+03 8.117E-01 2.221E+01 2.000E+00
7.905E+06 8.850E+02 7.355E-01 2.104E-04 2.500E-04 1.277E+03 8.137E-01 2.221E+01 2.000E+00
2.157E+08 6.690E+02 8.119E-01 2.104E-04 4.479E-04 1.422E+03 8.172E-01 2.222E+01 2.000E+00
7.571E+07 4.390E+02 9.220E-01 2.104E-04 8.106E-04 1.796E+03 8.238E-01 2.223E+01 2.000E+00
6.075E+06 4.308E+02 9.280E-01 2.104E-04 1.475E-03 1.813E+03 8.358E-01 2.224E+01 2.000E+00
1.815E+07 8.765E+02 7.403E-01 2.104E-04 2.694E-03 1.289E+03 8.577E-01 2.227E+01 2.000E+00
4.378E+07 5.904E+02 8.521E-01 2.104E-04 4.928E-03 1.506E+03 8.864E-01 2.232E+01 2.000E+00
1.203E+07 8.276E+02 7.536E-01 2.661E-04 1.248E-05 1.306E+03 8.093E-01 2.221E+01 2.000E+00
1.769E+07 8.175E+02 7.569E-01 2.661E-04 1.252E-05 1.312E+03 8.093E-01 2.221E+01 2.000E+00
1.511E+07 8.276E+02 7.536E-01 2.661E-04 1.260E-05 1.312E+03 8.093E-01 2.221E+01 2.000E+00
3.848E+06 5.019E+02 8.871E-01 2.661E-04 1.274E-05 1.650E+03 8.093E-01 2.221E+01 2.000E+00
7.868E+06 5.019E+02 8.871E-01 2.661E-04 1.299E-05 1.650E+03 8.093E-01 2.221E+01 2.000E+00
1.276E+09 2.709E+02 1.019E+00 2.661E-04 1.345E-05 3.062E+03 8.093E-01 2.221E+01 2.000E+00
1.617E+07 3.484E+02 9.724E-01 2.661E-04 1.430E-05 2.188E+03 8.093E-01 2.221E+01 2.000E+00
4.540E+06 9.019E+02 7.302E-01 2.661E-04 1.585E-05 1.269E+03 8.094E-01 2.221E+01 2.000E+00
3.129E+08 8.884E+02 7.343E-01 2.661E-04 1.870E-05 1.275E+03 8.094E-01 2.221E+01 2.000E+00
1.298E+07 6.840E+02 8.054E-01 2.661E-04 2.391E-05 1.408E+03 8.096E-01 2.221E+01 2.000E+00
2.630E+07 3.603E+02 9.654E-01 2.661E-04 3.348E-05 2.115E+03 8.098E-01 2.221E+01 2.000E+00
1.623E+07 7.431E+02 7.829E-01 2.661E-04 5.101E-05 1.361E+03 8.102E-01 2.221E+01 2.000E+00
1.956E+07 9.486E+02 7.166E-01 2.661E-04 8.314E-05 1.249E+03 8.109E-01 2.221E+01 2.000E+00
4.077E+07 3.965E+02 9.445E-01 2.661E-04 1.420E-04 1.944E+03 8.119E-01 2.221E+01 2.000E+00
1.087E+07 8.850E+02 7.355E-01 2.661E-04 2.500E-04 1.277E+03 8.139E-01 2.221E+01 2.000E+00
1.747E+07 6.910E+02 8.031E-01 2.661E-04 4.479E-04 1.402E+03 8.174E-01 2.222E+01 2.000E+00
1.118E+07 3.111E+02 9.974E-01 2.661E-04 8.106E-04 2.450E+03 8.240E-01 2.223E+01 2.000E+00
9.106E+06 6.163E+02 8.355E-01 2.661E-04 1.475E-03 1.476E+03 8.360E-01 2.224E+01 2.000E+00
9.857E+06 5.162E+02 8.847E-01 2.661E-04 2.694E-03 1.615E+03 8.579E-01 2.227E+01 2.000E+00
6.099E+06 8.914E+02 7.375E-01 2.661E-04 4.928E-03 1.291E+03 8.866E-01 2.232E+01 2.000E+00
1.054E+07 5.019E+02 8.871E-01 3.366E-04 1.248E-05 1.650E+03 8.096E-01 2.221E+01 2.000E+00
1.402E+07 5.019E+02 8.871E-01 3.366E-04 1.252E-05 1.650E+03 8.096E-01 2.221E+01 2.000E+00
3.721E+07 5.019E+02 8.871E-01 3.366E-04 1.260E-05 1.653E+03 8.096E-01 2.221E+01 2.000E+00
2.431E+07 2.709E+02 1.019E+00 3.366E-04 1.274E-05 3.045E+03 8.096E-01 2.221E+01 2.000E+00
6.582E+06 5.002E+02 8.880E-01 3.366E-04 1.299E-05 1.653E+03 8.096E-01 2.221E+01 2.000E+00
8.762E+06 8.418E+02 7.489E-01 3.366E-04 1.345E-05 1.299E+03 8.096E-01 2.221E+01 2.000E+00
6.156E+07 8.214E+02 7.556E-01 3.366E-04 1.430E-05 1.310E+03 8.096E-01 2.221E+01 2.000E+00
1.558E+07 6.422E+02 8.224E-01 3.366E-04 1.585E-05 1.453E+03 8.096E-01 2.221E+01 2.000E+00
1.239E+07 7.827E+02 7.687E-01 3.366E-04 1.870E-05 1.333E+03 8.097E-01 2.221E+01 2.000E+00
1.575E+07 6.149E+02 8.340E-01 3.366E-04 2.391E-05 1.478E+03 8.098E-01 2.221E+01 2.000E+00
1.191E+07 7.251E+02 7.896E-01 3.366E-04 3.348E-05 1.377E+03 8.101E-01 2.221E+01 2.000E+00
3.368E+07 5.643E+02 8.568E-01 3.366E-04 5.101E-05 1.545E+03 8.105E-01 2.221E+01 2.000E+00
3.272E+07 9.486E+02 7.166E-01 3.366E-04 8.314E-05 1.249E+03 8.111E-01 2.221E+01 2.000E+00
1.831E+07 6.304E+02 8.275E-01 3.366E-04 1.420E-04 1.461E+03 8.122E-01 2.221E+01 2.000E+00
2.221E+07 8.850E+02 7.355E-01 3.366E-04 2.500E-04 1.277E+03 8.141E-01 2.221E+01 2.000E+00
1.658E+07 6.768E+02 8.088E-01 3.366E-04 4.479E-04 1.415E+03 8.177E-01 2.222E+01 2.000E+00
9.129E+06 8.767E+02 7.386E-01 3.366E-04 8.106E-04 1.283E+03 8.242E-01 2.223E+01 2.000E+00
6.370E+06 8.186E+02 7.579E-01 3.366E-04 1.475E-03 1.315E+03 8.362E-01 2.224E+01 2.000E+00
6.540E+07 5.596E+02 8.632E-01 3.366E-04 2.694E-03 1.547E+03 8.582E-01 2.227E+01 2.000E+00
7.851E+06 8.914E+02 7.375E-01 3.366E-04 4.928E-03 1.291E+03 8.868E-01 2.232E+01 2.000E+00
3.027E+07 5.002E+02 8.880E-01 4.257E-04 1.248E-05 1.653E+03 8.099E-01 2.221E+01 2.000E+00
1.230E+08 5.002E+02 8.880E-01 4.257E-04 1.252E-05 1.653E+03 8.099E-01 2.221E+01 2.000E+00
7.214E+06 8.418E+02 7.489E-01 4.257E-04 1.260E-05 1.299E+03 8.099E-01 2.221E+01 2.000E+00
8.187E+06 8.418E+02 7.489E-01 4.257E-04 1.274E-05 1.298E+03 8.099E-01 2.221E+01 2.000E+00
2.655E+06 3.227E+02 9.878E-01 4.257E-04 1.299E-05 2.372E+03 8.099E-01 2.221E+01 2.000E+00
3.542E+07 8.418E+02 7.489E-01 4.257E-04 1.345E-05 1.299E+03 8.099E-01 2.221E+01 2.000E+00
3.468E+08 8.994E+02 7.309E-01 4.257E-04 1.430E-05 1.270E+03 8.100E-01 2.221E+01 2.000E+00
6.687E+06 9.019E+02 7.302E-01 4.257E-04 1.585E-05 1.269E+03 8.100E-01 2.221E+01 2.000E+00
4.764E+07 3.010E+02 1.001E+00 4.257E-04 1.870E-05 2.586E+03 8.101E-01 2.221E+01 2.000E+00
5.064E+07 7.830E+02 7.686E-01 4.257E-04 2.391E-05 1.333E+03 8.102E-01 2.221E+01 2.000E+00
2.539E+07 7.449E+02 7.822E-01 4.257E-04 3.348E-05 1.359E+03 8.104E-01 2.221E+01 2.000E+00
1.426E+07 7.496E+02 7.805E-01 4.257E-04 5.101E-05 1.356E+03 8.108E-01 2.221E+01 2.000E+00
3.038E+08 9.486E+02 7.166E-01 4.257E-04 8.314E-05 1.249E+03 8.114E-01 2.221E+01 2.000E+00
2.100E+07 8.975E+02 7.316E-01 4.257E-04 1.420E-04 1.271E+03 8.125E-01 2.221E+01 2.000E+00
9.263E+06 9.235E+02 7.240E-01 4.257E-04 2.500E-04 1.260E+03 8.144E-01 2.221E+01 2.000E+00
9.016E+06 3.957E+02 9.457E-01 4.257E-04 4.479E-04 1.945E+03 8.180E-01 2.222E+01 2.000E+00
2.147E+07 8.767E+02 7.386E-01 4.257E-04 8.106E-04 1.283E+03 8.246E-01 2.223E+01 2.000E+00
1.594E+07 8.186E+02 7.579E-01 4.257E-04 1.475E-03 1.315E+03 8.365E-01 2.224E+01 2.000E+00
7.927E+06 8.858E+02 7.374E-01 4.257E-04 2.694E-03 1.285E+03 8.585E-01 2.227E+01 2.000E+00
7.068E+06 2.269E+02 1.066E+00 4.257E-04 4.928E-03 3.776E+03 8.871E-01 2.232E+01 2.000E+00
2.051E+07 8.418E+02 7.489E-01 5.385E-04 1.248E-05 1.299E+03 8.104E-01 2.221E+01 2.000E+00
2.170E+07 3.306E+02 9.831E-01 5.385E-04 1.252E-05 2.308E+03 8.104E-01 2.221E+01 2.000E+00
3.070E+07 8.418E+02 7.489E-01 5.385E-04 1.260E-05 1.299E+03 8.104E-01 2.221E+01 2.000E+00
7.797E+07 8.418E+02 7.489E-01 5.385E-04 1.274E-05 1.299E+03 8.104E-01 2.221E+01 2.000E+00
2.191E+07 8.994E+02 7.309E-01 5.385E-04 1.299E-05 1.270E+03 8.104E-01 2.221E+01 2.000E+00
1.700E+08 8.994E+02 7.309E-01 5.385E-04 1.345E-05 1.270E+03 8.104E-01 2.221E+01 2.000E+00
1.421E+07 6.422E+02 8.224E-01 5.385E-04 1.430E-05 1.449E+03 8.104E-01 2.221E+01 2.000E+00
1.176E+07 8.884E+02 7.343E-01 5.385E-04 1.585E-05 1.275E+03 8.105E-01 2.221E+01 2.000E+00
1.106E+07 2.647E+02 1.022E+00 5.385E-04 1.870E-05 3.181E+03 8.105E-01 2.221E+01 2.000E+00
4.918E+06 9.062E+02 7.289E-01 5.385E-04 2.391E-05 1.271E+03 8.106E-01 2.221E+01 2.000E+00
1.991E+07 7.399E+02 7.841E-01 5.385E-04 3.348E-05 1.364E+03 8.109E-01 2.221E+01 2.000E+00
1.081E+07 9.145E+02 7.264E-01 5.385E-04 5.101E-05 1.263E+03 8.113E-01 2.221E+01 2.000E+00
2.245E+07 7.546E+02 7.788E-01 5.385E-04 8.314E-05 1.355E+03 8.118E-01 2.221E+01 2.000E+00
7.472E+07 9.000E+02 7.309E-01 5.385E-04 1.420E-04 1.270E+03 8.129E-01 2.221E+01 2.000E+00
2.130E+07 6.468E+02 8.208E-01 5.385E-04 2.500E-04 1.444E+03 8.149E-01 2.221E+01 2.000E+00
3.045E+06 2.577E+02 1.028E+00 5.385E-04 4.479E-04 3.318E+03 8.184E-01 2.222E+01 2.000E+00
7.368E+07 2.815E+02 1.015E+00 5.385E-04 8.106E-04 2.806E+03 8.250E-01 2.223E+01 2.000E+00
5.712E+06 8.473E+02 7.485E-01 5.385E-04 1.475E-03 1.301E+03 8.369E-01 2.224E+01 2.000E+00
1.779E+07 8.858E+02 7.374E-01 5.385E-04 2.694E-03 1.286E+03 8.589E-01 2.227E+01 2.000E+00
1.519E+08 8.914E+02 7.375E-01 5.385E-04 4.928E-03 1.291E+03 8.874E-01 2.232E+01 2.000E+00
2.525E+09 8.994E+02 7.309E-01 6.811E-04 1.248E-05 1.270E+03 8.109E-01 2.221E+01 2.000E+00
3.659E+07 8.772E+02 7.377E-01 6.811E-04 1.252E-05 1.281E+03 8.109E-01 2.221E+01 2.000E+00
5.195E+07 8.772E+02 7.377E-01 6.811E-04 1.260E-05 1.281E+03 8.109E-01 2.221E+01 2.000E+00
2.417E+08 8.772E+02 7.377E-01 6.811E-04 1.274E-05 1.281E+03 8.109E-01 2.221E+01 2.000E+00
4.698E+06 9.019E+02 7.302E-01 6.811E-04 1.299E-05 1.269E+03 8.110E-01 2.221E+01 2.000E+00
1.082E+07 6.497E+02 8.193E-01 6.811E-04 1.345E-05 1.441E+03 8.110E-01 2.221E+01 2.000E+00
7.781E+06 8.884E+02 7.343E-01 6.811E-04 1.430E-05 1.275E+03 8.110E-01 2.221E+01 2.000E+00
7.271E+06 7.827E+02 7.687E-01 6.811E-04 1.585E-05 1.335E+03 8.110E-01 2.221E+01 2.000E+00
2.812E+06 6.264E+02 8.291E-01 6.811E-04 1.870E-05 1.466E+03 8.111E-01 2.221E+01 2.000E+00
1.108E+07 3.968E+02 9.440E-01 6.811E-04 2.391E-05 1.944E+03 8.112E-01 2.221E+01 2.000E+00
1.459E+07 6.236E+02 8.303E-01 6.811E-04 3.348E-05 1.469E+03 8.114E-01 2.221E+01 2.000E+00
1.383E+07 2.952E+02 1.005E+00 6.811E-04 5.101E-05 2.655E+03 8.118E-01 2.221E+01 2.000E+00
6.673E+07 7.398E+02 7.842E-01 6.811E-04 8.314E-05 1.363E+03 8.124E-01 2.221E+01 2.000E+00
1.300E+07 8.261E+02 7.542E-01 6.811E-04 1.420E-04 1.316E+03 8.134E-01 2.221E+01 2.000E+00
1.093E+08 4.689E+02 9.046E-01 6.811E-04 2.500E-04 1.720E+03 8.154E-01 2.221E+01 2.000E+00
1.461E+07 3.362E+02 9.810E-01 6.811E-04 4.479E-04 2.258E+03 8.189E-01 2.222E+01 2.000E+00
1.763E+07 4.455E+02 9.184E-01 6.811E-04 8.106E-04 1.777E+03 8.255E-01 2.223E+01 2.000E+00
1.842E+07 8.473E+02 7.485E-01 6.811E-04 1.475E-03 1.300E+03 8.375E-01 2.224E+01 2.000E+00
1.140E+07 7.546E+02 7.816E-01 6.811E-04 2.694E-03 1.359E+03 8.594E-01 2.227E+01 2.000E+00
1.883E+07 5.179E+02 8.877E-01 6.811E-04 4.928E-03 1.606E+03 8.879E-01 2.232E+01 2.000E+00
6.089E+06 9.019E+02 7.302E-01 8.615E-04 1.248E-05 1.269E+03 8.117E-01 2.221E+01 2.000E+00
6.188E+06 9.019E+02 7.302E-01 8.615E-04 1.252E-05 1.269E+03 8.117E-01 2.221E+01 2.000E+00
1.337E+07 8.972E+02 7.316E-01 8.615E-04 1.260E-05 1.273E+03 8.117E-01 2.221E+01 2.000E+00
6.772E+06 9.019E+02 7.302E-01 8.615E-04 1.274E-05 1.269E+03 8.117E-01 2.221E+01 2.000E+00
7.857E+06 7.022E+02 7.983E-01 8.615E-04 1.299E-05 1.393E+03 8.117E-01 2.221E+01 2.000E+00
1.188E+07 8.937E+02 7.327E-01 8.615E-04 1.345E-05 1.273E+03 8.117E-01 2.221E+01 2.000E+00
7.873E+07 8.884E+02 7.343E-01 8.615E-04 1.430E-05 1.275E+03 8.117E-01 2.221E+01 2.000E+00
1.762E+07 5.561E+02 8.606E-01 8.615E-04 1.585E-05 1.557E+03 8.117E-01 2.221E+01 2.000E+00
1.508E+07 6.802E+02 8.069E-01 8.615E-04 1.870E-05 1.439E+03 8.118E-01 2.221E+01 2.000E+00
9.587E+06 7.580E+02 7.775E-01 8.615E-04 2.391E-05 1.351E+03 8.119E-01 2.221E+01 2.000E+00
1.625E+07 5.857E+02 8.470E-01 8.615E-04 3.348E-05 1.515E+03 8.121E-01 2.221E+01 2.000E+00
1.657E+07 4.766E+02 9.002E-01 8.615E-04 5.101E-05 1.704E+03 8.124E-01 2.221E+01 2.000E+00
2.410E+07 9.452E+02 7.175E-01 8.615E-04 8.314E-05 1.250E+03 8.130E-01 2.221E+01 2.000E+00
5.889E+06 4.112E+02 9.361E-01 8.615E-04 1.420E-04 1.889E+03 8.141E-01 2.221E+01 2.000E+00
2.115E+07 7.792E+02 7.702E-01 8.615E-04 2.500E-04 1.336E+03 8.160E-01 2.221E+01 2.000E+00
7.389E+06 9.754E+02 7.093E-01 8.615E-04 4.479E-04 1.240E+03 8.196E-01 2.222E+01 2.000E+00
8.650E+07 9.714E+02 7.107E-01 8.615E-04 8.106E-04 1.243E+03 8.261E-01 2.223E+01 2.000E+00
5.529E+06 8.456E+02 7.490E-01 8.615E-04 1.475E-03 1.303E+03 8.381E-01 2.224E+01 2.000E+00
2.674E+07 9.366E+02 7.221E-01 8.615E-04 2.694E-03 1.268E+03 8.601E-01 2.227E+01 2.000E+00
6.880E+06 2.452E+02 1.054E+00 8.615E-04 4.928E-03 3.203E+03 8.884E-01 2.232E+01 2.000E+00
3.468E+07 8.884E+02 7.343E-01 1.090E-03 1.248E-05 1.275E+03 8.126E-01 2.221E+01 2.000E+00
4.018E+07 8.884E+02 7.343E-01 1.090E-03 1.252E-05 1.276E+03 8.126E-01 2.221E+01 2.000E+00
5.684E+07 8.884E+02 7.343E-01 1.090E-03 1.260E-05 1.275E+03 8.126E-01 2.221E+01 2.000E+00
2.516E+08 8.884E+02 7.343E-01 1.090E-03 1.274E-05 1.275E+03 8.126E-01 2.221E+01 2.000E+00
8.994E+06 7.827E+02 7.687E-01 1.090E-03 1.299E-05 1.334E+03 8.126E-01 2.221E+01 2.000E+00
4.794E+07 7.827E+02 7.687E-01 1.090E-03 1.345E-05 1.339E+03 8.126E-01 2.221E+01 2.000E+00
2.779E+07 5.545E+02 8.614E-01 1.090E-03 1.430E-05 1.559E+03 8.126E-01 2.221E+01 2.000E+00
2.631E+07 7.698E+02 7.733E-01 1.090E-03 1.585E-05 1.343E+03 8.126E-01 2.221E+01 2.000E+00
1.174E+07 7.830E+02 7.686E-01 1.090E-03 1.870E-05 1.334E+03 8.127E-01 2.221E+01 2.000E+00
3.364E+07 7.332E+02 7.865E-01 1.090E-03 2.391E-05 1.368E+03 8.128E-01 2.221E+01 2.000E+00
2.545E+07 8.421E+02 7.488E-01 1.090E-03 3.348E-05 1.300E+03 8.129E-01 2.221E+01 2.000E+00
2.472E+07 9.325E+02 7.212E-01 1.090E-03 5.101E-05 1.256E+03 8.133E-01 2.221E+01 2.000E+00
2.395E+07 3.054E+02 9.985E-01 1.090E-03 8.314E-05 2.535E+03 8.138E-01 2.221E+01 2.000E+00
7.476E+06 2.828E+02 1.012E+00 1.090E-03 1.420E-04 2.848E+03 8.149E-01 2.221E+01 2.000E+00
3.793E+07 3.962E+02 9.449E-01 1.090E-03 2.500E-04 2.003E+03 8.168E-01 2.221E+01 2.000E+00
1.901E+07 7.730E+02 7.726E-01 1.090E-03 4.479E-04 1.341E+03 8.204E-01 2.222E+01 2.000E+00
1.119E+07 5.246E+02 8.772E-01 1.090E-03 8.106E-04 1.606E+03 8.270E-01 2.223E+01 2.000E+00
4.759E+07 5.266E+02 8.773E-01 1.090E-03 1.475E-03 1.601E+03 8.389E-01 2.224E+01 2.000E+00
1.411E+07 4.808E+02 9.031E-01 1.090E-03 2.694E-03 1.683E+03 8.609E-01 2.227E+01 2.000E+00
4.373E+06 3.373E+02 9.938E-01 1.090E-03 4.928E-03 2.155E+03 8.891E-01 2.232E+01 2.000E+00
2.825E+07 5.452E+02 8.658E-01 1.378E-03 1.248E-05 1.574E+03 8.136E-01 2.221E+01 2.000E+00
7.429E+07 5.452E+02 8.658E-01 1.378E-03 1.252E-05 1.574E+03 8.136E-01 2.221E+01 2.000E+00
1.502E+07 5.378E+02 8.694E-01 1.378E-03 1.260E-05 1.586E+03 8.136E-01 2.221E+01 2.000E+00
7.981E+06 8.937E+02 7.327E-01 1.378E-03 1.274E-05 1.273E+03 8.136E-01 2.221E+01 2.000E+00
2.398E+07 6.159E+02 8.336E-01 1.378E-03 1.299E-05 1.478E+03 8.136E-01 2.221E+01 2.000E+00
3.300E+06 3.365E+02 9.796E-01 1.378E-03 1.345E-05 2.265E+03 8.136E-01 2.221E+01 2.000E+00
2.588E+07 6.264E+02 8.291E-01 1.378E-03 1.430E-05 1.466E+03 8.136E-01 2.221E+01 2.000E+00
1.067E+07 6.149E+02 8.340E-01 1.378E-03 1.585E-05 1.479E+03 8.137E-01 2.221E+01 2.000E+00
6.505E+06 9.062E+02 7.289E-01 1.378E-03 1.870E-05 1.269E+03 8.137E-01 2.221E+01 2.000E+00
1.978E+08 8.542E+02 7.450E-01 1.378E-03 2.391E-05 1.293E+03 8.138E-01 2.221E+01 2.000E+00
1.493E+08 6.826E+02 8.060E-01 1.378E-03 3.348E-05 1.411E+03 8.140E-01 2.221E+01 2.000E+00
1.926E+07 9.471E+02 7.170E-01 1.378E-03 5.101E-05 1.250E+03 8.143E-01 2.221E+01 2.000E+00
1.175E+07 9.362E+02 7.201E-01 1.378E-03 8.314E-05 1.254E+03 8.149E-01 2.221E+01 2.000E+00
1.002E+08 2.888E+02 1.009E+00 1.378E-03 1.420E-04 2.735E+03 8.159E-01 2.221E+01 2.000E+00
2.746E+07 6.657E+02 8.130E-01 1.378E-03 2.500E-04 1.442E+03 8.179E-01 2.221E+01 2.000E+00
1.890E+07 4.207E+02 9.314E-01 1.378E-03 4.479E-04 1.854E+03 8.215E-01 2.222E+01 2.000E+00
2.139E+07 9.220E+02 7.249E-01 1.378E-03 8.106E-04 1.263E+03 8.280E-01 2.223E+01 2.000E+00
1.987E+07 8.375E+02 7.517E-01 1.378E-03 1.475E-03 1.306E+03 8.400E-01 2.224E+01 2.000E+00
6.036E+06 3.640E+02 9.705E-01 1.378E-03 2.694E-03 2.052E+03 8.619E-01 2.227E+01 2.000E+00
6.566E+06 3.727E+02 9.711E-01 1.378E-03 4.928E-03 1.983E+03 8.900E-01 2.232E+01 2.000E+00
6.548E+06 6.575E+02 8.160E-01 1.743E-03 1.248E-05 1.434E+03 8.149E-01 2.221E+01 2.000E+00
6.335E+06 6.840E+02 8.054E-01 1.743E-03 1.252E-05 1.409E+03 8.149E-01 2.221E+01 2.000E+00
7.331E+06 6.840E+02 8.054E-01 1.743E-03 1.260E-05 1.409E+03 8.149E-01 2.221E+01 2.000E+00
1.046E+07 6.840E+02 8.054E-01 1.743E-03 1.274E-05 1.411E+03 8.149E-01 2.221E+01 2.000E+00
6.623E+07 6.840E+02 8.054E-01 1.743E-03 1.299E-05 1.409E+03 8.149E-01 2.221E+01 2.000E+00
1.584E+07 7.701E+02 7.732E-01 1.743E-03 1.345E-05 1.342E+03 8.149E-01 2.221E+01 2.000E+00
5.833E+08 7.830E+02 7.686E-01 1.743E-03 1.430E-05 1.334E+03 8.149E-01 2.221E+01 2.000E+00
5.989E+06 9.062E+02 7.289E-01 1.743E-03 1.585E-05 1.274E+03 8.150E-01 2.221E+01 2.000E+00
3.630E+07 7.455E+02 7.820E-01 1.743E-03 1.870E-05 1.360E+03 8.150E-01 2.221E+01 2.000E+00
1.011E+09 7.538E+02 7.790E-01 1.743E-03 2.391E-05 1.354E+03 8.151E-01 2.221E+01 2.000E+00
2.129E+07 8.269E+02 7.538E-01 1.743E-03 3.348E-05 1.308E+03 8.153E-01 2.221E+01 2.000E+00
6.762E+07 9.240E+02 7.236E-01 1.743E-03 5.101E-05 1.260E+03 8.156E-01 2.221E+01 2.000E+00
2.143E+06 5.441E+02 8.664E-01 1.743E-03 8.314E-05 1.575E+03 8.162E-01 2.221E+01 2.000E+00
5.808E+07 8.653E+02 7.415E-01 1.743E-03 1.420E-04 1.288E+03 8.173E-01 2.221E+01 2.000E+00
6.758E+06 9.470E+02 7.171E-01 1.743E-03 2.500E-04 1.251E+03 8.192E-01 2.221E+01 2.000E+00
1.511E+09 7.773E+02 7.711E-01 1.743E-03 4.479E-04 1.339E+03 8.228E-01 2.222E+01 2.000E+00
1.262E+08 8.901E+02 7.344E-01 1.743E-03 8.106E-04 1.278E+03 8.293E-01 2.223E+01 2.000E+00
1.399E+07 4.701E+02 9.064E-01 1.743E-03 1.475E-03 1.712E+03 8.413E-01 2.224E+01 2.000E+00
1.355E+07 8.952E+02 7.345E-01 1.743E-03 2.694E-03 1.282E+03 8.633E-01 2.227E+01 2.000E+00
5.071E+06 7.818E+02 7.741E-01 1.743E-03 4.928E-03 1.348E+03 8.912E-01 2.232E+01 2.000E+00
7.011E+06 3.293E+02 9.839E-01 2.205E-03 1.248E-05 2.319E+03 8.166E-01 2.221E+01 2.000E+00
5.997E+06 9.062E+02 7.289E-01 2.205E-03 1.252E-05 1.268E+03 8.166E-01 2.221E+01 2.000E+00
6.166E+06 9.062E+02 7.289E-01 2.205E-03 1.260E-05 1.302E+03 8.166E-01 2.221E+01 2.000E+00
6.507E+06 9.062E+02 7.289E-01 2.205E-03 1.274E-05 1.268E+03 8.166E-01 2.221E+01 2.000E+00
5.478E+06 3.729E+02 9.579E-01 2.205E-03 1.299E-05 2.051E+03 8.166E-01 2.221E+01 2.000E+00
4.113E+06 5.232E+02 8.765E-01 2.205E-03 1.345E-05 1.611E+03 8.166E-01 2.221E+01 2.000E+00
3.181E+07 7.580E+02 7.775E-01 2.205E-03 1.430E-05 1.356E+03 8.166E-01 2.221E+01 2.000E+00
6.912E+07 7.303E+02 7.876E-01 2.205E-03 1.585E-05 1.372E+03 8.166E-01 2.221E+01 2.000E+00
1.502E+07 6.494E+02 8.194E-01 2.205E-03 1.870E-05 1.540E+03 8.167E-01 2.221E+01 2.000E+00
1.319E+07 8.348E+02 7.512E-01 2.205E-03 2.391E-05 1.304E+03 8.168E-01 2.221E+01 2.000E+00
7.132E+06 5.440E+02 8.664E-01 2.205E-03 3.348E-05 1.576E+03 8.170E-01 2.221E+01 2.000E+00
5.794E+06 8.880E+02 7.344E-01 2.205E-03 5.101E-05 1.277E+03 8.173E-01 2.221E+01 2.000E+00
1.265E+08 6.926E+02 8.021E-01 2.205E-03 8.314E-05 1.402E+03 8.179E-01 2.221E+01 2.000E+00
3.796E+07 7.494E+02 7.807E-01 2.205E-03 1.420E-04 1.358E+03 8.189E-01 2.221E+01 2.000E+00
7.975E+08 3.182E+02 9.913E-01 2.205E-03 2.500E-04 2.404E+03 8.209E-01 2.221E+01 2.000E+00
1.119E+09 4.538E+02 9.131E-01 2.205E-03 4.479E-04 1.758E+03 8.244E-01 2.222E+01 2.000E+00
1.219E+07 6.134E+02 8.358E-01 2.205E-03 8.106E-04 1.493E+03 8.310E-01 2.223E+01 2.000E+00
4.163E+06 5.796E+02 8.520E-01 2.205E-03 1.475E-03 1.522E+03 8.429E-01 2.224E+01 2.000E+00
9.574E+06 3.718E+02 9.657E-01 2.205E-03 2.694E-03 2.016E+03 8.648E-01 2.227E+01 2.000E+00
5.670E+06 3.431E+02 9.900E-01 2.205E-03 4.928E-03 2.123E+03 8.926E-01 2.232E+01 2.000E+00
4.595E+07 9.080E+02 7.284E-01 2.789E-03 1.248E-05 1.267E+03 8.187E-01 2.221E+01 2.000E+00
5.396E+07 9.080E+02 7.284E-01 2.789E-03 1.252E-05 1.267E+03 8.187E-01 2.221E+01 2.000E+00
7.959E+07 9.080E+02 7.284E-01 2.789E-03 1.260E-05 1.267E+03 8.187E-01 2.221E+01 2.000E+00
6.865E+08 9.080E+02 7.284E-01 2.789E-03 1.274E-05 1.274E+03 8.187E-01 2.221E+01 2.000E+00
1.247E+08 9.044E+02 7.294E-01 2.789E-03 1.299E-05 1.273E+03 8.187E-01 2.221E+01 2.000E+00
6.319E+08 9.001E+02 7.307E-01 2.789E-03 1.345E-05 1.272E+03 8.187E-01 2.221E+01 2.000E+00
1.002E+07 3.433E+02 9.755E-01 2.789E-03 1.430E-05 2.219E+03 8.187E-01 2.221E+01 2.000E+00
1.642E+07 7.449E+02 7.822E-01 2.789E-03 1.585E-05 1.362E+03 8.187E-01 2.221E+01 2.000E+00
9.610E+06 5.912E+02 8.445E-01 2.789E-03 1.870E-05 1.509E+03 8.188E-01 2.221E+01 2.000E+00
6.103E+07 5.678E+02 8.552E-01 2.789E-03 2.391E-05 1.541E+03 8.189E-01 2.221E+01 2.000E+00
1.394E+07 7.496E+02 7.805E-01 2.789E-03 3.348E-05 1.357E+03 8.191E-01 2.221E+01 2.000E+00
5.446E+06 4.154E+02 9.335E-01 2.789E-03 5.101E-05 1.876E+03 8.194E-01 2.221E+01 2.000E+00
1.548E+07 6.105E+02 8.360E-01 2.789E-03 8.314E-05 1.488E+03 8.200E-01 2.221E+01 2.000E+00
8.235E+07 8.000E+02 7.629E-01 2.789E-03 1.420E-04 1.326E+03 8.210E-01 2.221E+01 2.000E+00
9.478E+06 9.638E+02 7.124E-01 2.789E-03 2.500E-04 1.245E+03 8.230E-01 2.221E+01 2.000E+00
1.132E+07 2.639E+02 1.024E+00 2.789E-03 4.479E-04 3.161E+03 8.265E-01 2.222E+01 2.000E+00
3.339E+07 7.748E+02 7.723E-01 2.789E-03 8.106E-04 1.342E+03 8.331E-01 2.223E+01 2.000E+00
2.343E+07 5.193E+02 8.810E-01 2.789E-03 1.475E-03 1.614E+03 8.451E-01 2.224E+01 2.000E+00
9.819E+06 2.597E+02 1.036E+00 2.789E-03 2.694E-03 3.069E+03 8.667E-01 2.227E+01 2.000E+00
3.639E+07 2.914E+02 1.024E+00 2.789E-03 4.928E-03 2.502E+03 8.944E-01 2.232E+01 2.000E+00
1.631E+07 7.917E+02 7.656E-01 3.528E-03 1.248E-05 1.330E+03 8.214E-01 2.221E+01 2.000E+00
1.866E+07 7.917E+02 7.656E-01 3.528E-03 1.252E-05 1.330E+03 8.214E-01 2.221E+01 2.000E+00
2.549E+07 7.917E+02 7.656E-01 3.528E-03 1.260E-05 1.330E+03 8.214E-01 2.221E+01 2.000E+00
8.263E+07 7.917E+02 7.656E-01 3.528E-03 1.274E-05 1.330E+03 8.214E-01 2.221E+01 2.000E+00
7.680E+07 8.002E+02 7.627E-01 3.528E-03 1.299E-05 1.325E+03 8.214E-01 2.221E+01 2.000E+00
4.087E+07 2.950E+02 1.004E+00 3.528E-03 1.345E-05 2.659E+03 8.214E-01 2.221E+01 2.000E+00
2.113E+08 3.854E+02 9.506E-01 3.528E-03 1.430E-05 1.993E+03 8.214E-01 2.221E+01 2.000E+00
4.856E+07 8.421E+02 7.488E-01 3.528E-03 1.585E-05 1.301E+03 8.214E-01 2.221E+01 2.000E+00
1.948E+08 3.187E+02 9.903E-01 3.528E-03 1.870E-05 2.407E+03 8.215E-01 2.221E+01 2.000E+00
4.894E+07 5.018E+02 8.872E-01 3.528E-03 2.391E-05 1.653E+03 8.216E-01 2.221E+01 2.000E+00
2.406E+07 9.325E+02 7.212E-01 3.528E-03 3.348E-05 1.257E+03 8.217E-01 2.221E+01 2.000E+00
1.459E+07 6.640E+02 8.134E-01 3.528E-03 5.101E-05 1.429E+03 8.220E-01 2.221E+01 2.000E+00
7.450E+06 5.208E+02 8.778E-01 3.528E-03 8.314E-05 1.616E+03 8.226E-01 2.221E+01 2.000E+00
2.963E+07 9.948E+02 7.038E-01 3.528E-03 1.420E-04 1.233E+03 8.237E-01 2.221E+01 2.000E+00
1.505E+07 5.520E+02 8.630E-01 3.528E-03 2.500E-04 1.564E+03 8.256E-01 2.221E+01 2.000E+00
1.064E+06 2.620E+02 1.026E+00 3.528E-03 4.479E-04 3.207E+03 8.292E-01 2.222E+01 2.000E+00
1.021E+07 8.876E+02 7.352E-01 3.528E-03 8.106E-04 1.280E+03 8.357E-01 2.223E+01 2.000E+00
1.007E+07 9.193E+02 7.262E-01 3.528E-03 1.475E-03 1.269E+03 8.477E-01 2.224E+01 2.000E+00
1.417E+07 8.396E+02 7.521E-01 3.528E-03 2.694E-03 1.310E+03 8.689E-01 2.227E+01 2.000E+00
1.012E+06 2.661E+02 1.041E+00 3.528E-03 4.928E-03 2.811E+03 8.967E-01 2.232E+01 2.000E+00
3.833E+06 6.146E+02 8.342E-01 4.462E-03 1.248E-05 1.481E+03 8.247E-01 2.221E+01 2.000E+00
4.048E+06 6.146E+02 8.342E-01 4.462E-03 1.252E-05 1.484E+03 8.247E-01 2.221E+01 2.000E+00
4.512E+07 3.261E+02 9.859E-01 4.462E-03 1.260E-05 2.346E+03 8.247E-01 2.221E+01 2.000E+00
5.828E+06 6.146E+02 8.342E-01 4.462E-03 1.274E-05 1.481E+03 8.247E-01 2.221E+01 2.000E+00
1.360E+07 6.146E+02 8.342E-01 4.462E-03 1.299E-05 1.481E+03 8.247E-01 2.221E+01 2.000E+00
9.532E+09 6.072E+02 8.374E-01 4.462E-03 1.345E-05 1.490E+03 8.247E-01 2.221E+01 2.000E+00
1.129E+07 7.165E+02 7.928E-01 4.462E-03 1.430E-05 1.383E+03 8.248E-01 2.221E+01 2.000E+00
1.306E+07 5.304E+02 8.730E-01 4.462E-03 1.585E-05 1.613E+03 8.248E-01 2.221E+01 2.000E+00
5.950E+06 7.811E+02 7.693E-01 4.462E-03 1.870E-05 1.337E+03 8.248E-01 2.221E+01 2.000E+00
7.580E+07 9.145E+02 7.264E-01 4.462E-03 2.391E-05 1.266E+03 8.249E-01 2.221E+01 2.000E+00
1.525E+07 8.768E+02 7.379E-01 4.462E-03 3.348E-05 1.284E+03 8.251E-01 2.221E+01 2.000E+00
1.662E+07 7.207E+02 7.912E-01 4.462E-03 5.101E-05 1.382E+03 8.254E-01 2.221E+01 2.000E+00
5.606E+06 3.904E+02 9.479E-01 4.462E-03 8.314E-05 1.971E+03 8.260E-01 2.221E+01 2.000E+00
2.576E+08 8.073E+02 7.604E-01 4.462E-03 1.420E-04 1.321E+03 8.271E-01 2.221E+01 2.000E+00
7.740E+06 7.143E+02 7.939E-01 4.462E-03 2.500E-04 1.386E+03 8.290E-01 2.221E+01 2.000E+00
7.238E+06 3.712E+02 9.601E-01 4.462E-03 4.479E-04 2.053E+03 8.326E-01 2.222E+01 2.000E+00
1.989E+07 4.586E+02 9.113E-01 4.462E-03 8.106E-04 1.745E+03 8.391E-01 2.223E+01 2.000E+00
8.520E+06 5.647E+02 8.589E-01 4.462E-03 1.475E-03 1.544E+03 8.511E-01 2.224E+01 2.000E+00
4.435E+07 6.869E+02 8.075E-01 4.462E-03 2.694E-03 1.412E+03 8.719E-01 2.227E+01 2.000E+00
5.087E+06 9.479E+02 7.205E-01 4.462E-03 4.928E-03 1.273E+03 8.996E-01 2.232E+01 2.000E+00
3.243E+07 7.496E+02 7.805E-01 5.644E-03 1.248E-05 1.364E+03 8.290E-01 2.221E+01 2.000E+00
4.822E+07 7.496E+02 7.805E-01 5.644E-03 1.252E-05 1.359E+03 8.290E-01 2.221E+01 2.000E+00
5.323E+08 7.496E+02 7.805E-01 5.644E-03 1.260E-05 1.360E+03 8.290E-01 2.221E+01 2.000E+00
6.419E+07 6.894E+02 8.033E-01 5.644E-03 1.274E-05 1.407E+03 8.290E-01 2.221E+01 2.000E+00
3.830E+06 6.823E+02 8.061E-01 5.644E-03 1.299E-05 1.413E+03 8.290E-01 2.221E+01 2.000E+00
7.170E+06 6.823E+02 8.061E-01 5.644E-03 1.345E-05 1.413E+03 8.290E-01 2.221E+01 2.000E+00
1.120E+07 9.145E+02 7.264E-01 5.644E-03 1.430E-05 1.267E+03 8.290E-01 2.221E+01 2.000E+00
1.506E+07 2.817E+02 1.012E+00 5.644E-03 1.585E-05 2.850E+03 8.290E-01 2.221E+01 2.000E+00
6.233E+07 9.218E+02 7.243E-01 5.644E-03 1.870E-05 1.275E+03 8.291E-01 2.221E+01 2.000E+00
6.872E+06 4.475E+02 9.157E-01 5.644E-03 2.391E-05 1.779E+03 8.292E-01 2.221E+01 2.000E+00
7.019E+06 3.542E+02 9.691E-01 5.644E-03 3.348E-05 2.152E+03 8.294E-01 2.221E+01 2.000E+00
6.607E+06 9.362E+02 7.201E-01 5.644E-03 5.101E-05 1.259E+03 8.297E-01 2.221E+01 2.000E+00
1.366E+08 5.753E+02 8.518E-01 5.644E-03 8.314E-05 1.532E+03 8.303E-01 2.221E+01 2.000E+00
3.549E+06 4.943E+02 8.912E-01 5.644E-03 1.420E-04 1.669E+03 8.313E-01 2.221E+01 2.000E+00
1.269E+07 3.004E+02 1.002E+00 5.644E-03 2.500E-04 2.584E+03 8.333E-01 2.221E+01 2.000E+00
1.506E+07 8.385E+02 7.504E-01 5.644E-03 4.479E-04 1.305E+03 8.368E-01 2.222E+01 2.000E+00
6.382E+07 7.097E+02 7.963E-01 5.644E-03 8.106E-04 1.391E+03 8.434E-01 2.223E+01 2.000E+00
1.452E+08 8.248E+02 7.559E-01 5.644E-03 1.475E-03 1.316E+03 8.554E-01 2.224E+01 2.000E+00
3.720E+06 7.959E+02 7.669E-01 5.644E-03 2.694E-03 1.336E+03 8.755E-01 2.227E+01 2.000E+00
1.913E+07 5.903E+02 8.522E-01 5.644E-03 4.928E-03 1.510E+03 9.033E-01 2.232E+01 2.000E+00
2.341E+09 7.021E+02 7.983E-01 7.139E-03 1.248E-05 1.397E+03 8.344E-01 2.221E+01 2.000E+00
9.697E+07 5.088E+02 8.837E-01 7.139E-03 1.252E-05 1.641E+03 8.344E-01 2.221E+01 2.000E+00
7.803E+07 8.873E+02 7.346E-01 7.139E-03 1.260E-05 1.280E+03 8.344E-01 2.221E+01 2.000E+00
1.146E+07 8.990E+02 7.311E-01 7.139E-03 1.274E-05 1.275E+03 8.344E-01 2.221E+01 2.000E+00
1.482E+07 8.990E+02 7.311E-01 7.139E-03 1.299E-05 1.275E+03 8.344E-01 2.221E+01 2.000E+00
3.432E+07 8.990E+02 7.311E-01 7.139E-03 1.345E-05 1.275E+03 8.344E-01 2.221E+01 2.000E+00
2.308E+07 8.716E+02 7.395E-01 7.139E-03 1.430E-05 1.288E+03 8.344E-01 2.221E+01 2.000E+00
8.932E+06 8.654E+02 7.414E-01 7.139E-03 1.585E-05 1.291E+03 8.344E-01 2.221E+01 2.000E+00
4.629E+07 4.345E+02 9.228E-01 7.139E-03 1.870E-05 1.817E+03 8.345E-01 2.221E+01 2.000E+00
1.967E+07 7.694E+02 7.734E-01 7.139E-03 2.391E-05 1.347E+03 8.346E-01 2.221E+01 2.000E+00
1.485E+07 9.486E+02 7.165E-01 7.139E-03 3.348E-05 1.260E+03 8.348E-01 2.221E+01 2.000E+00
1.551E+07 7.430E+02 7.830E-01 7.139E-03 5.101E-05 1.366E+03 8.351E-01 2.221E+01 2.000E+00
4.691E+06 4.027E+02 9.408E-01 7.139E-03 8.314E-05 1.924E+03 8.356E-01 2.221E+01 2.000E+00
3.419E+07 3.539E+02 9.696E-01 7.139E-03 1.420E-04 2.153E+03 8.367E-01 2.221E+01 2.000E+00
5.075E+07 3.319E+02 9.831E-01 7.139E-03 2.500E-04 2.295E+03 8.387E-01 2.221E+01 2.000E+00
1.710E+07 8.543E+02 7.453E-01 7.139E-03 4.479E-04 1.298E+03 8.422E-01 2.222E+01 2.000E+00
3.465E+07 4.879E+02 8.958E-01 7.139E-03 8.106E-04 1.680E+03 8.488E-01 2.223E+01 2.000E+00
7.335E+06 9.178E+02 7.266E-01 7.139E-03 1.475E-03 1.274E+03 8.607E-01 2.224E+01 2.000E+00
5.495E+06 9.610E+02 7.151E-01 7.139E-03 2.694E-03 1.260E+03 8.802E-01 2.227E+01 2.000E+00
5.833E+08 9.334E+02 7.248E-01 7.139E-03 4.928E-03 1.281E+03 9.079E-01 2.232E+01 2.000E+00
1.570E+07 9.437E+02 7.179E-01 9.029E-03 1.248E-05 1.257E+03 8.412E-01 2.221E+01 2.000E+00
1.614E+07 9.437E+02 7.179E-01 9.029E-03 1.252E-05 1.257E+03 8.412E-01 2.221E+01 2.000E+00
1.703E+07 9.437E+02 7.179E-01 9.029E-03 1.260E-05 1.257E+03 8.412E-01 2.221E+01 2.000E+00
3.550E+06 3.186E+02 9.904E-01 9.029E-03 1.274E-05 2.410E+03 8.412E-01 2.221E+01 2.000E+00
8.909E+06 3.186E+02 9.904E-01 9.029E-03 1.299E-05 2.411E+03 8.412E-01 2.221E+01 2.000E+00
1.102E+07 3.733E+02 9.577E-01 9.029E-03 1.345E-05 2.051E+03 8.412E-01 2.221E+01 2.000E+00
9.686E+07 7.404E+02 7.839E-01 9.029E-03 1.430E-05 1.369E+03 8.412E-01 2.221E+01 2.000E+00
1.173E+07 9.562E+02 7.144E-01 9.029E-03 1.585E-05 1.252E+03 8.412E-01 2.221E+01 2.000E+00
8.863E+06 9.486E+02 7.165E-01 9.029E-03 1.870E-05 1.265E+03 8.413E-01 2.221E+01 2.000E+00
1.434E+07 9.452E+02 7.175E-01 9.029E-03 2.391E-05 1.257E+03 8.414E-01 2.221E+01 2.000E+00
6.015E+06 8.148E+02 7.578E-01 9.029E-03 3.348E-05 1.320E+03 8.416E-01 2.221E+01 2.000E+00
9.949E+06 8.400E+02 7.495E-01 9.029E-03 5.101E-05 1.306E+03 8.419E-01 2.221E+01 2.000E+00
7.858E+08 3.903E+02 9.480E-01 9.029E-03 8.314E-05 1.974E+03 8.425E-01 2.221E+01 2.000E+00
1.254E+07 9.395E+02 7.192E-01 9.029E-03 1.420E-04 1.259E+03 8.435E-01 2.221E+01 2.000E+00
1.428E+09 7.589E+02 7.774E-01 9.029E-03 2.500E-04 1.362E+03 8.455E-01 2.221E+01 2.000E+00
3.018E+07 6.753E+02 8.094E-01 9.029E-03 4.479E-04 1.422E+03 8.490E-01 2.222E+01 2.000E+00
7.763E+06 4.715E+02 9.044E-01 9.029E-03 8.106E-04 1.716E+03 8.556E-01 2.223E+01 2.000E+00
1.796E+07 7.261E+02 7.908E-01 9.029E-03 1.475E-03 1.382E+03 8.676E-01 2.224E+01 2.000E+00
2.101E+08 8.348E+02 7.537E-01 9.029E-03 2.694E-03 1.319E+03 8.860E-01 2.227E+01 2.000E+00
1.176E+07 3.547E+02 9.826E-01 9.029E-03 4.928E-03 2.068E+03 9.138E-01 2.232E+01 2.000E+00
7.664E+07 9.362E+02 7.201E-01 1.142E-02 1.248E-05 1.262E+03 8.498E-01 2.221E+01 2.000E+00
9.231E+07 9.362E+02 7.201E-01 1.142E-02 1.252E-05 1.262E+03 8.498E-01 2.221E+01 2.000E+00
1.482E+08 9.362E+02 7.201E-01 1.142E-02 1.260E-05 1.262E+03 8.498E-01 2.221E+01 2.000E+00
1.873E+07 7.201E+02 7.914E-01 1.142E-02 1.274E-05 1.386E+03 8.498E-01 2.221E+01 2.000E+00
9.891E+06 6.915E+02 8.024E-01 1.142E-02 1.299E-05 1.429E+03 8.498E-01 2.221E+01 2.000E+00
6.901E+06 6.926E+02 8.020E-01 1.142E-02 1.345E-05 1.408E+03 8.498E-01 2.221E+01 2.000E+00
5.839E+07 6.420E+02 8.225E-01 1.142E-02 1.430E-05 1.455E+03 8.498E-01 2.221E+01 2.000E+00
5.650E+06 8.001E+02 7.628E-01 1.142E-02 1.585E-05 1.331E+03 8.499E-01 2.221E+01 2.000E+00
2.729E+07 7.651E+02 7.750E-01 1.142E-02 1.870E-05 1.352E+03 8.499E-01 2.221E+01 2.000E+00
2.486E+07 6.547E+02 8.172E-01 1.142E-02 2.391E-05 1.443E+03 8.500E-01 2.221E+01 2.000E+00
1.407E+08 8.420E+02 7.489E-01 1.142E-02 3.348E-05 1.306E+03 8.502E-01 2.221E+01 2.000E+00
8.525E+06 4.398E+02 9.200E-01 1.142E-02 5.101E-05 1.804E+03 8.505E-01 2.221E+01 2.000E+00
5.884E+06 5.421E+02 8.674E-01 1.142E-02 8.314E-05 1.585E+03 8.511E-01 2.221E+01 2.000E+00
6.724E+07 8.362E+02 7.509E-01 1.142E-02 1.420E-04 1.310E+03 8.521E-01 2.221E+01 2.000E+00
2.664E+07 6.776E+02 8.082E-01 1.142E-02 2.500E-04 1.421E+03 8.541E-01 2.221E+01 2.000E+00
3.051E+07 4.934E+02 8.923E-01 1.142E-02 4.479E-04 1.671E+03 8.577E-01 2.222E+01 2.000E+00
2.793E+06 2.728E+02 1.021E+00 1.142E-02 8.106E-04 2.952E+03 8.642E-01 2.223E+01 2.000E+00
1.387E+07 6.367E+02 8.267E-01 1.142E-02 1.475E-03 1.462E+03 8.762E-01 2.224E+01 2.000E+00
2.236E+07 2.837E+02 1.021E+00 1.142E-02 2.694E-03 2.681E+03 8.935E-01 2.227E+01 2.000E+00
1.383E+07 9.463E+02 7.210E-01 1.142E-02 4.928E-03 1.285E+03 9.205E-01 2.232E+01 2.000E+00
3.970E+06 3.595E+02 9.659E-01 1.445E-02 1.248E-05 2.126E+03 8.607E-01 2.221E+01 2.000E+00
4.463E+06 3.595E+02 9.659E-01 1.445E-02 1.252E-05 2.126E+03 8.607E-01 2.221E+01 2.000E+00
5.819E+06 3.595E+02 9.659E-01 1.445E-02 1.260E-05 2.126E+03 8.607E-01 2.221E+01 2.000E+00
1.395E+07 3.595E+02 9.659E-01 1.445E-02 1.274E-05 2.126E+03 8.607E-01 2.221E+01 2.000E+00
3.880E+06 3.480E+02 9.727E-01 1.445E-02 1.299E-05 2.193E+03 8.607E-01 2.221E+01 2.000E+00
9.661E+06 5.831E+02 8.482E-01 1.445E-02 1.345E-05 1.526E+03 8.608E-01 2.221E+01 2.000E+00
1.920E+08 4.549E+02 9.117E-01 1.445E-02 1.430E-05 1.764E+03 8.608E-01 2.221E+01 2.000E+00
9.790E+08 8.929E+02 7.329E-01 1.445E-02 1.585E-05 1.283E+03 8.608E-01 2.221E+01 2.000E+00
2.232E+07 9.258E+02 7.231E-01 1.445E-02 1.870E-05 1.268E+03 8.608E-01 2.221E+01 2.000E+00
6.381E+06 3.362E+02 9.799E-01 1.445E-02 2.391E-05 2.272E+03 8.609E-01 2.221E+01 2.000E+00
1.105E+07 6.072E+02 8.375E-01 1.445E-02 3.348E-05 1.496E+03 8.611E-01 2.221E+01 2.000E+00
1.140E+08 7.650E+02 7.750E-01 1.445E-02 5.101E-05 1.374E+03 8.614E-01 2.221E+01 2.000E+00
2.424E+07 9.646E+02 7.121E-01 1.445E-02 8.314E-05 1.253E+03 8.620E-01 2.221E+01 2.000E+00
1.208E+07 7.059E+02 7.970E-01 1.445E-02 1.420E-04 1.399E+03 8.631E-01 2.221E+01 2.000E+00
6.292E+07 8.661E+02 7.414E-01 1.445E-02 2.500E-04 1.297E+03 8.650E-01 2.221E+01 2.000E+00
6.676E+06 9.703E+02 7.107E-01 1.445E-02 4.479E-04 1.252E+03 8.686E-01 2.222E+01 2.000E+00
7.528E+08 5.503E+02 8.647E-01 1.445E-02 8.106E-04 1.572E+03 8.751E-01 2.223E+01 2.000E+00
3.412E+07 3.211E+02 9.936E-01 1.445E-02 1.475E-03 2.348E+03 8.871E-01 2.224E+01 2.000E+00
1.905E+07 7.958E+02 7.669E-01 1.445E-02 2.694E-03 1.344E+03 9.029E-01 2.227E+01 2.000E+00
2.750E+07 7.554E+02 7.837E-01 1.445E-02 4.928E-03 1.376E+03 9.281E-01 2.232E+01 2.000E+00
9.737E+06 8.975E+02 7.315E-01 1.827E-02 1.248E-05 1.284E+03 8.745E-01 2.221E+01 2.000E+00
1.004E+07 8.975E+02 7.315E-01 1.827E-02 1.252E-05 1.284E+03 8.745E-01 2.221E+01 2.000E+00
1.066E+07 8.975E+02 7.315E-01 1.827E-02 1.260E-05 1.284E+03 8.745E-01 2.221E+01 2.000E+00
1.204E+07 8.975E+02 7.315E-01 1.827E-02 1.274E-05 1.284E+03 8.745E-01 2.221E+01 2.000E+00
1.594E+07 8.975E+02 7.315E-01 1.827E-02 1.299E-05 1.284E+03 8.745E-01 2.221E+01 2.000E+00
4.268E+07 8.975E+02 7.315E-01 1.827E-02 1.345E-05 1.285E+03 8.745E-01 2.221E+01 2.000E+00
8.742E+07 8.330E+02 7.518E-01 1.827E-02 1.430E-05 1.316E+03 8.745E-01 2.221E+01 2.000E+00
9.229E+06 4.850E+02 8.958E-01 1.827E-02 1.585E-05 1.695E+03 8.746E-01 2.221E+01 2.000E+00
2.804E+09 8.844E+02 7.355E-01 1.827E-02 1.870E-05 1.300E+03 8.746E-01 2.221E+01 2.000E+00
6.526E+06 6.517E+02 8.185E-01 1.827E-02 2.391E-05 1.450E+03 8.747E-01 2.221E+01 2.000E+00
2.306E+07 3.841E+02 9.515E-01 1.827E-02 3.348E-05 2.006E+03 8.749E-01 2.221E+01 2.000E+00
3.543E+07 7.744E+02 7.717E-01 1.827E-02 5.101E-05 1.354E+03 8.752E-01 2.221E+01 2.000E+00
2.323E+06 2.886E+02 1.009E+00 1.827E-02 8.314E-05 2.744E+03 8.758E-01 2.221E+01 2.000E+00
5.967E+07 8.448E+02 7.481E-01 1.827E-02 1.420E-04 1.313E+03 8.768E-01 2.221E+01 2.000E+00
8.073E+06 9.323E+02 7.214E-01 1.827E-02 2.500E-04 1.269E+03 8.788E-01 2.221E+01 2.000E+00
9.362E+07 8.222E+02 7.558E-01 1.827E-02 4.479E-04 1.323E+03 8.824E-01 2.222E+01 2.000E+00
7.627E+06 7.578E+02 7.784E-01 1.827E-02 8.106E-04 1.364E+03 8.889E-01 2.223E+01 2.000E+00
4.282E+07 7.996E+02 7.644E-01 1.827E-02 1.475E-03 1.340E+03 8.996E-01 2.224E+01 2.000E+00
6.570E+06 7.056E+02 8.001E-01 1.827E-02 2.694E-03 1.411E+03 9.147E-01 2.227E+01 2.000E+00
1.232E+07 7.923E+02 7.704E-01 1.827E-02 4.928E-03 1.359E+03 9.376E-01 2.232E+01 2.000E+00
4.258E+07 2.705E+02 1.019E+00 2.311E-02 1.248E-05 3.053E+03 8.920E-01 2.221E+01 2.000E+00
5.977E+06 6.680E+02 8.118E-01 2.311E-02 1.252E-05 1.437E+03 8.920E-01 2.221E+01 2.000E+00
6.917E+06 6.680E+02 8.118E-01 2.311E-02 1.260E-05 1.437E+03 8.920E-01 2.221E+01 2.000E+00
9.877E+06 6.680E+02 8.118E-01 2.311E-02 1.274E-05 1.437E+03 8.920E-01 2.221E+01 2.000E+00
6.352E+07 6.680E+02 8.118E-01 2.311E-02 1.299E-05 1.437E+03 8.920E-01 2.221E+01 2.000E+00
5.694E+06 3.718E+02 9.587E-01 2.311E-02 1.345E-05 2.065E+03 8.920E-01 2.221E+01 2.000E+00
7.438E+06 5.147E+02 8.808E-01 2.311E-02 1.430E-05 1.639E+03 8.920E-01 2.221E+01 2.000E+00
1.099E+07 7.880E+02 7.669E-01 2.311E-02 1.585E-05 1.346E+03 8.920E-01 2.221E+01 2.000E+00
1.613E+08 3.937E+02 9.460E-01 2.311E-02 1.870E-05 1.967E+03 8.921E-01 2.221E+01 2.000E+00
1.335E+07 5.751E+02 8.519E-01 2.311E-02 2.391E-05 1.543E+03 8.922E-01 2.221E+01 2.000E+00
8.864E+08 9.944E+02 7.038E-01 2.311E-02 3.348E-05 1.248E+03 8.923E-01 2.221E+01 2.000E+00
5.224E+07 8.875E+02 7.346E-01 2.311E-02 5.101E-05 1.292E+03 8.927E-01 2.221E+01 2.000E+00
4.821E+06 8.766E+02 7.380E-01 2.311E-02 8.314E-05 1.298E+03 8.932E-01 2.221E+01 2.000E+00
6.210E+06 4.734E+02 9.021E-01 2.311E-02 1.420E-04 1.724E+03 8.943E-01 2.221E+01 2.000E+00
1.107E+07 8.561E+02 7.446E-01 2.311E-02 2.500E-04 1.308E+03 8.962E-01 2.221E+01 2.000E+00
2.628E+07 7.023E+02 7.988E-01 2.311E-02 4.479E-04 1.408E+03 8.998E-01 2.222E+01 2.000E+00
1.079E+08 4.784E+02 9.008E-01 2.311E-02 8.106E-04 1.709E+03 9.064E-01 2.223E+01 2.000E+00
5.668E+07 9.353E+02 7.215E-01 2.311E-02 1.475E-03 1.298E+03 9.146E-01 2.224E+01 2.000E+00
5.298E+06 8.622E+02 7.448E-01 2.311E-02 2.694E-03 1.316E+03 9.298E-01 2.227E+01 2.000E+00
3.318E+07 5.437E+02 8.747E-01 2.311E-02 4.928E-03 1.585E+03 9.497E-01 2.232E+01 2.000E+00
3.918E+07 8.882E+02 7.344E-01 2.923E-02 1.248E-05 1.297E+03 9.140E-01 2.221E+01 2.000E+00
4.638E+07 8.882E+02 7.344E-01 2.923E-02 1.252E-05 1.303E+03 9.140E-01 2.221E+01 2.000E+00
7.029E+07 8.882E+02 7.344E-01 2.923E-02 1.260E-05 1.297E+03 9.140E-01 2.221E+01 2.000E+00
1.857E+09 8.882E+02 7.344E-01 2.923E-02 1.274E-05 1.298E+03 9.140E-01 2.221E+01 2.000E+00
4.866E+07 3.300E+02 9.837E-01 2.923E-02 1.299E-05 2.324E+03 9.140E-01 2.221E+01 2.000E+00
7.797E+06 6.594E+02 8.153E-01 2.923E-02 1.345E-05 1.450E+03 9.140E-01 2.221E+01 2.000E+00
1.020E+08 6.484E+02 8.199E-01 2.923E-02 1.430E-05 1.461E+03 9.141E-01 2.221E+01 2.000E+00
1.443E+07 4.395E+02 9.202E-01 2.923E-02 1.585E-05 1.814E+03 9.141E-01 2.221E+01 2.000E+00
3.089E+07 4.149E+02 9.339E-01 2.923E-02 1.870E-05 1.892E+03 9.141E-01 2.221E+01 2.000E+00
4.224E+06 8.683E+02 7.405E-01 2.923E-02 2.391E-05 1.306E+03 9.142E-01 2.221E+01 2.000E+00
3.313E+08 8.829E+02 7.360E-01 2.923E-02 3.348E-05 1.299E+03 9.144E-01 2.221E+01 2.000E+00
8.350E+07 9.546E+02 7.149E-01 2.923E-02 5.101E-05 1.269E+03 9.147E-01 2.221E+01 2.000E+00
7.427E+06 9.485E+02 7.166E-01 2.923E-02 8.314E-05 1.271E+03 9.153E-01 2.221E+01 2.000E+00
7.912E+07 6.743E+02 8.094E-01 2.923E-02 1.420E-04 1.436E+03 9.164E-01 2.221E+01 2.000E+00
9.696E+06 5.244E+02 8.764E-01 2.923E-02 2.500E-04 1.625E+03 9.183E-01 2.221E+01 2.000E+00
1.275E+07 5.001E+02 8.889E-01 2.923E-02 4.479E-04 1.669E+03 9.209E-01 2.222E+01 2.000E+00
8.175E+06 8.472E+02 7.479E-01 2.923E-02 8.106E-04 1.320E+03 9.254E-01 2.223E+01 2.000E+00
7.825E+06 6.616E+02 8.163E-01 2.923E-02 1.475E-03 1.451E+03 9.336E-01 2.224E+01 2.000E+00
5.037E+07 8.856E+02 7.375E-01 2.923E-02 2.694E-03 1.336E+03 9.483E-01 2.227E+01 2.000E+00
3.964E+07 9.646E+02 7.158E-01 2.923E-02 4.928E-03 1.296E+03 9.650E-01 2.232E+01 2.000E+00
9.403E+06 6.313E+02 8.271E-01 3.697E-02 1.248E-05 1.484E+03 9.395E-01 2.221E+01 2.000E+00
1.098E+07 6.313E+02 8.271E-01 3.697E-02 1.252E-05 1.484E+03 9.395E-01 2.221E+01 2.000E+00
1.604E+07 6.313E+02 8.271E-01 3.697E-02 1.260E-05 1.484E+03 9.395E-01 2.221E+01 2.000E+00
1.356E+08 6.313E+02 8.271E-01 3.697E-02 1.274E-05 1.484E+03 9.395E-01 2.221E+01 2.000E+00
3.327E+08 4.894E+02 8.936E-01 3.697E-02 1.299E-05 1.696E+03 9.395E-01 2.221E+01 2.000E+00
8.933E+06 7.938E+02 7.650E-01 3.697E-02 1.345E-05 1.353E+03 9.395E-01 2.221E+01 2.000E+00
1.725E+07 6.834E+02 8.057E-01 3.697E-02 1.430E-05 1.433E+03 9.395E-01 2.221E+01 2.000E+00
3.016E+07 7.394E+02 7.843E-01 3.697E-02 1.585E-05 1.388E+03 9.395E-01 2.221E+01 2.000E+00
5.174E+07 9.665E+02 7.115E-01 3.697E-02 1.870E-05 1.271E+03 9.396E-01 2.221E+01 2.000E+00
7.243E+07 5.620E+02 8.580E-01 3.697E-02 2.391E-05 1.570E+03 9.396E-01 2.221E+01 2.000E+00
4.612E+07 8.187E+02 7.566E-01 3.697E-02 3.348E-05 1.340E+03 9.398E-01 2.221E+01 2.000E+00
2.466E+06 5.010E+02 8.878E-01 3.697E-02 5.101E-05 1.673E+03 9.400E-01 2.221E+01 2.000E+00
2.472E+07 3.097E+02 9.963E-01 3.697E-02 8.314E-05 2.502E+03 9.404E-01 2.221E+01 2.000E+00
4.267E+06 8.602E+02 7.432E-01 3.697E-02 1.420E-04 1.318E+03 9.411E-01 2.221E+01 2.000E+00
9.604E+06 7.484E+02 7.813E-01 3.697E-02 2.500E-04 1.395E+03 9.424E-01 2.221E+01 2.000E+00
3.231E+07 9.726E+02 7.101E-01 3.697E-02 4.479E-04 1.271E+03 9.449E-01 2.222E+01 2.000E+00
5.489E+06 4.781E+02 9.010E-01 3.697E-02 8.106E-04 1.718E+03 9.494E-01 2.223E+01 2.000E+00
2.867E+06 2.968E+02 1.009E+00 3.697E-02 1.475E-03 2.586E+03 9.577E-01 2.224E+01 2.000E+00
2.321E+07 6.742E+02 8.127E-01 3.697E-02 2.694E-03 1.449E+03 9.676E-01 2.227E+01 2.000E+00
5.321E+06 5.110E+02 8.914E-01 3.697E-02 4.928E-03 1.648E+03 9.807E-01 2.232E+01 2.000E+00
7.162E+06 8.209E+02 7.558E-01 4.677E-02 1.248E-05 1.345E+03 9.699E-01 2.221E+01 2.000E+00
7.463E+06 8.209E+02 7.558E-01 4.677E-02 1.252E-05 1.345E+03 9.699E-01 2.221E+01 2.000E+00
8.096E+06 8.209E+02 7.558E-01 4.677E-02 1.260E-05 1.345E+03 9.699E-01 2.221E+01 2.000E+00
9.628E+06 8.209E+02 7.558E-01 4.677E-02 1.274E-05 1.345E+03 9.699E-01 2.221E+01 2.000E+00
1.512E+07 8.209E+02 7.558E-01 4.677E-02 1.299E-05 1.345E+03 9.699E-01 2.221E+01 2.000E+00
6.612E+07 9.413E+02 7.186E-01 4.677E-02 1.345E-05 1.289E+03 9.699E-01 2.221E+01 2.000E+00
8.143E+06 8.661E+02 7.412E-01 4.677E-02 1.430E-05 1.322E+03 9.700E-01 2.221E+01 2.000E+00
4.902E+07 4.938E+02 8.914E-01 4.677E-02 1.585E-05 1.693E+03 9.700E-01 2.221E+01 2.000E+00
3.661E+07 6.108E+02 8.359E-01 4.677E-02 1.870E-05 1.513E+03 9.700E-01 2.221E+01 2.000E+00
1.893E+07 3.913E+02 9.475E-01 4.677E-02 2.391E-05 1.991E+03 9.701E-01 2.221E+01 2.000E+00
1.067E+08 8.998E+02 7.309E-01 4.677E-02 3.348E-05 1.306E+03 9.702E-01 2.221E+01 2.000E+00
1.856E+07 4.489E+02 9.152E-01 4.677E-02 5.101E-05 1.798E+03 9.704E-01 2.221E+01 2.000E+00
1.306E+07 4.534E+02 9.128E-01 4.677E-02 8.314E-05 1.952E+03 9.708E-01 2.221E+01 2.000E+00
6.448E+06 2.986E+02 1.003E+00 4.677E-02 1.420E-04 2.621E+03 9.715E-01 2.221E+01 2.000E+00
1.146E+07 9.876E+02 7.058E-01 4.677E-02 2.500E-04 1.273E+03 9.729E-01 2.221E+01 2.000E+00
1.099E+07 9.328E+02 7.214E-01 4.677E-02 4.479E-04 1.295E+03 9.753E-01 2.222E+01 2.000E+00
5.132E+08 5.929E+02 8.450E-01 4.677E-02 8.106E-04 1.537E+03 9.780E-01 2.223E+01 2.000E+00
2.491E+08 8.620E+02 7.438E-01 4.677E-02 1.475E-03 1.333E+03 9.830E-01 2.224E+01 2.000E+00
6.302E+06 2.831E+02 1.022E+00 4.677E-02 2.694E-03 2.700E+03 9.902E-01 2.227E+01 2.000E+00
1.904E+07 2.193E+02 1.071E+00 4.677E-02 4.928E-03 4.092E+03 9.965E-01 2.232E+01 2.000E+00
1.143E+07 5.744E+02 8.523E-01 5.915E-02 1.248E-05 1.568E+03 1.000E+00 2.221E+01 3.000E+00
1.460E+07 5.744E+02 8.523E-01 5.915E-02 1.252E-05 1.568E+03 1.000E+00 2.221E+01 3.000E+00
3.055E+07 5.744E+02 8.523E-01 5.915E-02 1.260E-05 1.569E+03 1.000E+00 2.221E+01 3.000E+00
1.650E+07 9.809E+02 7.075E-01 5.915E-02 1.274E-05 1.286E+03 1.000E+00 2.221E+01 3.000E+00
1.344E+07 5.777E+02 8.508E-01 5.915E-02 1.299E-05 1.564E+03 1.000E+00 2.221E+01 3.000E+00
3.445E+06 5.853E+02 8.473E-01 5.915E-02 1.345E-05 1.553E+03 1.000E+00 2.221E+01 3.000E+00
6.659E+07 5.925E+02 8.441E-01 5.915E-02 1.430E-05 1.544E+03 1.000E+00 2.221E+01 3.000E+00
1.009E+07 7.379E+02 7.849E-01 5.915E-02 1.585E-05 1.407E+03 1.000E+00 2.221E+01 3.000E+00
4.600E+06 4.533E+02 9.128E-01 5.915E-02 1.870E-05 1.795E+03 1.000E+00 2.221E+01 3.000E+00
2.669E+06 6.754E+02 8.089E-01 5.915E-02 2.391E-05 1.458E+03 1.000E+00 2.221E+01 3.000E+00
8.491E+07 7.485E+02 7.810E-01 5.915E-02 3.348E-05 1.400E+03 1.000E+00 2.221E+01 3.000E+00
1.335E+07 5.864E+02 8.469E-01 5.915E-02 5.101E-05 1.552E+03 1.000E+00 2.221E+01 3.000E+00
9.580E+08 3.892E+02 9.490E-01 5.915E-02 8.314E-05 2.005E+03 1.000E+00 2.221E+01 3.000E+00
8.589E+06 4.460E+02 9.170E-01 5.915E-02 1.420E-04 1.813E+03 1.000E+00 2.221E+01 3.000E+00
1.377E+07 4.984E+02 8.895E-01 5.915E-02 2.500E-04 1.692E+03 1.000E+00 2.221E+01 3.000E+00
5.274E+06 8.078E+02 7.606E-01 5.915E-02 4.479E-04 1.366E+03 1.000E+00 2.222E+01 0.000E+00
6.757E+07 2.982E+02 1.006E+00 5.915E-02 8.106E-04 2.603E+03 1.000E+00 2.223E+01 0.000E+00
2.424E+07 7.956E+02 7.658E-01 5.915E-02 1.475E-03 1.379E+03 1.000E+00 2.224E+01 0.000E+00
4.959E+06 2.887E+02 1.019E+00 5.915E-02 2.694E-03 2.638E+03 1.000E+00 2.227E+01 0.000E+00
8.256E+07 8.411E+02 7.537E-01 5.915E-02 4.928E-03 1.383E+03 1.000E+00 2.232E+01 0.000E+00
1.272E+07 4.951E+02 8.908E-01 7.482E-02 1.248E-05 1.709E+03 1.000E+00 2.221E+01 0.000E+00
1.837E+07 4.951E+02 8.908E-01 7.482E-02 1.252E-05 1.710E+03 1.000E+00 2.221E+01 0.000E+00
1.115E+08 4.951E+02 8.908E-01 7.482E-02 1.260E-05 1.710E+03 1.000E+00 2.221E+01 0.000E+00
1.143E+07 4.932E+02 8.918E-01 7.482E-02 1.274E-05 1.714E+03 1.000E+00 2.221E+01 0.000E+00
2.207E+07 7.174E+02 7.926E-01 7.482E-02 1.299E-05 1.436E+03 1.000E+00 2.221E+01 0.000E+00
8.813E+06 2.817E+02 1.013E+00 7.482E-02 1.345E-05 2.861E+03 1.000E+00 2.221E+01 0.000E+00
5.607E+06 9.703E+02 7.105E-01 7.482E-02 1.430E-05 1.307E+03 1.000E+00 2.221E+01 0.000E+00
8.194E+06 8.099E+02 7.595E-01 7.482E-02 1.585E-05 1.377E+03 1.000E+00 2.221E+01 0.000E+00
3.740E+07 4.915E+02 8.927E-01 7.482E-02 1.870E-05 1.717E+03 1.000E+00 2.221E+01 0.000E+00
1.209E+07 3.768E+02 9.562E-01 7.482E-02 2.391E-05 2.069E+03 1.000E+00 2.221E+01 0.000E+00
1.563E+07 8.222E+02 7.554E-01 7.482E-02 3.348E-05 1.376E+03 1.000E+00 2.221E+01 0.000E+00
5.161E+06 8.427E+02 7.487E-01 7.482E-02 5.101E-05 1.360E+03 1.000E+00 2.221E+01 0.000E+00
1.395E+07 8.910E+02 7.336E-01 7.482E-02 8.314E-05 1.338E+03 1.000E+00 2.221E+01 0.000E+00
7.530E+07 8.165E+02 7.574E-01 7.482E-02 1.420E-04 1.374E+03 1.000E+00 2.221E+01 0.000E+00
1.598E+07 9.235E+02 7.240E-01 7.482E-02 2.500E-04 1.327E+03 1.000E+00 2.222E+01 0.000E+00
2.416E+07 6.552E+02 8.177E-01 7.482E-02 4.479E-04 1.491E+03 1.000E+00 2.222E+01 0.000E+00
1.048E+07 9.366E+02 7.206E-01 7.482E-02 8.106E-04 1.359E+03 1.000E+00 2.223E+01 0.000E+00
1.478E+07 8.405E+02 7.508E-01 7.482E-02 1.475E-03 1.373E+03 1.000E+00 2.224E+01 0.000E+00
9.297E+06 5.673E+02 8.598E-01 7.482E-02 2.694E-03 1.597E+03 1.000E+00 2.227E+01 0.000E+00
2.055E+07 3.244E+02 1.003E+00 7.482E-02 4.928E-03 2.287E+03 1.000E+00 2.232E+01 0.000E+00
8.889E+08 6.915E+02 8.026E-01 9.464E-02 1.248E-05 1.475E+03 1.000E+00 2.221E+01 0.000E+00
1.536E+08 3.464E+02 9.744E-01 9.464E-02 1.252E-05 2.482E+03 1.000E+00 2.221E+01 0.000E+00
1.846E+08 5.285E+02 8.742E-01 9.464E-02 1.260E-05 1.664E+03 1.000E+00 2.221E+01 0.000E+00
1.763E+07 9.366E+02 7.200E-01 9.464E-02 1.274E-05 1.343E+03 1.000E+00 2.221E+01 0.000E+00
2.239E+07 9.366E+02 7.200E-01 9.464E-02 1.299E-05 1.343E+03 1.000E+00 2.221E+01 0.000E+00
4.732E+07 9.366E+02 7.200E-01 9.464E-02 1.345E-05 1.343E+03 1.000E+00 2.221E+01 0.000E+00
7.676E+06 5.620E+02 8.581E-01 9.464E-02 1.430E-05 1.642E+03 1.000E+00 2.221E+01 0.000E+00
3.368E+06 7.784E+02 7.704E-01 9.464E-02 1.585E-05 1.416E+03 1.000E+00 2.221E+01 0.000E+00
9.047E+06 6.646E+02 8.133E-01 9.464E-02 1.870E-05 1.498E+03 1.000E+00 2.221E+01 0.000E+00
5.217E+07 8.952E+02 7.323E-01 9.464E-02 2.391E-05 1.358E+03 1.000E+00 2.221E+01 0.000E+00
1.690E+08 8.782E+02 7.375E-01 9.464E-02 3.348E-05 1.365E+03 1.000E+00 2.221E+01 0.000E+00
1.744E+07 7.242E+02 7.901E-01 9.464E-02 5.101E-05 1.450E+03 1.000E+00 2.221E+01 0.000E+00
4.195E+07 6.557E+02 8.171E-01 9.464E-02 8.314E-05 1.506E+03 1.000E+00 2.221E+01 0.000E+00
6.600E+07 4.855E+02 8.961E-01 9.464E-02 1.420E-04 1.744E+03 1.000E+00 2.221E+01 0.000E+00
7.980E+07 6.957E+02 8.012E-01 9.464E-02 2.500E-04 1.473E+03 1.000E+00 2.222E+01 0.000E+00
2.127E+07 7.535E+02 7.797E-01 9.464E-02 4.479E-04 1.434E+03 1.000E+00 2.222E+01 0.000E+00
3.843E+07 3.034E+02 1.003E+00 9.464E-02 8.106E-04 2.563E+03 1.000E+00 2.223E+01 0.000E+00
5.247E+06 2.845E+02 1.017E+00 9.464E-02 1.475E-03 2.755E+03 1.000E+00 2.224E+01 0.000E+00
1.032E+07 8.215E+02 7.582E-01 9.464E-02 2.694E-03 1.421E+03 1.000E+00 2.227E+01 0.000E+00
1.528E+07 4.576E+02 9.207E-01 9.464E-02 4.928E-03 1.808E+03 1.000E+00 2.232E+01 0.000E+00
2.090E+08 6.214E+02 8.315E-01 1.197E-01 1.248E-05 1.564E+03 1.000E+00 2.221E+01 0.000E+00
7.763E+06 9.227E+02 7.241E-01 1.197E-01 1.252E-05 1.383E+03 1.000E+00 2.221E+01 0.000E+00
8.008E+06 9.227E+02 7.241E-01 1.197E-01 1.260E-05 1.386E+03 1.000E+00 2.221E+01 0.000E+00
8.507E+06 9.227E+02 7.241E-01 1.197E-01 1.274E-05 1.384E+03 1.000E+00 2.221E+01 0.000E+00
1.973E+07 5.293E+02 8.739E-01 1.197E-01 1.299E-05 1.684E+03 1.000E+00 2.221E+01 0.000E+00
4.527E+06 5.262E+02 8.754E-01 1.197E-01 1.345E-05 1.689E+03 1.000E+00 2.221E+01 0.000E+00
3.944E+07 4.853E+02 8.960E-01 1.197E-01 1.430E-05 1.770E+03 1.000E+00 2.221E+01 0.000E+00
1.259E+08 6.820E+02 8.064E-01 1.197E-01 1.585E-05 1.511E+03 1.000E+00 2.221E+01 0.000E+00
8.505E+06 4.450E+02 9.176E-01 1.197E-01 1.870E-05 1.860E+03 1.000E+00 2.221E+01 0.000E+00
3.235E+08 7.679E+02 7.741E-01 1.197E-01 2.391E-05 1.450E+03 1.000E+00 2.221E+01 0.000E+00
5.729E+06 2.688E+02 1.022E+00 1.197E-01 3.348E-05 3.100E+03 1.000E+00 2.221E+01 0.000E+00
1.617E+07 5.840E+02 8.481E-01 1.197E-01 5.101E-05 1.607E+03 1.000E+00 2.221E+01 0.000E+00
1.051E+07 4.516E+02 9.141E-01 1.197E-01 8.314E-05 1.842E+03 1.000E+00 2.221E+01 0.000E+00
1.828E+07 3.206E+02 9.907E-01 1.197E-01 1.420E-04 2.439E+03 1.000E+00 2.221E+01 0.000E+00
2.323E+07 6.823E+02 8.065E-01 1.197E-01 2.500E-04 1.606E+03 1.000E+00 2.222E+01 0.000E+00
2.802E+06 7.098E+02 7.960E-01 1.197E-01 4.479E-04 1.496E+03 1.000E+00 2.222E+01 0.000E+00
2.248E+07 9.606E+02 7.138E-01 1.197E-01 8.106E-04 1.386E+03 1.000E+00 2.223E+01 0.000E+00
1.059E+08 5.437E+02 8.693E-01 1.197E-01 1.475E-03 1.670E+03 1.000E+00 2.224E+01 0.000E+00
3.523E+07 9.342E+02 7.229E-01 1.197E-01 2.694E-03 1.429E+03 1.000E+00 2.227E+01 0.000E+00
1.150E+07 2.259E+02 1.069E+00 1.197E-01 4.928E-03 3.755E+03 1.000E+00 2.232E+01 0.000E+00
3.370E+07 9.485E+02 7.167E-01 1.514E-01 1.248E-05 1.435E+03 1.000E+00 2.221E+01 0.000E+00
3.574E+07 9.485E+02 7.167E-01 1.514E-01 1.252E-05 1.435E+03 1.000E+00 2.221E+01 0.000E+00
4.021E+07 9.485E+02 7.167E-01 1.514E-01 1.260E-05 1.435E+03 1.000E+00 2.221E+01 0.000E+00
4.952E+06 2.811E+02 1.015E+00 1.514E-01 1.274E-05 2.908E+03 1.000E+00 2.221E+01 0.000E+00
4.291E+06 5.648E+02 8.570E-01 1.514E-01 1.299E-05 1.665E+03 1.000E+00 2.221E+01 0.000E+00
4.149E+07 5.648E+02 8.570E-01 1.514E-01 1.345E-05 1.665E+03 1.000E+00 2.221E+01 0.000E+00
8.171E+06 4.378E+02 9.217E-01 1.514E-01 1.430E-05 1.906E+03 1.000E+00 2.221E+01 0.000E+00
1.172E+07 9.725E+02 7.099E-01 1.514E-01 1.585E-05 1.431E+03 1.000E+00 2.221E+01 0.000E+00
3.647E+07 9.725E+02 7.099E-01 1.514E-01 1.870E-05 1.431E+03 1.000E+00 2.221E+01 0.000E+00
1.250E+07 9.788E+02 7.082E-01 1.514E-01 2.391E-05 1.430E+03 1.000E+00 2.221E+01 0.000E+00
6.167E+08 9.296E+02 7.221E-01 1.514E-01 3.348E-05 1.440E+03 1.000E+00 2.221E+01 0.000E+00
3.985E+07 9.481E+02 7.168E-01 1.514E-01 5.101E-05 1.436E+03 1.000E+00 2.221E+01 0.000E+00
2.569E+06 2.433E+02 1.037E+00 1.514E-01 8.314E-05 3.771E+03 1.000E+00 2.221E+01 0.000E+00
8.774E+06 7.278E+02 7.889E-01 1.514E-01 1.420E-04 1.520E+03 1.000E+00 2.221E+01 0.000E+00
4.315E+07 7.876E+02 7.675E-01 1.514E-01 2.500E-04 1.490E+03 1.000E+00 2.222E+01 0.000E+00
3.453E+07 4.766E+02 9.016E-01 1.514E-01 4.479E-04 1.815E+03 1.000E+00 2.222E+01 0.000E+00
5.117E+07 6.707E+02 8.120E-01 1.514E-01 8.106E-04 1.570E+03 1.000E+00 2.223E+01 0.000E+00
1.842E+07 5.442E+02 8.691E-01 1.514E-01 1.475E-03 1.707E+03 1.000E+00 2.225E+01 0.000E+00
5.771E+06 2.521E+02 1.043E+00 1.514E-01 2.694E-03 3.255E+03 1.000E+00 2.227E+01 0.000E+00
6.213E+06 2.218E+02 1.072E+00 1.514E-01 4.928E-03 3.905E+03 1.000E+00 2.232E+01 0.000E+00
6.164E+07 6.808E+02 8.070E-01 1.915E-01 1.248E-05 1.627E+03 1.000E+00 2.221E+01 0.000E+00
3.677E+08 6.808E+02 8.070E-01 1.915E-01 1.252E-05 1.615E+03 1.000E+00 2.221E+01 0.000E+00
8.138E+06 9.522E+02 7.156E-01 1.915E-01 1.260E-05 1.553E+03 1.000E+00 2.221E+01 0.000E+00
8.435E+06 9.522E+02 7.156E-01 1.915E-01 1.274E-05 1.552E+03 1.000E+00 2.221E+01 0.000E+00
3.200E+07 7.831E+02 7.689E-01 1.915E-01 1.299E-05 1.569E+03 1.000E+00 2.221E+01 0.000E+00
1.798E+07 6.899E+02 8.034E-01 1.915E-01 1.345E-05 1.609E+03 1.000E+00 2.221E+01 0.000E+00
1.506E+07 9.522E+02 7.156E-01 1.915E-01 1.430E-05 1.552E+03 1.000E+00 2.221E+01 0.000E+00
1.882E+07 6.718E+02 8.106E-01 1.915E-01 1.585E-05 1.621E+03 1.000E+00 2.221E+01 0.000E+00
1.281E+08 9.607E+02 7.132E-01 1.915E-01 1.870E-05 1.554E+03 1.000E+00 2.221E+01 0.000E+00
1.233E+07 9.765E+02 7.088E-01 1.915E-01 2.391E-05 1.568E+03 1.000E+00 2.221E+01 0.000E+00
3.582E+06 9.736E+02 7.096E-01 1.915E-01 3.348E-05 1.556E+03 1.000E+00 2.221E+01 0.000E+00
3.072E+08 9.736E+02 7.097E-01 1.915E-01 5.101E-05 1.557E+03 1.000E+00 2.221E+01 0.000E+00
4.667E+06 3.383E+02 9.804E-01 1.915E-01 8.314E-05 2.567E+03 1.000E+00 2.221E+01 0.000E+00
1.359E+07 7.272E+02 7.892E-01 1.915E-01 1.420E-04 1.593E+03 1.000E+00 2.222E+01 0.000E+00
3.326E+07 4.496E+02 9.159E-01 1.915E-01 2.500E-04 1.919E+03 1.000E+00 2.222E+01 0.000E+00
1.765E+07 7.363E+02 7.861E-01 1.915E-01 4.479E-04 1.612E+03 1.000E+00 2.222E+01 0.000E+00
4.736E+07 7.884E+02 7.678E-01 1.915E-01 8.106E-04 1.597E+03 1.000E+00 2.223E+01 0.000E+00
5.110E+06 3.588E+02 9.718E-01 1.915E-01 1.475E-03 2.235E+03 1.000E+00 2.225E+01 0.000E+00
7.739E+07 4.498E+02 9.209E-01 1.915E-01 2.694E-03 1.942E+03 1.000E+00 2.227E+01 0.000E+00
1.336E+08 9.618E+02 7.167E-01 1.915E-01 4.928E-03 2.048E+03 1.000E+00 2.233E+01 0.000E+00
9.231E+06 7.267E+02 7.893E-01 2.422E-01 1.248E-05 1.773E+03 1.000E+00 2.221E+01 0.000E+00
1.017E+07 7.267E+02 7.893E-01 2.422E-01 1.252E-05 1.738E+03 1.000E+00 2.221E+01 0.000E+00
1.253E+07 7.267E+02 7.893E-01 2.422E-01 1.260E-05 1.737E+03 1.000E+00 2.221E+01 0.000E+00
2.246E+07 7.267E+02 7.893E-01 2.422E-01 1.274E-05 1.737E+03 1.000E+00 2.221E+01 0.000E+00
1.294E+07 6.983E+02 8.002E-01 2.422E-01 1.299E-05 1.739E+03 1.000E+00 2.221E+01 0.000E+00
4.507E+06 3.081E+02 9.992E-01 2.422E-01 1.345E-05 2.638E+03 1.000E+00 2.221E+01 0.000E+00
2.199E+07 7.562E+02 7.785E-01 2.422E-01 1.430E-05 1.740E+03 1.000E+00 2.221E+01 0.000E+00
1.359E+07 6.098E+02 8.368E-01 2.422E-01 1.585E-05 1.779E+03 1.000E+00 2.221E+01 0.000E+00
1.848E+07 8.381E+02 7.504E-01 2.422E-01 1.870E-05 1.775E+03 1.000E+00 2.221E+01 0.000E+00
8.873E+06 9.413E+02 7.188E-01 2.422E-01 2.391E-05 1.898E+03 1.000E+00 2.221E+01 0.000E+00
2.889E+07 6.532E+02 8.183E-01 2.422E-01 3.348E-05 1.753E+03 1.000E+00 2.221E+01 0.000E+00
8.295E+06 9.202E+02 7.250E-01 2.422E-01 5.101E-05 1.867E+03 1.000E+00 2.221E+01 0.000E+00
4.675E+06 9.735E+02 7.098E-01 2.422E-01 8.314E-05 1.981E+03 1.000E+00 2.222E+01 0.000E+00
1.643E+06 2.726E+02 1.022E+00 2.422E-01 1.420E-04 3.065E+03 1.000E+00 2.222E+01 0.000E+00
3.021E+07 8.294E+02 7.535E-01 2.422E-01 2.500E-04 1.791E+03 1.000E+00 2.222E+01 0.000E+00
2.961E+07 5.971E+02 8.431E-01 2.422E-01 4.479E-04 1.797E+03 1.000E+00 2.222E+01 0.000E+00
5.789E+06 3.896E+02 9.517E-01 2.422E-01 8.106E-04 2.167E+03 1.000E+00 2.223E+01 0.000E+00
7.162E+06 7.435E+02 7.847E-01 2.422E-01 1.475E-03 1.848E+03 1.000E+00 2.225E+01 0.000E+00
1.679E+07 6.859E+02 8.083E-01 2.422E-01 2.694E-03 1.922E+03 1.000E+00 2.228E+01 0.000E+00
5.350E+07 7.033E+02 8.040E-01 2.422E-01 4.928E-03 2.257E+03 1.000E+00 2.233E+01 0.000E+00
1.527E+07 5.540E+02 8.625E-01 3.064E-01 1.248E-05 2.015E+03 1.000E+00 2.222E+01 0.000E+00
2.207E+07 5.540E+02 8.625E-01 3.064E-01 1.252E-05 2.015E+03 1.000E+00 2.222E+01 0.000E+00
1.351E+08 5.540E+02 8.625E-01 3.064E-01 1.260E-05 2.015E+03 1.000E+00 2.222E+01 0.000E+00
1.509E+07 7.757E+02 7.716E-01 3.064E-01 1.274E-05 2.723E+03 1.000E+00 2.222E+01 0.000E+00
8.475E+07 2.476E+02 1.037E+00 3.064E-01 1.299E-05 3.634E+03 1.000E+00 2.222E+01 0.000E+00
4.750E+06 6.240E+02 8.308E-01 3.064E-01 1.345E-05 2.041E+03 1.000E+00 2.222E+01 0.000E+00
7.957E+07 6.374E+02 8.250E-01 3.064E-01 1.430E-05 2.057E+03 1.000E+00 2.222E+01 0.000E+00
3.482E+10 6.348E+02 8.261E-01 3.064E-01 1.585E-05 2.052E+03 1.000E+00 2.222E+01 0.000E+00
9.651E+06 6.529E+02 8.186E-01 3.064E-01 1.870E-05 2.077E+03 1.000E+00 2.222E+01 0.000E+00
2.197E+07 4.744E+02 9.025E-01 3.064E-01 2.391E-05 2.074E+03 1.000E+00 2.222E+01 0.000E+00
7.140E+07 7.066E+02 7.971E-01 3.064E-01 3.348E-05 2.211E+03 1.000E+00 2.222E+01 0.000E+00
8.659E+06 6.085E+02 8.376E-01 3.064E-01 5.101E-05 2.032E+03 1.000E+00 2.222E+01 0.000E+00
4.817E+06 7.218E+02 7.913E-01 3.064E-01 8.314E-05 2.297E+03 1.000E+00 2.222E+01 0.000E+00
9.881E+06 2.284E+02 1.049E+00 3.064E-01 1.420E-04 4.338E+03 1.000E+00 2.222E+01 0.000E+00
5.614E+06 6.008E+02 8.413E-01 3.064E-01 2.500E-04 2.048E+03 1.000E+00 2.222E+01 0.000E+00
7.426E+06 6.424E+02 8.235E-01 3.064E-01 4.479E-04 2.127E+03 1.000E+00 2.223E+01 0.000E+00
3.135E+07 4.069E+02 9.419E-01 3.064E-01 8.106E-04 2.233E+03 1.000E+00 2.223E+01 0.000E+00
2.419E+07 5.427E+02 8.703E-01 3.064E-01 1.475E-03 2.143E+03 1.000E+00 2.225E+01 0.000E+00
7.367E+06 4.527E+02 9.198E-01 3.064E-01 2.694E-03 2.256E+03 1.000E+00 2.228E+01 0.000E+00
4.146E+06 5.664E+02 8.643E-01 3.064E-01 4.928E-03 3.349E+03 1.000E+00 2.233E+01 0.000E+00
3.107E+07 3.958E+02 9.470E-01 3.875E-01 1.248E-05 2.477E+03 1.000E+00 2.222E+01 0.000E+00
1.932E+07 4.009E+02 9.440E-01 3.875E-01 1.252E-05 2.469E+03 1.000E+00 2.222E+01 0.000E+00
6.172E+06 5.327E+02 8.731E-01 3.875E-01 1.260E-05 2.793E+03 1.000E+00 2.222E+01 0.000E+00
1.056E+07 5.327E+02 8.731E-01 3.875E-01 1.274E-05 2.793E+03 1.000E+00 2.222E+01 0.000E+00
1.985E+07 5.291E+02 8.748E-01 3.875E-01 1.299E-05 2.759E+03 1.000E+00 2.222E+01 0.000E+00
9.068E+06 5.151E+02 8.818E-01 3.875E-01 1.345E-05 2.649E+03 1.000E+00 2.222E+01 0.000E+00
1.891E+06 2.541E+02 1.035E+00 3.875E-01 1.430E-05 3.544E+03 1.000E+00 2.222E+01 0.000E+00
3.137E+06 4.727E+02 9.038E-01 3.875E-01 1.585E-05 2.483E+03 1.000E+00 2.222E+01 0.000E+00
2.725E+06 4.454E+02 9.186E-01 3.875E-01 1.870E-05 2.486E+03 1.000E+00 2.222E+01 0.000E+00
1.750E+06 4.933E+02 8.929E-01 3.875E-01 2.391E-05 2.550E+03 1.000E+00 2.222E+01 0.000E+00
2.523E+07 5.500E+02 8.647E-01 3.875E-01 3.348E-05 3.048E+03 1.000E+00 2.222E+01 0.000E+00
8.990E+06 5.308E+02 8.741E-01 3.875E-01 5.101E-05 2.793E+03 1.000E+00 2.222E+01 0.000E+00
1.361E+06 4.110E+02 9.383E-01 3.875E-01 8.314E-05 2.463E+03 1.000E+00 2.222E+01 0.000E+00
1.114E+07 4.862E+02 8.969E-01 3.875E-01 1.420E-04 2.547E+03 1.000E+00 2.222E+01 0.000E+00
1.599E+07 4.721E+02 9.046E-01 3.875E-01 2.500E-04 2.533E+03 1.000E+00 2.222E+01 0.000E+00
1.831E+06 3.103E+02 1.001E+00 3.875E-01 4.479E-04 2.842E+03 1.000E+00 2.223E+01 0.000E+00
3.653E+07 4.563E+02 9.143E-01 3.875E-01 8.106E-04 2.605E+03 1.000E+00 2.224E+01 0.000E+00
5.155E+06 2.387E+02 1.050E+00 3.875E-01 1.475E-03 3.830E+03 1.000E+00 2.225E+01 0.000E+00
1.430E+07 4.586E+02 9.169E-01 3.875E-01 2.694E-03 3.615E+03 1.000E+00 2.228E+01 0.000E+00
1.199E+07 2.965E+02 1.025E+00 3.875E-01 4.928E-03 3.231E+03 1.000E+00 2.233E+01 0.000E+00
2.254E+06 2.960E+02 1.010E+00 4.902E-01 1.248E-05 3.287E+03 1.000E+00 2.222E+01 0.000E+00
2.396E+06 2.960E+02 1.010E+00 4.902E-01 1.252E-05 3.287E+03 1.000E+00 2.222E+01 0.000E+00
2.715E+06 2.960E+02 1.010E+00 4.902E-01 1.260E-05 3.287E+03 1.000E+00 2.222E+01 0.000E+00
4.153E+06 2.365E+02 1.047E+00 4.902E-01 1.274E-05 4.148E+03 1.000E+00 2.222E+01 0.000E+00
1.115E+07 2.960E+02 1.010E+00 4.902E-01 1.299E-05 3.287E+03 1.000E+00 2.222E+01 0.000E+00
2.304E+06 3.014E+02 1.006E+00 4.902E-01 1.345E-05 3.258E+03 1.000E+00 2.222E+01 0.000E+00
5.201E+06 3.081E+02 1.002E+00 4.902E-01 1.430E-05 3.230E+03 1.000E+00 2.222E+01 0.000E+00
2.319E+07 3.126E+02 9.991E-01 4.902E-01 1.585E-05 3.213E+03 1.000E+00 2.222E+01 0.000E+00
9.645E+07 2.527E+02 1.037E+00 4.902E-01 1.870E-05 3.777E+03 1.000E+00 2.222E+01 0.000E+00
5.047E+06 2.564E+02 1.035E+00 4.902E-01 2.391E-05 3.711E+03 1.000E+00 2.222E+01 0.000E+00
2.744E+07 3.689E+02 9.638E-01 4.902E-01 3.348E-05 3.381E+03 1.000E+00 2.222E+01 0.000E+00
4.064E+07 2.900E+02 1.014E+00 4.902E-01 5.101E-05 3.331E+03 1.000E+00 2.222E+01 0.000E+00
5.702E+06 2.535E+02 1.037E+00 4.902E-01 8.314E-05 3.763E+03 1.000E+00 2.222E+01 0.000E+00
1.652E+07 3.326E+02 9.868E-01 4.902E-01 1.420E-04 3.215E+03 1.000E+00 2.222E+01 0.000E+00
4.988E+06 2.277E+02 1.053E+00 4.902E-01 2.500E-04 4.424E+03 1.000E+00 2.222E+01 0.000E+00
7.382E+06 2.565E+02 1.037E+00 4.902E-01 4.479E-04 3.721E+03 1.000E+00 2.223E+01 0.000E+00
4.595E+06 2.520E+02 1.041E+00 4.902E-01 8.106E-04 4.047E+03 1.000E+00 2.224E+01 0.000E+00
4.010E+06 2.780E+02 1.027E+00 4.902E-01 1.475E-03 3.585E+03 1.000E+00 2.225E+01 0.000E+00
2.113E+07 2.187E+02 1.071E+00 4.902E-01 2.694E-03 4.624E+03 1.000E+00 2.228E+01 0.000E+00
3.814E+07 2.505E+02 1.059E+00 4.902E-01 4.928E-03 4.801E+03 1.000E+00 2.233E+01 0.000E+00
6.190E+07 2.499E+02 1.041E+00 6.200E-01 1.248E-05 5.261E+03 1.000E+00 2.222E+01 0.000E+00
3.085E+07 2.554E+02 1.038E+00 6.200E-01 1.252E-05 4.799E+03 1.000E+00 2.222E+01 0.000E+00
8.974E+06 2.437E+02 1.045E+00 6.200E-01 1.260E-05 4.775E+03 1.000E+00 2.222E+01 0.000E+00
4.518E+07 2.437E+02 1.045E+00 6.200E-01 1.274E-05 4.775E+03 1.000E+00 2.222E+01 0.000E+00
3.487E+06 2.424E+02 1.046E+00 6.200E-01 1.299E-05 4.782E+03 1.000E+00 2.222E+01 0.000E+00
2.860E+06 2.524E+02 1.039E+00 6.200E-01 1.345E-05 4.777E+03 1.000E+00 2.222E+01 0.000E+00
2.729E+06 2.559E+02 1.037E+00 6.200E-01 1.430E-05 4.806E+03 1.000E+00 2.222E+01 0.000E+00
3.170E+06 2.033E+02 1.069E+00 6.200E-01 1.585E-05 6.399E+03 1.000E+00 2.222E+01 0.000E+00
3.523E+07 2.569E+02 1.037E+00 6.200E-01 1.870E-05 4.822E+03 1.000E+00 2.222E+01 0.000E+00
2.368E+07 2.590E+02 1.035E+00 6.200E-01 2.391E-05 4.857E+03 1.000E+00 2.222E+01 0.000E+00
1.107E+08 2.631E+02 1.033E+00 6.200E-01 3.348E-05 4.958E+03 1.000E+00 2.222E+01 0.000E+00
1.333E+07 2.337E+02 1.051E+00 6.200E-01 5.101E-05 4.887E+03 1.000E+00 2.222E+01 0.000E+00
3.218E+06 2.337E+02 1.052E+00 6.200E-01 8.314E-05 4.896E+03 1.000E+00 2.222E+01 0.000E+00
1.337E+07 2.346E+02 1.051E+00 6.200E-01 1.420E-04 4.961E+03 1.000E+00 2.223E+01 0.000E+00
2.375E+07 2.521E+02 1.041E+00 6.200E-01 2.500E-04 4.930E+03 1.000E+00 2.223E+01 0.000E+00
6.512E+06 2.403E+02 1.049E+00 6.200E-01 4.479E-04 4.985E+03 1.000E+00 2.223E+01 0.000E+00
2.843E+06 2.251E+02 1.060E+00 6.200E-01 8.106E-04 5.257E+03 1.000E+00 2.224E+01 0.000E+00
1.128E+06 2.298E+02 1.061E+00 6.200E-01 1.475E-03 5.649E+03 1.000E+00 2.226E+01 0.000E+00
2.509E+06 2.057E+02 1.082E+00 6.200E-01 2.694E-03 6.578E+03 1.000E+00 2.228E+01 0.000E+00
NAN NAN NAN 6.200E-01 4.928E-03 NAN 1.000E+00 2.233E+01 0.000E+00
NAN NAN NAN 7.842E-01 1.248E-05 NAN 1.000E+00 2.223E+01 0.000E+00
NAN NAN NAN 7.842E-01 1.252E-05 NAN 1.000E+00 2.223E+01 0.000E+00
NAN NAN NAN 7.842E-01 1.260E-05 NAN 1.000E+00 2.223E+01 0.000E+00
NAN NAN NAN 7.842E-01 1.274E-05 NAN 1.000E+00 2.223E+01 0.000E+00
NAN NAN NAN 7.842E-01 1.299E-05 NAN 1.000E+00 2.223E+01 0.000E+00
NAN NAN NAN 7.842E-01 1.345E-05 NAN 1.000E+00 2.223E+01 0.000E+00
NAN NAN NAN 7.842E-01 1.430E-05 NAN 1.000E+00 2.223E+01 0.000E+00
NAN NAN NAN 7.842E-01 1.585E-05 NAN 1.000E+00 2.223E+01 0.000E+00
NAN NAN NAN 7.842E-01 1.870E-05 NAN 1.000E+00 2.223E+01 0.000E+00
NAN NAN NAN 7.842E-01 2.391E-05 NAN 1.000E+00 2.223E+01 0.000E+00
NAN NAN NAN 7.842E-01 3.348E-05 NAN 1.000E+00 2.223E+01 0.000E+00
NAN NAN NAN 7.842E-01 5.101E-05 NAN 1.000E+00 2.223E+01 0.000E+00
NAN NAN NAN 7.842E-01 8.314E-05 NAN 1.000E+00 2.223E+01 0.000E+00
NAN NAN NAN 7.842E-01 1.420E-04 NAN 1.000E+00 2.223E+01 0.000E+00
NAN NAN NAN 7.842E-01 2.500E-04 NAN 1.000E+00 2.223E+01 0.000E+00
NAN NAN NAN 7.842E-01 4.479E-04 NAN 1.000E+00 2.224E+01 0.000E+00
NAN NAN NAN 7.842E-01 8.106E-04 NAN 1.000E+00 2.224E+01 0.000E+00
NAN NAN NAN 7.842E-01 1.475E-03 NAN 1.000E+00 2.226E+01 0.000E+00
NAN NAN NAN 7.842E-01 2.694E-03 NAN 1.000E+00 2.229E+01 0.000E+00
NAN NAN NAN 7.842E-01 4.928E-03 NAN 1.000E+00 2.234E+01 0.000E+00
NAN NAN NAN 9.919E-01 1.248E-05 NAN 1.000E+00 2.223E+01 0.000E+00
NAN NAN NAN 9.919E-01 1.252E-05 NAN 1.000E+00 2.223E+01 0.000E+00
NAN NAN NAN 9.919E-01 1.260E-05 NAN 1.000E+00 2.223E+01 0.000E+00
NAN NAN NAN 9.919E-01 1.274E-05 NAN 1.000E+00 2.223E+01 0.000E+00
NAN NAN NAN 9.919E-01 1.299E-05 NAN 1.000E+00 2.223E+01 0.000E+00
NAN NAN NAN 9.919E-01 1.345E-05 NAN 1.000E+00 2.223E+01 0.000E+00
NAN NAN NAN 9.919E-01 1.430E-05 NAN 1.000E+00 2.223E+01 0.000E+00
NAN NAN NAN 9.919E-01 1.585E-05 NAN 1.000E+00 2.223E+01 0.000E+00
NAN NAN NAN 9.919E-01 1.870E-05 NAN 1.000E+00 2.223E+01 0.000E+00
NAN NAN NAN 9.919E-01 2.391E-05 NAN 1.000E+00 2.223E+01 0.000E+00
NAN NAN NAN 9.919E-01 3.348E-05 NAN 1.000E+00 2.223E+01 0.000E+00
NAN NAN NAN 9.919E-01 5.101E-05 NAN 1.000E+00 2.223E+01 0.000E+00
NAN NAN NAN 9.919E-01 8.314E-05 NAN 1.000E+00 2.223E+01 0.000E+00
NAN NAN NAN 9.919E-01 1.420E-04 NAN 1.000E+00 2.223E+01 0.000E+00
NAN NAN NAN 9.919E-01 2.500E-04 NAN 1.000E+00 2.224E+01 0.000E+00
NAN NAN NAN 9.919E-01 4.479E-04 NAN 1.000E+00 2.224E+01 0.000E+00
NAN NAN NAN 9.919E-01 8.106E-04 NAN 1.000E+00 2.225E+01 0.000E+00
NAN NAN NAN 9.919E-01 1.475E-03 NAN 1.000E+00 2.226E+01 0.000E+00
NAN NAN NAN 9.919E-01 2.694E-03 NAN 1.000E+00 2.229E+01 0.000E+00
NAN NAN NAN 9.919E-01 4.928E-03 NAN 1.000E+00 2.234E+01 0.000E+00
NAN NAN NAN 1.255E+00 1.248E-05 NAN 1.000E+00 2.224E+01 0.000E+00
NAN NAN NAN 1.255E+00 1.252E-05 NAN 1.000E+00 2.224E+01 0.000E+00
NAN NAN NAN 1.255E+00 1.260E-05 NAN 1.000E+00 2.224E+01 0.000E+00
NAN NAN NAN 1.255E+00 1.274E-05 NAN 1.000E+00 2.224E+01 0.000E+00
NAN NAN NAN 1.255E+00 1.299E-05 NAN 1.000E+00 2.224E+01 0.000E+00
NAN NAN NAN 1.255E+00 1.345E-05 NAN 1.000E+00 2.224E+01 0.000E+00
NAN NAN NAN 1.255E+00 1.430E-05 NAN 1.000E+00 2.224E+01 0.000E+00
NAN NAN NAN 1.255E+00 1.585E-05 NAN 1.000E+00 2.224E+01 0.000E+00
NAN NAN NAN 1.255E+00 1.870E-05 NAN 1.000E+00 2.224E+01 0.000E+00
NAN NAN NAN 1.255E+00 2.391E-05 NAN 1.000E+00 2.224E+01 0.000E+00
NAN NAN NAN 1.255E+00 3.348E-05 NAN 1.000E+00 2.224E+01 0.000E+00
NAN NAN NAN 1.255E+00 5.101E-05 NAN 1.000E+00 2.224E+01 0.000E+00
NAN NAN NAN 1.255E+00 8.314E-05 NAN 1.000E+00 2.224E+01 0.000E+00
NAN NAN NAN 1.255E+00 1.420E-04 NAN 1.000E+00 2.224E+01 0.000E+00
NAN NAN NAN 1.255E+00 2.500E-04 NAN 1.000E+00 2.224E+01 0.000E+00
NAN NAN NAN 1.255E+00 4.479E-04 NAN 1.000E+00 2.225E+01 0.000E+00
NAN NAN NAN 1.255E+00 8.106E-04 NAN 1.000E+00 2.226E+01 0.000E+00
NAN NAN NAN 1.255E+00 1.475E-03 NAN 1.000E+00 2.227E+01 0.000E+00
NAN NAN NAN 1.255E+00 2.694E-03 NAN 1.000E+00 2.230E+01 0.000E+00
NAN NAN NAN 1.255E+00 4.928E-03 NAN 1.000E+00 2.235E+01 0.000E+00
NAN NAN NAN 1.587E+00 1.248E-05 NAN 1.000E+00 2.224E+01 3.000E+00
NAN NAN NAN 1.587E+00 1.252E-05 NAN 1.000E+00 2.224E+01 3.000E+00
NAN NAN NAN 1.587E+00 1.260E-05 NAN 1.000E+00 2.224E+01 3.000E+00
NAN NAN NAN 1.587E+00 1.274E-05 NAN 1.000E+00 2.224E+01 3.000E+00
NAN NAN NAN 1.587E+00 1.299E-05 NAN 1.000E+00 2.224E+01 3.000E+00
NAN NAN NAN 1.587E+00 1.345E-05 NAN 1.000E+00 2.224E+01 3.000E+00
NAN NAN NAN 1.587E+00 1.430E-05 NAN 1.000E+00 2.224E+01 3.000E+00
NAN NAN NAN 1.587E+00 1.585E-05 NAN 1.000E+00 2.224E+01 3.000E+00
NAN NAN NAN 1.587E+00 1.870E-05 NAN 1.000E+00 2.224E+01 3.000E+00
NAN NAN NAN 1.587E+00 2.391E-05 NAN 1.000E+00 2.224E+01 3.000E+00
NAN NAN NAN 1.587E+00 3.348E-05 NAN 1.000E+00 2.224E+01 3.000E+00
NAN NAN NAN 1.587E+00 5.101E-05 NAN 1.000E+00 2.225E+01 3.000E+00
NAN NAN NAN 1.587E+00 8.314E-05 NAN 1.000E+00 2.225E+01 3.000E+00
NAN NAN NAN 1.587E+00 1.420E-04 NAN 1.000E+00 2.225E+01 3.000E+00
NAN NAN NAN 1.587E+00 2.500E-04 NAN 1.000E+00 2.225E+01 3.000E+00
NAN NAN NAN 1.587E+00 4.479E-04 NAN 1.000E+00 2.225E+01 3.000E+00
NAN NAN NAN 1.587E+00 8.106E-04 NAN 1.000E+00 2.226E+01 3.000E+00
NAN NAN NAN 1.587E+00 1.475E-03 NAN 1.000E+00 2.228E+01 3.000E+00
NAN NAN NAN 1.587E+00 2.694E-03 NAN 1.000E+00 2.231E+01 3.000E+00
NAN NAN NAN 1.587E+00 4.928E-03 NAN 1.000E+00 2.236E+01 3.000E+00
NAN NAN NAN 2.007E+00 1.248E-05 NAN 1.000E+00 2.225E+01 3.000E+00
NAN NAN NAN 2.007E+00 1.252E-05 NAN 1.000E+00 2.225E+01 3.000E+00
NAN NAN NAN 2.007E+00 1.260E-05 NAN 1.000E+00 2.225E+01 3.000E+00
NAN NAN NAN 2.007E+00 1.274E-05 NAN 1.000E+00 2.225E+01 3.000E+00
NAN NAN NAN 2.007E+00 1.299E-05 NAN 1.000E+00 2.225E+01 3.000E+00
NAN NAN NAN 2.007E+00 1.345E-05 NAN 1.000E+00 2.225E+01 3.000E+00
NAN NAN NAN 2.007E+00 1.430E-05 NAN 1.000E+00 2.225E+01 3.000E+00
NAN NAN NAN 2.007E+00 1.585E-05 NAN 1.000E+00 2.225E+01 3.000E+00
NAN NAN NAN 2.007E+00 1.870E-05 NAN 1.000E+00 2.225E+01 3.000E+00
NAN NAN NAN 2.007E+00 2.391E-05 NAN 1.000E+00 2.225E+01 3.000E+00
NAN NAN NAN 2.007E+00 3.348E-05 NAN 1.000E+00 2.225E+01 3.000E+00
NAN NAN NAN 2.007E+00 5.101E-05 NAN 1.000E+00 2.225E+01 3.000E+00
NAN NAN NAN 2.007E+00 8.314E-05 NAN 1.000E+00 2.226E+01 3.000E+00
NAN NAN NAN 2.007E+00 1.420E-04 NAN 1.000E+00 2.226E+01 3.000E+00
NAN NAN NAN 2.007E+00 2.500E-04 NAN 1.000E+00 2.226E+01 3.000E+00
NAN NAN NAN 2.007E+00 4.479E-04 NAN 1.000E+00 2.226E+01 3.000E+00
NAN NAN NAN 2.007E+00 8.106E-04 NAN 1.000E+00 2.227E+01 3.000E+00
NAN NAN NAN 2.007E+00 1.475E-03 NAN 1.000E+00 2.229E+01 3.000E+00
NAN NAN NAN 2.007E+00 2.694E-03 NAN 1.000E+00 2.232E+01 3.000E+00
NAN NAN NAN 2.007E+00 4.928E-03 NAN 1.000E+00 2.237E+01 3.000E+00
NAN NAN NAN 2.539E+00 1.248E-05 NAN 1.000E+00 2.227E+01 3.000E+00
NAN NAN NAN 2.539E+00 1.252E-05 NAN 1.000E+00 2.227E+01 3.000E+00
NAN NAN NAN 2.539E+00 1.260E-05 NAN 1.000E+00 2.227E+01 3.000E+00
NAN NAN NAN 2.539E+00 1.274E-05 NAN 1.000E+00 2.227E+01 3.000E+00
NAN NAN NAN 2.539E+00 1.299E-05 NAN 1.000E+00 2.227E+01 3.000E+00
NAN NAN NAN 2.539E+00 1.345E-05 NAN 1.000E+00 2.227E+01 3.000E+00
NAN NAN NAN 2.539E+00 1.430E-05 NAN 1.000E+00 2.227E+01 3.000E+00
NAN NAN NAN 2.539E+00 1.585E-05 NAN 1.000E+00 2.227E+01 3.000E+00
NAN NAN NAN 2.539E+00 1.870E-05 NAN 1.000E+00 2.227E+01 3.000E+00
NAN NAN NAN 2.539E+00 2.391E-05 NAN 1.000E+00 2.227E+01 3.000E+00
NAN NAN NAN 2.539E+00 3.348E-05 NAN 1.000E+00 2.227E+01 3.000E+00
NAN NAN NAN 2.539E+00 5.101E-05 NAN 1.000E+00 2.227E+01 3.000E+00
NAN NAN NAN 2.539E+00 8.314E-05 NAN 1.000E+00 2.227E+01 3.000E+00
NAN NAN NAN 2.539E+00 1.420E-04 NAN 1.000E+00 2.227E+01 3.000E+00
NAN NAN NAN 2.539E+00 2.500E-04 NAN 1.000E+00 2.227E+01 3.000E+00
NAN NAN NAN 2.539E+00 4.479E-04 NAN 1.000E+00 2.228E+01 3.000E+00
NAN NAN NAN 2.539E+00 8.106E-04 NAN 1.000E+00 2.228E+01 3.000E+00
NAN NAN NAN 2.539E+00 1.475E-03 NAN 1.000E+00 2.230E+01 3.000E+00
NAN NAN NAN 2.539E+00 2.694E-03 NAN 1.000E+00 2.233E+01 3.000E+00
NAN NAN NAN 2.539E+00 4.928E-03 NAN 1.000E+00 2.238E+01 3.000E+00
NAN NAN NAN 3.211E+00 1.248E-05 NAN 1.000E+00 2.228E+01 3.000E+00
NAN NAN NAN 3.211E+00 1.252E-05 NAN 1.000E+00 2.228E+01 3.000E+00
NAN NAN NAN 3.211E+00 1.260E-05 NAN 1.000E+00 2.228E+01 3.000E+00
NAN NAN NAN 3.211E+00 1.274E-05 NAN 1.000E+00 2.228E+01 3.000E+00
NAN NAN NAN 3.211E+00 1.299E-05 NAN 1.000E+00 2.228E+01 3.000E+00
NAN NAN NAN 3.211E+00 1.345E-05 NAN 1.000E+00 2.228E+01 3.000E+00
NAN NAN NAN 3.211E+00 1.430E-05 NAN 1.000E+00 2.228E+01 3.000E+00
NAN NAN NAN 3.211E+00 1.585E-05 NAN 1.000E+00 2.228E+01 3.000E+00
NAN NAN NAN 3.211E+00 1.870E-05 NAN 1.000E+00 2.228E+01 3.000E+00
NAN NAN NAN 3.211E+00 2.391E-05 NAN 1.000E+00 2.228E+01 3.000E+00
NAN NAN NAN 3.211E+00 3.348E-05 NAN 1.000E+00 2.228E+01 3.000E+00
NAN NAN NAN 3.211E+00 5.101E-05 NAN 1.000E+00 2.228E+01 3.000E+00
NAN NAN NAN 3.211E+00 8.314E-05 NAN 1.000E+00 2.228E+01 3.000E+00
NAN NAN NAN 3.211E+00 1.420E-04 NAN 1.000E+00 2.228E+01 3.000E+00
NAN NAN NAN 3.211E+00 2.500E-04 NAN 1.000E+00 2.229E+01 3.000E+00
NAN NAN NAN 3.211E+00 4.479E-04 NAN 1.000E+00 2.229E+01 3.000E+00
NAN NAN NAN 3.211E+00 8.106E-04 NAN 1.000E+00 2.230E+01 3.000E+00
NAN NAN NAN 3.211E+00 1.475E-03 NAN 1.000E+00 2.232E+01 3.000E+00
NAN NAN NAN 3.211E+00 2.694E-03 NAN 1.000E+00 2.234E+01 3.000E+00
NAN NAN NAN 3.211E+00 4.928E-03 NAN 1.000E+00 2.239E+01 3.000E+00
NAN NAN NAN 4.062E+00 1.248E-05 NAN 1.000E+00 2.230E+01 3.000E+00
NAN NAN NAN 4.062E+00 1.252E-05 NAN 1.000E+00 2.230E+01 3.000E+00
NAN NAN NAN 4.062E+00 1.260E-05 NAN 1.000E+00 2.230E+01 3.000E+00
NAN NAN NAN 4.062E+00 1.274E-05 NAN 1.000E+00 2.230E+01 3.000E+00
NAN NAN NAN 4.062E+00 1.299E-05 NAN 1.000E+00 2.230E+01 3.000E+00
NAN NAN NAN 4.062E+00 1.345E-05 NAN 1.000E+00 2.230E+01 3.000E+00
NAN NAN NAN 4.062E+00 1.430E-05 NAN 1.000E+00 2.230E+01 3.000E+00
NAN NAN NAN 4.062E+00 1.585E-05 NAN 1.000E+00 2.230E+01 3.000E+00
NAN NAN NAN 4.062E+00 1.870E-05 NAN 1.000E+00 2.230E+01 3.000E+00
NAN NAN NAN 4.062E+00 2.391E-05 NAN 1.000E+00 2.230E+01 3.000E+00
NAN NAN NAN 4.062E+00 3.348E-05 NAN 1.000E+00 2.230E+01 3.000E+00
NAN NAN NAN 4.062E+00 5.101E-05 NAN 1.000E+00 2.230E+01 3.000E+00
NAN NAN NAN 4.062E+00 8.314E-05 NAN 1.000E+00 2.230E+01 3.000E+00
NAN NAN NAN 4.062E+00 1.420E-04 NAN 1.000E+00 2.230E+01 3.000E+00
NAN NAN NAN 4.062E+00 2.500E-04 NAN 1.000E+00 2.231E+01 3.000E+00
NAN NAN NAN 4.062E+00 4.479E-04 NAN 1.000E+00 2.231E+01 3.000E+00
NAN NAN NAN 4.062E+00 8.106E-04 NAN 1.000E+00 2.232E+01 3.000E+00
NAN NAN NAN 4.062E+00 1.475E-03 NAN 1.000E+00 2.233E+01 3.000E+00
NAN NAN NAN 4.062E+00 2.694E-03 NAN 1.000E+00 2.236E+01 3.000E+00
NAN NAN NAN 4.062E+00 4.928E-03 NAN 1.000E+00 2.241E+01 3.000E+00
NAN NAN NAN 5.138E+00 1.248E-05 NAN 1.000E+00 2.695E+01 3.000E+00
NAN NAN NAN 5.138E+00 1.252E-05 NAN 1.000E+00 2.695E+01 3.000E+00
NAN NAN NAN 5.138E+00 1.260E-05 NAN 1.000E+00 2.695E+01 3.000E+00
NAN NAN NAN 5.138E+00 1.274E-05 NAN 1.000E+00 2.695E+01 3.000E+00
NAN NAN NAN 5.138E+00 1.299E-05 NAN 1.000E+00 2.695E+01 3.000E+00
NAN NAN NAN 5.138E+00 1.345E-05 NAN 1.000E+00 2.695E+01 3.000E+00
NAN NAN NAN 5.138E+00 1.430E-05 NAN 1.000E+00 2.695E+01 3.000E+00
NAN NAN NAN 5.138E+00 1.585E-05 NAN 1.000E+00 2.695E+01 3.000E+00
NAN NAN NAN 5.138E+00 1.870E-05 NAN 1.000E+00 2.695E+01 3.000E+00
NAN NAN NAN 5.138E+00 2.391E-05 NAN 1.000E+00 2.695E+01 3.000E+00
NAN NAN NAN 5.138E+00 3.348E-05 NAN 1.000E+00 2.695E+01 3.000E+00
NAN NAN NAN 5.138E+00 5.101E-05 NAN 1.000E+00 2.695E+01 3.000E+00
NAN NAN NAN 5.138E+00 8.314E-05 NAN 1.000E+00 2.696E+01 3.000E+00
NAN NAN NAN 5.138E+00 1.420E-04 NAN 1.000E+00 2.696E+01 3.000E+00
NAN NAN NAN 5.138E+00 2.500E-04 NAN 1.000E+00 2.697E+01 3.000E+00
NAN NAN NAN 5.138E+00 4.479E-04 NAN 1.000E+00 2.698E+01 3.000E+00
NAN NAN NAN 5.138E+00 8.106E-04 NAN 1.000E+00 2.701E+01 3.000E+00
NAN NAN NAN 5.138E+00 1.475E-03 NAN 1.000E+00 2.705E+01 3.000E+00
NAN NAN NAN 5.138E+00 2.694E-03 NAN 1.000E+00 2.714E+01 3.000E+00
NAN NAN NAN 5.138E+00 4.928E-03 NAN 1.000E+00 2.729E+01 3.000E+00
