3.130E+07 3.307E+02 1.961E+00 5.137E-05 6.280E-06 2.301E+03 8.726E-01 4.431E+01 2.000E+00
1.229E+07 8.208E+02 1.508E+00 5.137E-05 6.321E-06 1.298E+03 8.726E-01 4.431E+01 2.000E+00
1.445E+07 8.208E+02 1.508E+00 5.137E-05 6.396E-06 1.298E+03 8.726E-01 4.431E+01 2.000E+00
3.355E+07 3.485E+02 1.940E+00 5.137E-05 6.534E-06 2.178E+03 8.726E-01 4.431E+01 2.000E+00
2.420E+08 8.208E+02 1.508E+00 5.137E-05 6.786E-06 1.298E+03 8.726E-01 4.431E+01 2.000E+00
1.172E+07 9.759E+02 1.414E+00 5.137E-05 7.248E-06 1.223E+03 8.726E-01 4.431E+01 2.000E+00
1.439E+07 9.759E+02 1.414E+00 5.137E-05 8.095E-06 1.223E+03 8.727E-01 4.431E+01 2.000E+00
2.515E+07 9.759E+02 1.414E+00 5.137E-05 9.648E-06 1.223E+03 8.727E-01 4.431E+01 2.000E+00
2.198E+06 6.155E+02 1.664E+00 5.137E-05 1.249E-05 1.468E+03 8.727E-01 4.431E+01 2.000E+00
6.714E+07 7.301E+02 1.572E+00 5.137E-05 1.771E-05 1.359E+03 8.728E-01 4.431E+01 2.000E+00
1.509E+06 6.738E+02 1.615E+00 5.137E-05 2.728E-05 1.407E+03 8.729E-01 4.431E+01 2.000E+00
5.424E+06 9.120E+02 1.451E+00 5.137E-05 4.480E-05 1.250E+03 8.731E-01 4.431E+01 2.000E+00
3.439E+06 9.019E+02 1.457E+00 5.137E-05 7.694E-05 1.255E+03 8.735E-01 4.431E+01 2.000E+00
3.378E+06 7.165E+02 1.582E+00 5.137E-05 1.358E-04 1.370E+03 8.742E-01 4.431E+01 2.000E+00
6.011E+06 5.749E+02 1.700E+00 5.137E-05 2.438E-04 1.520E+03 8.756E-01 4.432E+01 2.000E+00
4.881E+06 3.361E+02 1.956E+00 5.137E-05 4.417E-04 2.256E+03 8.780E-01 4.432E+01 2.000E+00
1.566E+07 6.832E+02 1.609E+00 5.137E-05 8.044E-04 1.398E+03 8.825E-01 4.433E+01 2.000E+00
2.865E+07 9.483E+02 1.431E+00 5.137E-05 1.469E-03 1.236E+03 8.878E-01 4.434E+01 2.000E+00
1.189E+07 6.811E+02 1.612E+00 5.137E-05 2.688E-03 1.400E+03 8.970E-01 4.437E+01 2.000E+00
6.054E+06 3.427E+02 1.961E+00 5.137E-05 4.922E-03 2.162E+03 9.137E-01 4.442E+01 2.000E+00
1.391E+07 8.208E+02 1.508E+00 6.498E-05 6.280E-06 1.298E+03 8.727E-01 4.431E+01 2.000E+00
1.533E+07 8.208E+02 1.508E+00 6.498E-05 6.321E-06 1.299E+03 8.727E-01 4.431E+01 2.000E+00
2.252E+07 3.485E+02 1.940E+00 6.498E-05 6.396E-06 2.179E+03 8.727E-01 4.431E+01 2.000E+00
3.331E+07 8.208E+02 1.508E+00 6.498E-05 6.534E-06 1.298E+03 8.727E-01 4.431E+01 2.000E+00
1.051E+07 7.304E+02 1.571E+00 6.498E-05 6.786E-06 1.359E+03 8.727E-01 4.431E+01 2.000E+00
1.197E+07 9.759E+02 1.414E+00 6.498E-05 7.248E-06 1.223E+03 8.727E-01 4.431E+01 2.000E+00
1.478E+07 9.759E+02 1.414E+00 6.498E-05 8.095E-06 1.223E+03 8.727E-01 4.431E+01 2.000E+00
7.246E+05 2.642E+02 2.040E+00 6.498E-05 9.648E-06 3.190E+03 8.727E-01 4.431E+01 2.000E+00
2.390E+06 6.155E+02 1.664E+00 6.498E-05 1.249E-05 1.468E+03 8.728E-01 4.431E+01 2.000E+00
2.596E+08 4.553E+02 1.818E+00 6.498E-05 1.771E-05 1.748E+03 8.728E-01 4.431E+01 2.000E+00
1.567E+06 6.738E+02 1.615E+00 6.498E-05 2.728E-05 1.407E+03 8.729E-01 4.431E+01 2.000E+00
5.620E+06 9.120E+02 1.451E+00 6.498E-05 4.480E-05 1.250E+03 8.732E-01 4.431E+01 2.000E+00
3.518E+06 9.019E+02 1.457E+00 6.498E-05 7.694E-05 1.255E+03 8.736E-01 4.431E+01 2.000E+00
3.692E+06 7.165E+02 1.582E+00 6.498E-05 1.358E-04 1.371E+03 8.743E-01 4.431E+01 2.000E+00
3.953E+06 6.333E+02 1.649E+00 6.498E-05 2.438E-04 1.448E+03 8.756E-01 4.432E+01 2.000E+00
8.690E+06 3.361E+02 1.956E+00 6.498E-05 4.417E-04 2.257E+03 8.781E-01 4.432E+01 2.000E+00
3.349E+07 6.832E+02 1.609E+00 6.498E-05 8.044E-04 1.398E+03 8.826E-01 4.433E+01 2.000E+00
3.253E+07 9.483E+02 1.431E+00 6.498E-05 1.469E-03 1.236E+03 8.879E-01 4.434E+01 2.000E+00
1.978E+07 6.811E+02 1.612E+00 6.498E-05 2.688E-03 1.400E+03 8.970E-01 4.437E+01 2.000E+00
1.311E+07 3.427E+02 1.961E+00 6.498E-05 4.922E-03 2.162E+03 9.137E-01 4.442E+01 2.000E+00
5.634E+07 3.485E+02 1.940E+00 8.219E-05 6.280E-06 2.178E+03 8.727E-01 4.431E+01 2.000E+00
2.247E+07 8.208E+02 1.508E+00 8.219E-05 6.321E-06 1.298E+03 8.727E-01 4.431E+01 2.000E+00
2.182E+07 2.771E+02 2.025E+00 8.219E-05 6.396E-06 2.925E+03 8.727E-01 4.431E+01 2.000E+00
1.146E+08 8.208E+02 1.508E+00 8.219E-05 6.534E-06 1.298E+03 8.727E-01 4.431E+01 2.000E+00
1.638E+07 7.304E+02 1.571E+00 8.219E-05 6.786E-06 1.358E+03 8.727E-01 4.431E+01 2.000E+00
1.231E+07 9.759E+02 1.414E+00 8.219E-05 7.248E-06 1.223E+03 8.727E-01 4.431E+01 2.000E+00
1.530E+07 9.759E+02 1.414E+00 8.219E-05 8.095E-06 1.223E+03 8.727E-01 4.431E+01 2.000E+00
2.818E+07 9.759E+02 1.414E+00 8.219E-05 9.648E-06 1.226E+03 8.728E-01 4.431E+01 2.000E+00
2.694E+06 6.155E+02 1.664E+00 8.219E-05 1.249E-05 1.468E+03 8.728E-01 4.431E+01 2.000E+00
9.521E+08 4.543E+02 1.820E+00 8.219E-05 1.771E-05 1.751E+03 8.729E-01 4.431E+01 2.000E+00
2.278E+06 3.657E+02 1.920E+00 8.219E-05 2.728E-05 2.080E+03 8.730E-01 4.431E+01 2.000E+00
5.893E+06 9.120E+02 1.451E+00 8.219E-05 4.480E-05 1.250E+03 8.732E-01 4.431E+01 2.000E+00
3.625E+06 9.019E+02 1.457E+00 8.219E-05 7.694E-05 1.255E+03 8.736E-01 4.431E+01 2.000E+00
4.196E+06 7.165E+02 1.582E+00 8.219E-05 1.358E-04 1.369E+03 8.743E-01 4.431E+01 2.000E+00
4.878E+06 6.333E+02 1.649E+00 8.219E-05 2.438E-04 1.448E+03 8.757E-01 4.432E+01 2.000E+00
4.610E+06 6.232E+02 1.658E+00 8.219E-05 4.417E-04 1.459E+03 8.781E-01 4.432E+01 2.000E+00
2.201E+08 9.867E+02 1.409E+00 8.219E-05 8.044E-04 1.220E+03 8.826E-01 4.433E+01 2.000E+00
3.930E+07 9.483E+02 1.431E+00 8.219E-05 1.469E-03 1.236E+03 8.879E-01 4.434E+01 2.000E+00
1.400E+08 6.811E+02 1.612E+00 8.219E-05 2.688E-03 1.400E+03 8.970E-01 4.437E+01 2.000E+00
1.351E+06 4.133E+02 1.876E+00 8.219E-05 4.922E-03 1.850E+03 9.138E-01 4.442E+01 2.000E+00
4.043E+07 8.208E+02 1.508E+00 1.040E-04 6.280E-06 1.298E+03 8.728E-01 4.431E+01 2.000E+00
5.613E+07 8.208E+02 1.508E+00 1.040E-04 6.321E-06 1.298E+03 8.728E-01 4.431E+01 2.000E+00
1.985E+08 8.208E+02 1.508E+00 1.040E-04 6.396E-06 1.298E+03 8.728E-01 4.431E+01 2.000E+00
1.175E+07 7.304E+02 1.571E+00 1.040E-04 6.534E-06 1.359E+03 8.728E-01 4.431E+01 2.000E+00
5.929E+07 7.304E+02 1.571E+00 1.040E-04 6.786E-06 1.359E+03 8.728E-01 4.431E+01 2.000E+00
1.276E+07 9.759E+02 1.414E+00 1.040E-04 7.248E-06 1.223E+03 8.728E-01 4.431E+01 2.000E+00
3.000E+06 4.375E+02 1.838E+00 1.040E-04 8.095E-06 1.797E+03 8.728E-01 4.431E+01 2.000E+00
4.003E+06 7.536E+02 1.554E+00 1.040E-04 9.648E-06 1.341E+03 8.728E-01 4.431E+01 2.000E+00
3.230E+06 6.155E+02 1.664E+00 1.040E-04 1.249E-05 1.469E+03 8.729E-01 4.431E+01 2.000E+00
4.202E+06 5.935E+02 1.683E+00 1.040E-04 1.771E-05 1.495E+03 8.729E-01 4.431E+01 2.000E+00
1.767E+06 6.738E+02 1.615E+00 1.040E-04 2.728E-05 1.407E+03 8.731E-01 4.431E+01 2.000E+00
1.444E+08 3.624E+02 1.924E+00 1.040E-04 4.480E-05 2.097E+03 8.733E-01 4.431E+01 2.000E+00
3.772E+06 9.019E+02 1.457E+00 1.040E-04 7.694E-05 1.255E+03 8.737E-01 4.431E+01 2.000E+00
5.097E+06 7.165E+02 1.582E+00 1.040E-04 1.358E-04 1.369E+03 8.744E-01 4.431E+01 2.000E+00
7.018E+06 6.333E+02 1.649E+00 1.040E-04 2.438E-04 1.448E+03 8.757E-01 4.432E+01 2.000E+00
6.568E+06 6.232E+02 1.658E+00 1.040E-04 4.417E-04 1.459E+03 8.782E-01 4.432E+01 2.000E+00
3.523E+08 9.867E+02 1.409E+00 1.040E-04 8.044E-04 1.220E+03 8.827E-01 4.433E+01 2.000E+00
5.343E+07 9.483E+02 1.431E+00 1.040E-04 1.469E-03 1.236E+03 8.879E-01 4.434E+01 2.000E+00
4.456E+07 7.571E+02 1.555E+00 1.040E-04 2.688E-03 1.341E+03 8.971E-01 4.437E+01 2.000E+00
1.577E+06 4.133E+02 1.876E+00 1.040E-04 4.922E-03 1.850E+03 9.138E-01 4.442E+01 2.000E+00
3.583E+08 8.108E+02 1.515E+00 1.315E-04 6.280E-06 1.304E+03 8.729E-01 4.431E+01 2.000E+00
1.148E+07 7.304E+02 1.571E+00 1.315E-04 6.321E-06 1.362E+03 8.729E-01 4.431E+01 2.000E+00
1.489E+07 7.304E+02 1.571E+00 1.315E-04 6.396E-06 1.359E+03 8.729E-01 4.431E+01 2.000E+00
3.349E+07 7.304E+02 1.571E+00 1.315E-04 6.534E-06 1.359E+03 8.729E-01 4.431E+01 2.000E+00
1.200E+07 9.759E+02 1.414E+00 1.315E-04 6.786E-06 1.223E+03 8.729E-01 4.431E+01 2.000E+00
1.339E+07 9.759E+02 1.414E+00 1.315E-04 7.248E-06 1.223E+03 8.729E-01 4.431E+01 2.000E+00
1.518E+07 5.233E+02 1.749E+00 1.315E-04 8.095E-06 1.612E+03 8.729E-01 4.431E+01 2.000E+00
4.851E+06 7.536E+02 1.554E+00 1.315E-04 9.648E-06 1.341E+03 8.729E-01 4.431E+01 2.000E+00
4.373E+06 6.155E+02 1.664E+00 1.315E-04 1.249E-05 1.468E+03 8.730E-01 4.431E+01 2.000E+00
6.833E+06 5.935E+02 1.683E+00 1.315E-04 1.771E-05 1.495E+03 8.730E-01 4.431E+01 2.000E+00
1.951E+06 6.738E+02 1.615E+00 1.315E-04 2.728E-05 1.407E+03 8.731E-01 4.431E+01 2.000E+00
4.107E+07 7.668E+02 1.545E+00 1.315E-04 4.480E-05 1.334E+03 8.734E-01 4.431E+01 2.000E+00
9.181E+06 3.735E+02 1.911E+00 1.315E-04 7.694E-05 2.039E+03 8.738E-01 4.431E+01 2.000E+00
7.082E+06 7.165E+02 1.582E+00 1.315E-04 1.358E-04 1.370E+03 8.745E-01 4.431E+01 2.000E+00
1.657E+07 6.333E+02 1.649E+00 1.315E-04 2.438E-04 1.448E+03 8.758E-01 4.432E+01 2.000E+00
1.488E+07 6.232E+02 1.658E+00 1.315E-04 4.417E-04 1.459E+03 8.783E-01 4.432E+01 2.000E+00
6.132E+06 9.041E+02 1.456E+00 1.315E-04 8.044E-04 1.255E+03 8.828E-01 4.433E+01 2.000E+00
9.866E+07 9.483E+02 1.431E+00 1.315E-04 1.469E-03 1.236E+03 8.880E-01 4.434E+01 2.000E+00
2.075E+07 8.730E+02 1.477E+00 1.315E-04 2.688E-03 1.272E+03 8.972E-01 4.437E+01 2.000E+00
2.022E+06 4.133E+02 1.876E+00 1.315E-04 4.922E-03 1.850E+03 9.139E-01 4.442E+01 2.000E+00
3.533E+07 7.304E+02 1.571E+00 1.663E-04 6.280E-06 1.359E+03 8.730E-01 4.431E+01 2.000E+00
5.875E+07 7.304E+02 1.571E+00 1.663E-04 6.321E-06 1.359E+03 8.730E-01 4.431E+01 2.000E+00
1.914E+07 4.412E+02 1.834E+00 1.663E-04 6.396E-06 1.786E+03 8.730E-01 4.431E+01 2.000E+00
1.199E+07 9.759E+02 1.414E+00 1.663E-04 6.534E-06 1.223E+03 8.730E-01 4.431E+01 2.000E+00
1.271E+07 9.759E+02 1.414E+00 1.663E-04 6.786E-06 1.223E+03 8.730E-01 4.431E+01 2.000E+00
1.428E+07 9.759E+02 1.414E+00 1.663E-04 7.248E-06 1.223E+03 8.730E-01 4.431E+01 2.000E+00
1.855E+07 9.759E+02 1.414E+00 1.663E-04 8.095E-06 1.223E+03 8.730E-01 4.431E+01 2.000E+00
6.716E+06 7.536E+02 1.554E+00 1.663E-04 9.648E-06 1.341E+03 8.730E-01 4.431E+01 2.000E+00
8.246E+06 6.155E+02 1.664E+00 1.663E-04 1.249E-05 1.468E+03 8.731E-01 4.431E+01 2.000E+00
4.100E+07 5.935E+02 1.683E+00 1.663E-04 1.771E-05 1.495E+03 8.731E-01 4.431E+01 2.000E+00
2.261E+06 6.738E+02 1.615E+00 1.663E-04 2.728E-05 1.407E+03 8.732E-01 4.431E+01 2.000E+00
4.688E+07 7.497E+02 1.557E+00 1.663E-04 4.480E-05 1.344E+03 8.735E-01 4.431E+01 2.000E+00
4.276E+06 9.019E+02 1.457E+00 1.663E-04 7.694E-05 1.255E+03 8.739E-01 4.431E+01 2.000E+00
1.454E+07 7.165E+02 1.582E+00 1.663E-04 1.358E-04 1.370E+03 8.746E-01 4.431E+01 2.000E+00
8.360E+06 3.186E+02 1.977E+00 1.663E-04 2.438E-04 2.403E+03 8.759E-01 4.432E+01 2.000E+00
3.076E+06 2.682E+02 2.037E+00 1.663E-04 4.417E-04 3.082E+03 8.784E-01 4.432E+01 2.000E+00
2.164E+07 9.838E+02 1.411E+00 1.663E-04 8.044E-04 1.221E+03 8.829E-01 4.433E+01 2.000E+00
1.928E+07 7.784E+02 1.538E+00 1.663E-04 1.469E-03 1.325E+03 8.881E-01 4.434E+01 2.000E+00
4.987E+07 8.730E+02 1.477E+00 1.663E-04 2.688E-03 1.275E+03 8.972E-01 4.437E+01 2.000E+00
8.166E+06 4.180E+02 1.871E+00 1.663E-04 4.922E-03 1.834E+03 9.140E-01 4.442E+01 2.000E+00
1.216E+07 9.759E+02 1.414E+00 2.104E-04 6.280E-06 1.224E+03 8.731E-01 4.431E+01 2.000E+00
1.227E+07 9.759E+02 1.414E+00 2.104E-04 6.321E-06 1.223E+03 8.731E-01 4.431E+01 2.000E+00
1.249E+07 9.759E+02 1.414E+00 2.104E-04 6.396E-06 1.223E+03 8.731E-01 4.431E+01 2.000E+00
4.655E+06 5.328E+02 1.739E+00 2.104E-04 6.534E-06 1.585E+03 8.731E-01 4.431E+01 2.000E+00
1.374E+07 9.759E+02 1.414E+00 2.104E-04 6.786E-06 1.223E+03 8.731E-01 4.431E+01 2.000E+00
1.561E+07 9.759E+02 1.414E+00 2.104E-04 7.248E-06 1.223E+03 8.731E-01 4.431E+01 2.000E+00
5.005E+07 9.980E+02 1.402E+00 2.104E-04 8.095E-06 1.214E+03 8.731E-01 4.431E+01 2.000E+00
2.510E+06 3.013E+02 1.997E+00 2.104E-04 9.648E-06 2.577E+03 8.732E-01 4.431E+01 2.000E+00
1.324E+07 6.490E+02 1.635E+00 2.104E-04 1.249E-05 1.431E+03 8.732E-01 4.431E+01 2.000E+00
1.673E+07 5.993E+02 1.678E+00 2.104E-04 1.771E-05 1.488E+03 8.733E-01 4.431E+01 2.000E+00
2.867E+06 6.738E+02 1.615E+00 2.104E-04 2.728E-05 1.412E+03 8.734E-01 4.431E+01 2.000E+00
9.404E+06 9.120E+02 1.451E+00 2.104E-04 4.480E-05 1.251E+03 8.736E-01 4.431E+01 2.000E+00
2.426E+07 2.891E+02 2.011E+00 2.104E-04 7.694E-05 2.731E+03 8.740E-01 4.431E+01 2.000E+00
1.841E+07 7.294E+02 1.572E+00 2.104E-04 1.358E-04 1.359E+03 8.747E-01 4.431E+01 2.000E+00
1.683E+06 2.949E+02 2.005E+00 2.104E-04 2.438E-04 2.649E+03 8.761E-01 4.432E+01 2.000E+00
6.946E+06 9.228E+02 1.445E+00 2.104E-04 4.417E-04 1.246E+03 8.785E-01 4.432E+01 2.000E+00
2.372E+07 9.838E+02 1.411E+00 2.104E-04 8.044E-04 1.221E+03 8.830E-01 4.433E+01 2.000E+00
6.541E+06 8.863E+02 1.468E+00 2.104E-04 1.469E-03 1.264E+03 8.882E-01 4.434E+01 2.000E+00
8.801E+06 3.521E+02 1.943E+00 2.104E-04 2.688E-03 2.130E+03 8.974E-01 4.437E+01 2.000E+00
1.774E+07 4.133E+02 1.876E+00 2.104E-04 4.922E-03 1.850E+03 9.141E-01 4.442E+01 2.000E+00
1.337E+07 9.759E+02 1.414E+00 2.661E-04 6.280E-06 1.223E+03 8.733E-01 4.431E+01 2.000E+00
1.350E+07 9.759E+02 1.414E+00 2.661E-04 6.321E-06 1.223E+03 8.733E-01 4.431E+01 2.000E+00
1.377E+07 9.759E+02 1.414E+00 2.661E-04 6.396E-06 1.223E+03 8.733E-01 4.431E+01 2.000E+00
4.574E+07 9.980E+02 1.402E+00 2.661E-04 6.534E-06 1.214E+03 8.733E-01 4.431E+01 2.000E+00
5.721E+05 2.642E+02 2.040E+00 2.661E-04 6.786E-06 3.190E+03 8.733E-01 4.431E+01 2.000E+00
1.770E+07 9.759E+02 1.414E+00 2.661E-04 7.248E-06 1.223E+03 8.733E-01 4.431E+01 2.000E+00
2.490E+07 9.759E+02 1.414E+00 2.661E-04 8.095E-06 1.223E+03 8.733E-01 4.431E+01 2.000E+00
5.909E+08 3.013E+02 1.997E+00 2.661E-04 9.648E-06 2.577E+03 8.733E-01 4.431E+01 2.000E+00
3.943E+06 7.530E+02 1.555E+00 2.661E-04 1.249E-05 1.343E+03 8.734E-01 4.431E+01 2.000E+00
8.010E+06 9.570E+02 1.425E+00 2.661E-04 1.771E-05 1.231E+03 8.734E-01 4.431E+01 2.000E+00
4.623E+06 6.576E+02 1.628E+00 2.661E-04 2.728E-05 1.422E+03 8.736E-01 4.431E+01 2.000E+00
1.289E+07 9.120E+02 1.451E+00 2.661E-04 4.480E-05 1.250E+03 8.738E-01 4.431E+01 2.000E+00
5.617E+06 8.884E+02 1.465E+00 2.661E-04 7.694E-05 1.262E+03 8.742E-01 4.431E+01 2.000E+00
1.066E+07 6.146E+02 1.665E+00 2.661E-04 1.358E-04 1.469E+03 8.749E-01 4.431E+01 2.000E+00
4.652E+06 2.949E+02 2.005E+00 2.661E-04 2.438E-04 2.649E+03 8.762E-01 4.432E+01 2.000E+00
8.332E+06 9.228E+02 1.445E+00 2.661E-04 4.417E-04 1.247E+03 8.787E-01 4.432E+01 2.000E+00
4.421E+06 6.155E+02 1.665E+00 2.661E-04 8.044E-04 1.467E+03 8.832E-01 4.433E+01 2.000E+00
8.335E+06 8.863E+02 1.468E+00 2.661E-04 1.469E-03 1.265E+03 8.884E-01 4.434E+01 2.000E+00
3.210E+06 6.288E+02 1.656E+00 2.661E-04 2.688E-03 1.451E+03 8.975E-01 4.437E+01 2.000E+00
2.243E+07 4.093E+02 1.881E+00 2.661E-04 4.922E-03 1.864E+03 9.142E-01 4.442E+01 2.000E+00
1.530E+07 9.759E+02 1.414E+00 3.366E-04 6.280E-06 1.223E+03 8.735E-01 4.431E+01 2.000E+00
1.549E+07 9.759E+02 1.414E+00 3.366E-04 6.321E-06 1.223E+03 8.735E-01 4.431E+01 2.000E+00
1.584E+07 9.759E+02 1.414E+00 3.366E-04 6.396E-06 1.223E+03 8.735E-01 4.431E+01 2.000E+00
1.652E+07 9.759E+02 1.414E+00 3.366E-04 6.534E-06 1.223E+03 8.735E-01 4.431E+01 2.000E+00
1.795E+07 9.759E+02 1.414E+00 3.366E-04 6.786E-06 1.223E+03 8.735E-01 4.431E+01 2.000E+00
2.135E+07 9.759E+02 1.414E+00 3.366E-04 7.248E-06 1.223E+03 8.735E-01 4.431E+01 2.000E+00
4.683E+06 7.536E+02 1.554E+00 3.366E-04 8.095E-06 1.341E+03 8.735E-01 4.431E+01 2.000E+00
1.524E+07 6.621E+02 1.624E+00 3.366E-04 9.648E-06 1.418E+03 8.736E-01 4.431E+01 2.000E+00
7.196E+06 7.530E+02 1.555E+00 3.366E-04 1.249E-05 1.342E+03 8.736E-01 4.431E+01 2.000E+00
9.228E+06 9.570E+02 1.425E+00 3.366E-04 1.771E-05 1.230E+03 8.737E-01 4.431E+01 2.000E+00
3.604E+07 6.576E+02 1.628E+00 3.366E-04 2.728E-05 1.423E+03 8.738E-01 4.431E+01 2.000E+00
2.496E+07 9.120E+02 1.451E+00 3.366E-04 4.480E-05 1.251E+03 8.740E-01 4.431E+01 2.000E+00
1.777E+07 3.247E+02 1.969E+00 3.366E-04 7.694E-05 2.348E+03 8.744E-01 4.431E+01 2.000E+00
4.950E+06 3.543E+02 1.934E+00 3.366E-04 1.358E-04 2.142E+03 8.751E-01 4.431E+01 2.000E+00
5.917E+06 7.651E+02 1.546E+00 3.366E-04 2.438E-04 1.333E+03 8.765E-01 4.432E+01 2.000E+00
8.140E+06 5.331E+02 1.740E+00 3.366E-04 4.417E-04 1.583E+03 8.789E-01 4.432E+01 2.000E+00
3.340E+08 6.155E+02 1.665E+00 3.366E-04 8.044E-04 1.468E+03 8.834E-01 4.433E+01 2.000E+00
1.383E+07 8.863E+02 1.468E+00 3.366E-04 1.469E-03 1.264E+03 8.885E-01 4.434E+01 2.000E+00
8.920E+06 6.288E+02 1.656E+00 3.366E-04 2.688E-03 1.452E+03 8.977E-01 4.437E+01 2.000E+00
2.722E+06 9.568E+02 1.429E+00 3.366E-04 4.922E-03 1.236E+03 9.144E-01 4.442E+01 2.000E+00
1.879E+07 9.759E+02 1.414E+00 4.257E-04 6.280E-06 1.229E+03 8.738E-01 4.431E+01 2.000E+00
1.907E+07 9.759E+02 1.414E+00 4.257E-04 6.321E-06 1.223E+03 8.738E-01 4.431E+01 2.000E+00
1.961E+07 9.759E+02 1.414E+00 4.257E-04 6.396E-06 1.223E+03 8.738E-01 4.431E+01 2.000E+00
2.069E+07 9.759E+02 1.414E+00 4.257E-04 6.534E-06 1.223E+03 8.738E-01 4.431E+01 2.000E+00
2.301E+07 9.759E+02 1.414E+00 4.257E-04 6.786E-06 1.223E+03 8.738E-01 4.431E+01 2.000E+00
3.946E+06 7.536E+02 1.554E+00 4.257E-04 7.248E-06 1.341E+03 8.738E-01 4.431E+01 2.000E+00
1.208E+07 3.013E+02 1.997E+00 4.257E-04 8.095E-06 2.585E+03 8.738E-01 4.431E+01 2.000E+00
2.238E+06 6.155E+02 1.664E+00 4.257E-04 9.648E-06 1.468E+03 8.738E-01 4.431E+01 2.000E+00
1.163E+07 7.330E+02 1.569E+00 4.257E-04 1.249E-05 1.357E+03 8.739E-01 4.431E+01 2.000E+00
1.148E+07 9.570E+02 1.425E+00 4.257E-04 1.771E-05 1.231E+03 8.739E-01 4.431E+01 2.000E+00
2.143E+06 9.853E+02 1.409E+00 4.257E-04 2.728E-05 1.220E+03 8.741E-01 4.431E+01 2.000E+00
4.426E+06 3.785E+02 1.905E+00 4.257E-04 4.480E-05 2.016E+03 8.743E-01 4.431E+01 2.000E+00
1.351E+07 8.884E+02 1.465E+00 4.257E-04 7.694E-05 1.261E+03 8.747E-01 4.431E+01 2.000E+00
2.082E+06 3.962E+02 1.884E+00 4.257E-04 1.358E-04 1.939E+03 8.754E-01 4.431E+01 2.000E+00
3.505E+06 3.340E+02 1.958E+00 4.257E-04 2.438E-04 2.274E+03 8.767E-01 4.432E+01 2.000E+00
2.073E+07 9.228E+02 1.445E+00 4.257E-04 4.417E-04 1.246E+03 8.792E-01 4.432E+01 2.000E+00
3.706E+06 6.098E+02 1.670E+00 4.257E-04 8.044E-04 1.474E+03 8.837E-01 4.433E+01 2.000E+00
4.308E+06 6.657E+02 1.623E+00 4.257E-04 1.469E-03 1.414E+03 8.888E-01 4.434E+01 2.000E+00
1.765E+07 8.357E+02 1.501E+00 4.257E-04 2.688E-03 1.291E+03 8.979E-01 4.437E+01 2.000E+00
2.840E+06 9.568E+02 1.429E+00 4.257E-04 4.922E-03 1.236E+03 9.146E-01 4.442E+01 2.000E+00
4.326E+06 3.015E+02 1.996E+00 5.385E-04 6.280E-06 2.575E+03 8.741E-01 4.431E+01 2.000E+00
5.021E+06 3.015E+02 1.996E+00 5.385E-04 6.321E-06 2.576E+03 8.741E-01 4.431E+01 2.000E+00
7.152E+06 3.015E+02 1.996E+00 5.385E-04 6.396E-06 2.575E+03 8.741E-01 4.431E+01 2.000E+00
3.506E+07 3.015E+02 1.996E+00 5.385E-04 6.534E-06 2.580E+03 8.741E-01 4.431E+01 2.000E+00
3.287E+06 3.013E+02 1.997E+00 5.385E-04 6.786E-06 2.578E+03 8.742E-01 4.431E+01 2.000E+00
2.515E+06 3.011E+02 1.997E+00 5.385E-04 7.248E-06 2.580E+03 8.742E-01 4.431E+01 2.000E+00
1.379E+07 6.265E+02 1.654E+00 5.385E-04 8.095E-06 1.455E+03 8.742E-01 4.431E+01 2.000E+00
8.446E+06 6.155E+02 1.664E+00 5.385E-04 9.648E-06 1.468E+03 8.742E-01 4.431E+01 2.000E+00
1.222E+07 5.435E+02 1.729E+00 5.385E-04 1.249E-05 1.571E+03 8.742E-01 4.431E+01 2.000E+00
2.134E+06 8.044E+02 1.519E+00 5.385E-04 1.771E-05 1.308E+03 8.743E-01 4.431E+01 2.000E+00
2.169E+06 9.853E+02 1.409E+00 5.385E-04 2.728E-05 1.224E+03 8.744E-01 4.431E+01 2.000E+00
1.705E+07 4.156E+02 1.862E+00 5.385E-04 4.480E-05 1.867E+03 8.746E-01 4.431E+01 2.000E+00
5.791E+06 7.022E+02 1.593E+00 5.385E-04 7.694E-05 1.460E+03 8.750E-01 4.431E+01 2.000E+00
3.037E+07 3.906E+02 1.891E+00 5.385E-04 1.358E-04 1.962E+03 8.758E-01 4.431E+01 2.000E+00
2.776E+06 7.430E+02 1.562E+00 5.385E-04 2.438E-04 1.349E+03 8.771E-01 4.432E+01 2.000E+00
1.917E+07 4.874E+02 1.786E+00 5.385E-04 4.417E-04 1.671E+03 8.796E-01 4.432E+01 2.000E+00
3.848E+06 6.150E+02 1.665E+00 5.385E-04 8.044E-04 1.468E+03 8.841E-01 4.433E+01 2.000E+00
2.394E+08 6.483E+02 1.638E+00 5.385E-04 1.469E-03 1.431E+03 8.890E-01 4.434E+01 2.000E+00
2.848E+07 8.636E+02 1.483E+00 5.385E-04 2.688E-03 1.276E+03 8.982E-01 4.437E+01 2.000E+00
8.491E+05 4.478E+02 1.837E+00 5.385E-04 4.922E-03 1.750E+03 9.149E-01 4.442E+01 2.000E+00
6.987E+06 3.011E+02 1.997E+00 6.811E-04 6.280E-06 2.579E+03 8.746E-01 4.431E+01 2.000E+00
9.058E+06 3.011E+02 1.997E+00 6.811E-04 6.321E-06 2.579E+03 8.746E-01 4.431E+01 2.000E+00
2.014E+07 3.011E+02 1.997E+00 6.811E-04 6.396E-06 2.579E+03 8.746E-01 4.431E+01 2.000E+00
4.195E+06 6.621E+02 1.624E+00 6.811E-04 6.534E-06 1.420E+03 8.746E-01 4.431E+01 2.000E+00
6.463E+06 6.621E+02 1.624E+00 6.811E-04 6.786E-06 1.418E+03 8.746E-01 4.431E+01 2.000E+00
6.589E+06 6.313E+02 1.650E+00 6.811E-04 7.248E-06 1.459E+03 8.746E-01 4.431E+01 2.000E+00
3.334E+06 6.155E+02 1.664E+00 6.811E-04 8.095E-06 1.468E+03 8.746E-01 4.431E+01 2.000E+00
4.884E+06 7.530E+02 1.555E+00 6.811E-04 9.648E-06 1.342E+03 8.746E-01 4.431E+01 2.000E+00
6.737E+07 4.676E+02 1.805E+00 6.811E-04 1.249E-05 1.717E+03 8.747E-01 4.431E+01 2.000E+00
1.534E+06 3.366E+02 1.954E+00 6.811E-04 1.771E-05 2.258E+03 8.747E-01 4.431E+01 2.000E+00
2.205E+06 9.853E+02 1.409E+00 6.811E-04 2.728E-05 1.219E+03 8.748E-01 4.431E+01 2.000E+00
1.613E+07 3.434E+02 1.946E+00 6.811E-04 4.480E-05 2.215E+03 8.751E-01 4.431E+01 2.000E+00
1.143E+07 7.750E+02 1.539E+00 6.811E-04 7.694E-05 1.327E+03 8.755E-01 4.431E+01 2.000E+00
5.423E+06 4.218E+02 1.855E+00 6.811E-04 1.358E-04 1.846E+03 8.762E-01 4.431E+01 2.000E+00
8.087E+06 7.430E+02 1.562E+00 6.811E-04 2.438E-04 1.349E+03 8.775E-01 4.432E+01 2.000E+00
4.079E+06 9.287E+02 1.441E+00 6.811E-04 4.417E-04 1.243E+03 8.800E-01 4.432E+01 2.000E+00
1.393E+06 6.145E+02 1.666E+00 6.811E-04 8.044E-04 1.469E+03 8.844E-01 4.433E+01 2.000E+00
4.783E+06 4.328E+02 1.846E+00 6.811E-04 1.469E-03 1.805E+03 8.894E-01 4.434E+01 2.000E+00
4.758E+06 8.598E+02 1.485E+00 6.811E-04 2.688E-03 1.278E+03 8.985E-01 4.437E+01 2.000E+00
5.170E+06 3.149E+02 1.996E+00 6.811E-04 4.922E-03 2.358E+03 9.153E-01 4.442E+01 2.000E+00
2.192E+06 6.155E+02 1.664E+00 8.615E-04 6.280E-06 1.468E+03 8.751E-01 4.431E+01 2.000E+00
2.263E+06 6.155E+02 1.664E+00 8.615E-04 6.321E-06 1.468E+03 8.751E-01 4.431E+01 2.000E+00
2.407E+06 6.155E+02 1.664E+00 8.615E-04 6.396E-06 1.468E+03 8.751E-01 4.431E+01 2.000E+00
2.732E+06 6.155E+02 1.664E+00 8.615E-04 6.534E-06 1.468E+03 8.752E-01 4.431E+01 2.000E+00
3.677E+06 6.155E+02 1.664E+00 8.615E-04 6.786E-06 1.468E+03 8.752E-01 4.431E+01 2.000E+00
1.157E+07 6.155E+02 1.664E+00 8.615E-04 7.248E-06 1.468E+03 8.752E-01 4.431E+01 2.000E+00
3.979E+06 7.530E+02 1.555E+00 8.615E-04 8.095E-06 1.343E+03 8.752E-01 4.431E+01 2.000E+00
7.802E+06 5.444E+02 1.728E+00 8.615E-04 9.648E-06 1.566E+03 8.752E-01 4.431E+01 2.000E+00
6.751E+06 5.993E+02 1.678E+00 8.615E-04 1.249E-05 1.488E+03 8.752E-01 4.431E+01 2.000E+00
9.078E+06 8.044E+02 1.519E+00 8.615E-04 1.771E-05 1.308E+03 8.753E-01 4.431E+01 2.000E+00
1.425E+07 4.031E+02 1.876E+00 8.615E-04 2.728E-05 1.912E+03 8.754E-01 4.431E+01 2.000E+00
3.864E+06 9.662E+02 1.420E+00 8.615E-04 4.480E-05 1.227E+03 8.756E-01 4.431E+01 2.000E+00
9.757E+06 7.827E+02 1.534E+00 8.615E-04 7.694E-05 1.322E+03 8.760E-01 4.431E+01 2.000E+00
2.403E+06 6.319E+02 1.650E+00 8.615E-04 1.358E-04 1.449E+03 8.768E-01 4.431E+01 2.000E+00
5.260E+06 3.245E+02 1.970E+00 8.615E-04 2.438E-04 2.347E+03 8.781E-01 4.432E+01 2.000E+00
7.388E+06 5.522E+02 1.722E+00 8.615E-04 4.417E-04 1.553E+03 8.806E-01 4.432E+01 2.000E+00
4.051E+06 6.145E+02 1.666E+00 8.615E-04 8.044E-04 1.469E+03 8.849E-01 4.433E+01 2.000E+00
2.645E+07 8.775E+02 1.473E+00 8.615E-04 1.469E-03 1.269E+03 8.898E-01 4.434E+01 2.000E+00
3.295E+06 5.722E+02 1.706E+00 8.615E-04 2.688E-03 1.521E+03 8.990E-01 4.437E+01 2.000E+00
1.179E+07 7.287E+02 1.578E+00 8.615E-04 4.922E-03 1.361E+03 9.157E-01 4.442E+01 2.000E+00
3.604E+06 7.530E+02 1.555E+00 1.090E-03 6.280E-06 1.342E+03 8.759E-01 4.431E+01 2.000E+00
3.718E+06 7.530E+02 1.555E+00 1.090E-03 6.321E-06 1.342E+03 8.759E-01 4.431E+01 2.000E+00
3.950E+06 7.530E+02 1.555E+00 1.090E-03 6.396E-06 1.342E+03 8.759E-01 4.431E+01 2.000E+00
4.467E+06 7.530E+02 1.555E+00 1.090E-03 6.534E-06 1.342E+03 8.759E-01 4.431E+01 2.000E+00
5.936E+06 7.530E+02 1.555E+00 1.090E-03 6.786E-06 1.342E+03 8.759E-01 4.431E+01 2.000E+00
1.638E+07 7.530E+02 1.555E+00 1.090E-03 7.248E-06 1.437E+03 8.759E-01 4.431E+01 2.000E+00
1.132E+09 5.444E+02 1.728E+00 1.090E-03 8.095E-06 1.566E+03 8.759E-01 4.431E+01 2.000E+00
9.522E+06 7.301E+02 1.572E+00 1.090E-03 9.648E-06 1.359E+03 8.759E-01 4.431E+01 2.000E+00
9.736E+06 9.570E+02 1.425E+00 1.090E-03 1.249E-05 1.231E+03 8.759E-01 4.431E+01 2.000E+00
3.756E+06 7.899E+02 1.529E+00 1.090E-03 1.771E-05 1.317E+03 8.760E-01 4.431E+01 2.000E+00
4.143E+06 5.740E+02 1.701E+00 1.090E-03 2.728E-05 1.521E+03 8.761E-01 4.431E+01 2.000E+00
4.494E+06 9.662E+02 1.420E+00 1.090E-03 4.480E-05 1.227E+03 8.763E-01 4.431E+01 2.000E+00
4.020E+06 8.937E+02 1.462E+00 1.090E-03 7.694E-05 1.297E+03 8.767E-01 4.431E+01 2.000E+00
3.342E+06 7.811E+02 1.535E+00 1.090E-03 1.358E-04 1.323E+03 8.775E-01 4.431E+01 2.000E+00
5.696E+06 6.105E+02 1.668E+00 1.090E-03 2.438E-04 1.474E+03 8.788E-01 4.432E+01 2.000E+00
4.402E+07 7.018E+02 1.594E+00 1.090E-03 4.417E-04 1.382E+03 8.813E-01 4.432E+01 2.000E+00
1.664E+06 5.009E+02 1.772E+00 1.090E-03 8.044E-04 1.642E+03 8.854E-01 4.433E+01 2.000E+00
3.464E+07 8.761E+02 1.474E+00 1.090E-03 1.469E-03 1.269E+03 8.904E-01 4.434E+01 2.000E+00
3.204E+06 7.087E+02 1.591E+00 1.090E-03 2.688E-03 1.377E+03 8.996E-01 4.437E+01 2.000E+00
3.337E+06 7.511E+02 1.561E+00 1.090E-03 4.922E-03 1.346E+03 9.163E-01 4.442E+01 2.000E+00
1.186E+07 5.453E+02 1.727E+00 1.378E-03 6.280E-06 1.564E+03 8.768E-01 4.431E+01 2.000E+00
1.597E+07 5.453E+02 1.727E+00 1.378E-03 6.321E-06 1.565E+03 8.768E-01 4.431E+01 2.000E+00
4.485E+07 5.453E+02 1.727E+00 1.378E-03 6.396E-06 1.564E+03 8.768E-01 4.431E+01 2.000E+00
4.724E+06 4.676E+02 1.805E+00 1.378E-03 6.534E-06 1.717E+03 8.768E-01 4.431E+01 2.000E+00
1.957E+07 4.676E+02 1.805E+00 1.378E-03 6.786E-06 1.717E+03 8.768E-01 4.431E+01 2.000E+00
2.120E+07 5.379E+02 1.734E+00 1.378E-03 7.248E-06 1.576E+03 8.768E-01 4.431E+01 2.000E+00
6.995E+06 5.935E+02 1.683E+00 1.378E-03 8.095E-06 1.497E+03 8.768E-01 4.431E+01 2.000E+00
7.805E+06 9.570E+02 1.425E+00 1.378E-03 9.648E-06 1.231E+03 8.768E-01 4.431E+01 2.000E+00
2.953E+06 8.044E+02 1.519E+00 1.378E-03 1.249E-05 1.308E+03 8.768E-01 4.431E+01 2.000E+00
1.813E+06 6.738E+02 1.615E+00 1.378E-03 1.771E-05 1.407E+03 8.769E-01 4.431E+01 2.000E+00
1.582E+07 6.909E+02 1.602E+00 1.378E-03 2.728E-05 1.393E+03 8.770E-01 4.431E+01 2.000E+00
4.689E+07 4.310E+02 1.845E+00 1.378E-03 4.480E-05 1.817E+03 8.772E-01 4.431E+01 2.000E+00
1.989E+07 3.376E+02 1.953E+00 1.378E-03 7.694E-05 2.250E+03 8.776E-01 4.431E+01 2.000E+00
2.936E+06 3.148E+02 1.981E+00 1.378E-03 1.358E-04 2.435E+03 8.784E-01 4.431E+01 2.000E+00
1.275E+07 5.206E+02 1.752E+00 1.378E-03 2.438E-04 1.607E+03 8.797E-01 4.432E+01 2.000E+00
5.308E+08 6.516E+02 1.634E+00 1.378E-03 4.417E-04 1.429E+03 8.822E-01 4.432E+01 2.000E+00
1.884E+08 4.163E+02 1.863E+00 1.378E-03 8.044E-04 1.881E+03 8.861E-01 4.433E+01 2.000E+00
2.947E+07 7.991E+02 1.524E+00 1.378E-03 1.469E-03 1.312E+03 8.911E-01 4.434E+01 2.000E+00
4.075E+06 8.441E+02 1.495E+00 1.378E-03 2.688E-03 1.287E+03 9.003E-01 4.437E+01 2.000E+00
5.747E+06 4.869E+02 1.795E+00 1.378E-03 4.922E-03 1.660E+03 9.170E-01 4.442E+01 2.000E+00
6.566E+06 9.570E+02 1.425E+00 1.743E-03 6.280E-06 1.231E+03 8.779E-01 4.431E+01 2.000E+00
6.622E+06 9.570E+02 1.425E+00 1.743E-03 6.321E-06 1.231E+03 8.779E-01 4.431E+01 2.000E+00
6.728E+06 9.570E+02 1.425E+00 1.743E-03 6.396E-06 1.231E+03 8.779E-01 4.431E+01 2.000E+00
6.931E+06 9.570E+02 1.425E+00 1.743E-03 6.534E-06 1.231E+03 8.779E-01 4.431E+01 2.000E+00
7.339E+06 9.570E+02 1.425E+00 1.743E-03 6.786E-06 1.231E+03 8.779E-01 4.431E+01 2.000E+00
1.972E+08 6.792E+02 1.611E+00 1.743E-03 7.248E-06 1.403E+03 8.779E-01 4.431E+01 2.000E+00
2.978E+06 3.604E+02 1.926E+00 1.743E-03 8.095E-06 2.108E+03 8.779E-01 4.431E+01 2.000E+00
2.753E+06 8.044E+02 1.519E+00 1.743E-03 9.648E-06 1.308E+03 8.779E-01 4.431E+01 2.000E+00
2.420E+07 7.946E+02 1.526E+00 1.743E-03 1.249E-05 1.314E+03 8.780E-01 4.431E+01 2.000E+00
2.004E+07 9.685E+02 1.418E+00 1.743E-03 1.771E-05 1.226E+03 8.780E-01 4.431E+01 2.000E+00
3.808E+06 4.477E+02 1.827E+00 1.743E-03 2.728E-05 1.769E+03 8.781E-01 4.431E+01 2.000E+00
9.098E+06 9.662E+02 1.420E+00 1.743E-03 4.480E-05 1.227E+03 8.784E-01 4.431E+01 2.000E+00
6.465E+06 4.675E+02 1.806E+00 1.743E-03 7.694E-05 1.719E+03 8.788E-01 4.431E+01 2.000E+00
1.317E+07 2.950E+02 2.005E+00 1.743E-03 1.358E-04 2.651E+03 8.795E-01 4.431E+01 2.000E+00
4.636E+06 5.143E+02 1.758E+00 1.743E-03 2.438E-04 1.617E+03 8.808E-01 4.432E+01 2.000E+00
2.065E+07 9.395E+02 1.435E+00 1.743E-03 4.417E-04 1.239E+03 8.833E-01 4.432E+01 2.000E+00
2.754E+07 7.028E+02 1.593E+00 1.743E-03 8.044E-04 1.381E+03 8.871E-01 4.433E+01 2.000E+00
6.832E+06 8.322E+02 1.502E+00 1.743E-03 1.469E-03 1.293E+03 8.920E-01 4.434E+01 2.000E+00
2.715E+07 8.414E+02 1.497E+00 1.743E-03 2.688E-03 1.289E+03 9.012E-01 4.437E+01 2.000E+00
2.131E+07 2.964E+02 2.020E+00 1.743E-03 4.922E-03 2.532E+03 9.179E-01 4.442E+01 2.000E+00
2.772E+06 8.044E+02 1.519E+00 2.205E-03 6.280E-06 1.308E+03 8.793E-01 4.431E+01 2.000E+00
2.818E+06 8.044E+02 1.519E+00 2.205E-03 6.321E-06 1.308E+03 8.793E-01 4.431E+01 2.000E+00
2.908E+06 8.044E+02 1.519E+00 2.205E-03 6.396E-06 1.308E+03 8.793E-01 4.431E+01 2.000E+00
3.089E+06 8.044E+02 1.519E+00 2.205E-03 6.534E-06 1.308E+03 8.793E-01 4.431E+01 2.000E+00
3.498E+06 8.044E+02 1.519E+00 2.205E-03 6.786E-06 1.308E+03 8.793E-01 4.431E+01 2.000E+00
4.690E+06 8.044E+02 1.519E+00 2.205E-03 7.248E-06 1.310E+03 8.793E-01 4.431E+01 2.000E+00
1.462E+07 8.044E+02 1.519E+00 2.205E-03 8.095E-06 1.308E+03 8.793E-01 4.431E+01 2.000E+00
4.119E+06 7.899E+02 1.529E+00 2.205E-03 9.648E-06 1.320E+03 8.794E-01 4.431E+01 2.000E+00
4.063E+06 6.576E+02 1.628E+00 2.205E-03 1.249E-05 1.423E+03 8.794E-01 4.431E+01 2.000E+00
2.254E+06 9.853E+02 1.409E+00 2.205E-03 1.771E-05 1.220E+03 8.795E-01 4.431E+01 2.000E+00
6.262E+07 7.115E+02 1.586E+00 2.205E-03 2.728E-05 1.374E+03 8.796E-01 4.431E+01 2.000E+00
4.639E+07 9.662E+02 1.420E+00 2.205E-03 4.480E-05 1.228E+03 8.798E-01 4.431E+01 2.000E+00
3.783E+06 6.840E+02 1.607E+00 2.205E-03 7.694E-05 1.398E+03 8.802E-01 4.431E+01 2.000E+00
3.194E+06 9.325E+02 1.439E+00 2.205E-03 1.358E-04 1.242E+03 8.809E-01 4.431E+01 2.000E+00
1.855E+07 3.981E+02 1.883E+00 2.205E-03 2.438E-04 1.933E+03 8.823E-01 4.432E+01 2.000E+00
7.208E+06 4.545E+02 1.820E+00 2.205E-03 4.417E-04 1.749E+03 8.847E-01 4.432E+01 2.000E+00
4.262E+07 6.509E+02 1.635E+00 2.205E-03 8.044E-04 1.429E+03 8.882E-01 4.433E+01 2.000E+00
5.897E+06 6.055E+02 1.674E+00 2.205E-03 1.469E-03 1.479E+03 8.932E-01 4.434E+01 2.000E+00
1.249E+08 4.509E+02 1.829E+00 2.205E-03 2.688E-03 1.750E+03 9.023E-01 4.437E+01 2.000E+00
5.782E+07 6.453E+02 1.645E+00 2.205E-03 4.922E-03 1.434E+03 9.191E-01 4.442E+01 2.000E+00
1.385E+07 7.899E+02 1.529E+00 2.789E-03 6.280E-06 1.317E+03 8.811E-01 4.431E+01 2.000E+00
1.559E+07 7.899E+02 1.529E+00 2.789E-03 6.321E-06 1.317E+03 8.811E-01 4.431E+01 2.000E+00
2.030E+07 7.899E+02 1.529E+00 2.789E-03 6.396E-06 1.317E+03 8.811E-01 4.431E+01 2.000E+00
4.648E+07 7.899E+02 1.529E+00 2.789E-03 6.534E-06 1.317E+03 8.811E-01 4.431E+01 2.000E+00
1.008E+07 4.499E+02 1.824E+00 2.789E-03 6.786E-06 1.764E+03 8.811E-01 4.431E+01 2.000E+00
5.812E+06 4.412E+02 1.834E+00 2.789E-03 7.248E-06 1.794E+03 8.811E-01 4.431E+01 2.000E+00
4.207E+06 6.576E+02 1.628E+00 2.789E-03 8.095E-06 1.423E+03 8.812E-01 4.431E+01 2.000E+00
2.119E+06 9.853E+02 1.409E+00 2.789E-03 9.648E-06 1.220E+03 8.812E-01 4.431E+01 2.000E+00
1.687E+07 5.233E+02 1.749E+00 2.789E-03 1.249E-05 1.602E+03 8.812E-01 4.431E+01 2.000E+00
2.917E+07 6.361E+02 1.646E+00 2.789E-03 1.771E-05 1.446E+03 8.813E-01 4.431E+01 2.000E+00
3.333E+07 9.120E+02 1.451E+00 2.789E-03 2.728E-05 1.251E+03 8.814E-01 4.431E+01 2.000E+00
1.567E+07 8.322E+02 1.501E+00 2.789E-03 4.480E-05 1.292E+03 8.816E-01 4.431E+01 2.000E+00
3.648E+06 9.062E+02 1.454E+00 2.789E-03 7.694E-05 1.255E+03 8.820E-01 4.431E+01 2.000E+00
8.490E+06 9.325E+02 1.439E+00 2.789E-03 1.358E-04 1.242E+03 8.827E-01 4.431E+01 2.000E+00
1.803E+07 8.291E+02 1.503E+00 2.789E-03 2.438E-04 1.294E+03 8.841E-01 4.432E+01 2.000E+00
5.533E+06 2.887E+02 2.013E+00 2.789E-03 4.417E-04 2.727E+03 8.865E-01 4.432E+01 2.000E+00
2.715E+06 4.665E+02 1.808E+00 2.789E-03 8.044E-04 1.721E+03 8.897E-01 4.433E+01 2.000E+00
1.981E+07 2.936E+02 2.011E+00 2.789E-03 1.469E-03 2.637E+03 8.947E-01 4.434E+01 2.000E+00
4.525E+07 5.976E+02 1.683E+00 2.789E-03 2.688E-03 1.488E+03 9.038E-01 4.437E+01 2.000E+00
2.380E+07 4.283E+02 1.859E+00 2.789E-03 4.922E-03 1.804E+03 9.206E-01 4.442E+01 2.000E+00
3.850E+06 5.233E+02 1.749E+00 3.528E-03 6.280E-06 1.602E+03 8.834E-01 4.431E+01 2.000E+00
4.198E+06 5.233E+02 1.749E+00 3.528E-03 6.321E-06 1.614E+03 8.834E-01 4.431E+01 2.000E+00
5.044E+06 5.233E+02 1.749E+00 3.528E-03 6.396E-06 1.602E+03 8.834E-01 4.431E+01 2.000E+00
8.113E+06 5.233E+02 1.749E+00 3.528E-03 6.534E-06 1.602E+03 8.834E-01 4.431E+01 2.000E+00
2.198E+06 9.853E+02 1.409E+00 3.528E-03 6.786E-06 1.221E+03 8.834E-01 4.431E+01 2.000E+00
2.215E+06 9.853E+02 1.409E+00 3.528E-03 7.248E-06 1.220E+03 8.834E-01 4.431E+01 2.000E+00
2.892E+06 5.740E+02 1.701E+00 3.528E-03 8.095E-06 1.522E+03 8.835E-01 4.431E+01 2.000E+00
3.736E+07 5.185E+02 1.753E+00 3.528E-03 9.648E-06 1.611E+03 8.835E-01 4.431E+01 2.000E+00
1.177E+08 4.413E+02 1.834E+00 3.528E-03 1.249E-05 1.787E+03 8.835E-01 4.431E+01 2.000E+00
6.483E+06 9.012E+02 1.457E+00 3.528E-03 1.771E-05 1.258E+03 8.836E-01 4.431E+01 2.000E+00
4.446E+06 9.662E+02 1.420E+00 3.528E-03 2.728E-05 1.228E+03 8.837E-01 4.431E+01 2.000E+00
4.084E+06 5.502E+02 1.723E+00 3.528E-03 4.480E-05 1.557E+03 8.839E-01 4.431E+01 2.000E+00
1.609E+07 7.592E+02 1.550E+00 3.528E-03 7.694E-05 1.343E+03 8.843E-01 4.431E+01 2.000E+00
7.716E+06 6.403E+02 1.643E+00 3.528E-03 1.358E-04 1.442E+03 8.850E-01 4.431E+01 2.000E+00
3.198E+06 7.006E+02 1.594E+00 3.528E-03 2.438E-04 1.385E+03 8.864E-01 4.432E+01 2.000E+00
1.213E+07 6.407E+02 1.643E+00 3.528E-03 4.417E-04 1.441E+03 8.888E-01 4.432E+01 2.000E+00
3.377E+06 5.855E+02 1.691E+00 3.528E-03 8.044E-04 1.506E+03 8.915E-01 4.433E+01 2.000E+00
3.560E+06 7.495E+02 1.559E+00 3.528E-03 1.469E-03 1.346E+03 8.965E-01 4.434E+01 2.000E+00
1.830E+06 3.996E+02 1.887E+00 3.528E-03 2.688E-03 1.911E+03 9.056E-01 4.437E+01 2.000E+00
9.345E+06 6.970E+02 1.603E+00 3.528E-03 4.922E-03 1.387E+03 9.224E-01 4.442E+01 2.000E+00
2.334E+07 6.237E+02 1.656E+00 4.462E-03 6.280E-06 1.460E+03 8.863E-01 4.431E+01 2.000E+00
3.895E+07 6.237E+02 1.656E+00 4.462E-03 6.321E-06 1.460E+03 8.863E-01 4.431E+01 2.000E+00
5.209E+07 7.503E+02 1.557E+00 4.462E-03 6.396E-06 1.364E+03 8.863E-01 4.431E+01 2.000E+00
1.387E+07 4.254E+02 1.851E+00 4.462E-03 6.534E-06 1.836E+03 8.863E-01 4.431E+01 2.000E+00
1.586E+07 4.316E+02 1.844E+00 4.462E-03 6.786E-06 1.816E+03 8.863E-01 4.431E+01 2.000E+00
7.538E+07 3.604E+02 1.926E+00 4.462E-03 7.248E-06 2.165E+03 8.863E-01 4.431E+01 2.000E+00
2.828E+06 9.012E+02 1.457E+00 4.462E-03 8.095E-06 1.257E+03 8.864E-01 4.431E+01 2.000E+00
4.389E+06 7.115E+02 1.586E+00 4.462E-03 9.648E-06 1.375E+03 8.864E-01 4.431E+01 2.000E+00
6.838E+07 7.432E+02 1.562E+00 4.462E-03 1.249E-05 1.350E+03 8.864E-01 4.431E+01 2.000E+00
3.482E+06 9.662E+02 1.420E+00 4.462E-03 1.771E-05 1.298E+03 8.865E-01 4.431E+01 2.000E+00
1.667E+07 9.662E+02 1.420E+00 4.462E-03 2.728E-05 1.228E+03 8.866E-01 4.431E+01 2.000E+00
3.209E+06 9.019E+02 1.457E+00 4.462E-03 4.480E-05 1.256E+03 8.868E-01 4.431E+01 2.000E+00
2.664E+07 5.563E+02 1.717E+00 4.462E-03 7.694E-05 1.548E+03 8.872E-01 4.431E+01 2.000E+00
3.879E+06 3.305E+02 1.962E+00 4.462E-03 1.358E-04 2.302E+03 8.879E-01 4.431E+01 2.000E+00
3.470E+06 8.929E+02 1.463E+00 4.462E-03 2.438E-04 1.264E+03 8.893E-01 4.432E+01 2.000E+00
1.351E+07 6.776E+02 1.613E+00 4.462E-03 4.417E-04 1.404E+03 8.911E-01 4.432E+01 2.000E+00
2.749E+06 5.424E+02 1.731E+00 4.462E-03 8.044E-04 1.569E+03 8.939E-01 4.433E+01 2.000E+00
3.174E+06 4.074E+02 1.875E+00 4.462E-03 1.469E-03 1.889E+03 8.988E-01 4.434E+01 2.000E+00
3.854E+06 9.553E+02 1.428E+00 4.462E-03 2.688E-03 1.236E+03 9.080E-01 4.437E+01 2.000E+00
2.007E+06 7.820E+02 1.539E+00 4.462E-03 4.922E-03 1.329E+03 9.247E-01 4.442E+01 2.000E+00
1.600E+07 9.120E+02 1.451E+00 5.644E-03 6.280E-06 1.254E+03 8.900E-01 4.431E+01 2.000E+00
1.681E+07 9.120E+02 1.451E+00 5.644E-03 6.321E-06 1.252E+03 8.900E-01 4.431E+01 2.000E+00
1.854E+07 9.120E+02 1.451E+00 5.644E-03 6.396E-06 1.252E+03 8.900E-01 4.431E+01 2.000E+00
2.290E+07 9.120E+02 1.451E+00 5.644E-03 6.534E-06 1.253E+03 8.900E-01 4.431E+01 2.000E+00
4.065E+07 9.120E+02 1.451E+00 5.644E-03 6.786E-06 1.252E+03 8.900E-01 4.431E+01 2.000E+00
3.035E+06 9.662E+02 1.420E+00 5.644E-03 7.248E-06 1.230E+03 8.900E-01 4.431E+01 2.000E+00
3.202E+06 9.662E+02 1.420E+00 5.644E-03 8.095E-06 1.228E+03 8.900E-01 4.431E+01 2.000E+00
3.999E+07 4.347E+02 1.841E+00 5.644E-03 9.648E-06 1.807E+03 8.900E-01 4.431E+01 2.000E+00
4.606E+06 9.662E+02 1.420E+00 5.644E-03 1.249E-05 1.229E+03 8.901E-01 4.431E+01 2.000E+00
1.116E+07 9.662E+02 1.420E+00 5.644E-03 1.771E-05 1.231E+03 8.901E-01 4.431E+01 2.000E+00
5.338E+08 8.130E+02 1.513E+00 5.644E-03 2.728E-05 1.304E+03 8.903E-01 4.431E+01 2.000E+00
2.223E+06 4.675E+02 1.806E+00 5.644E-03 4.480E-05 1.718E+03 8.905E-01 4.431E+01 2.000E+00
6.146E+06 4.155E+02 1.862E+00 5.644E-03 7.694E-05 1.868E+03 8.909E-01 4.431E+01 2.000E+00
4.057E+07 9.631E+02 1.422E+00 5.644E-03 1.358E-04 1.230E+03 8.916E-01 4.431E+01 2.000E+00
3.660E+06 4.216E+02 1.856E+00 5.644E-03 2.438E-04 1.847E+03 8.926E-01 4.432E+01 2.000E+00
6.175E+06 4.025E+02 1.878E+00 5.644E-03 4.417E-04 1.913E+03 8.941E-01 4.432E+01 2.000E+00
5.527E+06 5.079E+02 1.765E+00 5.644E-03 8.044E-04 1.629E+03 8.968E-01 4.433E+01 2.000E+00
8.698E+06 6.646E+02 1.624E+00 5.644E-03 1.469E-03 1.417E+03 9.018E-01 4.434E+01 2.000E+00
7.995E+06 8.257E+02 1.507E+00 5.644E-03 2.688E-03 1.298E+03 9.109E-01 4.437E+01 2.000E+00
8.626E+06 8.288E+02 1.507E+00 5.644E-03 4.922E-03 1.298E+03 9.277E-01 4.442E+01 2.000E+00
9.173E+06 9.662E+02 1.420E+00 7.139E-03 6.280E-06 1.229E+03 8.946E-01 4.431E+01 2.000E+00
9.263E+06 9.662E+02 1.420E+00 7.139E-03 6.321E-06 1.230E+03 8.946E-01 4.431E+01 2.000E+00
9.431E+06 9.662E+02 1.420E+00 7.139E-03 6.396E-06 1.234E+03 8.946E-01 4.431E+01 2.000E+00
9.757E+06 9.662E+02 1.420E+00 7.139E-03 6.534E-06 1.229E+03 8.946E-01 4.431E+01 2.000E+00
4.660E+06 3.163E+02 1.979E+00 7.139E-03 6.786E-06 2.424E+03 8.946E-01 4.431E+01 2.000E+00
1.192E+07 9.662E+02 1.420E+00 7.139E-03 7.248E-06 1.229E+03 8.946E-01 4.431E+01 2.000E+00
1.630E+07 9.662E+02 1.420E+00 7.139E-03 8.095E-06 1.229E+03 8.946E-01 4.431E+01 2.000E+00
5.360E+07 9.662E+02 1.420E+00 7.139E-03 9.648E-06 1.229E+03 8.946E-01 4.431E+01 2.000E+00
3.247E+07 9.612E+02 1.423E+00 7.139E-03 1.249E-05 1.231E+03 8.946E-01 4.431E+01 2.000E+00
2.850E+07 8.276E+02 1.504E+00 7.139E-03 1.771E-05 1.296E+03 8.947E-01 4.431E+01 2.000E+00
5.663E+06 8.884E+02 1.465E+00 7.139E-03 2.728E-05 1.264E+03 8.947E-01 4.431E+01 2.000E+00
1.608E+08 2.647E+02 2.040E+00 7.139E-03 4.480E-05 3.176E+03 8.949E-01 4.431E+01 2.000E+00
3.652E+07 3.543E+02 1.933E+00 7.139E-03 7.694E-05 2.144E+03 8.951E-01 4.431E+01 2.000E+00
1.324E+07 9.392E+02 1.435E+00 7.139E-03 1.358E-04 1.240E+03 8.955E-01 4.431E+01 2.000E+00
3.273E+07 9.036E+02 1.456E+00 7.139E-03 2.438E-04 1.257E+03 8.963E-01 4.432E+01 2.000E+00
2.710E+06 4.386E+02 1.838E+00 7.139E-03 4.417E-04 1.794E+03 8.978E-01 4.432E+01 2.000E+00
1.034E+07 7.688E+02 1.544E+00 7.139E-03 8.044E-04 1.333E+03 9.005E-01 4.433E+01 2.000E+00
7.278E+06 7.728E+02 1.542E+00 7.139E-03 1.469E-03 1.331E+03 9.055E-01 4.434E+01 2.000E+00
1.092E+07 7.708E+02 1.545E+00 7.139E-03 2.688E-03 1.333E+03 9.147E-01 4.437E+01 2.000E+00
6.683E+06 8.686E+02 1.482E+00 7.139E-03 4.922E-03 1.278E+03 9.314E-01 4.442E+01 2.000E+00
2.279E+07 5.002E+02 1.772E+00 9.029E-03 6.280E-06 1.647E+03 8.993E-01 4.431E+01 2.000E+00
5.294E+07 5.002E+02 1.772E+00 9.029E-03 6.321E-06 1.647E+03 8.993E-01 4.431E+01 2.000E+00
2.064E+07 4.879E+02 1.784E+00 9.029E-03 6.396E-06 1.673E+03 8.993E-01 4.431E+01 2.000E+00
6.255E+06 8.418E+02 1.494E+00 9.029E-03 6.534E-06 1.288E+03 8.993E-01 4.431E+01 2.000E+00
7.909E+06 8.418E+02 1.494E+00 9.029E-03 6.786E-06 1.288E+03 8.993E-01 4.431E+01 2.000E+00
1.595E+07 8.418E+02 1.494E+00 9.029E-03 7.248E-06 1.289E+03 8.993E-01 4.431E+01 2.000E+00
1.238E+07 8.994E+02 1.458E+00 9.029E-03 8.095E-06 1.259E+03 8.993E-01 4.431E+01 2.000E+00
2.241E+06 9.019E+02 1.457E+00 9.029E-03 9.648E-06 1.258E+03 8.993E-01 4.431E+01 2.000E+00
3.723E+06 8.884E+02 1.465E+00 9.029E-03 1.249E-05 1.264E+03 8.993E-01 4.431E+01 2.000E+00
4.302E+06 4.675E+02 1.806E+00 9.029E-03 1.771E-05 1.719E+03 8.994E-01 4.431E+01 2.000E+00
1.434E+07 6.149E+02 1.664E+00 9.029E-03 2.728E-05 1.471E+03 8.994E-01 4.431E+01 2.000E+00
5.283E+06 6.494E+02 1.635E+00 9.029E-03 4.480E-05 1.433E+03 8.996E-01 4.431E+01 2.000E+00
1.331E+07 5.501E+02 1.723E+00 9.029E-03 7.694E-05 1.559E+03 8.998E-01 4.431E+01 2.000E+00
1.261E+07 7.276E+02 1.574E+00 9.029E-03 1.358E-04 1.417E+03 9.003E-01 4.431E+01 2.000E+00
2.886E+06 5.440E+02 1.729E+00 9.029E-03 2.438E-04 1.568E+03 9.011E-01 4.432E+01 2.000E+00
8.076E+06 5.977E+02 1.680E+00 9.029E-03 4.417E-04 1.492E+03 9.026E-01 4.432E+01 2.000E+00
8.502E+06 8.376E+02 1.498E+00 9.029E-03 8.044E-04 1.291E+03 9.053E-01 4.433E+01 2.000E+00
1.803E+07 9.085E+02 1.454E+00 9.029E-03 1.469E-03 1.320E+03 9.103E-01 4.434E+01 2.000E+00
3.508E+06 2.705E+02 2.043E+00 9.029E-03 2.688E-03 2.957E+03 9.194E-01 4.437E+01 2.000E+00
4.100E+06 4.203E+02 1.868E+00 9.029E-03 4.922E-03 1.830E+03 9.362E-01 4.442E+01 2.000E+00
5.188E+06 6.802E+02 1.610E+00 1.142E-02 6.280E-06 1.404E+03 9.053E-01 4.431E+01 2.000E+00
5.554E+06 6.802E+02 1.610E+00 1.142E-02 6.321E-06 1.404E+03 9.053E-01 4.431E+01 2.000E+00
1.556E+07 6.924E+02 1.600E+00 1.142E-02 6.396E-06 1.408E+03 9.053E-01 4.431E+01 2.000E+00
1.967E+06 3.365E+02 1.954E+00 1.142E-02 6.534E-06 2.260E+03 9.053E-01 4.431E+01 2.000E+00
3.000E+06 3.365E+02 1.954E+00 1.142E-02 6.786E-06 2.261E+03 9.053E-01 4.431E+01 2.000E+00
7.676E+07 6.958E+02 1.598E+00 1.142E-02 7.248E-06 1.390E+03 9.053E-01 4.431E+01 2.000E+00
9.486E+06 6.840E+02 1.607E+00 1.142E-02 8.095E-06 1.401E+03 9.053E-01 4.431E+01 2.000E+00
2.126E+08 7.701E+02 1.543E+00 1.142E-02 9.648E-06 1.333E+03 9.053E-01 4.431E+01 2.000E+00
2.453E+06 9.062E+02 1.454E+00 1.142E-02 1.249E-05 1.256E+03 9.053E-01 4.431E+01 2.000E+00
4.424E+06 5.232E+02 1.749E+00 1.142E-02 1.771E-05 1.604E+03 9.054E-01 4.431E+01 2.000E+00
7.189E+06 6.507E+02 1.634E+00 1.142E-02 2.728E-05 1.433E+03 9.054E-01 4.431E+01 2.000E+00
1.356E+08 6.670E+02 1.621E+00 1.142E-02 4.480E-05 1.416E+03 9.056E-01 4.431E+01 2.000E+00
2.772E+07 5.377E+02 1.735E+00 1.142E-02 7.694E-05 1.579E+03 9.058E-01 4.431E+01 2.000E+00
1.574E+07 9.452E+02 1.432E+00 1.142E-02 1.358E-04 1.243E+03 9.062E-01 4.431E+01 2.000E+00
1.543E+07 5.989E+02 1.678E+00 1.142E-02 2.438E-04 1.501E+03 9.070E-01 4.432E+01 2.000E+00
3.135E+06 7.567E+02 1.553E+00 1.142E-02 4.417E-04 1.343E+03 9.085E-01 4.432E+01 2.000E+00
5.817E+06 7.123E+02 1.586E+00 1.142E-02 8.044E-04 1.377E+03 9.113E-01 4.433E+01 2.000E+00
2.798E+06 8.533E+02 1.488E+00 1.142E-02 1.469E-03 1.284E+03 9.162E-01 4.434E+01 2.000E+00
6.033E+06 8.639E+02 1.483E+00 1.142E-02 2.688E-03 1.280E+03 9.254E-01 4.437E+01 2.000E+00
7.440E+06 8.994E+02 1.463E+00 1.142E-02 4.922E-03 1.265E+03 9.421E-01 4.442E+01 2.000E+00
3.034E+07 7.208E+02 1.579E+00 1.445E-02 6.280E-06 1.370E+03 9.128E-01 4.431E+01 2.000E+00
4.714E+07 7.208E+02 1.579E+00 1.445E-02 6.321E-06 1.370E+03 9.128E-01 4.431E+01 2.000E+00
1.876E+07 3.442E+02 1.945E+00 1.445E-02 6.396E-06 2.208E+03 9.128E-01 4.431E+01 2.000E+00
1.097E+07 5.160E+02 1.756E+00 1.445E-02 6.534E-06 1.618E+03 9.128E-01 4.431E+01 2.000E+00
6.167E+06 7.449E+02 1.561E+00 1.445E-02 6.786E-06 1.452E+03 9.128E-01 4.431E+01 2.000E+00
2.010E+07 7.449E+02 1.561E+00 1.445E-02 7.248E-06 1.357E+03 9.128E-01 4.431E+01 2.000E+00
6.789E+06 7.361E+02 1.567E+00 1.445E-02 8.095E-06 1.358E+03 9.129E-01 4.431E+01 2.000E+00
3.719E+06 6.181E+02 1.661E+00 1.445E-02 9.648E-06 1.469E+03 9.129E-01 4.431E+01 2.000E+00
8.331E+06 5.857E+02 1.690E+00 1.445E-02 1.249E-05 1.510E+03 9.129E-01 4.431E+01 2.000E+00
2.442E+07 8.421E+02 1.494E+00 1.445E-02 1.771E-05 1.290E+03 9.129E-01 4.431E+01 2.000E+00
6.024E+08 6.146E+02 1.664E+00 1.445E-02 2.728E-05 2.154E+03 9.130E-01 4.431E+01 2.000E+00
2.803E+06 6.823E+02 1.608E+00 1.445E-02 4.480E-05 1.403E+03 9.131E-01 4.431E+01 2.000E+00
1.978E+06 2.769E+02 2.026E+00 1.445E-02 7.694E-05 2.925E+03 9.134E-01 4.431E+01 2.000E+00
2.496E+07 4.734E+02 1.800E+00 1.445E-02 1.358E-04 1.707E+03 9.138E-01 4.431E+01 2.000E+00
8.223E+07 8.653E+02 1.480E+00 1.445E-02 2.438E-04 1.278E+03 9.146E-01 4.432E+01 2.000E+00
7.334E+06 9.235E+02 1.444E+00 1.445E-02 4.417E-04 1.251E+03 9.161E-01 4.432E+01 2.000E+00
7.380E+06 9.360E+02 1.437E+00 1.445E-02 8.044E-04 1.245E+03 9.188E-01 4.433E+01 2.000E+00
8.538E+06 7.062E+02 1.591E+00 1.445E-02 1.469E-03 1.382E+03 9.238E-01 4.434E+01 2.000E+00
3.859E+06 7.757E+02 1.541E+00 1.445E-02 2.688E-03 1.332E+03 9.330E-01 4.437E+01 2.000E+00
1.317E+07 3.672E+02 1.931E+00 1.445E-02 4.922E-03 2.038E+03 9.475E-01 4.442E+01 2.000E+00
1.536E+06 2.836E+02 2.018E+00 1.827E-02 6.280E-06 2.816E+03 9.224E-01 4.431E+01 2.000E+00
1.604E+06 2.836E+02 2.018E+00 1.827E-02 6.321E-06 2.816E+03 9.224E-01 4.431E+01 2.000E+00
1.749E+06 2.836E+02 2.018E+00 1.827E-02 6.396E-06 2.816E+03 9.224E-01 4.431E+01 2.000E+00
3.853E+06 3.065E+02 1.991E+00 1.827E-02 6.534E-06 2.522E+03 9.224E-01 4.431E+01 2.000E+00
3.501E+06 2.890E+02 2.011E+00 1.827E-02 6.786E-06 2.735E+03 9.224E-01 4.431E+01 2.000E+00
4.544E+07 7.986E+02 1.523E+00 1.827E-02 7.248E-06 1.317E+03 9.224E-01 4.431E+01 2.000E+00
2.054E+06 7.811E+02 1.535E+00 1.827E-02 8.095E-06 1.328E+03 9.224E-01 4.431E+01 2.000E+00
4.366E+06 7.811E+02 1.535E+00 1.827E-02 9.648E-06 1.328E+03 9.224E-01 4.431E+01 2.000E+00
9.288E+06 7.661E+02 1.545E+00 1.827E-02 1.249E-05 1.344E+03 9.224E-01 4.431E+01 2.000E+00
5.361E+06 5.084E+02 1.764E+00 1.827E-02 1.771E-05 1.633E+03 9.225E-01 4.431E+01 2.000E+00
1.269E+07 4.497E+02 1.825E+00 1.827E-02 2.728E-05 1.767E+03 9.225E-01 4.431E+01 2.000E+00
3.072E+07 5.601E+02 1.714E+00 1.827E-02 4.480E-05 1.546E+03 9.227E-01 4.431E+01 2.000E+00
7.370E+06 9.486E+02 1.430E+00 1.827E-02 7.694E-05 1.240E+03 9.229E-01 4.431E+01 2.000E+00
4.327E+06 8.487E+02 1.490E+00 1.827E-02 1.358E-04 1.288E+03 9.234E-01 4.431E+01 2.000E+00
3.272E+06 2.706E+02 2.034E+00 1.827E-02 2.438E-04 3.038E+03 9.242E-01 4.432E+01 2.000E+00
4.692E+06 8.428E+02 1.494E+00 1.827E-02 4.417E-04 1.291E+03 9.257E-01 4.432E+01 2.000E+00
1.124E+07 6.866E+02 1.606E+00 1.827E-02 8.044E-04 1.400E+03 9.284E-01 4.433E+01 2.000E+00
3.083E+07 7.990E+02 1.524E+00 1.827E-02 1.469E-03 1.317E+03 9.334E-01 4.434E+01 2.000E+00
2.319E+07 9.685E+02 1.420E+00 1.827E-02 2.688E-03 1.260E+03 9.425E-01 4.437E+01 2.000E+00
1.140E+07 5.501E+02 1.731E+00 1.827E-02 4.922E-03 1.555E+03 9.543E-01 4.442E+01 2.000E+00
1.407E+07 4.154E+02 1.862E+00 2.311E-02 6.280E-06 1.873E+03 9.345E-01 4.431E+01 2.000E+00
2.413E+07 4.154E+02 1.862E+00 2.311E-02 6.321E-06 1.873E+03 9.345E-01 4.431E+01 2.000E+00
5.781E+06 3.783E+02 1.905E+00 2.311E-02 6.396E-06 2.022E+03 9.345E-01 4.431E+01 2.000E+00
1.410E+07 3.783E+02 1.905E+00 2.311E-02 6.534E-06 2.022E+03 9.345E-01 4.431E+01 2.000E+00
1.223E+08 5.731E+02 1.701E+00 2.311E-02 6.786E-06 1.529E+03 9.345E-01 4.431E+01 2.000E+00
4.855E+06 8.654E+02 1.479E+00 2.311E-02 7.248E-06 1.280E+03 9.345E-01 4.431E+01 2.000E+00
8.749E+06 8.654E+02 1.479E+00 2.311E-02 8.095E-06 1.280E+03 9.345E-01 4.431E+01 2.000E+00
1.988E+06 3.726E+02 1.912E+00 2.311E-02 9.648E-06 2.049E+03 9.345E-01 4.431E+01 2.000E+00
2.487E+07 3.432E+02 1.947E+00 2.311E-02 1.249E-05 2.217E+03 9.345E-01 4.431E+01 2.000E+00
1.494E+06 3.542E+02 1.933E+00 2.311E-02 1.771E-05 2.148E+03 9.346E-01 4.431E+01 2.000E+00
7.435E+06 9.437E+02 1.432E+00 2.311E-02 2.728E-05 1.244E+03 9.346E-01 4.431E+01 2.000E+00
3.098E+07 9.486E+02 1.430E+00 2.311E-02 4.480E-05 1.241E+03 9.348E-01 4.431E+01 2.000E+00
3.180E+07 3.909E+02 1.890E+00 2.311E-02 7.694E-05 1.966E+03 9.350E-01 4.431E+01 2.000E+00
2.210E+07 4.408E+02 1.835E+00 2.311E-02 1.358E-04 1.793E+03 9.355E-01 4.431E+01 2.000E+00
8.296E+06 7.692E+02 1.544E+00 2.311E-02 2.438E-04 1.337E+03 9.363E-01 4.432E+01 2.000E+00
1.826E+07 7.916E+02 1.528E+00 2.311E-02 4.417E-04 1.323E+03 9.378E-01 4.432E+01 2.000E+00
6.552E+06 4.350E+02 1.842E+00 2.311E-02 8.044E-04 1.807E+03 9.405E-01 4.433E+01 2.000E+00
6.014E+06 6.698E+02 1.620E+00 2.311E-02 1.469E-03 1.417E+03 9.455E-01 4.434E+01 2.000E+00
1.216E+07 6.925E+02 1.603E+00 2.311E-02 2.688E-03 1.397E+03 9.546E-01 4.437E+01 2.000E+00
3.298E+06 7.186E+02 1.586E+00 2.311E-02 4.922E-03 1.376E+03 9.629E-01 4.442E+01 2.000E+00
7.006E+06 9.452E+02 1.432E+00 2.923E-02 6.280E-06 1.245E+03 9.498E-01 4.431E+01 2.000E+00
7.089E+06 9.452E+02 1.432E+00 2.923E-02 6.321E-06 1.245E+03 9.498E-01 4.431E+01 2.000E+00
7.248E+06 9.452E+02 1.432E+00 2.923E-02 6.396E-06 1.245E+03 9.498E-01 4.431E+01 2.000E+00
7.559E+06 9.452E+02 1.432E+00 2.923E-02 6.534E-06 1.257E+03 9.498E-01 4.431E+01 2.000E+00
8.211E+06 9.452E+02 1.432E+00 2.923E-02 6.786E-06 1.245E+03 9.498E-01 4.431E+01 2.000E+00
9.779E+06 9.452E+02 1.432E+00 2.923E-02 7.248E-06 1.245E+03 9.498E-01 4.431E+01 2.000E+00
1.528E+07 9.452E+02 1.432E+00 2.923E-02 8.095E-06 1.245E+03 9.498E-01 4.431E+01 2.000E+00
2.563E+06 9.362E+02 1.437E+00 2.923E-02 9.648E-06 1.249E+03 9.498E-01 4.431E+01 2.000E+00
3.146E+07 7.082E+02 1.588E+00 2.923E-02 1.249E-05 1.385E+03 9.498E-01 4.431E+01 2.000E+00
3.332E+07 9.362E+02 1.437E+00 2.923E-02 1.771E-05 1.249E+03 9.499E-01 4.431E+01 2.000E+00
3.310E+06 6.105E+02 1.668E+00 2.923E-02 2.728E-05 1.482E+03 9.499E-01 4.431E+01 2.000E+00
4.664E+06 4.090E+02 1.870E+00 2.923E-02 4.480E-05 1.897E+03 9.501E-01 4.431E+01 2.000E+00
1.375E+07 3.289E+02 1.964E+00 2.923E-02 7.694E-05 2.320E+03 9.503E-01 4.431E+01 2.000E+00
1.091E+08 5.724E+02 1.702E+00 2.923E-02 1.358E-04 1.531E+03 9.508E-01 4.431E+01 2.000E+00
1.675E+07 9.173E+02 1.448E+00 2.923E-02 2.438E-04 1.258E+03 9.516E-01 4.432E+01 2.000E+00
5.333E+06 5.893E+02 1.687E+00 2.923E-02 4.417E-04 1.508E+03 9.531E-01 4.432E+01 2.000E+00
1.268E+07 8.375E+02 1.498E+00 2.923E-02 8.044E-04 1.298E+03 9.558E-01 4.433E+01 2.000E+00
7.758E+06 7.413E+02 1.565E+00 2.923E-02 1.469E-03 1.360E+03 9.608E-01 4.434E+01 2.000E+00
5.068E+06 9.863E+02 1.411E+00 2.923E-02 2.688E-03 1.233E+03 9.658E-01 4.437E+01 2.000E+00
3.291E+07 9.223E+02 1.449E+00 2.923E-02 4.922E-03 1.261E+03 9.738E-01 4.442E+01 2.000E+00
1.927E+08 7.112E+02 1.586E+00 3.697E-02 6.280E-06 1.385E+03 9.691E-01 4.431E+01 2.000E+00
7.416E+06 8.961E+02 1.460E+00 3.697E-02 6.321E-06 1.270E+03 9.691E-01 4.431E+01 2.000E+00
7.775E+06 8.961E+02 1.460E+00 3.697E-02 6.396E-06 1.270E+03 9.691E-01 4.431E+01 2.000E+00
8.537E+06 8.961E+02 1.460E+00 3.697E-02 6.534E-06 1.270E+03 9.691E-01 4.431E+01 2.000E+00
1.554E+06 5.958E+02 1.681E+00 3.697E-02 6.786E-06 1.503E+03 9.691E-01 4.431E+01 2.000E+00
2.067E+06 5.958E+02 1.681E+00 3.697E-02 7.248E-06 1.502E+03 9.691E-01 4.431E+01 2.000E+00
5.427E+07 3.244E+02 1.969E+00 3.697E-02 8.095E-06 2.358E+03 9.691E-01 4.431E+01 2.000E+00
3.891E+07 3.481E+02 1.941E+00 3.697E-02 9.648E-06 2.188E+03 9.692E-01 4.431E+01 2.000E+00
2.981E+06 8.883E+02 1.465E+00 3.697E-02 1.249E-05 1.273E+03 9.692E-01 4.431E+01 2.000E+00
9.753E+06 9.258E+02 1.443E+00 3.697E-02 1.771E-05 1.256E+03 9.692E-01 4.431E+01 2.000E+00
3.178E+07 7.301E+02 1.572E+00 3.697E-02 2.728E-05 1.370E+03 9.693E-01 4.431E+01 2.000E+00
1.343E+07 3.600E+02 1.927E+00 3.697E-02 4.480E-05 2.118E+03 9.694E-01 4.431E+01 2.000E+00
1.834E+07 8.781E+02 1.471E+00 3.697E-02 7.694E-05 1.279E+03 9.697E-01 4.431E+01 2.000E+00
2.795E+08 5.447E+02 1.728E+00 3.697E-02 1.358E-04 1.575E+03 9.701E-01 4.431E+01 2.000E+00
4.779E+06 4.405E+02 1.835E+00 3.697E-02 2.438E-04 1.797E+03 9.709E-01 4.432E+01 2.000E+00
3.466E+06 3.898E+02 1.893E+00 3.697E-02 4.417E-04 1.973E+03 9.716E-01 4.432E+01 2.000E+00
7.577E+07 3.520E+02 1.938E+00 3.697E-02 8.044E-04 2.156E+03 9.729E-01 4.433E+01 2.000E+00
2.379E+06 7.613E+02 1.550E+00 3.697E-02 1.469E-03 1.349E+03 9.753E-01 4.434E+01 2.000E+00
2.645E+06 4.979E+02 1.779E+00 3.697E-02 2.688E-03 1.654E+03 9.796E-01 4.437E+01 2.000E+00
2.206E+07 7.856E+02 1.537E+00 3.697E-02 4.922E-03 1.335E+03 9.876E-01 4.442E+01 2.000E+00
4.085E+06 7.019E+02 1.593E+00 4.677E-02 6.280E-06 1.454E+03 9.875E-01 4.431E+01 2.000E+00
4.279E+06 7.019E+02 1.593E+00 4.677E-02 6.321E-06 1.397E+03 9.875E-01 4.431E+01 2.000E+00
4.692E+06 7.019E+02 1.593E+00 4.677E-02 6.396E-06 1.396E+03 9.875E-01 4.431E+01 2.000E+00
5.723E+06 7.019E+02 1.593E+00 4.677E-02 6.534E-06 1.396E+03 9.875E-01 4.431E+01 2.000E+00
2.427E+07 3.322E+02 1.960E+00 4.677E-02 6.786E-06 2.299E+03 9.875E-01 4.431E+01 2.000E+00
4.797E+06 8.320E+02 1.501E+00 4.677E-02 7.248E-06 1.306E+03 9.875E-01 4.431E+01 2.000E+00
2.272E+07 6.837E+02 1.607E+00 4.677E-02 8.095E-06 1.411E+03 9.875E-01 4.431E+01 2.000E+00
5.738E+07 7.517E+02 1.556E+00 4.677E-02 9.648E-06 1.357E+03 9.875E-01 4.431E+01 2.000E+00
4.639E+06 6.517E+02 1.633E+00 4.677E-02 1.249E-05 1.442E+03 9.875E-01 4.431E+01 2.000E+00
2.144E+07 8.918E+02 1.463E+00 4.677E-02 1.771E-05 1.300E+03 9.875E-01 4.431E+01 2.000E+00
9.904E+07 4.472E+02 1.827E+00 4.677E-02 2.728E-05 1.781E+03 9.876E-01 4.431E+01 2.000E+00
6.179E+06 5.156E+02 1.756E+00 4.677E-02 4.480E-05 1.627E+03 9.876E-01 4.431E+01 2.000E+00
8.299E+07 7.553E+02 1.553E+00 4.677E-02 7.694E-05 1.354E+03 9.878E-01 4.431E+01 2.000E+00
1.107E+07 3.538E+02 1.934E+00 4.677E-02 1.358E-04 2.155E+03 9.880E-01 4.431E+01 2.000E+00
4.994E+06 7.330E+02 1.570E+00 4.677E-02 2.438E-04 1.371E+03 9.883E-01 4.432E+01 2.000E+00
1.100E+07 8.998E+02 1.459E+00 4.677E-02 4.417E-04 1.272E+03 9.891E-01 4.432E+01 2.000E+00
1.722E+06 3.057E+02 1.994E+00 4.677E-02 8.044E-04 2.520E+03 9.903E-01 4.433E+01 2.000E+00
4.345E+06 7.837E+02 1.535E+00 4.677E-02 1.469E-03 1.337E+03 9.927E-01 4.434E+01 2.000E+00
1.441E+07 8.934E+02 1.464E+00 4.677E-02 2.688E-03 1.278E+03 9.952E-01 4.437E+01 2.000E+00
2.294E+06 6.992E+02 1.601E+00 4.677E-02 4.922E-03 1.401E+03 9.974E-01 4.442E+01 2.000E+00
7.740E+07 6.943E+02 1.599E+00 5.915E-02 6.280E-06 1.406E+03 1.000E+00 4.431E+01 0.000E+00
7.886E+07 7.018E+02 1.593E+00 5.915E-02 6.321E-06 1.400E+03 1.000E+00 4.431E+01 0.000E+00
3.297E+07 9.944E+02 1.404E+00 5.915E-02 6.396E-06 1.236E+03 1.000E+00 4.431E+01 0.000E+00
3.366E+07 9.944E+02 1.404E+00 5.915E-02 6.534E-06 1.236E+03 1.000E+00 4.431E+01 0.000E+00
3.499E+07 9.944E+02 1.404E+00 5.915E-02 6.786E-06 1.236E+03 1.000E+00 4.431E+01 0.000E+00
3.773E+07 9.944E+02 1.404E+00 5.915E-02 7.248E-06 1.236E+03 1.000E+00 4.431E+01 0.000E+00
1.202E+07 5.153E+02 1.757E+00 5.915E-02 8.095E-06 1.632E+03 1.000E+00 4.431E+01 0.000E+00
6.385E+07 9.944E+02 1.404E+00 5.915E-02 9.648E-06 1.236E+03 1.000E+00 4.431E+01 0.000E+00
3.790E+08 9.944E+02 1.404E+00 5.915E-02 1.249E-05 1.236E+03 1.000E+00 4.431E+01 0.000E+00
4.919E+07 9.739E+02 1.415E+00 5.915E-02 1.771E-05 1.244E+03 1.000E+00 4.431E+01 0.000E+00
7.691E+06 9.173E+02 1.448E+00 5.915E-02 2.728E-05 1.268E+03 1.000E+00 4.431E+01 0.000E+00
3.298E+07 7.012E+02 1.594E+00 5.915E-02 4.480E-05 1.400E+03 1.000E+00 4.431E+01 0.000E+00
2.304E+06 6.099E+02 1.669E+00 5.915E-02 7.694E-05 1.492E+03 1.000E+00 4.431E+01 0.000E+00
1.990E+07 6.925E+02 1.600E+00 5.915E-02 1.358E-04 1.408E+03 1.000E+00 4.431E+01 0.000E+00
2.393E+06 3.848E+02 1.898E+00 5.915E-02 2.438E-04 2.000E+03 1.000E+00 4.432E+01 0.000E+00
4.139E+06 3.157E+02 1.981E+00 5.915E-02 4.417E-04 2.431E+03 1.000E+00 4.432E+01 0.000E+00
7.660E+06 6.827E+02 1.609E+00 5.915E-02 8.044E-04 1.417E+03 1.000E+00 4.433E+01 0.000E+00
2.094E+07 8.822E+02 1.470E+00 5.915E-02 1.469E-03 1.287E+03 1.000E+00 4.435E+01 0.000E+00
4.880E+06 8.862E+02 1.469E+00 5.915E-02 2.688E-03 1.286E+03 1.000E+00 4.437E+01 0.000E+00
6.907E+06 6.675E+02 1.626E+00 5.915E-02 4.922E-03 1.432E+03 1.000E+00 4.442E+01 0.000E+00
3.352E+06 4.404E+02 1.835E+00 7.482E-02 6.280E-06 1.808E+03 1.000E+00 4.431E+01 0.000E+00
3.671E+06 4.404E+02 1.835E+00 7.482E-02 6.321E-06 1.808E+03 1.000E+00 4.431E+01 0.000E+00
4.460E+06 4.404E+02 1.835E+00 7.482E-02 6.396E-06 1.811E+03 1.000E+00 4.431E+01 0.000E+00
7.489E+06 4.404E+02 1.835E+00 7.482E-02 6.534E-06 1.808E+03 1.000E+00 4.431E+01 0.000E+00
5.292E+06 3.596E+02 1.927E+00 7.482E-02 6.786E-06 2.129E+03 1.000E+00 4.431E+01 0.000E+00
7.866E+06 9.169E+02 1.448E+00 7.482E-02 7.248E-06 1.273E+03 1.000E+00 4.431E+01 0.000E+00
6.012E+06 5.714E+02 1.703E+00 7.482E-02 8.095E-06 1.546E+03 1.000E+00 4.431E+01 0.000E+00
8.074E+06 7.492E+02 1.558E+00 7.482E-02 9.648E-06 1.368E+03 1.000E+00 4.431E+01 0.000E+00
3.828E+07 9.118E+02 1.451E+00 7.482E-02 1.249E-05 1.290E+03 1.000E+00 4.431E+01 0.000E+00
6.272E+06 6.925E+02 1.600E+00 7.482E-02 1.771E-05 1.413E+03 1.000E+00 4.431E+01 0.000E+00
4.448E+06 9.361E+02 1.437E+00 7.482E-02 2.728E-05 1.265E+03 1.000E+00 4.431E+01 0.000E+00
6.901E+06 9.638E+02 1.421E+00 7.482E-02 4.480E-05 1.254E+03 1.000E+00 4.431E+01 0.000E+00
3.978E+07 9.611E+02 1.423E+00 7.482E-02 7.694E-05 1.255E+03 1.000E+00 4.431E+01 0.000E+00
7.833E+06 7.364E+02 1.567E+00 7.482E-02 1.358E-04 1.379E+03 1.000E+00 4.432E+01 0.000E+00
1.518E+07 4.800E+02 1.793E+00 7.482E-02 2.438E-04 1.709E+03 1.000E+00 4.432E+01 0.000E+00
4.467E+07 7.026E+02 1.593E+00 7.482E-02 4.417E-04 1.405E+03 1.000E+00 4.432E+01 0.000E+00
1.806E+07 4.861E+02 1.788E+00 7.482E-02 8.044E-04 1.699E+03 1.000E+00 4.433E+01 0.000E+00
6.040E+06 7.650E+02 1.548E+00 7.482E-02 1.469E-03 1.359E+03 1.000E+00 4.435E+01 0.000E+00
4.512E+06 2.495E+02 2.069E+00 7.482E-02 2.688E-03 3.439E+03 1.000E+00 4.437E+01 0.000E+00
8.283E+06 8.413E+02 1.499E+00 7.482E-02 4.922E-03 1.319E+03 1.000E+00 4.442E+01 0.000E+00
8.904E+06 5.670E+02 1.707E+00 9.464E-02 6.280E-06 1.559E+03 1.000E+00 4.431E+01 0.000E+00
1.083E+07 5.670E+02 1.707E+00 9.464E-02 6.321E-06 1.559E+03 1.000E+00 4.431E+01 0.000E+00
1.810E+07 5.670E+02 1.707E+00 9.464E-02 6.396E-06 1.564E+03 1.000E+00 4.431E+01 0.000E+00
2.641E+06 5.589E+02 1.715E+00 9.464E-02 6.534E-06 1.571E+03 1.000E+00 4.431E+01 0.000E+00
3.784E+06 5.589E+02 1.715E+00 9.464E-02 6.786E-06 1.570E+03 1.000E+00 4.431E+01 0.000E+00
2.632E+07 5.589E+02 1.715E+00 9.464E-02 7.248E-06 1.570E+03 1.000E+00 4.431E+01 0.000E+00
1.515E+07 5.663E+02 1.708E+00 9.464E-02 8.095E-06 1.560E+03 1.000E+00 4.431E+01 0.000E+00
3.358E+06 4.801E+02 1.793E+00 9.464E-02 9.648E-06 1.714E+03 1.000E+00 4.431E+01 0.000E+00
2.265E+06 6.057E+02 1.672E+00 9.464E-02 1.249E-05 1.508E+03 1.000E+00 4.431E+01 0.000E+00
7.237E+06 5.369E+02 1.736E+00 9.464E-02 1.771E-05 1.605E+03 1.000E+00 4.431E+01 0.000E+00
1.589E+06 4.209E+02 1.857E+00 9.464E-02 2.728E-05 1.873E+03 1.000E+00 4.431E+01 0.000E+00
1.857E+07 7.589E+02 1.551E+00 9.464E-02 4.480E-05 1.369E+03 1.000E+00 4.431E+01 0.000E+00
3.906E+06 3.003E+02 1.999E+00 9.464E-02 7.694E-05 2.600E+03 1.000E+00 4.431E+01 0.000E+00
1.313E+09 6.889E+02 1.603E+00 9.464E-02 1.358E-04 1.423E+03 1.000E+00 4.432E+01 0.000E+00
3.541E+06 6.091E+02 1.670E+00 9.464E-02 2.438E-04 1.511E+03 1.000E+00 4.432E+01 0.000E+00
2.292E+06 5.290E+02 1.744E+00 9.464E-02 4.417E-04 1.617E+03 1.000E+00 4.432E+01 0.000E+00
7.381E+06 6.775E+02 1.613E+00 9.464E-02 8.044E-04 1.434E+03 1.000E+00 4.433E+01 0.000E+00
7.582E+06 4.224E+02 1.858E+00 9.464E-02 1.469E-03 1.862E+03 1.000E+00 4.435E+01 0.000E+00
2.299E+07 8.082E+02 1.519E+00 9.464E-02 2.688E-03 1.342E+03 1.000E+00 4.437E+01 0.000E+00
7.158E+06 9.602E+02 1.427E+00 9.464E-02 4.922E-03 1.275E+03 1.000E+00 4.443E+01 0.000E+00
1.269E+07 8.356E+02 1.498E+00 1.197E-01 6.280E-06 1.331E+03 1.000E+00 4.431E+01 0.000E+00
1.373E+07 8.356E+02 1.498E+00 1.197E-01 6.321E-06 1.331E+03 1.000E+00 4.431E+01 0.000E+00
1.617E+07 8.356E+02 1.498E+00 1.197E-01 6.396E-06 1.331E+03 1.000E+00 4.431E+01 0.000E+00
2.414E+07 8.356E+02 1.498E+00 1.197E-01 6.534E-06 1.331E+03 1.000E+00 4.431E+01 0.000E+00
3.233E+08 8.356E+02 1.498E+00 1.197E-01 6.786E-06 1.337E+03 1.000E+00 4.431E+01 0.000E+00
3.832E+06 6.062E+02 1.672E+00 1.197E-01 7.248E-06 1.517E+03 1.000E+00 4.431E+01 0.000E+00
5.496E+06 8.208E+02 1.508E+00 1.197E-01 8.095E-06 1.339E+03 1.000E+00 4.431E+01 0.000E+00
7.772E+06 6.363E+02 1.646E+00 1.197E-01 9.648E-06 1.482E+03 1.000E+00 4.431E+01 0.000E+00
8.182E+06 7.789E+02 1.537E+00 1.197E-01 1.249E-05 1.364E+03 1.000E+00 4.431E+01 0.000E+00
1.929E+06 8.919E+02 1.463E+00 1.197E-01 1.771E-05 1.303E+03 1.000E+00 4.431E+01 0.000E+00
5.752E+07 8.880E+02 1.465E+00 1.197E-01 2.728E-05 1.304E+03 1.000E+00 4.431E+01 0.000E+00
2.425E+07 8.399E+02 1.496E+00 1.197E-01 4.480E-05 1.329E+03 1.000E+00 4.431E+01 0.000E+00
1.495E+06 5.006E+02 1.772E+00 1.197E-01 7.694E-05 1.678E+03 1.000E+00 4.431E+01 0.000E+00
1.472E+07 3.234E+02 1.972E+00 1.197E-01 1.358E-04 2.380E+03 1.000E+00 4.432E+01 0.000E+00
5.570E+06 5.290E+02 1.744E+00 1.197E-01 2.438E-04 1.626E+03 1.000E+00 4.432E+01 0.000E+00
6.754E+06 6.474E+02 1.637E+00 1.197E-01 4.417E-04 1.476E+03 1.000E+00 4.432E+01 0.000E+00
1.207E+08 5.385E+02 1.736E+00 1.197E-01 8.044E-04 1.610E+03 1.000E+00 4.433E+01 0.000E+00
1.459E+07 3.754E+02 1.913E+00 1.197E-01 1.469E-03 2.049E+03 1.000E+00 4.435E+01 0.000E+00
1.085E+07 8.867E+02 1.468E+00 1.197E-01 2.688E-03 1.312E+03 1.000E+00 4.437E+01 0.000E+00
5.593E+06 8.507E+02 1.493E+00 1.197E-01 4.922E-03 1.334E+03 1.000E+00 4.443E+01 0.000E+00
2.804E+06 7.818E+02 1.535E+00 1.514E-01 6.280E-06 1.377E+03 1.000E+00 4.431E+01 0.000E+00
2.858E+06 7.818E+02 1.535E+00 1.514E-01 6.321E-06 1.376E+03 1.000E+00 4.431E+01 0.000E+00
2.964E+06 7.818E+02 1.535E+00 1.514E-01 6.396E-06 1.375E+03 1.000E+00 4.431E+01 0.000E+00
3.242E+06 4.203E+02 1.858E+00 1.514E-01 6.534E-06 1.892E+03 1.000E+00 4.431E+01 0.000E+00
7.251E+06 4.203E+02 1.858E+00 1.514E-01 6.786E-06 1.892E+03 1.000E+00 4.431E+01 0.000E+00
5.364E+06 7.818E+02 1.535E+00 1.514E-01 7.248E-06 1.376E+03 1.000E+00 4.431E+01 0.000E+00
5.837E+07 7.787E+02 1.537E+00 1.514E-01 8.095E-06 1.377E+03 1.000E+00 4.431E+01 0.000E+00
1.885E+07 9.641E+02 1.421E+00 1.514E-01 9.648E-06 1.287E+03 1.000E+00 4.431E+01 0.000E+00
1.019E+07 9.564E+02 1.425E+00 1.514E-01 1.249E-05 1.290E+03 1.000E+00 4.431E+01 0.000E+00
2.872E+07 3.588E+02 1.929E+00 1.514E-01 1.771E-05 2.152E+03 1.000E+00 4.431E+01 0.000E+00
2.245E+06 5.145E+02 1.758E+00 1.514E-01 2.728E-05 1.662E+03 1.000E+00 4.431E+01 0.000E+00
8.532E+06 8.154E+02 1.512E+00 1.514E-01 4.480E-05 1.356E+03 1.000E+00 4.431E+01 0.000E+00
1.813E+07 9.610E+02 1.423E+00 1.514E-01 7.694E-05 1.289E+03 1.000E+00 4.432E+01 0.000E+00
1.337E+07 8.996E+02 1.459E+00 1.514E-01 1.358E-04 1.313E+03 1.000E+00 4.432E+01 0.000E+00
2.292E+06 5.360E+02 1.737E+00 1.514E-01 2.438E-04 1.625E+03 1.000E+00 4.432E+01 0.000E+00
6.413E+06 5.382E+02 1.735E+00 1.514E-01 4.417E-04 1.621E+03 1.000E+00 4.432E+01 0.000E+00
2.341E+06 7.578E+02 1.552E+00 1.514E-01 8.044E-04 1.398E+03 1.000E+00 4.433E+01 0.000E+00
2.327E+08 6.842E+02 1.609E+00 1.514E-01 1.469E-03 1.450E+03 1.000E+00 4.435E+01 0.000E+00
1.013E+07 5.838E+02 1.696E+00 1.514E-01 2.688E-03 1.557E+03 1.000E+00 4.438E+01 0.000E+00
2.538E+07 2.535E+02 2.075E+00 1.514E-01 4.922E-03 3.216E+03 1.000E+00 4.443E+01 0.000E+00
7.483E+06 5.141E+02 1.758E+00 1.915E-01 6.280E-06 1.677E+03 1.000E+00 4.431E+01 0.000E+00
9.041E+06 5.141E+02 1.758E+00 1.915E-01 6.321E-06 1.719E+03 1.000E+00 4.431E+01 0.000E+00
6.733E+05 2.739E+02 2.032E+00 1.915E-01 6.396E-06 2.988E+03 1.000E+00 4.431E+01 0.000E+00
4.922E+06 7.451E+02 1.561E+00 1.915E-01 6.534E-06 1.418E+03 1.000E+00 4.431E+01 0.000E+00
6.890E+06 7.451E+02 1.561E+00 1.915E-01 6.786E-06 1.417E+03 1.000E+00 4.431E+01 0.000E+00
3.078E+07 7.451E+02 1.561E+00 1.915E-01 7.248E-06 1.418E+03 1.000E+00 4.431E+01 0.000E+00
2.352E+06 6.028E+02 1.675E+00 1.915E-01 8.095E-06 1.547E+03 1.000E+00 4.431E+01 0.000E+00
9.572E+06 6.055E+02 1.673E+00 1.915E-01 9.648E-06 1.544E+03 1.000E+00 4.431E+01 0.000E+00
3.234E+07 6.054E+02 1.673E+00 1.915E-01 1.249E-05 1.546E+03 1.000E+00 4.431E+01 0.000E+00
7.817E+06 6.559E+02 1.630E+00 1.915E-01 1.771E-05 1.490E+03 1.000E+00 4.431E+01 0.000E+00
6.780E+06 3.257E+02 1.969E+00 1.915E-01 2.728E-05 2.381E+03 1.000E+00 4.432E+01 0.000E+00
4.648E+06 5.935E+02 1.683E+00 1.915E-01 4.480E-05 1.558E+03 1.000E+00 4.432E+01 0.000E+00
4.086E+07 7.489E+02 1.558E+00 1.915E-01 7.694E-05 1.415E+03 1.000E+00 4.432E+01 0.000E+00
1.819E+06 6.914E+02 1.602E+00 1.915E-01 1.358E-04 1.459E+03 1.000E+00 4.432E+01 0.000E+00
1.309E+07 5.664E+02 1.708E+00 1.915E-01 2.438E-04 1.594E+03 1.000E+00 4.432E+01 0.000E+00
4.437E+06 7.988E+02 1.523E+00 1.915E-01 4.417E-04 1.385E+03 1.000E+00 4.432E+01 0.000E+00
8.035E+08 8.670E+02 1.479E+00 1.915E-01 8.044E-04 1.350E+03 1.000E+00 4.433E+01 0.000E+00
1.022E+07 6.308E+02 1.653E+00 1.915E-01 1.469E-03 1.518E+03 1.000E+00 4.435E+01 0.000E+00
4.489E+06 3.792E+02 1.912E+00 1.915E-01 2.688E-03 2.048E+03 1.000E+00 4.438E+01 0.000E+00
8.808E+06 9.429E+02 1.437E+00 1.915E-01 4.922E-03 1.336E+03 1.000E+00 4.443E+01 0.000E+00
1.119E+07 8.310E+02 1.502E+00 2.422E-01 6.280E-06 1.394E+03 1.000E+00 4.432E+01 0.000E+00
1.200E+07 8.310E+02 1.502E+00 2.422E-01 6.321E-06 1.393E+03 1.000E+00 4.432E+01 0.000E+00
1.387E+07 8.310E+02 1.502E+00 2.422E-01 6.396E-06 1.393E+03 1.000E+00 4.432E+01 0.000E+00
1.950E+07 8.310E+02 1.502E+00 2.422E-01 6.534E-06 1.394E+03 1.000E+00 4.432E+01 0.000E+00
8.161E+07 8.310E+02 1.502E+00 2.422E-01 6.786E-06 1.393E+03 1.000E+00 4.432E+01 0.000E+00
7.512E+06 6.298E+02 1.652E+00 2.422E-01 7.248E-06 1.539E+03 1.000E+00 4.432E+01 0.000E+00
2.047E+07 2.937E+02 2.008E+00 2.422E-01 8.095E-06 2.704E+03 1.000E+00 4.432E+01 0.000E+00
4.439E+06 8.600E+02 1.483E+00 2.422E-01 9.648E-06 1.379E+03 1.000E+00 4.432E+01 0.000E+00
4.867E+06 6.468E+02 1.638E+00 2.422E-01 1.249E-05 1.522E+03 1.000E+00 4.432E+01 0.000E+00
1.038E+07 8.420E+02 1.494E+00 2.422E-01 1.771E-05 1.388E+03 1.000E+00 4.432E+01 0.000E+00
1.827E+08 6.961E+02 1.598E+00 2.422E-01 2.728E-05 1.485E+03 1.000E+00 4.432E+01 0.000E+00
2.280E+06 2.749E+02 2.031E+00 2.422E-01 4.480E-05 2.974E+03 1.000E+00 4.432E+01 0.000E+00
5.818E+06 7.285E+02 1.573E+00 2.422E-01 7.694E-05 1.455E+03 1.000E+00 4.432E+01 0.000E+00
4.510E+06 7.238E+02 1.577E+00 2.422E-01 1.358E-04 1.458E+03 1.000E+00 4.432E+01 0.000E+00
1.579E+07 2.991E+02 2.003E+00 2.422E-01 2.438E-04 2.637E+03 1.000E+00 4.432E+01 0.000E+00
8.171E+06 3.814E+02 1.904E+00 2.422E-01 4.417E-04 2.066E+03 1.000E+00 4.433E+01 0.000E+00
4.466E+06 3.111E+02 1.990E+00 2.422E-01 8.044E-04 2.507E+03 1.000E+00 4.433E+01 0.000E+00
1.955E+07 8.217E+02 1.509E+00 2.422E-01 1.469E-03 1.405E+03 1.000E+00 4.435E+01 0.000E+00
4.296E+07 9.476E+02 1.432E+00 2.422E-01 2.688E-03 1.369E+03 1.000E+00 4.438E+01 0.000E+00
1.458E+06 5.143E+02 1.767E+00 2.422E-01 4.922E-03 1.706E+03 1.000E+00 4.443E+01 0.000E+00
3.435E+06 3.099E+02 1.990E+00 3.064E-01 6.280E-06 2.546E+03 1.000E+00 4.432E+01 0.000E+00
3.838E+06 3.099E+02 1.990E+00 3.064E-01 6.321E-06 2.546E+03 1.000E+00 4.432E+01 0.000E+00
4.908E+06 3.099E+02 1.990E+00 3.064E-01 6.396E-06 2.546E+03 1.000E+00 4.432E+01 0.000E+00
1.026E+07 3.099E+02 1.990E+00 3.064E-01 6.534E-06 2.556E+03 1.000E+00 4.432E+01 0.000E+00
1.540E+06 5.804E+02 1.695E+00 3.064E-01 6.786E-06 1.628E+03 1.000E+00 4.432E+01 0.000E+00
2.091E+06 5.804E+02 1.695E+00 3.064E-01 7.248E-06 1.628E+03 1.000E+00 4.432E+01 0.000E+00
8.212E+06 5.804E+02 1.695E+00 3.064E-01 8.095E-06 1.628E+03 1.000E+00 4.432E+01 0.000E+00
5.183E+07 7.709E+02 1.542E+00 3.064E-01 9.648E-06 1.466E+03 1.000E+00 4.432E+01 0.000E+00
8.549E+06 5.646E+02 1.710E+00 3.064E-01 1.249E-05 1.648E+03 1.000E+00 4.432E+01 0.000E+00
1.571E+07 8.701E+02 1.477E+00 3.064E-01 1.771E-05 1.419E+03 1.000E+00 4.432E+01 0.000E+00
1.601E+07 3.001E+02 2.002E+00 3.064E-01 2.728E-05 2.645E+03 1.000E+00 4.432E+01 0.000E+00
1.407E+07 9.725E+02 1.416E+00 3.064E-01 4.480E-05 1.386E+03 1.000E+00 4.432E+01 0.000E+00
2.695E+07 9.424E+02 1.433E+00 3.064E-01 7.694E-05 1.394E+03 1.000E+00 4.432E+01 0.000E+00
1.376E+07 3.841E+02 1.901E+00 3.064E-01 1.358E-04 2.079E+03 1.000E+00 4.432E+01 0.000E+00
9.026E+06 8.262E+02 1.505E+00 3.064E-01 2.438E-04 1.439E+03 1.000E+00 4.432E+01 0.000E+00
2.637E+06 2.918E+02 2.013E+00 3.064E-01 4.417E-04 2.737E+03 1.000E+00 4.433E+01 0.000E+00
4.279E+06 4.836E+02 1.791E+00 3.064E-01 8.044E-04 1.786E+03 1.000E+00 4.434E+01 0.000E+00
2.656E+07 6.890E+02 1.605E+00 3.064E-01 1.469E-03 1.529E+03 1.000E+00 4.435E+01 0.000E+00
2.164E+06 7.086E+02 1.591E+00 3.064E-01 2.688E-03 1.522E+03 1.000E+00 4.438E+01 0.000E+00
3.026E+07 8.471E+02 1.496E+00 3.064E-01 4.922E-03 1.467E+03 1.000E+00 4.443E+01 0.000E+00
8.525E+06 8.989E+02 1.459E+00 3.875E-01 6.280E-06 1.488E+03 1.000E+00 4.432E+01 0.000E+00
8.770E+06 8.989E+02 1.459E+00 3.875E-01 6.321E-06 1.488E+03 1.000E+00 4.432E+01 0.000E+00
9.261E+06 8.989E+02 1.459E+00 3.875E-01 6.396E-06 1.490E+03 1.000E+00 4.432E+01 0.000E+00
1.033E+07 8.989E+02 1.459E+00 3.875E-01 6.534E-06 1.489E+03 1.000E+00 4.432E+01 0.000E+00
1.315E+07 8.989E+02 1.459E+00 3.875E-01 6.786E-06 1.488E+03 1.000E+00 4.432E+01 0.000E+00
2.706E+07 8.989E+02 1.459E+00 3.875E-01 7.248E-06 1.488E+03 1.000E+00 4.432E+01 0.000E+00
7.020E+06 2.364E+02 2.078E+00 3.875E-01 8.095E-06 4.042E+03 1.000E+00 4.432E+01 0.000E+00
9.392E+06 9.549E+02 1.426E+00 3.875E-01 9.648E-06 1.478E+03 1.000E+00 4.432E+01 0.000E+00
2.278E+06 6.036E+02 1.675E+00 3.875E-01 1.249E-05 1.651E+03 1.000E+00 4.432E+01 0.000E+00
1.590E+07 8.376E+02 1.497E+00 3.875E-01 1.771E-05 1.506E+03 1.000E+00 4.432E+01 0.000E+00
1.470E+07 8.060E+02 1.518E+00 3.875E-01 2.728E-05 1.517E+03 1.000E+00 4.432E+01 0.000E+00
1.521E+07 3.485E+02 1.943E+00 3.875E-01 4.480E-05 2.289E+03 1.000E+00 4.432E+01 0.000E+00
6.096E+06 4.236E+02 1.855E+00 3.875E-01 7.694E-05 1.974E+03 1.000E+00 4.432E+01 0.000E+00
1.277E+07 9.863E+02 1.409E+00 3.875E-01 1.358E-04 1.490E+03 1.000E+00 4.432E+01 0.000E+00
2.017E+07 5.117E+02 1.762E+00 3.875E-01 2.438E-04 1.776E+03 1.000E+00 4.432E+01 0.000E+00
1.653E+06 5.407E+02 1.734E+00 3.875E-01 4.417E-04 1.731E+03 1.000E+00 4.433E+01 0.000E+00
1.548E+07 5.328E+02 1.742E+00 3.875E-01 8.044E-04 1.745E+03 1.000E+00 4.434E+01 0.000E+00
3.603E+06 6.100E+02 1.671E+00 3.875E-01 1.469E-03 1.692E+03 1.000E+00 4.435E+01 0.000E+00
2.608E+06 5.606E+02 1.718E+00 3.875E-01 2.688E-03 1.720E+03 1.000E+00 4.438E+01 0.000E+00
3.104E+06 9.757E+02 1.418E+00 3.875E-01 4.922E-03 1.560E+03 1.000E+00 4.443E+01 0.000E+00
1.004E+08 7.784E+02 1.537E+00 4.902E-01 6.280E-06 1.663E+03 1.000E+00 4.432E+01 0.000E+00
8.411E+08 7.784E+02 1.537E+00 4.902E-01 6.321E-06 1.662E+03 1.000E+00 4.432E+01 0.000E+00
1.741E+06 7.663E+02 1.546E+00 4.902E-01 6.396E-06 1.665E+03 1.000E+00 4.432E+01 0.000E+00
1.849E+06 5.865E+02 1.690E+00 4.902E-01 6.534E-06 1.756E+03 1.000E+00 4.432E+01 0.000E+00
2.235E+06 5.865E+02 1.690E+00 4.902E-01 6.786E-06 1.756E+03 1.000E+00 4.432E+01 0.000E+00
3.790E+06 5.865E+02 1.690E+00 4.902E-01 7.248E-06 1.756E+03 1.000E+00 4.432E+01 0.000E+00
3.440E+06 7.663E+02 1.546E+00 4.902E-01 8.095E-06 1.672E+03 1.000E+00 4.432E+01 0.000E+00
3.290E+06 8.314E+02 1.502E+00 4.902E-01 9.648E-06 1.660E+03 1.000E+00 4.432E+01 0.000E+00
2.024E+07 8.371E+02 1.498E+00 4.902E-01 1.249E-05 1.659E+03 1.000E+00 4.432E+01 0.000E+00
7.719E+06 7.666E+02 1.546E+00 4.902E-01 1.771E-05 1.670E+03 1.000E+00 4.432E+01 0.000E+00
8.263E+06 8.381E+02 1.497E+00 4.902E-01 2.728E-05 1.660E+03 1.000E+00 4.432E+01 0.000E+00
3.938E+06 9.455E+02 1.432E+00 4.902E-01 4.480E-05 1.684E+03 1.000E+00 4.432E+01 0.000E+00
4.656E+06 6.359E+02 1.647E+00 4.902E-01 7.694E-05 1.718E+03 1.000E+00 4.432E+01 0.000E+00
3.357E+06 2.550E+02 2.059E+00 4.902E-01 1.358E-04 3.408E+03 1.000E+00 4.432E+01 0.000E+00
1.202E+07 8.738E+02 1.475E+00 4.902E-01 2.438E-04 1.670E+03 1.000E+00 4.433E+01 0.000E+00
5.817E+06 4.418E+02 1.836E+00 4.902E-01 4.417E-04 1.988E+03 1.000E+00 4.433E+01 0.000E+00
4.089E+06 5.855E+02 1.693E+00 4.902E-01 8.044E-04 1.767E+03 1.000E+00 4.434E+01 0.000E+00
4.939E+06 5.927E+02 1.687E+00 4.902E-01 1.469E-03 1.771E+03 1.000E+00 4.436E+01 0.000E+00
1.137E+08 4.742E+02 1.806E+00 4.902E-01 2.688E-03 1.936E+03 1.000E+00 4.438E+01 0.000E+00
1.208E+07 8.836E+02 1.473E+00 4.902E-01 4.922E-03 1.849E+03 1.000E+00 4.443E+01 0.000E+00
6.529E+06 9.565E+02 1.426E+00 6.200E-01 6.280E-06 3.757E+03 1.000E+00 4.432E+01 0.000E+00
6.583E+06 9.565E+02 1.426E+00 6.200E-01 6.321E-06 3.757E+03 1.000E+00 4.432E+01 0.000E+00
6.685E+06 9.565E+02 1.426E+00 6.200E-01 6.396E-06 3.757E+03 1.000E+00 4.432E+01 0.000E+00
6.882E+06 9.565E+02 1.426E+00 6.200E-01 6.534E-06 3.758E+03 1.000E+00 4.432E+01 0.000E+00
7.277E+06 9.565E+02 1.426E+00 6.200E-01 6.786E-06 3.757E+03 1.000E+00 4.432E+01 0.000E+00
2.326E+06 6.348E+02 1.648E+00 6.200E-01 7.248E-06 1.943E+03 1.000E+00 4.432E+01 0.000E+00
7.131E+06 6.348E+02 1.648E+00 6.200E-01 8.095E-06 1.943E+03 1.000E+00 4.432E+01 0.000E+00
1.469E+07 2.476E+02 2.069E+00 6.200E-01 9.648E-06 3.625E+03 1.000E+00 4.432E+01 0.000E+00
8.918E+06 9.742E+02 1.416E+00 6.200E-01 1.249E-05 4.695E+03 1.000E+00 4.432E+01 0.000E+00
1.132E+08 9.742E+02 1.416E+00 6.200E-01 1.771E-05 4.707E+03 1.000E+00 4.432E+01 0.000E+00
2.209E+07 8.076E+02 1.518E+00 6.200E-01 2.728E-05 2.177E+03 1.000E+00 4.433E+01 0.000E+00
2.217E+07 7.405E+02 1.565E+00 6.200E-01 4.480E-05 2.032E+03 1.000E+00 4.433E+01 0.000E+00
1.663E+07 8.787E+02 1.472E+00 6.200E-01 7.694E-05 2.528E+03 1.000E+00 4.433E+01 0.000E+00
2.796E+07 8.981E+02 1.460E+00 6.200E-01 1.358E-04 2.714E+03 1.000E+00 4.433E+01 0.000E+00
2.030E+06 4.149E+02 1.867E+00 6.200E-01 2.438E-04 2.168E+03 1.000E+00 4.433E+01 0.000E+00
1.500E+07 2.523E+02 2.065E+00 6.200E-01 4.417E-04 3.487E+03 1.000E+00 4.433E+01 0.000E+00
1.107E+07 4.972E+02 1.778E+00 6.200E-01 8.044E-04 2.025E+03 1.000E+00 4.434E+01 0.000E+00
5.001E+06 5.395E+02 1.737E+00 6.200E-01 1.469E-03 2.007E+03 1.000E+00 4.436E+01 0.000E+00
8.709E+06 5.576E+02 1.722E+00 6.200E-01 2.688E-03 2.041E+03 1.000E+00 4.439E+01 0.000E+00
7.508E+06 7.245E+02 1.582E+00 6.200E-01 4.922E-03 2.521E+03 1.000E+00 4.444E+01 0.000E+00
1.688E+07 2.349E+02 2.087E+00 7.842E-01 6.280E-06 4.063E+03 1.000E+00 4.433E+01 0.000E+00
2.813E+07 2.349E+02 2.087E+00 7.842E-01 6.321E-06 4.063E+03 1.000E+00 4.433E+01 0.000E+00
8.933E+05 4.933E+02 1.782E+00 7.842E-01 6.396E-06 2.405E+03 1.000E+00 4.433E+01 0.000E+00
9.380E+05 4.933E+02 1.782E+00 7.842E-01 6.534E-06 2.405E+03 1.000E+00 4.433E+01 0.000E+00
1.036E+06 4.933E+02 1.782E+00 7.842E-01 6.786E-06 2.410E+03 1.000E+00 4.433E+01 0.000E+00
1.304E+06 4.933E+02 1.782E+00 7.842E-01 7.248E-06 2.405E+03 1.000E+00 4.433E+01 0.000E+00
2.808E+06 4.933E+02 1.782E+00 7.842E-01 8.095E-06 2.405E+03 1.000E+00 4.433E+01 0.000E+00
1.127E+07 4.865E+02 1.789E+00 7.842E-01 9.648E-06 2.396E+03 1.000E+00 4.433E+01 0.000E+00
8.475E+06 2.657E+02 2.050E+00 7.842E-01 1.249E-05 3.313E+03 1.000E+00 4.433E+01 0.000E+00
7.253E+06 4.198E+02 1.862E+00 7.842E-01 1.771E-05 2.398E+03 1.000E+00 4.433E+01 0.000E+00
3.284E+08 5.565E+02 1.719E+00 7.842E-01 2.728E-05 2.630E+03 1.000E+00 4.433E+01 0.000E+00
5.325E+07 4.069E+02 1.877E+00 7.842E-01 4.480E-05 2.418E+03 1.000E+00 4.433E+01 0.000E+00
8.365E+06 3.169E+02 1.986E+00 7.842E-01 7.694E-05 2.766E+03 1.000E+00 4.433E+01 0.000E+00
7.251E+06 3.285E+02 1.972E+00 7.842E-01 1.358E-04 2.693E+03 1.000E+00 4.433E+01 0.000E+00
5.718E+06 3.802E+02 1.909E+00 7.842E-01 2.438E-04 2.483E+03 1.000E+00 4.433E+01 0.000E+00
9.138E+05 2.479E+02 2.074E+00 7.842E-01 4.417E-04 3.661E+03 1.000E+00 4.434E+01 0.000E+00
3.481E+06 4.512E+02 1.828E+00 7.842E-01 8.044E-04 2.424E+03 1.000E+00 4.435E+01 0.000E+00
2.853E+06 5.582E+02 1.720E+00 7.842E-01 1.469E-03 3.008E+03 1.000E+00 4.436E+01 0.000E+00
1.865E+06 4.165E+02 1.872E+00 7.842E-01 2.688E-03 2.536E+03 1.000E+00 4.439E+01 0.000E+00
1.832E+06 3.768E+02 1.925E+00 7.842E-01 4.922E-03 2.690E+03 1.000E+00 4.444E+01 0.000E+00
2.968E+06 2.319E+02 2.095E+00 9.919E-01 6.280E-06 4.277E+03 1.000E+00 4.433E+01 0.000E+00
3.160E+06 2.319E+02 2.095E+00 9.919E-01 6.321E-06 4.277E+03 1.000E+00 4.433E+01 0.000E+00
3.590E+06 2.319E+02 2.095E+00 9.919E-01 6.396E-06 4.278E+03 1.000E+00 4.433E+01 0.000E+00
4.805E+06 2.319E+02 2.095E+00 9.919E-01 6.534E-06 4.285E+03 1.000E+00 4.433E+01 0.000E+00
1.327E+07 2.319E+02 2.095E+00 9.919E-01 6.786E-06 4.277E+03 1.000E+00 4.433E+01 0.000E+00
2.104E+06 2.381E+02 2.087E+00 9.919E-01 7.248E-06 4.090E+03 1.000E+00 4.433E+01 0.000E+00
1.218E+06 2.430E+02 2.081E+00 9.919E-01 8.095E-06 3.962E+03 1.000E+00 4.433E+01 0.000E+00
2.759E+06 2.300E+02 2.097E+00 9.919E-01 9.648E-06 4.343E+03 1.000E+00 4.433E+01 0.000E+00
1.656E+06 2.287E+02 2.098E+00 9.919E-01 1.249E-05 4.391E+03 1.000E+00 4.433E+01 0.000E+00
6.785E+05 2.450E+02 2.079E+00 9.919E-01 1.771E-05 3.916E+03 1.000E+00 4.433E+01 0.000E+00
3.119E+06 2.942E+02 2.017E+00 9.919E-01 2.728E-05 3.269E+03 1.000E+00 4.433E+01 0.000E+00
3.277E+06 2.481E+02 2.075E+00 9.919E-01 4.480E-05 3.848E+03 1.000E+00 4.433E+01 0.000E+00
2.275E+06 2.356E+02 2.091E+00 9.919E-01 7.694E-05 4.158E+03 1.000E+00 4.433E+01 0.000E+00
4.908E+06 2.943E+02 2.017E+00 9.919E-01 1.358E-04 3.275E+03 1.000E+00 4.434E+01 0.000E+00
6.555E+06 2.551E+02 2.067E+00 9.919E-01 2.438E-04 3.715E+03 1.000E+00 4.434E+01 0.000E+00
6.051E+08 2.076E+02 2.124E+00 9.919E-01 4.417E-04 5.580E+03 1.000E+00 4.434E+01 0.000E+00
2.079E+06 2.886E+02 2.027E+00 9.919E-01 8.044E-04 3.345E+03 1.000E+00 4.435E+01 0.000E+00
6.113E+06 2.538E+02 2.074E+00 9.919E-01 1.469E-03 3.753E+03 1.000E+00 4.437E+01 0.000E+00
1.302E+06 2.289E+02 2.111E+00 9.919E-01 2.688E-03 4.303E+03 1.000E+00 4.439E+01 0.000E+00
5.325E+07 2.440E+02 2.102E+00 9.919E-01 4.922E-03 4.008E+03 1.000E+00 4.445E+01 0.000E+00
3.579E+06 2.490E+02 2.079E+00 1.255E+00 6.280E-06 4.711E+03 1.000E+00 4.434E+01 0.000E+00
3.949E+06 2.490E+02 2.079E+00 1.255E+00 6.321E-06 4.711E+03 1.000E+00 4.434E+01 0.000E+00
4.885E+06 2.490E+02 2.079E+00 1.255E+00 6.396E-06 4.710E+03 1.000E+00 4.434E+01 0.000E+00
8.754E+06 2.490E+02 2.079E+00 1.255E+00 6.534E-06 4.710E+03 1.000E+00 4.434E+01 0.000E+00
1.143E+06 2.511E+02 2.076E+00 1.255E+00 6.786E-06 4.714E+03 1.000E+00 4.434E+01 0.000E+00
1.020E+07 2.237E+02 2.110E+00 1.255E+00 7.248E-06 5.066E+03 1.000E+00 4.434E+01 0.000E+00
2.288E+07 2.550E+02 2.071E+00 1.255E+00 8.095E-06 4.725E+03 1.000E+00 4.434E+01 0.000E+00
5.399E+06 2.452E+02 2.083E+00 1.255E+00 9.648E-06 4.722E+03 1.000E+00 4.434E+01 0.000E+00
2.421E+08 2.465E+02 2.082E+00 1.255E+00 1.249E-05 4.718E+03 1.000E+00 4.434E+01 0.000E+00
3.467E+06 2.498E+02 2.077E+00 1.255E+00 1.771E-05 4.713E+03 1.000E+00 4.434E+01 0.000E+00
1.390E+06 2.696E+02 2.052E+00 1.255E+00 2.728E-05 5.011E+03 1.000E+00 4.434E+01 0.000E+00
1.494E+06 2.221E+02 2.112E+00 1.255E+00 4.480E-05 5.117E+03 1.000E+00 4.434E+01 0.000E+00
1.300E+06 2.339E+02 2.098E+00 1.255E+00 7.694E-05 4.851E+03 1.000E+00 4.434E+01 0.000E+00
3.154E+06 2.326E+02 2.100E+00 1.255E+00 1.358E-04 4.895E+03 1.000E+00 4.434E+01 0.000E+00
6.874E+06 2.558E+02 2.071E+00 1.255E+00 2.438E-04 4.808E+03 1.000E+00 4.434E+01 0.000E+00
4.941E+06 2.292E+02 2.105E+00 1.255E+00 4.417E-04 5.077E+03 1.000E+00 4.435E+01 0.000E+00
8.953E+06 2.621E+02 2.065E+00 1.255E+00 8.044E-04 5.233E+03 1.000E+00 4.436E+01 0.000E+00
4.525E+06 2.230E+02 2.118E+00 1.255E+00 1.469E-03 5.255E+03 1.000E+00 4.437E+01 0.000E+00
1.336E+06 2.381E+02 2.104E+00 1.255E+00 2.688E-03 5.591E+03 1.000E+00 4.440E+01 0.000E+00
NAN NAN NAN 1.255E+00 4.922E-03 NAN 1.000E+00 4.445E+01 0.000E+00
NAN NAN NAN 1.587E+00 6.280E-06 NAN 1.000E+00 4.435E+01 0.000E+00
NAN NAN NAN 1.587E+00 6.321E-06 NAN 1.000E+00 4.435E+01 0.000E+00
NAN NAN NAN 1.587E+00 6.396E-06 NAN 1.000E+00 4.435E+01 0.000E+00
NAN NAN NAN 1.587E+00 6.534E-06 NAN 1.000E+00 4.435E+01 0.000E+00
NAN NAN NAN 1.587E+00 6.786E-06 NAN 1.000E+00 4.435E+01 0.000E+00
NAN NAN NAN 1.587E+00 7.248E-06 NAN 1.000E+00 4.435E+01 0.000E+00
NAN NAN NAN 1.587E+00 8.095E-06 NAN 1.000E+00 4.435E+01 0.000E+00
NAN NAN NAN 1.587E+00 9.648E-06 NAN 1.000E+00 4.435E+01 0.000E+00
NAN NAN NAN 1.587E+00 1.249E-05 NAN 1.000E+00 4.435E+01 0.000E+00
NAN NAN NAN 1.587E+00 1.771E-05 NAN 1.000E+00 4.435E+01 0.000E+00
NAN NAN NAN 1.587E+00 2.728E-05 NAN 1.000E+00 4.435E+01 0.000E+00
NAN NAN NAN 1.587E+00 4.480E-05 NAN 1.000E+00 4.435E+01 0.000E+00
NAN NAN NAN 1.587E+00 7.694E-05 NAN 1.000E+00 4.435E+01 0.000E+00
NAN NAN NAN 1.587E+00 1.358E-04 NAN 1.000E+00 4.435E+01 0.000E+00
NAN NAN NAN 1.587E+00 2.438E-04 NAN 1.000E+00 4.435E+01 0.000E+00
NAN NAN NAN 1.587E+00 4.417E-04 NAN 1.000E+00 4.436E+01 0.000E+00
NAN NAN NAN 1.587E+00 8.044E-04 NAN 1.000E+00 4.437E+01 0.000E+00
NAN NAN NAN 1.587E+00 1.469E-03 NAN 1.000E+00 4.438E+01 0.000E+00
NAN NAN NAN 1.587E+00 2.688E-03 NAN 1.000E+00 4.441E+01 0.000E+00
NAN NAN NAN 1.587E+00 4.922E-03 NAN 1.000E+00 4.446E+01 0.000E+00
NAN NAN NAN 2.007E+00 6.280E-06 NAN 1.000E+00 4.436E+01 0.000E+00
NAN NAN NAN 2.007E+00 6.321E-06 NAN 1.000E+00 4.436E+01 0.000E+00
NAN NAN NAN 2.007E+00 6.396E-06 NAN 1.000E+00 4.436E+01 0.000E+00
NAN NAN NAN 2.007E+00 6.534E-06 NAN 1.000E+00 4.436E+01 0.000E+00
NAN NAN NAN 2.007E+00 6.786E-06 NAN 1.000E+00 4.436E+01 0.000E+00
NAN NAN NAN 2.007E+00 7.248E-06 NAN 1.000E+00 4.436E+01 0.000E+00
NAN NAN NAN 2.007E+00 8.095E-06 NAN 1.000E+00 4.436E+01 0.000E+00
NAN NAN NAN 2.007E+00 9.648E-06 NAN 1.000E+00 4.436E+01 0.000E+00
NAN NAN NAN 2.007E+00 1.249E-05 NAN 1.000E+00 4.436E+01 0.000E+00
NAN NAN NAN 2.007E+00 1.771E-05 NAN 1.000E+00 4.436E+01 0.000E+00
NAN NAN NAN 2.007E+00 2.728E-05 NAN 1.000E+00 4.436E+01 0.000E+00
NAN NAN NAN 2.007E+00 4.480E-05 NAN 1.000E+00 4.436E+01 0.000E+00
NAN NAN NAN 2.007E+00 7.694E-05 NAN 1.000E+00 4.436E+01 0.000E+00
NAN NAN NAN 2.007E+00 1.358E-04 NAN 1.000E+00 4.436E+01 0.000E+00
NAN NAN NAN 2.007E+00 2.438E-04 NAN 1.000E+00 4.436E+01 0.000E+00
NAN NAN NAN 2.007E+00 4.417E-04 NAN 1.000E+00 4.437E+01 0.000E+00
NAN NAN NAN 2.007E+00 8.044E-04 NAN 1.000E+00 4.437E+01 0.000E+00
NAN NAN NAN 2.007E+00 1.469E-03 NAN 1.000E+00 4.439E+01 0.000E+00
NAN NAN NAN 2.007E+00 2.688E-03 NAN 1.000E+00 4.442E+01 0.000E+00
NAN NAN NAN 2.007E+00 4.922E-03 NAN 1.000E+00 4.447E+01 0.000E+00
NAN NAN NAN 2.539E+00 6.280E-06 NAN 1.000E+00 4.437E+01 0.000E+00
NAN NAN NAN 2.539E+00 6.321E-06 NAN 1.000E+00 4.437E+01 0.000E+00
NAN NAN NAN 2.539E+00 6.396E-06 NAN 1.000E+00 4.437E+01 0.000E+00
NAN NAN NAN 2.539E+00 6.534E-06 NAN 1.000E+00 4.437E+01 0.000E+00
NAN NAN NAN 2.539E+00 6.786E-06 NAN 1.000E+00 4.437E+01 0.000E+00
NAN NAN NAN 2.539E+00 7.248E-06 NAN 1.000E+00 4.437E+01 0.000E+00
NAN NAN NAN 2.539E+00 8.095E-06 NAN 1.000E+00 4.437E+01 0.000E+00
NAN NAN NAN 2.539E+00 9.648E-06 NAN 1.000E+00 4.437E+01 0.000E+00
NAN NAN NAN 2.539E+00 1.249E-05 NAN 1.000E+00 4.437E+01 0.000E+00
NAN NAN NAN 2.539E+00 1.771E-05 NAN 1.000E+00 4.437E+01 0.000E+00
NAN NAN NAN 2.539E+00 2.728E-05 NAN 1.000E+00 4.437E+01 0.000E+00
NAN NAN NAN 2.539E+00 4.480E-05 NAN 1.000E+00 4.437E+01 0.000E+00
NAN NAN NAN 2.539E+00 7.694E-05 NAN 1.000E+00 4.437E+01 0.000E+00
NAN NAN NAN 2.539E+00 1.358E-04 NAN 1.000E+00 4.437E+01 0.000E+00
NAN NAN NAN 2.539E+00 2.438E-04 NAN 1.000E+00 4.437E+01 0.000E+00
NAN NAN NAN 2.539E+00 4.417E-04 NAN 1.000E+00 4.438E+01 0.000E+00
NAN NAN NAN 2.539E+00 8.044E-04 NAN 1.000E+00 4.439E+01 0.000E+00
NAN NAN NAN 2.539E+00 1.469E-03 NAN 1.000E+00 4.440E+01 0.000E+00
NAN NAN NAN 2.539E+00 2.688E-03 NAN 1.000E+00 4.443E+01 0.000E+00
NAN NAN NAN 2.539E+00 4.922E-03 NAN 1.000E+00 4.448E+01 0.000E+00
NAN NAN NAN 3.211E+00 6.280E-06 NAN 1.000E+00 4.438E+01 3.000E+00
NAN NAN NAN 3.211E+00 6.321E-06 NAN 1.000E+00 4.438E+01 3.000E+00
NAN NAN NAN 3.211E+00 6.396E-06 NAN 1.000E+00 4.438E+01 3.000E+00
NAN NAN NAN 3.211E+00 6.534E-06 NAN 1.000E+00 4.438E+01 3.000E+00
NAN NAN NAN 3.211E+00 6.786E-06 NAN 1.000E+00 4.438E+01 3.000E+00
NAN NAN NAN 3.211E+00 7.248E-06 NAN 1.000E+00 4.438E+01 3.000E+00
NAN NAN NAN 3.211E+00 8.095E-06 NAN 1.000E+00 4.438E+01 3.000E+00
NAN NAN NAN 3.211E+00 9.648E-06 NAN 1.000E+00 4.438E+01 3.000E+00
NAN NAN NAN 3.211E+00 1.249E-05 NAN 1.000E+00 4.438E+01 3.000E+00
NAN NAN NAN 3.211E+00 1.771E-05 NAN 1.000E+00 4.438E+01 3.000E+00
NAN NAN NAN 3.211E+00 2.728E-05 NAN 1.000E+00 4.438E+01 3.000E+00
NAN NAN NAN 3.211E+00 4.480E-05 NAN 1.000E+00 4.438E+01 3.000E+00
NAN NAN NAN 3.211E+00 7.694E-05 NAN 1.000E+00 4.439E+01 3.000E+00
NAN NAN NAN 3.211E+00 1.358E-04 NAN 1.000E+00 4.439E+01 3.000E+00
NAN NAN NAN 3.211E+00 2.438E-04 NAN 1.000E+00 4.439E+01 3.000E+00
NAN NAN NAN 3.211E+00 4.417E-04 NAN 1.000E+00 4.439E+01 3.000E+00
NAN NAN NAN 3.211E+00 8.044E-04 NAN 1.000E+00 4.440E+01 3.000E+00
NAN NAN NAN 3.211E+00 1.469E-03 NAN 1.000E+00 4.442E+01 3.000E+00
NAN NAN NAN 3.211E+00 2.688E-03 NAN 1.000E+00 4.445E+01 3.000E+00
NAN NAN NAN 3.211E+00 4.922E-03 NAN 1.000E+00 4.450E+01 3.000E+00
NAN NAN NAN 4.062E+00 6.280E-06 NAN 1.000E+00 4.440E+01 3.000E+00
NAN NAN NAN 4.062E+00 6.321E-06 NAN 1.000E+00 4.440E+01 3.000E+00
NAN NAN NAN 4.062E+00 6.396E-06 NAN 1.000E+00 4.440E+01 3.000E+00
NAN NAN NAN 4.062E+00 6.534E-06 NAN 1.000E+00 4.440E+01 3.000E+00
NAN NAN NAN 4.062E+00 6.786E-06 NAN 1.000E+00 4.440E+01 3.000E+00
NAN NAN NAN 4.062E+00 7.248E-06 NAN 1.000E+00 4.440E+01 3.000E+00
NAN NAN NAN 4.062E+00 8.095E-06 NAN 1.000E+00 4.440E+01 3.000E+00
NAN NAN NAN 4.062E+00 9.648E-06 NAN 1.000E+00 4.440E+01 3.000E+00
NAN NAN NAN 4.062E+00 1.249E-05 NAN 1.000E+00 4.440E+01 3.000E+00
NAN NAN NAN 4.062E+00 1.771E-05 NAN 1.000E+00 4.440E+01 3.000E+00
NAN NAN NAN 4.062E+00 2.728E-05 NAN 1.000E+00 4.440E+01 3.000E+00
NAN NAN NAN 4.062E+00 4.480E-05 NAN 1.000E+00 4.440E+01 3.000E+00
NAN NAN NAN 4.062E+00 7.694E-05 NAN 1.000E+00 4.441E+01 3.000E+00
NAN NAN NAN 4.062E+00 1.358E-04 NAN 1.000E+00 4.441E+01 3.000E+00
NAN NAN NAN 4.062E+00 2.438E-04 NAN 1.000E+00 4.441E+01 3.000E+00
NAN NAN NAN 4.062E+00 4.417E-04 NAN 1.000E+00 4.441E+01 3.000E+00
NAN NAN NAN 4.062E+00 8.044E-04 NAN 1.000E+00 4.442E+01 3.000E+00
NAN NAN NAN 4.062E+00 1.469E-03 NAN 1.000E+00 4.444E+01 3.000E+00
NAN NAN NAN 4.062E+00 2.688E-03 NAN 1.000E+00 4.447E+01 3.000E+00
NAN NAN NAN 4.062E+00 4.922E-03 NAN 1.000E+00 4.452E+01 3.000E+00
NAN NAN NAN 5.138E+00 6.280E-06 NAN 1.000E+00 4.443E+01 3.000E+00
NAN NAN NAN 5.138E+00 6.321E-06 NAN 1.000E+00 4.443E+01 3.000E+00
NAN NAN NAN 5.138E+00 6.396E-06 NAN 1.000E+00 4.443E+01 3.000E+00
NAN NAN NAN 5.138E+00 6.534E-06 NAN 1.000E+00 4.443E+01 3.000E+00
NAN NAN NAN 5.138E+00 6.786E-06 NAN 1.000E+00 4.443E+01 3.000E+00
NAN NAN NAN 5.138E+00 7.248E-06 NAN 1.000E+00 4.443E+01 3.000E+00
NAN NAN NAN 5.138E+00 8.095E-06 NAN 1.000E+00 4.443E+01 3.000E+00
NAN NAN NAN 5.138E+00 9.648E-06 NAN 1.000E+00 4.443E+01 3.000E+00
NAN NAN NAN 5.138E+00 1.249E-05 NAN 1.000E+00 4.443E+01 3.000E+00
NAN NAN NAN 5.138E+00 1.771E-05 NAN 1.000E+00 4.443E+01 3.000E+00
NAN NAN NAN 5.138E+00 2.728E-05 NAN 1.000E+00 4.443E+01 3.000E+00
NAN NAN NAN 5.138E+00 4.480E-05 NAN 1.000E+00 4.443E+01 3.000E+00
NAN NAN NAN 5.138E+00 7.694E-05 NAN 1.000E+00 4.443E+01 3.000E+00
NAN NAN NAN 5.138E+00 1.358E-04 NAN 1.000E+00 4.443E+01 3.000E+00
NAN NAN NAN 5.138E+00 2.438E-04 NAN 1.000E+00 4.443E+01 3.000E+00
NAN NAN NAN 5.138E+00 4.417E-04 NAN 1.000E+00 4.444E+01 3.000E+00
NAN NAN NAN 5.138E+00 8.044E-04 NAN 1.000E+00 4.445E+01 3.000E+00
NAN NAN NAN 5.138E+00 1.469E-03 NAN 1.000E+00 4.446E+01 3.000E+00
NAN NAN NAN 5.138E+00 2.688E-03 NAN 1.000E+00 4.449E+01 3.000E+00
NAN NAN NAN 5.138E+00 4.922E-03 NAN 1.000E+00 4.454E+01 3.000E+00
