3.428E+07 2.898E+02 6.363E-02 5.137E-05 4.999E-06 2.997E+03 3.251E-01 1.401E+00 2.000E+00
4.173E+10 2.811E+02 6.396E-02 5.137E-05 5.040E-06 3.116E+03 3.251E-01 1.401E+00 2.000E+00
1.403E+08 2.504E+02 6.509E-02 5.137E-05 5.115E-06 3.768E+03 3.251E-01 1.401E+00 2.000E+00
4.140E+07 2.784E+02 6.406E-02 5.137E-05 5.252E-06 3.153E+03 3.251E-01 1.401E+00 2.000E+00
1.030E+08 2.515E+02 6.505E-02 5.137E-05 5.504E-06 3.731E+03 3.251E-01 1.401E+00 2.000E+00
4.427E+07 3.918E+02 5.977E-02 5.137E-05 5.967E-06 2.484E+03 3.252E-01 1.401E+00 2.000E+00
1.614E+08 4.260E+02 5.854E-02 5.137E-05 6.814E-06 2.580E+03 3.253E-01 1.401E+00 2.000E+00
2.580E+07 3.526E+02 6.124E-02 5.137E-05 8.367E-06 2.554E+03 3.254E-01 1.401E+00 2.000E+00
1.196E+08 2.882E+02 6.371E-02 5.137E-05 1.121E-05 3.017E+03 3.257E-01 1.401E+00 2.000E+00
4.644E+09 4.129E+02 5.903E-02 5.137E-05 1.643E-05 2.552E+03 3.263E-01 1.402E+00 2.000E+00
1.007E+09 4.171E+02 5.890E-02 5.137E-05 2.599E-05 2.615E+03 3.273E-01 1.402E+00 2.000E+00
3.412E+07 4.208E+02 5.881E-02 5.137E-05 4.352E-05 2.752E+03 3.292E-01 1.402E+00 2.000E+00
2.070E+07 2.638E+02 6.488E-02 5.137E-05 7.565E-05 3.371E+03 3.326E-01 1.403E+00 2.000E+00
6.695E+07 3.542E+02 6.154E-02 5.137E-05 1.345E-04 2.772E+03 3.388E-01 1.404E+00 2.000E+00
1.501E+07 2.205E+02 6.725E-02 5.137E-05 2.425E-04 4.517E+03 3.502E-01 1.407E+00 2.000E+00
5.128E+07 2.292E+02 6.785E-02 5.137E-05 4.404E-04 4.050E+03 3.711E-01 1.411E+00 2.000E+00
NAN NAN NAN 5.137E-05 8.031E-04 NAN 4.088E-01 1.420E+00 2.000E+00
NAN NAN NAN 5.137E-05 1.468E-03 NAN 4.761E-01 1.435E+00 2.000E+00
NAN NAN NAN 5.137E-05 2.687E-03 NAN 5.908E-01 1.463E+00 2.000E+00
NAN NAN NAN 5.137E-05 4.920E-03 NAN 7.551E-01 1.514E+00 2.000E+00
2.012E+08 3.511E+02 6.129E-02 6.498E-05 4.999E-06 2.557E+03 3.251E-01 1.401E+00 2.000E+00
1.315E+08 2.777E+02 6.409E-02 6.498E-05 5.040E-06 3.164E+03 3.251E-01 1.401E+00 2.000E+00
2.638E+08 2.729E+02 6.427E-02 6.498E-05 5.115E-06 3.243E+03 3.251E-01 1.401E+00 2.000E+00
7.743E+07 2.716E+02 6.431E-02 6.498E-05 5.252E-06 3.269E+03 3.251E-01 1.401E+00 2.000E+00
4.122E+07 2.927E+02 6.352E-02 6.498E-05 5.504E-06 2.964E+03 3.252E-01 1.401E+00 2.000E+00
1.220E+08 2.959E+02 6.340E-02 6.498E-05 5.967E-06 3.435E+03 3.252E-01 1.401E+00 2.000E+00
4.551E+08 3.127E+02 6.276E-02 6.498E-05 6.814E-06 2.773E+03 3.253E-01 1.401E+00 2.000E+00
5.350E+07 3.889E+02 5.989E-02 6.498E-05 8.367E-06 2.489E+03 3.255E-01 1.401E+00 2.000E+00
6.699E+07 3.773E+02 6.032E-02 6.498E-05 1.121E-05 2.501E+03 3.258E-01 1.401E+00 2.000E+00
2.186E+08 3.869E+02 5.998E-02 6.498E-05 1.643E-05 2.506E+03 3.263E-01 1.402E+00 2.000E+00
1.503E+08 4.066E+02 5.928E-02 6.498E-05 2.599E-05 2.564E+03 3.274E-01 1.402E+00 2.000E+00
1.097E+08 4.135E+02 5.907E-02 6.498E-05 4.352E-05 2.682E+03 3.292E-01 1.402E+00 2.000E+00
8.892E+09 2.588E+02 6.507E-02 6.498E-05 7.565E-05 3.471E+03 3.326E-01 1.403E+00 2.000E+00
1.357E+10 3.301E+02 6.249E-02 6.498E-05 1.345E-04 2.784E+03 3.388E-01 1.404E+00 2.000E+00
6.805E+07 2.082E+02 6.769E-02 6.498E-05 2.425E-04 5.398E+03 3.503E-01 1.407E+00 2.000E+00
7.481E+08 2.280E+02 6.790E-02 6.498E-05 4.404E-04 4.077E+03 3.712E-01 1.411E+00 2.000E+00
NAN NAN NAN 6.498E-05 8.031E-04 NAN 4.089E-01 1.420E+00 2.000E+00
NAN NAN NAN 6.498E-05 1.468E-03 NAN 4.761E-01 1.435E+00 2.000E+00
NAN NAN NAN 6.498E-05 2.687E-03 NAN 5.909E-01 1.463E+00 2.000E+00
NAN NAN NAN 6.498E-05 4.920E-03 NAN 7.551E-01 1.514E+00 2.000E+00
7.394E+08 4.366E+02 5.817E-02 8.219E-05 4.999E-06 2.663E+03 3.252E-01 1.401E+00 2.000E+00
4.420E+07 2.754E+02 6.417E-02 8.219E-05 5.040E-06 3.200E+03 3.252E-01 1.401E+00 2.000E+00
6.235E+07 2.690E+02 6.441E-02 8.219E-05 5.115E-06 3.313E+03 3.252E-01 1.401E+00 2.000E+00
4.871E+07 2.889E+02 6.366E-02 8.219E-05 5.252E-06 3.009E+03 3.252E-01 1.401E+00 2.000E+00
4.271E+07 3.435E+02 6.158E-02 8.219E-05 5.504E-06 2.588E+03 3.252E-01 1.401E+00 2.000E+00
3.773E+08 2.513E+02 6.506E-02 8.219E-05 5.967E-06 3.741E+03 3.253E-01 1.401E+00 2.000E+00
8.662E+07 4.152E+02 5.893E-02 8.219E-05 6.814E-06 2.530E+03 3.254E-01 1.401E+00 2.000E+00
2.821E+07 2.639E+02 6.461E-02 8.219E-05 8.367E-06 3.606E+03 3.255E-01 1.401E+00 2.000E+00
2.118E+08 2.655E+02 6.456E-02 8.219E-05 1.121E-05 3.377E+03 3.259E-01 1.401E+00 2.000E+00
6.974E+07 4.371E+02 5.818E-02 8.219E-05 1.643E-05 2.759E+03 3.264E-01 1.402E+00 2.000E+00
4.353E+09 3.395E+02 6.179E-02 8.219E-05 2.599E-05 2.622E+03 3.274E-01 1.402E+00 2.000E+00
1.241E+08 3.797E+02 6.032E-02 8.219E-05 4.352E-05 2.563E+03 3.293E-01 1.402E+00 2.000E+00
5.118E+07 4.025E+02 5.955E-02 8.219E-05 7.565E-05 2.777E+03 3.327E-01 1.403E+00 2.000E+00
2.642E+07 3.239E+02 6.273E-02 8.219E-05 1.345E-04 2.804E+03 3.389E-01 1.404E+00 2.000E+00
3.007E+07 2.478E+02 6.620E-02 8.219E-05 2.425E-04 3.622E+03 3.503E-01 1.407E+00 2.000E+00
2.287E+08 2.300E+02 6.782E-02 8.219E-05 4.404E-04 4.388E+03 3.713E-01 1.411E+00 2.000E+00
NAN NAN NAN 8.219E-05 8.031E-04 NAN 4.090E-01 1.420E+00 2.000E+00
NAN NAN NAN 8.219E-05 1.468E-03 NAN 4.762E-01 1.435E+00 2.000E+00
NAN NAN NAN 8.219E-05 2.687E-03 NAN 5.910E-01 1.463E+00 2.000E+00
NAN NAN NAN 8.219E-05 4.920E-03 NAN 7.552E-01 1.514E+00 2.000E+00
2.789E+07 2.925E+02 6.353E-02 1.040E-04 4.999E-06 2.966E+03 3.253E-01 1.401E+00 2.000E+00
8.986E+07 2.830E+02 6.388E-02 1.040E-04 5.040E-06 3.085E+03 3.253E-01 1.401E+00 2.000E+00
4.902E+07 3.547E+02 6.115E-02 1.040E-04 5.115E-06 2.546E+03 3.253E-01 1.401E+00 2.000E+00
1.111E+08 3.518E+02 6.126E-02 1.040E-04 5.252E-06 2.561E+03 3.253E-01 1.401E+00 2.000E+00
1.170E+08 2.433E+02 6.534E-02 1.040E-04 5.504E-06 4.016E+03 3.253E-01 1.401E+00 2.000E+00
1.569E+08 3.740E+02 6.043E-02 1.040E-04 5.967E-06 2.501E+03 3.254E-01 1.401E+00 2.000E+00
1.007E+08 2.373E+02 6.555E-02 1.040E-04 6.814E-06 4.282E+03 3.255E-01 1.401E+00 2.000E+00
2.720E+08 2.797E+02 6.402E-02 1.040E-04 8.367E-06 3.132E+03 3.256E-01 1.401E+00 2.000E+00
7.468E+07 3.476E+02 6.144E-02 1.040E-04 1.121E-05 2.577E+03 3.259E-01 1.401E+00 2.000E+00
8.267E+08 4.320E+02 5.836E-02 1.040E-04 1.643E-05 2.697E+03 3.265E-01 1.402E+00 2.000E+00
2.348E+08 4.316E+02 5.839E-02 1.040E-04 2.599E-05 2.767E+03 3.275E-01 1.402E+00 2.000E+00
5.408E+07 3.808E+02 6.028E-02 1.040E-04 4.352E-05 2.564E+03 3.294E-01 1.402E+00 2.000E+00
1.208E+07 2.973E+02 6.359E-02 1.040E-04 7.565E-05 2.926E+03 3.328E-01 1.403E+00 2.000E+00
6.585E+07 2.515E+02 6.559E-02 1.040E-04 1.345E-04 3.593E+03 3.390E-01 1.404E+00 2.000E+00
1.589E+08 2.409E+02 6.647E-02 1.040E-04 2.425E-04 3.780E+03 3.504E-01 1.407E+00 2.000E+00
8.855E+07 2.404E+02 6.737E-02 1.040E-04 4.404E-04 3.878E+03 3.713E-01 1.411E+00 2.000E+00
NAN NAN NAN 1.040E-04 8.031E-04 NAN 4.091E-01 1.420E+00 2.000E+00
NAN NAN NAN 1.040E-04 1.468E-03 NAN 4.763E-01 1.435E+00 2.000E+00
NAN NAN NAN 1.040E-04 2.687E-03 NAN 5.911E-01 1.463E+00 2.000E+00
NAN NAN NAN 1.040E-04 4.920E-03 NAN 7.553E-01 1.514E+00 2.000E+00
5.629E+07 3.518E+02 6.126E-02 1.315E-04 4.999E-06 2.557E+03 3.254E-01 1.401E+00 2.000E+00
1.194E+08 3.790E+02 6.024E-02 1.315E-04 5.040E-06 2.493E+03 3.254E-01 1.401E+00 2.000E+00
6.349E+08 3.453E+02 6.151E-02 1.315E-04 5.115E-06 2.583E+03 3.254E-01 1.401E+00 2.000E+00
4.558E+07 2.498E+02 6.511E-02 1.315E-04 5.252E-06 3.786E+03 3.254E-01 1.401E+00 2.000E+00
2.361E+08 2.439E+02 6.532E-02 1.315E-04 5.504E-06 3.994E+03 3.254E-01 1.401E+00 2.000E+00
5.784E+07 4.389E+02 5.809E-02 1.315E-04 5.967E-06 2.708E+03 3.255E-01 1.401E+00 2.000E+00
2.905E+08 2.870E+02 6.374E-02 1.315E-04 6.814E-06 3.036E+03 3.256E-01 1.401E+00 2.000E+00
4.128E+07 3.846E+02 6.004E-02 1.315E-04 8.367E-06 2.505E+03 3.257E-01 1.401E+00 2.000E+00
9.444E+07 3.681E+02 6.067E-02 1.315E-04 1.121E-05 2.519E+03 3.260E-01 1.401E+00 2.000E+00
5.503E+07 3.393E+02 6.177E-02 1.315E-04 1.643E-05 2.624E+03 3.266E-01 1.402E+00 2.000E+00
4.964E+07 2.864E+02 6.383E-02 1.315E-04 2.599E-05 3.038E+03 3.276E-01 1.402E+00 2.000E+00
2.448E+08 3.534E+02 6.131E-02 1.315E-04 4.352E-05 2.595E+03 3.295E-01 1.402E+00 2.000E+00
3.213E+07 3.270E+02 6.243E-02 1.315E-04 7.565E-05 2.725E+03 3.329E-01 1.403E+00 2.000E+00
6.180E+07 2.890E+02 6.413E-02 1.315E-04 1.345E-04 3.027E+03 3.391E-01 1.404E+00 2.000E+00
3.110E+09 2.907E+02 6.445E-02 1.315E-04 2.425E-04 3.116E+03 3.505E-01 1.407E+00 2.000E+00
1.792E+08 2.698E+02 6.608E-02 1.315E-04 4.404E-04 3.861E+03 3.715E-01 1.411E+00 2.000E+00
NAN NAN NAN 1.315E-04 8.031E-04 NAN 4.092E-01 1.420E+00 2.000E+00
NAN NAN NAN 1.315E-04 1.468E-03 NAN 4.764E-01 1.435E+00 2.000E+00
NAN NAN NAN 1.315E-04 2.687E-03 NAN 5.912E-01 1.463E+00 2.000E+00
NAN NAN NAN 1.315E-04 4.920E-03 NAN 7.554E-01 1.514E+00 2.000E+00
1.059E+08 2.486E+02 6.515E-02 1.663E-04 4.999E-06 3.853E+03 3.255E-01 1.401E+00 2.000E+00
5.682E+07 2.518E+02 6.503E-02 1.663E-04 5.040E-06 3.721E+03 3.255E-01 1.401E+00 2.000E+00
6.394E+07 2.476E+02 6.518E-02 1.663E-04 5.115E-06 3.857E+03 3.255E-01 1.401E+00 2.000E+00
3.426E+07 3.862E+02 5.998E-02 1.663E-04 5.252E-06 2.490E+03 3.255E-01 1.401E+00 2.000E+00
3.715E+07 3.228E+02 6.237E-02 1.663E-04 5.504E-06 2.724E+03 3.256E-01 1.401E+00 2.000E+00
4.476E+07 3.912E+02 5.980E-02 1.663E-04 5.967E-06 2.492E+03 3.256E-01 1.401E+00 2.000E+00
2.396E+08 2.628E+02 6.465E-02 1.663E-04 6.814E-06 3.439E+03 3.257E-01 1.401E+00 2.000E+00
4.146E+08 3.235E+02 6.235E-02 1.663E-04 8.367E-06 2.700E+03 3.259E-01 1.401E+00 2.000E+00
5.909E+07 4.221E+02 5.869E-02 1.663E-04 1.121E-05 2.592E+03 3.262E-01 1.401E+00 2.000E+00
3.367E+07 3.221E+02 6.243E-02 1.663E-04 1.643E-05 2.712E+03 3.267E-01 1.402E+00 2.000E+00
1.238E+08 3.463E+02 6.153E-02 1.663E-04 2.599E-05 2.598E+03 3.278E-01 1.402E+00 2.000E+00
3.382E+07 2.692E+02 6.455E-02 1.663E-04 4.352E-05 3.292E+03 3.296E-01 1.402E+00 2.000E+00
5.269E+08 3.729E+02 6.066E-02 1.663E-04 7.565E-05 2.643E+03 3.330E-01 1.403E+00 2.000E+00
1.218E+08 2.209E+02 6.671E-02 1.663E-04 1.345E-04 4.841E+03 3.393E-01 1.404E+00 2.000E+00
2.486E+08 2.203E+02 6.726E-02 1.663E-04 2.425E-04 4.529E+03 3.507E-01 1.407E+00 2.000E+00
3.884E+07 2.654E+02 6.627E-02 1.663E-04 4.404E-04 3.819E+03 3.716E-01 1.411E+00 2.000E+00
NAN NAN NAN 1.663E-04 8.031E-04 NAN 4.093E-01 1.420E+00 2.000E+00
NAN NAN NAN 1.663E-04 1.468E-03 NAN 4.766E-01 1.435E+00 2.000E+00
NAN NAN NAN 1.663E-04 2.687E-03 NAN 5.914E-01 1.463E+00 2.000E+00
NAN NAN NAN 1.663E-04 4.920E-03 NAN 7.556E-01 1.514E+00 2.000E+00
4.729E+07 3.888E+02 5.988E-02 2.104E-04 4.999E-06 2.493E+03 3.257E-01 1.401E+00 2.000E+00
2.137E+09 3.876E+02 5.992E-02 2.104E-04 5.040E-06 2.492E+03 3.257E-01 1.401E+00 2.000E+00
2.377E+08 2.943E+02 6.346E-02 2.104E-04 5.115E-06 2.949E+03 3.257E-01 1.401E+00 2.000E+00
9.155E+07 4.391E+02 5.808E-02 2.104E-04 5.252E-06 2.723E+03 3.257E-01 1.401E+00 2.000E+00
1.437E+09 3.343E+02 6.193E-02 2.104E-04 5.504E-06 2.637E+03 3.257E-01 1.401E+00 2.000E+00
1.701E+07 2.538E+02 6.497E-02 2.104E-04 5.967E-06 3.666E+03 3.258E-01 1.401E+00 2.000E+00
1.147E+08 2.810E+02 6.397E-02 2.104E-04 6.814E-06 3.116E+03 3.259E-01 1.401E+00 2.000E+00
5.841E+08 3.128E+02 6.276E-02 2.104E-04 8.367E-06 2.777E+03 3.261E-01 1.401E+00 2.000E+00
2.532E+08 2.948E+02 6.346E-02 2.104E-04 1.121E-05 2.943E+03 3.264E-01 1.401E+00 2.000E+00
1.474E+08 2.773E+02 6.415E-02 2.104E-04 1.643E-05 3.169E+03 3.269E-01 1.402E+00 2.000E+00
3.200E+07 3.535E+02 6.126E-02 2.104E-04 2.599E-05 2.576E+03 3.279E-01 1.402E+00 2.000E+00
7.537E+07 3.541E+02 6.129E-02 2.104E-04 4.352E-05 2.597E+03 3.298E-01 1.402E+00 2.000E+00
2.916E+08 3.832E+02 6.027E-02 2.104E-04 7.565E-05 2.677E+03 3.332E-01 1.403E+00 2.000E+00
6.540E+07 3.297E+02 6.250E-02 2.104E-04 1.345E-04 2.795E+03 3.394E-01 1.404E+00 2.000E+00
5.051E+08 2.421E+02 6.643E-02 2.104E-04 2.425E-04 3.770E+03 3.509E-01 1.407E+00 2.000E+00
2.612E+07 2.435E+02 6.724E-02 2.104E-04 4.404E-04 3.856E+03 3.718E-01 1.411E+00 2.000E+00
NAN NAN NAN 2.104E-04 8.031E-04 NAN 4.095E-01 1.420E+00 2.000E+00
NAN NAN NAN 2.104E-04 1.468E-03 NAN 4.768E-01 1.435E+00 2.000E+00
NAN NAN NAN 2.104E-04 2.687E-03 NAN 5.916E-01 1.463E+00 2.000E+00
NAN NAN NAN 2.104E-04 4.920E-03 NAN 7.558E-01 1.514E+00 2.000E+00
1.113E+09 3.458E+02 6.149E-02 2.661E-04 4.999E-06 2.585E+03 3.259E-01 1.401E+00 2.000E+00
2.049E+07 2.385E+02 6.550E-02 2.661E-04 5.040E-06 4.227E+03 3.259E-01 1.401E+00 2.000E+00
5.152E+08 2.433E+02 6.534E-02 2.661E-04 5.115E-06 4.019E+03 3.259E-01 1.401E+00 2.000E+00
7.043E+07 2.538E+02 6.497E-02 2.661E-04 5.252E-06 3.667E+03 3.259E-01 1.401E+00 2.000E+00
2.026E+08 2.534E+02 6.498E-02 2.661E-04 5.504E-06 3.677E+03 3.260E-01 1.401E+00 2.000E+00
1.406E+07 3.098E+02 6.287E-02 2.661E-04 5.967E-06 2.801E+03 3.260E-01 1.401E+00 2.000E+00
4.374E+08 2.470E+02 6.522E-02 2.661E-04 6.814E-06 3.877E+03 3.261E-01 1.401E+00 2.000E+00
8.401E+08 2.574E+02 6.485E-02 2.661E-04 8.367E-06 3.564E+03 3.263E-01 1.401E+00 2.000E+00
3.924E+07 2.471E+02 6.523E-02 2.661E-04 1.121E-05 3.876E+03 3.266E-01 1.401E+00 2.000E+00
2.686E+07 4.020E+02 5.943E-02 2.661E-04 1.643E-05 2.539E+03 3.271E-01 1.402E+00 2.000E+00
7.831E+07 3.715E+02 6.058E-02 2.661E-04 2.599E-05 2.587E+03 3.282E-01 1.402E+00 2.000E+00
3.704E+07 3.577E+02 6.115E-02 2.661E-04 4.352E-05 2.592E+03 3.300E-01 1.402E+00 2.000E+00
4.442E+07 3.592E+02 6.118E-02 2.661E-04 7.565E-05 2.646E+03 3.334E-01 1.403E+00 2.000E+00
1.981E+08 2.608E+02 6.524E-02 2.661E-04 1.345E-04 3.405E+03 3.397E-01 1.404E+00 2.000E+00
1.948E+08 2.858E+02 6.465E-02 2.661E-04 2.425E-04 3.154E+03 3.511E-01 1.407E+00 2.000E+00
2.547E+07 2.156E+02 6.842E-02 2.661E-04 4.404E-04 4.427E+03 3.720E-01 1.411E+00 2.000E+00
NAN NAN NAN 2.661E-04 8.031E-04 NAN 4.097E-01 1.420E+00 2.000E+00
NAN NAN NAN 2.661E-04 1.468E-03 NAN 4.770E-01 1.435E+00 2.000E+00
NAN NAN NAN 2.661E-04 2.687E-03 NAN 5.918E-01 1.463E+00 2.000E+00
NAN NAN NAN 2.661E-04 4.920E-03 NAN 7.561E-01 1.514E+00 2.000E+00
6.051E+07 4.285E+02 5.845E-02 3.366E-04 4.999E-06 2.633E+03 3.262E-01 1.401E+00 2.000E+00
3.801E+08 4.252E+02 5.857E-02 3.366E-04 5.040E-06 2.608E+03 3.262E-01 1.401E+00 2.000E+00
8.659E+07 3.648E+02 6.077E-02 3.366E-04 5.115E-06 2.528E+03 3.262E-01 1.401E+00 2.000E+00
2.159E+07 2.495E+02 6.512E-02 3.366E-04 5.252E-06 3.795E+03 3.262E-01 1.401E+00 2.000E+00
1.405E+08 2.910E+02 6.359E-02 3.366E-04 5.504E-06 2.989E+03 3.263E-01 1.401E+00 2.000E+00
3.015E+08 3.461E+02 6.148E-02 3.366E-04 5.967E-06 2.587E+03 3.263E-01 1.401E+00 2.000E+00
2.070E+08 4.384E+02 5.811E-02 3.366E-04 6.814E-06 2.759E+03 3.264E-01 1.401E+00 2.000E+00
4.115E+09 2.692E+02 6.442E-02 3.366E-04 8.367E-06 3.311E+03 3.266E-01 1.401E+00 2.000E+00
5.502E+07 3.450E+02 6.154E-02 3.366E-04 1.121E-05 2.600E+03 3.269E-01 1.401E+00 2.000E+00
5.807E+07 4.128E+02 5.904E-02 3.366E-04 1.643E-05 2.590E+03 3.274E-01 1.402E+00 2.000E+00
8.085E+07 2.446E+02 6.539E-02 3.366E-04 2.599E-05 3.929E+03 3.284E-01 1.402E+00 2.000E+00
3.103E+08 3.188E+02 6.265E-02 3.366E-04 4.352E-05 2.756E+03 3.303E-01 1.402E+00 2.000E+00
1.689E+08 3.442E+02 6.176E-02 3.366E-04 7.565E-05 2.674E+03 3.337E-01 1.403E+00 2.000E+00
7.922E+08 2.142E+02 6.694E-02 3.366E-04 1.345E-04 5.376E+03 3.400E-01 1.404E+00 2.000E+00
5.598E+09 2.774E+02 6.500E-02 3.366E-04 2.425E-04 3.222E+03 3.514E-01 1.407E+00 2.000E+00
7.911E+07 2.481E+02 6.704E-02 3.366E-04 4.404E-04 3.835E+03 3.723E-01 1.411E+00 2.000E+00
NAN NAN NAN 3.366E-04 8.031E-04 NAN 4.100E-01 1.420E+00 2.000E+00
NAN NAN NAN 3.366E-04 1.468E-03 NAN 4.773E-01 1.435E+00 2.000E+00
NAN NAN NAN 3.366E-04 2.687E-03 NAN 5.922E-01 1.463E+00 2.000E+00
NAN NAN NAN 3.366E-04 4.920E-03 NAN 7.565E-01 1.514E+00 2.000E+00
2.770E+07 3.517E+02 6.127E-02 4.257E-04 4.999E-06 2.608E+03 3.266E-01 1.401E+00 2.000E+00
9.381E+07 3.517E+02 6.127E-02 4.257E-04 5.040E-06 2.569E+03 3.266E-01 1.401E+00 2.000E+00
3.418E+07 3.443E+02 6.155E-02 4.257E-04 5.115E-06 2.598E+03 3.266E-01 1.401E+00 2.000E+00
6.534E+07 2.676E+02 6.447E-02 4.257E-04 5.252E-06 3.344E+03 3.266E-01 1.401E+00 2.000E+00
4.208E+09 3.015E+02 6.319E-02 4.257E-04 5.504E-06 2.910E+03 3.266E-01 1.401E+00 2.000E+00
5.520E+07 4.178E+02 5.884E-02 4.257E-04 5.967E-06 2.579E+03 3.267E-01 1.401E+00 2.000E+00
1.552E+09 3.410E+02 6.168E-02 4.257E-04 6.814E-06 2.630E+03 3.267E-01 1.401E+00 2.000E+00
7.882E+07 3.858E+02 6.000E-02 4.257E-04 8.367E-06 2.515E+03 3.269E-01 1.401E+00 2.000E+00
3.147E+07 2.717E+02 6.434E-02 4.257E-04 1.121E-05 3.266E+03 3.272E-01 1.401E+00 2.000E+00
3.287E+07 2.538E+02 6.502E-02 4.257E-04 1.643E-05 3.665E+03 3.278E-01 1.402E+00 2.000E+00
3.859E+07 3.788E+02 6.031E-02 4.257E-04 2.599E-05 2.549E+03 3.288E-01 1.402E+00 2.000E+00
4.607E+07 2.436E+02 6.550E-02 4.257E-04 4.352E-05 3.941E+03 3.307E-01 1.402E+00 2.000E+00
3.290E+08 3.577E+02 6.124E-02 4.257E-04 7.565E-05 2.658E+03 3.341E-01 1.403E+00 2.000E+00
3.018E+07 2.256E+02 6.655E-02 4.257E-04 1.345E-04 4.540E+03 3.403E-01 1.404E+00 2.000E+00
8.000E+07 3.078E+02 6.374E-02 4.257E-04 2.425E-04 3.103E+03 3.517E-01 1.407E+00 2.000E+00
2.049E+07 2.714E+02 6.601E-02 4.257E-04 4.404E-04 3.980E+03 3.727E-01 1.411E+00 2.000E+00
NAN NAN NAN 4.257E-04 8.031E-04 NAN 4.104E-01 1.420E+00 2.000E+00
NAN NAN NAN 4.257E-04 1.468E-03 NAN 4.777E-01 1.435E+00 2.000E+00
NAN NAN NAN 4.257E-04 2.687E-03 NAN 5.926E-01 1.463E+00 2.000E+00
NAN NAN NAN 4.257E-04 4.920E-03 NAN 7.569E-01 1.514E+00 2.000E+00
1.864E+08 3.323E+02 6.201E-02 5.385E-04 4.999E-06 2.658E+03 3.270E-01 1.401E+00 2.000E+00
2.766E+08 3.224E+02 6.239E-02 5.385E-04 5.040E-06 2.716E+03 3.270E-01 1.401E+00 2.000E+00
6.398E+07 4.333E+02 5.829E-02 5.385E-04 5.115E-06 2.723E+03 3.270E-01 1.401E+00 2.000E+00
5.170E+07 3.412E+02 6.167E-02 5.385E-04 5.252E-06 2.614E+03 3.270E-01 1.401E+00 2.000E+00
3.434E+07 2.517E+02 6.505E-02 5.385E-04 5.504E-06 3.726E+03 3.271E-01 1.401E+00 2.000E+00
2.358E+08 2.438E+02 6.533E-02 5.385E-04 5.967E-06 3.996E+03 3.271E-01 1.401E+00 2.000E+00
2.283E+08 2.565E+02 6.488E-02 5.385E-04 6.814E-06 3.595E+03 3.272E-01 1.401E+00 2.000E+00
3.582E+08 3.164E+02 6.263E-02 5.385E-04 8.367E-06 2.758E+03 3.274E-01 1.401E+00 2.000E+00
5.985E+09 2.943E+02 6.348E-02 5.385E-04 1.121E-05 2.955E+03 3.277E-01 1.402E+00 2.000E+00
1.637E+08 2.744E+02 6.426E-02 5.385E-04 1.643E-05 3.221E+03 3.282E-01 1.402E+00 2.000E+00
1.225E+08 3.413E+02 6.173E-02 5.385E-04 2.599E-05 2.635E+03 3.293E-01 1.402E+00 2.000E+00
3.770E+07 3.441E+02 6.167E-02 5.385E-04 4.352E-05 2.641E+03 3.311E-01 1.402E+00 2.000E+00
6.693E+07 3.520E+02 6.146E-02 5.385E-04 7.565E-05 2.670E+03 3.345E-01 1.403E+00 2.000E+00
9.005E+08 2.415E+02 6.598E-02 5.385E-04 1.345E-04 3.868E+03 3.408E-01 1.404E+00 2.000E+00
1.314E+08 2.975E+02 6.417E-02 5.385E-04 2.425E-04 3.116E+03 3.522E-01 1.407E+00 2.000E+00
2.040E+08 2.282E+02 6.791E-02 5.385E-04 4.404E-04 4.108E+03 3.731E-01 1.411E+00 2.000E+00
NAN NAN NAN 5.385E-04 8.031E-04 NAN 4.109E-01 1.420E+00 2.000E+00
NAN NAN NAN 5.385E-04 1.468E-03 NAN 4.782E-01 1.435E+00 2.000E+00
NAN NAN NAN 5.385E-04 2.687E-03 NAN 5.931E-01 1.463E+00 2.000E+00
NAN NAN NAN 5.385E-04 4.920E-03 NAN 7.575E-01 1.514E+00 2.000E+00
5.927E+07 2.498E+02 6.511E-02 6.811E-04 4.999E-06 3.787E+03 3.276E-01 1.401E+00 2.000E+00
4.764E+07 2.766E+02 6.414E-02 6.811E-04 5.040E-06 3.200E+03 3.276E-01 1.401E+00 2.000E+00
2.481E+07 2.716E+02 6.432E-02 6.811E-04 5.115E-06 3.275E+03 3.276E-01 1.401E+00 2.000E+00
1.238E+08 2.446E+02 6.530E-02 6.811E-04 5.252E-06 3.968E+03 3.276E-01 1.401E+00 2.000E+00
4.037E+08 2.597E+02 6.476E-02 6.811E-04 5.504E-06 3.516E+03 3.276E-01 1.401E+00 2.000E+00
8.965E+07 2.432E+02 6.535E-02 6.811E-04 5.967E-06 4.043E+03 3.277E-01 1.401E+00 2.000E+00
2.862E+07 4.322E+02 5.833E-02 6.811E-04 6.814E-06 2.755E+03 3.278E-01 1.401E+00 2.000E+00
5.015E+07 3.833E+02 6.010E-02 6.811E-04 8.367E-06 2.531E+03 3.279E-01 1.401E+00 2.000E+00
6.576E+07 3.758E+02 6.038E-02 6.811E-04 1.121E-05 2.540E+03 3.282E-01 1.402E+00 2.000E+00
1.658E+08 4.064E+02 5.927E-02 6.811E-04 1.643E-05 2.608E+03 3.288E-01 1.402E+00 2.000E+00
3.670E+08 3.813E+02 6.022E-02 6.811E-04 2.599E-05 2.568E+03 3.298E-01 1.402E+00 2.000E+00
1.287E+08 2.916E+02 6.370E-02 6.811E-04 4.352E-05 2.990E+03 3.317E-01 1.402E+00 2.000E+00
2.990E+08 2.689E+02 6.470E-02 6.811E-04 7.565E-05 3.297E+03 3.351E-01 1.403E+00 2.000E+00
1.143E+08 2.622E+02 6.519E-02 6.811E-04 1.345E-04 3.391E+03 3.414E-01 1.404E+00 2.000E+00
4.300E+07 2.585E+02 6.578E-02 6.811E-04 2.425E-04 3.455E+03 3.528E-01 1.407E+00 2.000E+00
1.610E+07 2.641E+02 6.634E-02 6.811E-04 4.404E-04 3.930E+03 3.737E-01 1.411E+00 2.000E+00
NAN NAN NAN 6.811E-04 8.031E-04 NAN 4.115E-01 1.420E+00 2.000E+00
NAN NAN NAN 6.811E-04 1.468E-03 NAN 4.788E-01 1.435E+00 2.000E+00
NAN NAN NAN 6.811E-04 2.687E-03 NAN 5.938E-01 1.463E+00 2.000E+00
NAN NAN NAN 6.811E-04 4.920E-03 NAN 7.582E-01 1.514E+00 2.000E+00
1.308E+08 3.910E+02 5.981E-02 8.615E-04 4.999E-06 2.540E+03 3.283E-01 1.401E+00 2.000E+00
2.521E+08 2.563E+02 6.489E-02 8.615E-04 5.040E-06 3.604E+03 3.283E-01 1.401E+00 2.000E+00
6.569E+07 3.402E+02 6.171E-02 8.615E-04 5.115E-06 2.631E+03 3.283E-01 1.401E+00 2.000E+00
5.061E+07 3.943E+02 5.968E-02 8.615E-04 5.252E-06 2.546E+03 3.283E-01 1.401E+00 2.000E+00
2.057E+08 3.791E+02 6.025E-02 8.615E-04 5.504E-06 2.538E+03 3.283E-01 1.401E+00 2.000E+00
2.741E+10 4.100E+02 5.912E-02 8.615E-04 5.967E-06 2.595E+03 3.284E-01 1.401E+00 2.000E+00
5.950E+07 2.691E+02 6.442E-02 8.615E-04 6.814E-06 3.321E+03 3.285E-01 1.401E+00 2.000E+00
3.125E+07 3.163E+02 6.264E-02 8.615E-04 8.367E-06 2.768E+03 3.286E-01 1.401E+00 2.000E+00
9.448E+07 2.732E+02 6.429E-02 8.615E-04 1.121E-05 3.247E+03 3.290E-01 1.402E+00 2.000E+00
1.442E+08 3.954E+02 5.967E-02 8.615E-04 1.643E-05 2.582E+03 3.295E-01 1.402E+00 2.000E+00
4.463E+08 3.735E+02 6.051E-02 8.615E-04 2.599E-05 2.586E+03 3.305E-01 1.402E+00 2.000E+00
1.127E+08 3.990E+02 5.961E-02 8.615E-04 4.352E-05 2.699E+03 3.324E-01 1.402E+00 2.000E+00
1.107E+08 3.525E+02 6.144E-02 8.615E-04 7.565E-05 2.697E+03 3.359E-01 1.403E+00 2.000E+00
5.400E+07 2.976E+02 6.379E-02 8.615E-04 1.345E-04 2.983E+03 3.421E-01 1.404E+00 2.000E+00
3.543E+07 2.790E+02 6.494E-02 8.615E-04 2.425E-04 3.240E+03 3.535E-01 1.407E+00 2.000E+00
2.653E+07 2.264E+02 6.799E-02 8.615E-04 4.404E-04 4.170E+03 3.744E-01 1.411E+00 2.000E+00
NAN NAN NAN 8.615E-04 8.031E-04 NAN 4.122E-01 1.420E+00 2.000E+00
NAN NAN NAN 8.615E-04 1.468E-03 NAN 4.796E-01 1.435E+00 2.000E+00
NAN NAN NAN 8.615E-04 2.687E-03 NAN 5.946E-01 1.463E+00 2.000E+00
NAN NAN NAN 8.615E-04 4.920E-03 NAN 7.591E-01 1.514E+00 2.000E+00
6.358E+07 2.382E+02 6.553E-02 1.090E-03 4.999E-06 4.240E+03 3.292E-01 1.401E+00 2.000E+00
3.358E+07 2.799E+02 6.402E-02 1.090E-03 5.040E-06 3.149E+03 3.292E-01 1.401E+00 2.000E+00
1.211E+08 2.895E+02 6.365E-02 1.090E-03 5.115E-06 3.022E+03 3.292E-01 1.401E+00 2.000E+00
3.456E+08 4.201E+02 5.876E-02 1.090E-03 5.252E-06 2.693E+03 3.292E-01 1.401E+00 2.000E+00
2.587E+08 3.638E+02 6.082E-02 1.090E-03 5.504E-06 2.569E+03 3.292E-01 1.401E+00 2.000E+00
1.852E+08 4.193E+02 5.879E-02 1.090E-03 5.967E-06 2.689E+03 3.293E-01 1.401E+00 2.000E+00
3.245E+07 2.403E+02 6.546E-02 1.090E-03 6.814E-06 4.137E+03 3.294E-01 1.401E+00 2.000E+00
1.296E+08 4.192E+02 5.879E-02 1.090E-03 8.367E-06 2.703E+03 3.296E-01 1.401E+00 2.000E+00
2.191E+08 3.390E+02 6.178E-02 1.090E-03 1.121E-05 2.651E+03 3.299E-01 1.402E+00 2.000E+00
4.124E+07 3.754E+02 6.041E-02 1.090E-03 1.643E-05 2.596E+03 3.304E-01 1.402E+00 2.000E+00
2.142E+07 3.290E+02 6.221E-02 1.090E-03 2.599E-05 2.710E+03 3.314E-01 1.402E+00 2.000E+00
2.359E+09 2.579E+02 6.499E-02 1.090E-03 4.352E-05 3.531E+03 3.333E-01 1.402E+00 2.000E+00
9.310E+07 3.001E+02 6.349E-02 1.090E-03 7.565E-05 2.933E+03 3.368E-01 1.403E+00 2.000E+00
4.844E+08 2.416E+02 6.598E-02 1.090E-03 1.345E-04 3.885E+03 3.430E-01 1.404E+00 2.000E+00
3.007E+07 2.927E+02 6.438E-02 1.090E-03 2.425E-04 3.177E+03 3.544E-01 1.407E+00 2.000E+00
3.860E+07 2.141E+02 6.850E-02 1.090E-03 4.404E-04 4.533E+03 3.754E-01 1.411E+00 2.000E+00
NAN NAN NAN 1.090E-03 8.031E-04 NAN 4.132E-01 1.420E+00 2.000E+00
NAN NAN NAN 1.090E-03 1.468E-03 NAN 4.806E-01 1.435E+00 2.000E+00
NAN NAN NAN 1.090E-03 2.687E-03 NAN 5.957E-01 1.463E+00 2.000E+00
NAN NAN NAN 1.090E-03 4.920E-03 NAN 7.602E-01 1.514E+00 2.000E+00
1.417E+08 3.940E+02 5.970E-02 1.378E-03 4.999E-06 2.590E+03 3.303E-01 1.401E+00 2.000E+00
2.004E+08 4.260E+02 5.855E-02 1.378E-03 5.040E-06 2.832E+03 3.303E-01 1.401E+00 2.000E+00
4.577E+07 2.835E+02 6.389E-02 1.378E-03 5.115E-06 3.105E+03 3.303E-01 1.401E+00 2.000E+00
1.173E+08 4.227E+02 5.866E-02 1.378E-03 5.252E-06 2.779E+03 3.304E-01 1.401E+00 2.000E+00
8.423E+07 3.548E+02 6.116E-02 1.378E-03 5.504E-06 2.603E+03 3.304E-01 1.401E+00 2.000E+00
3.409E+08 3.299E+02 6.211E-02 1.378E-03 5.967E-06 2.700E+03 3.304E-01 1.401E+00 2.000E+00
4.430E+07 2.620E+02 6.470E-02 1.378E-03 6.814E-06 3.473E+03 3.305E-01 1.401E+00 2.000E+00
3.182E+08 4.191E+02 5.880E-02 1.378E-03 8.367E-06 2.761E+03 3.307E-01 1.401E+00 2.000E+00
4.658E+08 2.435E+02 6.538E-02 1.378E-03 1.121E-05 3.998E+03 3.310E-01 1.402E+00 2.000E+00
4.596E+07 3.693E+02 6.064E-02 1.378E-03 1.643E-05 2.597E+03 3.316E-01 1.402E+00 2.000E+00
6.785E+08 3.477E+02 6.149E-02 1.378E-03 2.599E-05 2.649E+03 3.326E-01 1.402E+00 2.000E+00
2.351E+07 2.711E+02 6.450E-02 1.378E-03 4.352E-05 3.285E+03 3.345E-01 1.402E+00 2.000E+00
2.042E+07 2.727E+02 6.456E-02 1.378E-03 7.565E-05 3.250E+03 3.379E-01 1.403E+00 2.000E+00
3.620E+07 2.652E+02 6.508E-02 1.378E-03 1.345E-04 3.359E+03 3.442E-01 1.404E+00 2.000E+00
5.857E+07 3.129E+02 6.354E-02 1.378E-03 2.425E-04 3.215E+03 3.556E-01 1.407E+00 2.000E+00
2.952E+07 2.561E+02 6.671E-02 1.378E-03 4.404E-04 4.042E+03 3.765E-01 1.411E+00 2.000E+00
NAN NAN NAN 1.378E-03 8.031E-04 NAN 4.144E-01 1.420E+00 2.000E+00
NAN NAN NAN 1.378E-03 1.468E-03 NAN 4.818E-01 1.435E+00 2.000E+00
NAN NAN NAN 1.378E-03 2.687E-03 NAN 5.971E-01 1.463E+00 2.000E+00
NAN NAN NAN 1.378E-03 4.920E-03 NAN 7.616E-01 1.514E+00 2.000E+00
4.090E+08 3.879E+02 5.992E-02 1.743E-03 4.999E-06 2.611E+03 3.318E-01 1.401E+00 2.000E+00
3.326E+08 4.084E+02 5.918E-02 1.743E-03 5.040E-06 2.707E+03 3.318E-01 1.401E+00 2.000E+00
8.113E+07 2.443E+02 6.533E-02 1.743E-03 5.115E-06 3.979E+03 3.318E-01 1.401E+00 2.000E+00
5.809E+07 4.218E+02 5.870E-02 1.743E-03 5.252E-06 2.856E+03 3.318E-01 1.401E+00 2.000E+00
2.490E+07 3.603E+02 6.096E-02 1.743E-03 5.504E-06 2.610E+03 3.318E-01 1.401E+00 2.000E+00
4.692E+08 3.059E+02 6.303E-02 1.743E-03 5.967E-06 2.875E+03 3.319E-01 1.401E+00 2.000E+00
4.112E+09 3.456E+02 6.152E-02 1.743E-03 6.814E-06 2.649E+03 3.320E-01 1.401E+00 2.000E+00
5.712E+08 3.900E+02 5.986E-02 1.743E-03 8.367E-06 2.627E+03 3.322E-01 1.401E+00 2.000E+00
8.081E+08 3.352E+02 6.193E-02 1.743E-03 1.121E-05 2.694E+03 3.325E-01 1.402E+00 2.000E+00
2.535E+08 2.388E+02 6.557E-02 1.743E-03 1.643E-05 4.207E+03 3.330E-01 1.402E+00 2.000E+00
1.741E+08 3.721E+02 6.057E-02 1.743E-03 2.599E-05 2.678E+03 3.340E-01 1.402E+00 2.000E+00
2.959E+07 2.894E+02 6.380E-02 1.743E-03 4.352E-05 3.043E+03 3.359E-01 1.402E+00 2.000E+00
1.216E+08 2.297E+02 6.616E-02 1.743E-03 7.565E-05 4.476E+03 3.394E-01 1.403E+00 2.000E+00
5.968E+07 3.560E+02 6.148E-02 1.743E-03 1.345E-04 3.002E+03 3.457E-01 1.404E+00 2.000E+00
9.394E+07 2.683E+02 6.539E-02 1.743E-03 2.425E-04 3.386E+03 3.571E-01 1.407E+00 2.000E+00
5.078E+07 2.434E+02 6.727E-02 1.743E-03 4.404E-04 4.055E+03 3.780E-01 1.411E+00 2.000E+00
NAN NAN NAN 1.743E-03 8.031E-04 NAN 4.159E-01 1.420E+00 2.000E+00
NAN NAN NAN 1.743E-03 1.468E-03 NAN 4.834E-01 1.435E+00 2.000E+00
NAN NAN NAN 1.743E-03 2.687E-03 NAN 5.988E-01 1.463E+00 2.000E+00
NAN NAN NAN 1.743E-03 4.920E-03 NAN 7.634E-01 1.514E+00 2.000E+00
9.684E+07 2.560E+02 6.492E-02 2.205E-03 4.999E-06 3.626E+03 3.336E-01 1.401E+00 2.000E+00
2.175E+09 4.071E+02 5.923E-02 2.205E-03 5.040E-06 2.771E+03 3.336E-01 1.401E+00 2.000E+00
6.631E+07 2.573E+02 6.487E-02 2.205E-03 5.115E-06 3.593E+03 3.336E-01 1.401E+00 2.000E+00
3.655E+08 3.520E+02 6.127E-02 2.205E-03 5.252E-06 2.652E+03 3.337E-01 1.401E+00 2.000E+00
2.999E+08 4.149E+02 5.895E-02 2.205E-03 5.504E-06 2.870E+03 3.337E-01 1.401E+00 2.000E+00
2.503E+08 3.864E+02 5.999E-02 2.205E-03 5.967E-06 2.655E+03 3.337E-01 1.401E+00 2.000E+00
3.176E+08 3.265E+02 6.225E-02 2.205E-03 6.814E-06 2.750E+03 3.338E-01 1.401E+00 2.000E+00
2.208E+07 4.081E+02 5.920E-02 2.205E-03 8.367E-06 2.803E+03 3.340E-01 1.401E+00 2.000E+00
1.198E+08 3.632E+02 6.087E-02 2.205E-03 1.121E-05 2.646E+03 3.343E-01 1.402E+00 2.000E+00
8.952E+08 3.206E+02 6.251E-02 2.205E-03 1.643E-05 2.846E+03 3.349E-01 1.402E+00 2.000E+00
5.836E+08 2.430E+02 6.547E-02 2.205E-03 2.599E-05 4.038E+03 3.359E-01 1.402E+00 2.000E+00
1.450E+08 3.931E+02 5.983E-02 2.205E-03 4.352E-05 2.880E+03 3.378E-01 1.402E+00 2.000E+00
6.542E+07 2.620E+02 6.499E-02 2.205E-03 7.565E-05 3.447E+03 3.412E-01 1.403E+00 2.000E+00
3.233E+08 2.650E+02 6.510E-02 2.205E-03 1.345E-04 3.387E+03 3.475E-01 1.404E+00 2.000E+00
8.112E+07 2.853E+02 6.470E-02 2.205E-03 2.425E-04 3.304E+03 3.590E-01 1.407E+00 2.000E+00
9.636E+07 2.520E+02 6.690E-02 2.205E-03 4.404E-04 4.184E+03 3.799E-01 1.411E+00 2.000E+00
NAN NAN NAN 2.205E-03 8.031E-04 NAN 4.178E-01 1.420E+00 2.000E+00
NAN NAN NAN 2.205E-03 1.468E-03 NAN 4.854E-01 1.435E+00 2.000E+00
NAN NAN NAN 2.205E-03 2.687E-03 NAN 6.009E-01 1.463E+00 2.000E+00
NAN NAN NAN 2.205E-03 4.920E-03 NAN 7.657E-01 1.514E+00 2.000E+00
2.351E+08 3.952E+02 5.966E-02 2.789E-03 4.999E-06 2.768E+03 3.359E-01 1.401E+00 2.000E+00
2.763E+07 3.101E+02 6.288E-02 2.789E-03 5.040E-06 2.952E+03 3.360E-01 1.401E+00 2.000E+00
6.543E+07 3.123E+02 6.280E-02 2.789E-03 5.115E-06 2.857E+03 3.360E-01 1.401E+00 2.000E+00
9.652E+08 3.187E+02 6.255E-02 2.789E-03 5.252E-06 2.815E+03 3.360E-01 1.401E+00 2.000E+00
4.559E+07 3.565E+02 6.111E-02 2.789E-03 5.504E-06 2.679E+03 3.360E-01 1.401E+00 2.000E+00
9.612E+07 4.061E+02 5.927E-02 2.789E-03 5.967E-06 2.889E+03 3.361E-01 1.401E+00 2.000E+00
8.429E+08 3.692E+02 6.063E-02 2.789E-03 6.814E-06 2.680E+03 3.361E-01 1.401E+00 2.000E+00
4.899E+07 4.079E+02 5.921E-02 2.789E-03 8.367E-06 2.938E+03 3.363E-01 1.401E+00 2.000E+00
3.113E+07 3.610E+02 6.095E-02 2.789E-03 1.121E-05 2.688E+03 3.366E-01 1.402E+00 2.000E+00
1.716E+08 3.659E+02 6.078E-02 2.789E-03 1.643E-05 2.702E+03 3.372E-01 1.402E+00 2.000E+00
1.559E+09 3.690E+02 6.069E-02 2.789E-03 2.599E-05 2.734E+03 3.382E-01 1.402E+00 2.000E+00
1.852E+08 3.243E+02 6.246E-02 2.789E-03 4.352E-05 2.825E+03 3.401E-01 1.402E+00 2.000E+00
1.802E+08 2.436E+02 6.568E-02 2.789E-03 7.565E-05 3.907E+03 3.435E-01 1.403E+00 2.000E+00
2.246E+08 2.420E+02 6.600E-02 2.789E-03 1.345E-04 3.888E+03 3.499E-01 1.404E+00 2.000E+00
5.236E+07 2.830E+02 6.480E-02 2.789E-03 2.425E-04 3.366E+03 3.613E-01 1.407E+00 2.000E+00
7.609E+07 2.278E+02 6.796E-02 2.789E-03 4.404E-04 4.411E+03 3.823E-01 1.411E+00 2.000E+00
NAN NAN NAN 2.789E-03 8.031E-04 NAN 4.202E-01 1.420E+00 2.000E+00
NAN NAN NAN 2.789E-03 1.468E-03 NAN 4.880E-01 1.435E+00 2.000E+00
NAN NAN NAN 2.789E-03 2.687E-03 NAN 6.037E-01 1.463E+00 2.000E+00
NAN NAN NAN 2.789E-03 4.920E-03 NAN 7.686E-01 1.514E+00 2.000E+00
2.401E+08 2.935E+02 6.353E-02 3.528E-03 4.999E-06 3.041E+03 3.389E-01 1.401E+00 2.000E+00
2.695E+08 3.017E+02 6.322E-02 3.528E-03 5.040E-06 2.965E+03 3.389E-01 1.401E+00 2.000E+00
1.813E+09 2.961E+02 6.343E-02 3.528E-03 5.115E-06 3.020E+03 3.389E-01 1.401E+00 2.000E+00
8.619E+07 2.579E+02 6.487E-02 3.528E-03 5.252E-06 3.597E+03 3.389E-01 1.401E+00 2.000E+00
1.018E+10 3.723E+02 6.052E-02 3.528E-03 5.504E-06 2.751E+03 3.389E-01 1.401E+00 2.000E+00
5.084E+07 3.273E+02 6.223E-02 3.528E-03 5.967E-06 2.802E+03 3.390E-01 1.401E+00 2.000E+00
1.020E+09 3.155E+02 6.269E-02 3.528E-03 6.814E-06 2.865E+03 3.391E-01 1.401E+00 2.000E+00
9.995E+07 3.978E+02 5.958E-02 3.528E-03 8.367E-06 2.977E+03 3.392E-01 1.402E+00 2.000E+00
5.812E+08 3.004E+02 6.329E-02 3.528E-03 1.121E-05 2.995E+03 3.396E-01 1.402E+00 2.000E+00
2.375E+08 3.216E+02 6.248E-02 3.528E-03 1.643E-05 2.841E+03 3.401E-01 1.402E+00 2.000E+00
7.438E+07 3.072E+02 6.307E-02 3.528E-03 2.599E-05 2.936E+03 3.411E-01 1.402E+00 2.000E+00
1.999E+08 3.201E+02 6.263E-02 3.528E-03 4.352E-05 2.882E+03 3.430E-01 1.402E+00 2.000E+00
3.638E+07 3.132E+02 6.300E-02 3.528E-03 7.565E-05 2.957E+03 3.465E-01 1.403E+00 2.000E+00
2.011E+09 2.285E+02 6.651E-02 3.528E-03 1.345E-04 4.390E+03 3.528E-01 1.404E+00 2.000E+00
8.104E+07 2.366E+02 6.670E-02 3.528E-03 2.425E-04 3.994E+03 3.644E-01 1.407E+00 2.000E+00
4.122E+07 2.421E+02 6.736E-02 3.528E-03 4.404E-04 4.437E+03 3.853E-01 1.411E+00 2.000E+00
NAN NAN NAN 3.528E-03 8.031E-04 NAN 4.233E-01 1.420E+00 2.000E+00
NAN NAN NAN 3.528E-03 1.468E-03 NAN 4.912E-01 1.435E+00 2.000E+00
NAN NAN NAN 3.528E-03 2.687E-03 NAN 6.072E-01 1.463E+00 2.000E+00
NAN NAN NAN 3.528E-03 4.920E-03 NAN 7.723E-01 1.514E+00 2.000E+00
2.699E+07 2.822E+02 6.397E-02 4.462E-03 4.999E-06 3.197E+03 3.426E-01 1.401E+00 2.000E+00
9.436E+07 2.822E+02 6.397E-02 4.462E-03 5.040E-06 3.197E+03 3.426E-01 1.401E+00 2.000E+00
2.391E+08 3.687E+02 6.066E-02 4.462E-03 5.115E-06 2.843E+03 3.426E-01 1.401E+00 2.000E+00
5.820E+07 3.078E+02 6.299E-02 4.462E-03 5.252E-06 2.954E+03 3.426E-01 1.401E+00 2.000E+00
7.005E+07 2.937E+02 6.354E-02 4.462E-03 5.504E-06 3.070E+03 3.427E-01 1.401E+00 2.000E+00
1.063E+08 3.251E+02 6.233E-02 4.462E-03 5.967E-06 2.860E+03 3.427E-01 1.401E+00 2.000E+00
1.189E+09 3.504E+02 6.135E-02 4.462E-03 6.814E-06 2.808E+03 3.428E-01 1.401E+00 2.000E+00
3.271E+08 3.116E+02 6.285E-02 4.462E-03 8.367E-06 2.930E+03 3.430E-01 1.402E+00 2.000E+00
1.088E+08 3.302E+02 6.214E-02 4.462E-03 1.121E-05 2.847E+03 3.433E-01 1.402E+00 2.000E+00
1.278E+08 2.296E+02 6.594E-02 4.462E-03 1.643E-05 4.643E+03 3.438E-01 1.402E+00 2.000E+00
7.226E+07 2.612E+02 6.485E-02 4.462E-03 2.599E-05 3.530E+03 3.449E-01 1.402E+00 2.000E+00
6.310E+08 3.147E+02 6.285E-02 4.462E-03 4.352E-05 2.956E+03 3.467E-01 1.402E+00 2.000E+00
5.438E+07 2.394E+02 6.587E-02 4.462E-03 7.565E-05 4.063E+03 3.502E-01 1.403E+00 2.000E+00
2.495E+08 2.954E+02 6.392E-02 4.462E-03 1.345E-04 3.206E+03 3.565E-01 1.404E+00 2.000E+00
4.028E+07 2.828E+02 6.483E-02 4.462E-03 2.425E-04 3.668E+03 3.681E-01 1.407E+00 2.000E+00
2.935E+08 2.330E+02 6.778E-02 4.462E-03 4.404E-04 4.613E+03 3.891E-01 1.411E+00 2.000E+00
NAN NAN NAN 4.462E-03 8.031E-04 NAN 4.272E-01 1.420E+00 2.000E+00
NAN NAN NAN 4.462E-03 1.468E-03 NAN 4.952E-01 1.435E+00 2.000E+00
NAN NAN NAN 4.462E-03 2.687E-03 NAN 6.115E-01 1.463E+00 2.000E+00
NAN NAN NAN 4.462E-03 4.920E-03 NAN 7.769E-01 1.514E+00 2.000E+00
8.497E+07 3.258E+02 6.231E-02 5.644E-03 4.999E-06 2.923E+03 3.473E-01 1.401E+00 2.000E+00
2.294E+08 2.570E+02 6.494E-02 5.644E-03 5.040E-06 3.655E+03 3.473E-01 1.401E+00 2.000E+00
3.899E+07 3.692E+02 6.065E-02 5.644E-03 5.115E-06 3.033E+03 3.473E-01 1.401E+00 2.000E+00
4.194E+07 3.610E+02 6.096E-02 5.644E-03 5.252E-06 3.044E+03 3.473E-01 1.401E+00 2.000E+00
4.467E+07 2.410E+02 6.552E-02 5.644E-03 5.504E-06 4.126E+03 3.474E-01 1.401E+00 2.000E+00
6.737E+07 2.675E+02 6.455E-02 5.644E-03 5.967E-06 3.446E+03 3.474E-01 1.401E+00 2.000E+00
9.541E+07 2.723E+02 6.438E-02 5.644E-03 6.814E-06 3.369E+03 3.475E-01 1.402E+00 2.000E+00
5.347E+07 2.634E+02 6.471E-02 5.644E-03 8.367E-06 3.548E+03 3.477E-01 1.402E+00 2.000E+00
5.450E+07 3.334E+02 6.203E-02 5.644E-03 1.121E-05 2.921E+03 3.480E-01 1.402E+00 2.000E+00
4.089E+07 2.610E+02 6.484E-02 5.644E-03 1.643E-05 3.565E+03 3.485E-01 1.402E+00 2.000E+00
1.924E+10 2.972E+02 6.349E-02 5.644E-03 2.599E-05 3.101E+03 3.496E-01 1.402E+00 2.000E+00
5.874E+07 3.355E+02 6.205E-02 5.644E-03 4.352E-05 3.018E+03 3.514E-01 1.402E+00 2.000E+00
1.362E+08 3.067E+02 6.328E-02 5.644E-03 7.565E-05 3.124E+03 3.549E-01 1.403E+00 2.000E+00
1.112E+08 2.360E+02 6.628E-02 5.644E-03 1.345E-04 4.133E+03 3.612E-01 1.404E+00 2.000E+00
4.521E+07 2.343E+02 6.684E-02 5.644E-03 2.425E-04 4.150E+03 3.728E-01 1.407E+00 2.000E+00
4.876E+07 2.120E+02 6.870E-02 5.644E-03 4.404E-04 5.010E+03 3.939E-01 1.411E+00 2.000E+00
NAN NAN NAN 5.644E-03 8.031E-04 NAN 4.321E-01 1.420E+00 2.000E+00
NAN NAN NAN 5.644E-03 1.468E-03 NAN 5.004E-01 1.435E+00 2.000E+00
NAN NAN NAN 5.644E-03 2.687E-03 NAN 6.171E-01 1.463E+00 2.000E+00
NAN NAN NAN 5.644E-03 4.920E-03 NAN 7.827E-01 1.514E+00 2.000E+00
8.854E+08 2.985E+02 6.338E-02 7.139E-03 4.999E-06 3.142E+03 3.532E-01 1.402E+00 2.000E+00
1.001E+09 3.070E+02 6.305E-02 7.139E-03 5.040E-06 3.091E+03 3.532E-01 1.402E+00 2.000E+00
5.919E+07 3.203E+02 6.253E-02 7.139E-03 5.115E-06 3.044E+03 3.532E-01 1.402E+00 2.000E+00
5.868E+09 2.848E+02 6.391E-02 7.139E-03 5.252E-06 3.268E+03 3.533E-01 1.402E+00 2.000E+00
9.262E+07 2.602E+02 6.485E-02 7.139E-03 5.504E-06 3.623E+03 3.533E-01 1.402E+00 2.000E+00
3.770E+07 3.563E+02 6.115E-02 7.139E-03 5.967E-06 3.200E+03 3.533E-01 1.402E+00 2.000E+00
3.500E+07 2.549E+02 6.505E-02 7.139E-03 6.814E-06 3.735E+03 3.534E-01 1.402E+00 2.000E+00
3.171E+07 2.325E+02 6.586E-02 7.139E-03 8.367E-06 4.497E+03 3.536E-01 1.402E+00 2.000E+00
1.860E+07 2.624E+02 6.479E-02 7.139E-03 1.121E-05 3.579E+03 3.539E-01 1.402E+00 2.000E+00
3.271E+07 3.141E+02 6.281E-02 7.139E-03 1.643E-05 3.092E+03 3.545E-01 1.402E+00 2.000E+00
6.551E+07 3.459E+02 6.160E-02 7.139E-03 2.599E-05 3.219E+03 3.555E-01 1.402E+00 2.000E+00
1.567E+09 2.329E+02 6.600E-02 7.139E-03 4.352E-05 4.580E+03 3.574E-01 1.402E+00 2.000E+00
1.083E+08 3.179E+02 6.285E-02 7.139E-03 7.565E-05 3.288E+03 3.608E-01 1.403E+00 2.000E+00
4.593E+08 2.824E+02 6.448E-02 7.139E-03 1.345E-04 3.488E+03 3.672E-01 1.404E+00 2.000E+00
1.223E+08 2.282E+02 6.711E-02 7.139E-03 2.425E-04 4.397E+03 3.787E-01 1.407E+00 2.000E+00
1.266E+07 2.139E+02 6.866E-02 7.139E-03 4.404E-04 5.305E+03 4.000E-01 1.412E+00 2.000E+00
NAN NAN NAN 7.139E-03 8.031E-04 NAN 4.383E-01 1.420E+00 2.000E+00
NAN NAN NAN 7.139E-03 1.468E-03 NAN 5.068E-01 1.435E+00 2.000E+00
NAN NAN NAN 7.139E-03 2.687E-03 NAN 6.241E-01 1.463E+00 2.000E+00
NAN NAN NAN 7.139E-03 4.920E-03 NAN 7.901E-01 1.514E+00 2.000E+00
3.710E+08 2.826E+02 6.402E-02 9.029E-03 4.999E-06 3.380E+03 3.606E-01 1.402E+00 2.000E+00
2.799E+08 2.940E+02 6.358E-02 9.029E-03 5.040E-06 3.289E+03 3.606E-01 1.402E+00 2.000E+00
5.334E+07 2.924E+02 6.364E-02 9.029E-03 5.115E-06 3.295E+03 3.606E-01 1.402E+00 2.000E+00
3.320E+07 2.637E+02 6.474E-02 9.029E-03 5.252E-06 3.619E+03 3.606E-01 1.402E+00 2.000E+00
4.497E+07 2.241E+02 6.617E-02 9.029E-03 5.504E-06 4.999E+03 3.606E-01 1.402E+00 2.000E+00
7.546E+07 2.191E+02 6.633E-02 9.029E-03 5.967E-06 5.394E+03 3.607E-01 1.402E+00 2.000E+00
1.186E+08 2.777E+02 6.422E-02 9.029E-03 6.814E-06 3.427E+03 3.608E-01 1.402E+00 2.000E+00
9.622E+07 2.266E+02 6.610E-02 9.029E-03 8.367E-06 4.830E+03 3.609E-01 1.402E+00 2.000E+00
2.405E+08 3.082E+02 6.305E-02 9.029E-03 1.121E-05 3.245E+03 3.612E-01 1.402E+00 2.000E+00
1.072E+08 3.256E+02 6.238E-02 9.029E-03 1.643E-05 3.311E+03 3.618E-01 1.402E+00 2.000E+00
4.654E+07 2.553E+02 6.514E-02 9.029E-03 2.599E-05 3.779E+03 3.629E-01 1.402E+00 2.000E+00
1.079E+08 3.184E+02 6.275E-02 9.029E-03 4.352E-05 3.422E+03 3.648E-01 1.402E+00 2.000E+00
8.746E+08 2.779E+02 6.447E-02 9.029E-03 7.565E-05 3.531E+03 3.683E-01 1.403E+00 2.000E+00
1.213E+08 2.575E+02 6.551E-02 9.029E-03 1.345E-04 3.840E+03 3.747E-01 1.405E+00 2.000E+00
1.086E+08 2.233E+02 6.734E-02 9.029E-03 2.425E-04 4.669E+03 3.863E-01 1.407E+00 2.000E+00
1.248E+08 2.015E+02 6.922E-02 9.029E-03 4.404E-04 5.966E+03 4.075E-01 1.412E+00 2.000E+00
NAN NAN NAN 9.029E-03 8.031E-04 NAN 4.460E-01 1.420E+00 2.000E+00
NAN NAN NAN 9.029E-03 1.468E-03 NAN 5.149E-01 1.435E+00 2.000E+00
NAN NAN NAN 9.029E-03 2.687E-03 NAN 6.329E-01 1.463E+00 2.000E+00
NAN NAN NAN 9.029E-03 4.920E-03 NAN 7.995E-01 1.514E+00 2.000E+00
2.291E+07 2.196E+02 6.636E-02 1.142E-02 4.999E-06 5.316E+03 3.699E-01 1.402E+00 2.000E+00
1.406E+08 2.764E+02 6.429E-02 1.142E-02 5.040E-06 3.582E+03 3.699E-01 1.402E+00 2.000E+00
9.792E+07 2.715E+02 6.448E-02 1.142E-02 5.115E-06 3.630E+03 3.699E-01 1.402E+00 2.000E+00
5.045E+07 2.711E+02 6.449E-02 1.142E-02 5.252E-06 3.634E+03 3.699E-01 1.402E+00 2.000E+00
3.200E+07 3.131E+02 6.286E-02 1.142E-02 5.504E-06 3.574E+03 3.699E-01 1.402E+00 2.000E+00
3.501E+07 2.600E+02 6.492E-02 1.142E-02 5.967E-06 3.788E+03 3.700E-01 1.402E+00 2.000E+00
1.855E+08 2.596E+02 6.494E-02 1.142E-02 6.814E-06 3.795E+03 3.701E-01 1.402E+00 2.000E+00
3.006E+07 3.194E+02 6.262E-02 1.142E-02 8.367E-06 3.707E+03 3.702E-01 1.402E+00 2.000E+00
1.260E+08 2.092E+02 6.673E-02 1.142E-02 1.121E-05 5.932E+03 3.705E-01 1.402E+00 2.000E+00
4.130E+07 2.361E+02 6.585E-02 1.142E-02 1.643E-05 4.391E+03 3.711E-01 1.402E+00 2.000E+00
1.282E+08 2.215E+02 6.641E-02 1.142E-02 2.599E-05 5.110E+03 3.721E-01 1.402E+00 2.000E+00
7.767E+07 2.131E+02 6.677E-02 1.142E-02 4.352E-05 5.715E+03 3.741E-01 1.402E+00 2.000E+00
3.779E+07 2.616E+02 6.514E-02 1.142E-02 7.565E-05 3.872E+03 3.776E-01 1.403E+00 2.000E+00
3.514E+07 2.045E+02 6.753E-02 1.142E-02 1.345E-04 6.118E+03 3.840E-01 1.405E+00 2.000E+00
6.863E+07 2.020E+02 6.820E-02 1.142E-02 2.425E-04 5.896E+03 3.957E-01 1.407E+00 2.000E+00
NAN NAN NAN 1.142E-02 4.404E-04 NAN 4.170E-01 1.412E+00 2.000E+00
NAN NAN NAN 1.142E-02 8.031E-04 NAN 4.557E-01 1.420E+00 2.000E+00
NAN NAN NAN 1.142E-02 1.468E-03 NAN 5.250E-01 1.435E+00 2.000E+00
NAN NAN NAN 1.142E-02 2.687E-03 NAN 6.440E-01 1.463E+00 2.000E+00
NAN NAN NAN 1.142E-02 4.920E-03 NAN 8.114E-01 1.514E+00 2.000E+00
3.022E+08 2.593E+02 6.499E-02 1.445E-02 4.999E-06 3.999E+03 3.816E-01 1.402E+00 2.000E+00
2.836E+08 2.917E+02 6.373E-02 1.445E-02 5.040E-06 3.997E+03 3.816E-01 1.402E+00 2.000E+00
2.698E+07 2.847E+02 6.400E-02 1.445E-02 5.115E-06 3.916E+03 3.816E-01 1.402E+00 2.000E+00
2.216E+08 2.805E+02 6.417E-02 1.445E-02 5.252E-06 3.894E+03 3.816E-01 1.402E+00 2.000E+00
2.042E+08 2.331E+02 6.597E-02 1.445E-02 5.504E-06 4.703E+03 3.816E-01 1.402E+00 2.000E+00
6.546E+07 2.712E+02 6.454E-02 1.445E-02 5.967E-06 3.904E+03 3.817E-01 1.402E+00 2.000E+00
1.167E+08 2.280E+02 6.616E-02 1.445E-02 6.814E-06 4.824E+03 3.818E-01 1.402E+00 2.000E+00
1.772E+08 2.652E+02 6.478E-02 1.445E-02 8.367E-06 3.948E+03 3.819E-01 1.402E+00 2.000E+00
3.444E+07 2.304E+02 6.609E-02 1.445E-02 1.121E-05 4.709E+03 3.822E-01 1.402E+00 2.000E+00
5.264E+07 2.234E+02 6.636E-02 1.445E-02 1.643E-05 5.042E+03 3.828E-01 1.402E+00 2.000E+00
2.743E+08 2.785E+02 6.433E-02 1.445E-02 2.599E-05 4.019E+03 3.839E-01 1.402E+00 2.000E+00
5.851E+07 2.686E+02 6.478E-02 1.445E-02 4.352E-05 4.089E+03 3.858E-01 1.403E+00 2.000E+00
4.343E+08 2.614E+02 6.520E-02 1.445E-02 7.565E-05 4.277E+03 3.893E-01 1.403E+00 2.000E+00
2.869E+08 2.025E+02 6.768E-02 1.445E-02 1.345E-04 6.320E+03 3.957E-01 1.405E+00 2.000E+00
2.119E+07 2.188E+02 6.764E-02 1.445E-02 2.425E-04 5.603E+03 4.075E-01 1.407E+00 2.000E+00
NAN NAN NAN 1.445E-02 4.404E-04 NAN 4.290E-01 1.412E+00 2.000E+00
NAN NAN NAN 1.445E-02 8.031E-04 NAN 4.680E-01 1.420E+00 2.000E+00
NAN NAN NAN 1.445E-02 1.468E-03 NAN 5.379E-01 1.435E+00 2.000E+00
NAN NAN NAN 1.445E-02 2.687E-03 NAN 6.579E-01 1.463E+00 2.000E+00
NAN NAN NAN 1.445E-02 4.920E-03 NAN 8.264E-01 1.514E+00 2.000E+00
4.836E+07 2.568E+02 6.515E-02 1.827E-02 4.999E-06 4.541E+03 3.961E-01 1.402E+00 2.000E+00
1.511E+08 2.601E+02 6.502E-02 1.827E-02 5.040E-06 4.563E+03 3.961E-01 1.402E+00 2.000E+00
1.544E+09 2.590E+02 6.507E-02 1.827E-02 5.115E-06 4.553E+03 3.961E-01 1.402E+00 2.000E+00
1.097E+08 2.151E+02 6.667E-02 1.827E-02 5.252E-06 5.707E+03 3.961E-01 1.402E+00 2.000E+00
1.038E+08 2.180E+02 6.658E-02 1.827E-02 5.504E-06 5.505E+03 3.961E-01 1.402E+00 2.000E+00
1.815E+08 2.088E+02 6.689E-02 1.827E-02 5.967E-06 6.287E+03 3.962E-01 1.402E+00 2.000E+00
1.456E+09 2.478E+02 6.550E-02 1.827E-02 6.814E-06 4.573E+03 3.963E-01 1.402E+00 2.000E+00
4.977E+07 2.362E+02 6.594E-02 1.827E-02 8.367E-06 4.764E+03 3.964E-01 1.402E+00 2.000E+00
2.246E+07 2.606E+02 6.503E-02 1.827E-02 1.121E-05 4.641E+03 3.968E-01 1.402E+00 2.000E+00
3.619E+07 2.245E+02 6.640E-02 1.827E-02 1.643E-05 5.155E+03 3.973E-01 1.402E+00 2.000E+00
2.392E+08 2.478E+02 6.558E-02 1.827E-02 2.599E-05 4.684E+03 3.984E-01 1.402E+00 2.000E+00
2.217E+08 2.400E+02 6.596E-02 1.827E-02 4.352E-05 4.836E+03 4.003E-01 1.403E+00 2.000E+00
9.954E+07 2.341E+02 6.633E-02 1.827E-02 7.565E-05 5.089E+03 4.039E-01 1.403E+00 2.000E+00
2.232E+08 2.181E+02 6.721E-02 1.827E-02 1.345E-04 5.705E+03 4.103E-01 1.405E+00 2.000E+00
NAN NAN NAN 1.827E-02 2.425E-04 NAN 4.222E-01 1.407E+00 2.000E+00
NAN NAN NAN 1.827E-02 4.404E-04 NAN 4.439E-01 1.412E+00 2.000E+00
NAN NAN NAN 1.827E-02 8.031E-04 NAN 4.832E-01 1.420E+00 2.000E+00
NAN NAN NAN 1.827E-02 1.468E-03 NAN 5.538E-01 1.435E+00 2.000E+00
NAN NAN NAN 1.827E-02 2.687E-03 NAN 6.754E-01 1.463E+00 2.000E+00
NAN NAN NAN 1.827E-02 4.920E-03 NAN 8.453E-01 1.515E+00 2.000E+00
9.367E+07 2.177E+02 6.670E-02 2.311E-02 4.999E-06 5.945E+03 4.142E-01 1.402E+00 2.000E+00
3.651E+08 2.175E+02 6.670E-02 2.311E-02 5.040E-06 5.953E+03 4.142E-01 1.402E+00 2.000E+00
1.848E+07 2.236E+02 6.649E-02 2.311E-02 5.115E-06 5.775E+03 4.142E-01 1.402E+00 2.000E+00
1.216E+08 2.259E+02 6.640E-02 2.311E-02 5.252E-06 5.742E+03 4.142E-01 1.402E+00 2.000E+00
5.749E+07 2.124E+02 6.688E-02 2.311E-02 5.504E-06 6.220E+03 4.142E-01 1.402E+00 2.000E+00
6.447E+07 2.198E+02 6.662E-02 2.311E-02 5.967E-06 5.876E+03 4.143E-01 1.402E+00 2.000E+00
2.939E+08 2.091E+02 6.700E-02 2.311E-02 6.814E-06 6.441E+03 4.144E-01 1.402E+00 2.000E+00
7.345E+08 2.177E+02 6.671E-02 2.311E-02 8.367E-06 5.961E+03 4.145E-01 1.402E+00 2.000E+00
6.648E+07 2.112E+02 6.695E-02 2.311E-02 1.121E-05 6.294E+03 4.149E-01 1.402E+00 2.000E+00
2.929E+07 2.006E+02 6.734E-02 2.311E-02 1.643E-05 7.315E+03 4.154E-01 1.402E+00 2.000E+00
2.160E+07 2.171E+02 6.682E-02 2.311E-02 2.599E-05 6.076E+03 4.165E-01 1.402E+00 2.000E+00
2.026E+07 2.081E+02 6.723E-02 2.311E-02 4.352E-05 6.872E+03 4.185E-01 1.403E+00 2.000E+00
3.455E+07 2.076E+02 6.741E-02 2.311E-02 7.565E-05 6.772E+03 4.220E-01 1.403E+00 2.000E+00
NAN NAN NAN 2.311E-02 1.345E-04 NAN 4.286E-01 1.405E+00 2.000E+00
NAN NAN NAN 2.311E-02 2.425E-04 NAN 4.406E-01 1.407E+00 2.000E+00
NAN NAN NAN 2.311E-02 4.404E-04 NAN 4.624E-01 1.412E+00 2.000E+00
NAN NAN NAN 2.311E-02 8.031E-04 NAN 5.022E-01 1.420E+00 2.000E+00
NAN NAN NAN 2.311E-02 1.468E-03 NAN 5.736E-01 1.435E+00 2.000E+00
NAN NAN NAN 2.311E-02 2.687E-03 NAN 6.974E-01 1.463E+00 2.000E+00
NAN NAN NAN 2.311E-02 4.920E-03 NAN 8.692E-01 1.515E+00 2.000E+00
NAN NAN NAN 2.923E-02 4.999E-06 NAN 4.366E-01 1.402E+00 2.000E+00
NAN NAN NAN 2.923E-02 5.040E-06 NAN 4.366E-01 1.402E+00 2.000E+00
NAN NAN NAN 2.923E-02 5.115E-06 NAN 4.366E-01 1.402E+00 2.000E+00
NAN NAN NAN 2.923E-02 5.252E-06 NAN 4.366E-01 1.402E+00 2.000E+00
NAN NAN NAN 2.923E-02 5.504E-06 NAN 4.366E-01 1.402E+00 2.000E+00
NAN NAN NAN 2.923E-02 5.967E-06 NAN 4.367E-01 1.402E+00 2.000E+00
NAN NAN NAN 2.923E-02 6.814E-06 NAN 4.368E-01 1.402E+00 2.000E+00
NAN NAN NAN 2.923E-02 8.367E-06 NAN 4.370E-01 1.402E+00 2.000E+00
NAN NAN NAN 2.923E-02 1.121E-05 NAN 4.373E-01 1.402E+00 2.000E+00
NAN NAN NAN 2.923E-02 1.643E-05 NAN 4.379E-01 1.402E+00 2.000E+00
NAN NAN NAN 2.923E-02 2.599E-05 NAN 4.389E-01 1.402E+00 2.000E+00
NAN NAN NAN 2.923E-02 4.352E-05 NAN 4.409E-01 1.403E+00 2.000E+00
NAN NAN NAN 2.923E-02 7.565E-05 NAN 4.445E-01 1.404E+00 2.000E+00
NAN NAN NAN 2.923E-02 1.345E-04 NAN 4.511E-01 1.405E+00 2.000E+00
NAN NAN NAN 2.923E-02 2.425E-04 NAN 4.633E-01 1.407E+00 2.000E+00
NAN NAN NAN 2.923E-02 4.404E-04 NAN 4.854E-01 1.412E+00 2.000E+00
NAN NAN NAN 2.923E-02 8.031E-04 NAN 5.256E-01 1.420E+00 2.000E+00
NAN NAN NAN 2.923E-02 1.468E-03 NAN 5.982E-01 1.436E+00 2.000E+00
NAN NAN NAN 2.923E-02 2.687E-03 NAN 7.246E-01 1.464E+00 2.000E+00
NAN NAN NAN 2.923E-02 4.920E-03 NAN 8.992E-01 1.515E+00 2.000E+00
NAN NAN NAN 3.697E-02 4.999E-06 NAN 4.641E-01 1.402E+00 2.000E+00
NAN NAN NAN 3.697E-02 5.040E-06 NAN 4.641E-01 1.402E+00 2.000E+00
NAN NAN NAN 3.697E-02 5.115E-06 NAN 4.641E-01 1.402E+00 2.000E+00
NAN NAN NAN 3.697E-02 5.252E-06 NAN 4.641E-01 1.402E+00 2.000E+00
NAN NAN NAN 3.697E-02 5.504E-06 NAN 4.642E-01 1.402E+00 2.000E+00
NAN NAN NAN 3.697E-02 5.967E-06 NAN 4.642E-01 1.402E+00 2.000E+00
NAN NAN NAN 3.697E-02 6.814E-06 NAN 4.643E-01 1.402E+00 2.000E+00
NAN NAN NAN 3.697E-02 8.367E-06 NAN 4.645E-01 1.402E+00 2.000E+00
NAN NAN NAN 3.697E-02 1.121E-05 NAN 4.648E-01 1.402E+00 2.000E+00
NAN NAN NAN 3.697E-02 1.643E-05 NAN 4.654E-01 1.402E+00 2.000E+00
NAN NAN NAN 3.697E-02 2.599E-05 NAN 4.665E-01 1.403E+00 2.000E+00
NAN NAN NAN 3.697E-02 4.352E-05 NAN 4.685E-01 1.403E+00 2.000E+00
NAN NAN NAN 3.697E-02 7.565E-05 NAN 4.722E-01 1.404E+00 2.000E+00
NAN NAN NAN 3.697E-02 1.345E-04 NAN 4.789E-01 1.405E+00 2.000E+00
NAN NAN NAN 3.697E-02 2.425E-04 NAN 4.911E-01 1.408E+00 2.000E+00
NAN NAN NAN 3.697E-02 4.404E-04 NAN 5.136E-01 1.412E+00 2.000E+00
NAN NAN NAN 3.697E-02 8.031E-04 NAN 5.544E-01 1.421E+00 2.000E+00
NAN NAN NAN 3.697E-02 1.468E-03 NAN 6.283E-01 1.436E+00 2.000E+00
NAN NAN NAN 3.697E-02 2.687E-03 NAN 7.581E-01 1.464E+00 2.000E+00
NAN NAN NAN 3.697E-02 4.920E-03 NAN 9.369E-01 1.515E+00 2.000E+00
NAN NAN NAN 4.677E-02 4.999E-06 NAN 4.976E-01 1.402E+00 2.000E+00
NAN NAN NAN 4.677E-02 5.040E-06 NAN 4.976E-01 1.402E+00 2.000E+00
NAN NAN NAN 4.677E-02 5.115E-06 NAN 4.976E-01 1.402E+00 2.000E+00
NAN NAN NAN 4.677E-02 5.252E-06 NAN 4.976E-01 1.402E+00 2.000E+00
NAN NAN NAN 4.677E-02 5.504E-06 NAN 4.977E-01 1.402E+00 2.000E+00
NAN NAN NAN 4.677E-02 5.967E-06 NAN 4.977E-01 1.402E+00 2.000E+00
NAN NAN NAN 4.677E-02 6.814E-06 NAN 4.978E-01 1.402E+00 2.000E+00
NAN NAN NAN 4.677E-02 8.367E-06 NAN 4.980E-01 1.402E+00 2.000E+00
NAN NAN NAN 4.677E-02 1.121E-05 NAN 4.983E-01 1.403E+00 2.000E+00
NAN NAN NAN 4.677E-02 1.643E-05 NAN 4.989E-01 1.403E+00 2.000E+00
NAN NAN NAN 4.677E-02 2.599E-05 NAN 5.000E-01 1.403E+00 2.000E+00
NAN NAN NAN 4.677E-02 4.352E-05 NAN 5.021E-01 1.403E+00 2.000E+00
NAN NAN NAN 4.677E-02 7.565E-05 NAN 5.058E-01 1.404E+00 2.000E+00
NAN NAN NAN 4.677E-02 1.345E-04 NAN 5.126E-01 1.405E+00 2.000E+00
NAN NAN NAN 4.677E-02 2.425E-04 NAN 5.250E-01 1.408E+00 2.000E+00
NAN NAN NAN 4.677E-02 4.404E-04 NAN 5.478E-01 1.412E+00 2.000E+00
NAN NAN NAN 4.677E-02 8.031E-04 NAN 5.893E-01 1.421E+00 2.000E+00
NAN NAN NAN 4.677E-02 1.468E-03 NAN 6.648E-01 1.436E+00 2.000E+00
NAN NAN NAN 4.677E-02 2.687E-03 NAN 7.988E-01 1.464E+00 2.000E+00
NAN NAN NAN 4.677E-02 4.920E-03 NAN 9.825E-01 1.515E+00 2.000E+00
NAN NAN NAN 5.915E-02 4.999E-06 NAN 5.377E-01 1.403E+00 3.000E+00
NAN NAN NAN 5.915E-02 5.040E-06 NAN 5.377E-01 1.403E+00 3.000E+00
NAN NAN NAN 5.915E-02 5.115E-06 NAN 5.377E-01 1.403E+00 3.000E+00
NAN NAN NAN 5.915E-02 5.252E-06 NAN 5.377E-01 1.403E+00 3.000E+00
NAN NAN NAN 5.915E-02 5.504E-06 NAN 5.377E-01 1.403E+00 3.000E+00
NAN NAN NAN 5.915E-02 5.967E-06 NAN 5.378E-01 1.403E+00 3.000E+00
NAN NAN NAN 5.915E-02 6.814E-06 NAN 5.379E-01 1.403E+00 3.000E+00
NAN NAN NAN 5.915E-02 8.367E-06 NAN 5.381E-01 1.403E+00 3.000E+00
NAN NAN NAN 5.915E-02 1.121E-05 NAN 5.384E-01 1.403E+00 3.000E+00
NAN NAN NAN 5.915E-02 1.643E-05 NAN 5.390E-01 1.403E+00 3.000E+00
NAN NAN NAN 5.915E-02 2.599E-05 NAN 5.401E-01 1.403E+00 3.000E+00
NAN NAN NAN 5.915E-02 4.352E-05 NAN 5.422E-01 1.404E+00 3.000E+00
NAN NAN NAN 5.915E-02 7.565E-05 NAN 5.460E-01 1.404E+00 3.000E+00
NAN NAN NAN 5.915E-02 1.345E-04 NAN 5.528E-01 1.406E+00 3.000E+00
NAN NAN NAN 5.915E-02 2.425E-04 NAN 5.655E-01 1.408E+00 3.000E+00
NAN NAN NAN 5.915E-02 4.404E-04 NAN 5.886E-01 1.413E+00 3.000E+00
NAN NAN NAN 5.915E-02 8.031E-04 NAN 6.309E-01 1.421E+00 3.000E+00
NAN NAN NAN 5.915E-02 1.468E-03 NAN 7.080E-01 1.436E+00 3.000E+00
NAN NAN NAN 5.915E-02 2.687E-03 NAN 8.467E-01 1.464E+00 3.000E+00
NAN NAN NAN 5.915E-02 4.920E-03 NAN 1.000E+00 1.515E+00 0.000E+00
NAN NAN NAN 7.482E-02 4.999E-06 NAN 5.849E-01 1.403E+00 3.000E+00
NAN NAN NAN 7.482E-02 5.040E-06 NAN 5.849E-01 1.403E+00 3.000E+00
NAN NAN NAN 7.482E-02 5.115E-06 NAN 5.849E-01 1.403E+00 3.000E+00
NAN NAN NAN 7.482E-02 5.252E-06 NAN 5.849E-01 1.403E+00 3.000E+00
NAN NAN NAN 7.482E-02 5.504E-06 NAN 5.850E-01 1.403E+00 3.000E+00
NAN NAN NAN 7.482E-02 5.967E-06 NAN 5.850E-01 1.403E+00 3.000E+00
NAN NAN NAN 7.482E-02 6.814E-06 NAN 5.851E-01 1.403E+00 3.000E+00
NAN NAN NAN 7.482E-02 8.367E-06 NAN 5.853E-01 1.403E+00 3.000E+00
NAN NAN NAN 7.482E-02 1.121E-05 NAN 5.856E-01 1.403E+00 3.000E+00
NAN NAN NAN 7.482E-02 1.643E-05 NAN 5.862E-01 1.403E+00 3.000E+00
NAN NAN NAN 7.482E-02 2.599E-05 NAN 5.874E-01 1.404E+00 3.000E+00
NAN NAN NAN 7.482E-02 4.352E-05 NAN 5.895E-01 1.404E+00 3.000E+00
NAN NAN NAN 7.482E-02 7.565E-05 NAN 5.933E-01 1.405E+00 3.000E+00
NAN NAN NAN 7.482E-02 1.345E-04 NAN 6.003E-01 1.406E+00 3.000E+00
NAN NAN NAN 7.482E-02 2.425E-04 NAN 6.131E-01 1.409E+00 3.000E+00
NAN NAN NAN 7.482E-02 4.404E-04 NAN 6.366E-01 1.413E+00 3.000E+00
NAN NAN NAN 7.482E-02 8.031E-04 NAN 6.795E-01 1.421E+00 3.000E+00
NAN NAN NAN 7.482E-02 1.468E-03 NAN 7.581E-01 1.437E+00 3.000E+00
NAN NAN NAN 7.482E-02 2.687E-03 NAN 9.011E-01 1.465E+00 3.000E+00
NAN NAN NAN 7.482E-02 4.920E-03 NAN 1.000E+00 1.516E+00 0.000E+00
NAN NAN NAN 9.464E-02 4.999E-06 NAN 6.392E-01 1.404E+00 3.000E+00
NAN NAN NAN 9.464E-02 5.040E-06 NAN 6.392E-01 1.404E+00 3.000E+00
NAN NAN NAN 9.464E-02 5.115E-06 NAN 6.392E-01 1.404E+00 3.000E+00
NAN NAN NAN 9.464E-02 5.252E-06 NAN 6.392E-01 1.404E+00 3.000E+00
NAN NAN NAN 9.464E-02 5.504E-06 NAN 6.393E-01 1.404E+00 3.000E+00
NAN NAN NAN 9.464E-02 5.967E-06 NAN 6.393E-01 1.404E+00 3.000E+00
NAN NAN NAN 9.464E-02 6.814E-06 NAN 6.394E-01 1.404E+00 3.000E+00
NAN NAN NAN 9.464E-02 8.367E-06 NAN 6.396E-01 1.404E+00 3.000E+00
NAN NAN NAN 9.464E-02 1.121E-05 NAN 6.399E-01 1.404E+00 3.000E+00
NAN NAN NAN 9.464E-02 1.643E-05 NAN 6.406E-01 1.404E+00 3.000E+00
NAN NAN NAN 9.464E-02 2.599E-05 NAN 6.417E-01 1.404E+00 3.000E+00
NAN NAN NAN 9.464E-02 4.352E-05 NAN 6.438E-01 1.404E+00 3.000E+00
NAN NAN NAN 9.464E-02 7.565E-05 NAN 6.477E-01 1.405E+00 3.000E+00
NAN NAN NAN 9.464E-02 1.345E-04 NAN 6.547E-01 1.406E+00 3.000E+00
NAN NAN NAN 9.464E-02 2.425E-04 NAN 6.676E-01 1.409E+00 3.000E+00
NAN NAN NAN 9.464E-02 4.404E-04 NAN 6.913E-01 1.414E+00 3.000E+00
NAN NAN NAN 9.464E-02 8.031E-04 NAN 7.347E-01 1.422E+00 3.000E+00
NAN NAN NAN 9.464E-02 1.468E-03 NAN 8.142E-01 1.437E+00 3.000E+00
NAN NAN NAN 9.464E-02 2.687E-03 NAN 9.598E-01 1.465E+00 3.000E+00
NAN NAN NAN 9.464E-02 4.920E-03 NAN 1.000E+00 1.516E+00 3.000E+00
NAN NAN NAN 1.197E-01 4.999E-06 NAN 7.000E-01 1.404E+00 3.000E+00
NAN NAN NAN 1.197E-01 5.040E-06 NAN 7.000E-01 1.404E+00 3.000E+00
NAN NAN NAN 1.197E-01 5.115E-06 NAN 7.000E-01 1.404E+00 3.000E+00
NAN NAN NAN 1.197E-01 5.252E-06 NAN 7.000E-01 1.404E+00 3.000E+00
NAN NAN NAN 1.197E-01 5.504E-06 NAN 7.000E-01 1.404E+00 3.000E+00
NAN NAN NAN 1.197E-01 5.967E-06 NAN 7.001E-01 1.404E+00 3.000E+00
NAN NAN NAN 1.197E-01 6.814E-06 NAN 7.002E-01 1.404E+00 3.000E+00
NAN NAN NAN 1.197E-01 8.367E-06 NAN 7.004E-01 1.404E+00 3.000E+00
NAN NAN NAN 1.197E-01 1.121E-05 NAN 7.007E-01 1.404E+00 3.000E+00
NAN NAN NAN 1.197E-01 1.643E-05 NAN 7.013E-01 1.404E+00 3.000E+00
NAN NAN NAN 1.197E-01 2.599E-05 NAN 7.025E-01 1.405E+00 3.000E+00
NAN NAN NAN 1.197E-01 4.352E-05 NAN 7.046E-01 1.405E+00 3.000E+00
NAN NAN NAN 1.197E-01 7.565E-05 NAN 7.084E-01 1.406E+00 3.000E+00
NAN NAN NAN 1.197E-01 1.345E-04 NAN 7.154E-01 1.407E+00 3.000E+00
NAN NAN NAN 1.197E-01 2.425E-04 NAN 7.284E-01 1.410E+00 3.000E+00
NAN NAN NAN 1.197E-01 4.404E-04 NAN 7.520E-01 1.414E+00 3.000E+00
NAN NAN NAN 1.197E-01 8.031E-04 NAN 7.954E-01 1.422E+00 3.000E+00
NAN NAN NAN 1.197E-01 1.468E-03 NAN 8.748E-01 1.438E+00 3.000E+00
NAN NAN NAN 1.197E-01 2.687E-03 NAN 1.000E+00 1.466E+00 3.000E+00
NAN NAN NAN 1.197E-01 4.920E-03 NAN 1.000E+00 1.517E+00 3.000E+00
NAN NAN NAN 1.514E-01 4.999E-06 NAN 7.660E-01 1.405E+00 3.000E+00
NAN NAN NAN 1.514E-01 5.040E-06 NAN 7.660E-01 1.405E+00 3.000E+00
NAN NAN NAN 1.514E-01 5.115E-06 NAN 7.661E-01 1.405E+00 3.000E+00
NAN NAN NAN 1.514E-01 5.252E-06 NAN 7.661E-01 1.405E+00 3.000E+00
NAN NAN NAN 1.514E-01 5.504E-06 NAN 7.661E-01 1.405E+00 3.000E+00
NAN NAN NAN 1.514E-01 5.967E-06 NAN 7.662E-01 1.405E+00 3.000E+00
NAN NAN NAN 1.514E-01 6.814E-06 NAN 7.663E-01 1.405E+00 3.000E+00
NAN NAN NAN 1.514E-01 8.367E-06 NAN 7.664E-01 1.405E+00 3.000E+00
NAN NAN NAN 1.514E-01 1.121E-05 NAN 7.668E-01 1.405E+00 3.000E+00
NAN NAN NAN 1.514E-01 1.643E-05 NAN 7.674E-01 1.405E+00 3.000E+00
NAN NAN NAN 1.514E-01 2.599E-05 NAN 7.685E-01 1.405E+00 3.000E+00
NAN NAN NAN 1.514E-01 4.352E-05 NAN 7.706E-01 1.406E+00 3.000E+00
NAN NAN NAN 1.514E-01 7.565E-05 NAN 7.744E-01 1.406E+00 3.000E+00
NAN NAN NAN 1.514E-01 1.345E-04 NAN 7.813E-01 1.408E+00 3.000E+00
NAN NAN NAN 1.514E-01 2.425E-04 NAN 7.941E-01 1.410E+00 3.000E+00
NAN NAN NAN 1.514E-01 4.404E-04 NAN 8.174E-01 1.415E+00 3.000E+00
NAN NAN NAN 1.514E-01 8.031E-04 NAN 8.601E-01 1.423E+00 3.000E+00
NAN NAN NAN 1.514E-01 1.468E-03 NAN 9.382E-01 1.438E+00 3.000E+00
NAN NAN NAN 1.514E-01 2.687E-03 NAN 1.000E+00 1.466E+00 3.000E+00
NAN NAN NAN 1.514E-01 4.920E-03 NAN 1.000E+00 1.518E+00 3.000E+00
NAN NAN NAN 1.915E-01 4.999E-06 NAN 8.358E-01 1.464E+00 3.000E+00
NAN NAN NAN 1.915E-01 5.040E-06 NAN 8.358E-01 1.464E+00 3.000E+00
NAN NAN NAN 1.915E-01 5.115E-06 NAN 8.358E-01 1.464E+00 3.000E+00
NAN NAN NAN 1.915E-01 5.252E-06 NAN 8.358E-01 1.464E+00 3.000E+00
NAN NAN NAN 1.915E-01 5.504E-06 NAN 8.359E-01 1.464E+00 3.000E+00
NAN NAN NAN 1.915E-01 5.967E-06 NAN 8.359E-01 1.464E+00 3.000E+00
NAN NAN NAN 1.915E-01 6.814E-06 NAN 8.360E-01 1.464E+00 3.000E+00
NAN NAN NAN 1.915E-01 8.367E-06 NAN 8.362E-01 1.464E+00 3.000E+00
NAN NAN NAN 1.915E-01 1.121E-05 NAN 8.365E-01 1.465E+00 3.000E+00
NAN NAN NAN 1.915E-01 1.643E-05 NAN 8.371E-01 1.465E+00 3.000E+00
NAN NAN NAN 1.915E-01 2.599E-05 NAN 8.382E-01 1.465E+00 3.000E+00
NAN NAN NAN 1.915E-01 4.352E-05 NAN 8.402E-01 1.466E+00 3.000E+00
NAN NAN NAN 1.915E-01 7.565E-05 NAN 8.439E-01 1.467E+00 3.000E+00
NAN NAN NAN 1.915E-01 1.345E-04 NAN 8.507E-01 1.469E+00 3.000E+00
NAN NAN NAN 1.915E-01 2.425E-04 NAN 8.631E-01 1.473E+00 3.000E+00
NAN NAN NAN 1.915E-01 4.404E-04 NAN 8.858E-01 1.480E+00 3.000E+00
NAN NAN NAN 1.915E-01 8.031E-04 NAN 9.272E-01 1.495E+00 3.000E+00
NAN NAN NAN 1.915E-01 1.468E-03 NAN 1.000E+00 1.523E+00 3.000E+00
NAN NAN NAN 1.915E-01 2.687E-03 NAN 1.000E+00 1.581E+00 3.000E+00
NAN NAN NAN 1.915E-01 4.920E-03 NAN 1.000E+00 1.716E+00 3.000E+00
NAN NAN NAN 2.422E-01 4.999E-06 NAN 9.075E-01 1.701E+00 3.000E+00
NAN NAN NAN 2.422E-01 5.040E-06 NAN 9.075E-01 1.701E+00 3.000E+00
NAN NAN NAN 2.422E-01 5.115E-06 NAN 9.075E-01 1.701E+00 3.000E+00
NAN NAN NAN 2.422E-01 5.252E-06 NAN 9.075E-01 1.701E+00 3.000E+00
NAN NAN NAN 2.422E-01 5.504E-06 NAN 9.075E-01 1.701E+00 3.000E+00
NAN NAN NAN 2.422E-01 5.967E-06 NAN 9.076E-01 1.701E+00 3.000E+00
NAN NAN NAN 2.422E-01 6.814E-06 NAN 9.077E-01 1.701E+00 3.000E+00
NAN NAN NAN 2.422E-01 8.367E-06 NAN 9.078E-01 1.702E+00 3.000E+00
NAN NAN NAN 2.422E-01 1.121E-05 NAN 9.081E-01 1.702E+00 3.000E+00
NAN NAN NAN 2.422E-01 1.643E-05 NAN 9.087E-01 1.702E+00 3.000E+00
NAN NAN NAN 2.422E-01 2.599E-05 NAN 9.098E-01 1.702E+00 3.000E+00
NAN NAN NAN 2.422E-01 4.352E-05 NAN 9.117E-01 1.703E+00 3.000E+00
NAN NAN NAN 2.422E-01 7.565E-05 NAN 9.152E-01 1.704E+00 3.000E+00
NAN NAN NAN 2.422E-01 1.345E-04 NAN 9.217E-01 1.707E+00 3.000E+00
NAN NAN NAN 2.422E-01 2.425E-04 NAN 9.336E-01 1.712E+00 3.000E+00
NAN NAN NAN 2.422E-01 4.404E-04 NAN 9.553E-01 1.720E+00 3.000E+00
NAN NAN NAN 2.422E-01 8.031E-04 NAN 9.948E-01 1.736E+00 3.000E+00
NAN NAN NAN 2.422E-01 1.468E-03 NAN 1.000E+00 1.769E+00 3.000E+00
NAN NAN NAN 2.422E-01 2.687E-03 NAN 1.000E+00 1.833E+00 3.000E+00
NAN NAN NAN 2.422E-01 4.920E-03 NAN 1.000E+00 1.969E+00 3.000E+00
NAN NAN NAN 3.064E-01 4.999E-06 NAN 9.794E-01 2.010E+00 3.000E+00
NAN NAN NAN 3.064E-01 5.040E-06 NAN 9.794E-01 2.010E+00 3.000E+00
NAN NAN NAN 3.064E-01 5.115E-06 NAN 9.794E-01 2.010E+00 3.000E+00
NAN NAN NAN 3.064E-01 5.252E-06 NAN 9.794E-01 2.010E+00 3.000E+00
NAN NAN NAN 3.064E-01 5.504E-06 NAN 9.794E-01 2.010E+00 3.000E+00
NAN NAN NAN 3.064E-01 5.967E-06 NAN 9.795E-01 2.010E+00 3.000E+00
NAN NAN NAN 3.064E-01 6.814E-06 NAN 9.796E-01 2.010E+00 3.000E+00
NAN NAN NAN 3.064E-01 8.367E-06 NAN 9.797E-01 2.011E+00 3.000E+00
NAN NAN NAN 3.064E-01 1.121E-05 NAN 9.800E-01 2.011E+00 3.000E+00
NAN NAN NAN 3.064E-01 1.643E-05 NAN 9.806E-01 2.011E+00 3.000E+00
NAN NAN NAN 3.064E-01 2.599E-05 NAN 9.815E-01 2.011E+00 3.000E+00
NAN NAN NAN 3.064E-01 4.352E-05 NAN 9.834E-01 2.012E+00 3.000E+00
NAN NAN NAN 3.064E-01 7.565E-05 NAN 9.867E-01 2.014E+00 3.000E+00
NAN NAN NAN 3.064E-01 1.345E-04 NAN 9.928E-01 2.017E+00 3.000E+00
NAN NAN NAN 3.064E-01 2.425E-04 NAN 1.000E+00 2.022E+00 3.000E+00
NAN NAN NAN 3.064E-01 4.404E-04 NAN 1.000E+00 2.032E+00 3.000E+00
NAN NAN NAN 3.064E-01 8.031E-04 NAN 1.000E+00 2.049E+00 3.000E+00
NAN NAN NAN 3.064E-01 1.468E-03 NAN 1.000E+00 2.084E+00 3.000E+00
NAN NAN NAN 3.064E-01 2.687E-03 NAN 1.000E+00 2.151E+00 3.000E+00
NAN NAN NAN 3.064E-01 4.920E-03 NAN 1.000E+00 2.290E+00 3.000E+00
NAN NAN NAN 3.875E-01 4.999E-06 NAN 1.000E+00 2.406E+00 3.000E+00
NAN NAN NAN 3.875E-01 5.040E-06 NAN 1.000E+00 2.406E+00 3.000E+00
NAN NAN NAN 3.875E-01 5.115E-06 NAN 1.000E+00 2.406E+00 3.000E+00
NAN NAN NAN 3.875E-01 5.252E-06 NAN 1.000E+00 2.406E+00 3.000E+00
NAN NAN NAN 3.875E-01 5.504E-06 NAN 1.000E+00 2.406E+00 3.000E+00
NAN NAN NAN 3.875E-01 5.967E-06 NAN 1.000E+00 2.406E+00 3.000E+00
NAN NAN NAN 3.875E-01 6.814E-06 NAN 1.000E+00 2.406E+00 3.000E+00
NAN NAN NAN 3.875E-01 8.367E-06 NAN 1.000E+00 2.406E+00 3.000E+00
NAN NAN NAN 3.875E-01 1.121E-05 NAN 1.000E+00 2.406E+00 3.000E+00
NAN NAN NAN 3.875E-01 1.643E-05 NAN 1.000E+00 2.407E+00 3.000E+00
NAN NAN NAN 3.875E-01 2.599E-05 NAN 1.000E+00 2.407E+00 3.000E+00
NAN NAN NAN 3.875E-01 4.352E-05 NAN 1.000E+00 2.408E+00 3.000E+00
NAN NAN NAN 3.875E-01 7.565E-05 NAN 1.000E+00 2.410E+00 3.000E+00
NAN NAN NAN 3.875E-01 1.345E-04 NAN 1.000E+00 2.413E+00 3.000E+00
NAN NAN NAN 3.875E-01 2.425E-04 NAN 1.000E+00 2.419E+00 3.000E+00
NAN NAN NAN 3.875E-01 4.404E-04 NAN 1.000E+00 2.430E+00 3.000E+00
NAN NAN NAN 3.875E-01 8.031E-04 NAN 1.000E+00 2.449E+00 3.000E+00
NAN NAN NAN 3.875E-01 1.468E-03 NAN 1.000E+00 2.486E+00 3.000E+00
NAN NAN NAN 3.875E-01 2.687E-03 NAN 1.000E+00 2.556E+00 3.000E+00
NAN NAN NAN 3.875E-01 4.920E-03 NAN 1.000E+00 2.696E+00 3.000E+00
NAN NAN NAN 4.902E-01 4.999E-06 NAN 1.000E+00 2.915E+00 3.000E+00
NAN NAN NAN 4.902E-01 5.040E-06 NAN 1.000E+00 2.915E+00 3.000E+00
NAN NAN NAN 4.902E-01 5.115E-06 NAN 1.000E+00 2.915E+00 3.000E+00
NAN NAN NAN 4.902E-01 5.252E-06 NAN 1.000E+00 2.915E+00 3.000E+00
NAN NAN NAN 4.902E-01 5.504E-06 NAN 1.000E+00 2.915E+00 3.000E+00
NAN NAN NAN 4.902E-01 5.967E-06 NAN 1.000E+00 2.915E+00 3.000E+00
NAN NAN NAN 4.902E-01 6.814E-06 NAN 1.000E+00 2.915E+00 3.000E+00
NAN NAN NAN 4.902E-01 8.367E-06 NAN 1.000E+00 2.915E+00 3.000E+00
NAN NAN NAN 4.902E-01 1.121E-05 NAN 1.000E+00 2.915E+00 3.000E+00
NAN NAN NAN 4.902E-01 1.643E-05 NAN 1.000E+00 2.915E+00 3.000E+00
NAN NAN NAN 4.902E-01 2.599E-05 NAN 1.000E+00 2.916E+00 3.000E+00
NAN NAN NAN 4.902E-01 4.352E-05 NAN 1.000E+00 2.917E+00 3.000E+00
NAN NAN NAN 4.902E-01 7.565E-05 NAN 1.000E+00 2.918E+00 3.000E+00
NAN NAN NAN 4.902E-01 1.345E-04 NAN 1.000E+00 2.922E+00 3.000E+00
NAN NAN NAN 4.902E-01 2.425E-04 NAN 1.000E+00 2.928E+00 3.000E+00
NAN NAN NAN 4.902E-01 4.404E-04 NAN 1.000E+00 2.938E+00 3.000E+00
NAN NAN NAN 4.902E-01 8.031E-04 NAN 1.000E+00 2.958E+00 3.000E+00
NAN NAN NAN 4.902E-01 1.468E-03 NAN 1.000E+00 2.996E+00 3.000E+00
NAN NAN NAN 4.902E-01 2.687E-03 NAN 1.000E+00 3.069E+00 3.000E+00
NAN NAN NAN 4.902E-01 4.920E-03 NAN 1.000E+00 3.210E+00 3.000E+00
NAN NAN NAN 6.200E-01 4.999E-06 NAN 1.000E+00 3.557E+00 3.000E+00
NAN NAN NAN 6.200E-01 5.040E-06 NAN 1.000E+00 3.557E+00 3.000E+00
NAN NAN NAN 6.200E-01 5.115E-06 NAN 1.000E+00 3.557E+00 3.000E+00
NAN NAN NAN 6.200E-01 5.252E-06 NAN 1.000E+00 3.557E+00 3.000E+00
NAN NAN NAN 6.200E-01 5.504E-06 NAN 1.000E+00 3.557E+00 3.000E+00
NAN NAN NAN 6.200E-01 5.967E-06 NAN 1.000E+00 3.557E+00 3.000E+00
NAN NAN NAN 6.200E-01 6.814E-06 NAN 1.000E+00 3.557E+00 3.000E+00
NAN NAN NAN 6.200E-01 8.367E-06 NAN 1.000E+00 3.558E+00 3.000E+00
NAN NAN NAN 6.200E-01 1.121E-05 NAN 1.000E+00 3.558E+00 3.000E+00
NAN NAN NAN 6.200E-01 1.643E-05 NAN 1.000E+00 3.558E+00 3.000E+00
NAN NAN NAN 6.200E-01 2.599E-05 NAN 1.000E+00 3.559E+00 3.000E+00
NAN NAN NAN 6.200E-01 4.352E-05 NAN 1.000E+00 3.559E+00 3.000E+00
NAN NAN NAN 6.200E-01 7.565E-05 NAN 1.000E+00 3.561E+00 3.000E+00
NAN NAN NAN 6.200E-01 1.345E-04 NAN 1.000E+00 3.564E+00 3.000E+00
NAN NAN NAN 6.200E-01 2.425E-04 NAN 1.000E+00 3.571E+00 3.000E+00
NAN NAN NAN 6.200E-01 4.404E-04 NAN 1.000E+00 3.583E+00 3.000E+00
NAN NAN NAN 6.200E-01 8.031E-04 NAN 1.000E+00 3.604E+00 3.000E+00
NAN NAN NAN 6.200E-01 1.468E-03 NAN 1.000E+00 3.644E+00 3.000E+00
NAN NAN NAN 6.200E-01 2.687E-03 NAN 1.000E+00 3.717E+00 3.000E+00
NAN NAN NAN 6.200E-01 4.920E-03 NAN 1.000E+00 3.860E+00 3.000E+00
NAN NAN NAN 7.842E-01 4.999E-06 NAN 1.000E+00 4.377E+00 3.000E+00
NAN NAN NAN 7.842E-01 5.040E-06 NAN 1.000E+00 4.377E+00 3.000E+00
NAN NAN NAN 7.842E-01 5.115E-06 NAN 1.000E+00 4.377E+00 3.000E+00
NAN NAN NAN 7.842E-01 5.252E-06 NAN 1.000E+00 4.377E+00 3.000E+00
NAN NAN NAN 7.842E-01 5.504E-06 NAN 1.000E+00 4.377E+00 3.000E+00
NAN NAN NAN 7.842E-01 5.967E-06 NAN 1.000E+00 4.377E+00 3.000E+00
NAN NAN NAN 7.842E-01 6.814E-06 NAN 1.000E+00 4.377E+00 3.000E+00
NAN NAN NAN 7.842E-01 8.367E-06 NAN 1.000E+00 4.377E+00 3.000E+00
NAN NAN NAN 7.842E-01 1.121E-05 NAN 1.000E+00 4.377E+00 3.000E+00
NAN NAN NAN 7.842E-01 1.643E-05 NAN 1.000E+00 4.377E+00 3.000E+00
NAN NAN NAN 7.842E-01 2.599E-05 NAN 1.000E+00 4.378E+00 3.000E+00
NAN NAN NAN 7.842E-01 4.352E-05 NAN 1.000E+00 4.379E+00 3.000E+00
NAN NAN NAN 7.842E-01 7.565E-05 NAN 1.000E+00 4.381E+00 3.000E+00
NAN NAN NAN 7.842E-01 1.345E-04 NAN 1.000E+00 4.384E+00 3.000E+00
NAN NAN NAN 7.842E-01 2.425E-04 NAN 1.000E+00 4.391E+00 3.000E+00
NAN NAN NAN 7.842E-01 4.404E-04 NAN 1.000E+00 4.403E+00 3.000E+00
NAN NAN NAN 7.842E-01 8.031E-04 NAN 1.000E+00 4.424E+00 3.000E+00
NAN NAN NAN 7.842E-01 1.468E-03 NAN 1.000E+00 4.464E+00 3.000E+00
NAN NAN NAN 7.842E-01 2.687E-03 NAN 1.000E+00 4.537E+00 3.000E+00
NAN NAN NAN 7.842E-01 4.920E-03 NAN 1.000E+00 4.682E+00 3.000E+00
NAN NAN NAN 9.919E-01 4.999E-06 NAN 1.000E+00 5.414E+00 3.000E+00
NAN NAN NAN 9.919E-01 5.040E-06 NAN 1.000E+00 5.414E+00 3.000E+00
NAN NAN NAN 9.919E-01 5.115E-06 NAN 1.000E+00 5.414E+00 3.000E+00
NAN NAN NAN 9.919E-01 5.252E-06 NAN 1.000E+00 5.414E+00 3.000E+00
NAN NAN NAN 9.919E-01 5.504E-06 NAN 1.000E+00 5.414E+00 3.000E+00
NAN NAN NAN 9.919E-01 5.967E-06 NAN 1.000E+00 5.414E+00 3.000E+00
NAN NAN NAN 9.919E-01 6.814E-06 NAN 1.000E+00 5.414E+00 3.000E+00
NAN NAN NAN 9.919E-01 8.367E-06 NAN 1.000E+00 5.414E+00 3.000E+00
NAN NAN NAN 9.919E-01 1.121E-05 NAN 1.000E+00 5.414E+00 3.000E+00
NAN NAN NAN 9.919E-01 1.643E-05 NAN 1.000E+00 5.415E+00 3.000E+00
NAN NAN NAN 9.919E-01 2.599E-05 NAN 1.000E+00 5.415E+00 3.000E+00
NAN NAN NAN 9.919E-01 4.352E-05 NAN 1.000E+00 5.416E+00 3.000E+00
NAN NAN NAN 9.919E-01 7.565E-05 NAN 1.000E+00 5.418E+00 3.000E+00
NAN NAN NAN 9.919E-01 1.345E-04 NAN 1.000E+00 5.422E+00 3.000E+00
NAN NAN NAN 9.919E-01 2.425E-04 NAN 1.000E+00 5.428E+00 3.000E+00
NAN NAN NAN 9.919E-01 4.404E-04 NAN 1.000E+00 5.440E+00 3.000E+00
NAN NAN NAN 9.919E-01 8.031E-04 NAN 1.000E+00 5.462E+00 3.000E+00
NAN NAN NAN 9.919E-01 1.468E-03 NAN 1.000E+00 5.502E+00 3.000E+00
NAN NAN NAN 9.919E-01 2.687E-03 NAN 1.000E+00 5.576E+00 3.000E+00
NAN NAN NAN 9.919E-01 4.920E-03 NAN 1.000E+00 5.721E+00 3.000E+00
NAN NAN NAN 1.255E+00 4.999E-06 NAN 1.000E+00 6.728E+00 3.000E+00
NAN NAN NAN 1.255E+00 5.040E-06 NAN 1.000E+00 6.728E+00 3.000E+00
NAN NAN NAN 1.255E+00 5.115E-06 NAN 1.000E+00 6.728E+00 3.000E+00
NAN NAN NAN 1.255E+00 5.252E-06 NAN 1.000E+00 6.728E+00 3.000E+00
NAN NAN NAN 1.255E+00 5.504E-06 NAN 1.000E+00 6.728E+00 3.000E+00
NAN NAN NAN 1.255E+00 5.967E-06 NAN 1.000E+00 6.728E+00 3.000E+00
NAN NAN NAN 1.255E+00 6.814E-06 NAN 1.000E+00 6.728E+00 3.000E+00
NAN NAN NAN 1.255E+00 8.367E-06 NAN 1.000E+00 6.728E+00 3.000E+00
NAN NAN NAN 1.255E+00 1.121E-05 NAN 1.000E+00 6.728E+00 3.000E+00
NAN NAN NAN 1.255E+00 1.643E-05 NAN 1.000E+00 6.728E+00 3.000E+00
NAN NAN NAN 1.255E+00 2.599E-05 NAN 1.000E+00 6.729E+00 3.000E+00
NAN NAN NAN 1.255E+00 4.352E-05 NAN 1.000E+00 6.730E+00 3.000E+00
NAN NAN NAN 1.255E+00 7.565E-05 NAN 1.000E+00 6.732E+00 3.000E+00
NAN NAN NAN 1.255E+00 1.345E-04 NAN 1.000E+00 6.736E+00 3.000E+00
NAN NAN NAN 1.255E+00 2.425E-04 NAN 1.000E+00 6.742E+00 3.000E+00
NAN NAN NAN 1.255E+00 4.404E-04 NAN 1.000E+00 6.754E+00 3.000E+00
NAN NAN NAN 1.255E+00 8.031E-04 NAN 1.000E+00 6.776E+00 3.000E+00
NAN NAN NAN 1.255E+00 1.468E-03 NAN 1.000E+00 6.815E+00 3.000E+00
NAN NAN NAN 1.255E+00 2.687E-03 NAN 1.000E+00 6.893E+00 3.000E+00
NAN NAN NAN 1.255E+00 4.920E-03 NAN 1.000E+00 7.038E+00 3.000E+00
NAN NAN NAN 1.587E+00 4.999E-06 NAN 1.000E+00 8.386E+00 3.000E+00
NAN NAN NAN 1.587E+00 5.040E-06 NAN 1.000E+00 8.386E+00 3.000E+00
NAN NAN NAN 1.587E+00 5.115E-06 NAN 1.000E+00 8.386E+00 3.000E+00
NAN NAN NAN 1.587E+00 5.252E-06 NAN 1.000E+00 8.386E+00 3.000E+00
NAN NAN NAN 1.587E+00 5.504E-06 NAN 1.000E+00 8.386E+00 3.000E+00
NAN NAN NAN 1.587E+00 5.967E-06 NAN 1.000E+00 8.386E+00 3.000E+00
NAN NAN NAN 1.587E+00 6.814E-06 NAN 1.000E+00 8.386E+00 3.000E+00
NAN NAN NAN 1.587E+00 8.367E-06 NAN 1.000E+00 8.386E+00 3.000E+00
NAN NAN NAN 1.587E+00 1.121E-05 NAN 1.000E+00 8.386E+00 3.000E+00
NAN NAN NAN 1.587E+00 1.643E-05 NAN 1.000E+00 8.386E+00 3.000E+00
NAN NAN NAN 1.587E+00 2.599E-05 NAN 1.000E+00 8.387E+00 3.000E+00
NAN NAN NAN 1.587E+00 4.352E-05 NAN 1.000E+00 8.388E+00 3.000E+00
NAN NAN NAN 1.587E+00 7.565E-05 NAN 1.000E+00 8.390E+00 3.000E+00
NAN NAN NAN 1.587E+00 1.345E-04 NAN 1.000E+00 8.394E+00 3.000E+00
NAN NAN NAN 1.587E+00 2.425E-04 NAN 1.000E+00 8.400E+00 3.000E+00
NAN NAN NAN 1.587E+00 4.404E-04 NAN 1.000E+00 8.412E+00 3.000E+00
NAN NAN NAN 1.587E+00 8.031E-04 NAN 1.000E+00 8.434E+00 3.000E+00
NAN NAN NAN 1.587E+00 1.468E-03 NAN 1.000E+00 8.475E+00 3.000E+00
NAN NAN NAN 1.587E+00 2.687E-03 NAN 1.000E+00 8.555E+00 3.000E+00
NAN NAN NAN 1.587E+00 4.920E-03 NAN 1.000E+00 8.700E+00 1.000E+00
NAN NAN NAN 2.007E+00 4.999E-06 NAN 1.000E+00 1.048E+01 3.000E+00
NAN NAN NAN 2.007E+00 5.040E-06 NAN 1.000E+00 1.048E+01 3.000E+00
NAN NAN NAN 2.007E+00 5.115E-06 NAN 1.000E+00 1.048E+01 3.000E+00
NAN NAN NAN 2.007E+00 5.252E-06 NAN 1.000E+00 1.048E+01 3.000E+00
NAN NAN NAN 2.007E+00 5.504E-06 NAN 1.000E+00 1.048E+01 3.000E+00
NAN NAN NAN 2.007E+00 5.967E-06 NAN 1.000E+00 1.048E+01 3.000E+00
NAN NAN NAN 2.007E+00 6.814E-06 NAN 1.000E+00 1.048E+01 3.000E+00
NAN NAN NAN 2.007E+00 8.367E-06 NAN 1.000E+00 1.048E+01 3.000E+00
NAN NAN NAN 2.007E+00 1.121E-05 NAN 1.000E+00 1.048E+01 3.000E+00
NAN NAN NAN 2.007E+00 1.643E-05 NAN 1.000E+00 1.048E+01 3.000E+00
NAN NAN NAN 2.007E+00 2.599E-05 NAN 1.000E+00 1.048E+01 3.000E+00
NAN NAN NAN 2.007E+00 4.352E-05 NAN 1.000E+00 1.049E+01 3.000E+00
NAN NAN NAN 2.007E+00 7.565E-05 NAN 1.000E+00 1.049E+01 3.000E+00
NAN NAN NAN 2.007E+00 1.345E-04 NAN 1.000E+00 1.049E+01 3.000E+00
NAN NAN NAN 2.007E+00 2.425E-04 NAN 1.000E+00 1.050E+01 3.000E+00
NAN NAN NAN 2.007E+00 4.404E-04 NAN 1.000E+00 1.051E+01 3.000E+00
NAN NAN NAN 2.007E+00 8.031E-04 NAN 1.000E+00 1.053E+01 3.000E+00
NAN NAN NAN 2.007E+00 1.468E-03 NAN 1.000E+00 1.058E+01 3.000E+00
NAN NAN NAN 2.007E+00 2.687E-03 NAN 1.000E+00 1.066E+01 3.000E+00
NAN NAN NAN 2.007E+00 4.920E-03 NAN 1.000E+00 1.080E+01 1.000E+00
NAN NAN NAN 2.539E+00 4.999E-06 NAN 1.000E+00 1.315E+01 3.000E+00
NAN NAN NAN 2.539E+00 5.040E-06 NAN 1.000E+00 1.315E+01 3.000E+00
NAN NAN NAN 2.539E+00 5.115E-06 NAN 1.000E+00 1.315E+01 3.000E+00
NAN NAN NAN 2.539E+00 5.252E-06 NAN 1.000E+00 1.315E+01 3.000E+00
NAN NAN NAN 2.539E+00 5.504E-06 NAN 1.000E+00 1.315E+01 3.000E+00
NAN NAN NAN 2.539E+00 5.967E-06 NAN 1.000E+00 1.315E+01 3.000E+00
NAN NAN NAN 2.539E+00 6.814E-06 NAN 1.000E+00 1.315E+01 3.000E+00
NAN NAN NAN 2.539E+00 8.367E-06 NAN 1.000E+00 1.315E+01 3.000E+00
NAN NAN NAN 2.539E+00 1.121E-05 NAN 1.000E+00 1.315E+01 3.000E+00
NAN NAN NAN 2.539E+00 1.643E-05 NAN 1.000E+00 1.315E+01 3.000E+00
NAN NAN NAN 2.539E+00 2.599E-05 NAN 1.000E+00 1.315E+01 3.000E+00
NAN NAN NAN 2.539E+00 4.352E-05 NAN 1.000E+00 1.315E+01 3.000E+00
NAN NAN NAN 2.539E+00 7.565E-05 NAN 1.000E+00 1.315E+01 3.000E+00
NAN NAN NAN 2.539E+00 1.345E-04 NAN 1.000E+00 1.315E+01 3.000E+00
NAN NAN NAN 2.539E+00 2.425E-04 NAN 1.000E+00 1.316E+01 3.000E+00
NAN NAN NAN 2.539E+00 4.404E-04 NAN 1.000E+00 1.317E+01 3.000E+00
NAN NAN NAN 2.539E+00 8.031E-04 NAN 1.000E+00 1.320E+01 3.000E+00
NAN NAN NAN 2.539E+00 1.468E-03 NAN 1.000E+00 1.324E+01 3.000E+00
NAN NAN NAN 2.539E+00 2.687E-03 NAN 1.000E+00 1.332E+01 1.000E+00
NAN NAN NAN 2.539E+00 4.920E-03 NAN 1.000E+00 1.346E+01 1.000E+00
NAN NAN NAN 3.211E+00 4.999E-06 NAN 1.000E+00 1.651E+01 3.000E+00
NAN NAN NAN 3.211E+00 5.040E-06 NAN 1.000E+00 1.651E+01 3.000E+00
NAN NAN NAN 3.211E+00 5.115E-06 NAN 1.000E+00 1.651E+01 3.000E+00
NAN NAN NAN 3.211E+00 5.252E-06 NAN 1.000E+00 1.651E+01 3.000E+00
NAN NAN NAN 3.211E+00 5.504E-06 NAN 1.000E+00 1.651E+01 3.000E+00
NAN NAN NAN 3.211E+00 5.967E-06 NAN 1.000E+00 1.651E+01 3.000E+00
NAN NAN NAN 3.211E+00 6.814E-06 NAN 1.000E+00 1.651E+01 3.000E+00
NAN NAN NAN 3.211E+00 8.367E-06 NAN 1.000E+00 1.651E+01 3.000E+00
NAN NAN NAN 3.211E+00 1.121E-05 NAN 1.000E+00 1.651E+01 3.000E+00
NAN NAN NAN 3.211E+00 1.643E-05 NAN 1.000E+00 1.651E+01 3.000E+00
NAN NAN NAN 3.211E+00 2.599E-05 NAN 1.000E+00 1.651E+01 3.000E+00
NAN NAN NAN 3.211E+00 4.352E-05 NAN 1.000E+00 1.651E+01 3.000E+00
NAN NAN NAN 3.211E+00 7.565E-05 NAN 1.000E+00 1.651E+01 3.000E+00
NAN NAN NAN 3.211E+00 1.345E-04 NAN 1.000E+00 1.652E+01 3.000E+00
NAN NAN NAN 3.211E+00 2.425E-04 NAN 1.000E+00 1.652E+01 3.000E+00
NAN NAN NAN 3.211E+00 4.404E-04 NAN 1.000E+00 1.654E+01 3.000E+00
NAN NAN NAN 3.211E+00 8.031E-04 NAN 1.000E+00 1.656E+01 3.000E+00
NAN NAN NAN 3.211E+00 1.468E-03 NAN 1.000E+00 1.660E+01 1.000E+00
NAN NAN NAN 3.211E+00 2.687E-03 NAN 1.000E+00 1.668E+01 1.000E+00
NAN NAN NAN 3.211E+00 4.920E-03 NAN 1.000E+00 1.683E+01 1.000E+00
NAN NAN NAN 4.062E+00 4.999E-06 NAN 1.000E+00 2.077E+01 1.000E+00
NAN NAN NAN 4.062E+00 5.040E-06 NAN 1.000E+00 2.077E+01 1.000E+00
NAN NAN NAN 4.062E+00 5.115E-06 NAN 1.000E+00 2.077E+01 1.000E+00
NAN NAN NAN 4.062E+00 5.252E-06 NAN 1.000E+00 2.077E+01 1.000E+00
NAN NAN NAN 4.062E+00 5.504E-06 NAN 1.000E+00 2.077E+01 1.000E+00
NAN NAN NAN 4.062E+00 5.967E-06 NAN 1.000E+00 2.077E+01 1.000E+00
NAN NAN NAN 4.062E+00 6.814E-06 NAN 1.000E+00 2.077E+01 1.000E+00
NAN NAN NAN 4.062E+00 8.367E-06 NAN 1.000E+00 2.077E+01 1.000E+00
NAN NAN NAN 4.062E+00 1.121E-05 NAN 1.000E+00 2.077E+01 1.000E+00
NAN NAN NAN 4.062E+00 1.643E-05 NAN 1.000E+00 2.077E+01 1.000E+00
NAN NAN NAN 4.062E+00 2.599E-05 NAN 1.000E+00 2.077E+01 1.000E+00
NAN NAN NAN 4.062E+00 4.352E-05 NAN 1.000E+00 2.077E+01 1.000E+00
NAN NAN NAN 4.062E+00 7.565E-05 NAN 1.000E+00 2.077E+01 1.000E+00
NAN NAN NAN 4.062E+00 1.345E-04 NAN 1.000E+00 2.078E+01 1.000E+00
NAN NAN NAN 4.062E+00 2.425E-04 NAN 1.000E+00 2.078E+01 1.000E+00
NAN NAN NAN 4.062E+00 4.404E-04 NAN 1.000E+00 2.080E+01 1.000E+00
NAN NAN NAN 4.062E+00 8.031E-04 NAN 1.000E+00 2.082E+01 1.000E+00
NAN NAN NAN 4.062E+00 1.468E-03 NAN 1.000E+00 2.086E+01 1.000E+00
NAN NAN NAN 4.062E+00 2.687E-03 NAN 1.000E+00 2.094E+01 1.000E+00
NAN NAN NAN 4.062E+00 4.920E-03 NAN 1.000E+00 2.109E+01 1.000E+00
NAN NAN NAN 5.138E+00 4.999E-06 NAN 1.000E+00 2.615E+01 1.000E+00
NAN NAN NAN 5.138E+00 5.040E-06 NAN 1.000E+00 2.615E+01 1.000E+00
NAN NAN NAN 5.138E+00 5.115E-06 NAN 1.000E+00 2.615E+01 1.000E+00
NAN NAN NAN 5.138E+00 5.252E-06 NAN 1.000E+00 2.615E+01 1.000E+00
NAN NAN NAN 5.138E+00 5.504E-06 NAN 1.000E+00 2.615E+01 1.000E+00
NAN NAN NAN 5.138E+00 5.967E-06 NAN 1.000E+00 2.615E+01 1.000E+00
NAN NAN NAN 5.138E+00 6.814E-06 NAN 1.000E+00 2.615E+01 1.000E+00
NAN NAN NAN 5.138E+00 8.367E-06 NAN 1.000E+00 2.615E+01 1.000E+00
NAN NAN NAN 5.138E+00 1.121E-05 NAN 1.000E+00 2.615E+01 1.000E+00
NAN NAN NAN 5.138E+00 1.643E-05 NAN 1.000E+00 2.615E+01 1.000E+00
NAN NAN NAN 5.138E+00 2.599E-05 NAN 1.000E+00 2.615E+01 1.000E+00
NAN NAN NAN 5.138E+00 4.352E-05 NAN 1.000E+00 2.616E+01 1.000E+00
NAN NAN NAN 5.138E+00 7.565E-05 NAN 1.000E+00 2.616E+01 1.000E+00
NAN NAN NAN 5.138E+00 1.345E-04 NAN 1.000E+00 2.616E+01 1.000E+00
NAN NAN NAN 5.138E+00 2.425E-04 NAN 1.000E+00 2.617E+01 1.000E+00
NAN NAN NAN 5.138E+00 4.404E-04 NAN 1.000E+00 2.618E+01 1.000E+00
NAN NAN NAN 5.138E+00 8.031E-04 NAN 1.000E+00 2.621E+01 1.000E+00
NAN NAN NAN 5.138E+00 1.468E-03 NAN 1.000E+00 2.625E+01 1.000E+00
NAN NAN NAN 5.138E+00 2.687E-03 NAN 1.000E+00 2.633E+01 1.000E+00
NAN NAN NAN 5.138E+00 4.920E-03 NAN 1.000E+00 2.647E+01 1.000E+00
