6.699E+07 4.451E+02 9.180E-02 5.137E-05 4.955E-05 2.034E+03 4.136E-01 2.222E+00 2.000E+00
1.982E+08 3.258E+02 9.878E-02 5.137E-05 4.959E-05 2.494E+03 4.136E-01 2.222E+00 2.000E+00
2.378E+07 5.556E+02 8.617E-02 5.137E-05 4.966E-05 2.016E+03 4.136E-01 2.222E+00 2.000E+00
8.033E+07 3.165E+02 9.934E-02 5.137E-05 4.980E-05 2.567E+03 4.136E-01 2.222E+00 2.000E+00
1.025E+08 2.834E+02 1.014E-01 5.137E-05 5.005E-05 2.929E+03 4.137E-01 2.222E+00 2.000E+00
3.409E+08 3.106E+02 9.971E-02 5.137E-05 5.051E-05 2.618E+03 4.137E-01 2.222E+00 2.000E+00
4.300E+08 5.428E+02 8.678E-02 5.137E-05 5.136E-05 2.000E+03 4.138E-01 2.222E+00 2.000E+00
5.330E+07 5.732E+02 8.535E-02 5.137E-05 5.291E-05 2.062E+03 4.139E-01 2.222E+00 2.000E+00
3.596E+09 3.046E+02 1.001E-01 5.137E-05 5.576E-05 2.674E+03 4.142E-01 2.222E+00 2.000E+00
3.982E+07 5.933E+02 8.445E-02 5.137E-05 6.098E-05 2.175E+03 4.147E-01 2.222E+00 2.000E+00
5.200E+08 3.362E+02 9.821E-02 5.137E-05 7.054E-05 2.423E+03 4.156E-01 2.222E+00 2.000E+00
5.005E+07 4.136E+02 9.366E-02 5.137E-05 8.807E-05 2.111E+03 4.173E-01 2.223E+00 2.000E+00
2.870E+08 5.501E+02 8.654E-02 5.137E-05 1.202E-04 2.126E+03 4.203E-01 2.224E+00 2.000E+00
1.734E+08 5.463E+02 8.682E-02 5.137E-05 1.791E-04 2.267E+03 4.259E-01 2.225E+00 2.000E+00
2.417E+07 3.289E+02 9.932E-02 5.137E-05 2.871E-04 2.478E+03 4.360E-01 2.227E+00 2.000E+00
1.452E+07 2.880E+02 1.027E-01 5.137E-05 4.849E-04 2.795E+03 4.542E-01 2.232E+00 2.000E+00
2.954E+07 2.238E+02 1.086E-01 5.137E-05 8.476E-04 3.713E+03 4.872E-01 2.240E+00 2.000E+00
1.123E+07 2.132E+02 1.127E-01 5.137E-05 1.512E-03 4.571E+03 5.453E-01 2.255E+00 2.000E+00
NAN NAN NAN 5.137E-05 2.731E-03 NAN 6.419E-01 2.283E+00 2.000E+00
NAN NAN NAN 5.137E-05 4.965E-03 NAN 7.766E-01 2.335E+00 2.000E+00
2.179E+07 5.556E+02 8.617E-02 6.498E-05 4.955E-05 2.016E+03 4.137E-01 2.222E+00 2.000E+00
3.219E+07 5.556E+02 8.617E-02 6.498E-05 4.959E-05 2.016E+03 4.137E-01 2.222E+00 2.000E+00
4.307E+07 3.165E+02 9.934E-02 6.498E-05 4.966E-05 2.576E+03 4.137E-01 2.222E+00 2.000E+00
3.393E+09 5.206E+02 8.787E-02 6.498E-05 4.980E-05 1.983E+03 4.137E-01 2.222E+00 2.000E+00
9.449E+07 2.911E+02 1.009E-01 6.498E-05 5.005E-05 2.825E+03 4.137E-01 2.222E+00 2.000E+00
5.827E+08 5.208E+02 8.786E-02 6.498E-05 5.051E-05 1.983E+03 4.138E-01 2.222E+00 2.000E+00
9.676E+07 5.112E+02 8.834E-02 6.498E-05 5.136E-05 1.981E+03 4.139E-01 2.222E+00 2.000E+00
1.039E+08 3.454E+02 9.759E-02 6.498E-05 5.291E-05 2.367E+03 4.140E-01 2.222E+00 2.000E+00
9.690E+07 3.698E+02 9.614E-02 6.498E-05 5.576E-05 2.248E+03 4.143E-01 2.222E+00 2.000E+00
1.342E+10 5.155E+02 8.814E-02 6.498E-05 6.098E-05 1.990E+03 4.148E-01 2.222E+00 2.000E+00
1.525E+08 4.937E+02 8.926E-02 6.498E-05 7.054E-05 1.998E+03 4.157E-01 2.222E+00 2.000E+00
1.561E+08 2.743E+02 1.020E-01 6.498E-05 8.807E-05 3.052E+03 4.173E-01 2.223E+00 2.000E+00
8.534E+08 4.699E+02 9.061E-02 6.498E-05 1.202E-04 2.046E+03 4.204E-01 2.224E+00 2.000E+00
8.367E+07 3.668E+02 9.665E-02 6.498E-05 1.791E-04 2.286E+03 4.260E-01 2.225E+00 2.000E+00
3.414E+07 3.857E+02 9.579E-02 6.498E-05 2.871E-04 2.253E+03 4.361E-01 2.227E+00 2.000E+00
2.166E+07 4.342E+02 9.336E-02 6.498E-05 4.849E-04 2.506E+03 4.543E-01 2.232E+00 2.000E+00
1.120E+08 2.797E+02 1.046E-01 6.498E-05 8.476E-04 2.964E+03 4.873E-01 2.240E+00 2.000E+00
1.694E+07 2.132E+02 1.127E-01 6.498E-05 1.512E-03 4.575E+03 5.454E-01 2.255E+00 2.000E+00
NAN NAN NAN 6.498E-05 2.731E-03 NAN 6.419E-01 2.283E+00 2.000E+00
NAN NAN NAN 6.498E-05 4.965E-03 NAN 7.767E-01 2.335E+00 2.000E+00
4.048E+07 5.579E+02 8.606E-02 8.219E-05 4.955E-05 2.021E+03 4.138E-01 2.222E+00 2.000E+00
1.630E+08 5.579E+02 8.606E-02 8.219E-05 4.959E-05 2.024E+03 4.138E-01 2.222E+00 2.000E+00
4.949E+08 3.760E+02 9.575E-02 8.219E-05 4.966E-05 2.222E+03 4.138E-01 2.222E+00 2.000E+00
3.035E+07 4.691E+02 9.051E-02 8.219E-05 4.980E-05 2.003E+03 4.138E-01 2.222E+00 2.000E+00
4.894E+07 2.787E+02 1.016E-01 8.219E-05 5.005E-05 2.999E+03 4.138E-01 2.222E+00 2.000E+00
7.113E+07 5.305E+02 8.738E-02 8.219E-05 5.051E-05 1.988E+03 4.139E-01 2.222E+00 2.000E+00
1.546E+08 4.583E+02 9.109E-02 8.219E-05 5.136E-05 2.016E+03 4.139E-01 2.222E+00 2.000E+00
5.204E+07 4.105E+02 9.375E-02 8.219E-05 5.291E-05 2.110E+03 4.141E-01 2.222E+00 2.000E+00
5.040E+07 4.036E+02 9.416E-02 8.219E-05 5.576E-05 2.130E+03 4.144E-01 2.222E+00 2.000E+00
1.335E+08 5.704E+02 8.549E-02 8.219E-05 6.098E-05 2.082E+03 4.148E-01 2.222E+00 2.000E+00
7.337E+07 4.198E+02 9.326E-02 8.219E-05 7.054E-05 2.115E+03 4.158E-01 2.222E+00 2.000E+00
1.686E+08 5.569E+02 8.617E-02 8.219E-05 8.807E-05 2.084E+03 4.174E-01 2.223E+00 2.000E+00
2.152E+07 2.631E+02 1.028E-01 8.219E-05 1.202E-04 3.242E+03 4.205E-01 2.224E+00 2.000E+00
9.252E+08 3.954E+02 9.494E-02 8.219E-05 1.791E-04 2.187E+03 4.261E-01 2.225E+00 2.000E+00
7.795E+08 4.197E+02 9.377E-02 8.219E-05 2.871E-04 2.195E+03 4.361E-01 2.227E+00 2.000E+00
2.810E+08 4.287E+02 9.369E-02 8.219E-05 4.849E-04 2.472E+03 4.544E-01 2.232E+00 2.000E+00
1.143E+08 2.793E+02 1.046E-01 8.219E-05 8.476E-04 2.967E+03 4.874E-01 2.240E+00 2.000E+00
6.251E+07 2.132E+02 1.127E-01 8.219E-05 1.512E-03 4.580E+03 5.454E-01 2.255E+00 2.000E+00
NAN NAN NAN 8.219E-05 2.731E-03 NAN 6.420E-01 2.283E+00 2.000E+00
NAN NAN NAN 8.219E-05 4.965E-03 NAN 7.768E-01 2.335E+00 2.000E+00
2.258E+08 2.750E+02 1.019E-01 1.040E-04 4.955E-05 3.066E+03 4.139E-01 2.222E+00 2.000E+00
3.752E+08 3.882E+02 9.504E-02 1.040E-04 4.959E-05 2.177E+03 4.139E-01 2.222E+00 2.000E+00
4.546E+07 2.732E+02 1.020E-01 1.040E-04 4.966E-05 3.091E+03 4.139E-01 2.222E+00 2.000E+00
1.941E+07 2.787E+02 1.016E-01 1.040E-04 4.980E-05 3.000E+03 4.139E-01 2.222E+00 2.000E+00
2.186E+08 2.979E+02 1.005E-01 1.040E-04 5.005E-05 2.746E+03 4.139E-01 2.222E+00 2.000E+00
9.799E+07 3.639E+02 9.648E-02 1.040E-04 5.051E-05 2.274E+03 4.140E-01 2.222E+00 2.000E+00
1.238E+08 4.451E+02 9.181E-02 1.040E-04 5.136E-05 2.036E+03 4.140E-01 2.222E+00 2.000E+00
4.919E+07 5.918E+02 8.450E-02 1.040E-04 5.291E-05 2.143E+03 4.142E-01 2.222E+00 2.000E+00
1.300E+08 6.009E+02 8.410E-02 1.040E-04 5.576E-05 2.213E+03 4.145E-01 2.222E+00 2.000E+00
3.304E+07 5.887E+02 8.465E-02 1.040E-04 6.098E-05 2.151E+03 4.149E-01 2.222E+00 2.000E+00
4.014E+07 5.725E+02 8.541E-02 1.040E-04 7.054E-05 2.102E+03 4.159E-01 2.222E+00 2.000E+00
4.689E+08 3.451E+02 9.772E-02 1.040E-04 8.807E-05 2.371E+03 4.175E-01 2.223E+00 2.000E+00
2.483E+08 2.814E+02 1.017E-01 1.040E-04 1.202E-04 2.931E+03 4.206E-01 2.224E+00 2.000E+00
1.925E+08 4.224E+02 9.336E-02 1.040E-04 1.791E-04 2.129E+03 4.262E-01 2.225E+00 2.000E+00
2.718E+07 2.612E+02 1.036E-01 1.040E-04 2.871E-04 3.187E+03 4.362E-01 2.227E+00 2.000E+00
2.591E+07 3.525E+02 9.839E-02 1.040E-04 4.849E-04 2.445E+03 4.545E-01 2.232E+00 2.000E+00
1.281E+08 2.463E+02 1.070E-01 1.040E-04 8.476E-04 3.286E+03 4.875E-01 2.240E+00 2.000E+00
6.986E+06 2.104E+02 1.129E-01 1.040E-04 1.512E-03 4.538E+03 5.456E-01 2.255E+00 2.000E+00
NAN NAN NAN 1.040E-04 2.731E-03 NAN 6.421E-01 2.283E+00 2.000E+00
NAN NAN NAN 1.040E-04 4.965E-03 NAN 7.769E-01 2.335E+00 2.000E+00
2.053E+07 2.787E+02 1.016E-01 1.315E-04 4.955E-05 3.000E+03 4.140E-01 2.222E+00 2.000E+00
4.579E+07 2.787E+02 1.016E-01 1.315E-04 4.959E-05 3.000E+03 4.140E-01 2.222E+00 2.000E+00
2.598E+07 3.024E+02 1.002E-01 1.315E-04 4.966E-05 2.698E+03 4.140E-01 2.222E+00 2.000E+00
5.512E+09 3.469E+02 9.750E-02 1.315E-04 4.980E-05 2.361E+03 4.140E-01 2.222E+00 2.000E+00
3.086E+07 2.551E+02 1.030E-01 1.315E-04 5.005E-05 3.489E+03 4.140E-01 2.222E+00 2.000E+00
6.142E+08 3.579E+02 9.683E-02 1.315E-04 5.051E-05 2.302E+03 4.141E-01 2.222E+00 2.000E+00
9.261E+07 3.193E+02 9.918E-02 1.315E-04 5.136E-05 2.544E+03 4.142E-01 2.222E+00 2.000E+00
1.602E+08 5.810E+02 8.499E-02 1.315E-04 5.291E-05 2.096E+03 4.143E-01 2.222E+00 2.000E+00
1.719E+08 3.500E+02 9.733E-02 1.315E-04 5.576E-05 2.343E+03 4.146E-01 2.222E+00 2.000E+00
1.028E+08 3.425E+02 9.779E-02 1.315E-04 6.098E-05 2.386E+03 4.151E-01 2.222E+00 2.000E+00
2.416E+07 2.869E+02 1.012E-01 1.315E-04 7.054E-05 2.873E+03 4.160E-01 2.222E+00 2.000E+00
8.749E+07 5.763E+02 8.526E-02 1.315E-04 8.807E-05 2.176E+03 4.176E-01 2.223E+00 2.000E+00
1.852E+07 2.514E+02 1.035E-01 1.315E-04 1.202E-04 3.525E+03 4.207E-01 2.224E+00 2.000E+00
8.607E+07 4.921E+02 8.955E-02 1.315E-04 1.791E-04 2.100E+03 4.263E-01 2.225E+00 2.000E+00
1.090E+08 2.753E+02 1.027E-01 1.315E-04 2.871E-04 2.963E+03 4.364E-01 2.227E+00 2.000E+00
2.524E+08 2.890E+02 1.026E-01 1.315E-04 4.849E-04 2.786E+03 4.546E-01 2.232E+00 2.000E+00
1.082E+08 2.295E+02 1.082E-01 1.315E-04 8.476E-04 3.582E+03 4.876E-01 2.240E+00 2.000E+00
3.772E+07 2.076E+02 1.131E-01 1.315E-04 1.512E-03 4.510E+03 5.457E-01 2.255E+00 2.000E+00
NAN NAN NAN 1.315E-04 2.731E-03 NAN 6.423E-01 2.283E+00 2.000E+00
NAN NAN NAN 1.315E-04 4.965E-03 NAN 7.770E-01 2.335E+00 2.000E+00
2.417E+08 5.160E+02 8.810E-02 1.663E-04 4.955E-05 2.000E+03 4.141E-01 2.222E+00 2.000E+00
4.139E+07 5.263E+02 8.758E-02 1.663E-04 4.959E-05 1.990E+03 4.141E-01 2.222E+00 2.000E+00
2.385E+08 3.124E+02 9.960E-02 1.663E-04 4.966E-05 2.603E+03 4.142E-01 2.222E+00 2.000E+00
3.098E+07 2.439E+02 1.037E-01 1.663E-04 4.980E-05 3.852E+03 4.142E-01 2.222E+00 2.000E+00
9.141E+07 4.854E+02 8.965E-02 1.663E-04 5.005E-05 1.993E+03 4.142E-01 2.222E+00 2.000E+00
9.216E+07 2.566E+02 1.029E-01 1.663E-04 5.051E-05 3.445E+03 4.142E-01 2.222E+00 2.000E+00
6.641E+07 4.130E+02 9.361E-02 1.663E-04 5.136E-05 2.104E+03 4.143E-01 2.222E+00 2.000E+00
7.090E+07 3.759E+02 9.577E-02 1.663E-04 5.291E-05 2.224E+03 4.145E-01 2.222E+00 2.000E+00
3.757E+08 5.881E+02 8.467E-02 1.663E-04 5.576E-05 2.140E+03 4.147E-01 2.222E+00 2.000E+00
5.758E+07 5.205E+02 8.789E-02 1.663E-04 6.098E-05 2.086E+03 4.152E-01 2.222E+00 2.000E+00
6.456E+07 3.455E+02 9.764E-02 1.663E-04 7.054E-05 2.369E+03 4.161E-01 2.222E+00 2.000E+00
7.693E+07 3.928E+02 9.486E-02 1.663E-04 8.807E-05 2.171E+03 4.178E-01 2.223E+00 2.000E+00
1.736E+07 2.876E+02 1.014E-01 1.663E-04 1.202E-04 2.850E+03 4.209E-01 2.224E+00 2.000E+00
5.477E+07 5.269E+02 8.778E-02 1.663E-04 1.791E-04 2.179E+03 4.265E-01 2.225E+00 2.000E+00
8.073E+07 2.944E+02 1.015E-01 1.663E-04 2.871E-04 2.742E+03 4.365E-01 2.227E+00 2.000E+00
3.391E+07 4.279E+02 9.373E-02 1.663E-04 4.849E-04 2.476E+03 4.548E-01 2.232E+00 2.000E+00
3.661E+07 2.738E+02 1.050E-01 1.663E-04 8.476E-04 3.006E+03 4.878E-01 2.240E+00 2.000E+00
1.014E+07 2.053E+02 1.133E-01 1.663E-04 1.512E-03 4.503E+03 5.459E-01 2.255E+00 2.000E+00
NAN NAN NAN 1.663E-04 2.731E-03 NAN 6.424E-01 2.283E+00 2.000E+00
NAN NAN NAN 1.663E-04 4.965E-03 NAN 7.772E-01 2.335E+00 2.000E+00
1.106E+08 5.197E+02 8.791E-02 2.104E-04 4.955E-05 1.987E+03 4.143E-01 2.222E+00 2.000E+00
1.657E+08 3.085E+02 9.984E-02 2.104E-04 4.959E-05 2.641E+03 4.143E-01 2.222E+00 2.000E+00
6.242E+08 2.992E+02 1.004E-01 2.104E-04 4.966E-05 2.735E+03 4.144E-01 2.222E+00 2.000E+00
4.663E+07 3.579E+02 9.683E-02 2.104E-04 4.980E-05 2.303E+03 4.144E-01 2.222E+00 2.000E+00
3.510E+07 2.594E+02 1.028E-01 2.104E-04 5.005E-05 3.426E+03 4.144E-01 2.222E+00 2.000E+00
6.737E+07 4.290E+02 9.270E-02 2.104E-04 5.051E-05 2.068E+03 4.144E-01 2.222E+00 2.000E+00
7.350E+07 5.815E+02 8.497E-02 2.104E-04 5.136E-05 2.101E+03 4.145E-01 2.222E+00 2.000E+00
6.267E+07 5.251E+02 8.765E-02 2.104E-04 5.291E-05 1.999E+03 4.147E-01 2.222E+00 2.000E+00
1.237E+08 4.066E+02 9.398E-02 2.104E-04 5.576E-05 2.123E+03 4.149E-01 2.222E+00 2.000E+00
3.307E+07 3.268E+02 9.876E-02 2.104E-04 6.098E-05 2.488E+03 4.154E-01 2.222E+00 2.000E+00
1.228E+10 5.344E+02 8.722E-02 2.104E-04 7.054E-05 2.020E+03 4.163E-01 2.222E+00 2.000E+00
8.648E+08 5.509E+02 8.645E-02 2.104E-04 8.807E-05 2.077E+03 4.180E-01 2.223E+00 2.000E+00
2.861E+07 5.262E+02 8.771E-02 2.104E-04 1.202E-04 2.074E+03 4.211E-01 2.224E+00 2.000E+00
8.385E+08 4.501E+02 9.181E-02 2.104E-04 1.791E-04 2.099E+03 4.267E-01 2.225E+00 2.000E+00
3.536E+07 4.327E+02 9.302E-02 2.104E-04 2.871E-04 2.191E+03 4.367E-01 2.227E+00 2.000E+00
2.761E+09 4.423E+02 9.290E-02 2.104E-04 4.849E-04 2.587E+03 4.550E-01 2.232E+00 2.000E+00
1.182E+08 2.915E+02 1.037E-01 2.104E-04 8.476E-04 2.913E+03 4.880E-01 2.240E+00 2.000E+00
3.893E+07 2.132E+02 1.127E-01 2.104E-04 1.512E-03 5.521E+03 5.461E-01 2.255E+00 2.000E+00
NAN NAN NAN 2.104E-04 2.731E-03 NAN 6.427E-01 2.283E+00 2.000E+00
NAN NAN NAN 2.104E-04 4.965E-03 NAN 7.774E-01 2.335E+00 2.000E+00
6.962E+07 2.566E+02 1.029E-01 2.661E-04 4.955E-05 3.446E+03 4.146E-01 2.222E+00 2.000E+00
5.304E+07 5.551E+02 8.619E-02 2.661E-04 4.959E-05 2.026E+03 4.146E-01 2.222E+00 2.000E+00
1.786E+08 5.428E+02 8.678E-02 2.661E-04 4.966E-05 2.007E+03 4.146E-01 2.222E+00 2.000E+00
7.735E+08 4.976E+02 8.902E-02 2.661E-04 4.980E-05 1.990E+03 4.146E-01 2.222E+00 2.000E+00
2.695E+08 5.655E+02 8.570E-02 2.661E-04 5.005E-05 2.050E+03 4.146E-01 2.222E+00 2.000E+00
7.679E+07 6.050E+02 8.391E-02 2.661E-04 5.051E-05 2.327E+03 4.147E-01 2.222E+00 2.000E+00
7.193E+07 5.405E+02 8.689E-02 2.661E-04 5.136E-05 2.007E+03 4.148E-01 2.222E+00 2.000E+00
8.772E+07 4.649E+02 9.074E-02 2.661E-04 5.291E-05 2.013E+03 4.149E-01 2.222E+00 2.000E+00
6.938E+08 2.565E+02 1.030E-01 2.661E-04 5.576E-05 3.444E+03 4.152E-01 2.222E+00 2.000E+00
2.106E+08 5.053E+02 8.866E-02 2.661E-04 6.098E-05 2.009E+03 4.157E-01 2.222E+00 2.000E+00
4.797E+07 3.160E+02 9.944E-02 2.661E-04 7.054E-05 2.571E+03 4.166E-01 2.222E+00 2.000E+00
5.804E+07 3.566E+02 9.702E-02 2.661E-04 8.807E-05 2.313E+03 4.183E-01 2.223E+00 2.000E+00
7.432E+07 4.231E+02 9.319E-02 2.661E-04 1.202E-04 2.109E+03 4.213E-01 2.224E+00 2.000E+00
2.134E+07 4.889E+02 8.971E-02 2.661E-04 1.791E-04 2.103E+03 4.269E-01 2.225E+00 2.000E+00
2.371E+07 2.941E+02 1.015E-01 2.661E-04 2.871E-04 2.746E+03 4.370E-01 2.227E+00 2.000E+00
1.029E+08 3.248E+02 1.002E-01 2.661E-04 4.849E-04 2.549E+03 4.552E-01 2.232E+00 2.000E+00
2.235E+08 2.785E+02 1.047E-01 2.661E-04 8.476E-04 2.991E+03 4.882E-01 2.240E+00 2.000E+00
9.362E+07 2.120E+02 1.128E-01 2.661E-04 1.512E-03 4.609E+03 5.463E-01 2.255E+00 2.000E+00
NAN NAN NAN 2.661E-04 2.731E-03 NAN 6.429E-01 2.283E+00 2.000E+00
NAN NAN NAN 2.661E-04 4.965E-03 NAN 7.777E-01 2.335E+00 2.000E+00
2.370E+07 4.942E+02 8.920E-02 3.366E-04 4.955E-05 1.992E+03 4.149E-01 2.222E+00 2.000E+00
4.425E+07 4.942E+02 8.920E-02 3.366E-04 4.959E-05 1.995E+03 4.149E-01 2.222E+00 2.000E+00
1.010E+08 2.784E+02 1.017E-01 3.366E-04 4.966E-05 3.005E+03 4.149E-01 2.222E+00 2.000E+00
2.994E+07 5.979E+02 8.422E-02 3.366E-04 4.980E-05 2.199E+03 4.149E-01 2.222E+00 2.000E+00
2.700E+07 4.717E+02 9.037E-02 3.366E-04 5.005E-05 2.006E+03 4.150E-01 2.222E+00 2.000E+00
5.655E+07 3.454E+02 9.759E-02 3.366E-04 5.051E-05 2.370E+03 4.150E-01 2.222E+00 2.000E+00
2.265E+08 5.889E+02 8.463E-02 3.366E-04 5.136E-05 2.148E+03 4.151E-01 2.222E+00 2.000E+00
4.780E+08 5.427E+02 8.679E-02 3.366E-04 5.291E-05 2.014E+03 4.152E-01 2.222E+00 2.000E+00
5.370E+07 2.520E+02 1.032E-01 3.366E-04 5.576E-05 3.571E+03 4.155E-01 2.222E+00 2.000E+00
2.831E+07 2.674E+02 1.024E-01 3.366E-04 6.098E-05 3.237E+03 4.160E-01 2.222E+00 2.000E+00
2.789E+07 3.590E+02 9.683E-02 3.366E-04 7.054E-05 2.301E+03 4.169E-01 2.222E+00 2.000E+00
2.676E+07 5.746E+02 8.534E-02 3.366E-04 8.807E-05 2.181E+03 4.186E-01 2.223E+00 2.000E+00
3.069E+07 3.443E+02 9.786E-02 3.366E-04 1.202E-04 2.380E+03 4.216E-01 2.224E+00 2.000E+00
3.421E+07 4.805E+02 9.016E-02 3.366E-04 1.791E-04 2.100E+03 4.272E-01 2.225E+00 2.000E+00
2.590E+07 2.590E+02 1.038E-01 3.366E-04 2.871E-04 3.229E+03 4.373E-01 2.227E+00 2.000E+00
5.695E+08 2.538E+02 1.049E-01 3.366E-04 4.849E-04 3.238E+03 4.556E-01 2.232E+00 2.000E+00
1.514E+07 2.245E+02 1.085E-01 3.366E-04 8.476E-04 3.701E+03 4.886E-01 2.240E+00 2.000E+00
2.154E+07 2.059E+02 1.133E-01 3.366E-04 1.512E-03 4.541E+03 5.467E-01 2.255E+00 2.000E+00
NAN NAN NAN 3.366E-04 2.731E-03 NAN 6.433E-01 2.283E+00 2.000E+00
NAN NAN NAN 3.366E-04 4.965E-03 NAN 7.780E-01 2.335E+00 2.000E+00
3.708E+07 3.316E+02 9.843E-02 4.257E-04 4.955E-05 2.457E+03 4.153E-01 2.222E+00 2.000E+00
1.853E+07 3.384E+02 9.801E-02 4.257E-04 4.959E-05 2.413E+03 4.153E-01 2.222E+00 2.000E+00
2.007E+08 3.384E+02 9.801E-02 4.257E-04 4.966E-05 2.413E+03 4.153E-01 2.222E+00 2.000E+00
1.002E+09 3.282E+02 9.863E-02 4.257E-04 4.980E-05 2.480E+03 4.153E-01 2.222E+00 2.000E+00
1.873E+08 3.820E+02 9.540E-02 4.257E-04 5.005E-05 2.203E+03 4.154E-01 2.222E+00 2.000E+00
7.529E+07 5.791E+02 8.508E-02 4.257E-04 5.051E-05 2.109E+03 4.154E-01 2.222E+00 2.000E+00
4.403E+08 4.520E+02 9.144E-02 4.257E-04 5.136E-05 2.032E+03 4.155E-01 2.222E+00 2.000E+00
2.530E+08 3.942E+02 9.470E-02 4.257E-04 5.291E-05 2.163E+03 4.156E-01 2.222E+00 2.000E+00
5.937E+07 3.668E+02 9.632E-02 4.257E-04 5.576E-05 2.265E+03 4.159E-01 2.222E+00 2.000E+00
2.045E+07 2.661E+02 1.024E-01 4.257E-04 6.098E-05 3.267E+03 4.164E-01 2.222E+00 2.000E+00
7.012E+08 5.488E+02 8.653E-02 4.257E-04 7.054E-05 2.056E+03 4.173E-01 2.222E+00 2.000E+00
2.727E+08 4.991E+02 8.902E-02 4.257E-04 8.807E-05 2.023E+03 4.190E-01 2.223E+00 2.000E+00
5.772E+08 4.974E+02 8.916E-02 4.257E-04 1.202E-04 2.053E+03 4.220E-01 2.224E+00 2.000E+00
1.956E+07 3.957E+02 9.492E-02 4.257E-04 1.791E-04 2.193E+03 4.276E-01 2.225E+00 2.000E+00
5.894E+07 4.070E+02 9.451E-02 4.257E-04 2.871E-04 2.222E+03 4.377E-01 2.227E+00 2.000E+00
3.099E+07 4.023E+02 9.527E-02 4.257E-04 4.849E-04 2.415E+03 4.560E-01 2.232E+00 2.000E+00
3.507E+07 2.522E+02 1.066E-01 4.257E-04 8.476E-04 3.218E+03 4.890E-01 2.240E+00 2.000E+00
1.988E+08 2.030E+02 1.135E-01 4.257E-04 1.512E-03 4.546E+03 5.471E-01 2.255E+00 2.000E+00
NAN NAN NAN 4.257E-04 2.731E-03 NAN 6.437E-01 2.283E+00 2.000E+00
NAN NAN NAN 4.257E-04 4.965E-03 NAN 7.785E-01 2.335E+00 2.000E+00
4.895E+07 5.918E+02 8.450E-02 5.385E-04 4.955E-05 2.183E+03 4.158E-01 2.222E+00 2.000E+00
3.004E+08 5.918E+02 8.450E-02 5.385E-04 4.959E-05 2.183E+03 4.158E-01 2.222E+00 2.000E+00
6.313E+08 5.791E+02 8.508E-02 5.385E-04 4.966E-05 2.135E+03 4.158E-01 2.222E+00 2.000E+00
4.517E+08 5.889E+02 8.463E-02 5.385E-04 4.980E-05 2.166E+03 4.159E-01 2.222E+00 2.000E+00
2.470E+08 5.282E+02 8.749E-02 5.385E-04 5.005E-05 2.007E+03 4.159E-01 2.222E+00 2.000E+00
2.659E+09 5.207E+02 8.786E-02 5.385E-04 5.051E-05 2.004E+03 4.159E-01 2.222E+00 2.000E+00
8.489E+07 4.992E+02 8.894E-02 5.385E-04 5.136E-05 1.997E+03 4.160E-01 2.222E+00 2.000E+00
1.922E+08 5.845E+02 8.483E-02 5.385E-04 5.291E-05 2.151E+03 4.161E-01 2.222E+00 2.000E+00
9.880E+07 3.971E+02 9.453E-02 5.385E-04 5.576E-05 2.156E+03 4.164E-01 2.222E+00 2.000E+00
7.307E+07 3.817E+02 9.545E-02 5.385E-04 6.098E-05 2.209E+03 4.169E-01 2.222E+00 2.000E+00
3.510E+07 3.483E+02 9.747E-02 5.385E-04 7.054E-05 2.357E+03 4.178E-01 2.222E+00 2.000E+00
7.517E+07 5.722E+02 8.545E-02 5.385E-04 8.807E-05 2.190E+03 4.195E-01 2.223E+00 2.000E+00
3.517E+08 5.484E+02 8.663E-02 5.385E-04 1.202E-04 2.161E+03 4.225E-01 2.224E+00 2.000E+00
5.083E+07 3.698E+02 9.647E-02 5.385E-04 1.791E-04 2.276E+03 4.281E-01 2.225E+00 2.000E+00
9.895E+07 3.114E+02 1.004E-01 5.385E-04 2.871E-04 2.601E+03 4.382E-01 2.227E+00 2.000E+00
5.172E+07 2.325E+02 1.063E-01 5.385E-04 4.849E-04 3.740E+03 4.565E-01 2.232E+00 2.000E+00
2.247E+07 3.152E+02 1.020E-01 5.385E-04 8.476E-04 2.905E+03 4.895E-01 2.240E+00 2.000E+00
7.987E+06 2.065E+02 1.132E-01 5.385E-04 1.512E-03 4.591E+03 5.476E-01 2.255E+00 2.000E+00
NAN NAN NAN 5.385E-04 2.731E-03 NAN 6.443E-01 2.283E+00 2.000E+00
NAN NAN NAN 5.385E-04 4.965E-03 NAN 7.790E-01 2.335E+00 2.000E+00
7.408E+08 4.649E+02 9.074E-02 6.811E-04 4.955E-05 2.021E+03 4.165E-01 2.222E+00 2.000E+00
6.144E+08 3.638E+02 9.648E-02 6.811E-04 4.959E-05 2.281E+03 4.165E-01 2.222E+00 2.000E+00
1.528E+08 4.560E+02 9.122E-02 6.811E-04 4.966E-05 2.032E+03 4.165E-01 2.222E+00 2.000E+00
3.826E+07 3.578E+02 9.684E-02 6.811E-04 4.980E-05 2.309E+03 4.165E-01 2.222E+00 2.000E+00
5.508E+07 5.382E+02 8.700E-02 6.811E-04 5.005E-05 2.022E+03 4.165E-01 2.222E+00 2.000E+00
3.261E+08 5.018E+02 8.881E-02 6.811E-04 5.051E-05 2.001E+03 4.166E-01 2.222E+00 2.000E+00
3.696E+07 5.750E+02 8.527E-02 6.811E-04 5.136E-05 2.117E+03 4.166E-01 2.222E+00 2.000E+00
6.552E+07 2.908E+02 1.009E-01 6.811E-04 5.291E-05 3.359E+03 4.168E-01 2.222E+00 2.000E+00
5.037E+07 5.662E+02 8.568E-02 6.811E-04 5.576E-05 2.093E+03 4.171E-01 2.222E+00 2.000E+00
6.670E+07 5.350E+02 8.718E-02 6.811E-04 6.098E-05 2.038E+03 4.176E-01 2.222E+00 2.000E+00
3.091E+08 3.662E+02 9.640E-02 6.811E-04 7.054E-05 2.273E+03 4.185E-01 2.222E+00 2.000E+00
1.931E+07 3.871E+02 9.520E-02 6.811E-04 8.807E-05 2.246E+03 4.201E-01 2.223E+00 2.000E+00
1.275E+09 5.281E+02 8.762E-02 6.811E-04 1.202E-04 2.114E+03 4.232E-01 2.224E+00 2.000E+00
1.156E+08 5.173E+02 8.826E-02 6.811E-04 1.791E-04 2.185E+03 4.288E-01 2.225E+00 2.000E+00
5.743E+07 5.002E+02 8.933E-02 6.811E-04 2.871E-04 2.395E+03 4.389E-01 2.227E+00 2.000E+00
1.391E+07 3.289E+02 9.994E-02 6.811E-04 4.849E-04 2.542E+03 4.572E-01 2.232E+00 2.000E+00
4.899E+07 3.197E+02 1.017E-01 6.811E-04 8.476E-04 2.928E+03 4.902E-01 2.240E+00 2.000E+00
8.475E+06 2.033E+02 1.135E-01 6.811E-04 1.512E-03 4.598E+03 5.483E-01 2.255E+00 2.000E+00
NAN NAN NAN 6.811E-04 2.731E-03 NAN 6.450E-01 2.283E+00 2.000E+00
NAN NAN NAN 6.811E-04 4.965E-03 NAN 7.797E-01 2.335E+00 2.000E+00
1.552E+08 4.432E+02 9.191E-02 8.615E-04 4.955E-05 2.054E+03 4.173E-01 2.222E+00 2.000E+00
2.624E+08 4.716E+02 9.038E-02 8.615E-04 4.959E-05 2.019E+03 4.173E-01 2.222E+00 2.000E+00
1.961E+08 2.541E+02 1.031E-01 8.615E-04 4.966E-05 3.516E+03 4.173E-01 2.222E+00 2.000E+00
2.059E+07 2.541E+02 1.031E-01 8.615E-04 4.980E-05 3.516E+03 4.173E-01 2.222E+00 2.000E+00
6.377E+07 4.032E+02 9.417E-02 8.615E-04 5.005E-05 2.141E+03 4.173E-01 2.222E+00 2.000E+00
4.545E+08 5.731E+02 8.535E-02 8.615E-04 5.051E-05 2.123E+03 4.174E-01 2.222E+00 2.000E+00
1.949E+07 4.642E+02 9.078E-02 8.615E-04 5.136E-05 2.027E+03 4.175E-01 2.222E+00 2.000E+00
8.094E+07 3.697E+02 9.614E-02 8.615E-04 5.291E-05 2.258E+03 4.176E-01 2.222E+00 2.000E+00
7.680E+07 5.351E+02 8.717E-02 8.615E-04 5.576E-05 2.034E+03 4.179E-01 2.222E+00 2.000E+00
5.332E+08 3.796E+02 9.558E-02 8.615E-04 6.098E-05 2.220E+03 4.184E-01 2.222E+00 2.000E+00
8.027E+07 4.488E+02 9.165E-02 8.615E-04 7.054E-05 2.055E+03 4.193E-01 2.222E+00 2.000E+00
8.323E+08 3.214E+02 9.918E-02 8.615E-04 8.807E-05 2.598E+03 4.210E-01 2.223E+00 2.000E+00
1.296E+08 3.999E+02 9.453E-02 8.615E-04 1.202E-04 2.170E+03 4.240E-01 2.224E+00 2.000E+00
5.702E+07 4.416E+02 9.228E-02 8.615E-04 1.791E-04 2.125E+03 4.296E-01 2.225E+00 2.000E+00
3.525E+07 4.930E+02 8.970E-02 8.615E-04 2.871E-04 2.365E+03 4.397E-01 2.227E+00 2.000E+00
2.307E+07 4.060E+02 9.505E-02 8.615E-04 4.849E-04 2.452E+03 4.580E-01 2.232E+00 2.000E+00
6.348E+08 3.019E+02 1.030E-01 8.615E-04 8.476E-04 2.925E+03 4.910E-01 2.240E+00 2.000E+00
7.322E+06 2.059E+02 1.133E-01 8.615E-04 1.512E-03 4.666E+03 5.492E-01 2.256E+00 2.000E+00
NAN NAN NAN 8.615E-04 2.731E-03 NAN 6.459E-01 2.283E+00 2.000E+00
NAN NAN NAN 8.615E-04 4.965E-03 NAN 7.806E-01 2.335E+00 2.000E+00
3.500E+07 4.642E+02 9.078E-02 1.090E-03 4.955E-05 2.031E+03 4.183E-01 2.222E+00 2.000E+00
2.230E+08 4.642E+02 9.078E-02 1.090E-03 4.959E-05 2.033E+03 4.183E-01 2.222E+00 2.000E+00
1.272E+08 4.517E+02 9.145E-02 1.090E-03 4.966E-05 2.046E+03 4.183E-01 2.222E+00 2.000E+00
5.357E+07 5.332E+02 8.725E-02 1.090E-03 4.980E-05 2.035E+03 4.183E-01 2.222E+00 2.000E+00
1.616E+08 5.134E+02 8.823E-02 1.090E-03 5.005E-05 2.020E+03 4.184E-01 2.222E+00 2.000E+00
3.164E+09 4.577E+02 9.113E-02 1.090E-03 5.051E-05 2.039E+03 4.184E-01 2.222E+00 2.000E+00
2.922E+08 4.433E+02 9.191E-02 1.090E-03 5.136E-05 2.059E+03 4.185E-01 2.222E+00 2.000E+00
8.025E+07 3.920E+02 9.483E-02 1.090E-03 5.291E-05 2.179E+03 4.186E-01 2.222E+00 2.000E+00
5.689E+07 3.507E+02 9.729E-02 1.090E-03 5.576E-05 2.350E+03 4.189E-01 2.222E+00 2.000E+00
5.002E+07 3.755E+02 9.582E-02 1.090E-03 6.098E-05 2.239E+03 4.194E-01 2.222E+00 2.000E+00
2.134E+08 4.167E+02 9.345E-02 1.090E-03 7.054E-05 2.117E+03 4.203E-01 2.222E+00 2.000E+00
6.200E+07 2.721E+02 1.022E-01 1.090E-03 8.807E-05 3.095E+03 4.220E-01 2.223E+00 2.000E+00
4.062E+07 3.790E+02 9.577E-02 1.090E-03 1.202E-04 2.238E+03 4.250E-01 2.224E+00 2.000E+00
6.386E+07 4.793E+02 9.023E-02 1.090E-03 1.791E-04 2.133E+03 4.306E-01 2.225E+00 2.000E+00
2.524E+07 3.330E+02 9.907E-02 1.090E-03 2.871E-04 2.472E+03 4.408E-01 2.227E+00 2.000E+00
2.745E+07 4.244E+02 9.395E-02 1.090E-03 4.849E-04 2.554E+03 4.590E-01 2.232E+00 2.000E+00
3.264E+07 3.100E+02 1.024E-01 1.090E-03 8.476E-04 2.942E+03 4.921E-01 2.240E+00 2.000E+00
2.030E+08 2.081E+02 1.131E-01 1.090E-03 1.512E-03 4.775E+03 5.503E-01 2.256E+00 2.000E+00
NAN NAN NAN 1.090E-03 2.731E-03 NAN 6.470E-01 2.283E+00 2.000E+00
NAN NAN NAN 1.090E-03 4.965E-03 NAN 7.817E-01 2.335E+00 2.000E+00
1.132E+08 4.168E+02 9.339E-02 1.378E-03 4.955E-05 2.115E+03 4.196E-01 2.222E+00 2.000E+00
3.939E+07 3.967E+02 9.455E-02 1.378E-03 4.959E-05 2.168E+03 4.196E-01 2.222E+00 2.000E+00
5.108E+07 4.245E+02 9.296E-02 1.378E-03 4.966E-05 2.099E+03 4.196E-01 2.222E+00 2.000E+00
6.957E+07 3.794E+02 9.556E-02 1.378E-03 4.980E-05 2.226E+03 4.197E-01 2.222E+00 2.000E+00
1.743E+08 3.280E+02 9.866E-02 1.378E-03 5.005E-05 2.491E+03 4.197E-01 2.222E+00 2.000E+00
4.203E+08 2.626E+02 1.026E-01 1.378E-03 5.051E-05 3.304E+03 4.197E-01 2.222E+00 2.000E+00
2.710E+08 5.205E+02 8.788E-02 1.378E-03 5.136E-05 2.036E+03 4.198E-01 2.222E+00 2.000E+00
4.568E+08 5.798E+02 8.505E-02 1.378E-03 5.291E-05 2.221E+03 4.199E-01 2.222E+00 2.000E+00
5.586E+08 3.708E+02 9.609E-02 1.378E-03 5.576E-05 2.261E+03 4.202E-01 2.222E+00 2.000E+00
4.738E+07 4.215E+02 9.315E-02 1.378E-03 6.098E-05 2.109E+03 4.207E-01 2.222E+00 2.000E+00
5.813E+07 3.708E+02 9.613E-02 1.378E-03 7.054E-05 2.263E+03 4.216E-01 2.222E+00 2.000E+00
5.906E+10 3.931E+02 9.485E-02 1.378E-03 8.807E-05 2.189E+03 4.233E-01 2.223E+00 2.000E+00
6.295E+07 4.562E+02 9.135E-02 1.378E-03 1.202E-04 2.134E+03 4.263E-01 2.224E+00 2.000E+00
5.386E+07 3.970E+02 9.485E-02 1.378E-03 1.791E-04 2.209E+03 4.319E-01 2.225E+00 2.000E+00
9.389E+07 3.764E+02 9.636E-02 1.378E-03 2.871E-04 2.307E+03 4.421E-01 2.227E+00 2.000E+00
3.735E+07 2.130E+02 1.075E-01 1.378E-03 4.849E-04 4.619E+03 4.604E-01 2.232E+00 2.000E+00
1.499E+08 2.406E+02 1.074E-01 1.378E-03 8.476E-04 3.404E+03 4.935E-01 2.240E+00 2.000E+00
3.492E+07 2.009E+02 1.137E-01 1.378E-03 1.512E-03 4.740E+03 5.516E-01 2.256E+00 2.000E+00
NAN NAN NAN 1.378E-03 2.731E-03 NAN 6.484E-01 2.283E+00 2.000E+00
NAN NAN NAN 1.378E-03 4.965E-03 NAN 7.831E-01 2.335E+00 2.000E+00
1.656E+08 3.940E+02 9.471E-02 1.743E-03 4.955E-05 2.183E+03 4.213E-01 2.222E+00 2.000E+00
1.415E+08 4.196E+02 9.324E-02 1.743E-03 4.959E-05 2.116E+03 4.213E-01 2.222E+00 2.000E+00
9.363E+07 4.127E+02 9.363E-02 1.743E-03 4.966E-05 2.131E+03 4.213E-01 2.222E+00 2.000E+00
5.342E+07 4.318E+02 9.255E-02 1.743E-03 4.980E-05 2.091E+03 4.213E-01 2.222E+00 2.000E+00
4.621E+08 5.779E+02 8.513E-02 1.743E-03 5.005E-05 2.246E+03 4.213E-01 2.222E+00 2.000E+00
6.847E+07 4.102E+02 9.377E-02 1.743E-03 5.051E-05 2.138E+03 4.214E-01 2.222E+00 2.000E+00
1.074E+08 5.061E+02 8.860E-02 1.743E-03 5.136E-05 2.041E+03 4.215E-01 2.222E+00 2.000E+00
9.692E+07 3.575E+02 9.688E-02 1.743E-03 5.291E-05 2.324E+03 4.216E-01 2.222E+00 2.000E+00
2.703E+10 2.436E+02 1.037E-01 1.743E-03 5.576E-05 3.850E+03 4.219E-01 2.222E+00 2.000E+00
3.736E+08 4.709E+02 9.044E-02 1.743E-03 6.098E-05 2.050E+03 4.224E-01 2.222E+00 2.000E+00
4.910E+07 3.862E+02 9.522E-02 1.743E-03 7.054E-05 2.218E+03 4.233E-01 2.222E+00 2.000E+00
3.174E+07 4.079E+02 9.400E-02 1.743E-03 8.807E-05 2.156E+03 4.249E-01 2.223E+00 2.000E+00
4.342E+09 4.503E+02 9.168E-02 1.743E-03 1.202E-04 2.104E+03 4.280E-01 2.224E+00 2.000E+00
3.650E+07 4.825E+02 9.006E-02 1.743E-03 1.791E-04 2.169E+03 4.336E-01 2.225E+00 2.000E+00
1.371E+08 4.833E+02 9.022E-02 1.743E-03 2.871E-04 2.404E+03 4.438E-01 2.227E+00 2.000E+00
3.230E+07 2.760E+02 1.035E-01 1.743E-03 4.849E-04 2.943E+03 4.621E-01 2.232E+00 2.000E+00
5.598E+07 2.061E+02 1.098E-01 1.743E-03 8.476E-04 4.334E+03 4.952E-01 2.240E+00 2.000E+00
2.152E+07 2.012E+02 1.137E-01 1.743E-03 1.512E-03 4.838E+03 5.534E-01 2.256E+00 2.000E+00
NAN NAN NAN 1.743E-03 2.731E-03 NAN 6.503E-01 2.283E+00 2.000E+00
NAN NAN NAN 1.743E-03 4.965E-03 NAN 7.849E-01 2.335E+00 2.000E+00
5.718E+08 3.939E+02 9.472E-02 2.205E-03 4.955E-05 2.190E+03 4.234E-01 2.222E+00 2.000E+00
1.937E+08 5.424E+02 8.681E-02 2.205E-03 4.959E-05 2.119E+03 4.234E-01 2.222E+00 2.000E+00
6.282E+07 4.364E+02 9.230E-02 2.205E-03 4.966E-05 2.094E+03 4.234E-01 2.222E+00 2.000E+00
1.225E+08 4.808E+02 8.990E-02 2.205E-03 4.980E-05 2.052E+03 4.234E-01 2.222E+00 2.000E+00
1.280E+08 2.967E+02 1.006E-01 2.205E-03 5.005E-05 2.776E+03 4.234E-01 2.222E+00 2.000E+00
2.846E+07 4.063E+02 9.400E-02 2.205E-03 5.051E-05 2.156E+03 4.235E-01 2.222E+00 2.000E+00
2.515E+08 3.877E+02 9.508E-02 2.205E-03 5.136E-05 2.210E+03 4.235E-01 2.222E+00 2.000E+00
1.722E+08 4.446E+02 9.185E-02 2.205E-03 5.291E-05 2.083E+03 4.237E-01 2.222E+00 2.000E+00
1.634E+07 4.644E+02 9.078E-02 2.205E-03 5.576E-05 2.064E+03 4.240E-01 2.222E+00 2.000E+00
4.300E+08 5.528E+02 8.633E-02 2.205E-03 6.098E-05 2.183E+03 4.245E-01 2.222E+00 2.000E+00
2.678E+07 3.874E+02 9.515E-02 2.205E-03 7.054E-05 2.216E+03 4.254E-01 2.222E+00 2.000E+00
4.891E+07 3.293E+02 9.870E-02 2.205E-03 8.807E-05 2.493E+03 4.270E-01 2.223E+00 2.000E+00
5.977E+07 4.502E+02 9.169E-02 2.205E-03 1.202E-04 2.122E+03 4.301E-01 2.224E+00 2.000E+00
1.587E+08 3.133E+02 9.998E-02 2.205E-03 1.791E-04 2.607E+03 4.357E-01 2.225E+00 2.000E+00
1.772E+08 2.475E+02 1.045E-01 2.205E-03 2.871E-04 3.495E+03 4.459E-01 2.227E+00 2.000E+00
5.436E+07 2.038E+02 1.080E-01 2.205E-03 4.849E-04 5.344E+03 4.642E-01 2.232E+00 2.000E+00
3.109E+07 3.049E+02 1.028E-01 2.205E-03 8.476E-04 3.043E+03 4.973E-01 2.240E+00 2.000E+00
4.385E+06 2.001E+02 1.138E-01 2.205E-03 1.512E-03 4.951E+03 5.556E-01 2.256E+00 2.000E+00
NAN NAN NAN 2.205E-03 2.731E-03 NAN 6.525E-01 2.284E+00 2.000E+00
NAN NAN NAN 2.205E-03 4.965E-03 NAN 7.871E-01 2.335E+00 2.000E+00
2.961E+07 5.657E+02 8.570E-02 2.789E-03 4.955E-05 2.295E+03 4.260E-01 2.222E+00 2.000E+00
5.734E+07 5.657E+02 8.570E-02 2.789E-03 4.959E-05 2.294E+03 4.260E-01 2.222E+00 2.000E+00
1.195E+08 3.815E+02 9.545E-02 2.789E-03 4.966E-05 2.240E+03 4.260E-01 2.222E+00 2.000E+00
1.722E+07 2.370E+02 1.041E-01 2.789E-03 4.980E-05 4.141E+03 4.260E-01 2.222E+00 2.000E+00
6.229E+07 2.609E+02 1.027E-01 2.789E-03 5.005E-05 3.347E+03 4.261E-01 2.222E+00 2.000E+00
2.533E+08 5.059E+02 8.861E-02 2.789E-03 5.051E-05 2.084E+03 4.261E-01 2.222E+00 2.000E+00
4.365E+08 2.745E+02 1.019E-01 2.789E-03 5.136E-05 3.081E+03 4.262E-01 2.222E+00 2.000E+00
1.952E+07 5.598E+02 8.598E-02 2.789E-03 5.291E-05 2.263E+03 4.263E-01 2.222E+00 2.000E+00
6.202E+07 3.632E+02 9.655E-02 2.789E-03 5.576E-05 2.312E+03 4.266E-01 2.222E+00 2.000E+00
1.229E+07 5.582E+02 8.607E-02 2.789E-03 6.098E-05 2.281E+03 4.271E-01 2.222E+00 2.000E+00
5.946E+10 4.696E+02 9.054E-02 2.789E-03 7.054E-05 2.090E+03 4.280E-01 2.222E+00 2.000E+00
3.839E+07 2.667E+02 1.025E-01 2.789E-03 8.807E-05 3.203E+03 4.297E-01 2.223E+00 2.000E+00
2.963E+07 2.673E+02 1.026E-01 2.789E-03 1.202E-04 3.175E+03 4.327E-01 2.224E+00 2.000E+00
9.881E+07 3.796E+02 9.590E-02 2.789E-03 1.791E-04 2.307E+03 4.383E-01 2.225E+00 2.000E+00
1.244E+07 2.583E+02 1.039E-01 2.789E-03 2.871E-04 3.261E+03 4.486E-01 2.227E+00 2.000E+00
3.261E+08 3.380E+02 9.936E-02 2.789E-03 4.849E-04 2.568E+03 4.669E-01 2.232E+00 2.000E+00
2.325E+07 2.579E+02 1.062E-01 2.789E-03 8.476E-04 3.236E+03 5.001E-01 2.240E+00 2.000E+00
NAN NAN NAN 2.789E-03 1.512E-03 NAN 5.584E-01 2.256E+00 2.000E+00
NAN NAN NAN 2.789E-03 2.731E-03 NAN 6.554E-01 2.284E+00 2.000E+00
NAN NAN NAN 2.789E-03 4.965E-03 NAN 7.900E-01 2.335E+00 2.000E+00
4.675E+07 4.444E+02 9.186E-02 3.528E-03 4.955E-05 2.122E+03 4.294E-01 2.222E+00 2.000E+00
2.526E+09 4.283E+02 9.276E-02 3.528E-03 4.959E-05 2.136E+03 4.294E-01 2.222E+00 2.000E+00
8.763E+07 3.525E+02 9.718E-02 3.528E-03 4.966E-05 2.454E+03 4.294E-01 2.222E+00 2.000E+00
1.014E+08 2.731E+02 1.020E-01 3.528E-03 4.980E-05 3.111E+03 4.294E-01 2.222E+00 2.000E+00
8.553E+07 3.894E+02 9.498E-02 3.528E-03 5.005E-05 2.243E+03 4.294E-01 2.222E+00 2.000E+00
5.338E+09 2.369E+02 1.041E-01 3.528E-03 5.051E-05 4.143E+03 4.294E-01 2.222E+00 2.000E+00
5.146E+07 5.369E+02 8.708E-02 3.528E-03 5.136E-05 2.208E+03 4.295E-01 2.222E+00 2.000E+00
5.637E+07 3.015E+02 1.003E-01 3.528E-03 5.291E-05 2.736E+03 4.297E-01 2.222E+00 2.000E+00
4.935E+07 5.272E+02 8.756E-02 3.528E-03 5.576E-05 2.189E+03 4.299E-01 2.222E+00 2.000E+00
3.477E+08 5.523E+02 8.635E-02 3.528E-03 6.098E-05 2.341E+03 4.304E-01 2.222E+00 2.000E+00
6.901E+07 2.800E+02 1.017E-01 3.528E-03 7.054E-05 2.993E+03 4.314E-01 2.222E+00 2.000E+00
2.578E+08 4.795E+02 9.005E-02 3.528E-03 8.807E-05 2.138E+03 4.330E-01 2.223E+00 2.000E+00
2.727E+10 4.126E+02 9.381E-02 3.528E-03 1.202E-04 2.199E+03 4.361E-01 2.224E+00 2.000E+00
4.644E+07 3.743E+02 9.622E-02 3.528E-03 1.791E-04 2.316E+03 4.417E-01 2.225E+00 2.000E+00
1.224E+08 2.278E+02 1.057E-01 3.528E-03 2.871E-04 4.170E+03 4.519E-01 2.227E+00 2.000E+00
4.979E+07 3.531E+02 9.838E-02 3.528E-03 4.849E-04 2.566E+03 4.703E-01 2.232E+00 2.000E+00
1.995E+07 2.914E+02 1.038E-01 3.528E-03 8.476E-04 3.124E+03 5.036E-01 2.240E+00 2.000E+00
NAN NAN NAN 3.528E-03 1.512E-03 NAN 5.619E-01 2.256E+00 2.000E+00
NAN NAN NAN 3.528E-03 2.731E-03 NAN 6.591E-01 2.284E+00 2.000E+00
NAN NAN NAN 3.528E-03 4.965E-03 NAN 7.936E-01 2.335E+00 2.000E+00
1.646E+07 4.083E+02 9.390E-02 4.462E-03 4.955E-05 2.195E+03 4.336E-01 2.222E+00 2.000E+00
2.557E+07 4.083E+02 9.390E-02 4.462E-03 4.959E-05 2.194E+03 4.336E-01 2.222E+00 2.000E+00
4.781E+08 3.996E+02 9.440E-02 4.462E-03 4.966E-05 2.216E+03 4.336E-01 2.222E+00 2.000E+00
9.057E+07 5.075E+02 8.854E-02 4.462E-03 4.980E-05 2.176E+03 4.336E-01 2.222E+00 2.000E+00
7.590E+07 5.460E+02 8.664E-02 4.462E-03 5.005E-05 2.374E+03 4.336E-01 2.222E+00 2.000E+00
2.059E+08 2.427E+02 1.038E-01 4.462E-03 5.051E-05 3.884E+03 4.337E-01 2.222E+00 2.000E+00
4.133E+07 3.510E+02 9.729E-02 4.462E-03 5.136E-05 2.393E+03 4.338E-01 2.222E+00 2.000E+00
3.520E+07 3.479E+02 9.748E-02 4.462E-03 5.291E-05 2.408E+03 4.339E-01 2.222E+00 2.000E+00
2.203E+08 3.955E+02 9.465E-02 4.462E-03 5.576E-05 2.228E+03 4.342E-01 2.222E+00 2.000E+00
1.232E+08 4.362E+02 9.234E-02 4.462E-03 6.098E-05 2.155E+03 4.347E-01 2.222E+00 2.000E+00
2.599E+07 3.594E+02 9.683E-02 4.462E-03 7.054E-05 2.361E+03 4.356E-01 2.223E+00 2.000E+00
1.321E+08 3.550E+02 9.715E-02 4.462E-03 8.807E-05 2.380E+03 4.372E-01 2.223E+00 2.000E+00
1.781E+08 4.200E+02 9.339E-02 4.462E-03 1.202E-04 2.214E+03 4.403E-01 2.224E+00 2.000E+00
5.888E+07 3.648E+02 9.680E-02 4.462E-03 1.791E-04 2.367E+03 4.459E-01 2.225E+00 2.000E+00
2.481E+07 3.456E+02 9.830E-02 4.462E-03 2.871E-04 2.481E+03 4.562E-01 2.227E+00 2.000E+00
5.481E+07 4.015E+02 9.534E-02 4.462E-03 4.849E-04 2.817E+03 4.746E-01 2.232E+00 2.000E+00
1.598E+07 2.316E+02 1.081E-01 4.462E-03 8.476E-04 3.644E+03 5.079E-01 2.240E+00 2.000E+00
NAN NAN NAN 4.462E-03 1.512E-03 NAN 5.664E-01 2.256E+00 2.000E+00
NAN NAN NAN 4.462E-03 2.731E-03 NAN 6.637E-01 2.284E+00 2.000E+00
NAN NAN NAN 4.462E-03 4.965E-03 NAN 7.981E-01 2.335E+00 2.000E+00
2.678E+07 3.911E+02 9.490E-02 5.644E-03 4.955E-05 2.261E+03 4.389E-01 2.222E+00 2.000E+00
8.955E+07 3.911E+02 9.490E-02 5.644E-03 4.959E-05 2.261E+03 4.389E-01 2.222E+00 2.000E+00
6.042E+07 3.969E+02 9.456E-02 5.644E-03 4.966E-05 2.246E+03 4.389E-01 2.222E+00 2.000E+00
1.882E+07 4.630E+02 9.086E-02 5.644E-03 4.980E-05 2.176E+03 4.390E-01 2.222E+00 2.000E+00
9.371E+07 5.107E+02 8.838E-02 5.644E-03 5.005E-05 2.277E+03 4.390E-01 2.222E+00 2.000E+00
6.344E+07 2.753E+02 1.019E-01 5.644E-03 5.051E-05 3.089E+03 4.390E-01 2.222E+00 2.000E+00
1.223E+08 5.240E+02 8.772E-02 5.644E-03 5.136E-05 2.435E+03 4.391E-01 2.222E+00 2.000E+00
3.376E+08 2.997E+02 1.004E-01 5.644E-03 5.291E-05 2.777E+03 4.393E-01 2.222E+00 2.000E+00
8.466E+07 4.669E+02 9.066E-02 5.644E-03 5.576E-05 2.185E+03 4.395E-01 2.222E+00 2.000E+00
4.731E+08 2.509E+02 1.034E-01 5.644E-03 6.098E-05 3.604E+03 4.400E-01 2.222E+00 2.000E+00
3.294E+07 5.067E+02 8.862E-02 5.644E-03 7.054E-05 2.312E+03 4.409E-01 2.223E+00 2.000E+00
2.460E+07 5.043E+02 8.877E-02 5.644E-03 8.807E-05 2.350E+03 4.426E-01 2.223E+00 2.000E+00
9.625E+07 2.485E+02 1.038E-01 5.644E-03 1.202E-04 3.616E+03 4.456E-01 2.224E+00 2.000E+00
3.944E+08 2.954E+02 1.012E-01 5.644E-03 1.791E-04 2.808E+03 4.512E-01 2.225E+00 2.000E+00
3.409E+07 3.443E+02 9.839E-02 5.644E-03 2.871E-04 2.515E+03 4.615E-01 2.228E+00 2.000E+00
3.540E+07 3.249E+02 1.003E-01 5.644E-03 4.849E-04 2.712E+03 4.801E-01 2.232E+00 2.000E+00
4.196E+08 2.949E+02 1.035E-01 5.644E-03 8.476E-04 3.378E+03 5.135E-01 2.240E+00 2.000E+00
NAN NAN NAN 5.644E-03 1.512E-03 NAN 5.720E-01 2.256E+00 2.000E+00
NAN NAN NAN 5.644E-03 2.731E-03 NAN 6.696E-01 2.284E+00 2.000E+00
NAN NAN NAN 5.644E-03 4.965E-03 NAN 8.038E-01 2.335E+00 2.000E+00
4.518E+07 2.359E+02 1.042E-01 7.139E-03 4.955E-05 4.187E+03 4.457E-01 2.222E+00 2.000E+00
6.243E+08 2.298E+02 1.046E-01 7.139E-03 4.959E-05 4.499E+03 4.457E-01 2.222E+00 2.000E+00
1.146E+08 3.009E+02 1.004E-01 7.139E-03 4.966E-05 2.780E+03 4.457E-01 2.222E+00 2.000E+00
2.978E+07 3.386E+02 9.806E-02 7.139E-03 4.980E-05 2.617E+03 4.457E-01 2.222E+00 2.000E+00
1.034E+09 4.643E+02 9.080E-02 7.139E-03 5.005E-05 2.248E+03 4.457E-01 2.222E+00 2.000E+00
2.273E+08 5.145E+02 8.820E-02 7.139E-03 5.051E-05 2.490E+03 4.458E-01 2.222E+00 2.000E+00
2.686E+08 3.653E+02 9.645E-02 7.139E-03 5.136E-05 2.374E+03 4.459E-01 2.222E+00 2.000E+00
3.790E+07 3.509E+02 9.732E-02 7.139E-03 5.291E-05 2.435E+03 4.460E-01 2.222E+00 2.000E+00
2.015E+08 3.516E+02 9.729E-02 7.139E-03 5.576E-05 2.433E+03 4.463E-01 2.222E+00 2.000E+00
3.572E+07 2.417E+02 1.040E-01 7.139E-03 6.098E-05 3.907E+03 4.468E-01 2.222E+00 2.000E+00
1.072E+08 2.885E+02 1.012E-01 7.139E-03 7.054E-05 2.941E+03 4.477E-01 2.223E+00 2.000E+00
3.963E+07 4.556E+02 9.135E-02 7.139E-03 8.807E-05 2.290E+03 4.494E-01 2.223E+00 2.000E+00
1.815E+08 4.290E+02 9.289E-02 7.139E-03 1.202E-04 2.305E+03 4.524E-01 2.224E+00 2.000E+00
2.371E+07 2.948E+02 1.012E-01 7.139E-03 1.791E-04 2.834E+03 4.580E-01 2.225E+00 2.000E+00
1.529E+07 4.165E+02 9.399E-02 7.139E-03 2.871E-04 2.573E+03 4.683E-01 2.228E+00 2.000E+00
2.078E+07 3.825E+02 9.654E-02 7.139E-03 4.849E-04 3.051E+03 4.869E-01 2.232E+00 2.000E+00
6.018E+07 2.641E+02 1.058E-01 7.139E-03 8.476E-04 3.445E+03 5.204E-01 2.240E+00 2.000E+00
NAN NAN NAN 7.139E-03 1.512E-03 NAN 5.792E-01 2.256E+00 2.000E+00
NAN NAN NAN 7.139E-03 2.731E-03 NAN 6.770E-01 2.284E+00 2.000E+00
NAN NAN NAN 7.139E-03 4.965E-03 NAN 8.109E-01 2.335E+00 2.000E+00
5.503E+07 4.558E+02 9.126E-02 9.029E-03 4.955E-05 2.346E+03 4.543E-01 2.222E+00 2.000E+00
9.324E+07 4.637E+02 9.084E-02 9.029E-03 4.959E-05 2.365E+03 4.543E-01 2.222E+00 2.000E+00
4.674E+07 4.562E+02 9.124E-02 9.029E-03 4.966E-05 2.343E+03 4.543E-01 2.222E+00 2.000E+00
2.460E+08 4.238E+02 9.304E-02 9.029E-03 4.980E-05 2.307E+03 4.543E-01 2.222E+00 2.000E+00
2.586E+07 3.188E+02 9.929E-02 9.029E-03 5.005E-05 2.653E+03 4.543E-01 2.222E+00 2.000E+00
1.447E+08 3.969E+02 9.459E-02 9.029E-03 5.051E-05 2.334E+03 4.543E-01 2.222E+00 2.000E+00
1.108E+08 3.997E+02 9.443E-02 9.029E-03 5.136E-05 2.331E+03 4.544E-01 2.222E+00 2.000E+00
4.259E+07 4.679E+02 9.062E-02 9.029E-03 5.291E-05 2.389E+03 4.546E-01 2.222E+00 2.000E+00
2.939E+07 3.486E+02 9.748E-02 9.029E-03 5.576E-05 2.481E+03 4.548E-01 2.222E+00 2.000E+00
9.760E+07 4.555E+02 9.130E-02 9.029E-03 6.098E-05 2.363E+03 4.553E-01 2.222E+00 2.000E+00
6.612E+07 3.919E+02 9.493E-02 9.029E-03 7.054E-05 2.355E+03 4.562E-01 2.223E+00 2.000E+00
9.608E+08 4.424E+02 9.208E-02 9.029E-03 8.807E-05 2.379E+03 4.579E-01 2.223E+00 2.000E+00
2.665E+08 4.388E+02 9.235E-02 9.029E-03 1.202E-04 2.431E+03 4.610E-01 2.224E+00 2.000E+00
2.420E+07 3.831E+02 9.573E-02 9.029E-03 1.791E-04 2.458E+03 4.666E-01 2.225E+00 2.000E+00
1.294E+08 3.506E+02 9.802E-02 9.029E-03 2.871E-04 2.607E+03 4.768E-01 2.228E+00 2.000E+00
4.544E+08 3.439E+02 9.903E-02 9.029E-03 4.849E-04 2.925E+03 4.956E-01 2.232E+00 2.000E+00
6.480E+07 2.563E+02 1.064E-01 9.029E-03 8.476E-04 3.630E+03 5.291E-01 2.240E+00 2.000E+00
NAN NAN NAN 9.029E-03 1.512E-03 NAN 5.882E-01 2.256E+00 2.000E+00
NAN NAN NAN 9.029E-03 2.731E-03 NAN 6.864E-01 2.284E+00 2.000E+00
NAN NAN NAN 9.029E-03 4.965E-03 NAN 8.199E-01 2.335E+00 2.000E+00
1.484E+08 2.610E+02 1.029E-01 1.142E-02 4.955E-05 3.393E+03 4.649E-01 2.222E+00 2.000E+00
1.546E+08 2.549E+02 1.032E-01 1.142E-02 4.959E-05 3.531E+03 4.649E-01 2.222E+00 2.000E+00
9.513E+07 4.411E+02 9.208E-02 1.142E-02 4.966E-05 2.519E+03 4.649E-01 2.222E+00 2.000E+00
6.430E+07 3.150E+02 9.955E-02 1.142E-02 4.980E-05 2.719E+03 4.649E-01 2.222E+00 2.000E+00
2.450E+10 3.063E+02 1.001E-01 1.142E-02 5.005E-05 2.795E+03 4.649E-01 2.222E+00 2.000E+00
1.792E+07 2.908E+02 1.010E-01 1.142E-02 5.051E-05 2.945E+03 4.650E-01 2.222E+00 2.000E+00
2.719E+07 4.609E+02 9.100E-02 1.142E-02 5.136E-05 2.610E+03 4.651E-01 2.222E+00 2.000E+00
1.761E+08 3.713E+02 9.612E-02 1.142E-02 5.291E-05 2.457E+03 4.652E-01 2.222E+00 2.000E+00
2.084E+07 3.832E+02 9.542E-02 1.142E-02 5.576E-05 2.436E+03 4.655E-01 2.222E+00 2.000E+00
1.535E+07 3.434E+02 9.784E-02 1.142E-02 6.098E-05 2.559E+03 4.660E-01 2.222E+00 2.000E+00
6.057E+07 4.038E+02 9.425E-02 1.142E-02 7.054E-05 2.434E+03 4.669E-01 2.223E+00 2.000E+00
6.741E+07 4.169E+02 9.353E-02 1.142E-02 8.807E-05 2.474E+03 4.686E-01 2.223E+00 2.000E+00
2.896E+08 3.939E+02 9.495E-02 1.142E-02 1.202E-04 2.496E+03 4.718E-01 2.224E+00 2.000E+00
2.065E+07 4.011E+02 9.467E-02 1.142E-02 1.791E-04 2.613E+03 4.774E-01 2.225E+00 2.000E+00
1.095E+08 2.852E+02 1.023E-01 1.142E-02 2.871E-04 3.023E+03 4.877E-01 2.228E+00 2.000E+00
1.364E+08 3.001E+02 1.020E-01 1.142E-02 4.849E-04 3.060E+03 5.064E-01 2.232E+00 2.000E+00
2.939E+07 2.086E+02 1.099E-01 1.142E-02 8.476E-04 4.444E+03 5.402E-01 2.241E+00 2.000E+00
NAN NAN NAN 1.142E-02 1.512E-03 NAN 5.996E-01 2.256E+00 2.000E+00
NAN NAN NAN 1.142E-02 2.731E-03 NAN 6.982E-01 2.284E+00 2.000E+00
NAN NAN NAN 1.142E-02 4.965E-03 NAN 8.312E-01 2.335E+00 2.000E+00
6.170E+07 3.551E+02 9.711E-02 1.445E-02 4.955E-05 2.590E+03 4.783E-01 2.222E+00 2.000E+00
9.082E+07 3.649E+02 9.652E-02 1.445E-02 4.959E-05 2.568E+03 4.783E-01 2.222E+00 2.000E+00
2.323E+08 3.634E+02 9.661E-02 1.445E-02 4.966E-05 2.571E+03 4.783E-01 2.222E+00 2.000E+00
5.134E+07 3.669E+02 9.640E-02 1.445E-02 4.980E-05 2.564E+03 4.784E-01 2.222E+00 2.000E+00
4.876E+07 3.827E+02 9.546E-02 1.445E-02 5.005E-05 2.549E+03 4.784E-01 2.222E+00 2.000E+00
3.415E+07 3.667E+02 9.641E-02 1.445E-02 5.051E-05 2.565E+03 4.784E-01 2.222E+00 2.000E+00
1.636E+08 3.718E+02 9.611E-02 1.445E-02 5.136E-05 2.558E+03 4.785E-01 2.222E+00 2.000E+00
2.926E+07 2.592E+02 1.030E-01 1.445E-02 5.291E-05 3.456E+03 4.787E-01 2.222E+00 2.000E+00
3.250E+07 3.329E+02 9.849E-02 1.445E-02 5.576E-05 2.676E+03 4.789E-01 2.222E+00 2.000E+00
3.422E+09 3.319E+02 9.857E-02 1.445E-02 6.098E-05 2.690E+03 4.794E-01 2.223E+00 2.000E+00
6.293E+07 4.221E+02 9.321E-02 1.445E-02 7.054E-05 2.722E+03 4.804E-01 2.223E+00 2.000E+00
4.873E+08 2.778E+02 1.020E-01 1.445E-02 8.807E-05 3.147E+03 4.821E-01 2.223E+00 2.000E+00
9.415E+08 3.998E+02 9.462E-02 1.445E-02 1.202E-04 2.731E+03 4.852E-01 2.224E+00 2.000E+00
6.945E+07 3.168E+02 9.989E-02 1.445E-02 1.791E-04 2.842E+03 4.910E-01 2.225E+00 2.000E+00
3.903E+07 3.692E+02 9.690E-02 1.445E-02 2.871E-04 3.116E+03 5.014E-01 2.228E+00 2.000E+00
2.804E+07 3.027E+02 1.018E-01 1.445E-02 4.849E-04 3.293E+03 5.202E-01 2.232E+00 2.000E+00
2.296E+07 2.076E+02 1.100E-01 1.445E-02 8.476E-04 4.628E+03 5.541E-01 2.241E+00 2.000E+00
NAN NAN NAN 1.445E-02 1.512E-03 NAN 6.141E-01 2.256E+00 2.000E+00
NAN NAN NAN 1.445E-02 2.731E-03 NAN 7.133E-01 2.284E+00 2.000E+00
NAN NAN NAN 1.445E-02 4.965E-03 NAN 8.456E-01 2.335E+00 2.000E+00
1.097E+08 2.823E+02 1.017E-01 1.827E-02 4.955E-05 3.149E+03 4.953E-01 2.222E+00 2.000E+00
2.230E+07 3.672E+02 9.641E-02 1.827E-02 4.959E-05 2.753E+03 4.953E-01 2.222E+00 2.000E+00
6.041E+07 3.563E+02 9.707E-02 1.827E-02 4.966E-05 2.745E+03 4.953E-01 2.222E+00 2.000E+00
5.556E+07 3.586E+02 9.693E-02 1.827E-02 4.980E-05 2.746E+03 4.953E-01 2.222E+00 2.000E+00
1.422E+08 3.955E+02 9.472E-02 1.827E-02 5.005E-05 2.906E+03 4.953E-01 2.222E+00 2.000E+00
2.458E+07 2.830E+02 1.016E-01 1.827E-02 5.051E-05 3.141E+03 4.954E-01 2.222E+00 2.000E+00
9.148E+07 2.960E+02 1.008E-01 1.827E-02 5.136E-05 3.010E+03 4.954E-01 2.222E+00 2.000E+00
1.425E+08 2.286E+02 1.049E-01 1.827E-02 5.291E-05 4.485E+03 4.956E-01 2.222E+00 2.000E+00
1.735E+07 3.978E+02 9.460E-02 1.827E-02 5.576E-05 2.945E+03 4.959E-01 2.222E+00 2.000E+00
5.120E+08 3.221E+02 9.922E-02 1.827E-02 6.098E-05 2.842E+03 4.964E-01 2.223E+00 2.000E+00
8.250E+07 3.777E+02 9.583E-02 1.827E-02 7.054E-05 2.832E+03 4.973E-01 2.223E+00 2.000E+00
1.321E+08 3.414E+02 9.810E-02 1.827E-02 8.807E-05 2.811E+03 4.990E-01 2.223E+00 2.000E+00
2.314E+07 2.766E+02 1.023E-01 1.827E-02 1.202E-04 3.228E+03 5.022E-01 2.224E+00 2.000E+00
2.852E+07 2.730E+02 1.027E-01 1.827E-02 1.791E-04 3.286E+03 5.079E-01 2.225E+00 2.000E+00
9.340E+07 2.709E+02 1.033E-01 1.827E-02 2.871E-04 3.357E+03 5.185E-01 2.228E+00 2.000E+00
2.252E+07 2.004E+02 1.086E-01 1.827E-02 4.849E-04 5.417E+03 5.375E-01 2.232E+00 2.000E+00
6.121E+08 2.208E+02 1.092E-01 1.827E-02 8.476E-04 4.949E+03 5.718E-01 2.241E+00 2.000E+00
NAN NAN NAN 1.827E-02 1.512E-03 NAN 6.321E-01 2.256E+00 2.000E+00
NAN NAN NAN 1.827E-02 2.731E-03 NAN 7.322E-01 2.284E+00 2.000E+00
NAN NAN NAN 1.827E-02 4.965E-03 NAN 8.638E-01 2.335E+00 2.000E+00
6.982E+07 2.516E+02 1.036E-01 2.311E-02 4.955E-05 3.800E+03 5.166E-01 2.222E+00 2.000E+00
1.416E+08 2.411E+02 1.042E-01 2.311E-02 4.959E-05 4.013E+03 5.166E-01 2.222E+00 2.000E+00
8.687E+07 3.106E+02 9.995E-02 2.311E-02 4.966E-05 3.070E+03 5.166E-01 2.222E+00 2.000E+00
4.050E+07 2.482E+02 1.038E-01 2.311E-02 4.980E-05 3.817E+03 5.166E-01 2.222E+00 2.000E+00
4.226E+08 2.409E+02 1.042E-01 2.311E-02 5.005E-05 4.019E+03 5.167E-01 2.222E+00 2.000E+00
5.825E+07 3.090E+02 1.001E-01 2.311E-02 5.051E-05 3.081E+03 5.167E-01 2.222E+00 2.000E+00
4.290E+07 3.295E+02 9.877E-02 2.311E-02 5.136E-05 3.058E+03 5.168E-01 2.222E+00 2.000E+00
3.624E+07 2.336E+02 1.047E-01 2.311E-02 5.291E-05 4.271E+03 5.169E-01 2.223E+00 2.000E+00
1.073E+08 3.512E+02 9.744E-02 2.311E-02 5.576E-05 3.127E+03 5.172E-01 2.223E+00 2.000E+00
2.655E+07 3.118E+02 9.991E-02 2.311E-02 6.098E-05 3.080E+03 5.178E-01 2.223E+00 2.000E+00
7.188E+07 2.348E+02 1.047E-01 2.311E-02 7.054E-05 4.213E+03 5.187E-01 2.223E+00 2.000E+00
2.362E+07 2.021E+02 1.065E-01 2.311E-02 8.807E-05 NAN 5.205E-01 2.223E+00 2.000E+00
5.581E+09 2.047E+02 1.066E-01 2.311E-02 1.202E-04 5.955E+03 5.236E-01 2.224E+00 2.000E+00
1.912E+07 2.777E+02 1.025E-01 2.311E-02 1.791E-04 3.402E+03 5.294E-01 2.225E+00 2.000E+00
5.689E+08 2.359E+02 1.056E-01 2.311E-02 2.871E-04 4.081E+03 5.399E-01 2.228E+00 2.000E+00
1.936E+07 2.648E+02 1.045E-01 2.311E-02 4.849E-04 4.282E+03 5.592E-01 2.232E+00 2.000E+00
NAN NAN NAN 2.311E-02 8.476E-04 NAN 5.938E-01 2.241E+00 2.000E+00
NAN NAN NAN 2.311E-02 1.512E-03 NAN 6.548E-01 2.256E+00 2.000E+00
NAN NAN NAN 2.311E-02 2.731E-03 NAN 7.562E-01 2.284E+00 2.000E+00
NAN NAN NAN 2.311E-02 4.965E-03 NAN 8.866E-01 2.335E+00 2.000E+00
1.216E+09 3.247E+02 9.913E-02 2.923E-02 4.955E-05 3.837E+03 5.432E-01 2.223E+00 2.000E+00
5.000E+08 3.206E+02 9.938E-02 2.923E-02 4.959E-05 3.652E+03 5.432E-01 2.223E+00 2.000E+00
2.411E+07 3.236E+02 9.920E-02 2.923E-02 4.966E-05 3.715E+03 5.432E-01 2.223E+00 2.000E+00
2.563E+07 3.195E+02 9.945E-02 2.923E-02 4.980E-05 3.635E+03 5.432E-01 2.223E+00 2.000E+00
5.078E+08 2.116E+02 1.060E-01 2.923E-02 5.005E-05 5.638E+03 5.432E-01 2.223E+00 2.000E+00
1.307E+08 2.236E+02 1.054E-01 2.923E-02 5.051E-05 4.780E+03 5.433E-01 2.223E+00 2.000E+00
9.623E+07 2.105E+02 1.061E-01 2.923E-02 5.136E-05 5.736E+03 5.434E-01 2.223E+00 2.000E+00
4.067E+07 2.592E+02 1.033E-01 2.923E-02 5.291E-05 3.757E+03 5.435E-01 2.223E+00 2.000E+00
4.774E+07 2.162E+02 1.058E-01 2.923E-02 5.576E-05 5.241E+03 5.438E-01 2.223E+00 2.000E+00
9.544E+06 2.382E+02 1.046E-01 2.923E-02 6.098E-05 4.204E+03 5.443E-01 2.223E+00 2.000E+00
3.640E+07 2.154E+02 1.059E-01 2.923E-02 7.054E-05 5.254E+03 5.453E-01 2.223E+00 2.000E+00
1.686E+08 3.101E+02 1.002E-01 2.923E-02 8.807E-05 3.715E+03 5.470E-01 2.223E+00 2.000E+00
7.926E+07 2.478E+02 1.042E-01 2.923E-02 1.202E-04 3.987E+03 5.503E-01 2.224E+00 2.000E+00
9.829E+07 2.915E+02 1.017E-01 2.923E-02 1.791E-04 3.978E+03 5.561E-01 2.226E+00 2.000E+00
4.711E+08 2.307E+02 1.061E-01 2.923E-02 2.871E-04 4.462E+03 5.669E-01 2.228E+00 2.000E+00
1.192E+10 2.073E+02 1.085E-01 2.923E-02 4.849E-04 5.358E+03 5.864E-01 2.233E+00 2.000E+00
NAN NAN NAN 2.923E-02 8.476E-04 NAN 6.215E-01 2.241E+00 2.000E+00
NAN NAN NAN 2.923E-02 1.512E-03 NAN 6.836E-01 2.256E+00 2.000E+00
NAN NAN NAN 2.923E-02 2.731E-03 NAN 7.864E-01 2.284E+00 2.000E+00
NAN NAN NAN 2.923E-02 4.965E-03 NAN 9.146E-01 2.335E+00 2.000E+00
2.955E+07 2.622E+02 1.032E-01 3.697E-02 4.955E-05 4.240E+03 5.764E-01 2.223E+00 2.000E+00
1.093E+08 2.522E+02 1.038E-01 3.697E-02 4.959E-05 4.282E+03 5.764E-01 2.223E+00 2.000E+00
2.472E+07 2.574E+02 1.035E-01 3.697E-02 4.966E-05 4.249E+03 5.764E-01 2.223E+00 2.000E+00
7.925E+07 2.477E+02 1.041E-01 3.697E-02 4.980E-05 4.363E+03 5.764E-01 2.223E+00 2.000E+00
1.884E+08 2.431E+02 1.044E-01 3.697E-02 5.005E-05 4.398E+03 5.765E-01 2.223E+00 2.000E+00
2.831E+07 2.329E+02 1.050E-01 3.697E-02 5.051E-05 4.678E+03 5.765E-01 2.223E+00 2.000E+00
3.698E+07 2.659E+02 1.030E-01 3.697E-02 5.136E-05 4.259E+03 5.766E-01 2.223E+00 2.000E+00
1.634E+08 2.737E+02 1.025E-01 3.697E-02 5.291E-05 4.355E+03 5.768E-01 2.223E+00 2.000E+00
4.038E+07 2.210E+02 1.057E-01 3.697E-02 5.576E-05 5.053E+03 5.770E-01 2.223E+00 2.000E+00
4.298E+08 2.022E+02 1.068E-01 3.697E-02 6.098E-05 6.539E+03 5.776E-01 2.223E+00 2.000E+00
4.042E+07 2.299E+02 1.053E-01 3.697E-02 7.054E-05 4.722E+03 5.786E-01 2.223E+00 2.000E+00
1.828E+08 2.320E+02 1.052E-01 3.697E-02 8.807E-05 5.010E+03 5.803E-01 2.224E+00 2.000E+00
1.643E+07 2.390E+02 1.049E-01 3.697E-02 1.202E-04 4.599E+03 5.836E-01 2.224E+00 2.000E+00
2.009E+07 2.437E+02 1.049E-01 3.697E-02 1.791E-04 4.802E+03 5.896E-01 2.226E+00 2.000E+00
1.629E+08 2.240E+02 1.066E-01 3.697E-02 2.871E-04 5.383E+03 6.006E-01 2.228E+00 2.000E+00
NAN NAN NAN 3.697E-02 4.849E-04 NAN 6.203E-01 2.233E+00 2.000E+00
NAN NAN NAN 3.697E-02 8.476E-04 NAN 6.561E-01 2.241E+00 2.000E+00
NAN NAN NAN 3.697E-02 1.512E-03 NAN 7.193E-01 2.256E+00 2.000E+00
NAN NAN NAN 3.697E-02 2.731E-03 NAN 8.244E-01 2.284E+00 2.000E+00
NAN NAN NAN 3.697E-02 4.965E-03 NAN 9.490E-01 2.336E+00 2.000E+00
1.921E+08 2.217E+02 1.058E-01 4.677E-02 4.955E-05 5.812E+03 6.177E-01 2.223E+00 2.000E+00
5.108E+08 2.260E+02 1.056E-01 4.677E-02 4.959E-05 5.802E+03 6.177E-01 2.223E+00 2.000E+00
1.568E+07 2.255E+02 1.056E-01 4.677E-02 4.966E-05 5.800E+03 6.177E-01 2.223E+00 2.000E+00
4.428E+07 2.078E+02 1.066E-01 4.677E-02 4.980E-05 6.281E+03 6.177E-01 2.223E+00 2.000E+00
3.550E+07 2.180E+02 1.061E-01 4.677E-02 5.005E-05 5.874E+03 6.177E-01 2.223E+00 2.000E+00
8.646E+06 2.200E+02 1.060E-01 4.677E-02 5.051E-05 5.840E+03 6.178E-01 2.223E+00 2.000E+00
5.096E+07 2.209E+02 1.059E-01 4.677E-02 5.136E-05 5.831E+03 6.178E-01 2.223E+00 2.000E+00
5.615E+07 2.161E+02 1.062E-01 4.677E-02 5.291E-05 5.934E+03 6.180E-01 2.223E+00 2.000E+00
2.910E+07 2.082E+02 1.067E-01 4.677E-02 5.576E-05 6.266E+03 6.183E-01 2.223E+00 2.000E+00
2.655E+07 2.129E+02 1.064E-01 4.677E-02 6.098E-05 6.062E+03 6.188E-01 2.223E+00 2.000E+00
1.196E+07 2.160E+02 1.063E-01 4.677E-02 7.054E-05 6.014E+03 6.198E-01 2.223E+00 2.000E+00
4.398E+07 2.178E+02 1.063E-01 4.677E-02 8.807E-05 6.097E+03 6.217E-01 2.224E+00 2.000E+00
1.015E+08 2.036E+02 1.073E-01 4.677E-02 1.202E-04 6.655E+03 6.250E-01 2.225E+00 2.000E+00
2.506E+07 2.011E+02 1.077E-01 4.677E-02 1.791E-04 7.035E+03 6.311E-01 2.226E+00 2.000E+00
NAN NAN NAN 4.677E-02 2.871E-04 NAN 6.423E-01 2.228E+00 2.000E+00
NAN NAN NAN 4.677E-02 4.849E-04 NAN 6.625E-01 2.233E+00 2.000E+00
NAN NAN NAN 4.677E-02 8.476E-04 NAN 6.991E-01 2.241E+00 2.000E+00
NAN NAN NAN 4.677E-02 1.512E-03 NAN 7.640E-01 2.257E+00 2.000E+00
NAN NAN NAN 4.677E-02 2.731E-03 NAN 8.724E-01 2.285E+00 2.000E+00
NAN NAN NAN 4.677E-02 4.965E-03 NAN 9.880E-01 2.336E+00 2.000E+00
NAN NAN NAN 5.915E-02 4.955E-05 NAN 6.684E-01 2.223E+00 3.000E+00
NAN NAN NAN 5.915E-02 4.959E-05 NAN 6.684E-01 2.223E+00 3.000E+00
NAN NAN NAN 5.915E-02 4.966E-05 NAN 6.684E-01 2.223E+00 3.000E+00
NAN NAN NAN 5.915E-02 4.980E-05 NAN 6.684E-01 2.223E+00 3.000E+00
NAN NAN NAN 5.915E-02 5.005E-05 NAN 6.685E-01 2.223E+00 3.000E+00
NAN NAN NAN 5.915E-02 5.051E-05 NAN 6.685E-01 2.223E+00 3.000E+00
NAN NAN NAN 5.915E-02 5.136E-05 NAN 6.686E-01 2.223E+00 3.000E+00
NAN NAN NAN 5.915E-02 5.291E-05 NAN 6.688E-01 2.223E+00 3.000E+00
NAN NAN NAN 5.915E-02 5.576E-05 NAN 6.691E-01 2.223E+00 3.000E+00
NAN NAN NAN 5.915E-02 6.098E-05 NAN 6.696E-01 2.224E+00 3.000E+00
NAN NAN NAN 5.915E-02 7.054E-05 NAN 6.706E-01 2.224E+00 3.000E+00
NAN NAN NAN 5.915E-02 8.807E-05 NAN 6.725E-01 2.224E+00 3.000E+00
NAN NAN NAN 5.915E-02 1.202E-04 NAN 6.759E-01 2.225E+00 3.000E+00
NAN NAN NAN 5.915E-02 1.791E-04 NAN 6.821E-01 2.226E+00 3.000E+00
NAN NAN NAN 5.915E-02 2.871E-04 NAN 6.935E-01 2.229E+00 3.000E+00
NAN NAN NAN 5.915E-02 4.849E-04 NAN 7.144E-01 2.233E+00 3.000E+00
NAN NAN NAN 5.915E-02 8.476E-04 NAN 7.521E-01 2.242E+00 3.000E+00
NAN NAN NAN 5.915E-02 1.512E-03 NAN 8.193E-01 2.257E+00 3.000E+00
NAN NAN NAN 5.915E-02 2.731E-03 NAN 9.323E-01 2.285E+00 3.000E+00
NAN NAN NAN 5.915E-02 4.965E-03 NAN 1.000E+00 2.336E+00 0.000E+00
NAN NAN NAN 7.482E-02 4.955E-05 NAN 7.299E-01 2.224E+00 3.000E+00
NAN NAN NAN 7.482E-02 4.959E-05 NAN 7.299E-01 2.224E+00 3.000E+00
NAN NAN NAN 7.482E-02 4.966E-05 NAN 7.299E-01 2.224E+00 3.000E+00
NAN NAN NAN 7.482E-02 4.980E-05 NAN 7.300E-01 2.224E+00 3.000E+00
NAN NAN NAN 7.482E-02 5.005E-05 NAN 7.300E-01 2.224E+00 3.000E+00
NAN NAN NAN 7.482E-02 5.051E-05 NAN 7.300E-01 2.224E+00 3.000E+00
NAN NAN NAN 7.482E-02 5.136E-05 NAN 7.301E-01 2.224E+00 3.000E+00
NAN NAN NAN 7.482E-02 5.291E-05 NAN 7.303E-01 2.224E+00 3.000E+00
NAN NAN NAN 7.482E-02 5.576E-05 NAN 7.306E-01 2.224E+00 3.000E+00
NAN NAN NAN 7.482E-02 6.098E-05 NAN 7.312E-01 2.224E+00 3.000E+00
NAN NAN NAN 7.482E-02 7.054E-05 NAN 7.322E-01 2.224E+00 3.000E+00
NAN NAN NAN 7.482E-02 8.807E-05 NAN 7.342E-01 2.225E+00 3.000E+00
NAN NAN NAN 7.482E-02 1.202E-04 NAN 7.377E-01 2.225E+00 3.000E+00
NAN NAN NAN 7.482E-02 1.791E-04 NAN 7.441E-01 2.227E+00 3.000E+00
NAN NAN NAN 7.482E-02 2.871E-04 NAN 7.559E-01 2.229E+00 3.000E+00
NAN NAN NAN 7.482E-02 4.849E-04 NAN 7.774E-01 2.234E+00 3.000E+00
NAN NAN NAN 7.482E-02 8.476E-04 NAN 8.164E-01 2.242E+00 3.000E+00
NAN NAN NAN 7.482E-02 1.512E-03 NAN 8.864E-01 2.257E+00 3.000E+00
NAN NAN NAN 7.482E-02 2.731E-03 NAN 1.000E+00 2.285E+00 3.000E+00
NAN NAN NAN 7.482E-02 4.965E-03 NAN 1.000E+00 2.336E+00 0.000E+00
NAN NAN NAN 9.464E-02 4.955E-05 NAN 8.034E-01 2.224E+00 3.000E+00
NAN NAN NAN 9.464E-02 4.959E-05 NAN 8.034E-01 2.224E+00 3.000E+00
NAN NAN NAN 9.464E-02 4.966E-05 NAN 8.034E-01 2.224E+00 3.000E+00
NAN NAN NAN 9.464E-02 4.980E-05 NAN 8.034E-01 2.224E+00 3.000E+00
NAN NAN NAN 9.464E-02 5.005E-05 NAN 8.034E-01 2.224E+00 3.000E+00
NAN NAN NAN 9.464E-02 5.051E-05 NAN 8.035E-01 2.224E+00 3.000E+00
NAN NAN NAN 9.464E-02 5.136E-05 NAN 8.036E-01 2.224E+00 3.000E+00
NAN NAN NAN 9.464E-02 5.291E-05 NAN 8.038E-01 2.224E+00 3.000E+00
NAN NAN NAN 9.464E-02 5.576E-05 NAN 8.041E-01 2.224E+00 3.000E+00
NAN NAN NAN 9.464E-02 6.098E-05 NAN 8.047E-01 2.224E+00 3.000E+00
NAN NAN NAN 9.464E-02 7.054E-05 NAN 8.058E-01 2.225E+00 3.000E+00
NAN NAN NAN 9.464E-02 8.807E-05 NAN 8.077E-01 2.225E+00 3.000E+00
NAN NAN NAN 9.464E-02 1.202E-04 NAN 8.114E-01 2.226E+00 3.000E+00
NAN NAN NAN 9.464E-02 1.791E-04 NAN 8.180E-01 2.227E+00 3.000E+00
NAN NAN NAN 9.464E-02 2.871E-04 NAN 8.302E-01 2.230E+00 3.000E+00
NAN NAN NAN 9.464E-02 4.849E-04 NAN 8.524E-01 2.234E+00 3.000E+00
NAN NAN NAN 9.464E-02 8.476E-04 NAN 8.929E-01 2.242E+00 3.000E+00
NAN NAN NAN 9.464E-02 1.512E-03 NAN 9.662E-01 2.258E+00 3.000E+00
NAN NAN NAN 9.464E-02 2.731E-03 NAN 1.000E+00 2.286E+00 3.000E+00
NAN NAN NAN 9.464E-02 4.965E-03 NAN 1.000E+00 2.337E+00 0.000E+00
NAN NAN NAN 1.197E-01 4.955E-05 NAN 8.889E-01 2.225E+00 3.000E+00
NAN NAN NAN 1.197E-01 4.959E-05 NAN 8.889E-01 2.225E+00 3.000E+00
NAN NAN NAN 1.197E-01 4.966E-05 NAN 8.889E-01 2.225E+00 3.000E+00
NAN NAN NAN 1.197E-01 4.980E-05 NAN 8.889E-01 2.225E+00 3.000E+00
NAN NAN NAN 1.197E-01 5.005E-05 NAN 8.889E-01 2.225E+00 3.000E+00
NAN NAN NAN 1.197E-01 5.051E-05 NAN 8.890E-01 2.225E+00 3.000E+00
NAN NAN NAN 1.197E-01 5.136E-05 NAN 8.891E-01 2.225E+00 3.000E+00
NAN NAN NAN 1.197E-01 5.291E-05 NAN 8.893E-01 2.225E+00 3.000E+00
NAN NAN NAN 1.197E-01 5.576E-05 NAN 8.896E-01 2.225E+00 3.000E+00
NAN NAN NAN 1.197E-01 6.098E-05 NAN 8.902E-01 2.225E+00 3.000E+00
NAN NAN NAN 1.197E-01 7.054E-05 NAN 8.913E-01 2.225E+00 3.000E+00
NAN NAN NAN 1.197E-01 8.807E-05 NAN 8.933E-01 2.226E+00 3.000E+00
NAN NAN NAN 1.197E-01 1.202E-04 NAN 8.971E-01 2.226E+00 3.000E+00
NAN NAN NAN 1.197E-01 1.791E-04 NAN 9.040E-01 2.228E+00 3.000E+00
NAN NAN NAN 1.197E-01 2.871E-04 NAN 9.165E-01 2.230E+00 3.000E+00
NAN NAN NAN 1.197E-01 4.849E-04 NAN 9.394E-01 2.235E+00 3.000E+00
NAN NAN NAN 1.197E-01 8.476E-04 NAN 9.815E-01 2.243E+00 3.000E+00
NAN NAN NAN 1.197E-01 1.512E-03 NAN 1.000E+00 2.258E+00 3.000E+00
NAN NAN NAN 1.197E-01 2.731E-03 NAN 1.000E+00 2.286E+00 3.000E+00
NAN NAN NAN 1.197E-01 4.965E-03 NAN 1.000E+00 2.337E+00 0.000E+00
NAN NAN NAN 1.514E-01 4.955E-05 NAN 9.856E-01 2.225E+00 3.000E+00
NAN NAN NAN 1.514E-01 4.959E-05 NAN 9.856E-01 2.225E+00 3.000E+00
NAN NAN NAN 1.514E-01 4.966E-05 NAN 9.856E-01 2.225E+00 3.000E+00
NAN NAN NAN 1.514E-01 4.980E-05 NAN 9.856E-01 2.225E+00 3.000E+00
NAN NAN NAN 1.514E-01 5.005E-05 NAN 9.857E-01 2.225E+00 3.000E+00
NAN NAN NAN 1.514E-01 5.051E-05 NAN 9.857E-01 2.225E+00 3.000E+00
NAN NAN NAN 1.514E-01 5.136E-05 NAN 9.858E-01 2.225E+00 3.000E+00
NAN NAN NAN 1.514E-01 5.291E-05 NAN 9.860E-01 2.225E+00 3.000E+00
NAN NAN NAN 1.514E-01 5.576E-05 NAN 9.864E-01 2.226E+00 3.000E+00
NAN NAN NAN 1.514E-01 6.098E-05 NAN 9.870E-01 2.226E+00 3.000E+00
NAN NAN NAN 1.514E-01 7.054E-05 NAN 9.881E-01 2.226E+00 3.000E+00
NAN NAN NAN 1.514E-01 8.807E-05 NAN 9.902E-01 2.226E+00 3.000E+00
NAN NAN NAN 1.514E-01 1.202E-04 NAN 9.940E-01 2.227E+00 3.000E+00
NAN NAN NAN 1.514E-01 1.791E-04 NAN 1.000E+00 2.228E+00 3.000E+00
NAN NAN NAN 1.514E-01 2.871E-04 NAN 1.000E+00 2.231E+00 3.000E+00
NAN NAN NAN 1.514E-01 4.849E-04 NAN 1.000E+00 2.235E+00 3.000E+00
NAN NAN NAN 1.514E-01 8.476E-04 NAN 1.000E+00 2.244E+00 3.000E+00
NAN NAN NAN 1.514E-01 1.512E-03 NAN 1.000E+00 2.259E+00 3.000E+00
NAN NAN NAN 1.514E-01 2.731E-03 NAN 1.000E+00 2.287E+00 3.000E+00
NAN NAN NAN 1.514E-01 4.965E-03 NAN 1.000E+00 2.338E+00 3.000E+00
NAN NAN NAN 1.915E-01 4.955E-05 NAN 1.000E+00 2.226E+00 3.000E+00
NAN NAN NAN 1.915E-01 4.959E-05 NAN 1.000E+00 2.226E+00 3.000E+00
NAN NAN NAN 1.915E-01 4.966E-05 NAN 1.000E+00 2.226E+00 3.000E+00
NAN NAN NAN 1.915E-01 4.980E-05 NAN 1.000E+00 2.226E+00 3.000E+00
NAN NAN NAN 1.915E-01 5.005E-05 NAN 1.000E+00 2.226E+00 3.000E+00
NAN NAN NAN 1.915E-01 5.051E-05 NAN 1.000E+00 2.226E+00 3.000E+00
NAN NAN NAN 1.915E-01 5.136E-05 NAN 1.000E+00 2.226E+00 3.000E+00
NAN NAN NAN 1.915E-01 5.291E-05 NAN 1.000E+00 2.226E+00 3.000E+00
NAN NAN NAN 1.915E-01 5.576E-05 NAN 1.000E+00 2.226E+00 3.000E+00
NAN NAN NAN 1.915E-01 6.098E-05 NAN 1.000E+00 2.227E+00 3.000E+00
NAN NAN NAN 1.915E-01 7.054E-05 NAN 1.000E+00 2.227E+00 3.000E+00
NAN NAN NAN 1.915E-01 8.807E-05 NAN 1.000E+00 2.227E+00 3.000E+00
NAN NAN NAN 1.915E-01 1.202E-04 NAN 1.000E+00 2.228E+00 3.000E+00
NAN NAN NAN 1.915E-01 1.791E-04 NAN 1.000E+00 2.229E+00 3.000E+00
NAN NAN NAN 1.915E-01 2.871E-04 NAN 1.000E+00 2.232E+00 3.000E+00
NAN NAN NAN 1.915E-01 4.849E-04 NAN 1.000E+00 2.236E+00 3.000E+00
NAN NAN NAN 1.915E-01 8.476E-04 NAN 1.000E+00 2.245E+00 3.000E+00
NAN NAN NAN 1.915E-01 1.512E-03 NAN 1.000E+00 2.260E+00 3.000E+00
NAN NAN NAN 1.915E-01 2.731E-03 NAN 1.000E+00 2.288E+00 3.000E+00
NAN NAN NAN 1.915E-01 4.965E-03 NAN 1.000E+00 2.339E+00 3.000E+00
NAN NAN NAN 2.422E-01 4.955E-05 NAN 1.000E+00 2.227E+00 3.000E+00
NAN NAN NAN 2.422E-01 4.959E-05 NAN 1.000E+00 2.227E+00 3.000E+00
NAN NAN NAN 2.422E-01 4.966E-05 NAN 1.000E+00 2.227E+00 3.000E+00
NAN NAN NAN 2.422E-01 4.980E-05 NAN 1.000E+00 2.227E+00 3.000E+00
NAN NAN NAN 2.422E-01 5.005E-05 NAN 1.000E+00 2.227E+00 3.000E+00
NAN NAN NAN 2.422E-01 5.051E-05 NAN 1.000E+00 2.228E+00 3.000E+00
NAN NAN NAN 2.422E-01 5.136E-05 NAN 1.000E+00 2.228E+00 3.000E+00
NAN NAN NAN 2.422E-01 5.291E-05 NAN 1.000E+00 2.228E+00 3.000E+00
NAN NAN NAN 2.422E-01 5.576E-05 NAN 1.000E+00 2.228E+00 3.000E+00
NAN NAN NAN 2.422E-01 6.098E-05 NAN 1.000E+00 2.228E+00 3.000E+00
NAN NAN NAN 2.422E-01 7.054E-05 NAN 1.000E+00 2.228E+00 3.000E+00
NAN NAN NAN 2.422E-01 8.807E-05 NAN 1.000E+00 2.228E+00 3.000E+00
NAN NAN NAN 2.422E-01 1.202E-04 NAN 1.000E+00 2.229E+00 3.000E+00
NAN NAN NAN 2.422E-01 1.791E-04 NAN 1.000E+00 2.230E+00 3.000E+00
NAN NAN NAN 2.422E-01 2.871E-04 NAN 1.000E+00 2.233E+00 3.000E+00
NAN NAN NAN 2.422E-01 4.849E-04 NAN 1.000E+00 2.237E+00 3.000E+00
NAN NAN NAN 2.422E-01 8.476E-04 NAN 1.000E+00 2.246E+00 3.000E+00
NAN NAN NAN 2.422E-01 1.512E-03 NAN 1.000E+00 2.261E+00 3.000E+00
NAN NAN NAN 2.422E-01 2.731E-03 NAN 1.000E+00 2.289E+00 3.000E+00
NAN NAN NAN 2.422E-01 4.965E-03 NAN 1.000E+00 2.340E+00 3.000E+00
NAN NAN NAN 3.064E-01 4.955E-05 NAN 1.000E+00 2.229E+00 3.000E+00
NAN NAN NAN 3.064E-01 4.959E-05 NAN 1.000E+00 2.229E+00 3.000E+00
NAN NAN NAN 3.064E-01 4.966E-05 NAN 1.000E+00 2.229E+00 3.000E+00
NAN NAN NAN 3.064E-01 4.980E-05 NAN 1.000E+00 2.229E+00 3.000E+00
NAN NAN NAN 3.064E-01 5.005E-05 NAN 1.000E+00 2.229E+00 3.000E+00
NAN NAN NAN 3.064E-01 5.051E-05 NAN 1.000E+00 2.229E+00 3.000E+00
NAN NAN NAN 3.064E-01 5.136E-05 NAN 1.000E+00 2.229E+00 3.000E+00
NAN NAN NAN 3.064E-01 5.291E-05 NAN 1.000E+00 2.229E+00 3.000E+00
NAN NAN NAN 3.064E-01 5.576E-05 NAN 1.000E+00 2.229E+00 3.000E+00
NAN NAN NAN 3.064E-01 6.098E-05 NAN 1.000E+00 2.229E+00 3.000E+00
NAN NAN NAN 3.064E-01 7.054E-05 NAN 1.000E+00 2.229E+00 3.000E+00
NAN NAN NAN 3.064E-01 8.807E-05 NAN 1.000E+00 2.230E+00 3.000E+00
NAN NAN NAN 3.064E-01 1.202E-04 NAN 1.000E+00 2.231E+00 3.000E+00
NAN NAN NAN 3.064E-01 1.791E-04 NAN 1.000E+00 2.232E+00 3.000E+00
NAN NAN NAN 3.064E-01 2.871E-04 NAN 1.000E+00 2.234E+00 3.000E+00
NAN NAN NAN 3.064E-01 4.849E-04 NAN 1.000E+00 2.239E+00 3.000E+00
NAN NAN NAN 3.064E-01 8.476E-04 NAN 1.000E+00 2.247E+00 3.000E+00
NAN NAN NAN 3.064E-01 1.512E-03 NAN 1.000E+00 2.263E+00 3.000E+00
NAN NAN NAN 3.064E-01 2.731E-03 NAN 1.000E+00 2.290E+00 3.000E+00
NAN NAN NAN 3.064E-01 4.965E-03 NAN 1.000E+00 2.342E+00 3.000E+00
NAN NAN NAN 3.875E-01 4.955E-05 NAN 1.000E+00 2.430E+00 3.000E+00
NAN NAN NAN 3.875E-01 4.959E-05 NAN 1.000E+00 2.430E+00 3.000E+00
NAN NAN NAN 3.875E-01 4.966E-05 NAN 1.000E+00 2.430E+00 3.000E+00
NAN NAN NAN 3.875E-01 4.980E-05 NAN 1.000E+00 2.430E+00 3.000E+00
NAN NAN NAN 3.875E-01 5.005E-05 NAN 1.000E+00 2.430E+00 3.000E+00
NAN NAN NAN 3.875E-01 5.051E-05 NAN 1.000E+00 2.430E+00 3.000E+00
NAN NAN NAN 3.875E-01 5.136E-05 NAN 1.000E+00 2.430E+00 3.000E+00
NAN NAN NAN 3.875E-01 5.291E-05 NAN 1.000E+00 2.430E+00 3.000E+00
NAN NAN NAN 3.875E-01 5.576E-05 NAN 1.000E+00 2.430E+00 3.000E+00
NAN NAN NAN 3.875E-01 6.098E-05 NAN 1.000E+00 2.430E+00 3.000E+00
NAN NAN NAN 3.875E-01 7.054E-05 NAN 1.000E+00 2.431E+00 3.000E+00
NAN NAN NAN 3.875E-01 8.807E-05 NAN 1.000E+00 2.432E+00 3.000E+00
NAN NAN NAN 3.875E-01 1.202E-04 NAN 1.000E+00 2.434E+00 3.000E+00
NAN NAN NAN 3.875E-01 1.791E-04 NAN 1.000E+00 2.437E+00 3.000E+00
NAN NAN NAN 3.875E-01 2.871E-04 NAN 1.000E+00 2.443E+00 3.000E+00
NAN NAN NAN 3.875E-01 4.849E-04 NAN 1.000E+00 2.454E+00 3.000E+00
NAN NAN NAN 3.875E-01 8.476E-04 NAN 1.000E+00 2.473E+00 3.000E+00
NAN NAN NAN 3.875E-01 1.512E-03 NAN 1.000E+00 2.512E+00 3.000E+00
NAN NAN NAN 3.875E-01 2.731E-03 NAN 1.000E+00 2.585E+00 3.000E+00
NAN NAN NAN 3.875E-01 4.965E-03 NAN 1.000E+00 2.732E+00 3.000E+00
NAN NAN NAN 4.902E-01 4.955E-05 NAN 1.000E+00 2.938E+00 3.000E+00
NAN NAN NAN 4.902E-01 4.959E-05 NAN 1.000E+00 2.938E+00 3.000E+00
NAN NAN NAN 4.902E-01 4.966E-05 NAN 1.000E+00 2.938E+00 3.000E+00
NAN NAN NAN 4.902E-01 4.980E-05 NAN 1.000E+00 2.938E+00 3.000E+00
NAN NAN NAN 4.902E-01 5.005E-05 NAN 1.000E+00 2.938E+00 3.000E+00
NAN NAN NAN 4.902E-01 5.051E-05 NAN 1.000E+00 2.938E+00 3.000E+00
NAN NAN NAN 4.902E-01 5.136E-05 NAN 1.000E+00 2.939E+00 3.000E+00
NAN NAN NAN 4.902E-01 5.291E-05 NAN 1.000E+00 2.939E+00 3.000E+00
NAN NAN NAN 4.902E-01 5.576E-05 NAN 1.000E+00 2.939E+00 3.000E+00
NAN NAN NAN 4.902E-01 6.098E-05 NAN 1.000E+00 2.939E+00 3.000E+00
NAN NAN NAN 4.902E-01 7.054E-05 NAN 1.000E+00 2.940E+00 3.000E+00
NAN NAN NAN 4.902E-01 8.807E-05 NAN 1.000E+00 2.941E+00 3.000E+00
NAN NAN NAN 4.902E-01 1.202E-04 NAN 1.000E+00 2.942E+00 3.000E+00
NAN NAN NAN 4.902E-01 1.791E-04 NAN 1.000E+00 2.945E+00 3.000E+00
NAN NAN NAN 4.902E-01 2.871E-04 NAN 1.000E+00 2.951E+00 3.000E+00
NAN NAN NAN 4.902E-01 4.849E-04 NAN 1.000E+00 2.963E+00 3.000E+00
NAN NAN NAN 4.902E-01 8.476E-04 NAN 1.000E+00 2.985E+00 3.000E+00
NAN NAN NAN 4.902E-01 1.512E-03 NAN 1.000E+00 3.024E+00 3.000E+00
NAN NAN NAN 4.902E-01 2.731E-03 NAN 1.000E+00 3.098E+00 3.000E+00
NAN NAN NAN 4.902E-01 4.965E-03 NAN 1.000E+00 3.245E+00 3.000E+00
NAN NAN NAN 6.200E-01 4.955E-05 NAN 1.000E+00 3.585E+00 3.000E+00
NAN NAN NAN 6.200E-01 4.959E-05 NAN 1.000E+00 3.585E+00 3.000E+00
NAN NAN NAN 6.200E-01 4.966E-05 NAN 1.000E+00 3.585E+00 3.000E+00
NAN NAN NAN 6.200E-01 4.980E-05 NAN 1.000E+00 3.585E+00 3.000E+00
NAN NAN NAN 6.200E-01 5.005E-05 NAN 1.000E+00 3.585E+00 3.000E+00
NAN NAN NAN 6.200E-01 5.051E-05 NAN 1.000E+00 3.585E+00 3.000E+00
NAN NAN NAN 6.200E-01 5.136E-05 NAN 1.000E+00 3.585E+00 3.000E+00
NAN NAN NAN 6.200E-01 5.291E-05 NAN 1.000E+00 3.585E+00 3.000E+00
NAN NAN NAN 6.200E-01 5.576E-05 NAN 1.000E+00 3.585E+00 3.000E+00
NAN NAN NAN 6.200E-01 6.098E-05 NAN 1.000E+00 3.586E+00 3.000E+00
NAN NAN NAN 6.200E-01 7.054E-05 NAN 1.000E+00 3.586E+00 3.000E+00
NAN NAN NAN 6.200E-01 8.807E-05 NAN 1.000E+00 3.587E+00 3.000E+00
NAN NAN NAN 6.200E-01 1.202E-04 NAN 1.000E+00 3.589E+00 3.000E+00
NAN NAN NAN 6.200E-01 1.791E-04 NAN 1.000E+00 3.593E+00 3.000E+00
NAN NAN NAN 6.200E-01 2.871E-04 NAN 1.000E+00 3.599E+00 3.000E+00
NAN NAN NAN 6.200E-01 4.849E-04 NAN 1.000E+00 3.611E+00 3.000E+00
NAN NAN NAN 6.200E-01 8.476E-04 NAN 1.000E+00 3.633E+00 3.000E+00
NAN NAN NAN 6.200E-01 1.512E-03 NAN 1.000E+00 3.673E+00 3.000E+00
NAN NAN NAN 6.200E-01 2.731E-03 NAN 1.000E+00 3.748E+00 3.000E+00
NAN NAN NAN 6.200E-01 4.965E-03 NAN 1.000E+00 3.893E+00 3.000E+00
NAN NAN NAN 7.842E-01 4.955E-05 NAN 1.000E+00 4.405E+00 3.000E+00
NAN NAN NAN 7.842E-01 4.959E-05 NAN 1.000E+00 4.405E+00 3.000E+00
NAN NAN NAN 7.842E-01 4.966E-05 NAN 1.000E+00 4.405E+00 3.000E+00
NAN NAN NAN 7.842E-01 4.980E-05 NAN 1.000E+00 4.405E+00 3.000E+00
NAN NAN NAN 7.842E-01 5.005E-05 NAN 1.000E+00 4.405E+00 3.000E+00
NAN NAN NAN 7.842E-01 5.051E-05 NAN 1.000E+00 4.405E+00 3.000E+00
NAN NAN NAN 7.842E-01 5.136E-05 NAN 1.000E+00 4.405E+00 3.000E+00
NAN NAN NAN 7.842E-01 5.291E-05 NAN 1.000E+00 4.405E+00 3.000E+00
NAN NAN NAN 7.842E-01 5.576E-05 NAN 1.000E+00 4.405E+00 3.000E+00
NAN NAN NAN 7.842E-01 6.098E-05 NAN 1.000E+00 4.406E+00 3.000E+00
NAN NAN NAN 7.842E-01 7.054E-05 NAN 1.000E+00 4.406E+00 3.000E+00
NAN NAN NAN 7.842E-01 8.807E-05 NAN 1.000E+00 4.407E+00 3.000E+00
NAN NAN NAN 7.842E-01 1.202E-04 NAN 1.000E+00 4.409E+00 3.000E+00
NAN NAN NAN 7.842E-01 1.791E-04 NAN 1.000E+00 4.413E+00 3.000E+00
NAN NAN NAN 7.842E-01 2.871E-04 NAN 1.000E+00 4.419E+00 3.000E+00
NAN NAN NAN 7.842E-01 4.849E-04 NAN 1.000E+00 4.431E+00 3.000E+00
NAN NAN NAN 7.842E-01 8.476E-04 NAN 1.000E+00 4.453E+00 3.000E+00
NAN NAN NAN 7.842E-01 1.512E-03 NAN 1.000E+00 4.493E+00 3.000E+00
NAN NAN NAN 7.842E-01 2.731E-03 NAN 1.000E+00 4.570E+00 3.000E+00
NAN NAN NAN 7.842E-01 4.965E-03 NAN 1.000E+00 4.715E+00 3.000E+00
NAN NAN NAN 9.919E-01 4.955E-05 NAN 1.000E+00 5.442E+00 3.000E+00
NAN NAN NAN 9.919E-01 4.959E-05 NAN 1.000E+00 5.442E+00 3.000E+00
NAN NAN NAN 9.919E-01 4.966E-05 NAN 1.000E+00 5.442E+00 3.000E+00
NAN NAN NAN 9.919E-01 4.980E-05 NAN 1.000E+00 5.442E+00 3.000E+00
NAN NAN NAN 9.919E-01 5.005E-05 NAN 1.000E+00 5.442E+00 3.000E+00
NAN NAN NAN 9.919E-01 5.051E-05 NAN 1.000E+00 5.442E+00 3.000E+00
NAN NAN NAN 9.919E-01 5.136E-05 NAN 1.000E+00 5.442E+00 3.000E+00
NAN NAN NAN 9.919E-01 5.291E-05 NAN 1.000E+00 5.442E+00 3.000E+00
NAN NAN NAN 9.919E-01 5.576E-05 NAN 1.000E+00 5.443E+00 3.000E+00
NAN NAN NAN 9.919E-01 6.098E-05 NAN 1.000E+00 5.443E+00 3.000E+00
NAN NAN NAN 9.919E-01 7.054E-05 NAN 1.000E+00 5.443E+00 3.000E+00
NAN NAN NAN 9.919E-01 8.807E-05 NAN 1.000E+00 5.445E+00 3.000E+00
NAN NAN NAN 9.919E-01 1.202E-04 NAN 1.000E+00 5.446E+00 3.000E+00
NAN NAN NAN 9.919E-01 1.791E-04 NAN 1.000E+00 5.450E+00 3.000E+00
NAN NAN NAN 9.919E-01 2.871E-04 NAN 1.000E+00 5.456E+00 3.000E+00
NAN NAN NAN 9.919E-01 4.849E-04 NAN 1.000E+00 5.468E+00 3.000E+00
NAN NAN NAN 9.919E-01 8.476E-04 NAN 1.000E+00 5.490E+00 3.000E+00
NAN NAN NAN 9.919E-01 1.512E-03 NAN 1.000E+00 5.530E+00 3.000E+00
NAN NAN NAN 9.919E-01 2.731E-03 NAN 1.000E+00 5.609E+00 3.000E+00
NAN NAN NAN 9.919E-01 4.965E-03 NAN 1.000E+00 5.755E+00 3.000E+00
NAN NAN NAN 1.255E+00 4.955E-05 NAN 1.000E+00 6.756E+00 3.000E+00
NAN NAN NAN 1.255E+00 4.959E-05 NAN 1.000E+00 6.756E+00 3.000E+00
NAN NAN NAN 1.255E+00 4.966E-05 NAN 1.000E+00 6.756E+00 3.000E+00
NAN NAN NAN 1.255E+00 4.980E-05 NAN 1.000E+00 6.756E+00 3.000E+00
NAN NAN NAN 1.255E+00 5.005E-05 NAN 1.000E+00 6.756E+00 3.000E+00
NAN NAN NAN 1.255E+00 5.051E-05 NAN 1.000E+00 6.756E+00 3.000E+00
NAN NAN NAN 1.255E+00 5.136E-05 NAN 1.000E+00 6.756E+00 3.000E+00
NAN NAN NAN 1.255E+00 5.291E-05 NAN 1.000E+00 6.756E+00 3.000E+00
NAN NAN NAN 1.255E+00 5.576E-05 NAN 1.000E+00 6.757E+00 3.000E+00
NAN NAN NAN 1.255E+00 6.098E-05 NAN 1.000E+00 6.757E+00 3.000E+00
NAN NAN NAN 1.255E+00 7.054E-05 NAN 1.000E+00 6.757E+00 3.000E+00
NAN NAN NAN 1.255E+00 8.807E-05 NAN 1.000E+00 6.758E+00 3.000E+00
NAN NAN NAN 1.255E+00 1.202E-04 NAN 1.000E+00 6.760E+00 3.000E+00
NAN NAN NAN 1.255E+00 1.791E-04 NAN 1.000E+00 6.764E+00 3.000E+00
NAN NAN NAN 1.255E+00 2.871E-04 NAN 1.000E+00 6.770E+00 3.000E+00
NAN NAN NAN 1.255E+00 4.849E-04 NAN 1.000E+00 6.782E+00 3.000E+00
NAN NAN NAN 1.255E+00 8.476E-04 NAN 1.000E+00 6.804E+00 3.000E+00
NAN NAN NAN 1.255E+00 1.512E-03 NAN 1.000E+00 6.847E+00 3.000E+00
NAN NAN NAN 1.255E+00 2.731E-03 NAN 1.000E+00 6.926E+00 3.000E+00
NAN NAN NAN 1.255E+00 4.965E-03 NAN 1.000E+00 7.071E+00 3.000E+00
NAN NAN NAN 1.587E+00 4.955E-05 NAN 1.000E+00 8.414E+00 3.000E+00
NAN NAN NAN 1.587E+00 4.959E-05 NAN 1.000E+00 8.414E+00 3.000E+00
NAN NAN NAN 1.587E+00 4.966E-05 NAN 1.000E+00 8.414E+00 3.000E+00
NAN NAN NAN 1.587E+00 4.980E-05 NAN 1.000E+00 8.414E+00 3.000E+00
NAN NAN NAN 1.587E+00 5.005E-05 NAN 1.000E+00 8.414E+00 3.000E+00
NAN NAN NAN 1.587E+00 5.051E-05 NAN 1.000E+00 8.414E+00 3.000E+00
NAN NAN NAN 1.587E+00 5.136E-05 NAN 1.000E+00 8.414E+00 3.000E+00
NAN NAN NAN 1.587E+00 5.291E-05 NAN 1.000E+00 8.414E+00 3.000E+00
NAN NAN NAN 1.587E+00 5.576E-05 NAN 1.000E+00 8.414E+00 3.000E+00
NAN NAN NAN 1.587E+00 6.098E-05 NAN 1.000E+00 8.415E+00 3.000E+00
NAN NAN NAN 1.587E+00 7.054E-05 NAN 1.000E+00 8.415E+00 3.000E+00
NAN NAN NAN 1.587E+00 8.807E-05 NAN 1.000E+00 8.416E+00 3.000E+00
NAN NAN NAN 1.587E+00 1.202E-04 NAN 1.000E+00 8.418E+00 3.000E+00
NAN NAN NAN 1.587E+00 1.791E-04 NAN 1.000E+00 8.422E+00 3.000E+00
NAN NAN NAN 1.587E+00 2.871E-04 NAN 1.000E+00 8.429E+00 3.000E+00
NAN NAN NAN 1.587E+00 4.849E-04 NAN 1.000E+00 8.442E+00 3.000E+00
NAN NAN NAN 1.587E+00 8.476E-04 NAN 1.000E+00 8.465E+00 3.000E+00
NAN NAN NAN 1.587E+00 1.512E-03 NAN 1.000E+00 8.508E+00 3.000E+00
NAN NAN NAN 1.587E+00 2.731E-03 NAN 1.000E+00 8.588E+00 3.000E+00
NAN NAN NAN 1.587E+00 4.965E-03 NAN 1.000E+00 8.733E+00 3.000E+00
NAN NAN NAN 2.007E+00 4.955E-05 NAN 1.000E+00 1.052E+01 3.000E+00
NAN NAN NAN 2.007E+00 4.959E-05 NAN 1.000E+00 1.052E+01 3.000E+00
NAN NAN NAN 2.007E+00 4.966E-05 NAN 1.000E+00 1.052E+01 3.000E+00
NAN NAN NAN 2.007E+00 4.980E-05 NAN 1.000E+00 1.052E+01 3.000E+00
NAN NAN NAN 2.007E+00 5.005E-05 NAN 1.000E+00 1.052E+01 3.000E+00
NAN NAN NAN 2.007E+00 5.051E-05 NAN 1.000E+00 1.052E+01 3.000E+00
NAN NAN NAN 2.007E+00 5.136E-05 NAN 1.000E+00 1.052E+01 3.000E+00
NAN NAN NAN 2.007E+00 5.291E-05 NAN 1.000E+00 1.052E+01 3.000E+00
NAN NAN NAN 2.007E+00 5.576E-05 NAN 1.000E+00 1.052E+01 3.000E+00
NAN NAN NAN 2.007E+00 6.098E-05 NAN 1.000E+00 1.052E+01 3.000E+00
NAN NAN NAN 2.007E+00 7.054E-05 NAN 1.000E+00 1.052E+01 3.000E+00
NAN NAN NAN 2.007E+00 8.807E-05 NAN 1.000E+00 1.052E+01 3.000E+00
NAN NAN NAN 2.007E+00 1.202E-04 NAN 1.000E+00 1.052E+01 3.000E+00
NAN NAN NAN 2.007E+00 1.791E-04 NAN 1.000E+00 1.052E+01 3.000E+00
NAN NAN NAN 2.007E+00 2.871E-04 NAN 1.000E+00 1.053E+01 3.000E+00
NAN NAN NAN 2.007E+00 4.849E-04 NAN 1.000E+00 1.054E+01 3.000E+00
NAN NAN NAN 2.007E+00 8.476E-04 NAN 1.000E+00 1.057E+01 3.000E+00
NAN NAN NAN 2.007E+00 1.512E-03 NAN 1.000E+00 1.061E+01 3.000E+00
NAN NAN NAN 2.007E+00 2.731E-03 NAN 1.000E+00 1.069E+01 3.000E+00
NAN NAN NAN 2.007E+00 4.965E-03 NAN 1.000E+00 1.084E+01 3.000E+00
NAN NAN NAN 2.539E+00 4.955E-05 NAN 1.000E+00 1.318E+01 3.000E+00
NAN NAN NAN 2.539E+00 4.959E-05 NAN 1.000E+00 1.318E+01 3.000E+00
NAN NAN NAN 2.539E+00 4.966E-05 NAN 1.000E+00 1.318E+01 3.000E+00
NAN NAN NAN 2.539E+00 4.980E-05 NAN 1.000E+00 1.318E+01 3.000E+00
NAN NAN NAN 2.539E+00 5.005E-05 NAN 1.000E+00 1.318E+01 3.000E+00
NAN NAN NAN 2.539E+00 5.051E-05 NAN 1.000E+00 1.318E+01 3.000E+00
NAN NAN NAN 2.539E+00 5.136E-05 NAN 1.000E+00 1.318E+01 3.000E+00
NAN NAN NAN 2.539E+00 5.291E-05 NAN 1.000E+00 1.318E+01 3.000E+00
NAN NAN NAN 2.539E+00 5.576E-05 NAN 1.000E+00 1.318E+01 3.000E+00
NAN NAN NAN 2.539E+00 6.098E-05 NAN 1.000E+00 1.318E+01 3.000E+00
NAN NAN NAN 2.539E+00 7.054E-05 NAN 1.000E+00 1.318E+01 3.000E+00
NAN NAN NAN 2.539E+00 8.807E-05 NAN 1.000E+00 1.318E+01 3.000E+00
NAN NAN NAN 2.539E+00 1.202E-04 NAN 1.000E+00 1.318E+01 3.000E+00
NAN NAN NAN 2.539E+00 1.791E-04 NAN 1.000E+00 1.319E+01 3.000E+00
NAN NAN NAN 2.539E+00 2.871E-04 NAN 1.000E+00 1.319E+01 3.000E+00
NAN NAN NAN 2.539E+00 4.849E-04 NAN 1.000E+00 1.321E+01 3.000E+00
NAN NAN NAN 2.539E+00 8.476E-04 NAN 1.000E+00 1.323E+01 3.000E+00
NAN NAN NAN 2.539E+00 1.512E-03 NAN 1.000E+00 1.327E+01 3.000E+00
NAN NAN NAN 2.539E+00 2.731E-03 NAN 1.000E+00 1.335E+01 3.000E+00
NAN NAN NAN 2.539E+00 4.965E-03 NAN 1.000E+00 1.350E+01 3.000E+00
NAN NAN NAN 3.211E+00 4.955E-05 NAN 1.000E+00 1.654E+01 3.000E+00
NAN NAN NAN 3.211E+00 4.959E-05 NAN 1.000E+00 1.654E+01 3.000E+00
NAN NAN NAN 3.211E+00 4.966E-05 NAN 1.000E+00 1.654E+01 3.000E+00
NAN NAN NAN 3.211E+00 4.980E-05 NAN 1.000E+00 1.654E+01 3.000E+00
NAN NAN NAN 3.211E+00 5.005E-05 NAN 1.000E+00 1.654E+01 3.000E+00
NAN NAN NAN 3.211E+00 5.051E-05 NAN 1.000E+00 1.654E+01 3.000E+00
NAN NAN NAN 3.211E+00 5.136E-05 NAN 1.000E+00 1.654E+01 3.000E+00
NAN NAN NAN 3.211E+00 5.291E-05 NAN 1.000E+00 1.654E+01 3.000E+00
NAN NAN NAN 3.211E+00 5.576E-05 NAN 1.000E+00 1.654E+01 3.000E+00
NAN NAN NAN 3.211E+00 6.098E-05 NAN 1.000E+00 1.654E+01 3.000E+00
NAN NAN NAN 3.211E+00 7.054E-05 NAN 1.000E+00 1.654E+01 3.000E+00
NAN NAN NAN 3.211E+00 8.807E-05 NAN 1.000E+00 1.654E+01 3.000E+00
NAN NAN NAN 3.211E+00 1.202E-04 NAN 1.000E+00 1.655E+01 3.000E+00
NAN NAN NAN 3.211E+00 1.791E-04 NAN 1.000E+00 1.655E+01 3.000E+00
NAN NAN NAN 3.211E+00 2.871E-04 NAN 1.000E+00 1.656E+01 3.000E+00
NAN NAN NAN 3.211E+00 4.849E-04 NAN 1.000E+00 1.657E+01 3.000E+00
NAN NAN NAN 3.211E+00 8.476E-04 NAN 1.000E+00 1.659E+01 3.000E+00
NAN NAN NAN 3.211E+00 1.512E-03 NAN 1.000E+00 1.664E+01 3.000E+00
NAN NAN NAN 3.211E+00 2.731E-03 NAN 1.000E+00 1.672E+01 3.000E+00
NAN NAN NAN 3.211E+00 4.965E-03 NAN 1.000E+00 1.686E+01 3.000E+00
NAN NAN NAN 4.062E+00 4.955E-05 NAN 1.000E+00 2.080E+01 3.000E+00
NAN NAN NAN 4.062E+00 4.959E-05 NAN 1.000E+00 2.080E+01 3.000E+00
NAN NAN NAN 4.062E+00 4.966E-05 NAN 1.000E+00 2.080E+01 3.000E+00
NAN NAN NAN 4.062E+00 4.980E-05 NAN 1.000E+00 2.080E+01 3.000E+00
NAN NAN NAN 4.062E+00 5.005E-05 NAN 1.000E+00 2.080E+01 3.000E+00
NAN NAN NAN 4.062E+00 5.051E-05 NAN 1.000E+00 2.080E+01 3.000E+00
NAN NAN NAN 4.062E+00 5.136E-05 NAN 1.000E+00 2.080E+01 3.000E+00
NAN NAN NAN 4.062E+00 5.291E-05 NAN 1.000E+00 2.080E+01 3.000E+00
NAN NAN NAN 4.062E+00 5.576E-05 NAN 1.000E+00 2.080E+01 3.000E+00
NAN NAN NAN 4.062E+00 6.098E-05 NAN 1.000E+00 2.080E+01 3.000E+00
NAN NAN NAN 4.062E+00 7.054E-05 NAN 1.000E+00 2.080E+01 3.000E+00
NAN NAN NAN 4.062E+00 8.807E-05 NAN 1.000E+00 2.080E+01 3.000E+00
NAN NAN NAN 4.062E+00 1.202E-04 NAN 1.000E+00 2.081E+01 3.000E+00
NAN NAN NAN 4.062E+00 1.791E-04 NAN 1.000E+00 2.081E+01 3.000E+00
NAN NAN NAN 4.062E+00 2.871E-04 NAN 1.000E+00 2.082E+01 3.000E+00
NAN NAN NAN 4.062E+00 4.849E-04 NAN 1.000E+00 2.083E+01 3.000E+00
NAN NAN NAN 4.062E+00 8.476E-04 NAN 1.000E+00 2.085E+01 3.000E+00
NAN NAN NAN 4.062E+00 1.512E-03 NAN 1.000E+00 2.090E+01 3.000E+00
NAN NAN NAN 4.062E+00 2.731E-03 NAN 1.000E+00 2.098E+01 3.000E+00
NAN NAN NAN 4.062E+00 4.965E-03 NAN 1.000E+00 2.112E+01 1.000E+00
NAN NAN NAN 5.138E+00 4.955E-05 NAN 1.000E+00 2.619E+01 3.000E+00
NAN NAN NAN 5.138E+00 4.959E-05 NAN 1.000E+00 2.619E+01 3.000E+00
NAN NAN NAN 5.138E+00 4.966E-05 NAN 1.000E+00 2.619E+01 3.000E+00
NAN NAN NAN 5.138E+00 4.980E-05 NAN 1.000E+00 2.619E+01 3.000E+00
NAN NAN NAN 5.138E+00 5.005E-05 NAN 1.000E+00 2.619E+01 3.000E+00
NAN NAN NAN 5.138E+00 5.051E-05 NAN 1.000E+00 2.619E+01 3.000E+00
NAN NAN NAN 5.138E+00 5.136E-05 NAN 1.000E+00 2.619E+01 3.000E+00
NAN NAN NAN 5.138E+00 5.291E-05 NAN 1.000E+00 2.619E+01 3.000E+00
NAN NAN NAN 5.138E+00 5.576E-05 NAN 1.000E+00 2.619E+01 3.000E+00
NAN NAN NAN 5.138E+00 6.098E-05 NAN 1.000E+00 2.619E+01 3.000E+00
NAN NAN NAN 5.138E+00 7.054E-05 NAN 1.000E+00 2.619E+01 3.000E+00
NAN NAN NAN 5.138E+00 8.807E-05 NAN 1.000E+00 2.619E+01 3.000E+00
NAN NAN NAN 5.138E+00 1.202E-04 NAN 1.000E+00 2.619E+01 3.000E+00
NAN NAN NAN 5.138E+00 1.791E-04 NAN 1.000E+00 2.619E+01 3.000E+00
NAN NAN NAN 5.138E+00 2.871E-04 NAN 1.000E+00 2.620E+01 3.000E+00
NAN NAN NAN 5.138E+00 4.849E-04 NAN 1.000E+00 2.621E+01 3.000E+00
NAN NAN NAN 5.138E+00 8.476E-04 NAN 1.000E+00 2.624E+01 3.000E+00
NAN NAN NAN 5.138E+00 1.512E-03 NAN 1.000E+00 2.628E+01 3.000E+00
NAN NAN NAN 5.138E+00 2.731E-03 NAN 1.000E+00 2.636E+01 1.000E+00
NAN NAN NAN 5.138E+00 4.965E-03 NAN 1.000E+00 2.651E+01 1.000E+00
