1.850E+07 3.980E+02 8.257E-01 5.137E-05 3.123E-02 1.431E+03 9.769E-01 1.836E+01 2.000E+00
2.926E+07 3.980E+02 8.257E-01 5.137E-05 3.123E-02 1.429E+03 9.769E-01 1.836E+01 2.000E+00
2.007E+06 3.911E+02 8.306E-01 5.137E-05 3.123E-02 1.434E+03 9.769E-01 1.836E+01 2.000E+00
2.257E+06 3.911E+02 8.306E-01 5.137E-05 3.123E-02 1.434E+03 9.769E-01 1.836E+01 2.000E+00
2.959E+06 3.911E+02 8.306E-01 5.137E-05 3.123E-02 1.436E+03 9.769E-01 1.836E+01 2.000E+00
7.660E+06 3.911E+02 8.306E-01 5.137E-05 3.123E-02 1.434E+03 9.769E-01 1.836E+01 2.000E+00
1.171E+07 3.089E+02 8.953E-01 5.137E-05 3.123E-02 1.530E+03 9.769E-01 1.836E+01 2.000E+00
2.625E+06 3.617E+02 8.522E-01 5.137E-05 3.123E-02 1.465E+03 9.769E-01 1.836E+01 2.000E+00
1.523E+07 2.851E+02 9.168E-01 5.137E-05 3.124E-02 1.573E+03 9.769E-01 1.836E+01 2.000E+00
1.323E+07 3.104E+02 8.940E-01 5.137E-05 3.124E-02 1.530E+03 9.769E-01 1.836E+01 2.000E+00
8.400E+06 4.294E+02 8.048E-01 5.137E-05 3.125E-02 1.409E+03 9.770E-01 1.836E+01 2.000E+00
2.034E+06 2.762E+02 9.255E-01 5.137E-05 3.127E-02 1.598E+03 9.770E-01 1.836E+01 2.000E+00
1.158E+06 3.949E+02 8.281E-01 5.137E-05 3.130E-02 1.429E+03 9.770E-01 1.836E+01 2.000E+00
1.002E+08 4.236E+02 8.088E-01 5.137E-05 3.136E-02 1.411E+03 9.771E-01 1.836E+01 2.000E+00
1.051E+07 3.678E+02 8.482E-01 5.137E-05 3.147E-02 1.450E+03 9.772E-01 1.836E+01 2.000E+00
7.915E+06 3.334E+02 8.758E-01 5.137E-05 3.167E-02 1.483E+03 9.774E-01 1.837E+01 2.000E+00
2.944E+06 2.891E+02 9.160E-01 5.137E-05 3.203E-02 1.553E+03 9.777E-01 1.838E+01 2.000E+00
2.888E+06 3.372E+02 8.758E-01 5.137E-05 3.269E-02 1.457E+03 9.783E-01 1.839E+01 2.000E+00
1.018E+07 2.947E+02 9.174E-01 5.137E-05 3.391E-02 1.484E+03 9.795E-01 1.842E+01 2.000E+00
2.118E+06 3.190E+02 9.023E-01 5.137E-05 3.615E-02 1.407E+03 9.816E-01 1.847E+01 2.000E+00
2.039E+06 3.911E+02 8.306E-01 6.498E-05 3.123E-02 1.437E+03 9.770E-01 1.836E+01 2.000E+00
2.109E+06 3.911E+02 8.306E-01 6.498E-05 3.123E-02 1.434E+03 9.770E-01 1.836E+01 2.000E+00
2.253E+06 3.911E+02 8.306E-01 6.498E-05 3.123E-02 1.437E+03 9.770E-01 1.836E+01 2.000E+00
2.583E+06 3.911E+02 8.306E-01 6.498E-05 3.123E-02 1.437E+03 9.770E-01 1.836E+01 2.000E+00
3.582E+06 3.911E+02 8.306E-01 6.498E-05 3.123E-02 1.434E+03 9.770E-01 1.836E+01 2.000E+00
1.522E+07 3.911E+02 8.306E-01 6.498E-05 3.123E-02 1.433E+03 9.770E-01 1.836E+01 2.000E+00
1.353E+08 3.089E+02 8.953E-01 6.498E-05 3.123E-02 1.529E+03 9.770E-01 1.836E+01 2.000E+00
3.134E+06 3.617E+02 8.522E-01 6.498E-05 3.123E-02 1.460E+03 9.770E-01 1.836E+01 2.000E+00
3.261E+06 2.109E+02 9.945E-01 6.498E-05 3.124E-02 1.796E+03 9.770E-01 1.836E+01 2.000E+00
3.778E+06 3.130E+02 8.918E-01 6.498E-05 3.124E-02 1.522E+03 9.770E-01 1.836E+01 2.000E+00
1.673E+07 4.294E+02 8.048E-01 6.498E-05 3.125E-02 1.409E+03 9.770E-01 1.836E+01 2.000E+00
2.381E+06 2.762E+02 9.255E-01 6.498E-05 3.127E-02 1.591E+03 9.770E-01 1.836E+01 2.000E+00
1.220E+06 3.949E+02 8.281E-01 6.498E-05 3.130E-02 1.433E+03 9.770E-01 1.836E+01 2.000E+00
2.923E+07 4.232E+02 8.091E-01 6.498E-05 3.136E-02 1.415E+03 9.771E-01 1.836E+01 2.000E+00
3.801E+07 3.678E+02 8.482E-01 6.498E-05 3.147E-02 1.450E+03 9.772E-01 1.836E+01 2.000E+00
1.878E+07 3.334E+02 8.758E-01 6.498E-05 3.167E-02 1.483E+03 9.774E-01 1.837E+01 2.000E+00
3.808E+06 2.891E+02 9.160E-01 6.498E-05 3.203E-02 1.542E+03 9.777E-01 1.838E+01 2.000E+00
3.554E+06 3.372E+02 8.758E-01 6.498E-05 3.269E-02 1.457E+03 9.783E-01 1.839E+01 2.000E+00
5.827E+07 2.947E+02 9.174E-01 6.498E-05 3.391E-02 1.492E+03 9.795E-01 1.842E+01 2.000E+00
2.457E+06 3.190E+02 9.023E-01 6.498E-05 3.615E-02 1.406E+03 9.816E-01 1.847E+01 2.000E+00
2.375E+06 3.911E+02 8.306E-01 8.219E-05 3.123E-02 1.439E+03 9.770E-01 1.836E+01 2.000E+00
2.474E+06 3.911E+02 8.306E-01 8.219E-05 3.123E-02 1.438E+03 9.770E-01 1.836E+01 2.000E+00
2.682E+06 3.911E+02 8.306E-01 8.219E-05 3.123E-02 1.434E+03 9.770E-01 1.836E+01 2.000E+00
3.182E+06 3.911E+02 8.306E-01 8.219E-05 3.123E-02 1.434E+03 9.770E-01 1.836E+01 2.000E+00
4.943E+06 3.911E+02 8.306E-01 8.219E-05 3.123E-02 1.439E+03 9.770E-01 1.836E+01 2.000E+00
2.921E+06 3.089E+02 8.953E-01 8.219E-05 3.123E-02 1.529E+03 9.770E-01 1.836E+01 2.000E+00
3.139E+06 3.732E+02 8.435E-01 8.219E-05 3.123E-02 1.481E+03 9.770E-01 1.836E+01 2.000E+00
4.193E+06 3.617E+02 8.522E-01 8.219E-05 3.123E-02 1.460E+03 9.770E-01 1.836E+01 2.000E+00
3.696E+06 2.109E+02 9.945E-01 8.219E-05 3.124E-02 1.796E+03 9.770E-01 1.836E+01 2.000E+00
5.894E+06 3.130E+02 8.918E-01 8.219E-05 3.124E-02 1.522E+03 9.770E-01 1.836E+01 2.000E+00
2.023E+06 2.846E+02 9.174E-01 8.219E-05 3.125E-02 1.573E+03 9.770E-01 1.836E+01 2.000E+00
3.056E+06 2.762E+02 9.255E-01 8.219E-05 3.127E-02 1.592E+03 9.770E-01 1.836E+01 2.000E+00
1.313E+06 3.949E+02 8.281E-01 8.219E-05 3.130E-02 1.432E+03 9.770E-01 1.836E+01 2.000E+00
2.318E+07 4.230E+02 8.092E-01 8.219E-05 3.136E-02 1.411E+03 9.771E-01 1.836E+01 2.000E+00
2.111E+06 3.645E+02 8.507E-01 8.219E-05 3.147E-02 1.453E+03 9.772E-01 1.836E+01 2.000E+00
3.979E+06 3.279E+02 8.804E-01 8.219E-05 3.167E-02 1.491E+03 9.774E-01 1.837E+01 2.000E+00
6.165E+06 2.891E+02 9.160E-01 8.219E-05 3.203E-02 1.542E+03 9.777E-01 1.838E+01 2.000E+00
5.078E+06 3.372E+02 8.758E-01 8.219E-05 3.269E-02 1.495E+03 9.784E-01 1.839E+01 2.000E+00
9.440E+05 2.905E+02 9.215E-01 8.219E-05 3.391E-02 1.491E+03 9.795E-01 1.842E+01 2.000E+00
3.101E+06 3.190E+02 9.023E-01 8.219E-05 3.615E-02 1.407E+03 9.816E-01 1.847E+01 2.000E+00
3.030E+06 3.911E+02 8.306E-01 1.040E-04 3.123E-02 1.434E+03 9.770E-01 1.836E+01 2.000E+00
3.202E+06 3.911E+02 8.306E-01 1.040E-04 3.123E-02 1.434E+03 9.770E-01 1.836E+01 2.000E+00
3.576E+06 3.911E+02 8.306E-01 1.040E-04 3.123E-02 1.434E+03 9.770E-01 1.836E+01 2.000E+00
4.582E+06 3.911E+02 8.306E-01 1.040E-04 3.123E-02 1.434E+03 9.770E-01 1.836E+01 2.000E+00
9.893E+06 3.911E+02 8.306E-01 1.040E-04 3.123E-02 1.434E+03 9.770E-01 1.836E+01 2.000E+00
4.411E+06 3.089E+02 8.953E-01 1.040E-04 3.123E-02 1.530E+03 9.770E-01 1.836E+01 2.000E+00
4.575E+06 3.732E+02 8.435E-01 1.040E-04 3.123E-02 1.449E+03 9.770E-01 1.836E+01 2.000E+00
7.544E+06 3.617E+02 8.522E-01 1.040E-04 3.123E-02 1.460E+03 9.770E-01 1.836E+01 2.000E+00
4.454E+06 2.109E+02 9.945E-01 1.040E-04 3.124E-02 1.797E+03 9.770E-01 1.836E+01 2.000E+00
2.218E+07 3.130E+02 8.918E-01 1.040E-04 3.124E-02 1.522E+03 9.770E-01 1.836E+01 2.000E+00
2.672E+06 2.846E+02 9.174E-01 1.040E-04 3.125E-02 1.573E+03 9.770E-01 1.836E+01 2.000E+00
4.849E+06 2.762E+02 9.255E-01 1.040E-04 3.127E-02 1.590E+03 9.770E-01 1.836E+01 2.000E+00
1.470E+06 3.910E+02 8.308E-01 1.040E-04 3.130E-02 1.436E+03 9.771E-01 1.836E+01 2.000E+00
1.647E+07 4.228E+02 8.093E-01 1.040E-04 3.136E-02 1.413E+03 9.771E-01 1.836E+01 2.000E+00
2.642E+06 3.645E+02 8.507E-01 1.040E-04 3.147E-02 1.454E+03 9.772E-01 1.836E+01 2.000E+00
7.239E+06 3.279E+02 8.804E-01 1.040E-04 3.167E-02 1.490E+03 9.774E-01 1.837E+01 2.000E+00
3.256E+07 2.891E+02 9.160E-01 1.040E-04 3.203E-02 1.547E+03 9.777E-01 1.838E+01 2.000E+00
1.158E+07 3.372E+02 8.758E-01 1.040E-04 3.269E-02 1.471E+03 9.784E-01 1.839E+01 2.000E+00
1.039E+06 2.905E+02 9.215E-01 1.040E-04 3.391E-02 1.514E+03 9.795E-01 1.842E+01 2.000E+00
4.712E+06 3.190E+02 9.023E-01 1.040E-04 3.615E-02 1.406E+03 9.816E-01 1.847E+01 2.000E+00
4.790E+06 3.911E+02 8.306E-01 1.315E-04 3.123E-02 1.435E+03 9.770E-01 1.836E+01 2.000E+00
5.261E+06 3.911E+02 8.306E-01 1.315E-04 3.123E-02 1.434E+03 9.770E-01 1.836E+01 2.000E+00
6.435E+06 3.911E+02 8.306E-01 1.315E-04 3.123E-02 1.434E+03 9.770E-01 1.836E+01 2.000E+00
1.107E+07 3.911E+02 8.306E-01 1.315E-04 3.123E-02 1.440E+03 9.770E-01 1.836E+01 2.000E+00
3.255E+06 3.089E+02 8.953E-01 1.315E-04 3.123E-02 1.529E+03 9.770E-01 1.836E+01 2.000E+00
1.352E+07 3.089E+02 8.953E-01 1.315E-04 3.123E-02 1.538E+03 9.770E-01 1.836E+01 2.000E+00
1.168E+07 3.732E+02 8.435E-01 1.315E-04 3.123E-02 1.449E+03 9.770E-01 1.836E+01 2.000E+00
1.605E+06 2.109E+02 9.945E-01 1.315E-04 3.123E-02 1.796E+03 9.770E-01 1.836E+01 2.000E+00
6.037E+06 2.109E+02 9.945E-01 1.315E-04 3.124E-02 1.796E+03 9.770E-01 1.836E+01 2.000E+00
9.504E+05 3.040E+02 8.996E-01 1.315E-04 3.124E-02 1.538E+03 9.770E-01 1.836E+01 2.000E+00
4.627E+06 2.846E+02 9.174E-01 1.315E-04 3.125E-02 1.574E+03 9.770E-01 1.836E+01 2.000E+00
2.124E+07 2.762E+02 9.255E-01 1.315E-04 3.127E-02 1.590E+03 9.771E-01 1.836E+01 2.000E+00
2.067E+07 3.430E+02 8.669E-01 1.315E-04 3.130E-02 1.479E+03 9.771E-01 1.836E+01 2.000E+00
1.229E+07 4.226E+02 8.094E-01 1.315E-04 3.136E-02 1.414E+03 9.771E-01 1.836E+01 2.000E+00
3.962E+06 3.645E+02 8.507E-01 1.315E-04 3.147E-02 1.453E+03 9.772E-01 1.836E+01 2.000E+00
3.038E+06 3.243E+02 8.834E-01 1.315E-04 3.167E-02 1.495E+03 9.774E-01 1.837E+01 2.000E+00
8.623E+06 2.799E+02 9.247E-01 1.315E-04 3.203E-02 1.560E+03 9.778E-01 1.838E+01 2.000E+00
5.821E+06 3.463E+02 8.684E-01 1.315E-04 3.269E-02 1.525E+03 9.784E-01 1.839E+01 2.000E+00
1.196E+06 2.905E+02 9.215E-01 1.315E-04 3.391E-02 1.491E+03 9.796E-01 1.842E+01 2.000E+00
1.492E+07 3.190E+02 9.023E-01 1.315E-04 3.615E-02 1.412E+03 9.817E-01 1.847E+01 2.000E+00
2.224E+07 3.911E+02 8.306E-01 1.663E-04 3.123E-02 1.434E+03 9.770E-01 1.836E+01 2.000E+00
4.029E+07 3.911E+02 8.306E-01 1.663E-04 3.123E-02 1.491E+03 9.770E-01 1.836E+01 2.000E+00
3.194E+06 3.089E+02 8.953E-01 1.663E-04 3.123E-02 1.529E+03 9.770E-01 1.836E+01 2.000E+00
4.072E+06 3.089E+02 8.953E-01 1.663E-04 3.123E-02 1.530E+03 9.770E-01 1.836E+01 2.000E+00
8.480E+06 3.089E+02 8.953E-01 1.663E-04 3.123E-02 1.530E+03 9.770E-01 1.836E+01 2.000E+00
2.650E+06 2.682E+02 9.330E-01 1.663E-04 3.123E-02 1.609E+03 9.770E-01 1.836E+01 2.000E+00
6.990E+06 2.129E+02 9.921E-01 1.663E-04 3.123E-02 1.787E+03 9.770E-01 1.836E+01 2.000E+00
1.803E+06 2.109E+02 9.945E-01 1.663E-04 3.123E-02 1.796E+03 9.770E-01 1.836E+01 2.000E+00
1.109E+07 2.109E+02 9.945E-01 1.663E-04 3.124E-02 1.796E+03 9.771E-01 1.836E+01 2.000E+00
1.106E+06 3.040E+02 8.996E-01 1.663E-04 3.124E-02 1.541E+03 9.771E-01 1.836E+01 2.000E+00
1.977E+08 2.846E+02 9.174E-01 1.663E-04 3.125E-02 1.575E+03 9.771E-01 1.836E+01 2.000E+00
5.660E+06 2.805E+02 9.213E-01 1.663E-04 3.127E-02 1.581E+03 9.771E-01 1.836E+01 2.000E+00
4.178E+06 3.375E+02 8.714E-01 1.663E-04 3.130E-02 1.488E+03 9.771E-01 1.836E+01 2.000E+00
2.669E+06 4.014E+02 8.237E-01 1.663E-04 3.136E-02 1.424E+03 9.772E-01 1.836E+01 2.000E+00
1.209E+07 3.645E+02 8.507E-01 1.663E-04 3.147E-02 1.453E+03 9.773E-01 1.836E+01 2.000E+00
6.637E+06 3.243E+02 8.834E-01 1.663E-04 3.167E-02 1.497E+03 9.775E-01 1.837E+01 2.000E+00
1.006E+06 3.845E+02 8.373E-01 1.663E-04 3.203E-02 1.425E+03 9.778E-01 1.838E+01 2.000E+00
9.418E+06 3.401E+02 8.734E-01 1.663E-04 3.269E-02 1.459E+03 9.784E-01 1.839E+01 2.000E+00
1.497E+06 2.905E+02 9.215E-01 1.663E-04 3.391E-02 1.492E+03 9.796E-01 1.842E+01 2.000E+00
2.322E+06 2.740E+02 9.462E-01 1.663E-04 3.615E-02 1.484E+03 9.817E-01 1.847E+01 2.000E+00
7.558E+06 3.089E+02 8.953E-01 2.104E-04 3.123E-02 1.529E+03 9.771E-01 1.836E+01 2.000E+00
8.995E+06 3.089E+02 8.953E-01 2.104E-04 3.123E-02 1.530E+03 9.771E-01 1.836E+01 2.000E+00
1.388E+07 3.089E+02 8.953E-01 2.104E-04 3.123E-02 1.531E+03 9.771E-01 1.836E+01 2.000E+00
2.312E+06 3.732E+02 8.435E-01 2.104E-04 3.123E-02 1.449E+03 9.771E-01 1.836E+01 2.000E+00
6.300E+07 3.835E+02 8.359E-01 2.104E-04 3.123E-02 1.440E+03 9.771E-01 1.836E+01 2.000E+00
9.164E+06 3.732E+02 8.435E-01 2.104E-04 3.123E-02 1.449E+03 9.771E-01 1.836E+01 2.000E+00
2.875E+06 3.617E+02 8.522E-01 2.104E-04 3.123E-02 1.460E+03 9.771E-01 1.836E+01 2.000E+00
2.145E+06 2.109E+02 9.945E-01 2.104E-04 3.123E-02 1.796E+03 9.771E-01 1.836E+01 2.000E+00
2.607E+06 3.739E+02 8.430E-01 2.104E-04 3.124E-02 1.449E+03 9.771E-01 1.836E+01 2.000E+00
1.419E+06 3.040E+02 8.996E-01 2.104E-04 3.124E-02 1.537E+03 9.771E-01 1.836E+01 2.000E+00
2.194E+06 2.760E+02 9.255E-01 2.104E-04 3.125E-02 1.592E+03 9.771E-01 1.836E+01 2.000E+00
2.735E+06 4.119E+02 8.163E-01 2.104E-04 3.127E-02 1.421E+03 9.771E-01 1.836E+01 2.000E+00
7.762E+07 3.375E+02 8.714E-01 2.104E-04 3.130E-02 1.486E+03 9.772E-01 1.836E+01 2.000E+00
5.343E+06 4.014E+02 8.237E-01 2.104E-04 3.136E-02 1.424E+03 9.772E-01 1.836E+01 2.000E+00
8.312E+06 3.614E+02 8.530E-01 2.104E-04 3.147E-02 1.456E+03 9.773E-01 1.836E+01 2.000E+00
5.515E+06 3.235E+02 8.841E-01 2.104E-04 3.167E-02 1.497E+03 9.775E-01 1.837E+01 2.000E+00
1.183E+06 3.845E+02 8.373E-01 2.104E-04 3.203E-02 1.426E+03 9.778E-01 1.838E+01 2.000E+00
1.096E+06 3.380E+02 8.751E-01 2.104E-04 3.269E-02 1.457E+03 9.785E-01 1.839E+01 2.000E+00
2.266E+06 2.905E+02 9.215E-01 2.104E-04 3.391E-02 1.491E+03 9.796E-01 1.842E+01 2.000E+00
5.201E+06 2.740E+02 9.462E-01 2.104E-04 3.615E-02 1.480E+03 9.817E-01 1.847E+01 2.000E+00
3.363E+06 3.732E+02 8.435E-01 2.661E-04 3.123E-02 1.462E+03 9.771E-01 1.836E+01 2.000E+00
3.585E+06 3.732E+02 8.435E-01 2.661E-04 3.123E-02 1.449E+03 9.771E-01 1.836E+01 2.000E+00
5.904E+06 3.792E+02 8.391E-01 2.661E-04 3.123E-02 1.444E+03 9.771E-01 1.836E+01 2.000E+00
5.529E+06 3.732E+02 8.435E-01 2.661E-04 3.123E-02 1.452E+03 9.771E-01 1.836E+01 2.000E+00
1.696E+07 3.732E+02 8.435E-01 2.661E-04 3.123E-02 1.449E+03 9.771E-01 1.836E+01 2.000E+00
2.138E+06 3.617E+02 8.521E-01 2.661E-04 3.123E-02 1.465E+03 9.771E-01 1.836E+01 2.000E+00
1.251E+07 3.617E+02 8.522E-01 2.661E-04 3.123E-02 1.460E+03 9.771E-01 1.836E+01 2.000E+00
2.839E+06 2.109E+02 9.945E-01 2.661E-04 3.123E-02 1.796E+03 9.771E-01 1.836E+01 2.000E+00
7.901E+06 3.739E+02 8.430E-01 2.661E-04 3.124E-02 1.450E+03 9.772E-01 1.836E+01 2.000E+00
2.318E+06 3.040E+02 8.996E-01 2.661E-04 3.124E-02 1.537E+03 9.772E-01 1.836E+01 2.000E+00
6.907E+06 2.760E+02 9.255E-01 2.661E-04 3.125E-02 1.599E+03 9.772E-01 1.836E+01 2.000E+00
7.614E+06 4.119E+02 8.163E-01 2.661E-04 3.127E-02 1.425E+03 9.772E-01 1.836E+01 2.000E+00
9.720E+07 3.949E+02 8.281E-01 2.661E-04 3.130E-02 1.431E+03 9.772E-01 1.836E+01 2.000E+00
2.224E+07 4.033E+02 8.224E-01 2.661E-04 3.136E-02 1.423E+03 9.773E-01 1.836E+01 2.000E+00
1.232E+07 3.295E+02 8.784E-01 2.661E-04 3.147E-02 1.493E+03 9.774E-01 1.836E+01 2.000E+00
9.943E+06 3.457E+02 8.658E-01 2.661E-04 3.167E-02 1.469E+03 9.776E-01 1.837E+01 2.000E+00
1.533E+06 3.845E+02 8.373E-01 2.661E-04 3.203E-02 1.425E+03 9.779E-01 1.838E+01 2.000E+00
1.445E+06 3.380E+02 8.751E-01 2.661E-04 3.269E-02 1.458E+03 9.785E-01 1.839E+01 2.000E+00
7.453E+06 2.905E+02 9.215E-01 2.661E-04 3.391E-02 1.502E+03 9.797E-01 1.842E+01 2.000E+00
2.316E+06 2.843E+02 9.356E-01 2.661E-04 3.615E-02 1.448E+03 9.818E-01 1.847E+01 2.000E+00
1.350E+07 2.129E+02 9.921E-01 3.366E-04 3.123E-02 1.790E+03 9.772E-01 1.836E+01 2.000E+00
1.518E+07 2.129E+02 9.921E-01 3.366E-04 3.123E-02 1.788E+03 9.772E-01 1.836E+01 2.000E+00
1.967E+07 2.129E+02 9.921E-01 3.366E-04 3.123E-02 1.789E+03 9.772E-01 1.836E+01 2.000E+00
4.321E+07 2.129E+02 9.921E-01 3.366E-04 3.123E-02 1.788E+03 9.772E-01 1.836E+01 2.000E+00
2.813E+06 3.617E+02 8.521E-01 3.366E-04 3.123E-02 1.461E+03 9.772E-01 1.836E+01 2.000E+00
7.071E+06 3.617E+02 8.522E-01 3.366E-04 3.123E-02 1.460E+03 9.772E-01 1.836E+01 2.000E+00
2.188E+06 2.109E+02 9.945E-01 3.366E-04 3.123E-02 2.074E+03 9.772E-01 1.836E+01 2.000E+00
4.899E+06 2.109E+02 9.945E-01 3.366E-04 3.123E-02 1.796E+03 9.772E-01 1.836E+01 2.000E+00
2.918E+07 3.709E+02 8.452E-01 3.366E-04 3.124E-02 1.452E+03 9.772E-01 1.836E+01 2.000E+00
2.137E+07 3.040E+02 8.996E-01 3.366E-04 3.124E-02 1.537E+03 9.772E-01 1.836E+01 2.000E+00
2.865E+06 2.656E+02 9.357E-01 3.366E-04 3.125E-02 1.617E+03 9.772E-01 1.836E+01 2.000E+00
7.731E+05 2.897E+02 9.127E-01 3.366E-04 3.127E-02 1.563E+03 9.772E-01 1.836E+01 2.000E+00
3.878E+07 3.249E+02 8.818E-01 3.366E-04 3.130E-02 1.506E+03 9.773E-01 1.836E+01 2.000E+00
3.793E+06 3.845E+02 8.356E-01 3.366E-04 3.136E-02 1.444E+03 9.773E-01 1.836E+01 2.000E+00
1.511E+06 4.161E+02 8.140E-01 3.366E-04 3.147E-02 1.413E+03 9.774E-01 1.836E+01 2.000E+00
1.530E+06 3.505E+02 8.620E-01 3.366E-04 3.167E-02 1.463E+03 9.776E-01 1.837E+01 2.000E+00
2.681E+06 3.845E+02 8.373E-01 3.366E-04 3.203E-02 1.426E+03 9.780E-01 1.838E+01 2.000E+00
2.611E+06 3.380E+02 8.751E-01 3.366E-04 3.269E-02 1.457E+03 9.786E-01 1.839E+01 2.000E+00
7.535E+05 2.861E+02 9.256E-01 3.366E-04 3.391E-02 1.498E+03 9.797E-01 1.842E+01 2.000E+00
3.336E+07 2.843E+02 9.356E-01 3.366E-04 3.615E-02 1.449E+03 9.819E-01 1.847E+01 2.000E+00
5.953E+06 3.617E+02 8.521E-01 4.257E-04 3.123E-02 1.466E+03 9.773E-01 1.836E+01 2.000E+00
6.743E+06 3.617E+02 8.521E-01 4.257E-04 3.123E-02 1.464E+03 9.773E-01 1.836E+01 2.000E+00
8.944E+06 3.617E+02 8.521E-01 4.257E-04 3.123E-02 1.461E+03 9.773E-01 1.836E+01 2.000E+00
2.298E+07 3.617E+02 8.521E-01 4.257E-04 3.123E-02 1.461E+03 9.773E-01 1.836E+01 2.000E+00
2.065E+06 2.109E+02 9.944E-01 4.257E-04 3.123E-02 1.799E+03 9.773E-01 1.836E+01 2.000E+00
3.855E+07 2.131E+02 9.918E-01 4.257E-04 3.123E-02 1.787E+03 9.773E-01 1.836E+01 2.000E+00
5.706E+06 2.851E+02 9.168E-01 4.257E-04 3.123E-02 1.572E+03 9.773E-01 1.836E+01 2.000E+00
9.876E+07 2.109E+02 9.945E-01 4.257E-04 3.123E-02 1.796E+03 9.773E-01 1.836E+01 2.000E+00
1.566E+06 3.104E+02 8.940E-01 4.257E-04 3.124E-02 1.527E+03 9.773E-01 1.836E+01 2.000E+00
4.091E+06 2.501E+02 9.514E-01 4.257E-04 3.124E-02 1.658E+03 9.773E-01 1.836E+01 2.000E+00
3.204E+06 2.632E+02 9.381E-01 4.257E-04 3.125E-02 1.621E+03 9.773E-01 1.836E+01 2.000E+00
1.145E+06 2.868E+02 9.154E-01 4.257E-04 3.127E-02 1.568E+03 9.773E-01 1.836E+01 2.000E+00
2.826E+06 3.147E+02 8.905E-01 4.257E-04 3.130E-02 1.519E+03 9.774E-01 1.836E+01 2.000E+00
1.221E+07 3.816E+02 8.377E-01 4.257E-04 3.136E-02 1.440E+03 9.774E-01 1.836E+01 2.000E+00
1.031E+07 3.365E+02 8.727E-01 4.257E-04 3.147E-02 1.485E+03 9.775E-01 1.836E+01 2.000E+00
3.829E+06 3.505E+02 8.620E-01 4.257E-04 3.167E-02 1.464E+03 9.777E-01 1.837E+01 2.000E+00
5.399E+06 3.798E+02 8.408E-01 4.257E-04 3.203E-02 1.437E+03 9.781E-01 1.838E+01 2.000E+00
5.492E+06 3.999E+02 8.280E-01 4.257E-04 3.269E-02 1.407E+03 9.787E-01 1.839E+01 2.000E+00
1.055E+06 2.861E+02 9.257E-01 4.257E-04 3.391E-02 1.498E+03 9.798E-01 1.842E+01 2.000E+00
9.410E+06 2.769E+02 9.432E-01 4.257E-04 3.615E-02 1.458E+03 9.820E-01 1.847E+01 2.000E+00
2.987E+06 2.109E+02 9.944E-01 5.385E-04 3.123E-02 1.797E+03 9.774E-01 1.836E+01 2.000E+00
3.048E+06 2.109E+02 9.944E-01 5.385E-04 3.123E-02 1.797E+03 9.774E-01 1.836E+01 2.000E+00
3.166E+06 2.109E+02 9.944E-01 5.385E-04 3.123E-02 1.797E+03 9.774E-01 1.836E+01 2.000E+00
3.410E+06 2.109E+02 9.944E-01 5.385E-04 3.123E-02 1.799E+03 9.774E-01 1.836E+01 2.000E+00
3.973E+06 2.109E+02 9.945E-01 5.385E-04 3.123E-02 1.800E+03 9.774E-01 1.836E+01 2.000E+00
5.730E+06 2.109E+02 9.945E-01 5.385E-04 3.123E-02 1.797E+03 9.774E-01 1.836E+01 2.000E+00
3.344E+07 2.109E+02 9.945E-01 5.385E-04 3.123E-02 1.797E+03 9.774E-01 1.836E+01 2.000E+00
5.912E+06 3.739E+02 8.430E-01 5.385E-04 3.123E-02 1.454E+03 9.774E-01 1.836E+01 2.000E+00
2.208E+07 3.104E+02 8.940E-01 5.385E-04 3.124E-02 1.530E+03 9.774E-01 1.836E+01 2.000E+00
2.918E+06 4.186E+02 8.118E-01 5.385E-04 3.124E-02 1.416E+03 9.774E-01 1.836E+01 2.000E+00
3.714E+06 2.660E+02 9.354E-01 5.385E-04 3.125E-02 1.622E+03 9.774E-01 1.836E+01 2.000E+00
2.833E+06 2.897E+02 9.127E-01 5.385E-04 3.127E-02 1.562E+03 9.774E-01 1.836E+01 2.000E+00
1.733E+06 3.824E+02 8.370E-01 5.385E-04 3.130E-02 1.442E+03 9.775E-01 1.836E+01 2.000E+00
8.440E+06 2.378E+02 9.649E-01 5.385E-04 3.136E-02 1.690E+03 9.775E-01 1.836E+01 2.000E+00
3.392E+06 3.420E+02 8.682E-01 5.385E-04 3.147E-02 1.478E+03 9.776E-01 1.836E+01 2.000E+00
1.883E+06 2.337E+02 9.708E-01 5.385E-04 3.167E-02 1.692E+03 9.778E-01 1.837E+01 2.000E+00
6.482E+06 3.725E+02 8.462E-01 5.385E-04 3.203E-02 1.436E+03 9.782E-01 1.838E+01 2.000E+00
4.001E+06 3.913E+02 8.341E-01 5.385E-04 3.269E-02 1.410E+03 9.788E-01 1.839E+01 2.000E+00
2.530E+06 2.861E+02 9.257E-01 5.385E-04 3.391E-02 1.498E+03 9.799E-01 1.842E+01 2.000E+00
8.121E+06 3.402E+02 8.836E-01 5.385E-04 3.615E-02 1.389E+03 9.821E-01 1.847E+01 2.000E+00
3.444E+07 2.109E+02 9.945E-01 6.811E-04 3.123E-02 1.797E+03 9.775E-01 1.836E+01 2.000E+00
4.558E+07 2.109E+02 9.945E-01 6.811E-04 3.123E-02 1.797E+03 9.775E-01 1.836E+01 2.000E+00
1.123E+08 2.109E+02 9.945E-01 6.811E-04 3.123E-02 1.797E+03 9.775E-01 1.836E+01 2.000E+00
7.012E+06 3.629E+02 8.512E-01 6.811E-04 3.123E-02 1.461E+03 9.775E-01 1.836E+01 2.000E+00
5.659E+07 3.629E+02 8.512E-01 6.811E-04 3.123E-02 1.462E+03 9.775E-01 1.836E+01 2.000E+00
1.331E+07 3.681E+02 8.473E-01 6.811E-04 3.123E-02 1.455E+03 9.775E-01 1.836E+01 2.000E+00
4.541E+06 3.739E+02 8.430E-01 6.811E-04 3.123E-02 1.453E+03 9.775E-01 1.836E+01 2.000E+00
1.479E+06 3.104E+02 8.940E-01 6.811E-04 3.123E-02 1.527E+03 9.775E-01 1.836E+01 2.000E+00
1.354E+06 3.040E+02 8.996E-01 6.811E-04 3.124E-02 1.538E+03 9.775E-01 1.836E+01 2.000E+00
3.327E+07 4.048E+02 8.211E-01 6.811E-04 3.124E-02 1.425E+03 9.775E-01 1.836E+01 2.000E+00
8.403E+06 2.628E+02 9.385E-01 6.811E-04 3.125E-02 1.622E+03 9.776E-01 1.836E+01 2.000E+00
2.405E+06 2.589E+02 9.425E-01 6.811E-04 3.127E-02 1.632E+03 9.776E-01 1.836E+01 2.000E+00
2.027E+06 3.731E+02 8.438E-01 6.811E-04 3.130E-02 1.450E+03 9.776E-01 1.836E+01 2.000E+00
3.654E+06 3.887E+02 8.326E-01 6.811E-04 3.136E-02 1.434E+03 9.777E-01 1.836E+01 2.000E+00
3.147E+06 4.159E+02 8.141E-01 6.811E-04 3.147E-02 1.417E+03 9.778E-01 1.836E+01 2.000E+00
6.706E+05 2.272E+02 9.780E-01 6.811E-04 3.167E-02 2.209E+03 9.780E-01 1.837E+01 2.000E+00
7.914E+06 3.887E+02 8.343E-01 6.811E-04 3.203E-02 1.426E+03 9.783E-01 1.838E+01 2.000E+00
1.459E+07 3.982E+02 8.292E-01 6.811E-04 3.269E-02 1.407E+03 9.789E-01 1.839E+01 2.000E+00
1.386E+07 2.927E+02 9.193E-01 6.811E-04 3.391E-02 1.488E+03 9.801E-01 1.842E+01 2.000E+00
1.379E+07 3.018E+02 9.184E-01 6.811E-04 3.615E-02 1.426E+03 9.822E-01 1.847E+01 2.000E+00
4.648E+06 3.739E+02 8.430E-01 8.615E-04 3.123E-02 1.557E+03 9.777E-01 1.836E+01 2.000E+00
5.100E+06 3.739E+02 8.430E-01 8.615E-04 3.123E-02 1.450E+03 9.777E-01 1.836E+01 2.000E+00
6.222E+06 3.739E+02 8.430E-01 8.615E-04 3.123E-02 1.450E+03 9.777E-01 1.836E+01 2.000E+00
1.059E+07 3.739E+02 8.430E-01 8.615E-04 3.123E-02 1.450E+03 9.777E-01 1.836E+01 2.000E+00
4.586E+06 3.709E+02 8.452E-01 8.615E-04 3.123E-02 1.452E+03 9.777E-01 1.836E+01 2.000E+00
1.051E+08 3.771E+02 8.407E-01 8.615E-04 3.123E-02 1.447E+03 9.777E-01 1.836E+01 2.000E+00
8.472E+06 2.497E+02 9.517E-01 8.615E-04 3.123E-02 1.658E+03 9.777E-01 1.836E+01 2.000E+00
9.185E+05 3.040E+02 8.996E-01 8.615E-04 3.123E-02 1.538E+03 9.777E-01 1.836E+01 2.000E+00
3.659E+06 2.501E+02 9.514E-01 8.615E-04 3.124E-02 1.658E+03 9.777E-01 1.836E+01 2.000E+00
1.149E+06 2.745E+02 9.270E-01 8.615E-04 3.124E-02 1.597E+03 9.777E-01 1.836E+01 2.000E+00
2.536E+06 3.505E+02 8.609E-01 8.615E-04 3.125E-02 1.480E+03 9.777E-01 1.836E+01 2.000E+00
5.000E+06 3.207E+02 8.852E-01 8.615E-04 3.127E-02 1.517E+03 9.777E-01 1.836E+01 2.000E+00
7.620E+05 3.616E+02 8.524E-01 8.615E-04 3.130E-02 1.460E+03 9.778E-01 1.836E+01 2.000E+00
8.831E+06 3.454E+02 8.652E-01 8.615E-04 3.136E-02 1.482E+03 9.778E-01 1.836E+01 2.000E+00
5.782E+07 2.849E+02 9.179E-01 8.615E-04 3.147E-02 1.567E+03 9.779E-01 1.836E+01 2.000E+00
1.110E+06 2.272E+02 9.780E-01 8.615E-04 3.167E-02 1.714E+03 9.781E-01 1.837E+01 2.000E+00
1.687E+06 3.898E+02 8.335E-01 8.615E-04 3.203E-02 1.423E+03 9.785E-01 1.838E+01 2.000E+00
7.276E+05 3.997E+02 8.281E-01 8.615E-04 3.269E-02 1.405E+03 9.791E-01 1.839E+01 2.000E+00
9.616E+05 2.875E+02 9.243E-01 8.615E-04 3.391E-02 1.497E+03 9.802E-01 1.842E+01 2.000E+00
3.216E+06 3.011E+02 9.191E-01 8.615E-04 3.615E-02 1.428E+03 9.824E-01 1.847E+01 2.000E+00
6.289E+05 2.501E+02 9.513E-01 1.090E-03 3.123E-02 1.658E+03 9.779E-01 1.836E+01 2.000E+00
6.340E+05 2.501E+02 9.513E-01 1.090E-03 3.123E-02 1.658E+03 9.779E-01 1.836E+01 2.000E+00
6.436E+05 2.501E+02 9.513E-01 1.090E-03 3.123E-02 1.660E+03 9.779E-01 1.836E+01 2.000E+00
6.623E+05 2.501E+02 9.513E-01 1.090E-03 3.123E-02 1.659E+03 9.779E-01 1.836E+01 2.000E+00
7.001E+05 2.501E+02 9.513E-01 1.090E-03 3.123E-02 1.658E+03 9.779E-01 1.836E+01 2.000E+00
7.852E+05 2.501E+02 9.513E-01 1.090E-03 3.123E-02 1.658E+03 9.779E-01 1.836E+01 2.000E+00
1.405E+06 3.040E+02 8.996E-01 1.090E-03 3.123E-02 1.540E+03 9.779E-01 1.836E+01 2.000E+00
2.932E+06 2.501E+02 9.514E-01 1.090E-03 3.123E-02 1.664E+03 9.779E-01 1.836E+01 2.000E+00
3.601E+06 4.186E+02 8.118E-01 1.090E-03 3.124E-02 1.417E+03 9.779E-01 1.836E+01 2.000E+00
3.877E+06 2.760E+02 9.255E-01 1.090E-03 3.124E-02 1.592E+03 9.779E-01 1.836E+01 2.000E+00
3.078E+07 3.299E+02 8.775E-01 1.090E-03 3.125E-02 1.499E+03 9.779E-01 1.836E+01 2.000E+00
2.181E+06 3.224E+02 8.838E-01 1.090E-03 3.127E-02 1.524E+03 9.780E-01 1.836E+01 2.000E+00
1.954E+06 3.616E+02 8.524E-01 1.090E-03 3.130E-02 1.461E+03 9.780E-01 1.836E+01 2.000E+00
1.272E+07 3.492E+02 8.622E-01 1.090E-03 3.136E-02 1.472E+03 9.780E-01 1.836E+01 2.000E+00
3.104E+06 3.164E+02 8.896E-01 1.090E-03 3.147E-02 1.513E+03 9.781E-01 1.836E+01 2.000E+00
3.103E+06 3.119E+02 8.941E-01 1.090E-03 3.167E-02 1.514E+03 9.783E-01 1.837E+01 2.000E+00
1.223E+07 3.205E+02 8.878E-01 1.090E-03 3.203E-02 1.494E+03 9.787E-01 1.838E+01 2.000E+00
1.364E+06 3.997E+02 8.281E-01 1.090E-03 3.269E-02 1.406E+03 9.793E-01 1.839E+01 2.000E+00
4.485E+06 3.142E+02 8.994E-01 1.090E-03 3.391E-02 1.459E+03 9.805E-01 1.842E+01 2.000E+00
9.214E+05 3.003E+02 9.198E-01 1.090E-03 3.615E-02 1.432E+03 9.826E-01 1.847E+01 2.000E+00
1.250E+07 3.040E+02 8.996E-01 1.378E-03 3.123E-02 1.539E+03 9.782E-01 1.836E+01 2.000E+00
1.713E+07 3.040E+02 8.996E-01 1.378E-03 3.123E-02 1.539E+03 9.782E-01 1.836E+01 2.000E+00
5.449E+07 3.040E+02 8.996E-01 1.378E-03 3.123E-02 1.540E+03 9.782E-01 1.836E+01 2.000E+00
4.805E+06 2.501E+02 9.513E-01 1.378E-03 3.123E-02 1.659E+03 9.782E-01 1.836E+01 2.000E+00
1.093E+07 2.501E+02 9.514E-01 1.378E-03 3.123E-02 1.658E+03 9.782E-01 1.836E+01 2.000E+00
1.668E+06 4.188E+02 8.117E-01 1.378E-03 3.123E-02 1.418E+03 9.782E-01 1.836E+01 2.000E+00
3.620E+06 4.188E+02 8.117E-01 1.378E-03 3.123E-02 1.424E+03 9.782E-01 1.836E+01 2.000E+00
3.438E+06 4.186E+02 8.118E-01 1.378E-03 3.123E-02 1.422E+03 9.782E-01 1.836E+01 2.000E+00
1.704E+06 2.745E+02 9.269E-01 1.378E-03 3.124E-02 1.598E+03 9.782E-01 1.836E+01 2.000E+00
4.638E+06 2.660E+02 9.353E-01 1.378E-03 3.124E-02 1.617E+03 9.782E-01 1.836E+01 2.000E+00
1.143E+07 3.972E+02 8.264E-01 1.378E-03 3.125E-02 1.432E+03 9.782E-01 1.836E+01 2.000E+00
2.815E+06 3.123E+02 8.924E-01 1.378E-03 3.127E-02 1.524E+03 9.782E-01 1.836E+01 2.000E+00
3.163E+06 3.628E+02 8.515E-01 1.378E-03 3.130E-02 1.460E+03 9.783E-01 1.836E+01 2.000E+00
4.038E+06 3.449E+02 8.656E-01 1.378E-03 3.136E-02 1.478E+03 9.783E-01 1.836E+01 2.000E+00
4.053E+07 3.237E+02 8.833E-01 1.378E-03 3.147E-02 1.504E+03 9.784E-01 1.836E+01 2.000E+00
5.692E+06 4.156E+02 8.148E-01 1.378E-03 3.167E-02 1.413E+03 9.786E-01 1.837E+01 2.000E+00
1.251E+07 3.067E+02 9.000E-01 1.378E-03 3.203E-02 1.514E+03 9.790E-01 1.838E+01 2.000E+00
3.434E+06 2.839E+02 9.234E-01 1.378E-03 3.269E-02 1.535E+03 9.796E-01 1.839E+01 2.000E+00
1.070E+06 2.487E+02 9.643E-01 1.378E-03 3.391E-02 1.573E+03 9.807E-01 1.842E+01 2.000E+00
2.297E+06 3.047E+02 9.157E-01 1.378E-03 3.615E-02 1.423E+03 9.829E-01 1.847E+01 2.000E+00
4.772E+06 4.186E+02 8.118E-01 1.743E-03 3.123E-02 1.421E+03 9.785E-01 1.836E+01 2.000E+00
5.214E+06 4.186E+02 8.118E-01 1.743E-03 3.123E-02 1.418E+03 9.785E-01 1.836E+01 2.000E+00
6.298E+06 4.186E+02 8.118E-01 1.743E-03 3.123E-02 1.419E+03 9.785E-01 1.836E+01 2.000E+00
1.033E+07 4.186E+02 8.118E-01 1.743E-03 3.123E-02 1.419E+03 9.785E-01 1.836E+01 2.000E+00
4.187E+06 4.048E+02 8.211E-01 1.743E-03 3.123E-02 1.428E+03 9.785E-01 1.836E+01 2.000E+00
3.843E+07 4.048E+02 8.211E-01 1.743E-03 3.123E-02 1.429E+03 9.785E-01 1.836E+01 2.000E+00
1.434E+06 2.745E+02 9.269E-01 1.743E-03 3.123E-02 1.597E+03 9.785E-01 1.836E+01 2.000E+00
1.759E+06 2.760E+02 9.255E-01 1.743E-03 3.123E-02 1.593E+03 9.785E-01 1.836E+01 2.000E+00
1.150E+07 2.632E+02 9.381E-01 1.743E-03 3.124E-02 1.624E+03 9.785E-01 1.836E+01 2.000E+00
4.864E+06 3.574E+02 8.555E-01 1.743E-03 3.124E-02 1.468E+03 9.785E-01 1.836E+01 2.000E+00
1.955E+07 2.805E+02 9.213E-01 1.743E-03 3.125E-02 1.583E+03 9.786E-01 1.836E+01 2.000E+00
2.569E+06 3.901E+02 8.314E-01 1.743E-03 3.127E-02 1.437E+03 9.786E-01 1.836E+01 2.000E+00
7.114E+07 2.283E+02 9.751E-01 1.743E-03 3.130E-02 1.725E+03 9.786E-01 1.836E+01 2.000E+00
4.034E+06 2.943E+02 9.088E-01 1.743E-03 3.136E-02 1.559E+03 9.787E-01 1.836E+01 2.000E+00
2.802E+06 3.001E+02 9.039E-01 1.743E-03 3.147E-02 1.539E+03 9.788E-01 1.836E+01 2.000E+00
1.572E+06 3.220E+02 8.854E-01 1.743E-03 3.167E-02 1.501E+03 9.790E-01 1.837E+01 2.000E+00
2.538E+06 2.701E+02 9.344E-01 1.743E-03 3.203E-02 1.585E+03 9.793E-01 1.838E+01 2.000E+00
8.146E+06 2.695E+02 9.376E-01 1.743E-03 3.269E-02 1.564E+03 9.799E-01 1.839E+01 2.000E+00
3.582E+06 3.314E+02 8.844E-01 1.743E-03 3.391E-02 1.441E+03 9.811E-01 1.842E+01 2.000E+00
1.457E+06 2.996E+02 9.205E-01 1.743E-03 3.615E-02 1.430E+03 9.832E-01 1.847E+01 2.000E+00
1.212E+07 2.656E+02 9.357E-01 2.205E-03 3.123E-02 1.618E+03 9.790E-01 1.836E+01 2.000E+00
1.630E+07 2.656E+02 9.357E-01 2.205E-03 3.123E-02 1.619E+03 9.790E-01 1.836E+01 2.000E+00
4.504E+07 2.656E+02 9.357E-01 2.205E-03 3.123E-02 1.618E+03 9.790E-01 1.836E+01 2.000E+00
1.570E+07 2.689E+02 9.324E-01 2.205E-03 3.123E-02 1.610E+03 9.790E-01 1.836E+01 2.000E+00
3.662E+07 2.706E+02 9.307E-01 2.205E-03 3.123E-02 1.607E+03 9.790E-01 1.836E+01 2.000E+00
2.561E+07 2.632E+02 9.380E-01 2.205E-03 3.123E-02 1.624E+03 9.790E-01 1.836E+01 2.000E+00
3.800E+06 2.660E+02 9.353E-01 2.205E-03 3.123E-02 1.617E+03 9.790E-01 1.836E+01 2.000E+00
8.797E+06 2.628E+02 9.384E-01 2.205E-03 3.123E-02 1.626E+03 9.790E-01 1.836E+01 2.000E+00
1.246E+07 3.552E+02 8.572E-01 2.205E-03 3.124E-02 1.490E+03 9.790E-01 1.836E+01 2.000E+00
2.691E+06 3.850E+02 8.350E-01 2.205E-03 3.124E-02 1.445E+03 9.790E-01 1.836E+01 2.000E+00
3.193E+06 2.589E+02 9.424E-01 2.205E-03 3.125E-02 1.634E+03 9.790E-01 1.836E+01 2.000E+00
2.380E+06 4.109E+02 8.170E-01 2.205E-03 3.127E-02 1.424E+03 9.790E-01 1.836E+01 2.000E+00
9.107E+05 3.042E+02 8.997E-01 2.205E-03 3.130E-02 1.540E+03 9.790E-01 1.836E+01 2.000E+00
1.810E+08 3.137E+02 8.915E-01 2.205E-03 3.136E-02 1.521E+03 9.791E-01 1.836E+01 2.000E+00
6.790E+05 4.236E+02 8.090E-01 2.205E-03 3.147E-02 1.414E+03 9.792E-01 1.836E+01 2.000E+00
1.577E+06 3.925E+02 8.307E-01 2.205E-03 3.167E-02 1.433E+03 9.794E-01 1.837E+01 2.000E+00
1.673E+07 2.988E+02 9.071E-01 2.205E-03 3.203E-02 1.541E+03 9.797E-01 1.838E+01 2.000E+00
2.200E+06 2.705E+02 9.365E-01 2.205E-03 3.269E-02 1.562E+03 9.804E-01 1.839E+01 2.000E+00
7.084E+06 3.599E+02 8.610E-01 2.205E-03 3.391E-02 1.416E+03 9.815E-01 1.842E+01 2.000E+00
6.231E+06 2.774E+02 9.427E-01 2.205E-03 3.615E-02 1.460E+03 9.836E-01 1.847E+01 2.000E+00
5.687E+06 3.552E+02 8.572E-01 2.789E-03 3.123E-02 1.471E+03 9.795E-01 1.836E+01 2.000E+00
6.405E+06 3.552E+02 8.572E-01 2.789E-03 3.123E-02 1.472E+03 9.795E-01 1.836E+01 2.000E+00
8.358E+06 3.552E+02 8.572E-01 2.789E-03 3.123E-02 1.473E+03 9.795E-01 1.836E+01 2.000E+00
1.947E+07 3.552E+02 8.572E-01 2.789E-03 3.123E-02 1.471E+03 9.795E-01 1.836E+01 2.000E+00
3.498E+06 3.574E+02 8.555E-01 2.789E-03 3.123E-02 1.476E+03 9.795E-01 1.836E+01 2.000E+00
1.544E+07 3.574E+02 8.555E-01 2.789E-03 3.123E-02 1.470E+03 9.795E-01 1.836E+01 2.000E+00
3.818E+07 3.505E+02 8.608E-01 2.789E-03 3.123E-02 1.481E+03 9.795E-01 1.836E+01 2.000E+00
2.724E+07 3.307E+02 8.768E-01 2.789E-03 3.123E-02 1.501E+03 9.795E-01 1.836E+01 2.000E+00
1.214E+07 3.850E+02 8.350E-01 2.789E-03 3.124E-02 1.445E+03 9.795E-01 1.836E+01 2.000E+00
4.572E+06 4.164E+02 8.133E-01 2.789E-03 3.124E-02 1.422E+03 9.795E-01 1.836E+01 2.000E+00
6.175E+06 3.224E+02 8.838E-01 2.789E-03 3.125E-02 1.514E+03 9.795E-01 1.836E+01 2.000E+00
2.241E+07 3.473E+02 8.634E-01 2.789E-03 3.127E-02 1.479E+03 9.796E-01 1.836E+01 2.000E+00
8.291E+06 3.187E+02 8.871E-01 2.789E-03 3.130E-02 1.516E+03 9.796E-01 1.836E+01 2.000E+00
1.415E+08 3.395E+02 8.699E-01 2.789E-03 3.136E-02 1.491E+03 9.797E-01 1.836E+01 2.000E+00
4.494E+07 4.226E+02 8.097E-01 2.789E-03 3.147E-02 1.417E+03 9.798E-01 1.836E+01 2.000E+00
1.510E+06 3.618E+02 8.533E-01 2.789E-03 3.167E-02 1.457E+03 9.799E-01 1.837E+01 2.000E+00
3.775E+06 2.182E+02 9.900E-01 2.789E-03 3.203E-02 1.733E+03 9.803E-01 1.838E+01 2.000E+00
2.100E+06 2.779E+02 9.292E-01 2.789E-03 3.269E-02 1.549E+03 9.809E-01 1.839E+01 2.000E+00
3.913E+09 3.628E+02 8.587E-01 2.789E-03 3.391E-02 1.414E+03 9.821E-01 1.842E+01 2.000E+00
2.436E+07 2.688E+02 9.518E-01 2.789E-03 3.615E-02 1.476E+03 9.842E-01 1.847E+01 2.000E+00
1.910E+07 2.762E+02 9.254E-01 3.528E-03 3.123E-02 1.596E+03 9.802E-01 1.836E+01 2.000E+00
3.226E+07 2.762E+02 9.254E-01 3.528E-03 3.123E-02 1.604E+03 9.802E-01 1.836E+01 2.000E+00
2.275E+06 2.805E+02 9.212E-01 3.528E-03 3.123E-02 1.591E+03 9.802E-01 1.836E+01 2.000E+00
2.678E+06 2.805E+02 9.212E-01 3.528E-03 3.123E-02 1.586E+03 9.802E-01 1.836E+01 2.000E+00
4.019E+06 2.805E+02 9.212E-01 3.528E-03 3.123E-02 1.586E+03 9.802E-01 1.836E+01 2.000E+00
1.206E+08 2.805E+02 9.212E-01 3.528E-03 3.123E-02 1.586E+03 9.802E-01 1.836E+01 2.000E+00
1.316E+06 2.629E+02 9.383E-01 3.528E-03 3.123E-02 1.626E+03 9.802E-01 1.836E+01 2.000E+00
8.553E+05 2.897E+02 9.126E-01 3.528E-03 3.123E-02 1.567E+03 9.802E-01 1.836E+01 2.000E+00
1.262E+08 2.589E+02 9.424E-01 3.528E-03 3.124E-02 1.638E+03 9.802E-01 1.836E+01 2.000E+00
1.101E+06 3.224E+02 8.837E-01 3.528E-03 3.124E-02 1.513E+03 9.802E-01 1.836E+01 2.000E+00
1.259E+08 3.432E+02 8.667E-01 3.528E-03 3.125E-02 1.488E+03 9.802E-01 1.836E+01 2.000E+00
5.347E+07 3.763E+02 8.414E-01 3.528E-03 3.127E-02 1.451E+03 9.803E-01 1.836E+01 2.000E+00
4.848E+06 3.904E+02 8.313E-01 3.528E-03 3.130E-02 1.440E+03 9.803E-01 1.836E+01 2.000E+00
3.404E+06 3.235E+02 8.832E-01 3.528E-03 3.136E-02 1.508E+03 9.804E-01 1.836E+01 2.000E+00
4.201E+06 3.605E+02 8.537E-01 3.528E-03 3.147E-02 1.463E+03 9.805E-01 1.836E+01 2.000E+00
3.535E+06 3.717E+02 8.458E-01 3.528E-03 3.167E-02 1.449E+03 9.806E-01 1.837E+01 2.000E+00
1.760E+06 4.092E+02 8.200E-01 3.528E-03 3.203E-02 1.416E+03 9.810E-01 1.838E+01 2.000E+00
3.005E+06 2.167E+02 9.951E-01 3.528E-03 3.269E-02 1.715E+03 9.816E-01 1.839E+01 2.000E+00
8.076E+06 2.215E+02 9.954E-01 3.528E-03 3.391E-02 1.667E+03 9.828E-01 1.842E+01 2.000E+00
9.227E+07 2.557E+02 9.660E-01 3.528E-03 3.615E-02 1.498E+03 9.849E-01 1.847E+01 2.000E+00
4.869E+06 3.207E+02 8.852E-01 4.462E-03 3.123E-02 1.606E+03 9.811E-01 1.836E+01 2.000E+00
5.412E+06 3.207E+02 8.852E-01 4.462E-03 3.123E-02 1.517E+03 9.811E-01 1.836E+01 2.000E+00
6.821E+06 3.207E+02 8.852E-01 4.462E-03 3.123E-02 1.520E+03 9.811E-01 1.836E+01 2.000E+00
1.327E+07 3.207E+02 8.852E-01 4.462E-03 3.123E-02 1.518E+03 9.811E-01 1.836E+01 2.000E+00
5.746E+06 3.158E+02 8.893E-01 4.462E-03 3.123E-02 1.525E+03 9.811E-01 1.836E+01 2.000E+00
9.230E+05 3.224E+02 8.837E-01 4.462E-03 3.123E-02 1.515E+03 9.811E-01 1.836E+01 2.000E+00
1.312E+06 3.224E+02 8.837E-01 4.462E-03 3.123E-02 1.555E+03 9.811E-01 1.836E+01 2.000E+00
2.477E+07 3.224E+02 8.837E-01 4.462E-03 3.123E-02 1.516E+03 9.811E-01 1.836E+01 2.000E+00
1.841E+06 3.116E+02 8.930E-01 4.462E-03 3.124E-02 1.531E+03 9.811E-01 1.836E+01 2.000E+00
8.118E+06 3.503E+02 8.610E-01 4.462E-03 3.124E-02 1.479E+03 9.811E-01 1.836E+01 2.000E+00
1.620E+07 3.402E+02 8.690E-01 4.462E-03 3.125E-02 1.491E+03 9.811E-01 1.836E+01 2.000E+00
4.793E+07 2.299E+02 9.732E-01 4.462E-03 3.127E-02 1.724E+03 9.812E-01 1.836E+01 2.000E+00
6.164E+06 3.335E+02 8.747E-01 4.462E-03 3.130E-02 1.498E+03 9.812E-01 1.836E+01 2.000E+00
2.876E+06 2.377E+02 9.651E-01 4.462E-03 3.136E-02 1.696E+03 9.812E-01 1.836E+01 2.000E+00
2.851E+06 3.863E+02 8.346E-01 4.462E-03 3.147E-02 1.442E+03 9.813E-01 1.836E+01 2.000E+00
1.137E+07 2.625E+02 9.405E-01 4.462E-03 3.167E-02 1.615E+03 9.815E-01 1.837E+01 2.000E+00
5.559E+07 3.839E+02 8.378E-01 4.462E-03 3.203E-02 1.434E+03 9.819E-01 1.838E+01 2.000E+00
3.886E+06 2.493E+02 9.585E-01 4.462E-03 3.269E-02 1.614E+03 9.825E-01 1.839E+01 2.000E+00
4.727E+06 3.320E+02 8.839E-01 4.462E-03 3.391E-02 1.444E+03 9.837E-01 1.842E+01 2.000E+00
1.122E+06 3.166E+02 9.046E-01 4.462E-03 3.615E-02 1.416E+03 9.858E-01 1.847E+01 2.000E+00
4.506E+06 3.493E+02 8.618E-01 5.644E-03 3.123E-02 1.483E+03 9.822E-01 1.836E+01 2.000E+00
4.937E+06 3.493E+02 8.618E-01 5.644E-03 3.123E-02 1.498E+03 9.822E-01 1.836E+01 2.000E+00
6.002E+06 3.493E+02 8.618E-01 5.644E-03 3.123E-02 1.484E+03 9.822E-01 1.836E+01 2.000E+00
1.006E+07 3.493E+02 8.618E-01 5.644E-03 3.123E-02 1.482E+03 9.822E-01 1.836E+01 2.000E+00
3.932E+07 3.513E+02 8.602E-01 5.644E-03 3.123E-02 1.481E+03 9.822E-01 1.836E+01 2.000E+00
1.050E+07 3.555E+02 8.569E-01 5.644E-03 3.123E-02 1.476E+03 9.822E-01 1.836E+01 2.000E+00
2.077E+07 3.518E+02 8.598E-01 5.644E-03 3.123E-02 1.488E+03 9.822E-01 1.836E+01 2.000E+00
6.859E+06 3.790E+02 8.393E-01 5.644E-03 3.123E-02 1.454E+03 9.822E-01 1.836E+01 2.000E+00
3.059E+06 3.560E+02 8.566E-01 5.644E-03 3.124E-02 1.475E+03 9.822E-01 1.836E+01 2.000E+00
2.122E+06 3.468E+02 8.638E-01 5.644E-03 3.124E-02 1.485E+03 9.822E-01 1.836E+01 2.000E+00
1.076E+08 2.715E+02 9.300E-01 5.644E-03 3.125E-02 1.624E+03 9.823E-01 1.836E+01 2.000E+00
7.316E+06 3.108E+02 8.938E-01 5.644E-03 3.127E-02 1.533E+03 9.823E-01 1.836E+01 2.000E+00
4.562E+06 4.056E+02 8.207E-01 5.644E-03 3.130E-02 1.433E+03 9.823E-01 1.836E+01 2.000E+00
3.633E+06 2.418E+02 9.607E-01 5.644E-03 3.136E-02 1.682E+03 9.824E-01 1.836E+01 2.000E+00
3.304E+08 4.127E+02 8.163E-01 5.644E-03 3.147E-02 1.430E+03 9.825E-01 1.836E+01 2.000E+00
3.579E+06 2.623E+02 9.408E-01 5.644E-03 3.167E-02 1.616E+03 9.826E-01 1.837E+01 2.000E+00
7.429E+06 2.948E+02 9.107E-01 5.644E-03 3.203E-02 1.539E+03 9.830E-01 1.838E+01 2.000E+00
1.171E+06 2.978E+02 9.103E-01 5.644E-03 3.269E-02 1.517E+03 9.836E-01 1.839E+01 2.000E+00
1.717E+06 3.450E+02 8.730E-01 5.644E-03 3.391E-02 1.490E+03 9.848E-01 1.842E+01 2.000E+00
1.230E+06 2.337E+02 9.914E-01 5.644E-03 3.615E-02 1.547E+03 9.869E-01 1.847E+01 2.000E+00
1.061E+07 3.979E+02 8.259E-01 7.139E-03 3.123E-02 1.443E+03 9.836E-01 1.836E+01 2.000E+00
1.338E+07 3.979E+02 8.259E-01 7.139E-03 3.123E-02 1.443E+03 9.836E-01 1.836E+01 2.000E+00
2.595E+07 3.979E+02 8.259E-01 7.139E-03 3.123E-02 1.443E+03 9.836E-01 1.836E+01 2.000E+00
1.285E+06 3.910E+02 8.307E-01 7.139E-03 3.123E-02 1.447E+03 9.836E-01 1.836E+01 2.000E+00
1.450E+06 3.910E+02 8.307E-01 7.139E-03 3.123E-02 1.448E+03 9.836E-01 1.836E+01 2.000E+00
1.936E+06 3.910E+02 8.307E-01 7.139E-03 3.123E-02 1.447E+03 9.836E-01 1.836E+01 2.000E+00
6.467E+06 3.910E+02 8.307E-01 7.139E-03 3.123E-02 1.447E+03 9.836E-01 1.836E+01 2.000E+00
3.433E+06 2.715E+02 9.299E-01 7.139E-03 3.123E-02 1.611E+03 9.836E-01 1.836E+01 2.000E+00
2.345E+07 3.731E+02 8.437E-01 7.139E-03 3.124E-02 1.462E+03 9.837E-01 1.836E+01 2.000E+00
4.163E+06 3.680E+02 8.475E-01 7.139E-03 3.124E-02 1.467E+03 9.837E-01 1.836E+01 2.000E+00
1.207E+06 2.166E+02 9.882E-01 7.139E-03 3.125E-02 1.777E+03 9.837E-01 1.836E+01 2.000E+00
2.595E+06 4.161E+02 8.136E-01 7.139E-03 3.127E-02 1.431E+03 9.837E-01 1.836E+01 2.000E+00
2.713E+06 3.559E+02 8.568E-01 7.139E-03 3.130E-02 1.477E+03 9.837E-01 1.836E+01 2.000E+00
9.272E+05 2.072E+02 9.996E-01 7.139E-03 3.136E-02 1.812E+03 9.838E-01 1.836E+01 2.000E+00
3.966E+07 3.447E+02 8.661E-01 7.139E-03 3.147E-02 1.486E+03 9.839E-01 1.836E+01 2.000E+00
5.386E+06 3.568E+02 8.572E-01 7.139E-03 3.167E-02 1.468E+03 9.841E-01 1.837E+01 2.000E+00
3.120E+07 3.899E+02 8.335E-01 7.139E-03 3.203E-02 1.435E+03 9.844E-01 1.838E+01 2.000E+00
1.047E+06 3.074E+02 9.016E-01 7.139E-03 3.269E-02 1.508E+03 9.850E-01 1.839E+01 2.000E+00
5.466E+06 2.884E+02 9.235E-01 7.139E-03 3.391E-02 1.505E+03 9.862E-01 1.842E+01 2.000E+00
3.542E+06 2.716E+02 9.489E-01 7.139E-03 3.615E-02 1.474E+03 9.883E-01 1.847E+01 2.000E+00
5.039E+06 2.166E+02 9.881E-01 9.029E-03 3.123E-02 1.783E+03 9.854E-01 1.836E+01 2.000E+00
5.297E+06 2.166E+02 9.881E-01 9.029E-03 3.123E-02 1.780E+03 9.854E-01 1.836E+01 2.000E+00
5.849E+06 2.166E+02 9.881E-01 9.029E-03 3.123E-02 1.779E+03 9.854E-01 1.836E+01 2.000E+00
7.238E+06 2.166E+02 9.881E-01 9.029E-03 3.123E-02 1.792E+03 9.854E-01 1.836E+01 2.000E+00
1.292E+07 2.166E+02 9.881E-01 9.029E-03 3.123E-02 1.779E+03 9.854E-01 1.836E+01 2.000E+00
1.589E+06 2.115E+02 9.940E-01 9.029E-03 3.123E-02 1.801E+03 9.854E-01 1.836E+01 2.000E+00
1.986E+06 2.115E+02 9.940E-01 9.029E-03 3.123E-02 1.801E+03 9.854E-01 1.836E+01 2.000E+00
4.008E+06 2.115E+02 9.940E-01 9.029E-03 3.123E-02 1.822E+03 9.854E-01 1.836E+01 2.000E+00
7.531E+06 2.146E+02 9.904E-01 9.029E-03 3.124E-02 1.788E+03 9.854E-01 1.836E+01 2.000E+00
4.396E+06 2.231E+02 9.807E-01 9.029E-03 3.124E-02 1.754E+03 9.854E-01 1.836E+01 2.000E+00
1.108E+06 2.347E+02 9.680E-01 9.029E-03 3.125E-02 1.712E+03 9.855E-01 1.836E+01 2.000E+00
7.348E+05 2.459E+02 9.560E-01 9.029E-03 3.127E-02 1.677E+03 9.855E-01 1.836E+01 2.000E+00
5.019E+06 3.627E+02 8.516E-01 9.029E-03 3.130E-02 1.474E+03 9.855E-01 1.836E+01 2.000E+00
1.383E+06 2.670E+02 9.349E-01 9.029E-03 3.136E-02 1.619E+03 9.856E-01 1.836E+01 2.000E+00
5.143E+06 2.539E+02 9.486E-01 9.029E-03 3.147E-02 1.654E+03 9.857E-01 1.836E+01 2.000E+00
1.181E+06 2.493E+02 9.542E-01 9.029E-03 3.167E-02 1.653E+03 9.859E-01 1.837E+01 2.000E+00
1.381E+06 3.975E+02 8.281E-01 9.029E-03 3.203E-02 1.437E+03 9.862E-01 1.838E+01 2.000E+00
3.350E+06 2.626E+02 9.446E-01 9.029E-03 3.269E-02 1.603E+03 9.868E-01 1.839E+01 2.000E+00
6.971E+05 2.847E+02 9.272E-01 9.029E-03 3.391E-02 1.514E+03 9.880E-01 1.842E+01 2.000E+00
1.280E+06 2.138E+02 1.016E+00 9.029E-03 3.615E-02 1.600E+03 9.901E-01 1.847E+01 2.000E+00
3.590E+07 3.386E+02 8.704E-01 1.142E-02 3.123E-02 1.505E+03 9.877E-01 1.836E+01 2.000E+00
1.486E+08 3.386E+02 8.704E-01 1.142E-02 3.123E-02 1.508E+03 9.877E-01 1.836E+01 2.000E+00
1.925E+06 3.298E+02 8.776E-01 1.142E-02 3.123E-02 1.517E+03 9.877E-01 1.836E+01 2.000E+00
2.175E+06 3.298E+02 8.776E-01 1.142E-02 3.123E-02 1.517E+03 9.877E-01 1.836E+01 2.000E+00
2.883E+06 3.298E+02 8.776E-01 1.142E-02 3.123E-02 1.515E+03 9.877E-01 1.836E+01 2.000E+00
7.871E+06 3.298E+02 8.776E-01 1.142E-02 3.123E-02 1.619E+03 9.877E-01 1.836E+01 2.000E+00
1.444E+07 3.355E+02 8.729E-01 1.142E-02 3.123E-02 1.510E+03 9.877E-01 1.836E+01 2.000E+00
9.909E+05 2.456E+02 9.563E-01 1.142E-02 3.123E-02 1.682E+03 9.877E-01 1.836E+01 2.000E+00
3.054E+06 2.501E+02 9.516E-01 1.142E-02 3.124E-02 1.669E+03 9.877E-01 1.836E+01 2.000E+00
1.148E+06 2.459E+02 9.560E-01 1.142E-02 3.124E-02 1.690E+03 9.877E-01 1.836E+01 2.000E+00
3.172E+06 2.955E+02 9.075E-01 1.142E-02 3.125E-02 1.567E+03 9.877E-01 1.836E+01 2.000E+00
3.557E+06 3.395E+02 8.698E-01 1.142E-02 3.127E-02 1.502E+03 9.877E-01 1.836E+01 2.000E+00
7.225E+05 2.048E+02 1.002E+00 1.142E-02 3.130E-02 1.829E+03 9.878E-01 1.836E+01 2.000E+00
2.774E+06 3.245E+02 8.824E-01 1.142E-02 3.136E-02 1.519E+03 9.878E-01 1.836E+01 2.000E+00
1.194E+07 3.275E+02 8.802E-01 1.142E-02 3.147E-02 1.513E+03 9.879E-01 1.836E+01 2.000E+00
5.343E+06 3.723E+02 8.454E-01 1.142E-02 3.167E-02 1.463E+03 9.881E-01 1.837E+01 2.000E+00
9.461E+06 2.829E+02 9.221E-01 1.142E-02 3.203E-02 1.573E+03 9.885E-01 1.838E+01 2.000E+00
1.917E+07 3.307E+02 8.813E-01 1.142E-02 3.269E-02 1.482E+03 9.891E-01 1.839E+01 2.000E+00
3.809E+06 2.696E+02 9.423E-01 1.142E-02 3.391E-02 1.546E+03 9.902E-01 1.842E+01 2.000E+00
8.369E+05 2.110E+02 1.020E+00 1.142E-02 3.615E-02 1.609E+03 9.924E-01 1.847E+01 2.000E+00
6.474E+07 3.350E+02 8.733E-01 1.445E-02 3.123E-02 1.514E+03 9.906E-01 1.836E+01 2.000E+00
1.061E+09 3.444E+02 8.657E-01 1.445E-02 3.123E-02 1.503E+03 9.906E-01 1.836E+01 2.000E+00
4.886E+06 3.342E+02 8.740E-01 1.445E-02 3.123E-02 1.515E+03 9.906E-01 1.836E+01 2.000E+00
7.222E+06 3.342E+02 8.740E-01 1.445E-02 3.123E-02 1.515E+03 9.906E-01 1.836E+01 2.000E+00
7.741E+07 3.342E+02 8.740E-01 1.445E-02 3.123E-02 1.516E+03 9.906E-01 1.836E+01 2.000E+00
1.810E+06 2.847E+02 9.174E-01 1.445E-02 3.123E-02 1.592E+03 9.906E-01 1.836E+01 2.000E+00
7.594E+06 2.847E+02 9.174E-01 1.445E-02 3.123E-02 1.592E+03 9.906E-01 1.836E+01 2.000E+00
1.831E+06 3.295E+02 8.779E-01 1.445E-02 3.123E-02 1.522E+03 9.906E-01 1.836E+01 2.000E+00
3.793E+06 3.439E+02 8.662E-01 1.445E-02 3.124E-02 1.504E+03 9.906E-01 1.836E+01 2.000E+00
1.881E+06 3.693E+02 8.466E-01 1.445E-02 3.124E-02 1.479E+03 9.906E-01 1.836E+01 2.000E+00
7.571E+05 2.418E+02 9.604E-01 1.445E-02 3.125E-02 1.696E+03 9.906E-01 1.836E+01 2.000E+00
1.333E+06 2.072E+02 9.993E-01 1.445E-02 3.127E-02 1.832E+03 9.906E-01 1.836E+01 2.000E+00
2.068E+06 3.947E+02 8.283E-01 1.445E-02 3.130E-02 1.459E+03 9.906E-01 1.836E+01 2.000E+00
4.449E+06 3.771E+02 8.411E-01 1.445E-02 3.136E-02 1.470E+03 9.907E-01 1.836E+01 2.000E+00
1.993E+06 2.417E+02 9.615E-01 1.445E-02 3.147E-02 1.688E+03 9.908E-01 1.836E+01 2.000E+00
2.234E+06 3.783E+02 8.410E-01 1.445E-02 3.167E-02 1.465E+03 9.910E-01 1.837E+01 2.000E+00
4.476E+07 3.333E+02 8.771E-01 1.445E-02 3.203E-02 1.499E+03 9.913E-01 1.838E+01 2.000E+00
5.178E+06 3.486E+02 8.666E-01 1.445E-02 3.269E-02 1.470E+03 9.920E-01 1.839E+01 2.000E+00
9.530E+05 3.160E+02 8.979E-01 1.445E-02 3.391E-02 1.478E+03 9.931E-01 1.842E+01 2.000E+00
3.472E+06 2.812E+02 9.390E-01 1.445E-02 3.615E-02 1.470E+03 9.952E-01 1.847E+01 2.000E+00
2.478E+06 3.572E+02 8.557E-01 1.827E-02 3.123E-02 1.498E+03 9.942E-01 1.836E+01 2.000E+00
2.593E+06 3.572E+02 8.557E-01 1.827E-02 3.123E-02 1.501E+03 9.942E-01 1.836E+01 2.000E+00
2.837E+06 3.572E+02 8.557E-01 1.827E-02 3.123E-02 1.497E+03 9.942E-01 1.836E+01 2.000E+00
3.442E+06 3.572E+02 8.557E-01 1.827E-02 3.123E-02 1.505E+03 9.942E-01 1.836E+01 2.000E+00
5.790E+06 3.572E+02 8.557E-01 1.827E-02 3.123E-02 1.497E+03 9.942E-01 1.836E+01 2.000E+00
2.015E+07 3.550E+02 8.574E-01 1.827E-02 3.123E-02 1.499E+03 9.942E-01 1.836E+01 2.000E+00
4.411E+06 3.455E+02 8.649E-01 1.827E-02 3.123E-02 1.515E+03 9.942E-01 1.836E+01 2.000E+00
1.601E+06 3.503E+02 8.611E-01 1.827E-02 3.123E-02 1.504E+03 9.942E-01 1.836E+01 2.000E+00
2.590E+06 2.718E+02 9.298E-01 1.827E-02 3.124E-02 1.625E+03 9.942E-01 1.836E+01 2.000E+00
5.025E+06 2.753E+02 9.264E-01 1.827E-02 3.124E-02 1.616E+03 9.942E-01 1.836E+01 2.000E+00
8.232E+06 3.123E+02 8.926E-01 1.827E-02 3.125E-02 1.550E+03 9.942E-01 1.836E+01 2.000E+00
7.587E+06 2.917E+02 9.111E-01 1.827E-02 3.127E-02 1.584E+03 9.942E-01 1.836E+01 2.000E+00
3.710E+06 2.922E+02 9.107E-01 1.827E-02 3.130E-02 1.696E+03 9.943E-01 1.836E+01 2.000E+00
5.388E+06 3.783E+02 8.402E-01 1.827E-02 3.136E-02 1.480E+03 9.943E-01 1.836E+01 2.000E+00
1.968E+06 3.304E+02 8.779E-01 1.827E-02 3.147E-02 1.522E+03 9.944E-01 1.836E+01 2.000E+00
1.452E+06 3.842E+02 8.367E-01 1.827E-02 3.167E-02 1.468E+03 9.946E-01 1.837E+01 2.000E+00
2.054E+06 3.387E+02 8.727E-01 1.827E-02 3.203E-02 1.500E+03 9.949E-01 1.838E+01 2.000E+00
6.863E+05 3.622E+02 8.559E-01 1.827E-02 3.269E-02 1.467E+03 9.956E-01 1.839E+01 2.000E+00
1.973E+06 2.486E+02 9.647E-01 1.827E-02 3.391E-02 1.591E+03 9.967E-01 1.842E+01 2.000E+00
1.383E+06 2.283E+02 9.982E-01 1.827E-02 3.615E-02 1.572E+03 9.988E-01 1.847E+01 2.000E+00
8.339E+06 3.129E+02 8.921E-01 2.311E-02 3.123E-02 1.589E+03 9.988E-01 1.836E+01 2.000E+00
1.011E+07 3.129E+02 8.921E-01 2.311E-02 3.123E-02 1.561E+03 9.988E-01 1.836E+01 2.000E+00
1.664E+07 3.129E+02 8.921E-01 2.311E-02 3.123E-02 1.558E+03 9.988E-01 1.836E+01 2.000E+00
2.068E+07 3.121E+02 8.927E-01 2.311E-02 3.123E-02 1.563E+03 9.988E-01 1.836E+01 2.000E+00
3.518E+07 3.088E+02 8.956E-01 2.311E-02 3.123E-02 1.564E+03 9.988E-01 1.836E+01 2.000E+00
1.203E+07 3.164E+02 8.891E-01 2.311E-02 3.123E-02 1.553E+03 9.988E-01 1.836E+01 2.000E+00
7.751E+06 3.420E+02 8.677E-01 2.311E-02 3.123E-02 1.522E+03 9.988E-01 1.836E+01 2.000E+00
1.379E+06 3.671E+02 8.482E-01 2.311E-02 3.123E-02 1.499E+03 9.988E-01 1.836E+01 2.000E+00
2.540E+06 3.809E+02 8.380E-01 2.311E-02 3.124E-02 1.489E+03 9.988E-01 1.836E+01 2.000E+00
8.248E+06 3.153E+02 8.900E-01 2.311E-02 3.124E-02 1.563E+03 9.988E-01 1.836E+01 2.000E+00
8.579E+06 3.847E+02 8.353E-01 2.311E-02 3.125E-02 1.486E+03 9.988E-01 1.836E+01 2.000E+00
7.766E+07 2.188E+02 9.861E-01 2.311E-02 3.127E-02 1.783E+03 9.988E-01 1.836E+01 2.000E+00
6.893E+06 3.447E+02 8.658E-01 2.311E-02 3.130E-02 1.519E+03 9.988E-01 1.836E+01 2.000E+00
2.657E+06 2.454E+02 9.572E-01 2.311E-02 3.136E-02 1.691E+03 9.989E-01 1.836E+01 2.000E+00
1.816E+06 3.473E+02 8.642E-01 2.311E-02 3.147E-02 1.512E+03 9.990E-01 1.836E+01 2.000E+00
5.667E+06 3.298E+02 8.790E-01 2.311E-02 3.167E-02 1.529E+03 9.992E-01 1.837E+01 2.000E+00
1.327E+06 2.344E+02 9.721E-01 2.311E-02 3.203E-02 1.699E+03 9.995E-01 1.838E+01 2.000E+00
1.573E+06 2.031E+02 1.012E+00 2.311E-02 3.269E-02 1.788E+03 1.000E+00 1.839E+01 0.000E+00
1.597E+06 3.231E+02 8.918E-01 2.311E-02 3.391E-02 1.487E+03 1.000E+00 1.842E+01 0.000E+00
4.045E+06 2.931E+02 9.272E-01 2.311E-02 3.615E-02 1.497E+03 1.000E+00 1.847E+01 0.000E+00
6.664E+06 3.505E+02 8.610E-01 2.923E-02 3.123E-02 1.526E+03 1.000E+00 1.836E+01 0.000E+00
7.681E+06 3.505E+02 8.610E-01 2.923E-02 3.123E-02 1.526E+03 1.000E+00 1.836E+01 0.000E+00
1.071E+07 3.505E+02 8.610E-01 2.923E-02 3.123E-02 1.526E+03 1.000E+00 1.836E+01 0.000E+00
4.088E+07 3.505E+02 8.610E-01 2.923E-02 3.123E-02 1.596E+03 1.000E+00 1.836E+01 0.000E+00
7.460E+06 3.510E+02 8.606E-01 2.923E-02 3.123E-02 1.526E+03 1.000E+00 1.836E+01 0.000E+00
2.588E+06 3.515E+02 8.603E-01 2.923E-02 3.123E-02 1.525E+03 1.000E+00 1.836E+01 0.000E+00
2.045E+06 3.665E+02 8.487E-01 2.923E-02 3.123E-02 1.514E+03 1.000E+00 1.836E+01 0.000E+00
3.594E+06 3.557E+02 8.570E-01 2.923E-02 3.123E-02 1.522E+03 1.000E+00 1.836E+01 0.000E+00
2.394E+06 3.447E+02 8.656E-01 2.923E-02 3.124E-02 1.535E+03 1.000E+00 1.836E+01 0.000E+00
7.508E+06 2.362E+02 9.667E-01 2.923E-02 3.124E-02 1.730E+03 1.000E+00 1.836E+01 0.000E+00
1.175E+07 2.298E+02 9.737E-01 2.923E-02 3.125E-02 1.756E+03 1.000E+00 1.836E+01 0.000E+00
2.464E+08 2.907E+02 9.121E-01 2.923E-02 3.127E-02 1.602E+03 1.000E+00 1.836E+01 0.000E+00
6.346E+06 3.585E+02 8.550E-01 2.923E-02 3.130E-02 1.518E+03 1.000E+00 1.836E+01 0.000E+00
4.239E+06 3.162E+02 8.897E-01 2.923E-02 3.136E-02 1.571E+03 1.000E+00 1.836E+01 0.000E+00
1.769E+06 3.183E+02 8.882E-01 2.923E-02 3.147E-02 1.556E+03 1.000E+00 1.836E+01 0.000E+00
4.068E+06 2.674E+02 9.360E-01 2.923E-02 3.167E-02 1.634E+03 1.000E+00 1.837E+01 0.000E+00
6.112E+06 2.447E+02 9.610E-01 2.923E-02 3.203E-02 1.676E+03 1.000E+00 1.838E+01 0.000E+00
3.405E+06 2.209E+02 9.907E-01 2.923E-02 3.269E-02 1.726E+03 1.000E+00 1.839E+01 0.000E+00
2.686E+06 2.130E+02 1.006E+00 2.923E-02 3.391E-02 1.700E+03 1.000E+00 1.842E+01 0.000E+00
3.468E+06 2.343E+02 9.912E-01 2.923E-02 3.615E-02 1.710E+03 1.000E+00 1.847E+01 0.000E+00
2.275E+07 2.802E+02 9.219E-01 3.697E-02 3.123E-02 1.637E+03 1.000E+00 1.836E+01 0.000E+00
4.511E+07 2.802E+02 9.219E-01 3.697E-02 3.123E-02 1.677E+03 1.000E+00 1.836E+01 0.000E+00
1.376E+07 3.303E+02 8.774E-01 3.697E-02 3.123E-02 1.563E+03 1.000E+00 1.836E+01 0.000E+00
3.788E+08 3.303E+02 8.774E-01 3.697E-02 3.123E-02 1.563E+03 1.000E+00 1.836E+01 0.000E+00
1.053E+07 3.365E+02 8.723E-01 3.697E-02 3.123E-02 1.557E+03 1.000E+00 1.836E+01 0.000E+00
4.021E+06 3.287E+02 8.787E-01 3.697E-02 3.123E-02 1.564E+03 1.000E+00 1.836E+01 0.000E+00
2.750E+06 3.179E+02 8.879E-01 3.697E-02 3.123E-02 1.577E+03 1.000E+00 1.836E+01 0.000E+00
3.212E+06 3.085E+02 8.960E-01 3.697E-02 3.123E-02 1.590E+03 1.000E+00 1.836E+01 0.000E+00
5.557E+06 3.524E+02 8.596E-01 3.697E-02 3.124E-02 1.543E+03 1.000E+00 1.836E+01 0.000E+00
5.653E+06 3.023E+02 9.016E-01 3.697E-02 3.124E-02 1.600E+03 1.000E+00 1.836E+01 0.000E+00
6.615E+06 3.384E+02 8.708E-01 3.697E-02 3.125E-02 1.554E+03 1.000E+00 1.836E+01 0.000E+00
2.525E+06 3.339E+02 8.746E-01 3.697E-02 3.127E-02 1.559E+03 1.000E+00 1.836E+01 0.000E+00
1.944E+06 2.878E+02 9.150E-01 3.697E-02 3.130E-02 1.619E+03 1.000E+00 1.836E+01 0.000E+00
5.651E+06 2.756E+02 9.269E-01 3.697E-02 3.136E-02 1.640E+03 1.000E+00 1.836E+01 0.000E+00
1.947E+06 2.503E+02 9.528E-01 3.697E-02 3.147E-02 1.692E+03 1.000E+00 1.836E+01 0.000E+00
2.291E+06 3.376E+02 8.727E-01 3.697E-02 3.167E-02 1.546E+03 1.000E+00 1.837E+01 0.000E+00
2.106E+06 2.766E+02 9.284E-01 3.697E-02 3.203E-02 1.625E+03 1.000E+00 1.838E+01 0.000E+00
6.158E+06 3.173E+02 8.931E-01 3.697E-02 3.269E-02 1.550E+03 1.000E+00 1.839E+01 0.000E+00
4.160E+06 2.468E+02 9.670E-01 3.697E-02 3.391E-02 1.619E+03 1.000E+00 1.842E+01 0.000E+00
1.825E+07 2.426E+02 9.816E-01 3.697E-02 3.615E-02 1.562E+03 1.000E+00 1.847E+01 0.000E+00
1.889E+06 3.289E+02 8.786E-01 4.677E-02 3.123E-02 1.586E+03 1.000E+00 1.836E+01 0.000E+00
1.952E+06 3.289E+02 8.786E-01 4.677E-02 3.123E-02 1.587E+03 1.000E+00 1.836E+01 0.000E+00
2.082E+06 3.289E+02 8.786E-01 4.677E-02 3.123E-02 1.589E+03 1.000E+00 1.836E+01 0.000E+00
2.377E+06 3.289E+02 8.786E-01 4.677E-02 3.123E-02 1.586E+03 1.000E+00 1.836E+01 0.000E+00
3.247E+06 3.289E+02 8.787E-01 4.677E-02 3.123E-02 1.586E+03 1.000E+00 1.836E+01 0.000E+00
1.124E+07 3.289E+02 8.787E-01 4.677E-02 3.123E-02 1.586E+03 1.000E+00 1.836E+01 0.000E+00
7.042E+05 2.735E+02 9.286E-01 4.677E-02 3.123E-02 1.669E+03 1.000E+00 1.836E+01 0.000E+00
8.672E+08 3.319E+02 8.762E-01 4.677E-02 3.123E-02 1.584E+03 1.000E+00 1.836E+01 0.000E+00
7.329E+05 3.354E+02 8.733E-01 4.677E-02 3.124E-02 1.580E+03 1.000E+00 1.836E+01 0.000E+00
8.264E+06 3.391E+02 8.703E-01 4.677E-02 3.124E-02 1.577E+03 1.000E+00 1.836E+01 0.000E+00
2.383E+06 2.992E+02 9.046E-01 4.677E-02 3.125E-02 1.621E+03 1.000E+00 1.836E+01 0.000E+00
6.852E+07 2.376E+02 9.656E-01 4.677E-02 3.127E-02 1.747E+03 1.000E+00 1.836E+01 0.000E+00
1.731E+06 2.398E+02 9.634E-01 4.677E-02 3.130E-02 1.740E+03 1.000E+00 1.836E+01 0.000E+00
3.287E+06 3.034E+02 9.011E-01 4.677E-02 3.136E-02 1.615E+03 1.000E+00 1.836E+01 0.000E+00
6.418E+06 3.124E+02 8.935E-01 4.677E-02 3.147E-02 1.598E+03 1.000E+00 1.836E+01 0.000E+00
1.431E+07 3.179E+02 8.893E-01 4.677E-02 3.167E-02 1.598E+03 1.000E+00 1.837E+01 0.000E+00
2.128E+06 2.696E+02 9.355E-01 4.677E-02 3.203E-02 1.646E+03 1.000E+00 1.838E+01 0.000E+00
8.657E+05 2.328E+02 9.775E-01 4.677E-02 3.269E-02 1.708E+03 1.000E+00 1.839E+01 0.000E+00
2.857E+06 2.502E+02 9.635E-01 4.677E-02 3.391E-02 1.626E+03 1.000E+00 1.842E+01 0.000E+00
1.909E+06 2.255E+02 1.002E+00 4.677E-02 3.615E-02 1.613E+03 1.000E+00 1.847E+01 0.000E+00
1.382E+06 2.815E+02 9.210E-01 5.915E-02 3.123E-02 1.674E+03 1.000E+00 1.836E+01 0.000E+00
1.417E+06 2.815E+02 9.210E-01 5.915E-02 3.123E-02 1.673E+03 1.000E+00 1.836E+01 0.000E+00
1.487E+06 2.815E+02 9.210E-01 5.915E-02 3.123E-02 1.677E+03 1.000E+00 1.836E+01 0.000E+00
1.637E+06 2.815E+02 9.210E-01 5.915E-02 3.123E-02 1.673E+03 1.000E+00 1.836E+01 0.000E+00
2.021E+06 2.815E+02 9.210E-01 5.915E-02 3.123E-02 1.676E+03 1.000E+00 1.836E+01 0.000E+00
3.684E+06 2.815E+02 9.210E-01 5.915E-02 3.123E-02 1.673E+03 1.000E+00 1.836E+01 0.000E+00
2.784E+06 2.800E+02 9.224E-01 5.915E-02 3.123E-02 1.679E+03 1.000E+00 1.836E+01 0.000E+00
1.452E+06 2.581E+02 9.441E-01 5.915E-02 3.123E-02 1.722E+03 1.000E+00 1.836E+01 0.000E+00
1.383E+06 2.774E+02 9.249E-01 5.915E-02 3.124E-02 1.681E+03 1.000E+00 1.836E+01 0.000E+00
3.183E+06 2.293E+02 9.748E-01 5.915E-02 3.124E-02 1.791E+03 1.000E+00 1.836E+01 0.000E+00
3.103E+06 2.472E+02 9.554E-01 5.915E-02 3.125E-02 1.741E+03 1.000E+00 1.836E+01 0.000E+00
2.402E+06 2.456E+02 9.572E-01 5.915E-02 3.127E-02 1.746E+03 1.000E+00 1.836E+01 0.000E+00
2.571E+06 2.187E+02 9.872E-01 5.915E-02 3.130E-02 1.823E+03 1.000E+00 1.836E+01 0.000E+00
6.280E+06 2.799E+02 9.230E-01 5.915E-02 3.136E-02 1.672E+03 1.000E+00 1.836E+01 0.000E+00
1.639E+06 2.797E+02 9.236E-01 5.915E-02 3.147E-02 1.670E+03 1.000E+00 1.836E+01 0.000E+00
2.124E+06 2.921E+02 9.127E-01 5.915E-02 3.167E-02 1.646E+03 1.000E+00 1.837E+01 0.000E+00
6.693E+06 2.763E+02 9.291E-01 5.915E-02 3.203E-02 1.658E+03 1.000E+00 1.838E+01 0.000E+00
1.697E+06 2.459E+02 9.631E-01 5.915E-02 3.269E-02 1.694E+03 1.000E+00 1.839E+01 0.000E+00
1.787E+06 2.340E+02 9.819E-01 5.915E-02 3.391E-02 1.679E+03 1.000E+00 1.842E+01 0.000E+00
9.651E+05 2.174E+02 1.013E+00 5.915E-02 3.615E-02 1.642E+03 1.000E+00 1.847E+01 0.000E+00
5.850E+06 2.879E+02 9.152E-01 7.482E-02 3.123E-02 1.719E+03 1.000E+00 1.836E+01 0.000E+00
6.682E+06 2.879E+02 9.152E-01 7.482E-02 3.123E-02 1.705E+03 1.000E+00 1.836E+01 0.000E+00
9.068E+06 2.879E+02 9.152E-01 7.482E-02 3.123E-02 1.701E+03 1.000E+00 1.836E+01 0.000E+00
2.707E+07 2.879E+02 9.152E-01 7.482E-02 3.123E-02 1.702E+03 1.000E+00 1.836E+01 0.000E+00
1.837E+06 2.837E+02 9.191E-01 7.482E-02 3.123E-02 1.706E+03 1.000E+00 1.836E+01 0.000E+00
3.064E+06 2.837E+02 9.191E-01 7.482E-02 3.123E-02 1.711E+03 1.000E+00 1.836E+01 0.000E+00
5.764E+06 2.849E+02 9.181E-01 7.482E-02 3.123E-02 1.708E+03 1.000E+00 1.836E+01 0.000E+00
3.298E+06 2.802E+02 9.225E-01 7.482E-02 3.123E-02 1.711E+03 1.000E+00 1.836E+01 0.000E+00
2.852E+06 2.899E+02 9.133E-01 7.482E-02 3.124E-02 1.699E+03 1.000E+00 1.836E+01 0.000E+00
1.720E+07 2.895E+02 9.138E-01 7.482E-02 3.124E-02 1.699E+03 1.000E+00 1.836E+01 0.000E+00
9.892E+05 2.872E+02 9.159E-01 7.482E-02 3.125E-02 1.708E+03 1.000E+00 1.836E+01 0.000E+00
3.143E+07 2.321E+02 9.722E-01 7.482E-02 3.127E-02 1.807E+03 1.000E+00 1.836E+01 0.000E+00
4.767E+05 2.833E+02 9.198E-01 7.482E-02 3.130E-02 1.710E+03 1.000E+00 1.836E+01 0.000E+00
1.370E+07 2.801E+02 9.231E-01 7.482E-02 3.136E-02 1.707E+03 1.000E+00 1.836E+01 0.000E+00
2.508E+06 2.621E+02 9.412E-01 7.482E-02 3.147E-02 1.733E+03 1.000E+00 1.836E+01 0.000E+00
4.360E+05 2.477E+02 9.570E-01 7.482E-02 3.167E-02 1.754E+03 1.000E+00 1.837E+01 0.000E+00
1.599E+06 2.104E+02 1.001E+00 7.482E-02 3.203E-02 1.841E+03 1.000E+00 1.838E+01 0.000E+00
1.127E+06 2.625E+02 9.457E-01 7.482E-02 3.269E-02 1.693E+03 1.000E+00 1.839E+01 0.000E+00
5.910E+06 2.382E+02 9.774E-01 7.482E-02 3.391E-02 1.696E+03 1.000E+00 1.842E+01 0.000E+00
1.219E+06 2.145E+02 1.017E+00 7.482E-02 3.615E-02 1.681E+03 1.000E+00 1.847E+01 0.000E+00
5.693E+06 2.572E+02 9.455E-01 9.464E-02 3.123E-02 1.798E+03 1.000E+00 1.836E+01 0.000E+00
6.429E+06 2.572E+02 9.455E-01 9.464E-02 3.123E-02 1.797E+03 1.000E+00 1.836E+01 0.000E+00
8.444E+06 2.572E+02 9.455E-01 9.464E-02 3.123E-02 1.801E+03 1.000E+00 1.836E+01 0.000E+00
2.022E+07 2.572E+02 9.455E-01 9.464E-02 3.123E-02 1.796E+03 1.000E+00 1.836E+01 0.000E+00
1.704E+07 2.530E+02 9.499E-01 9.464E-02 3.123E-02 1.807E+03 1.000E+00 1.836E+01 0.000E+00
4.964E+05 2.492E+02 9.540E-01 9.464E-02 3.123E-02 1.811E+03 1.000E+00 1.836E+01 0.000E+00
5.639E+05 2.492E+02 9.540E-01 9.464E-02 3.123E-02 2.457E+03 1.000E+00 1.836E+01 0.000E+00
7.797E+05 2.492E+02 9.540E-01 9.464E-02 3.123E-02 1.811E+03 1.000E+00 1.836E+01 0.000E+00
5.880E+06 2.492E+02 9.540E-01 9.464E-02 3.124E-02 1.810E+03 1.000E+00 1.836E+01 0.000E+00
5.128E+07 2.443E+02 9.591E-01 9.464E-02 3.124E-02 2.183E+03 1.000E+00 1.836E+01 0.000E+00
5.233E+06 2.153E+02 9.917E-01 9.464E-02 3.125E-02 1.898E+03 1.000E+00 1.836E+01 0.000E+00
2.938E+06 2.214E+02 9.846E-01 9.464E-02 3.127E-02 1.886E+03 1.000E+00 1.836E+01 0.000E+00
1.021E+06 2.334E+02 9.713E-01 9.464E-02 3.130E-02 1.845E+03 1.000E+00 1.836E+01 0.000E+00
1.351E+07 2.373E+02 9.672E-01 9.464E-02 3.136E-02 1.830E+03 1.000E+00 1.836E+01 0.000E+00
3.091E+06 2.589E+02 9.448E-01 9.464E-02 3.147E-02 1.793E+03 1.000E+00 1.836E+01 0.000E+00
1.890E+07 2.553E+02 9.493E-01 9.464E-02 3.167E-02 1.785E+03 1.000E+00 1.837E+01 0.000E+00
3.188E+06 2.220E+02 9.876E-01 9.464E-02 3.203E-02 1.840E+03 1.000E+00 1.838E+01 0.000E+00
5.068E+05 2.427E+02 9.673E-01 9.464E-02 3.269E-02 1.803E+03 1.000E+00 1.839E+01 0.000E+00
9.964E+05 2.101E+02 1.012E+00 9.464E-02 3.391E-02 1.794E+03 1.000E+00 1.842E+01 0.000E+00
1.493E+06 2.098E+02 1.024E+00 9.464E-02 3.615E-02 1.716E+03 1.000E+00 1.847E+01 0.000E+00
5.258E+05 2.074E+02 1.002E+00 1.197E-01 3.123E-02 1.971E+03 1.000E+00 1.836E+01 0.000E+00
5.267E+05 2.074E+02 1.002E+00 1.197E-01 3.123E-02 1.970E+03 1.000E+00 1.836E+01 0.000E+00
5.285E+05 2.074E+02 1.002E+00 1.197E-01 3.123E-02 1.970E+03 1.000E+00 1.836E+01 0.000E+00
5.317E+05 2.074E+02 1.002E+00 1.197E-01 3.123E-02 1.970E+03 1.000E+00 1.836E+01 0.000E+00
5.378E+05 2.074E+02 1.002E+00 1.197E-01 3.123E-02 1.970E+03 1.000E+00 1.836E+01 0.000E+00
5.495E+05 2.074E+02 1.002E+00 1.197E-01 3.123E-02 1.972E+03 1.000E+00 1.836E+01 0.000E+00
7.435E+05 2.018E+02 1.008E+00 1.197E-01 3.123E-02 1.989E+03 1.000E+00 1.836E+01 0.000E+00
6.212E+05 2.074E+02 1.002E+00 1.197E-01 3.123E-02 1.970E+03 1.000E+00 1.836E+01 0.000E+00
7.423E+05 2.074E+02 1.002E+00 1.197E-01 3.124E-02 1.974E+03 1.000E+00 1.836E+01 0.000E+00
1.214E+06 2.074E+02 1.002E+00 1.197E-01 3.124E-02 1.974E+03 1.000E+00 1.836E+01 0.000E+00
1.369E+06 2.101E+02 9.985E-01 1.197E-01 3.125E-02 1.962E+03 1.000E+00 1.836E+01 0.000E+00
1.776E+06 2.038E+02 1.006E+00 1.197E-01 3.127E-02 1.980E+03 1.000E+00 1.836E+01 0.000E+00
7.790E+05 2.257E+02 9.805E-01 1.197E-01 3.130E-02 1.926E+03 1.000E+00 1.836E+01 0.000E+00
1.944E+06 2.018E+02 1.009E+00 1.197E-01 3.136E-02 1.982E+03 1.000E+00 1.836E+01 0.000E+00
2.349E+06 2.035E+02 1.008E+00 1.197E-01 3.147E-02 1.975E+03 1.000E+00 1.837E+01 0.000E+00
2.443E+06 2.168E+02 9.926E-01 1.197E-01 3.167E-02 1.925E+03 1.000E+00 1.837E+01 0.000E+00
1.042E+06 2.043E+02 1.010E+00 1.197E-01 3.203E-02 1.945E+03 1.000E+00 1.838E+01 0.000E+00
8.818E+05 2.127E+02 1.003E+00 1.197E-01 3.269E-02 1.891E+03 1.000E+00 1.839E+01 0.000E+00
6.320E+06 2.034E+02 1.021E+00 1.197E-01 3.391E-02 1.865E+03 1.000E+00 1.842E+01 0.000E+00
NAN NAN NAN 1.197E-01 3.615E-02 NAN 1.000E+00 1.847E+01 0.000E+00
NAN NAN NAN 1.514E-01 3.123E-02 NAN 1.000E+00 1.836E+01 0.000E+00
NAN NAN NAN 1.514E-01 3.123E-02 NAN 1.000E+00 1.836E+01 0.000E+00
NAN NAN NAN 1.514E-01 3.123E-02 NAN 1.000E+00 1.836E+01 0.000E+00
NAN NAN NAN 1.514E-01 3.123E-02 NAN 1.000E+00 1.836E+01 0.000E+00
NAN NAN NAN 1.514E-01 3.123E-02 NAN 1.000E+00 1.836E+01 0.000E+00
NAN NAN NAN 1.514E-01 3.123E-02 NAN 1.000E+00 1.836E+01 0.000E+00
NAN NAN NAN 1.514E-01 3.123E-02 NAN 1.000E+00 1.836E+01 0.000E+00
NAN NAN NAN 1.514E-01 3.123E-02 NAN 1.000E+00 1.836E+01 0.000E+00
NAN NAN NAN 1.514E-01 3.124E-02 NAN 1.000E+00 1.836E+01 0.000E+00
NAN NAN NAN 1.514E-01 3.124E-02 NAN 1.000E+00 1.836E+01 0.000E+00
NAN NAN NAN 1.514E-01 3.125E-02 NAN 1.000E+00 1.836E+01 0.000E+00
NAN NAN NAN 1.514E-01 3.127E-02 NAN 1.000E+00 1.836E+01 0.000E+00
NAN NAN NAN 1.514E-01 3.130E-02 NAN 1.000E+00 1.836E+01 0.000E+00
NAN NAN NAN 1.514E-01 3.136E-02 NAN 1.000E+00 1.836E+01 0.000E+00
NAN NAN NAN 1.514E-01 3.147E-02 NAN 1.000E+00 1.837E+01 0.000E+00
NAN NAN NAN 1.514E-01 3.167E-02 NAN 1.000E+00 1.837E+01 0.000E+00
NAN NAN NAN 1.514E-01 3.203E-02 NAN 1.000E+00 1.838E+01 0.000E+00
NAN NAN NAN 1.514E-01 3.269E-02 NAN 1.000E+00 1.839E+01 0.000E+00
NAN NAN NAN 1.514E-01 3.391E-02 NAN 1.000E+00 1.842E+01 0.000E+00
NAN NAN NAN 1.514E-01 3.615E-02 NAN 1.000E+00 1.847E+01 0.000E+00
NAN NAN NAN 1.915E-01 3.123E-02 NAN 1.000E+00 1.836E+01 0.000E+00
NAN NAN NAN 1.915E-01 3.123E-02 NAN 1.000E+00 1.836E+01 0.000E+00
NAN NAN NAN 1.915E-01 3.123E-02 NAN 1.000E+00 1.836E+01 0.000E+00
NAN NAN NAN 1.915E-01 3.123E-02 NAN 1.000E+00 1.836E+01 0.000E+00
NAN NAN NAN 1.915E-01 3.123E-02 NAN 1.000E+00 1.836E+01 0.000E+00
NAN NAN NAN 1.915E-01 3.123E-02 NAN 1.000E+00 1.836E+01 0.000E+00
NAN NAN NAN 1.915E-01 3.123E-02 NAN 1.000E+00 1.836E+01 0.000E+00
NAN NAN NAN 1.915E-01 3.123E-02 NAN 1.000E+00 1.836E+01 0.000E+00
NAN NAN NAN 1.915E-01 3.124E-02 NAN 1.000E+00 1.836E+01 0.000E+00
NAN NAN NAN 1.915E-01 3.124E-02 NAN 1.000E+00 1.836E+01 0.000E+00
NAN NAN NAN 1.915E-01 3.125E-02 NAN 1.000E+00 1.836E+01 0.000E+00
NAN NAN NAN 1.915E-01 3.127E-02 NAN 1.000E+00 1.836E+01 0.000E+00
NAN NAN NAN 1.915E-01 3.130E-02 NAN 1.000E+00 1.836E+01 0.000E+00
NAN NAN NAN 1.915E-01 3.136E-02 NAN 1.000E+00 1.836E+01 0.000E+00
NAN NAN NAN 1.915E-01 3.147E-02 NAN 1.000E+00 1.837E+01 0.000E+00
NAN NAN NAN 1.915E-01 3.167E-02 NAN 1.000E+00 1.837E+01 0.000E+00
NAN NAN NAN 1.915E-01 3.203E-02 NAN 1.000E+00 1.838E+01 0.000E+00
NAN NAN NAN 1.915E-01 3.269E-02 NAN 1.000E+00 1.839E+01 0.000E+00
NAN NAN NAN 1.915E-01 3.391E-02 NAN 1.000E+00 1.842E+01 0.000E+00
NAN NAN NAN 1.915E-01 3.615E-02 NAN 1.000E+00 1.847E+01 0.000E+00
NAN NAN NAN 2.422E-01 3.123E-02 NAN 1.000E+00 1.836E+01 0.000E+00
NAN NAN NAN 2.422E-01 3.123E-02 NAN 1.000E+00 1.836E+01 0.000E+00
NAN NAN NAN 2.422E-01 3.123E-02 NAN 1.000E+00 1.836E+01 0.000E+00
NAN NAN NAN 2.422E-01 3.123E-02 NAN 1.000E+00 1.836E+01 0.000E+00
NAN NAN NAN 2.422E-01 3.123E-02 NAN 1.000E+00 1.836E+01 0.000E+00
NAN NAN NAN 2.422E-01 3.123E-02 NAN 1.000E+00 1.836E+01 0.000E+00
NAN NAN NAN 2.422E-01 3.123E-02 NAN 1.000E+00 1.836E+01 0.000E+00
NAN NAN NAN 2.422E-01 3.123E-02 NAN 1.000E+00 1.836E+01 0.000E+00
NAN NAN NAN 2.422E-01 3.124E-02 NAN 1.000E+00 1.836E+01 0.000E+00
NAN NAN NAN 2.422E-01 3.124E-02 NAN 1.000E+00 1.836E+01 0.000E+00
NAN NAN NAN 2.422E-01 3.125E-02 NAN 1.000E+00 1.836E+01 0.000E+00
NAN NAN NAN 2.422E-01 3.127E-02 NAN 1.000E+00 1.836E+01 0.000E+00
NAN NAN NAN 2.422E-01 3.130E-02 NAN 1.000E+00 1.836E+01 0.000E+00
NAN NAN NAN 2.422E-01 3.136E-02 NAN 1.000E+00 1.837E+01 0.000E+00
NAN NAN NAN 2.422E-01 3.147E-02 NAN 1.000E+00 1.837E+01 0.000E+00
NAN NAN NAN 2.422E-01 3.167E-02 NAN 1.000E+00 1.837E+01 0.000E+00
NAN NAN NAN 2.422E-01 3.203E-02 NAN 1.000E+00 1.838E+01 0.000E+00
NAN NAN NAN 2.422E-01 3.269E-02 NAN 1.000E+00 1.840E+01 0.000E+00
NAN NAN NAN 2.422E-01 3.391E-02 NAN 1.000E+00 1.842E+01 0.000E+00
NAN NAN NAN 2.422E-01 3.615E-02 NAN 1.000E+00 1.848E+01 0.000E+00
NAN NAN NAN 3.064E-01 3.123E-02 NAN 1.000E+00 1.836E+01 0.000E+00
NAN NAN NAN 3.064E-01 3.123E-02 NAN 1.000E+00 1.836E+01 0.000E+00
NAN NAN NAN 3.064E-01 3.123E-02 NAN 1.000E+00 1.836E+01 0.000E+00
NAN NAN NAN 3.064E-01 3.123E-02 NAN 1.000E+00 1.836E+01 0.000E+00
NAN NAN NAN 3.064E-01 3.123E-02 NAN 1.000E+00 1.836E+01 0.000E+00
NAN NAN NAN 3.064E-01 3.123E-02 NAN 1.000E+00 1.836E+01 0.000E+00
NAN NAN NAN 3.064E-01 3.123E-02 NAN 1.000E+00 1.836E+01 0.000E+00
NAN NAN NAN 3.064E-01 3.123E-02 NAN 1.000E+00 1.836E+01 0.000E+00
NAN NAN NAN 3.064E-01 3.124E-02 NAN 1.000E+00 1.836E+01 0.000E+00
NAN NAN NAN 3.064E-01 3.124E-02 NAN 1.000E+00 1.836E+01 0.000E+00
NAN NAN NAN 3.064E-01 3.125E-02 NAN 1.000E+00 1.836E+01 0.000E+00
NAN NAN NAN 3.064E-01 3.127E-02 NAN 1.000E+00 1.836E+01 0.000E+00
NAN NAN NAN 3.064E-01 3.130E-02 NAN 1.000E+00 1.837E+01 0.000E+00
NAN NAN NAN 3.064E-01 3.136E-02 NAN 1.000E+00 1.837E+01 0.000E+00
NAN NAN NAN 3.064E-01 3.147E-02 NAN 1.000E+00 1.837E+01 0.000E+00
NAN NAN NAN 3.064E-01 3.167E-02 NAN 1.000E+00 1.837E+01 0.000E+00
NAN NAN NAN 3.064E-01 3.203E-02 NAN 1.000E+00 1.838E+01 0.000E+00
NAN NAN NAN 3.064E-01 3.269E-02 NAN 1.000E+00 1.840E+01 0.000E+00
NAN NAN NAN 3.064E-01 3.391E-02 NAN 1.000E+00 1.843E+01 0.000E+00
NAN NAN NAN 3.064E-01 3.615E-02 NAN 1.000E+00 1.848E+01 0.000E+00
NAN NAN NAN 3.875E-01 3.123E-02 NAN 1.000E+00 1.837E+01 0.000E+00
NAN NAN NAN 3.875E-01 3.123E-02 NAN 1.000E+00 1.837E+01 0.000E+00
NAN NAN NAN 3.875E-01 3.123E-02 NAN 1.000E+00 1.837E+01 0.000E+00
NAN NAN NAN 3.875E-01 3.123E-02 NAN 1.000E+00 1.837E+01 0.000E+00
NAN NAN NAN 3.875E-01 3.123E-02 NAN 1.000E+00 1.837E+01 0.000E+00
NAN NAN NAN 3.875E-01 3.123E-02 NAN 1.000E+00 1.837E+01 0.000E+00
NAN NAN NAN 3.875E-01 3.123E-02 NAN 1.000E+00 1.837E+01 0.000E+00
NAN NAN NAN 3.875E-01 3.123E-02 NAN 1.000E+00 1.837E+01 0.000E+00
NAN NAN NAN 3.875E-01 3.124E-02 NAN 1.000E+00 1.837E+01 0.000E+00
NAN NAN NAN 3.875E-01 3.124E-02 NAN 1.000E+00 1.837E+01 0.000E+00
NAN NAN NAN 3.875E-01 3.125E-02 NAN 1.000E+00 1.837E+01 0.000E+00
NAN NAN NAN 3.875E-01 3.127E-02 NAN 1.000E+00 1.837E+01 0.000E+00
NAN NAN NAN 3.875E-01 3.130E-02 NAN 1.000E+00 1.837E+01 0.000E+00
NAN NAN NAN 3.875E-01 3.136E-02 NAN 1.000E+00 1.837E+01 0.000E+00
NAN NAN NAN 3.875E-01 3.147E-02 NAN 1.000E+00 1.837E+01 0.000E+00
NAN NAN NAN 3.875E-01 3.167E-02 NAN 1.000E+00 1.838E+01 0.000E+00
NAN NAN NAN 3.875E-01 3.203E-02 NAN 1.000E+00 1.838E+01 0.000E+00
NAN NAN NAN 3.875E-01 3.269E-02 NAN 1.000E+00 1.840E+01 0.000E+00
NAN NAN NAN 3.875E-01 3.391E-02 NAN 1.000E+00 1.843E+01 0.000E+00
NAN NAN NAN 3.875E-01 3.615E-02 NAN 1.000E+00 1.848E+01 0.000E+00
NAN NAN NAN 4.902E-01 3.123E-02 NAN 1.000E+00 1.837E+01 0.000E+00
NAN NAN NAN 4.902E-01 3.123E-02 NAN 1.000E+00 1.837E+01 0.000E+00
NAN NAN NAN 4.902E-01 3.123E-02 NAN 1.000E+00 1.837E+01 0.000E+00
NAN NAN NAN 4.902E-01 3.123E-02 NAN 1.000E+00 1.837E+01 0.000E+00
NAN NAN NAN 4.902E-01 3.123E-02 NAN 1.000E+00 1.837E+01 0.000E+00
NAN NAN NAN 4.902E-01 3.123E-02 NAN 1.000E+00 1.837E+01 0.000E+00
NAN NAN NAN 4.902E-01 3.123E-02 NAN 1.000E+00 1.837E+01 0.000E+00
NAN NAN NAN 4.902E-01 3.123E-02 NAN 1.000E+00 1.837E+01 0.000E+00
NAN NAN NAN 4.902E-01 3.124E-02 NAN 1.000E+00 1.837E+01 0.000E+00
NAN NAN NAN 4.902E-01 3.124E-02 NAN 1.000E+00 1.837E+01 0.000E+00
NAN NAN NAN 4.902E-01 3.125E-02 NAN 1.000E+00 1.837E+01 0.000E+00
NAN NAN NAN 4.902E-01 3.127E-02 NAN 1.000E+00 1.837E+01 0.000E+00
NAN NAN NAN 4.902E-01 3.130E-02 NAN 1.000E+00 1.837E+01 0.000E+00
NAN NAN NAN 4.902E-01 3.136E-02 NAN 1.000E+00 1.837E+01 0.000E+00
NAN NAN NAN 4.902E-01 3.147E-02 NAN 1.000E+00 1.837E+01 0.000E+00
NAN NAN NAN 4.902E-01 3.167E-02 NAN 1.000E+00 1.838E+01 0.000E+00
NAN NAN NAN 4.902E-01 3.203E-02 NAN 1.000E+00 1.839E+01 0.000E+00
NAN NAN NAN 4.902E-01 3.269E-02 NAN 1.000E+00 1.840E+01 0.000E+00
NAN NAN NAN 4.902E-01 3.391E-02 NAN 1.000E+00 1.843E+01 0.000E+00
NAN NAN NAN 4.902E-01 3.615E-02 NAN 1.000E+00 1.848E+01 0.000E+00
NAN NAN NAN 6.200E-01 3.123E-02 NAN 1.000E+00 1.837E+01 0.000E+00
NAN NAN NAN 6.200E-01 3.123E-02 NAN 1.000E+00 1.837E+01 0.000E+00
NAN NAN NAN 6.200E-01 3.123E-02 NAN 1.000E+00 1.837E+01 0.000E+00
NAN NAN NAN 6.200E-01 3.123E-02 NAN 1.000E+00 1.837E+01 0.000E+00
NAN NAN NAN 6.200E-01 3.123E-02 NAN 1.000E+00 1.837E+01 0.000E+00
NAN NAN NAN 6.200E-01 3.123E-02 NAN 1.000E+00 1.837E+01 0.000E+00
NAN NAN NAN 6.200E-01 3.123E-02 NAN 1.000E+00 1.837E+01 0.000E+00
NAN NAN NAN 6.200E-01 3.123E-02 NAN 1.000E+00 1.837E+01 0.000E+00
NAN NAN NAN 6.200E-01 3.124E-02 NAN 1.000E+00 1.837E+01 0.000E+00
NAN NAN NAN 6.200E-01 3.124E-02 NAN 1.000E+00 1.837E+01 0.000E+00
NAN NAN NAN 6.200E-01 3.125E-02 NAN 1.000E+00 1.837E+01 0.000E+00
NAN NAN NAN 6.200E-01 3.127E-02 NAN 1.000E+00 1.837E+01 0.000E+00
NAN NAN NAN 6.200E-01 3.130E-02 NAN 1.000E+00 1.837E+01 0.000E+00
NAN NAN NAN 6.200E-01 3.136E-02 NAN 1.000E+00 1.837E+01 0.000E+00
NAN NAN NAN 6.200E-01 3.147E-02 NAN 1.000E+00 1.838E+01 0.000E+00
NAN NAN NAN 6.200E-01 3.167E-02 NAN 1.000E+00 1.838E+01 0.000E+00
NAN NAN NAN 6.200E-01 3.203E-02 NAN 1.000E+00 1.839E+01 0.000E+00
NAN NAN NAN 6.200E-01 3.269E-02 NAN 1.000E+00 1.840E+01 0.000E+00
NAN NAN NAN 6.200E-01 3.391E-02 NAN 1.000E+00 1.843E+01 0.000E+00
NAN NAN NAN 6.200E-01 3.615E-02 NAN 1.000E+00 1.848E+01 0.000E+00
NAN NAN NAN 7.842E-01 3.123E-02 NAN 1.000E+00 1.837E+01 0.000E+00
NAN NAN NAN 7.842E-01 3.123E-02 NAN 1.000E+00 1.837E+01 0.000E+00
NAN NAN NAN 7.842E-01 3.123E-02 NAN 1.000E+00 1.837E+01 0.000E+00
NAN NAN NAN 7.842E-01 3.123E-02 NAN 1.000E+00 1.837E+01 0.000E+00
NAN NAN NAN 7.842E-01 3.123E-02 NAN 1.000E+00 1.837E+01 0.000E+00
NAN NAN NAN 7.842E-01 3.123E-02 NAN 1.000E+00 1.837E+01 0.000E+00
NAN NAN NAN 7.842E-01 3.123E-02 NAN 1.000E+00 1.837E+01 0.000E+00
NAN NAN NAN 7.842E-01 3.123E-02 NAN 1.000E+00 1.837E+01 0.000E+00
NAN NAN NAN 7.842E-01 3.124E-02 NAN 1.000E+00 1.837E+01 0.000E+00
NAN NAN NAN 7.842E-01 3.124E-02 NAN 1.000E+00 1.837E+01 0.000E+00
NAN NAN NAN 7.842E-01 3.125E-02 NAN 1.000E+00 1.838E+01 0.000E+00
NAN NAN NAN 7.842E-01 3.127E-02 NAN 1.000E+00 1.838E+01 0.000E+00
NAN NAN NAN 7.842E-01 3.130E-02 NAN 1.000E+00 1.838E+01 0.000E+00
NAN NAN NAN 7.842E-01 3.136E-02 NAN 1.000E+00 1.838E+01 0.000E+00
NAN NAN NAN 7.842E-01 3.147E-02 NAN 1.000E+00 1.838E+01 0.000E+00
NAN NAN NAN 7.842E-01 3.167E-02 NAN 1.000E+00 1.838E+01 0.000E+00
NAN NAN NAN 7.842E-01 3.203E-02 NAN 1.000E+00 1.839E+01 0.000E+00
NAN NAN NAN 7.842E-01 3.269E-02 NAN 1.000E+00 1.841E+01 0.000E+00
NAN NAN NAN 7.842E-01 3.391E-02 NAN 1.000E+00 1.844E+01 0.000E+00
NAN NAN NAN 7.842E-01 3.615E-02 NAN 1.000E+00 1.849E+01 0.000E+00
NAN NAN NAN 9.919E-01 3.123E-02 NAN 1.000E+00 1.838E+01 0.000E+00
NAN NAN NAN 9.919E-01 3.123E-02 NAN 1.000E+00 1.838E+01 0.000E+00
NAN NAN NAN 9.919E-01 3.123E-02 NAN 1.000E+00 1.838E+01 0.000E+00
NAN NAN NAN 9.919E-01 3.123E-02 NAN 1.000E+00 1.838E+01 0.000E+00
NAN NAN NAN 9.919E-01 3.123E-02 NAN 1.000E+00 1.838E+01 0.000E+00
NAN NAN NAN 9.919E-01 3.123E-02 NAN 1.000E+00 1.838E+01 0.000E+00
NAN NAN NAN 9.919E-01 3.123E-02 NAN 1.000E+00 1.838E+01 0.000E+00
NAN NAN NAN 9.919E-01 3.123E-02 NAN 1.000E+00 1.838E+01 0.000E+00
NAN NAN NAN 9.919E-01 3.124E-02 NAN 1.000E+00 1.838E+01 0.000E+00
NAN NAN NAN 9.919E-01 3.124E-02 NAN 1.000E+00 1.838E+01 0.000E+00
NAN NAN NAN 9.919E-01 3.125E-02 NAN 1.000E+00 1.838E+01 0.000E+00
NAN NAN NAN 9.919E-01 3.127E-02 NAN 1.000E+00 1.838E+01 0.000E+00
NAN NAN NAN 9.919E-01 3.130E-02 NAN 1.000E+00 1.838E+01 0.000E+00
NAN NAN NAN 9.919E-01 3.136E-02 NAN 1.000E+00 1.838E+01 0.000E+00
NAN NAN NAN 9.919E-01 3.147E-02 NAN 1.000E+00 1.839E+01 0.000E+00
NAN NAN NAN 9.919E-01 3.167E-02 NAN 1.000E+00 1.839E+01 0.000E+00
NAN NAN NAN 9.919E-01 3.203E-02 NAN 1.000E+00 1.840E+01 0.000E+00
NAN NAN NAN 9.919E-01 3.269E-02 NAN 1.000E+00 1.841E+01 0.000E+00
NAN NAN NAN 9.919E-01 3.391E-02 NAN 1.000E+00 1.844E+01 0.000E+00
NAN NAN NAN 9.919E-01 3.615E-02 NAN 1.000E+00 1.849E+01 0.000E+00
NAN NAN NAN 1.255E+00 3.123E-02 NAN 1.000E+00 1.839E+01 0.000E+00
NAN NAN NAN 1.255E+00 3.123E-02 NAN 1.000E+00 1.839E+01 0.000E+00
NAN NAN NAN 1.255E+00 3.123E-02 NAN 1.000E+00 1.839E+01 0.000E+00
NAN NAN NAN 1.255E+00 3.123E-02 NAN 1.000E+00 1.839E+01 0.000E+00
NAN NAN NAN 1.255E+00 3.123E-02 NAN 1.000E+00 1.839E+01 0.000E+00
NAN NAN NAN 1.255E+00 3.123E-02 NAN 1.000E+00 1.839E+01 0.000E+00
NAN NAN NAN 1.255E+00 3.123E-02 NAN 1.000E+00 1.839E+01 0.000E+00
NAN NAN NAN 1.255E+00 3.123E-02 NAN 1.000E+00 1.839E+01 0.000E+00
NAN NAN NAN 1.255E+00 3.124E-02 NAN 1.000E+00 1.839E+01 0.000E+00
NAN NAN NAN 1.255E+00 3.124E-02 NAN 1.000E+00 1.839E+01 0.000E+00
NAN NAN NAN 1.255E+00 3.125E-02 NAN 1.000E+00 1.839E+01 0.000E+00
NAN NAN NAN 1.255E+00 3.127E-02 NAN 1.000E+00 1.839E+01 0.000E+00
NAN NAN NAN 1.255E+00 3.130E-02 NAN 1.000E+00 1.839E+01 0.000E+00
NAN NAN NAN 1.255E+00 3.136E-02 NAN 1.000E+00 1.839E+01 0.000E+00
NAN NAN NAN 1.255E+00 3.147E-02 NAN 1.000E+00 1.839E+01 0.000E+00
NAN NAN NAN 1.255E+00 3.167E-02 NAN 1.000E+00 1.840E+01 0.000E+00
NAN NAN NAN 1.255E+00 3.203E-02 NAN 1.000E+00 1.840E+01 0.000E+00
NAN NAN NAN 1.255E+00 3.269E-02 NAN 1.000E+00 1.842E+01 0.000E+00
NAN NAN NAN 1.255E+00 3.391E-02 NAN 1.000E+00 1.845E+01 0.000E+00
NAN NAN NAN 1.255E+00 3.615E-02 NAN 1.000E+00 1.850E+01 0.000E+00
NAN NAN NAN 1.587E+00 3.123E-02 NAN 1.000E+00 1.839E+01 0.000E+00
NAN NAN NAN 1.587E+00 3.123E-02 NAN 1.000E+00 1.839E+01 0.000E+00
NAN NAN NAN 1.587E+00 3.123E-02 NAN 1.000E+00 1.839E+01 0.000E+00
NAN NAN NAN 1.587E+00 3.123E-02 NAN 1.000E+00 1.839E+01 0.000E+00
NAN NAN NAN 1.587E+00 3.123E-02 NAN 1.000E+00 1.839E+01 0.000E+00
NAN NAN NAN 1.587E+00 3.123E-02 NAN 1.000E+00 1.839E+01 0.000E+00
NAN NAN NAN 1.587E+00 3.123E-02 NAN 1.000E+00 1.839E+01 0.000E+00
NAN NAN NAN 1.587E+00 3.123E-02 NAN 1.000E+00 1.839E+01 0.000E+00
NAN NAN NAN 1.587E+00 3.124E-02 NAN 1.000E+00 1.839E+01 0.000E+00
NAN NAN NAN 1.587E+00 3.124E-02 NAN 1.000E+00 1.839E+01 0.000E+00
NAN NAN NAN 1.587E+00 3.125E-02 NAN 1.000E+00 1.839E+01 0.000E+00
NAN NAN NAN 1.587E+00 3.127E-02 NAN 1.000E+00 1.839E+01 0.000E+00
NAN NAN NAN 1.587E+00 3.130E-02 NAN 1.000E+00 1.839E+01 0.000E+00
NAN NAN NAN 1.587E+00 3.136E-02 NAN 1.000E+00 1.840E+01 0.000E+00
NAN NAN NAN 1.587E+00 3.147E-02 NAN 1.000E+00 1.840E+01 0.000E+00
NAN NAN NAN 1.587E+00 3.167E-02 NAN 1.000E+00 1.840E+01 0.000E+00
NAN NAN NAN 1.587E+00 3.203E-02 NAN 1.000E+00 1.841E+01 0.000E+00
NAN NAN NAN 1.587E+00 3.269E-02 NAN 1.000E+00 1.843E+01 0.000E+00
NAN NAN NAN 1.587E+00 3.391E-02 NAN 1.000E+00 1.845E+01 0.000E+00
NAN NAN NAN 1.587E+00 3.615E-02 NAN 1.000E+00 1.851E+01 0.000E+00
NAN NAN NAN 2.007E+00 3.123E-02 NAN 1.000E+00 1.840E+01 3.000E+00
NAN NAN NAN 2.007E+00 3.123E-02 NAN 1.000E+00 1.840E+01 3.000E+00
NAN NAN NAN 2.007E+00 3.123E-02 NAN 1.000E+00 1.840E+01 3.000E+00
NAN NAN NAN 2.007E+00 3.123E-02 NAN 1.000E+00 1.840E+01 3.000E+00
NAN NAN NAN 2.007E+00 3.123E-02 NAN 1.000E+00 1.840E+01 3.000E+00
NAN NAN NAN 2.007E+00 3.123E-02 NAN 1.000E+00 1.840E+01 3.000E+00
NAN NAN NAN 2.007E+00 3.123E-02 NAN 1.000E+00 1.840E+01 3.000E+00
NAN NAN NAN 2.007E+00 3.123E-02 NAN 1.000E+00 1.840E+01 3.000E+00
NAN NAN NAN 2.007E+00 3.124E-02 NAN 1.000E+00 1.840E+01 3.000E+00
NAN NAN NAN 2.007E+00 3.124E-02 NAN 1.000E+00 1.840E+01 3.000E+00
NAN NAN NAN 2.007E+00 3.125E-02 NAN 1.000E+00 1.840E+01 3.000E+00
NAN NAN NAN 2.007E+00 3.127E-02 NAN 1.000E+00 1.840E+01 3.000E+00
NAN NAN NAN 2.007E+00 3.130E-02 NAN 1.000E+00 1.840E+01 3.000E+00
NAN NAN NAN 2.007E+00 3.136E-02 NAN 1.000E+00 1.841E+01 3.000E+00
NAN NAN NAN 2.007E+00 3.147E-02 NAN 1.000E+00 1.841E+01 3.000E+00
NAN NAN NAN 2.007E+00 3.167E-02 NAN 1.000E+00 1.841E+01 3.000E+00
NAN NAN NAN 2.007E+00 3.203E-02 NAN 1.000E+00 1.842E+01 3.000E+00
NAN NAN NAN 2.007E+00 3.269E-02 NAN 1.000E+00 1.844E+01 3.000E+00
NAN NAN NAN 2.007E+00 3.391E-02 NAN 1.000E+00 1.846E+01 3.000E+00
NAN NAN NAN 2.007E+00 3.615E-02 NAN 1.000E+00 1.852E+01 3.000E+00
NAN NAN NAN 2.539E+00 3.123E-02 NAN 1.000E+00 1.842E+01 3.000E+00
NAN NAN NAN 2.539E+00 3.123E-02 NAN 1.000E+00 1.842E+01 3.000E+00
NAN NAN NAN 2.539E+00 3.123E-02 NAN 1.000E+00 1.842E+01 3.000E+00
NAN NAN NAN 2.539E+00 3.123E-02 NAN 1.000E+00 1.842E+01 3.000E+00
NAN NAN NAN 2.539E+00 3.123E-02 NAN 1.000E+00 1.842E+01 3.000E+00
NAN NAN NAN 2.539E+00 3.123E-02 NAN 1.000E+00 1.842E+01 3.000E+00
NAN NAN NAN 2.539E+00 3.123E-02 NAN 1.000E+00 1.842E+01 3.000E+00
NAN NAN NAN 2.539E+00 3.123E-02 NAN 1.000E+00 1.842E+01 3.000E+00
NAN NAN NAN 2.539E+00 3.124E-02 NAN 1.000E+00 1.842E+01 3.000E+00
NAN NAN NAN 2.539E+00 3.124E-02 NAN 1.000E+00 1.842E+01 3.000E+00
NAN NAN NAN 2.539E+00 3.125E-02 NAN 1.000E+00 1.842E+01 3.000E+00
NAN NAN NAN 2.539E+00 3.127E-02 NAN 1.000E+00 1.842E+01 3.000E+00
NAN NAN NAN 2.539E+00 3.130E-02 NAN 1.000E+00 1.842E+01 3.000E+00
NAN NAN NAN 2.539E+00 3.136E-02 NAN 1.000E+00 1.842E+01 3.000E+00
NAN NAN NAN 2.539E+00 3.147E-02 NAN 1.000E+00 1.842E+01 3.000E+00
NAN NAN NAN 2.539E+00 3.167E-02 NAN 1.000E+00 1.843E+01 3.000E+00
NAN NAN NAN 2.539E+00 3.203E-02 NAN 1.000E+00 1.843E+01 3.000E+00
NAN NAN NAN 2.539E+00 3.269E-02 NAN 1.000E+00 1.845E+01 3.000E+00
NAN NAN NAN 2.539E+00 3.391E-02 NAN 1.000E+00 1.848E+01 3.000E+00
NAN NAN NAN 2.539E+00 3.615E-02 NAN 1.000E+00 1.853E+01 3.000E+00
NAN NAN NAN 3.211E+00 3.123E-02 NAN 1.000E+00 1.950E+01 3.000E+00
NAN NAN NAN 3.211E+00 3.123E-02 NAN 1.000E+00 1.950E+01 3.000E+00
NAN NAN NAN 3.211E+00 3.123E-02 NAN 1.000E+00 1.950E+01 3.000E+00
NAN NAN NAN 3.211E+00 3.123E-02 NAN 1.000E+00 1.950E+01 3.000E+00
NAN NAN NAN 3.211E+00 3.123E-02 NAN 1.000E+00 1.950E+01 3.000E+00
NAN NAN NAN 3.211E+00 3.123E-02 NAN 1.000E+00 1.950E+01 3.000E+00
NAN NAN NAN 3.211E+00 3.123E-02 NAN 1.000E+00 1.950E+01 3.000E+00
NAN NAN NAN 3.211E+00 3.123E-02 NAN 1.000E+00 1.950E+01 3.000E+00
NAN NAN NAN 3.211E+00 3.124E-02 NAN 1.000E+00 1.950E+01 3.000E+00
NAN NAN NAN 3.211E+00 3.124E-02 NAN 1.000E+00 1.950E+01 3.000E+00
NAN NAN NAN 3.211E+00 3.125E-02 NAN 1.000E+00 1.950E+01 3.000E+00
NAN NAN NAN 3.211E+00 3.127E-02 NAN 1.000E+00 1.950E+01 3.000E+00
NAN NAN NAN 3.211E+00 3.130E-02 NAN 1.000E+00 1.950E+01 3.000E+00
NAN NAN NAN 3.211E+00 3.136E-02 NAN 1.000E+00 1.951E+01 3.000E+00
NAN NAN NAN 3.211E+00 3.147E-02 NAN 1.000E+00 1.952E+01 3.000E+00
NAN NAN NAN 3.211E+00 3.167E-02 NAN 1.000E+00 1.954E+01 3.000E+00
NAN NAN NAN 3.211E+00 3.203E-02 NAN 1.000E+00 1.956E+01 3.000E+00
NAN NAN NAN 3.211E+00 3.269E-02 NAN 1.000E+00 1.962E+01 3.000E+00
NAN NAN NAN 3.211E+00 3.391E-02 NAN 1.000E+00 1.972E+01 3.000E+00
NAN NAN NAN 3.211E+00 3.615E-02 NAN 1.000E+00 1.990E+01 3.000E+00
NAN NAN NAN 4.062E+00 3.123E-02 NAN 1.000E+00 2.366E+01 3.000E+00
NAN NAN NAN 4.062E+00 3.123E-02 NAN 1.000E+00 2.366E+01 3.000E+00
NAN NAN NAN 4.062E+00 3.123E-02 NAN 1.000E+00 2.366E+01 3.000E+00
NAN NAN NAN 4.062E+00 3.123E-02 NAN 1.000E+00 2.366E+01 3.000E+00
NAN NAN NAN 4.062E+00 3.123E-02 NAN 1.000E+00 2.366E+01 3.000E+00
NAN NAN NAN 4.062E+00 3.123E-02 NAN 1.000E+00 2.366E+01 3.000E+00
NAN NAN NAN 4.062E+00 3.123E-02 NAN 1.000E+00 2.366E+01 3.000E+00
NAN NAN NAN 4.062E+00 3.123E-02 NAN 1.000E+00 2.366E+01 3.000E+00
NAN NAN NAN 4.062E+00 3.124E-02 NAN 1.000E+00 2.367E+01 3.000E+00
NAN NAN NAN 4.062E+00 3.124E-02 NAN 1.000E+00 2.367E+01 3.000E+00
NAN NAN NAN 4.062E+00 3.125E-02 NAN 1.000E+00 2.367E+01 3.000E+00
NAN NAN NAN 4.062E+00 3.127E-02 NAN 1.000E+00 2.367E+01 3.000E+00
NAN NAN NAN 4.062E+00 3.130E-02 NAN 1.000E+00 2.367E+01 3.000E+00
NAN NAN NAN 4.062E+00 3.136E-02 NAN 1.000E+00 2.368E+01 3.000E+00
NAN NAN NAN 4.062E+00 3.147E-02 NAN 1.000E+00 2.368E+01 3.000E+00
NAN NAN NAN 4.062E+00 3.167E-02 NAN 1.000E+00 2.370E+01 3.000E+00
NAN NAN NAN 4.062E+00 3.203E-02 NAN 1.000E+00 2.373E+01 3.000E+00
NAN NAN NAN 4.062E+00 3.269E-02 NAN 1.000E+00 2.378E+01 3.000E+00
NAN NAN NAN 4.062E+00 3.391E-02 NAN 1.000E+00 2.388E+01 3.000E+00
NAN NAN NAN 4.062E+00 3.615E-02 NAN 1.000E+00 2.405E+01 3.000E+00
NAN NAN NAN 5.138E+00 3.123E-02 NAN 1.000E+00 2.899E+01 3.000E+00
NAN NAN NAN 5.138E+00 3.123E-02 NAN 1.000E+00 2.899E+01 3.000E+00
NAN NAN NAN 5.138E+00 3.123E-02 NAN 1.000E+00 2.899E+01 3.000E+00
NAN NAN NAN 5.138E+00 3.123E-02 NAN 1.000E+00 2.899E+01 3.000E+00
NAN NAN NAN 5.138E+00 3.123E-02 NAN 1.000E+00 2.899E+01 3.000E+00
NAN NAN NAN 5.138E+00 3.123E-02 NAN 1.000E+00 2.899E+01 3.000E+00
NAN NAN NAN 5.138E+00 3.123E-02 NAN 1.000E+00 2.899E+01 3.000E+00
NAN NAN NAN 5.138E+00 3.123E-02 NAN 1.000E+00 2.899E+01 3.000E+00
NAN NAN NAN 5.138E+00 3.124E-02 NAN 1.000E+00 2.899E+01 3.000E+00
NAN NAN NAN 5.138E+00 3.124E-02 NAN 1.000E+00 2.899E+01 3.000E+00
NAN NAN NAN 5.138E+00 3.125E-02 NAN 1.000E+00 2.899E+01 3.000E+00
NAN NAN NAN 5.138E+00 3.127E-02 NAN 1.000E+00 2.899E+01 3.000E+00
NAN NAN NAN 5.138E+00 3.130E-02 NAN 1.000E+00 2.899E+01 3.000E+00
NAN NAN NAN 5.138E+00 3.136E-02 NAN 1.000E+00 2.899E+01 3.000E+00
NAN NAN NAN 5.138E+00 3.147E-02 NAN 1.000E+00 2.900E+01 3.000E+00
NAN NAN NAN 5.138E+00 3.167E-02 NAN 1.000E+00 2.902E+01 3.000E+00
NAN NAN NAN 5.138E+00 3.203E-02 NAN 1.000E+00 2.904E+01 3.000E+00
NAN NAN NAN 5.138E+00 3.269E-02 NAN 1.000E+00 2.909E+01 3.000E+00
NAN NAN NAN 5.138E+00 3.391E-02 NAN 1.000E+00 2.918E+01 3.000E+00
NAN NAN NAN 5.138E+00 3.615E-02 NAN 1.000E+00 2.935E+01 3.000E+00
