1.124E+07 5.611E+02 2.792E-01 5.137E-05 4.950E-03 2.097E+03 8.317E-01 7.136E+00 2.000E+00
1.341E+07 5.611E+02 2.792E-01 5.137E-05 4.950E-03 2.099E+03 8.317E-01 7.136E+00 2.000E+00
2.140E+07 5.611E+02 2.792E-01 5.137E-05 4.950E-03 2.107E+03 8.317E-01 7.136E+00 2.000E+00
8.847E+07 5.493E+02 2.812E-01 5.137E-05 4.950E-03 2.057E+03 8.317E-01 7.136E+00 2.000E+00
9.471E+06 3.125E+02 3.306E-01 5.137E-05 4.950E-03 2.256E+03 8.317E-01 7.136E+00 2.000E+00
7.345E+06 5.510E+02 2.809E-01 5.137E-05 4.951E-03 2.062E+03 8.317E-01 7.136E+00 2.000E+00
2.462E+07 2.246E+02 3.538E-01 5.137E-05 4.952E-03 2.961E+03 8.317E-01 7.136E+00 2.000E+00
1.503E+07 3.919E+02 3.118E-01 5.137E-05 4.953E-03 2.030E+03 8.317E-01 7.136E+00 2.000E+00
2.147E+07 2.204E+02 3.550E-01 5.137E-05 4.956E-03 3.023E+03 8.318E-01 7.136E+00 2.000E+00
3.438E+07 4.846E+02 2.928E-01 5.137E-05 4.961E-03 1.968E+03 8.319E-01 7.137E+00 2.000E+00
2.873E+07 4.583E+02 2.979E-01 5.137E-05 4.971E-03 1.992E+03 8.322E-01 7.137E+00 2.000E+00
2.969E+07 4.628E+02 2.970E-01 5.137E-05 4.988E-03 1.970E+03 8.326E-01 7.137E+00 2.000E+00
6.408E+06 4.491E+02 2.998E-01 5.137E-05 5.020E-03 1.978E+03 8.334E-01 7.138E+00 2.000E+00
2.970E+07 2.706E+02 3.419E-01 5.137E-05 5.079E-03 2.483E+03 8.348E-01 7.139E+00 2.000E+00
9.363E+06 4.854E+02 2.931E-01 5.137E-05 5.187E-03 2.017E+03 8.374E-01 7.142E+00 2.000E+00
1.449E+07 3.672E+02 3.185E-01 5.137E-05 5.385E-03 2.102E+03 8.421E-01 7.146E+00 2.000E+00
1.475E+07 4.644E+02 2.983E-01 5.137E-05 5.748E-03 2.145E+03 8.509E-01 7.155E+00 2.000E+00
2.676E+06 3.421E+02 3.276E-01 5.137E-05 6.413E-03 2.218E+03 8.646E-01 7.170E+00 2.000E+00
1.254E+07 2.386E+02 3.621E-01 5.137E-05 7.631E-03 2.589E+03 8.865E-01 7.198E+00 2.000E+00
1.240E+09 2.044E+02 3.854E-01 5.137E-05 9.865E-03 2.669E+03 9.142E-01 7.249E+00 2.000E+00
2.080E+07 5.611E+02 2.792E-01 6.498E-05 4.950E-03 2.099E+03 8.317E-01 7.136E+00 2.000E+00
3.118E+07 5.611E+02 2.792E-01 6.498E-05 4.950E-03 2.099E+03 8.317E-01 7.136E+00 2.000E+00
1.013E+09 5.611E+02 2.792E-01 6.498E-05 4.950E-03 2.096E+03 8.317E-01 7.136E+00 2.000E+00
1.700E+07 5.564E+02 2.800E-01 6.498E-05 4.950E-03 2.081E+03 8.317E-01 7.136E+00 2.000E+00
1.179E+07 5.606E+02 2.793E-01 6.498E-05 4.950E-03 2.110E+03 8.317E-01 7.136E+00 2.000E+00
1.011E+07 5.510E+02 2.809E-01 6.498E-05 4.951E-03 2.067E+03 8.317E-01 7.136E+00 2.000E+00
1.085E+07 5.273E+02 2.850E-01 6.498E-05 4.952E-03 2.009E+03 8.318E-01 7.136E+00 2.000E+00
2.656E+07 3.906E+02 3.121E-01 6.498E-05 4.953E-03 2.033E+03 8.318E-01 7.136E+00 2.000E+00
2.098E+07 4.187E+02 3.060E-01 6.498E-05 4.956E-03 1.993E+03 8.319E-01 7.136E+00 2.000E+00
1.144E+07 4.892E+02 2.919E-01 6.498E-05 4.961E-03 1.971E+03 8.320E-01 7.137E+00 2.000E+00
8.316E+07 4.449E+02 3.006E-01 6.498E-05 4.971E-03 1.974E+03 8.322E-01 7.137E+00 2.000E+00
9.704E+06 4.607E+02 2.975E-01 6.498E-05 4.988E-03 1.987E+03 8.326E-01 7.137E+00 2.000E+00
9.744E+06 4.491E+02 2.998E-01 6.498E-05 5.020E-03 1.978E+03 8.334E-01 7.138E+00 2.000E+00
2.572E+07 3.688E+02 3.173E-01 6.498E-05 5.079E-03 2.081E+03 8.348E-01 7.139E+00 2.000E+00
1.826E+07 4.854E+02 2.931E-01 6.498E-05 5.187E-03 2.017E+03 8.374E-01 7.142E+00 2.000E+00
5.784E+06 3.740E+02 3.170E-01 6.498E-05 5.385E-03 2.089E+03 8.422E-01 7.146E+00 2.000E+00
1.258E+08 4.644E+02 2.983E-01 6.498E-05 5.748E-03 2.146E+03 8.509E-01 7.155E+00 2.000E+00
2.748E+06 3.445E+02 3.270E-01 6.498E-05 6.413E-03 2.216E+03 8.646E-01 7.170E+00 2.000E+00
2.478E+07 2.436E+02 3.605E-01 6.498E-05 7.631E-03 2.560E+03 8.866E-01 7.198E+00 2.000E+00
2.071E+08 2.080E+02 3.839E-01 6.498E-05 9.865E-03 2.653E+03 9.143E-01 7.249E+00 2.000E+00
9.766E+07 5.493E+02 2.812E-01 8.219E-05 4.950E-03 2.059E+03 8.318E-01 7.136E+00 2.000E+00
1.183E+07 5.564E+02 2.800E-01 8.219E-05 4.950E-03 2.080E+03 8.318E-01 7.136E+00 2.000E+00
1.756E+07 5.564E+02 2.800E-01 8.219E-05 4.950E-03 2.081E+03 8.318E-01 7.136E+00 2.000E+00
1.088E+09 5.564E+02 2.800E-01 8.219E-05 4.950E-03 2.088E+03 8.318E-01 7.136E+00 2.000E+00
3.156E+07 5.606E+02 2.793E-01 8.219E-05 4.950E-03 2.096E+03 8.318E-01 7.136E+00 2.000E+00
2.185E+07 5.510E+02 2.809E-01 8.219E-05 4.951E-03 2.064E+03 8.318E-01 7.136E+00 2.000E+00
3.061E+07 5.273E+02 2.850E-01 8.219E-05 4.952E-03 2.013E+03 8.318E-01 7.136E+00 2.000E+00
2.813E+07 2.561E+02 3.453E-01 8.219E-05 4.953E-03 2.604E+03 8.319E-01 7.136E+00 2.000E+00
1.800E+07 3.520E+02 3.209E-01 8.219E-05 4.956E-03 2.118E+03 8.319E-01 7.136E+00 2.000E+00
6.013E+07 4.809E+02 2.935E-01 8.219E-05 4.961E-03 1.968E+03 8.321E-01 7.137E+00 2.000E+00
2.564E+07 5.087E+02 2.884E-01 8.219E-05 4.971E-03 1.989E+03 8.323E-01 7.137E+00 2.000E+00
3.403E+07 4.607E+02 2.975E-01 8.219E-05 4.988E-03 1.972E+03 8.327E-01 7.137E+00 2.000E+00
3.820E+07 4.491E+02 2.998E-01 8.219E-05 5.020E-03 1.979E+03 8.335E-01 7.138E+00 2.000E+00
1.027E+07 4.539E+02 2.990E-01 8.219E-05 5.079E-03 1.985E+03 8.349E-01 7.139E+00 2.000E+00
1.210E+08 4.656E+02 2.969E-01 8.219E-05 5.187E-03 2.028E+03 8.375E-01 7.142E+00 2.000E+00
1.100E+07 3.740E+02 3.170E-01 8.219E-05 5.385E-03 2.089E+03 8.423E-01 7.146E+00 2.000E+00
1.229E+07 4.142E+02 3.088E-01 8.219E-05 5.748E-03 2.091E+03 8.510E-01 7.155E+00 2.000E+00
3.341E+06 3.445E+02 3.270E-01 8.219E-05 6.413E-03 2.215E+03 8.647E-01 7.170E+00 2.000E+00
1.061E+07 2.993E+02 3.432E-01 8.219E-05 7.631E-03 2.384E+03 8.866E-01 7.198E+00 2.000E+00
1.228E+07 2.102E+02 3.830E-01 8.219E-05 9.865E-03 2.653E+03 9.143E-01 7.249E+00 2.000E+00
3.153E+07 5.564E+02 2.800E-01 1.040E-04 4.950E-03 2.083E+03 8.319E-01 7.136E+00 2.000E+00
6.765E+07 5.564E+02 2.800E-01 1.040E-04 4.950E-03 2.081E+03 8.319E-01 7.136E+00 2.000E+00
9.288E+06 5.606E+02 2.793E-01 1.040E-04 4.950E-03 2.098E+03 8.319E-01 7.136E+00 2.000E+00
1.680E+07 5.606E+02 2.793E-01 1.040E-04 4.950E-03 2.098E+03 8.319E-01 7.136E+00 2.000E+00
6.931E+06 5.510E+02 2.809E-01 1.040E-04 4.950E-03 2.067E+03 8.319E-01 7.136E+00 2.000E+00
2.308E+07 5.601E+02 2.794E-01 1.040E-04 4.951E-03 2.095E+03 8.319E-01 7.136E+00 2.000E+00
1.317E+07 5.095E+02 2.882E-01 1.040E-04 4.952E-03 1.987E+03 8.319E-01 7.136E+00 2.000E+00
1.243E+07 3.185E+02 3.291E-01 1.040E-04 4.953E-03 2.230E+03 8.320E-01 7.136E+00 2.000E+00
9.178E+06 4.383E+02 3.019E-01 1.040E-04 4.956E-03 1.976E+03 8.320E-01 7.136E+00 2.000E+00
2.619E+07 4.740E+02 2.948E-01 1.040E-04 4.961E-03 1.967E+03 8.321E-01 7.137E+00 2.000E+00
7.715E+06 3.931E+02 3.116E-01 1.040E-04 4.971E-03 2.031E+03 8.324E-01 7.137E+00 2.000E+00
3.891E+07 4.367E+02 3.023E-01 1.040E-04 4.988E-03 1.983E+03 8.328E-01 7.137E+00 2.000E+00
9.040E+06 5.404E+02 2.828E-01 1.040E-04 5.020E-03 2.125E+03 8.336E-01 7.138E+00 2.000E+00
9.491E+06 4.469E+02 3.004E-01 1.040E-04 5.079E-03 1.987E+03 8.350E-01 7.139E+00 2.000E+00
9.502E+06 3.472E+02 3.228E-01 1.040E-04 5.187E-03 2.139E+03 8.376E-01 7.142E+00 2.000E+00
4.931E+07 3.731E+02 3.172E-01 1.040E-04 5.385E-03 2.092E+03 8.423E-01 7.146E+00 2.000E+00
1.449E+07 2.668E+02 3.456E-01 1.040E-04 5.748E-03 2.483E+03 8.511E-01 7.155E+00 2.000E+00
4.840E+06 3.445E+02 3.270E-01 1.040E-04 6.413E-03 2.216E+03 8.647E-01 7.170E+00 2.000E+00
2.105E+06 3.027E+02 3.422E-01 1.040E-04 7.631E-03 2.384E+03 8.867E-01 7.198E+00 2.000E+00
2.840E+07 2.102E+02 3.830E-01 1.040E-04 9.865E-03 2.646E+03 9.143E-01 7.249E+00 2.000E+00
1.448E+07 5.606E+02 2.793E-01 1.315E-04 4.950E-03 2.098E+03 8.320E-01 7.136E+00 2.000E+00
1.856E+07 5.606E+02 2.793E-01 1.315E-04 4.950E-03 2.098E+03 8.320E-01 7.136E+00 2.000E+00
4.093E+07 5.606E+02 2.793E-01 1.315E-04 4.950E-03 2.098E+03 8.320E-01 7.136E+00 2.000E+00
6.600E+06 5.510E+02 2.809E-01 1.315E-04 4.950E-03 2.065E+03 8.320E-01 7.136E+00 2.000E+00
5.554E+07 2.062E+02 3.587E-01 1.315E-04 4.950E-03 3.287E+03 8.320E-01 7.136E+00 2.000E+00
2.281E+07 5.559E+02 2.801E-01 1.315E-04 4.951E-03 2.082E+03 8.320E-01 7.136E+00 2.000E+00
1.784E+07 3.077E+02 3.318E-01 1.315E-04 4.952E-03 2.281E+03 8.320E-01 7.136E+00 2.000E+00
4.718E+06 4.450E+02 3.005E-01 1.315E-04 4.953E-03 1.975E+03 8.321E-01 7.136E+00 2.000E+00
7.041E+07 5.571E+02 2.799E-01 1.315E-04 4.956E-03 2.089E+03 8.321E-01 7.136E+00 2.000E+00
4.471E+07 4.822E+02 2.932E-01 1.315E-04 4.961E-03 1.970E+03 8.323E-01 7.137E+00 2.000E+00
6.998E+07 3.787E+02 3.148E-01 1.315E-04 4.971E-03 2.056E+03 8.325E-01 7.137E+00 2.000E+00
1.274E+08 5.418E+02 2.826E-01 1.315E-04 4.988E-03 2.056E+03 8.329E-01 7.137E+00 2.000E+00
4.792E+07 5.404E+02 2.828E-01 1.315E-04 5.020E-03 2.113E+03 8.337E-01 7.138E+00 2.000E+00
3.728E+07 4.508E+02 2.996E-01 1.315E-04 5.079E-03 1.987E+03 8.351E-01 7.139E+00 2.000E+00
4.671E+07 3.395E+02 3.246E-01 1.315E-04 5.187E-03 2.161E+03 8.377E-01 7.142E+00 2.000E+00
1.853E+07 4.842E+02 2.937E-01 1.315E-04 5.385E-03 2.072E+03 8.425E-01 7.146E+00 2.000E+00
2.346E+07 2.585E+02 3.479E-01 1.315E-04 5.748E-03 2.540E+03 8.512E-01 7.155E+00 2.000E+00
1.440E+07 3.445E+02 3.270E-01 1.315E-04 6.413E-03 2.216E+03 8.648E-01 7.170E+00 2.000E+00
2.767E+06 3.027E+02 3.422E-01 1.315E-04 7.631E-03 2.386E+03 8.868E-01 7.198E+00 2.000E+00
3.522E+06 2.061E+02 3.847E-01 1.315E-04 9.865E-03 2.681E+03 9.144E-01 7.249E+00 2.000E+00
7.111E+06 5.510E+02 2.809E-01 1.663E-04 4.950E-03 2.067E+03 8.321E-01 7.136E+00 2.000E+00
7.833E+06 5.510E+02 2.809E-01 1.663E-04 4.950E-03 2.067E+03 8.321E-01 7.136E+00 2.000E+00
9.743E+06 5.510E+02 2.809E-01 1.663E-04 4.950E-03 2.067E+03 8.321E-01 7.136E+00 2.000E+00
1.921E+07 5.510E+02 2.809E-01 1.663E-04 4.950E-03 2.067E+03 8.321E-01 7.136E+00 2.000E+00
4.561E+07 5.601E+02 2.794E-01 1.663E-04 4.950E-03 2.098E+03 8.321E-01 7.136E+00 2.000E+00
1.098E+07 5.273E+02 2.850E-01 1.663E-04 4.951E-03 2.016E+03 8.322E-01 7.136E+00 2.000E+00
9.589E+06 3.636E+02 3.182E-01 1.663E-04 4.952E-03 2.089E+03 8.322E-01 7.136E+00 2.000E+00
1.290E+07 4.450E+02 3.005E-01 1.663E-04 4.953E-03 1.974E+03 8.322E-01 7.136E+00 2.000E+00
3.710E+07 3.118E+02 3.308E-01 1.663E-04 4.956E-03 2.259E+03 8.323E-01 7.136E+00 2.000E+00
1.858E+07 5.451E+02 2.819E-01 1.663E-04 4.961E-03 2.055E+03 8.324E-01 7.137E+00 2.000E+00
1.826E+07 4.318E+02 3.033E-01 1.663E-04 4.971E-03 1.984E+03 8.326E-01 7.137E+00 2.000E+00
1.116E+07 2.709E+02 3.415E-01 1.663E-04 4.988E-03 2.486E+03 8.330E-01 7.137E+00 2.000E+00
8.615E+08 5.416E+02 2.826E-01 1.663E-04 5.020E-03 2.072E+03 8.338E-01 7.138E+00 2.000E+00
7.424E+06 4.614E+02 2.975E-01 1.663E-04 5.079E-03 1.991E+03 8.352E-01 7.139E+00 2.000E+00
4.681E+07 5.221E+02 2.863E-01 1.663E-04 5.187E-03 2.087E+03 8.378E-01 7.142E+00 2.000E+00
2.037E+07 3.204E+02 3.300E-01 1.663E-04 5.385E-03 2.228E+03 8.426E-01 7.146E+00 2.000E+00
1.168E+07 4.539E+02 3.004E-01 1.663E-04 5.748E-03 2.127E+03 8.513E-01 7.155E+00 2.000E+00
4.640E+07 2.187E+02 3.626E-01 1.663E-04 6.413E-03 2.856E+03 8.650E-01 7.170E+00 2.000E+00
5.197E+06 3.027E+02 3.422E-01 1.663E-04 7.631E-03 2.382E+03 8.869E-01 7.198E+00 2.000E+00
4.099E+06 2.061E+02 3.847E-01 1.663E-04 9.865E-03 2.663E+03 9.145E-01 7.249E+00 2.000E+00
1.793E+08 5.510E+02 2.809E-01 2.104E-04 4.950E-03 2.068E+03 8.323E-01 7.136E+00 2.000E+00
1.635E+07 5.601E+02 2.794E-01 2.104E-04 4.950E-03 2.099E+03 8.323E-01 7.136E+00 2.000E+00
3.105E+07 5.601E+02 2.794E-01 2.104E-04 4.950E-03 2.162E+03 8.323E-01 7.136E+00 2.000E+00
1.490E+07 5.559E+02 2.801E-01 2.104E-04 4.950E-03 2.086E+03 8.323E-01 7.136E+00 2.000E+00
7.991E+06 5.273E+02 2.850E-01 2.104E-04 4.950E-03 2.013E+03 8.323E-01 7.136E+00 2.000E+00
9.719E+06 3.077E+02 3.318E-01 2.104E-04 4.951E-03 2.277E+03 8.323E-01 7.136E+00 2.000E+00
7.317E+06 2.659E+02 3.427E-01 2.104E-04 4.952E-03 2.525E+03 8.324E-01 7.136E+00 2.000E+00
2.507E+07 2.496E+02 3.471E-01 2.104E-04 4.953E-03 2.664E+03 8.324E-01 7.136E+00 2.000E+00
5.281E+06 4.077E+02 3.083E-01 2.104E-04 4.956E-03 2.009E+03 8.325E-01 7.136E+00 2.000E+00
7.277E+06 5.410E+02 2.826E-01 2.104E-04 4.961E-03 2.048E+03 8.326E-01 7.137E+00 2.000E+00
4.748E+07 4.608E+02 2.974E-01 2.104E-04 4.971E-03 1.970E+03 8.328E-01 7.137E+00 2.000E+00
8.762E+07 3.891E+02 3.125E-01 2.104E-04 4.988E-03 2.039E+03 8.332E-01 7.137E+00 2.000E+00
2.574E+07 3.182E+02 3.294E-01 2.104E-04 5.020E-03 2.233E+03 8.340E-01 7.138E+00 2.000E+00
4.026E+07 4.471E+02 3.004E-01 2.104E-04 5.079E-03 2.010E+03 8.354E-01 7.139E+00 2.000E+00
1.486E+08 4.518E+02 2.996E-01 2.104E-04 5.187E-03 2.005E+03 8.380E-01 7.142E+00 2.000E+00
9.945E+06 2.348E+02 3.530E-01 2.104E-04 5.385E-03 2.779E+03 8.428E-01 7.146E+00 2.000E+00
3.630E+07 4.627E+02 2.986E-01 2.104E-04 5.748E-03 2.147E+03 8.515E-01 7.155E+00 2.000E+00
1.153E+07 2.290E+02 3.595E-01 2.104E-04 6.413E-03 2.746E+03 8.651E-01 7.170E+00 2.000E+00
3.097E+06 2.966E+02 3.440E-01 2.104E-04 7.631E-03 2.389E+03 8.871E-01 7.198E+00 2.000E+00
5.237E+06 2.061E+02 3.847E-01 2.104E-04 9.865E-03 2.667E+03 9.146E-01 7.249E+00 2.000E+00
6.455E+07 5.127E+02 2.876E-01 2.661E-04 4.950E-03 1.995E+03 8.325E-01 7.136E+00 2.000E+00
8.038E+06 5.273E+02 2.850E-01 2.661E-04 4.950E-03 2.014E+03 8.325E-01 7.136E+00 2.000E+00
1.032E+07 5.273E+02 2.850E-01 2.661E-04 4.950E-03 2.014E+03 8.325E-01 7.136E+00 2.000E+00
5.575E+06 3.104E+02 3.311E-01 2.661E-04 4.950E-03 2.265E+03 8.325E-01 7.136E+00 2.000E+00
3.345E+07 5.478E+02 2.815E-01 2.661E-04 4.950E-03 2.062E+03 8.325E-01 7.136E+00 2.000E+00
1.672E+07 3.636E+02 3.182E-01 2.661E-04 4.951E-03 2.116E+03 8.326E-01 7.136E+00 2.000E+00
1.393E+07 3.185E+02 3.291E-01 2.661E-04 4.952E-03 2.233E+03 8.326E-01 7.136E+00 2.000E+00
6.691E+07 5.088E+02 2.883E-01 2.661E-04 4.953E-03 1.989E+03 8.326E-01 7.136E+00 2.000E+00
1.460E+07 4.224E+02 3.052E-01 2.661E-04 4.956E-03 1.992E+03 8.327E-01 7.136E+00 2.000E+00
8.570E+06 3.874E+02 3.128E-01 2.661E-04 4.961E-03 2.045E+03 8.328E-01 7.137E+00 2.000E+00
8.631E+06 3.753E+02 3.156E-01 2.661E-04 4.971E-03 2.064E+03 8.330E-01 7.137E+00 2.000E+00
2.716E+07 4.301E+02 3.037E-01 2.661E-04 4.988E-03 1.990E+03 8.334E-01 7.137E+00 2.000E+00
4.923E+07 4.317E+02 3.034E-01 2.661E-04 5.020E-03 1.990E+03 8.342E-01 7.138E+00 2.000E+00
1.303E+07 5.265E+02 2.854E-01 2.661E-04 5.079E-03 2.058E+03 8.356E-01 7.139E+00 2.000E+00
1.139E+07 2.239E+02 3.552E-01 2.661E-04 5.187E-03 2.957E+03 8.382E-01 7.142E+00 2.000E+00
4.225E+08 2.152E+02 3.585E-01 2.661E-04 5.385E-03 3.039E+03 8.430E-01 7.146E+00 2.000E+00
1.225E+07 4.283E+02 3.057E-01 2.661E-04 5.748E-03 2.100E+03 8.517E-01 7.155E+00 2.000E+00
1.256E+07 2.246E+02 3.609E-01 2.661E-04 6.413E-03 2.826E+03 8.653E-01 7.170E+00 2.000E+00
4.333E+07 2.966E+02 3.440E-01 2.661E-04 7.631E-03 2.391E+03 8.873E-01 7.198E+00 2.000E+00
8.254E+06 2.061E+02 3.847E-01 2.661E-04 9.865E-03 2.665E+03 9.148E-01 7.249E+00 2.000E+00
1.475E+08 5.095E+02 2.882E-01 3.366E-04 4.950E-03 1.991E+03 8.328E-01 7.136E+00 2.000E+00
1.707E+07 5.313E+02 2.843E-01 3.366E-04 4.950E-03 2.024E+03 8.328E-01 7.136E+00 2.000E+00
3.766E+07 5.313E+02 2.843E-01 3.366E-04 4.950E-03 2.024E+03 8.328E-01 7.136E+00 2.000E+00
1.050E+07 3.636E+02 3.182E-01 3.366E-04 4.950E-03 2.091E+03 8.328E-01 7.136E+00 2.000E+00
7.050E+06 2.659E+02 3.427E-01 3.366E-04 4.950E-03 2.525E+03 8.328E-01 7.136E+00 2.000E+00
4.705E+07 3.814E+02 3.141E-01 3.366E-04 4.951E-03 2.053E+03 8.328E-01 7.136E+00 2.000E+00
9.227E+06 4.450E+02 3.005E-01 3.366E-04 4.952E-03 1.975E+03 8.329E-01 7.136E+00 2.000E+00
1.233E+07 4.609E+02 2.973E-01 3.366E-04 4.953E-03 1.970E+03 8.329E-01 7.136E+00 2.000E+00
2.102E+07 4.879E+02 2.922E-01 3.366E-04 4.956E-03 1.975E+03 8.330E-01 7.136E+00 2.000E+00
1.219E+07 2.837E+02 3.381E-01 3.366E-04 4.961E-03 2.405E+03 8.331E-01 7.137E+00 2.000E+00
1.512E+07 4.382E+02 3.019E-01 3.366E-04 4.971E-03 1.981E+03 8.333E-01 7.137E+00 2.000E+00
9.206E+06 2.165E+02 3.562E-01 3.366E-04 4.988E-03 3.082E+03 8.337E-01 7.137E+00 2.000E+00
3.435E+08 3.691E+02 3.171E-01 3.366E-04 5.020E-03 2.081E+03 8.345E-01 7.138E+00 2.000E+00
3.242E+07 5.305E+02 2.847E-01 3.366E-04 5.079E-03 2.071E+03 8.359E-01 7.139E+00 2.000E+00
1.038E+07 4.754E+02 2.950E-01 3.366E-04 5.187E-03 2.015E+03 8.385E-01 7.142E+00 2.000E+00
3.835E+06 2.396E+02 3.517E-01 3.366E-04 5.385E-03 2.734E+03 8.433E-01 7.146E+00 2.000E+00
3.520E+06 3.188E+02 3.316E-01 3.366E-04 5.748E-03 2.242E+03 8.520E-01 7.155E+00 2.000E+00
2.421E+07 3.479E+02 3.261E-01 3.366E-04 6.413E-03 2.216E+03 8.656E-01 7.170E+00 2.000E+00
5.116E+06 2.332E+02 3.638E-01 3.366E-04 7.631E-03 2.627E+03 8.875E-01 7.198E+00 2.000E+00
3.549E+07 2.061E+02 3.847E-01 3.366E-04 9.865E-03 2.666E+03 9.149E-01 7.249E+00 2.000E+00
1.924E+07 3.919E+02 3.118E-01 4.257E-04 4.950E-03 2.034E+03 8.332E-01 7.136E+00 2.000E+00
3.608E+07 3.919E+02 3.118E-01 4.257E-04 4.950E-03 2.034E+03 8.332E-01 7.136E+00 2.000E+00
4.007E+07 3.906E+02 3.121E-01 4.257E-04 4.950E-03 2.039E+03 8.332E-01 7.136E+00 2.000E+00
1.204E+07 3.185E+02 3.291E-01 4.257E-04 4.950E-03 2.233E+03 8.332E-01 7.136E+00 2.000E+00
4.395E+07 5.287E+02 2.848E-01 4.257E-04 4.950E-03 2.031E+03 8.332E-01 7.136E+00 2.000E+00
2.516E+07 3.541E+02 3.204E-01 4.257E-04 4.951E-03 2.116E+03 8.332E-01 7.136E+00 2.000E+00
7.733E+06 2.204E+02 3.550E-01 4.257E-04 4.952E-03 3.025E+03 8.332E-01 7.136E+00 2.000E+00
2.379E+08 4.381E+02 3.019E-01 4.257E-04 4.953E-03 1.994E+03 8.332E-01 7.136E+00 2.000E+00
1.463E+07 2.710E+02 3.414E-01 4.257E-04 4.956E-03 2.488E+03 8.333E-01 7.136E+00 2.000E+00
2.108E+07 2.846E+02 3.378E-01 4.257E-04 4.961E-03 2.399E+03 8.334E-01 7.137E+00 2.000E+00
4.885E+07 3.533E+02 3.207E-01 4.257E-04 4.971E-03 2.118E+03 8.337E-01 7.137E+00 2.000E+00
7.424E+07 4.866E+02 2.925E-01 4.257E-04 4.988E-03 1.984E+03 8.341E-01 7.137E+00 2.000E+00
6.202E+06 2.005E+02 3.606E-01 4.257E-04 5.020E-03 3.402E+03 8.349E-01 7.138E+00 2.000E+00
2.910E+07 5.331E+02 2.842E-01 4.257E-04 5.079E-03 2.082E+03 8.363E-01 7.139E+00 2.000E+00
1.471E+07 4.856E+02 2.930E-01 4.257E-04 5.187E-03 2.027E+03 8.389E-01 7.142E+00 2.000E+00
1.837E+07 5.066E+02 2.895E-01 4.257E-04 5.385E-03 2.145E+03 8.436E-01 7.146E+00 2.000E+00
7.740E+09 3.196E+02 3.314E-01 4.257E-04 5.748E-03 2.242E+03 8.524E-01 7.155E+00 2.000E+00
1.161E+07 3.185E+02 3.338E-01 4.257E-04 6.413E-03 2.269E+03 8.659E-01 7.170E+00 2.000E+00
6.021E+06 2.355E+02 3.631E-01 4.257E-04 7.631E-03 2.613E+03 8.878E-01 7.198E+00 2.000E+00
6.316E+06 2.128E+02 3.820E-01 4.257E-04 9.865E-03 2.716E+03 9.152E-01 7.249E+00 2.000E+00
1.329E+07 2.456E+02 3.481E-01 5.385E-04 4.950E-03 2.705E+03 8.336E-01 7.136E+00 2.000E+00
1.888E+07 2.456E+02 3.481E-01 5.385E-04 4.950E-03 2.707E+03 8.336E-01 7.136E+00 2.000E+00
2.272E+08 3.463E+02 3.223E-01 5.385E-04 4.950E-03 2.138E+03 8.336E-01 7.136E+00 2.000E+00
1.040E+09 4.450E+02 3.005E-01 5.385E-04 4.950E-03 1.984E+03 8.336E-01 7.136E+00 2.000E+00
6.849E+06 2.204E+02 3.550E-01 5.385E-04 4.950E-03 3.037E+03 8.336E-01 7.136E+00 2.000E+00
1.688E+07 5.088E+02 2.883E-01 5.385E-04 4.951E-03 1.996E+03 8.336E-01 7.136E+00 2.000E+00
7.769E+06 3.520E+02 3.209E-01 5.385E-04 4.952E-03 2.445E+03 8.337E-01 7.136E+00 2.000E+00
6.891E+06 4.077E+02 3.083E-01 5.385E-04 4.953E-03 2.012E+03 8.337E-01 7.136E+00 2.000E+00
6.306E+07 4.655E+02 2.965E-01 5.385E-04 4.956E-03 1.974E+03 8.338E-01 7.136E+00 2.000E+00
1.736E+07 3.060E+02 3.323E-01 5.385E-04 4.961E-03 2.288E+03 8.339E-01 7.137E+00 2.000E+00
1.759E+07 3.076E+02 3.319E-01 5.385E-04 4.971E-03 2.280E+03 8.341E-01 7.137E+00 2.000E+00
6.861E+07 4.121E+02 3.075E-01 5.385E-04 4.988E-03 2.010E+03 8.345E-01 7.137E+00 2.000E+00
1.195E+07 5.387E+02 2.831E-01 5.385E-04 5.020E-03 2.077E+03 8.353E-01 7.138E+00 2.000E+00
1.341E+09 3.738E+02 3.162E-01 5.385E-04 5.079E-03 2.145E+03 8.367E-01 7.139E+00 2.000E+00
7.099E+06 3.801E+02 3.150E-01 5.385E-04 5.187E-03 2.072E+03 8.393E-01 7.142E+00 2.000E+00
1.785E+07 4.783E+02 2.948E-01 5.385E-04 5.385E-03 2.073E+03 8.441E-01 7.146E+00 2.000E+00
1.092E+07 3.757E+02 3.175E-01 5.385E-04 5.748E-03 2.122E+03 8.528E-01 7.155E+00 2.000E+00
9.757E+06 4.106E+02 3.111E-01 5.385E-04 6.413E-03 2.255E+03 8.663E-01 7.170E+00 2.000E+00
7.033E+06 3.445E+02 3.306E-01 5.385E-04 7.631E-03 2.458E+03 8.881E-01 7.198E+00 2.000E+00
2.318E+06 2.101E+02 3.831E-01 5.385E-04 9.865E-03 2.657E+03 9.154E-01 7.249E+00 2.000E+00
1.223E+07 4.719E+02 2.952E-01 6.811E-04 4.950E-03 1.975E+03 8.342E-01 7.136E+00 2.000E+00
1.603E+07 4.719E+02 2.952E-01 6.811E-04 4.950E-03 1.976E+03 8.342E-01 7.136E+00 2.000E+00
4.048E+07 4.719E+02 2.952E-01 6.811E-04 4.950E-03 1.976E+03 8.342E-01 7.136E+00 2.000E+00
2.423E+07 4.630E+02 2.969E-01 6.811E-04 4.950E-03 1.975E+03 8.342E-01 7.136E+00 2.000E+00
5.748E+07 4.609E+02 2.973E-01 6.811E-04 4.950E-03 1.979E+03 8.342E-01 7.136E+00 2.000E+00
1.140E+07 4.381E+02 3.019E-01 6.811E-04 4.951E-03 1.986E+03 8.342E-01 7.136E+00 2.000E+00
1.664E+07 4.152E+02 3.067E-01 6.811E-04 4.952E-03 2.005E+03 8.342E-01 7.136E+00 2.000E+00
7.406E+06 2.748E+02 3.404E-01 6.811E-04 4.953E-03 2.504E+03 8.343E-01 7.136E+00 2.000E+00
1.768E+07 4.809E+02 2.935E-01 6.811E-04 4.956E-03 1.979E+03 8.343E-01 7.136E+00 2.000E+00
3.718E+06 5.509E+02 2.810E-01 6.811E-04 4.961E-03 2.094E+03 8.345E-01 7.137E+00 2.000E+00
6.288E+06 4.591E+02 2.977E-01 6.811E-04 4.971E-03 1.981E+03 8.347E-01 7.137E+00 2.000E+00
2.954E+07 3.461E+02 3.225E-01 6.811E-04 4.988E-03 2.141E+03 8.351E-01 7.137E+00 2.000E+00
1.283E+08 5.238E+02 2.857E-01 6.811E-04 5.020E-03 2.048E+03 8.359E-01 7.138E+00 2.000E+00
9.946E+07 2.604E+02 3.447E-01 6.811E-04 5.079E-03 2.565E+03 8.373E-01 7.139E+00 2.000E+00
2.867E+07 3.597E+02 3.198E-01 6.811E-04 5.187E-03 2.114E+03 8.399E-01 7.142E+00 2.000E+00
8.907E+06 4.997E+02 2.908E-01 6.811E-04 5.385E-03 2.125E+03 8.447E-01 7.146E+00 2.000E+00
2.049E+07 3.671E+02 3.196E-01 6.811E-04 5.748E-03 2.135E+03 8.534E-01 7.155E+00 2.000E+00
6.283E+06 2.665E+02 3.483E-01 6.811E-04 6.413E-03 2.474E+03 8.668E-01 7.170E+00 2.000E+00
1.027E+07 3.130E+02 3.393E-01 6.811E-04 7.631E-03 2.395E+03 8.886E-01 7.198E+00 2.000E+00
5.674E+06 2.101E+02 3.831E-01 6.811E-04 9.865E-03 2.659E+03 9.158E-01 7.249E+00 2.000E+00
2.085E+07 5.420E+02 2.825E-01 8.615E-04 4.950E-03 2.068E+03 8.349E-01 7.136E+00 2.000E+00
3.234E+07 5.420E+02 2.825E-01 8.615E-04 4.950E-03 2.072E+03 8.349E-01 7.136E+00 2.000E+00
2.808E+07 5.478E+02 2.815E-01 8.615E-04 4.950E-03 2.088E+03 8.349E-01 7.136E+00 2.000E+00
2.987E+07 4.152E+02 3.067E-01 8.615E-04 4.950E-03 2.007E+03 8.349E-01 7.136E+00 2.000E+00
3.303E+07 3.379E+02 3.243E-01 8.615E-04 4.950E-03 2.167E+03 8.349E-01 7.136E+00 2.000E+00
2.088E+07 4.224E+02 3.052E-01 8.615E-04 4.951E-03 1.999E+03 8.349E-01 7.136E+00 2.000E+00
3.105E+07 2.710E+02 3.414E-01 8.615E-04 4.952E-03 2.492E+03 8.350E-01 7.136E+00 2.000E+00
2.301E+07 4.655E+02 2.964E-01 8.615E-04 4.953E-03 1.979E+03 8.350E-01 7.136E+00 2.000E+00
3.995E+08 3.874E+02 3.128E-01 8.615E-04 4.956E-03 2.048E+03 8.351E-01 7.136E+00 2.000E+00
5.701E+07 5.272E+02 2.850E-01 8.615E-04 4.961E-03 2.056E+03 8.352E-01 7.137E+00 2.000E+00
1.945E+08 4.891E+02 2.920E-01 8.615E-04 4.971E-03 1.990E+03 8.354E-01 7.137E+00 2.000E+00
1.309E+07 5.408E+02 2.827E-01 8.615E-04 4.988E-03 2.088E+03 8.358E-01 7.137E+00 2.000E+00
1.744E+07 2.102E+02 3.581E-01 8.615E-04 5.020E-03 3.197E+03 8.366E-01 7.138E+00 2.000E+00
4.767E+07 3.932E+02 3.118E-01 8.615E-04 5.079E-03 2.046E+03 8.380E-01 7.139E+00 2.000E+00
2.835E+07 3.527E+02 3.214E-01 8.615E-04 5.187E-03 2.133E+03 8.406E-01 7.142E+00 2.000E+00
5.935E+07 4.005E+02 3.109E-01 8.615E-04 5.385E-03 2.066E+03 8.454E-01 7.146E+00 2.000E+00
7.145E+07 3.892E+02 3.144E-01 8.615E-04 5.748E-03 2.115E+03 8.541E-01 7.155E+00 2.000E+00
3.442E+07 2.187E+02 3.626E-01 8.615E-04 6.413E-03 2.861E+03 8.675E-01 7.170E+00 2.000E+00
6.141E+06 3.094E+02 3.403E-01 8.615E-04 7.631E-03 2.399E+03 8.891E-01 7.198E+00 2.000E+00
7.973E+06 2.127E+02 3.821E-01 8.615E-04 9.865E-03 2.700E+03 9.162E-01 7.249E+00 2.000E+00
6.249E+07 2.488E+02 3.473E-01 1.090E-03 4.950E-03 2.677E+03 8.358E-01 7.136E+00 2.000E+00
9.270E+07 4.963E+02 2.906E-01 1.090E-03 4.950E-03 2.007E+03 8.358E-01 7.136E+00 2.000E+00
4.001E+07 4.912E+02 2.915E-01 1.090E-03 4.950E-03 1.992E+03 8.358E-01 7.136E+00 2.000E+00
1.479E+07 4.992E+02 2.900E-01 1.090E-03 4.950E-03 1.999E+03 8.358E-01 7.136E+00 2.000E+00
6.697E+06 5.090E+02 2.883E-01 1.090E-03 4.950E-03 2.011E+03 8.358E-01 7.136E+00 2.000E+00
1.825E+07 4.723E+02 2.951E-01 1.090E-03 4.951E-03 1.984E+03 8.359E-01 7.136E+00 2.000E+00
9.051E+06 3.350E+02 3.250E-01 1.090E-03 4.952E-03 2.178E+03 8.359E-01 7.136E+00 2.000E+00
2.428E+07 3.406E+02 3.237E-01 1.090E-03 4.953E-03 2.161E+03 8.359E-01 7.136E+00 2.000E+00
6.747E+06 5.156E+02 2.871E-01 1.090E-03 4.956E-03 2.021E+03 8.360E-01 7.136E+00 2.000E+00
4.977E+07 5.319E+02 2.842E-01 1.090E-03 4.961E-03 2.055E+03 8.361E-01 7.137E+00 2.000E+00
2.225E+07 3.966E+02 3.108E-01 1.090E-03 4.971E-03 2.037E+03 8.363E-01 7.137E+00 2.000E+00
4.987E+07 3.075E+02 3.320E-01 1.090E-03 4.988E-03 2.285E+03 8.367E-01 7.137E+00 2.000E+00
7.678E+07 2.183E+02 3.559E-01 1.090E-03 5.020E-03 3.051E+03 8.375E-01 7.138E+00 2.000E+00
5.435E+06 2.152E+02 3.570E-01 1.090E-03 5.079E-03 3.095E+03 8.389E-01 7.139E+00 2.000E+00
1.742E+07 4.175E+02 3.068E-01 1.090E-03 5.187E-03 2.032E+03 8.415E-01 7.142E+00 2.000E+00
8.606E+06 2.887E+02 3.383E-01 1.090E-03 5.385E-03 2.373E+03 8.463E-01 7.146E+00 2.000E+00
1.619E+07 4.157E+02 3.085E-01 1.090E-03 5.748E-03 2.113E+03 8.550E-01 7.155E+00 2.000E+00
7.373E+06 2.432E+02 3.552E-01 1.090E-03 6.413E-03 2.629E+03 8.683E-01 7.170E+00 2.000E+00
1.344E+07 3.320E+02 3.340E-01 1.090E-03 7.631E-03 2.438E+03 8.898E-01 7.198E+00 2.000E+00
1.640E+06 2.381E+02 3.723E-01 1.090E-03 9.865E-03 2.663E+03 9.168E-01 7.249E+00 2.000E+00
5.026E+07 5.177E+02 2.867E-01 1.378E-03 4.950E-03 2.034E+03 8.370E-01 7.136E+00 2.000E+00
2.615E+09 5.177E+02 2.867E-01 1.378E-03 4.950E-03 2.031E+03 8.370E-01 7.136E+00 2.000E+00
2.386E+07 5.348E+02 2.837E-01 1.378E-03 4.950E-03 2.068E+03 8.370E-01 7.136E+00 2.000E+00
2.114E+07 4.809E+02 2.935E-01 1.378E-03 4.950E-03 2.014E+03 8.370E-01 7.136E+00 2.000E+00
8.461E+06 3.406E+02 3.237E-01 1.378E-03 4.950E-03 2.163E+03 8.370E-01 7.136E+00 2.000E+00
1.611E+07 2.432E+02 3.488E-01 1.378E-03 4.951E-03 2.736E+03 8.370E-01 7.136E+00 2.000E+00
1.224E+08 2.355E+02 3.509E-01 1.378E-03 4.952E-03 2.822E+03 8.370E-01 7.136E+00 2.000E+00
8.811E+06 4.517E+02 2.992E-01 1.378E-03 4.953E-03 1.990E+03 8.371E-01 7.136E+00 2.000E+00
1.407E+08 3.549E+02 3.203E-01 1.378E-03 4.956E-03 2.145E+03 8.371E-01 7.136E+00 2.000E+00
2.260E+08 4.306E+02 3.035E-01 1.378E-03 4.961E-03 2.000E+03 8.373E-01 7.137E+00 2.000E+00
1.012E+07 2.658E+02 3.428E-01 1.378E-03 4.971E-03 2.532E+03 8.375E-01 7.137E+00 2.000E+00
7.570E+06 2.304E+02 3.524E-01 1.378E-03 4.988E-03 2.881E+03 8.379E-01 7.137E+00 2.000E+00
3.084E+08 3.337E+02 3.256E-01 1.378E-03 5.020E-03 2.190E+03 8.387E-01 7.138E+00 2.000E+00
8.916E+07 4.452E+02 3.008E-01 1.378E-03 5.079E-03 2.011E+03 8.401E-01 7.139E+00 2.000E+00
6.862E+06 2.598E+02 3.453E-01 1.378E-03 5.187E-03 2.570E+03 8.427E-01 7.142E+00 2.000E+00
4.570E+07 2.149E+02 3.586E-01 1.378E-03 5.385E-03 3.049E+03 8.475E-01 7.146E+00 2.000E+00
1.137E+07 2.302E+02 3.561E-01 1.378E-03 5.748E-03 2.803E+03 8.562E-01 7.155E+00 2.000E+00
9.457E+06 2.978E+02 3.395E-01 1.378E-03 6.413E-03 2.342E+03 8.693E-01 7.170E+00 2.000E+00
2.620E+07 2.814E+02 3.486E-01 1.378E-03 7.631E-03 2.438E+03 8.907E-01 7.198E+00 2.000E+00
2.064E+07 2.194E+02 3.794E-01 1.378E-03 9.865E-03 2.658E+03 9.175E-01 7.249E+00 2.000E+00
1.807E+07 4.598E+02 2.976E-01 1.743E-03 4.950E-03 1.994E+03 8.385E-01 7.136E+00 2.000E+00
2.923E+07 4.598E+02 2.976E-01 1.743E-03 4.950E-03 1.994E+03 8.385E-01 7.136E+00 2.000E+00
6.932E+06 4.517E+02 2.992E-01 1.743E-03 4.950E-03 1.997E+03 8.385E-01 7.136E+00 2.000E+00
1.233E+07 4.517E+02 2.992E-01 1.743E-03 4.950E-03 1.995E+03 8.385E-01 7.136E+00 2.000E+00
2.788E+07 4.976E+02 2.903E-01 1.743E-03 4.950E-03 2.013E+03 8.385E-01 7.136E+00 2.000E+00
2.301E+07 5.156E+02 2.871E-01 1.743E-03 4.951E-03 2.039E+03 8.385E-01 7.136E+00 2.000E+00
5.577E+07 3.293E+02 3.264E-01 1.743E-03 4.952E-03 2.205E+03 8.385E-01 7.136E+00 2.000E+00
1.771E+07 5.265E+02 2.852E-01 1.743E-03 4.953E-03 2.062E+03 8.385E-01 7.136E+00 2.000E+00
1.708E+07 3.635E+02 3.183E-01 1.743E-03 4.956E-03 2.105E+03 8.386E-01 7.136E+00 2.000E+00
8.739E+07 5.089E+02 2.883E-01 1.743E-03 4.961E-03 2.031E+03 8.387E-01 7.137E+00 2.000E+00
6.713E+06 5.452E+02 2.819E-01 1.743E-03 4.971E-03 2.153E+03 8.390E-01 7.137E+00 2.000E+00
3.175E+06 2.988E+02 3.342E-01 1.743E-03 4.988E-03 2.331E+03 8.394E-01 7.137E+00 2.000E+00
1.903E+08 5.315E+02 2.844E-01 1.743E-03 5.020E-03 2.104E+03 8.401E-01 7.138E+00 2.000E+00
1.947E+07 3.999E+02 3.103E-01 1.743E-03 5.079E-03 2.047E+03 8.416E-01 7.139E+00 2.000E+00
7.279E+06 2.937E+02 3.363E-01 1.743E-03 5.187E-03 2.355E+03 8.442E-01 7.142E+00 2.000E+00
6.461E+07 4.014E+02 3.107E-01 1.743E-03 5.385E-03 2.078E+03 8.489E-01 7.146E+00 2.000E+00
5.330E+06 4.470E+02 3.018E-01 1.743E-03 5.748E-03 2.164E+03 8.576E-01 7.155E+00 2.000E+00
1.345E+07 3.118E+02 3.356E-01 1.743E-03 6.413E-03 2.312E+03 8.707E-01 7.170E+00 2.000E+00
1.419E+07 2.220E+02 3.676E-01 1.743E-03 7.631E-03 2.726E+03 8.919E-01 7.198E+00 2.000E+00
1.466E+07 2.193E+02 3.795E-01 1.743E-03 9.865E-03 2.667E+03 9.184E-01 7.249E+00 2.000E+00
2.114E+07 3.294E+02 3.264E-01 2.205E-03 4.950E-03 2.206E+03 8.403E-01 7.136E+00 2.000E+00
4.593E+07 3.294E+02 3.264E-01 2.205E-03 4.950E-03 2.206E+03 8.403E-01 7.136E+00 2.000E+00
9.230E+06 3.130E+02 3.305E-01 2.205E-03 4.950E-03 2.270E+03 8.403E-01 7.136E+00 2.000E+00
4.352E+07 3.130E+02 3.305E-01 2.205E-03 4.950E-03 2.270E+03 8.403E-01 7.136E+00 2.000E+00
5.104E+07 5.142E+02 2.873E-01 2.205E-03 4.950E-03 2.050E+03 8.403E-01 7.136E+00 2.000E+00
4.706E+07 2.775E+02 3.397E-01 2.205E-03 4.951E-03 2.456E+03 8.403E-01 7.136E+00 2.000E+00
7.951E+06 3.635E+02 3.182E-01 2.205E-03 4.952E-03 2.109E+03 8.404E-01 7.136E+00 2.000E+00
9.378E+07 3.708E+02 3.166E-01 2.205E-03 4.953E-03 2.105E+03 8.404E-01 7.136E+00 2.000E+00
1.072E+07 4.122E+02 3.074E-01 2.205E-03 4.956E-03 2.046E+03 8.404E-01 7.136E+00 2.000E+00
2.519E+07 3.951E+02 3.111E-01 2.205E-03 4.961E-03 2.050E+03 8.406E-01 7.137E+00 2.000E+00
2.205E+07 3.386E+02 3.242E-01 2.205E-03 4.971E-03 2.177E+03 8.408E-01 7.137E+00 2.000E+00
4.778E+07 3.811E+02 3.143E-01 2.205E-03 4.988E-03 2.075E+03 8.412E-01 7.137E+00 2.000E+00
1.406E+07 4.312E+02 3.035E-01 2.205E-03 5.020E-03 2.020E+03 8.420E-01 7.138E+00 2.000E+00
1.472E+08 4.592E+02 2.980E-01 2.205E-03 5.079E-03 2.025E+03 8.434E-01 7.139E+00 2.000E+00
1.583E+07 2.770E+02 3.407E-01 2.205E-03 5.187E-03 2.452E+03 8.460E-01 7.142E+00 2.000E+00
7.933E+07 4.767E+02 2.951E-01 2.205E-03 5.385E-03 2.124E+03 8.508E-01 7.146E+00 2.000E+00
6.985E+07 4.586E+02 2.994E-01 2.205E-03 5.748E-03 2.213E+03 8.595E-01 7.155E+00 2.000E+00
3.193E+06 2.954E+02 3.401E-01 2.205E-03 6.413E-03 2.361E+03 8.723E-01 7.170E+00 2.000E+00
3.671E+06 2.925E+02 3.453E-01 2.205E-03 7.631E-03 2.439E+03 8.933E-01 7.198E+00 2.000E+00
3.912E+06 2.079E+02 3.840E-01 2.205E-03 9.865E-03 2.703E+03 9.196E-01 7.249E+00 2.000E+00
1.447E+07 3.474E+02 3.220E-01 2.789E-03 4.950E-03 2.155E+03 8.426E-01 7.136E+00 2.000E+00
2.248E+07 3.474E+02 3.220E-01 2.789E-03 4.950E-03 2.155E+03 8.426E-01 7.136E+00 2.000E+00
1.252E+07 3.493E+02 3.216E-01 2.789E-03 4.950E-03 2.224E+03 8.426E-01 7.136E+00 2.000E+00
1.195E+07 3.603E+02 3.190E-01 2.789E-03 4.950E-03 2.122E+03 8.426E-01 7.136E+00 2.000E+00
5.895E+06 4.076E+02 3.084E-01 2.789E-03 4.950E-03 2.042E+03 8.426E-01 7.136E+00 2.000E+00
4.570E+07 4.182E+02 3.061E-01 2.789E-03 4.951E-03 2.032E+03 8.427E-01 7.136E+00 2.000E+00
7.142E+07 4.911E+02 2.916E-01 2.789E-03 4.952E-03 2.033E+03 8.427E-01 7.136E+00 2.000E+00
1.621E+07 5.390E+02 2.830E-01 2.789E-03 4.953E-03 2.146E+03 8.427E-01 7.136E+00 2.000E+00
8.416E+07 2.207E+02 3.550E-01 2.789E-03 4.956E-03 3.031E+03 8.428E-01 7.136E+00 2.000E+00
4.722E+07 2.165E+02 3.561E-01 2.789E-03 4.961E-03 3.098E+03 8.429E-01 7.137E+00 2.000E+00
1.165E+07 4.820E+02 2.933E-01 2.789E-03 4.971E-03 2.029E+03 8.432E-01 7.137E+00 2.000E+00
1.084E+07 3.460E+02 3.225E-01 2.789E-03 4.988E-03 2.161E+03 8.436E-01 7.137E+00 2.000E+00
1.077E+07 2.717E+02 3.415E-01 2.789E-03 5.020E-03 2.496E+03 8.443E-01 7.138E+00 2.000E+00
4.732E+06 2.202E+02 3.557E-01 2.789E-03 5.079E-03 3.021E+03 8.457E-01 7.139E+00 2.000E+00
1.914E+07 4.072E+02 3.090E-01 2.789E-03 5.187E-03 2.066E+03 8.483E-01 7.142E+00 2.000E+00
3.326E+07 4.421E+02 3.021E-01 2.789E-03 5.385E-03 2.093E+03 8.531E-01 7.146E+00 2.000E+00
5.965E+06 3.291E+02 3.290E-01 2.789E-03 5.748E-03 2.240E+03 8.618E-01 7.155E+00 2.000E+00
6.286E+07 3.300E+02 3.308E-01 2.789E-03 6.413E-03 2.283E+03 8.744E-01 7.170E+00 2.000E+00
1.226E+08 3.026E+02 3.423E-01 2.789E-03 7.631E-03 2.451E+03 8.951E-01 7.198E+00 2.000E+00
3.190E+07 2.192E+02 3.796E-01 2.789E-03 9.865E-03 2.700E+03 9.211E-01 7.249E+00 2.000E+00
1.567E+07 3.996E+02 3.101E-01 3.528E-03 4.950E-03 2.059E+03 8.456E-01 7.136E+00 2.000E+00
2.483E+07 3.996E+02 3.101E-01 3.528E-03 4.950E-03 2.059E+03 8.456E-01 7.136E+00 2.000E+00
6.413E+06 2.669E+02 3.425E-01 3.528E-03 4.950E-03 2.540E+03 8.456E-01 7.136E+00 2.000E+00
1.352E+07 2.669E+02 3.425E-01 3.528E-03 4.950E-03 2.538E+03 8.456E-01 7.136E+00 2.000E+00
5.080E+07 2.607E+02 3.441E-01 3.528E-03 4.950E-03 2.586E+03 8.456E-01 7.136E+00 2.000E+00
2.280E+07 4.597E+02 2.976E-01 3.528E-03 4.951E-03 2.028E+03 8.456E-01 7.136E+00 2.000E+00
7.491E+06 5.155E+02 2.871E-01 3.528E-03 4.952E-03 2.103E+03 8.457E-01 7.136E+00 2.000E+00
8.324E+07 2.109E+02 3.576E-01 3.528E-03 4.953E-03 3.206E+03 8.457E-01 7.136E+00 2.000E+00
2.479E+09 3.292E+02 3.265E-01 3.528E-03 4.956E-03 2.219E+03 8.458E-01 7.137E+00 2.000E+00
3.458E+07 3.413E+02 3.236E-01 3.528E-03 4.961E-03 2.180E+03 8.459E-01 7.137E+00 2.000E+00
6.619E+06 5.270E+02 2.851E-01 3.528E-03 4.971E-03 2.143E+03 8.461E-01 7.137E+00 2.000E+00
7.375E+06 3.932E+02 3.116E-01 3.528E-03 4.988E-03 2.071E+03 8.465E-01 7.137E+00 2.000E+00
1.021E+08 2.303E+02 3.527E-01 3.528E-03 5.020E-03 2.891E+03 8.473E-01 7.138E+00 2.000E+00
1.901E+07 2.964E+02 3.352E-01 3.528E-03 5.079E-03 2.358E+03 8.487E-01 7.139E+00 2.000E+00
8.439E+06 3.191E+02 3.297E-01 3.528E-03 5.187E-03 2.260E+03 8.513E-01 7.142E+00 2.000E+00
1.650E+09 4.300E+02 3.046E-01 3.528E-03 5.385E-03 2.103E+03 8.561E-01 7.146E+00 2.000E+00
2.441E+07 2.666E+02 3.457E-01 3.528E-03 5.748E-03 2.514E+03 8.648E-01 7.155E+00 2.000E+00
4.200E+07 3.223E+02 3.328E-01 3.528E-03 6.413E-03 2.309E+03 8.771E-01 7.170E+00 2.000E+00
2.099E+07 2.763E+02 3.502E-01 3.528E-03 7.631E-03 2.505E+03 8.974E-01 7.198E+00 2.000E+00
1.727E+06 2.233E+02 3.780E-01 3.528E-03 9.865E-03 2.726E+03 9.229E-01 7.249E+00 2.000E+00
1.876E+08 4.939E+02 2.910E-01 4.462E-03 4.950E-03 2.083E+03 8.494E-01 7.136E+00 2.000E+00
7.969E+07 3.634E+02 3.183E-01 4.462E-03 4.950E-03 2.134E+03 8.494E-01 7.136E+00 2.000E+00
2.875E+07 4.315E+02 3.033E-01 4.462E-03 4.950E-03 2.046E+03 8.494E-01 7.136E+00 2.000E+00
1.884E+07 4.154E+02 3.067E-01 4.462E-03 4.950E-03 2.056E+03 8.494E-01 7.136E+00 2.000E+00
2.408E+07 4.607E+02 2.974E-01 4.462E-03 4.950E-03 2.050E+03 8.494E-01 7.136E+00 2.000E+00
1.254E+07 3.752E+02 3.156E-01 4.462E-03 4.951E-03 2.109E+03 8.494E-01 7.136E+00 2.000E+00
2.371E+07 3.437E+02 3.230E-01 4.462E-03 4.952E-03 2.182E+03 8.494E-01 7.136E+00 2.000E+00
1.671E+07 4.121E+02 3.074E-01 4.462E-03 4.953E-03 2.059E+03 8.494E-01 7.136E+00 2.000E+00
1.218E+07 4.807E+02 2.935E-01 4.462E-03 4.956E-03 2.066E+03 8.495E-01 7.137E+00 2.000E+00
1.937E+07 4.249E+02 3.047E-01 4.462E-03 4.961E-03 2.063E+03 8.496E-01 7.137E+00 2.000E+00
9.282E+06 2.968E+02 3.347E-01 4.462E-03 4.971E-03 2.362E+03 8.499E-01 7.137E+00 2.000E+00
2.613E+07 5.173E+02 2.869E-01 4.462E-03 4.988E-03 2.159E+03 8.503E-01 7.137E+00 2.000E+00
6.086E+07 4.762E+02 2.945E-01 4.462E-03 5.020E-03 2.078E+03 8.510E-01 7.138E+00 2.000E+00
1.079E+07 5.078E+02 2.887E-01 4.462E-03 5.079E-03 2.177E+03 8.525E-01 7.139E+00 2.000E+00
2.911E+07 3.227E+02 3.288E-01 4.462E-03 5.187E-03 2.256E+03 8.551E-01 7.142E+00 2.000E+00
3.709E+07 4.162E+02 3.075E-01 4.462E-03 5.385E-03 2.119E+03 8.598E-01 7.146E+00 2.000E+00
2.055E+07 4.377E+02 3.038E-01 4.462E-03 5.748E-03 2.240E+03 8.685E-01 7.155E+00 2.000E+00
3.986E+06 4.041E+02 3.126E-01 4.462E-03 6.413E-03 2.407E+03 8.805E-01 7.170E+00 2.000E+00
2.872E+06 3.188E+02 3.377E-01 4.462E-03 7.631E-03 2.555E+03 9.003E-01 7.198E+00 2.000E+00
5.653E+06 2.232E+02 3.780E-01 4.462E-03 9.865E-03 2.763E+03 9.252E-01 7.249E+00 2.000E+00
6.002E+06 5.154E+02 2.871E-01 5.644E-03 4.950E-03 2.187E+03 8.541E-01 7.136E+00 2.000E+00
6.546E+06 5.154E+02 2.871E-01 5.644E-03 4.950E-03 2.186E+03 8.541E-01 7.136E+00 2.000E+00
7.931E+06 5.154E+02 2.871E-01 5.644E-03 4.950E-03 2.186E+03 8.541E-01 7.136E+00 2.000E+00
1.385E+07 5.154E+02 2.871E-01 5.644E-03 4.950E-03 2.186E+03 8.541E-01 7.136E+00 2.000E+00
5.662E+07 5.115E+02 2.878E-01 5.644E-03 4.950E-03 2.172E+03 8.541E-01 7.136E+00 2.000E+00
3.875E+07 4.200E+02 3.057E-01 5.644E-03 4.951E-03 2.074E+03 8.541E-01 7.136E+00 2.000E+00
7.083E+06 2.545E+02 3.458E-01 5.644E-03 4.952E-03 2.653E+03 8.541E-01 7.136E+00 2.000E+00
1.544E+07 5.092E+02 2.883E-01 5.644E-03 4.953E-03 2.291E+03 8.542E-01 7.136E+00 2.000E+00
1.727E+07 4.362E+02 3.023E-01 5.644E-03 4.956E-03 2.069E+03 8.542E-01 7.137E+00 2.000E+00
1.331E+07 2.606E+02 3.442E-01 5.644E-03 4.961E-03 2.609E+03 8.544E-01 7.137E+00 2.000E+00
8.405E+06 3.403E+02 3.238E-01 5.644E-03 4.971E-03 2.573E+03 8.546E-01 7.137E+00 2.000E+00
1.556E+08 4.956E+02 2.908E-01 5.644E-03 4.988E-03 2.141E+03 8.550E-01 7.137E+00 2.000E+00
1.874E+07 3.931E+02 3.117E-01 5.644E-03 5.020E-03 2.112E+03 8.558E-01 7.138E+00 2.000E+00
2.369E+07 4.014E+02 3.100E-01 5.644E-03 5.079E-03 2.102E+03 8.572E-01 7.139E+00 2.000E+00
6.523E+06 3.660E+02 3.183E-01 5.644E-03 5.187E-03 2.158E+03 8.598E-01 7.142E+00 2.000E+00
4.354E+06 3.458E+02 3.237E-01 5.644E-03 5.385E-03 2.214E+03 8.646E-01 7.146E+00 2.000E+00
1.719E+07 3.981E+02 3.124E-01 5.644E-03 5.748E-03 2.212E+03 8.727E-01 7.155E+00 2.000E+00
5.735E+06 3.277E+02 3.314E-01 5.644E-03 6.413E-03 2.343E+03 8.847E-01 7.170E+00 2.000E+00
7.818E+07 2.975E+02 3.438E-01 5.644E-03 7.631E-03 2.537E+03 9.040E-01 7.198E+00 2.000E+00
1.295E+07 2.129E+02 3.821E-01 5.644E-03 9.865E-03 2.796E+03 9.282E-01 7.249E+00 2.000E+00
1.610E+07 4.819E+02 2.933E-01 7.139E-03 4.950E-03 2.429E+03 8.601E-01 7.136E+00 2.000E+00
2.374E+07 4.654E+02 2.965E-01 7.139E-03 4.950E-03 2.156E+03 8.601E-01 7.136E+00 2.000E+00
4.245E+08 4.654E+02 2.965E-01 7.139E-03 4.950E-03 2.118E+03 8.601E-01 7.136E+00 2.000E+00
1.142E+07 4.635E+02 2.969E-01 7.139E-03 4.950E-03 2.115E+03 8.601E-01 7.136E+00 2.000E+00
5.006E+08 3.207E+02 3.286E-01 7.139E-03 4.950E-03 2.282E+03 8.601E-01 7.136E+00 2.000E+00
4.232E+06 3.153E+02 3.300E-01 7.139E-03 4.951E-03 2.303E+03 8.601E-01 7.136E+00 2.000E+00
1.281E+07 3.979E+02 3.105E-01 7.139E-03 4.952E-03 2.112E+03 8.601E-01 7.136E+00 2.000E+00
6.720E+08 2.159E+02 3.563E-01 7.139E-03 4.953E-03 3.131E+03 8.602E-01 7.137E+00 2.000E+00
1.015E+07 2.555E+02 3.456E-01 7.139E-03 4.956E-03 2.653E+03 8.602E-01 7.137E+00 2.000E+00
1.274E+07 4.379E+02 3.020E-01 7.139E-03 4.961E-03 2.098E+03 8.604E-01 7.137E+00 2.000E+00
1.165E+07 3.870E+02 3.130E-01 7.139E-03 4.971E-03 2.126E+03 8.606E-01 7.137E+00 2.000E+00
5.748E+06 4.246E+02 3.048E-01 7.139E-03 4.988E-03 2.102E+03 8.610E-01 7.137E+00 2.000E+00
8.196E+06 4.252E+02 3.048E-01 7.139E-03 5.020E-03 2.108E+03 8.618E-01 7.138E+00 2.000E+00
8.413E+06 3.397E+02 3.243E-01 7.139E-03 5.079E-03 2.227E+03 8.632E-01 7.139E+00 2.000E+00
1.679E+07 3.738E+02 3.165E-01 7.139E-03 5.187E-03 2.167E+03 8.658E-01 7.142E+00 2.000E+00
6.792E+06 4.149E+02 3.078E-01 7.139E-03 5.385E-03 2.184E+03 8.706E-01 7.146E+00 2.000E+00
1.711E+08 2.834E+02 3.411E-01 7.139E-03 5.748E-03 2.456E+03 8.781E-01 7.155E+00 2.000E+00
7.054E+06 2.327E+02 3.585E-01 7.139E-03 6.413E-03 2.775E+03 8.901E-01 7.170E+00 2.000E+00
2.622E+06 2.566E+02 3.564E-01 7.139E-03 7.631E-03 2.621E+03 9.086E-01 7.198E+00 2.000E+00
3.317E+06 2.172E+02 3.805E-01 7.139E-03 9.865E-03 2.893E+03 9.319E-01 7.249E+00 2.000E+00
1.224E+07 4.721E+02 2.952E-01 9.029E-03 4.950E-03 2.191E+03 8.677E-01 7.136E+00 2.000E+00
1.604E+07 4.721E+02 2.952E-01 9.029E-03 4.950E-03 2.191E+03 8.677E-01 7.136E+00 2.000E+00
4.037E+07 4.721E+02 2.952E-01 9.029E-03 4.950E-03 2.193E+03 8.677E-01 7.136E+00 2.000E+00
7.944E+06 2.128E+02 3.572E-01 9.029E-03 4.950E-03 3.204E+03 8.677E-01 7.136E+00 2.000E+00
2.098E+07 2.967E+02 3.347E-01 9.029E-03 4.950E-03 2.401E+03 8.677E-01 7.136E+00 2.000E+00
8.273E+06 2.051E+02 3.593E-01 9.029E-03 4.951E-03 3.671E+03 8.677E-01 7.137E+00 2.000E+00
2.968E+07 2.051E+02 3.593E-01 9.029E-03 4.952E-03 3.346E+03 8.677E-01 7.137E+00 2.000E+00
5.352E+06 3.907E+02 3.121E-01 9.029E-03 4.953E-03 2.149E+03 8.677E-01 7.137E+00 2.000E+00
1.272E+07 2.130E+02 3.572E-01 9.029E-03 4.956E-03 3.216E+03 8.678E-01 7.137E+00 2.000E+00
2.511E+07 4.376E+02 3.021E-01 9.029E-03 4.961E-03 2.142E+03 8.679E-01 7.137E+00 2.000E+00
4.830E+07 3.992E+02 3.103E-01 9.029E-03 4.971E-03 2.144E+03 8.682E-01 7.137E+00 2.000E+00
2.673E+08 4.084E+02 3.083E-01 9.029E-03 4.988E-03 2.142E+03 8.686E-01 7.137E+00 2.000E+00
1.633E+07 3.399E+02 3.241E-01 9.029E-03 5.020E-03 2.245E+03 8.693E-01 7.138E+00 2.000E+00
2.116E+07 3.625E+02 3.189E-01 9.029E-03 5.079E-03 2.201E+03 8.708E-01 7.139E+00 2.000E+00
2.377E+07 3.260E+02 3.281E-01 9.029E-03 5.187E-03 2.297E+03 8.734E-01 7.142E+00 2.000E+00
1.210E+07 3.230E+02 3.294E-01 9.029E-03 5.385E-03 2.315E+03 8.781E-01 7.146E+00 2.000E+00
1.269E+07 2.725E+02 3.442E-01 9.029E-03 5.748E-03 2.534E+03 8.849E-01 7.155E+00 2.000E+00
4.957E+07 2.230E+02 3.615E-01 9.029E-03 6.413E-03 2.887E+03 8.969E-01 7.170E+00 2.000E+00
6.830E+06 3.024E+02 3.424E-01 9.029E-03 7.631E-03 2.692E+03 9.145E-01 7.198E+00 2.000E+00
1.985E+07 2.043E+02 3.856E-01 9.029E-03 9.865E-03 2.927E+03 9.367E-01 7.249E+00 2.000E+00
1.672E+07 3.019E+02 3.334E-01 1.142E-02 4.950E-03 2.400E+03 8.773E-01 7.137E+00 2.000E+00
2.983E+07 3.019E+02 3.334E-01 1.142E-02 4.950E-03 2.399E+03 8.773E-01 7.137E+00 2.000E+00
2.003E+07 3.869E+02 3.130E-01 1.142E-02 4.950E-03 2.192E+03 8.773E-01 7.137E+00 2.000E+00
2.282E+07 4.248E+02 3.047E-01 1.142E-02 4.950E-03 2.188E+03 8.773E-01 7.137E+00 2.000E+00
5.444E+06 4.246E+02 3.048E-01 1.142E-02 4.950E-03 2.210E+03 8.773E-01 7.137E+00 2.000E+00
6.283E+06 3.126E+02 3.307E-01 1.142E-02 4.951E-03 2.356E+03 8.773E-01 7.137E+00 2.000E+00
3.791E+06 4.041E+02 3.092E-01 1.142E-02 4.952E-03 2.186E+03 8.773E-01 7.137E+00 2.000E+00
2.854E+07 3.237E+02 3.279E-01 1.142E-02 4.953E-03 2.317E+03 8.773E-01 7.137E+00 2.000E+00
2.703E+07 4.311E+02 3.034E-01 1.142E-02 4.956E-03 2.199E+03 8.774E-01 7.137E+00 2.000E+00
1.106E+07 3.630E+02 3.185E-01 1.142E-02 4.961E-03 2.905E+03 8.775E-01 7.137E+00 2.000E+00
9.633E+06 4.577E+02 2.981E-01 1.142E-02 4.971E-03 2.250E+03 8.778E-01 7.137E+00 2.000E+00
4.449E+08 3.971E+02 3.108E-01 1.142E-02 4.988E-03 2.200E+03 8.782E-01 7.137E+00 2.000E+00
1.097E+08 3.227E+02 3.284E-01 1.142E-02 5.020E-03 2.323E+03 8.789E-01 7.138E+00 2.000E+00
4.158E+06 3.460E+02 3.228E-01 1.142E-02 5.079E-03 2.266E+03 8.804E-01 7.140E+00 2.000E+00
2.704E+07 4.160E+02 3.071E-01 1.142E-02 5.187E-03 2.243E+03 8.830E-01 7.142E+00 2.000E+00
9.846E+06 3.197E+02 3.303E-01 1.142E-02 5.385E-03 2.357E+03 8.870E-01 7.147E+00 2.000E+00
5.182E+06 2.275E+02 3.570E-01 1.142E-02 5.748E-03 2.911E+03 8.936E-01 7.155E+00 2.000E+00
2.396E+07 3.228E+02 3.328E-01 1.142E-02 6.413E-03 2.480E+03 9.055E-01 7.170E+00 2.000E+00
5.639E+06 2.922E+02 3.455E-01 1.142E-02 7.631E-03 2.772E+03 9.219E-01 7.198E+00 2.000E+00
3.136E+06 2.040E+02 3.858E-01 1.142E-02 9.865E-03 3.029E+03 9.426E-01 7.249E+00 2.000E+00
3.823E+07 2.217E+02 3.549E-01 1.445E-02 4.950E-03 3.082E+03 8.894E-01 7.137E+00 2.000E+00
9.219E+07 2.217E+02 3.549E-01 1.445E-02 4.950E-03 3.082E+03 8.894E-01 7.137E+00 2.000E+00
1.040E+07 2.187E+02 3.557E-01 1.445E-02 4.950E-03 3.128E+03 8.894E-01 7.137E+00 2.000E+00
7.742E+10 3.564E+02 3.200E-01 1.445E-02 4.950E-03 2.278E+03 8.894E-01 7.137E+00 2.000E+00
2.122E+07 2.202E+02 3.553E-01 1.445E-02 4.950E-03 3.105E+03 8.894E-01 7.137E+00 2.000E+00
2.072E+07 2.419E+02 3.494E-01 1.445E-02 4.951E-03 2.838E+03 8.894E-01 7.137E+00 2.000E+00
3.123E+07 3.747E+02 3.157E-01 1.445E-02 4.952E-03 2.256E+03 8.894E-01 7.137E+00 2.000E+00
3.300E+06 2.320E+02 3.521E-01 1.445E-02 4.953E-03 2.945E+03 8.895E-01 7.137E+00 2.000E+00
1.949E+07 2.252E+02 3.540E-01 1.445E-02 4.956E-03 3.032E+03 8.895E-01 7.137E+00 2.000E+00
7.052E+06 4.487E+02 2.999E-01 1.445E-02 4.961E-03 2.348E+03 8.897E-01 7.137E+00 2.000E+00
9.476E+07 2.996E+02 3.341E-01 1.445E-02 4.971E-03 2.442E+03 8.899E-01 7.137E+00 2.000E+00
5.836E+06 4.508E+02 2.995E-01 1.445E-02 4.988E-03 2.367E+03 8.903E-01 7.137E+00 2.000E+00
4.408E+07 2.283E+02 3.534E-01 1.445E-02 5.020E-03 3.216E+03 8.911E-01 7.138E+00 2.000E+00
1.178E+08 3.500E+02 3.219E-01 1.445E-02 5.079E-03 2.307E+03 8.924E-01 7.140E+00 2.000E+00
7.604E+06 2.855E+02 3.386E-01 1.445E-02 5.187E-03 2.515E+03 8.944E-01 7.142E+00 2.000E+00
9.471E+06 4.155E+02 3.077E-01 1.445E-02 5.385E-03 2.448E+03 8.979E-01 7.147E+00 2.000E+00
3.812E+08 3.007E+02 3.365E-01 1.445E-02 5.748E-03 2.487E+03 9.045E-01 7.155E+00 2.000E+00
5.890E+06 3.285E+02 3.313E-01 1.445E-02 6.413E-03 2.586E+03 9.162E-01 7.170E+00 2.000E+00
3.410E+06 2.810E+02 3.489E-01 1.445E-02 7.631E-03 2.890E+03 9.313E-01 7.198E+00 2.000E+00
NAN NAN NAN 1.445E-02 9.865E-03 NAN 9.502E-01 7.249E+00 2.000E+00
2.010E+07 4.143E+02 3.070E-01 1.827E-02 4.950E-03 2.387E+03 9.039E-01 7.137E+00 2.000E+00
3.791E+07 4.143E+02 3.070E-01 1.827E-02 4.950E-03 2.386E+03 9.039E-01 7.137E+00 2.000E+00
4.124E+06 2.508E+02 3.471E-01 1.827E-02 4.950E-03 2.783E+03 9.039E-01 7.137E+00 2.000E+00
7.320E+06 4.174E+02 3.063E-01 1.827E-02 4.950E-03 2.396E+03 9.039E-01 7.137E+00 2.000E+00
1.028E+09 4.174E+02 3.063E-01 1.827E-02 4.950E-03 2.394E+03 9.039E-01 7.137E+00 2.000E+00
6.864E+06 4.141E+02 3.070E-01 1.827E-02 4.951E-03 2.385E+03 9.039E-01 7.137E+00 2.000E+00
7.224E+06 2.779E+02 3.398E-01 1.827E-02 4.952E-03 2.591E+03 9.039E-01 7.137E+00 2.000E+00
3.372E+07 3.562E+02 3.201E-01 1.827E-02 4.953E-03 2.346E+03 9.039E-01 7.137E+00 2.000E+00
6.416E+08 4.199E+02 3.058E-01 1.827E-02 4.956E-03 2.405E+03 9.040E-01 7.137E+00 2.000E+00
7.301E+06 4.440E+02 3.008E-01 1.827E-02 4.961E-03 2.538E+03 9.041E-01 7.137E+00 2.000E+00
6.725E+06 2.910E+02 3.364E-01 1.827E-02 4.971E-03 2.524E+03 9.042E-01 7.137E+00 2.000E+00
4.745E+07 3.700E+02 3.170E-01 1.827E-02 4.988E-03 2.345E+03 9.046E-01 7.138E+00 2.000E+00
4.173E+07 4.168E+02 3.066E-01 1.827E-02 5.020E-03 2.428E+03 9.051E-01 7.138E+00 2.000E+00
2.693E+06 3.875E+02 3.132E-01 1.827E-02 5.079E-03 2.379E+03 9.062E-01 7.140E+00 2.000E+00
8.052E+06 3.524E+02 3.217E-01 1.827E-02 5.187E-03 2.395E+03 9.081E-01 7.142E+00 2.000E+00
6.041E+07 2.253E+02 3.561E-01 1.827E-02 5.385E-03 3.025E+03 9.117E-01 7.147E+00 2.000E+00
8.064E+06 2.144E+02 3.610E-01 1.827E-02 5.748E-03 3.136E+03 9.183E-01 7.155E+00 2.000E+00
3.339E+07 2.362E+02 3.577E-01 1.827E-02 6.413E-03 2.893E+03 9.280E-01 7.170E+00 2.000E+00
5.460E+07 2.307E+02 3.650E-01 1.827E-02 7.631E-03 2.993E+03 9.430E-01 7.198E+00 2.000E+00
NAN NAN NAN 1.827E-02 9.865E-03 NAN 9.598E-01 7.249E+00 2.000E+00
1.443E+07 3.340E+02 3.255E-01 2.311E-02 4.950E-03 2.470E+03 9.213E-01 7.137E+00 2.000E+00
2.228E+07 3.340E+02 3.255E-01 2.311E-02 4.950E-03 2.469E+03 9.213E-01 7.137E+00 2.000E+00
1.985E+07 3.986E+02 3.104E-01 2.311E-02 4.950E-03 2.544E+03 9.213E-01 7.137E+00 2.000E+00
1.319E+07 3.167E+02 3.298E-01 2.311E-02 4.950E-03 2.504E+03 9.213E-01 7.137E+00 2.000E+00
5.851E+06 3.174E+02 3.296E-01 2.311E-02 4.950E-03 2.501E+03 9.213E-01 7.137E+00 2.000E+00
4.502E+06 3.180E+02 3.294E-01 2.311E-02 4.951E-03 2.499E+03 9.213E-01 7.137E+00 2.000E+00
1.755E+07 2.239E+02 3.545E-01 2.311E-02 4.952E-03 3.118E+03 9.214E-01 7.137E+00 2.000E+00
5.798E+06 2.425E+02 3.494E-01 2.311E-02 4.953E-03 2.923E+03 9.214E-01 7.137E+00 2.000E+00
5.739E+06 2.400E+02 3.501E-01 2.311E-02 4.956E-03 2.930E+03 9.214E-01 7.137E+00 2.000E+00
1.396E+07 3.744E+02 3.159E-01 2.311E-02 4.961E-03 2.477E+03 9.215E-01 7.137E+00 2.000E+00
1.593E+07 3.339E+02 3.256E-01 2.311E-02 4.971E-03 2.474E+03 9.217E-01 7.137E+00 2.000E+00
1.715E+07 3.885E+02 3.128E-01 2.311E-02 4.988E-03 2.525E+03 9.220E-01 7.138E+00 2.000E+00
4.634E+07 3.118E+02 3.312E-01 2.311E-02 5.020E-03 2.524E+03 9.226E-01 7.138E+00 2.000E+00
3.763E+06 2.419E+02 3.501E-01 2.311E-02 5.079E-03 2.910E+03 9.236E-01 7.140E+00 2.000E+00
6.531E+06 2.930E+02 3.367E-01 2.311E-02 5.187E-03 2.605E+03 9.256E-01 7.142E+00 2.000E+00
8.589E+06 2.841E+02 3.398E-01 2.311E-02 5.385E-03 2.657E+03 9.292E-01 7.147E+00 2.000E+00
3.391E+07 3.048E+02 3.355E-01 2.311E-02 5.748E-03 2.670E+03 9.348E-01 7.155E+00 2.000E+00
2.400E+07 3.010E+02 3.388E-01 2.311E-02 6.413E-03 2.904E+03 9.431E-01 7.170E+00 2.000E+00
9.382E+06 2.399E+02 3.621E-01 2.311E-02 7.631E-03 3.199E+03 9.551E-01 7.198E+00 2.000E+00
NAN NAN NAN 2.311E-02 9.865E-03 NAN 9.689E-01 7.250E+00 2.000E+00
3.982E+06 2.599E+02 3.448E-01 2.923E-02 4.950E-03 2.840E+03 9.434E-01 7.137E+00 2.000E+00
4.328E+06 2.599E+02 3.448E-01 2.923E-02 4.950E-03 2.840E+03 9.434E-01 7.137E+00 2.000E+00
5.180E+06 2.599E+02 3.448E-01 2.923E-02 4.950E-03 2.840E+03 9.434E-01 7.137E+00 2.000E+00
8.409E+06 2.599E+02 3.448E-01 2.923E-02 4.950E-03 2.840E+03 9.434E-01 7.137E+00 2.000E+00
2.124E+08 3.849E+02 3.135E-01 2.923E-02 4.950E-03 2.851E+03 9.434E-01 7.137E+00 2.000E+00
7.547E+06 3.860E+02 3.133E-01 2.923E-02 4.951E-03 2.867E+03 9.434E-01 7.137E+00 2.000E+00
5.947E+06 3.422E+02 3.235E-01 2.923E-02 4.952E-03 2.634E+03 9.434E-01 7.137E+00 2.000E+00
1.151E+07 3.332E+02 3.257E-01 2.923E-02 4.953E-03 2.630E+03 9.434E-01 7.137E+00 2.000E+00
4.726E+06 2.645E+02 3.435E-01 2.923E-02 4.956E-03 2.811E+03 9.435E-01 7.137E+00 2.000E+00
3.253E+08 3.799E+02 3.147E-01 2.923E-02 4.961E-03 2.821E+03 9.436E-01 7.137E+00 2.000E+00
1.257E+07 3.134E+02 3.307E-01 2.923E-02 4.971E-03 2.639E+03 9.438E-01 7.137E+00 2.000E+00
8.209E+06 2.108E+02 3.584E-01 2.923E-02 4.988E-03 3.370E+03 9.441E-01 7.138E+00 2.000E+00
7.668E+07 3.774E+02 3.154E-01 2.923E-02 5.020E-03 2.846E+03 9.446E-01 7.139E+00 2.000E+00
6.952E+06 2.341E+02 3.524E-01 2.923E-02 5.079E-03 3.058E+03 9.455E-01 7.140E+00 2.000E+00
1.330E+07 3.161E+02 3.308E-01 2.923E-02 5.187E-03 2.696E+03 9.469E-01 7.142E+00 2.000E+00
7.664E+06 3.485E+02 3.233E-01 2.923E-02 5.385E-03 2.921E+03 9.493E-01 7.147E+00 2.000E+00
4.776E+06 3.279E+02 3.295E-01 2.923E-02 5.748E-03 3.058E+03 9.538E-01 7.155E+00 2.000E+00
4.213E+06 2.244E+02 3.615E-01 2.923E-02 6.413E-03 3.205E+03 9.613E-01 7.171E+00 2.000E+00
1.413E+07 2.119E+02 3.716E-01 2.923E-02 7.631E-03 3.490E+03 9.704E-01 7.198E+00 2.000E+00
NAN NAN NAN 2.923E-02 9.865E-03 NAN 9.798E-01 7.250E+00 2.000E+00
2.719E+06 2.749E+02 3.408E-01 3.697E-02 4.950E-03 2.909E+03 9.680E-01 7.137E+00 2.000E+00
7.049E+07 3.252E+02 3.278E-01 3.697E-02 4.950E-03 2.921E+03 9.680E-01 7.137E+00 2.000E+00
3.156E+06 2.749E+02 3.408E-01 3.697E-02 4.950E-03 2.910E+03 9.680E-01 7.137E+00 2.000E+00
3.970E+06 2.749E+02 3.408E-01 3.697E-02 4.950E-03 2.910E+03 9.680E-01 7.137E+00 2.000E+00
8.487E+06 2.749E+02 3.408E-01 3.697E-02 4.950E-03 2.909E+03 9.680E-01 7.137E+00 2.000E+00
7.318E+06 2.882E+02 3.373E-01 3.697E-02 4.951E-03 2.876E+03 9.680E-01 7.137E+00 2.000E+00
9.120E+06 2.695E+02 3.423E-01 3.697E-02 4.952E-03 2.929E+03 9.680E-01 7.137E+00 2.000E+00
1.372E+08 3.067E+02 3.325E-01 3.697E-02 4.953E-03 2.872E+03 9.680E-01 7.137E+00 2.000E+00
3.609E+07 2.170E+02 3.567E-01 3.697E-02 4.956E-03 3.372E+03 9.680E-01 7.137E+00 2.000E+00
1.789E+07 3.389E+02 3.244E-01 3.697E-02 4.961E-03 3.027E+03 9.681E-01 7.137E+00 2.000E+00
3.230E+06 2.248E+02 3.546E-01 3.697E-02 4.971E-03 3.265E+03 9.682E-01 7.138E+00 2.000E+00
7.816E+06 3.403E+02 3.242E-01 3.697E-02 4.988E-03 3.068E+03 9.684E-01 7.138E+00 2.000E+00
6.548E+06 3.156E+02 3.304E-01 3.697E-02 5.020E-03 2.926E+03 9.688E-01 7.139E+00 2.000E+00
2.249E+06 2.462E+02 3.492E-01 3.697E-02 5.079E-03 3.076E+03 9.696E-01 7.140E+00 2.000E+00
5.359E+06 2.540E+02 3.475E-01 3.697E-02 5.187E-03 3.043E+03 9.709E-01 7.143E+00 2.000E+00
8.497E+06 2.586E+02 3.470E-01 3.697E-02 5.385E-03 3.065E+03 9.729E-01 7.147E+00 2.000E+00
3.680E+06 2.429E+02 3.531E-01 3.697E-02 5.748E-03 3.215E+03 9.756E-01 7.155E+00 2.000E+00
6.842E+06 2.148E+02 3.647E-01 3.697E-02 6.413E-03 3.507E+03 9.806E-01 7.171E+00 2.000E+00
2.486E+06 2.010E+02 3.756E-01 3.697E-02 7.631E-03 4.050E+03 9.856E-01 7.199E+00 2.000E+00
NAN NAN NAN 3.697E-02 9.865E-03 NAN 9.912E-01 7.250E+00 2.000E+00
8.864E+06 2.812E+02 3.393E-01 4.677E-02 4.950E-03 3.266E+03 9.935E-01 7.137E+00 2.000E+00
1.129E+07 2.812E+02 3.393E-01 4.677E-02 4.950E-03 3.268E+03 9.935E-01 7.137E+00 2.000E+00
2.365E+07 2.812E+02 3.393E-01 4.677E-02 4.950E-03 3.267E+03 9.935E-01 7.137E+00 2.000E+00
5.426E+06 2.897E+02 3.370E-01 4.677E-02 4.950E-03 3.314E+03 9.935E-01 7.137E+00 2.000E+00
3.143E+07 2.897E+02 3.370E-01 4.677E-02 4.950E-03 3.317E+03 9.935E-01 7.137E+00 2.000E+00
1.356E+07 2.858E+02 3.381E-01 4.677E-02 4.951E-03 3.288E+03 9.935E-01 7.137E+00 2.000E+00
1.614E+07 3.008E+02 3.341E-01 4.677E-02 4.952E-03 3.435E+03 9.935E-01 7.137E+00 2.000E+00
6.324E+06 2.411E+02 3.502E-01 4.677E-02 4.953E-03 3.331E+03 9.935E-01 7.137E+00 2.000E+00
3.116E+06 2.356E+02 3.518E-01 4.677E-02 4.956E-03 3.370E+03 9.936E-01 7.137E+00 2.000E+00
2.217E+07 2.812E+02 3.393E-01 4.677E-02 4.961E-03 3.273E+03 9.936E-01 7.138E+00 2.000E+00
4.408E+06 2.546E+02 3.466E-01 4.677E-02 4.971E-03 3.263E+03 9.936E-01 7.138E+00 2.000E+00
2.748E+07 2.231E+02 3.554E-01 4.677E-02 4.988E-03 3.462E+03 9.937E-01 7.138E+00 2.000E+00
3.974E+06 2.899E+02 3.372E-01 4.677E-02 5.020E-03 3.386E+03 9.938E-01 7.139E+00 2.000E+00
4.682E+07 2.965E+02 3.357E-01 4.677E-02 5.079E-03 3.554E+03 9.940E-01 7.140E+00 2.000E+00
7.973E+06 2.844E+02 3.393E-01 4.677E-02 5.187E-03 3.518E+03 9.944E-01 7.143E+00 2.000E+00
9.251E+06 2.617E+02 3.463E-01 4.677E-02 5.385E-03 3.505E+03 9.951E-01 7.147E+00 2.000E+00
1.008E+08 2.501E+02 3.511E-01 4.677E-02 5.748E-03 3.762E+03 9.964E-01 7.156E+00 2.000E+00
8.548E+06 2.178E+02 3.640E-01 4.677E-02 6.413E-03 4.132E+03 9.972E-01 7.171E+00 2.000E+00
NAN NAN NAN 4.677E-02 7.631E-03 NAN 9.984E-01 7.199E+00 2.000E+00
NAN NAN NAN 4.677E-02 9.865E-03 NAN 1.000E+00 7.250E+00 0.000E+00
1.407E+08 2.049E+02 3.606E-01 5.915E-02 4.950E-03 4.001E+03 1.000E+00 7.138E+00 0.000E+00
3.544E+08 2.049E+02 3.606E-01 5.915E-02 4.950E-03 4.001E+03 1.000E+00 7.138E+00 0.000E+00
6.341E+06 2.402E+02 3.507E-01 5.915E-02 4.950E-03 3.874E+03 1.000E+00 7.138E+00 0.000E+00
1.055E+07 2.402E+02 3.507E-01 5.915E-02 4.950E-03 3.870E+03 1.000E+00 7.138E+00 0.000E+00
1.024E+07 2.441E+02 3.496E-01 5.915E-02 4.950E-03 3.898E+03 1.000E+00 7.138E+00 0.000E+00
8.855E+06 2.055E+02 3.605E-01 5.915E-02 4.951E-03 3.994E+03 1.000E+00 7.138E+00 0.000E+00
1.313E+07 2.190E+02 3.567E-01 5.915E-02 4.952E-03 3.877E+03 1.000E+00 7.138E+00 0.000E+00
8.770E+06 2.077E+02 3.598E-01 5.915E-02 4.953E-03 3.972E+03 1.000E+00 7.138E+00 0.000E+00
1.335E+07 2.125E+02 3.585E-01 5.915E-02 4.956E-03 3.925E+03 1.000E+00 7.138E+00 0.000E+00
1.016E+07 2.569E+02 3.461E-01 5.915E-02 4.961E-03 4.114E+03 1.000E+00 7.138E+00 0.000E+00
1.061E+07 2.377E+02 3.515E-01 5.915E-02 4.971E-03 4.917E+03 1.000E+00 7.138E+00 0.000E+00
5.470E+07 2.312E+02 3.534E-01 5.915E-02 4.988E-03 3.873E+03 1.000E+00 7.139E+00 0.000E+00
5.227E+06 2.293E+02 3.541E-01 5.915E-02 5.020E-03 3.897E+03 1.000E+00 7.139E+00 0.000E+00
4.820E+06 2.009E+02 3.624E-01 5.915E-02 5.079E-03 4.096E+03 1.000E+00 7.141E+00 0.000E+00
5.683E+06 2.146E+02 3.591E-01 5.915E-02 5.187E-03 4.119E+03 1.000E+00 7.143E+00 0.000E+00
2.327E+07 2.211E+02 3.582E-01 5.915E-02 5.385E-03 4.216E+03 1.000E+00 7.148E+00 0.000E+00
1.143E+07 2.179E+02 3.609E-01 5.915E-02 5.748E-03 4.812E+03 1.000E+00 7.156E+00 0.000E+00
NAN NAN NAN 5.915E-02 6.413E-03 NAN 1.000E+00 7.171E+00 0.000E+00
NAN NAN NAN 5.915E-02 7.631E-03 NAN 1.000E+00 7.199E+00 0.000E+00
NAN NAN NAN 5.915E-02 9.865E-03 NAN 1.000E+00 7.250E+00 0.000E+00
2.139E+06 2.057E+02 3.608E-01 7.482E-02 4.950E-03 5.151E+03 1.000E+00 7.138E+00 0.000E+00
2.152E+06 2.057E+02 3.608E-01 7.482E-02 4.950E-03 5.151E+03 1.000E+00 7.138E+00 0.000E+00
2.178E+06 2.057E+02 3.608E-01 7.482E-02 4.950E-03 5.151E+03 1.000E+00 7.138E+00 0.000E+00
2.226E+06 2.057E+02 3.608E-01 7.482E-02 4.950E-03 5.152E+03 1.000E+00 7.138E+00 0.000E+00
2.324E+06 2.057E+02 3.608E-01 7.482E-02 4.950E-03 5.153E+03 1.000E+00 7.138E+00 0.000E+00
8.861E+06 2.000E+02 3.624E-01 7.482E-02 4.951E-03 5.045E+03 1.000E+00 7.138E+00 0.000E+00
3.161E+06 2.057E+02 3.608E-01 7.482E-02 4.952E-03 5.156E+03 1.000E+00 7.138E+00 0.000E+00
7.780E+06 2.091E+02 3.598E-01 7.482E-02 4.953E-03 5.284E+03 1.000E+00 7.138E+00 0.000E+00
2.183E+06 2.050E+02 3.610E-01 7.482E-02 4.956E-03 5.148E+03 1.000E+00 7.138E+00 0.000E+00
3.819E+07 2.050E+02 3.611E-01 7.482E-02 4.961E-03 5.161E+03 1.000E+00 7.138E+00 0.000E+00
2.251E+07 2.096E+02 3.598E-01 7.482E-02 4.971E-03 5.369E+03 1.000E+00 7.138E+00 0.000E+00
3.431E+06 2.028E+02 3.618E-01 7.482E-02 4.988E-03 5.172E+03 1.000E+00 7.139E+00 0.000E+00
4.189E+08 2.040E+02 3.617E-01 7.482E-02 5.020E-03 5.300E+03 1.000E+00 7.140E+00 0.000E+00
3.266E+07 2.037E+02 3.621E-01 7.482E-02 5.079E-03 5.497E+03 1.000E+00 7.141E+00 0.000E+00
NAN NAN NAN 7.482E-02 5.187E-03 NAN 1.000E+00 7.143E+00 0.000E+00
NAN NAN NAN 7.482E-02 5.385E-03 NAN 1.000E+00 7.148E+00 0.000E+00
NAN NAN NAN 7.482E-02 5.748E-03 NAN 1.000E+00 7.156E+00 0.000E+00
NAN NAN NAN 7.482E-02 6.413E-03 NAN 1.000E+00 7.172E+00 0.000E+00
NAN NAN NAN 7.482E-02 7.631E-03 NAN 1.000E+00 7.200E+00 0.000E+00
NAN NAN NAN 7.482E-02 9.865E-03 NAN 1.000E+00 7.251E+00 0.000E+00
NAN NAN NAN 9.464E-02 4.950E-03 NAN 1.000E+00 7.138E+00 0.000E+00
NAN NAN NAN 9.464E-02 4.950E-03 NAN 1.000E+00 7.138E+00 0.000E+00
NAN NAN NAN 9.464E-02 4.950E-03 NAN 1.000E+00 7.138E+00 0.000E+00
NAN NAN NAN 9.464E-02 4.950E-03 NAN 1.000E+00 7.138E+00 0.000E+00
NAN NAN NAN 9.464E-02 4.950E-03 NAN 1.000E+00 7.138E+00 0.000E+00
NAN NAN NAN 9.464E-02 4.951E-03 NAN 1.000E+00 7.138E+00 0.000E+00
NAN NAN NAN 9.464E-02 4.952E-03 NAN 1.000E+00 7.139E+00 0.000E+00
NAN NAN NAN 9.464E-02 4.953E-03 NAN 1.000E+00 7.139E+00 0.000E+00
NAN NAN NAN 9.464E-02 4.956E-03 NAN 1.000E+00 7.139E+00 0.000E+00
NAN NAN NAN 9.464E-02 4.961E-03 NAN 1.000E+00 7.139E+00 0.000E+00
NAN NAN NAN 9.464E-02 4.971E-03 NAN 1.000E+00 7.139E+00 0.000E+00
NAN NAN NAN 9.464E-02 4.988E-03 NAN 1.000E+00 7.139E+00 0.000E+00
NAN NAN NAN 9.464E-02 5.020E-03 NAN 1.000E+00 7.140E+00 0.000E+00
NAN NAN NAN 9.464E-02 5.079E-03 NAN 1.000E+00 7.141E+00 0.000E+00
NAN NAN NAN 9.464E-02 5.187E-03 NAN 1.000E+00 7.144E+00 0.000E+00
NAN NAN NAN 9.464E-02 5.385E-03 NAN 1.000E+00 7.148E+00 0.000E+00
NAN NAN NAN 9.464E-02 5.748E-03 NAN 1.000E+00 7.157E+00 0.000E+00
NAN NAN NAN 9.464E-02 6.413E-03 NAN 1.000E+00 7.172E+00 0.000E+00
NAN NAN NAN 9.464E-02 7.631E-03 NAN 1.000E+00 7.200E+00 0.000E+00
NAN NAN NAN 9.464E-02 9.865E-03 NAN 1.000E+00 7.251E+00 0.000E+00
NAN NAN NAN 1.197E-01 4.950E-03 NAN 1.000E+00 7.139E+00 0.000E+00
NAN NAN NAN 1.197E-01 4.950E-03 NAN 1.000E+00 7.139E+00 0.000E+00
NAN NAN NAN 1.197E-01 4.950E-03 NAN 1.000E+00 7.139E+00 0.000E+00
NAN NAN NAN 1.197E-01 4.950E-03 NAN 1.000E+00 7.139E+00 0.000E+00
NAN NAN NAN 1.197E-01 4.950E-03 NAN 1.000E+00 7.139E+00 0.000E+00
NAN NAN NAN 1.197E-01 4.951E-03 NAN 1.000E+00 7.139E+00 0.000E+00
NAN NAN NAN 1.197E-01 4.952E-03 NAN 1.000E+00 7.139E+00 0.000E+00
NAN NAN NAN 1.197E-01 4.953E-03 NAN 1.000E+00 7.139E+00 0.000E+00
NAN NAN NAN 1.197E-01 4.956E-03 NAN 1.000E+00 7.139E+00 0.000E+00
NAN NAN NAN 1.197E-01 4.961E-03 NAN 1.000E+00 7.139E+00 0.000E+00
NAN NAN NAN 1.197E-01 4.971E-03 NAN 1.000E+00 7.140E+00 0.000E+00
NAN NAN NAN 1.197E-01 4.988E-03 NAN 1.000E+00 7.140E+00 0.000E+00
NAN NAN NAN 1.197E-01 5.020E-03 NAN 1.000E+00 7.141E+00 0.000E+00
NAN NAN NAN 1.197E-01 5.079E-03 NAN 1.000E+00 7.142E+00 0.000E+00
NAN NAN NAN 1.197E-01 5.187E-03 NAN 1.000E+00 7.144E+00 0.000E+00
NAN NAN NAN 1.197E-01 5.385E-03 NAN 1.000E+00 7.149E+00 0.000E+00
NAN NAN NAN 1.197E-01 5.748E-03 NAN 1.000E+00 7.157E+00 0.000E+00
NAN NAN NAN 1.197E-01 6.413E-03 NAN 1.000E+00 7.173E+00 0.000E+00
NAN NAN NAN 1.197E-01 7.631E-03 NAN 1.000E+00 7.201E+00 0.000E+00
NAN NAN NAN 1.197E-01 9.865E-03 NAN 1.000E+00 7.252E+00 0.000E+00
NAN NAN NAN 1.514E-01 4.950E-03 NAN 1.000E+00 7.140E+00 0.000E+00
NAN NAN NAN 1.514E-01 4.950E-03 NAN 1.000E+00 7.140E+00 0.000E+00
NAN NAN NAN 1.514E-01 4.950E-03 NAN 1.000E+00 7.140E+00 0.000E+00
NAN NAN NAN 1.514E-01 4.950E-03 NAN 1.000E+00 7.140E+00 0.000E+00
NAN NAN NAN 1.514E-01 4.950E-03 NAN 1.000E+00 7.140E+00 0.000E+00
NAN NAN NAN 1.514E-01 4.951E-03 NAN 1.000E+00 7.140E+00 0.000E+00
NAN NAN NAN 1.514E-01 4.952E-03 NAN 1.000E+00 7.140E+00 0.000E+00
NAN NAN NAN 1.514E-01 4.953E-03 NAN 1.000E+00 7.140E+00 0.000E+00
NAN NAN NAN 1.514E-01 4.956E-03 NAN 1.000E+00 7.140E+00 0.000E+00
NAN NAN NAN 1.514E-01 4.961E-03 NAN 1.000E+00 7.140E+00 0.000E+00
NAN NAN NAN 1.514E-01 4.971E-03 NAN 1.000E+00 7.140E+00 0.000E+00
NAN NAN NAN 1.514E-01 4.988E-03 NAN 1.000E+00 7.141E+00 0.000E+00
NAN NAN NAN 1.514E-01 5.020E-03 NAN 1.000E+00 7.141E+00 0.000E+00
NAN NAN NAN 1.514E-01 5.079E-03 NAN 1.000E+00 7.143E+00 0.000E+00
NAN NAN NAN 1.514E-01 5.187E-03 NAN 1.000E+00 7.145E+00 0.000E+00
NAN NAN NAN 1.514E-01 5.385E-03 NAN 1.000E+00 7.150E+00 0.000E+00
NAN NAN NAN 1.514E-01 5.748E-03 NAN 1.000E+00 7.158E+00 0.000E+00
NAN NAN NAN 1.514E-01 6.413E-03 NAN 1.000E+00 7.173E+00 0.000E+00
NAN NAN NAN 1.514E-01 7.631E-03 NAN 1.000E+00 7.201E+00 0.000E+00
NAN NAN NAN 1.514E-01 9.865E-03 NAN 1.000E+00 7.253E+00 0.000E+00
NAN NAN NAN 1.915E-01 4.950E-03 NAN 1.000E+00 7.141E+00 0.000E+00
NAN NAN NAN 1.915E-01 4.950E-03 NAN 1.000E+00 7.141E+00 0.000E+00
NAN NAN NAN 1.915E-01 4.950E-03 NAN 1.000E+00 7.141E+00 0.000E+00
NAN NAN NAN 1.915E-01 4.950E-03 NAN 1.000E+00 7.141E+00 0.000E+00
NAN NAN NAN 1.915E-01 4.950E-03 NAN 1.000E+00 7.141E+00 0.000E+00
NAN NAN NAN 1.915E-01 4.951E-03 NAN 1.000E+00 7.141E+00 0.000E+00
NAN NAN NAN 1.915E-01 4.952E-03 NAN 1.000E+00 7.141E+00 0.000E+00
NAN NAN NAN 1.915E-01 4.953E-03 NAN 1.000E+00 7.141E+00 0.000E+00
NAN NAN NAN 1.915E-01 4.956E-03 NAN 1.000E+00 7.141E+00 0.000E+00
NAN NAN NAN 1.915E-01 4.961E-03 NAN 1.000E+00 7.141E+00 0.000E+00
NAN NAN NAN 1.915E-01 4.971E-03 NAN 1.000E+00 7.141E+00 0.000E+00
NAN NAN NAN 1.915E-01 4.988E-03 NAN 1.000E+00 7.142E+00 0.000E+00
NAN NAN NAN 1.915E-01 5.020E-03 NAN 1.000E+00 7.142E+00 0.000E+00
NAN NAN NAN 1.915E-01 5.079E-03 NAN 1.000E+00 7.144E+00 0.000E+00
NAN NAN NAN 1.915E-01 5.187E-03 NAN 1.000E+00 7.146E+00 0.000E+00
NAN NAN NAN 1.915E-01 5.385E-03 NAN 1.000E+00 7.151E+00 0.000E+00
NAN NAN NAN 1.915E-01 5.748E-03 NAN 1.000E+00 7.159E+00 0.000E+00
NAN NAN NAN 1.915E-01 6.413E-03 NAN 1.000E+00 7.174E+00 0.000E+00
NAN NAN NAN 1.915E-01 7.631E-03 NAN 1.000E+00 7.202E+00 0.000E+00
NAN NAN NAN 1.915E-01 9.865E-03 NAN 1.000E+00 7.253E+00 0.000E+00
NAN NAN NAN 2.422E-01 4.950E-03 NAN 1.000E+00 7.142E+00 0.000E+00
NAN NAN NAN 2.422E-01 4.950E-03 NAN 1.000E+00 7.142E+00 0.000E+00
NAN NAN NAN 2.422E-01 4.950E-03 NAN 1.000E+00 7.142E+00 0.000E+00
NAN NAN NAN 2.422E-01 4.950E-03 NAN 1.000E+00 7.142E+00 0.000E+00
NAN NAN NAN 2.422E-01 4.950E-03 NAN 1.000E+00 7.142E+00 0.000E+00
NAN NAN NAN 2.422E-01 4.951E-03 NAN 1.000E+00 7.142E+00 0.000E+00
NAN NAN NAN 2.422E-01 4.952E-03 NAN 1.000E+00 7.142E+00 0.000E+00
NAN NAN NAN 2.422E-01 4.953E-03 NAN 1.000E+00 7.142E+00 0.000E+00
NAN NAN NAN 2.422E-01 4.956E-03 NAN 1.000E+00 7.142E+00 0.000E+00
NAN NAN NAN 2.422E-01 4.961E-03 NAN 1.000E+00 7.142E+00 0.000E+00
NAN NAN NAN 2.422E-01 4.971E-03 NAN 1.000E+00 7.142E+00 0.000E+00
NAN NAN NAN 2.422E-01 4.988E-03 NAN 1.000E+00 7.143E+00 0.000E+00
NAN NAN NAN 2.422E-01 5.020E-03 NAN 1.000E+00 7.143E+00 0.000E+00
NAN NAN NAN 2.422E-01 5.079E-03 NAN 1.000E+00 7.145E+00 0.000E+00
NAN NAN NAN 2.422E-01 5.187E-03 NAN 1.000E+00 7.147E+00 0.000E+00
NAN NAN NAN 2.422E-01 5.385E-03 NAN 1.000E+00 7.152E+00 0.000E+00
NAN NAN NAN 2.422E-01 5.748E-03 NAN 1.000E+00 7.160E+00 0.000E+00
NAN NAN NAN 2.422E-01 6.413E-03 NAN 1.000E+00 7.175E+00 0.000E+00
NAN NAN NAN 2.422E-01 7.631E-03 NAN 1.000E+00 7.203E+00 0.000E+00
NAN NAN NAN 2.422E-01 9.865E-03 NAN 1.000E+00 7.255E+00 0.000E+00
NAN NAN NAN 3.064E-01 4.950E-03 NAN 1.000E+00 7.143E+00 0.000E+00
NAN NAN NAN 3.064E-01 4.950E-03 NAN 1.000E+00 7.143E+00 0.000E+00
NAN NAN NAN 3.064E-01 4.950E-03 NAN 1.000E+00 7.143E+00 0.000E+00
NAN NAN NAN 3.064E-01 4.950E-03 NAN 1.000E+00 7.143E+00 0.000E+00
NAN NAN NAN 3.064E-01 4.950E-03 NAN 1.000E+00 7.143E+00 0.000E+00
NAN NAN NAN 3.064E-01 4.951E-03 NAN 1.000E+00 7.143E+00 0.000E+00
NAN NAN NAN 3.064E-01 4.952E-03 NAN 1.000E+00 7.143E+00 0.000E+00
NAN NAN NAN 3.064E-01 4.953E-03 NAN 1.000E+00 7.143E+00 0.000E+00
NAN NAN NAN 3.064E-01 4.956E-03 NAN 1.000E+00 7.143E+00 0.000E+00
NAN NAN NAN 3.064E-01 4.961E-03 NAN 1.000E+00 7.144E+00 0.000E+00
NAN NAN NAN 3.064E-01 4.971E-03 NAN 1.000E+00 7.144E+00 0.000E+00
NAN NAN NAN 3.064E-01 4.988E-03 NAN 1.000E+00 7.144E+00 0.000E+00
NAN NAN NAN 3.064E-01 5.020E-03 NAN 1.000E+00 7.145E+00 0.000E+00
NAN NAN NAN 3.064E-01 5.079E-03 NAN 1.000E+00 7.146E+00 0.000E+00
NAN NAN NAN 3.064E-01 5.187E-03 NAN 1.000E+00 7.149E+00 0.000E+00
NAN NAN NAN 3.064E-01 5.385E-03 NAN 1.000E+00 7.153E+00 0.000E+00
NAN NAN NAN 3.064E-01 5.748E-03 NAN 1.000E+00 7.162E+00 0.000E+00
NAN NAN NAN 3.064E-01 6.413E-03 NAN 1.000E+00 7.177E+00 0.000E+00
NAN NAN NAN 3.064E-01 7.631E-03 NAN 1.000E+00 7.205E+00 0.000E+00
NAN NAN NAN 3.064E-01 9.865E-03 NAN 1.000E+00 7.256E+00 0.000E+00
NAN NAN NAN 3.875E-01 4.950E-03 NAN 1.000E+00 7.145E+00 0.000E+00
NAN NAN NAN 3.875E-01 4.950E-03 NAN 1.000E+00 7.145E+00 0.000E+00
NAN NAN NAN 3.875E-01 4.950E-03 NAN 1.000E+00 7.145E+00 0.000E+00
NAN NAN NAN 3.875E-01 4.950E-03 NAN 1.000E+00 7.145E+00 0.000E+00
NAN NAN NAN 3.875E-01 4.950E-03 NAN 1.000E+00 7.145E+00 0.000E+00
NAN NAN NAN 3.875E-01 4.951E-03 NAN 1.000E+00 7.145E+00 0.000E+00
NAN NAN NAN 3.875E-01 4.952E-03 NAN 1.000E+00 7.145E+00 0.000E+00
NAN NAN NAN 3.875E-01 4.953E-03 NAN 1.000E+00 7.145E+00 0.000E+00
NAN NAN NAN 3.875E-01 4.956E-03 NAN 1.000E+00 7.145E+00 0.000E+00
NAN NAN NAN 3.875E-01 4.961E-03 NAN 1.000E+00 7.145E+00 0.000E+00
NAN NAN NAN 3.875E-01 4.971E-03 NAN 1.000E+00 7.146E+00 0.000E+00
NAN NAN NAN 3.875E-01 4.988E-03 NAN 1.000E+00 7.146E+00 0.000E+00
NAN NAN NAN 3.875E-01 5.020E-03 NAN 1.000E+00 7.147E+00 0.000E+00
NAN NAN NAN 3.875E-01 5.079E-03 NAN 1.000E+00 7.148E+00 0.000E+00
NAN NAN NAN 3.875E-01 5.187E-03 NAN 1.000E+00 7.151E+00 0.000E+00
NAN NAN NAN 3.875E-01 5.385E-03 NAN 1.000E+00 7.155E+00 0.000E+00
NAN NAN NAN 3.875E-01 5.748E-03 NAN 1.000E+00 7.163E+00 0.000E+00
NAN NAN NAN 3.875E-01 6.413E-03 NAN 1.000E+00 7.179E+00 0.000E+00
NAN NAN NAN 3.875E-01 7.631E-03 NAN 1.000E+00 7.207E+00 0.000E+00
NAN NAN NAN 3.875E-01 9.865E-03 NAN 1.000E+00 7.258E+00 0.000E+00
NAN NAN NAN 4.902E-01 4.950E-03 NAN 1.000E+00 7.148E+00 3.000E+00
NAN NAN NAN 4.902E-01 4.950E-03 NAN 1.000E+00 7.148E+00 3.000E+00
NAN NAN NAN 4.902E-01 4.950E-03 NAN 1.000E+00 7.148E+00 3.000E+00
NAN NAN NAN 4.902E-01 4.950E-03 NAN 1.000E+00 7.148E+00 3.000E+00
NAN NAN NAN 4.902E-01 4.950E-03 NAN 1.000E+00 7.148E+00 3.000E+00
NAN NAN NAN 4.902E-01 4.951E-03 NAN 1.000E+00 7.148E+00 3.000E+00
NAN NAN NAN 4.902E-01 4.952E-03 NAN 1.000E+00 7.148E+00 3.000E+00
NAN NAN NAN 4.902E-01 4.953E-03 NAN 1.000E+00 7.148E+00 3.000E+00
NAN NAN NAN 4.902E-01 4.956E-03 NAN 1.000E+00 7.148E+00 3.000E+00
NAN NAN NAN 4.902E-01 4.961E-03 NAN 1.000E+00 7.148E+00 3.000E+00
NAN NAN NAN 4.902E-01 4.971E-03 NAN 1.000E+00 7.148E+00 3.000E+00
NAN NAN NAN 4.902E-01 4.988E-03 NAN 1.000E+00 7.148E+00 3.000E+00
NAN NAN NAN 4.902E-01 5.020E-03 NAN 1.000E+00 7.149E+00 3.000E+00
NAN NAN NAN 4.902E-01 5.079E-03 NAN 1.000E+00 7.150E+00 3.000E+00
NAN NAN NAN 4.902E-01 5.187E-03 NAN 1.000E+00 7.153E+00 0.000E+00
NAN NAN NAN 4.902E-01 5.385E-03 NAN 1.000E+00 7.158E+00 0.000E+00
NAN NAN NAN 4.902E-01 5.748E-03 NAN 1.000E+00 7.166E+00 0.000E+00
NAN NAN NAN 4.902E-01 6.413E-03 NAN 1.000E+00 7.181E+00 0.000E+00
NAN NAN NAN 4.902E-01 7.631E-03 NAN 1.000E+00 7.209E+00 0.000E+00
NAN NAN NAN 4.902E-01 9.865E-03 NAN 1.000E+00 7.260E+00 0.000E+00
NAN NAN NAN 6.200E-01 4.950E-03 NAN 1.000E+00 7.151E+00 3.000E+00
NAN NAN NAN 6.200E-01 4.950E-03 NAN 1.000E+00 7.151E+00 3.000E+00
NAN NAN NAN 6.200E-01 4.950E-03 NAN 1.000E+00 7.151E+00 3.000E+00
NAN NAN NAN 6.200E-01 4.950E-03 NAN 1.000E+00 7.151E+00 3.000E+00
NAN NAN NAN 6.200E-01 4.950E-03 NAN 1.000E+00 7.151E+00 3.000E+00
NAN NAN NAN 6.200E-01 4.951E-03 NAN 1.000E+00 7.151E+00 3.000E+00
NAN NAN NAN 6.200E-01 4.952E-03 NAN 1.000E+00 7.151E+00 3.000E+00
NAN NAN NAN 6.200E-01 4.953E-03 NAN 1.000E+00 7.151E+00 3.000E+00
NAN NAN NAN 6.200E-01 4.956E-03 NAN 1.000E+00 7.151E+00 3.000E+00
NAN NAN NAN 6.200E-01 4.961E-03 NAN 1.000E+00 7.151E+00 3.000E+00
NAN NAN NAN 6.200E-01 4.971E-03 NAN 1.000E+00 7.151E+00 3.000E+00
NAN NAN NAN 6.200E-01 4.988E-03 NAN 1.000E+00 7.151E+00 3.000E+00
NAN NAN NAN 6.200E-01 5.020E-03 NAN 1.000E+00 7.152E+00 3.000E+00
NAN NAN NAN 6.200E-01 5.079E-03 NAN 1.000E+00 7.153E+00 3.000E+00
NAN NAN NAN 6.200E-01 5.187E-03 NAN 1.000E+00 7.156E+00 3.000E+00
NAN NAN NAN 6.200E-01 5.385E-03 NAN 1.000E+00 7.160E+00 3.000E+00
NAN NAN NAN 6.200E-01 5.748E-03 NAN 1.000E+00 7.169E+00 3.000E+00
NAN NAN NAN 6.200E-01 6.413E-03 NAN 1.000E+00 7.184E+00 3.000E+00
NAN NAN NAN 6.200E-01 7.631E-03 NAN 1.000E+00 7.212E+00 3.000E+00
NAN NAN NAN 6.200E-01 9.865E-03 NAN 1.000E+00 7.263E+00 3.000E+00
NAN NAN NAN 7.842E-01 4.950E-03 NAN 1.000E+00 7.154E+00 3.000E+00
NAN NAN NAN 7.842E-01 4.950E-03 NAN 1.000E+00 7.154E+00 3.000E+00
NAN NAN NAN 7.842E-01 4.950E-03 NAN 1.000E+00 7.154E+00 3.000E+00
NAN NAN NAN 7.842E-01 4.950E-03 NAN 1.000E+00 7.154E+00 3.000E+00
NAN NAN NAN 7.842E-01 4.950E-03 NAN 1.000E+00 7.154E+00 3.000E+00
NAN NAN NAN 7.842E-01 4.951E-03 NAN 1.000E+00 7.154E+00 3.000E+00
NAN NAN NAN 7.842E-01 4.952E-03 NAN 1.000E+00 7.154E+00 3.000E+00
NAN NAN NAN 7.842E-01 4.953E-03 NAN 1.000E+00 7.154E+00 3.000E+00
NAN NAN NAN 7.842E-01 4.956E-03 NAN 1.000E+00 7.154E+00 3.000E+00
NAN NAN NAN 7.842E-01 4.961E-03 NAN 1.000E+00 7.155E+00 3.000E+00
NAN NAN NAN 7.842E-01 4.971E-03 NAN 1.000E+00 7.155E+00 3.000E+00
NAN NAN NAN 7.842E-01 4.988E-03 NAN 1.000E+00 7.155E+00 3.000E+00
NAN NAN NAN 7.842E-01 5.020E-03 NAN 1.000E+00 7.156E+00 3.000E+00
NAN NAN NAN 7.842E-01 5.079E-03 NAN 1.000E+00 7.157E+00 3.000E+00
NAN NAN NAN 7.842E-01 5.187E-03 NAN 1.000E+00 7.160E+00 3.000E+00
NAN NAN NAN 7.842E-01 5.385E-03 NAN 1.000E+00 7.164E+00 3.000E+00
NAN NAN NAN 7.842E-01 5.748E-03 NAN 1.000E+00 7.173E+00 3.000E+00
NAN NAN NAN 7.842E-01 6.413E-03 NAN 1.000E+00 7.188E+00 3.000E+00
NAN NAN NAN 7.842E-01 7.631E-03 NAN 1.000E+00 7.216E+00 3.000E+00
NAN NAN NAN 7.842E-01 9.865E-03 NAN 1.000E+00 7.267E+00 3.000E+00
NAN NAN NAN 9.919E-01 4.950E-03 NAN 1.000E+00 7.159E+00 3.000E+00
NAN NAN NAN 9.919E-01 4.950E-03 NAN 1.000E+00 7.159E+00 3.000E+00
NAN NAN NAN 9.919E-01 4.950E-03 NAN 1.000E+00 7.159E+00 3.000E+00
NAN NAN NAN 9.919E-01 4.950E-03 NAN 1.000E+00 7.159E+00 3.000E+00
NAN NAN NAN 9.919E-01 4.950E-03 NAN 1.000E+00 7.159E+00 3.000E+00
NAN NAN NAN 9.919E-01 4.951E-03 NAN 1.000E+00 7.159E+00 3.000E+00
NAN NAN NAN 9.919E-01 4.952E-03 NAN 1.000E+00 7.159E+00 3.000E+00
NAN NAN NAN 9.919E-01 4.953E-03 NAN 1.000E+00 7.159E+00 3.000E+00
NAN NAN NAN 9.919E-01 4.956E-03 NAN 1.000E+00 7.159E+00 3.000E+00
NAN NAN NAN 9.919E-01 4.961E-03 NAN 1.000E+00 7.159E+00 3.000E+00
NAN NAN NAN 9.919E-01 4.971E-03 NAN 1.000E+00 7.160E+00 3.000E+00
NAN NAN NAN 9.919E-01 4.988E-03 NAN 1.000E+00 7.160E+00 3.000E+00
NAN NAN NAN 9.919E-01 5.020E-03 NAN 1.000E+00 7.161E+00 3.000E+00
NAN NAN NAN 9.919E-01 5.079E-03 NAN 1.000E+00 7.162E+00 3.000E+00
NAN NAN NAN 9.919E-01 5.187E-03 NAN 1.000E+00 7.164E+00 3.000E+00
NAN NAN NAN 9.919E-01 5.385E-03 NAN 1.000E+00 7.169E+00 3.000E+00
NAN NAN NAN 9.919E-01 5.748E-03 NAN 1.000E+00 7.177E+00 3.000E+00
NAN NAN NAN 9.919E-01 6.413E-03 NAN 1.000E+00 7.193E+00 3.000E+00
NAN NAN NAN 9.919E-01 7.631E-03 NAN 1.000E+00 7.221E+00 3.000E+00
NAN NAN NAN 9.919E-01 9.865E-03 NAN 1.000E+00 7.272E+00 3.000E+00
NAN NAN NAN 1.255E+00 4.950E-03 NAN 1.000E+00 7.266E+00 3.000E+00
NAN NAN NAN 1.255E+00 4.950E-03 NAN 1.000E+00 7.266E+00 3.000E+00
NAN NAN NAN 1.255E+00 4.950E-03 NAN 1.000E+00 7.266E+00 3.000E+00
NAN NAN NAN 1.255E+00 4.950E-03 NAN 1.000E+00 7.266E+00 3.000E+00
NAN NAN NAN 1.255E+00 4.950E-03 NAN 1.000E+00 7.266E+00 3.000E+00
NAN NAN NAN 1.255E+00 4.951E-03 NAN 1.000E+00 7.266E+00 3.000E+00
NAN NAN NAN 1.255E+00 4.952E-03 NAN 1.000E+00 7.266E+00 3.000E+00
NAN NAN NAN 1.255E+00 4.953E-03 NAN 1.000E+00 7.266E+00 3.000E+00
NAN NAN NAN 1.255E+00 4.956E-03 NAN 1.000E+00 7.267E+00 3.000E+00
NAN NAN NAN 1.255E+00 4.961E-03 NAN 1.000E+00 7.267E+00 3.000E+00
NAN NAN NAN 1.255E+00 4.971E-03 NAN 1.000E+00 7.268E+00 3.000E+00
NAN NAN NAN 1.255E+00 4.988E-03 NAN 1.000E+00 7.269E+00 3.000E+00
NAN NAN NAN 1.255E+00 5.020E-03 NAN 1.000E+00 7.271E+00 3.000E+00
NAN NAN NAN 1.255E+00 5.079E-03 NAN 1.000E+00 7.275E+00 3.000E+00
NAN NAN NAN 1.255E+00 5.187E-03 NAN 1.000E+00 7.283E+00 3.000E+00
NAN NAN NAN 1.255E+00 5.385E-03 NAN 1.000E+00 7.297E+00 3.000E+00
NAN NAN NAN 1.255E+00 5.748E-03 NAN 1.000E+00 7.322E+00 3.000E+00
NAN NAN NAN 1.255E+00 6.413E-03 NAN 1.000E+00 7.371E+00 3.000E+00
NAN NAN NAN 1.255E+00 7.631E-03 NAN 1.000E+00 7.462E+00 3.000E+00
NAN NAN NAN 1.255E+00 9.865E-03 NAN 1.000E+00 7.628E+00 3.000E+00
NAN NAN NAN 1.587E+00 4.950E-03 NAN 1.000E+00 8.923E+00 3.000E+00
NAN NAN NAN 1.587E+00 4.950E-03 NAN 1.000E+00 8.923E+00 3.000E+00
NAN NAN NAN 1.587E+00 4.950E-03 NAN 1.000E+00 8.923E+00 3.000E+00
NAN NAN NAN 1.587E+00 4.950E-03 NAN 1.000E+00 8.923E+00 3.000E+00
NAN NAN NAN 1.587E+00 4.950E-03 NAN 1.000E+00 8.923E+00 3.000E+00
NAN NAN NAN 1.587E+00 4.951E-03 NAN 1.000E+00 8.924E+00 3.000E+00
NAN NAN NAN 1.587E+00 4.952E-03 NAN 1.000E+00 8.924E+00 3.000E+00
NAN NAN NAN 1.587E+00 4.953E-03 NAN 1.000E+00 8.924E+00 3.000E+00
NAN NAN NAN 1.587E+00 4.956E-03 NAN 1.000E+00 8.924E+00 3.000E+00
NAN NAN NAN 1.587E+00 4.961E-03 NAN 1.000E+00 8.924E+00 3.000E+00
NAN NAN NAN 1.587E+00 4.971E-03 NAN 1.000E+00 8.925E+00 3.000E+00
NAN NAN NAN 1.587E+00 4.988E-03 NAN 1.000E+00 8.926E+00 3.000E+00
NAN NAN NAN 1.587E+00 5.020E-03 NAN 1.000E+00 8.928E+00 3.000E+00
NAN NAN NAN 1.587E+00 5.079E-03 NAN 1.000E+00 8.932E+00 3.000E+00
NAN NAN NAN 1.587E+00 5.187E-03 NAN 1.000E+00 8.940E+00 3.000E+00
NAN NAN NAN 1.587E+00 5.385E-03 NAN 1.000E+00 8.954E+00 3.000E+00
NAN NAN NAN 1.587E+00 5.748E-03 NAN 1.000E+00 8.979E+00 3.000E+00
NAN NAN NAN 1.587E+00 6.413E-03 NAN 1.000E+00 9.026E+00 3.000E+00
NAN NAN NAN 1.587E+00 7.631E-03 NAN 1.000E+00 9.111E+00 3.000E+00
NAN NAN NAN 1.587E+00 9.865E-03 NAN 1.000E+00 9.274E+00 3.000E+00
NAN NAN NAN 2.007E+00 4.950E-03 NAN 1.000E+00 1.102E+01 3.000E+00
NAN NAN NAN 2.007E+00 4.950E-03 NAN 1.000E+00 1.102E+01 3.000E+00
NAN NAN NAN 2.007E+00 4.950E-03 NAN 1.000E+00 1.102E+01 3.000E+00
NAN NAN NAN 2.007E+00 4.950E-03 NAN 1.000E+00 1.102E+01 3.000E+00
NAN NAN NAN 2.007E+00 4.950E-03 NAN 1.000E+00 1.102E+01 3.000E+00
NAN NAN NAN 2.007E+00 4.951E-03 NAN 1.000E+00 1.102E+01 3.000E+00
NAN NAN NAN 2.007E+00 4.952E-03 NAN 1.000E+00 1.102E+01 3.000E+00
NAN NAN NAN 2.007E+00 4.953E-03 NAN 1.000E+00 1.102E+01 3.000E+00
NAN NAN NAN 2.007E+00 4.956E-03 NAN 1.000E+00 1.102E+01 3.000E+00
NAN NAN NAN 2.007E+00 4.961E-03 NAN 1.000E+00 1.102E+01 3.000E+00
NAN NAN NAN 2.007E+00 4.971E-03 NAN 1.000E+00 1.102E+01 3.000E+00
NAN NAN NAN 2.007E+00 4.988E-03 NAN 1.000E+00 1.102E+01 3.000E+00
NAN NAN NAN 2.007E+00 5.020E-03 NAN 1.000E+00 1.102E+01 3.000E+00
NAN NAN NAN 2.007E+00 5.079E-03 NAN 1.000E+00 1.103E+01 3.000E+00
NAN NAN NAN 2.007E+00 5.187E-03 NAN 1.000E+00 1.104E+01 3.000E+00
NAN NAN NAN 2.007E+00 5.385E-03 NAN 1.000E+00 1.105E+01 3.000E+00
NAN NAN NAN 2.007E+00 5.748E-03 NAN 1.000E+00 1.108E+01 3.000E+00
NAN NAN NAN 2.007E+00 6.413E-03 NAN 1.000E+00 1.112E+01 3.000E+00
NAN NAN NAN 2.007E+00 7.631E-03 NAN 1.000E+00 1.121E+01 3.000E+00
NAN NAN NAN 2.007E+00 9.865E-03 NAN 1.000E+00 1.136E+01 3.000E+00
NAN NAN NAN 2.539E+00 4.950E-03 NAN 1.000E+00 1.368E+01 3.000E+00
NAN NAN NAN 2.539E+00 4.950E-03 NAN 1.000E+00 1.368E+01 3.000E+00
NAN NAN NAN 2.539E+00 4.950E-03 NAN 1.000E+00 1.368E+01 3.000E+00
NAN NAN NAN 2.539E+00 4.950E-03 NAN 1.000E+00 1.368E+01 3.000E+00
NAN NAN NAN 2.539E+00 4.950E-03 NAN 1.000E+00 1.368E+01 3.000E+00
NAN NAN NAN 2.539E+00 4.951E-03 NAN 1.000E+00 1.368E+01 3.000E+00
NAN NAN NAN 2.539E+00 4.952E-03 NAN 1.000E+00 1.368E+01 3.000E+00
NAN NAN NAN 2.539E+00 4.953E-03 NAN 1.000E+00 1.368E+01 3.000E+00
NAN NAN NAN 2.539E+00 4.956E-03 NAN 1.000E+00 1.368E+01 3.000E+00
NAN NAN NAN 2.539E+00 4.961E-03 NAN 1.000E+00 1.368E+01 3.000E+00
NAN NAN NAN 2.539E+00 4.971E-03 NAN 1.000E+00 1.368E+01 3.000E+00
NAN NAN NAN 2.539E+00 4.988E-03 NAN 1.000E+00 1.368E+01 3.000E+00
NAN NAN NAN 2.539E+00 5.020E-03 NAN 1.000E+00 1.368E+01 3.000E+00
NAN NAN NAN 2.539E+00 5.079E-03 NAN 1.000E+00 1.368E+01 3.000E+00
NAN NAN NAN 2.539E+00 5.187E-03 NAN 1.000E+00 1.369E+01 3.000E+00
NAN NAN NAN 2.539E+00 5.385E-03 NAN 1.000E+00 1.371E+01 3.000E+00
NAN NAN NAN 2.539E+00 5.748E-03 NAN 1.000E+00 1.373E+01 3.000E+00
NAN NAN NAN 2.539E+00 6.413E-03 NAN 1.000E+00 1.378E+01 3.000E+00
NAN NAN NAN 2.539E+00 7.631E-03 NAN 1.000E+00 1.386E+01 3.000E+00
NAN NAN NAN 2.539E+00 9.865E-03 NAN 1.000E+00 1.402E+01 3.000E+00
NAN NAN NAN 3.211E+00 4.950E-03 NAN 1.000E+00 1.704E+01 3.000E+00
NAN NAN NAN 3.211E+00 4.950E-03 NAN 1.000E+00 1.704E+01 3.000E+00
NAN NAN NAN 3.211E+00 4.950E-03 NAN 1.000E+00 1.704E+01 3.000E+00
NAN NAN NAN 3.211E+00 4.950E-03 NAN 1.000E+00 1.704E+01 3.000E+00
NAN NAN NAN 3.211E+00 4.950E-03 NAN 1.000E+00 1.704E+01 3.000E+00
NAN NAN NAN 3.211E+00 4.951E-03 NAN 1.000E+00 1.704E+01 3.000E+00
NAN NAN NAN 3.211E+00 4.952E-03 NAN 1.000E+00 1.704E+01 3.000E+00
NAN NAN NAN 3.211E+00 4.953E-03 NAN 1.000E+00 1.704E+01 3.000E+00
NAN NAN NAN 3.211E+00 4.956E-03 NAN 1.000E+00 1.704E+01 3.000E+00
NAN NAN NAN 3.211E+00 4.961E-03 NAN 1.000E+00 1.704E+01 3.000E+00
NAN NAN NAN 3.211E+00 4.971E-03 NAN 1.000E+00 1.704E+01 3.000E+00
NAN NAN NAN 3.211E+00 4.988E-03 NAN 1.000E+00 1.704E+01 3.000E+00
NAN NAN NAN 3.211E+00 5.020E-03 NAN 1.000E+00 1.704E+01 3.000E+00
NAN NAN NAN 3.211E+00 5.079E-03 NAN 1.000E+00 1.705E+01 3.000E+00
NAN NAN NAN 3.211E+00 5.187E-03 NAN 1.000E+00 1.705E+01 3.000E+00
NAN NAN NAN 3.211E+00 5.385E-03 NAN 1.000E+00 1.707E+01 3.000E+00
NAN NAN NAN 3.211E+00 5.748E-03 NAN 1.000E+00 1.709E+01 3.000E+00
NAN NAN NAN 3.211E+00 6.413E-03 NAN 1.000E+00 1.713E+01 3.000E+00
NAN NAN NAN 3.211E+00 7.631E-03 NAN 1.000E+00 1.722E+01 3.000E+00
NAN NAN NAN 3.211E+00 9.865E-03 NAN 1.000E+00 1.737E+01 3.000E+00
NAN NAN NAN 4.062E+00 4.950E-03 NAN 1.000E+00 2.130E+01 3.000E+00
NAN NAN NAN 4.062E+00 4.950E-03 NAN 1.000E+00 2.130E+01 3.000E+00
NAN NAN NAN 4.062E+00 4.950E-03 NAN 1.000E+00 2.130E+01 3.000E+00
NAN NAN NAN 4.062E+00 4.950E-03 NAN 1.000E+00 2.130E+01 3.000E+00
NAN NAN NAN 4.062E+00 4.950E-03 NAN 1.000E+00 2.130E+01 3.000E+00
NAN NAN NAN 4.062E+00 4.951E-03 NAN 1.000E+00 2.130E+01 3.000E+00
NAN NAN NAN 4.062E+00 4.952E-03 NAN 1.000E+00 2.130E+01 3.000E+00
NAN NAN NAN 4.062E+00 4.953E-03 NAN 1.000E+00 2.130E+01 3.000E+00
NAN NAN NAN 4.062E+00 4.956E-03 NAN 1.000E+00 2.130E+01 3.000E+00
NAN NAN NAN 4.062E+00 4.961E-03 NAN 1.000E+00 2.130E+01 3.000E+00
NAN NAN NAN 4.062E+00 4.971E-03 NAN 1.000E+00 2.130E+01 3.000E+00
NAN NAN NAN 4.062E+00 4.988E-03 NAN 1.000E+00 2.130E+01 3.000E+00
NAN NAN NAN 4.062E+00 5.020E-03 NAN 1.000E+00 2.130E+01 3.000E+00
NAN NAN NAN 4.062E+00 5.079E-03 NAN 1.000E+00 2.131E+01 3.000E+00
NAN NAN NAN 4.062E+00 5.187E-03 NAN 1.000E+00 2.131E+01 3.000E+00
NAN NAN NAN 4.062E+00 5.385E-03 NAN 1.000E+00 2.133E+01 3.000E+00
NAN NAN NAN 4.062E+00 5.748E-03 NAN 1.000E+00 2.135E+01 3.000E+00
NAN NAN NAN 4.062E+00 6.413E-03 NAN 1.000E+00 2.139E+01 3.000E+00
NAN NAN NAN 4.062E+00 7.631E-03 NAN 1.000E+00 2.147E+01 3.000E+00
NAN NAN NAN 4.062E+00 9.865E-03 NAN 1.000E+00 2.162E+01 3.000E+00
NAN NAN NAN 5.138E+00 4.950E-03 NAN 1.000E+00 2.668E+01 3.000E+00
NAN NAN NAN 5.138E+00 4.950E-03 NAN 1.000E+00 2.668E+01 3.000E+00
NAN NAN NAN 5.138E+00 4.950E-03 NAN 1.000E+00 2.668E+01 3.000E+00
NAN NAN NAN 5.138E+00 4.950E-03 NAN 1.000E+00 2.668E+01 3.000E+00
NAN NAN NAN 5.138E+00 4.950E-03 NAN 1.000E+00 2.668E+01 3.000E+00
NAN NAN NAN 5.138E+00 4.951E-03 NAN 1.000E+00 2.668E+01 3.000E+00
NAN NAN NAN 5.138E+00 4.952E-03 NAN 1.000E+00 2.668E+01 3.000E+00
NAN NAN NAN 5.138E+00 4.953E-03 NAN 1.000E+00 2.668E+01 3.000E+00
NAN NAN NAN 5.138E+00 4.956E-03 NAN 1.000E+00 2.668E+01 3.000E+00
NAN NAN NAN 5.138E+00 4.961E-03 NAN 1.000E+00 2.668E+01 3.000E+00
NAN NAN NAN 5.138E+00 4.971E-03 NAN 1.000E+00 2.668E+01 3.000E+00
NAN NAN NAN 5.138E+00 4.988E-03 NAN 1.000E+00 2.668E+01 3.000E+00
NAN NAN NAN 5.138E+00 5.020E-03 NAN 1.000E+00 2.669E+01 3.000E+00
NAN NAN NAN 5.138E+00 5.079E-03 NAN 1.000E+00 2.669E+01 3.000E+00
NAN NAN NAN 5.138E+00 5.187E-03 NAN 1.000E+00 2.670E+01 3.000E+00
NAN NAN NAN 5.138E+00 5.385E-03 NAN 1.000E+00 2.671E+01 3.000E+00
NAN NAN NAN 5.138E+00 5.748E-03 NAN 1.000E+00 2.673E+01 3.000E+00
NAN NAN NAN 5.138E+00 6.413E-03 NAN 1.000E+00 2.678E+01 3.000E+00
NAN NAN NAN 5.138E+00 7.631E-03 NAN 1.000E+00 2.686E+01 3.000E+00
NAN NAN NAN 5.138E+00 9.865E-03 NAN 1.000E+00 2.700E+01 3.000E+00
