4.699E+07 6.331E+02 8.263E-01 5.137E-05 7.850E-05 1.458E+03 8.100E-01 2.221E+01 2.000E+00
2.170E+08 6.331E+02 8.263E-01 5.137E-05 7.854E-05 1.458E+03 8.100E-01 2.221E+01 2.000E+00
1.681E+07 6.235E+02 8.304E-01 5.137E-05 7.861E-05 1.478E+03 8.100E-01 2.221E+01 2.000E+00
3.829E+08 6.235E+02 8.304E-01 5.137E-05 7.875E-05 1.469E+03 8.100E-01 2.221E+01 2.000E+00
9.261E+06 2.646E+02 1.023E+00 5.137E-05 7.900E-05 3.194E+03 8.100E-01 2.221E+01 2.000E+00
9.494E+06 9.562E+02 7.144E-01 5.137E-05 7.946E-05 1.245E+03 8.100E-01 2.221E+01 2.000E+00
1.265E+07 9.562E+02 7.144E-01 5.137E-05 8.031E-05 1.246E+03 8.100E-01 2.221E+01 2.000E+00
5.295E+07 3.068E+02 9.976E-01 5.137E-05 8.186E-05 2.519E+03 8.101E-01 2.221E+01 2.000E+00
2.009E+07 9.486E+02 7.166E-01 5.137E-05 8.471E-05 1.248E+03 8.101E-01 2.221E+01 2.000E+00
5.028E+06 9.362E+02 7.201E-01 5.137E-05 8.993E-05 1.254E+03 8.102E-01 2.221E+01 2.000E+00
1.301E+07 6.893E+02 8.034E-01 5.137E-05 9.949E-05 1.404E+03 8.104E-01 2.221E+01 2.000E+00
4.483E+07 8.400E+02 7.496E-01 5.137E-05 1.170E-04 1.299E+03 8.107E-01 2.221E+01 2.000E+00
2.823E+07 4.221E+02 9.300E-01 5.137E-05 1.492E-04 1.851E+03 8.113E-01 2.221E+01 2.000E+00
2.547E+08 9.395E+02 7.193E-01 5.137E-05 2.080E-04 1.253E+03 8.123E-01 2.221E+01 2.000E+00
7.132E+06 4.667E+02 9.059E-01 5.137E-05 3.160E-04 1.725E+03 8.143E-01 2.221E+01 2.000E+00
1.231E+07 7.680E+02 7.744E-01 5.137E-05 5.139E-04 1.348E+03 8.179E-01 2.222E+01 2.000E+00
1.565E+07 4.173E+02 9.343E-01 5.137E-05 8.766E-04 1.860E+03 8.244E-01 2.223E+01 2.000E+00
1.335E+07 8.830E+02 7.372E-01 5.137E-05 1.541E-03 1.282E+03 8.364E-01 2.224E+01 2.000E+00
1.418E+08 8.348E+02 7.537E-01 5.137E-05 2.760E-03 1.319E+03 8.584E-01 2.227E+01 2.000E+00
6.165E+06 5.952E+02 8.500E-01 5.137E-05 4.994E-03 1.500E+03 8.867E-01 2.232E+01 2.000E+00
1.556E+07 6.235E+02 8.304E-01 6.498E-05 7.850E-05 1.468E+03 8.101E-01 2.221E+01 2.000E+00
2.094E+07 6.235E+02 8.304E-01 6.498E-05 7.854E-05 1.470E+03 8.101E-01 2.221E+01 2.000E+00
5.971E+07 6.235E+02 8.304E-01 6.498E-05 7.861E-05 1.468E+03 8.101E-01 2.221E+01 2.000E+00
3.959E+07 5.911E+02 8.446E-01 6.498E-05 7.875E-05 1.507E+03 8.101E-01 2.221E+01 2.000E+00
1.136E+08 2.646E+02 1.023E+00 6.498E-05 7.900E-05 3.188E+03 8.101E-01 2.221E+01 2.000E+00
2.463E+07 3.441E+02 9.752E-01 6.498E-05 7.946E-05 2.211E+03 8.101E-01 2.221E+01 2.000E+00
1.317E+07 9.562E+02 7.144E-01 6.498E-05 8.031E-05 1.245E+03 8.101E-01 2.221E+01 2.000E+00
4.273E+07 9.562E+02 7.144E-01 6.498E-05 8.186E-05 1.245E+03 8.101E-01 2.221E+01 2.000E+00
2.181E+07 9.486E+02 7.166E-01 6.498E-05 8.471E-05 1.249E+03 8.102E-01 2.221E+01 2.000E+00
4.634E+07 5.524E+02 8.625E-01 6.498E-05 8.993E-05 1.562E+03 8.103E-01 2.221E+01 2.000E+00
2.215E+07 6.893E+02 8.034E-01 6.498E-05 9.949E-05 1.403E+03 8.104E-01 2.221E+01 2.000E+00
1.295E+08 8.400E+02 7.496E-01 6.498E-05 1.170E-04 1.300E+03 8.108E-01 2.221E+01 2.000E+00
2.900E+07 4.240E+02 9.289E-01 6.498E-05 1.492E-04 1.845E+03 8.113E-01 2.221E+01 2.000E+00
9.782E+07 9.239E+02 7.238E-01 6.498E-05 2.080E-04 1.260E+03 8.124E-01 2.221E+01 2.000E+00
1.392E+07 3.596E+02 9.666E-01 6.498E-05 3.160E-04 2.113E+03 8.143E-01 2.221E+01 2.000E+00
1.664E+07 7.680E+02 7.744E-01 6.498E-05 5.139E-04 1.344E+03 8.179E-01 2.222E+01 2.000E+00
3.304E+06 4.221E+02 9.316E-01 6.498E-05 8.766E-04 1.845E+03 8.244E-01 2.223E+01 2.000E+00
1.519E+07 8.830E+02 7.372E-01 6.498E-05 1.541E-03 1.282E+03 8.364E-01 2.224E+01 2.000E+00
3.991E+07 8.284E+02 7.559E-01 6.498E-05 2.760E-03 1.314E+03 8.584E-01 2.227E+01 2.000E+00
8.206E+06 5.952E+02 8.500E-01 6.498E-05 4.994E-03 1.500E+03 8.868E-01 2.232E+01 2.000E+00
9.864E+07 6.235E+02 8.304E-01 8.219E-05 7.850E-05 1.468E+03 8.101E-01 2.221E+01 2.000E+00
1.623E+07 5.911E+02 8.446E-01 8.219E-05 7.854E-05 1.508E+03 8.101E-01 2.221E+01 2.000E+00
3.653E+07 5.911E+02 8.446E-01 8.219E-05 7.861E-05 1.508E+03 8.101E-01 2.221E+01 2.000E+00
1.291E+07 2.646E+02 1.023E+00 8.219E-05 7.875E-05 3.178E+03 8.101E-01 2.221E+01 2.000E+00
8.884E+06 9.562E+02 7.144E-01 8.219E-05 7.900E-05 1.245E+03 8.101E-01 2.221E+01 2.000E+00
4.655E+08 3.431E+02 9.757E-01 8.219E-05 7.946E-05 2.217E+03 8.101E-01 2.221E+01 2.000E+00
1.703E+07 7.276E+02 7.887E-01 8.219E-05 8.031E-05 1.372E+03 8.102E-01 2.221E+01 2.000E+00
8.303E+06 3.542E+02 9.692E-01 8.219E-05 8.186E-05 2.149E+03 8.102E-01 2.221E+01 2.000E+00
2.448E+07 9.486E+02 7.166E-01 8.219E-05 8.471E-05 1.249E+03 8.102E-01 2.221E+01 2.000E+00
5.362E+06 6.318E+02 8.269E-01 8.219E-05 8.993E-05 1.459E+03 8.103E-01 2.221E+01 2.000E+00
3.109E+08 6.893E+02 8.034E-01 8.219E-05 9.949E-05 1.403E+03 8.105E-01 2.221E+01 2.000E+00
1.140E+08 8.650E+02 7.416E-01 8.219E-05 1.170E-04 1.287E+03 8.108E-01 2.221E+01 2.000E+00
3.214E+06 3.842E+02 9.516E-01 8.219E-05 1.492E-04 1.995E+03 8.114E-01 2.221E+01 2.000E+00
4.823E+08 9.239E+02 7.238E-01 8.219E-05 2.080E-04 1.259E+03 8.125E-01 2.221E+01 2.000E+00
6.741E+07 3.775E+02 9.560E-01 8.219E-05 3.160E-04 2.023E+03 8.144E-01 2.221E+01 2.000E+00
3.077E+07 7.680E+02 7.744E-01 8.219E-05 5.139E-04 1.344E+03 8.180E-01 2.222E+01 2.000E+00
4.494E+06 3.286E+02 9.870E-01 8.219E-05 8.766E-04 2.301E+03 8.245E-01 2.223E+01 2.000E+00
1.849E+07 8.830E+02 7.372E-01 8.219E-05 1.541E-03 1.300E+03 8.365E-01 2.224E+01 2.000E+00
1.801E+08 8.284E+02 7.559E-01 8.219E-05 2.760E-03 1.314E+03 8.585E-01 2.227E+01 2.000E+00
1.476E+07 5.952E+02 8.500E-01 8.219E-05 4.994E-03 1.500E+03 8.868E-01 2.232E+01 2.000E+00
3.471E+08 5.911E+02 8.446E-01 1.040E-04 7.850E-05 1.507E+03 8.102E-01 2.221E+01 2.000E+00
1.221E+07 2.646E+02 1.023E+00 1.040E-04 7.854E-05 3.178E+03 8.102E-01 2.221E+01 2.000E+00
4.141E+07 2.646E+02 1.023E+00 1.040E-04 7.861E-05 3.178E+03 8.102E-01 2.221E+01 2.000E+00
8.664E+06 9.562E+02 7.144E-01 1.040E-04 7.875E-05 1.246E+03 8.102E-01 2.221E+01 2.000E+00
9.267E+06 9.562E+02 7.144E-01 1.040E-04 7.900E-05 1.246E+03 8.102E-01 2.221E+01 2.000E+00
1.066E+07 9.562E+02 7.144E-01 1.040E-04 7.946E-05 1.247E+03 8.102E-01 2.221E+01 2.000E+00
6.691E+07 7.276E+02 7.887E-01 1.040E-04 8.031E-05 1.372E+03 8.102E-01 2.221E+01 2.000E+00
6.948E+07 3.905E+02 9.478E-01 1.040E-04 8.186E-05 1.969E+03 8.103E-01 2.221E+01 2.000E+00
2.902E+07 9.486E+02 7.166E-01 1.040E-04 8.471E-05 1.248E+03 8.103E-01 2.221E+01 2.000E+00
7.791E+06 6.318E+02 8.269E-01 1.040E-04 8.993E-05 1.465E+03 8.104E-01 2.221E+01 2.000E+00
1.504E+07 8.148E+02 7.579E-01 1.040E-04 9.949E-05 1.314E+03 8.106E-01 2.221E+01 2.000E+00
5.142E+07 3.661E+02 9.622E-01 1.040E-04 1.170E-04 2.082E+03 8.109E-01 2.221E+01 2.000E+00
5.260E+06 3.842E+02 9.516E-01 1.040E-04 1.492E-04 2.004E+03 8.115E-01 2.221E+01 2.000E+00
1.857E+08 3.822E+02 9.530E-01 1.040E-04 2.080E-04 2.003E+03 8.125E-01 2.221E+01 2.000E+00
6.976E+07 3.656E+02 9.630E-01 1.040E-04 3.160E-04 2.082E+03 8.145E-01 2.221E+01 2.000E+00
6.644E+07 7.586E+02 7.778E-01 1.040E-04 5.139E-04 1.351E+03 8.180E-01 2.222E+01 2.000E+00
1.209E+07 3.286E+02 9.870E-01 1.040E-04 8.766E-04 2.301E+03 8.246E-01 2.223E+01 2.000E+00
2.572E+07 8.830E+02 7.372E-01 1.040E-04 1.541E-03 1.318E+03 8.366E-01 2.224E+01 2.000E+00
1.658E+07 6.512E+02 8.222E-01 1.040E-04 2.760E-03 1.441E+03 8.585E-01 2.227E+01 2.000E+00
4.780E+06 9.467E+02 7.209E-01 1.040E-04 4.994E-03 1.269E+03 8.869E-01 2.232E+01 2.000E+00
8.541E+06 9.562E+02 7.144E-01 1.315E-04 7.850E-05 1.246E+03 8.103E-01 2.221E+01 2.000E+00
8.630E+06 9.562E+02 7.144E-01 1.315E-04 7.854E-05 1.245E+03 8.103E-01 2.221E+01 2.000E+00
8.799E+06 9.562E+02 7.144E-01 1.315E-04 7.861E-05 1.276E+03 8.103E-01 2.221E+01 2.000E+00
9.127E+06 9.562E+02 7.144E-01 1.315E-04 7.875E-05 1.248E+03 8.103E-01 2.221E+01 2.000E+00
1.957E+07 3.450E+02 9.747E-01 1.315E-04 7.900E-05 2.206E+03 8.103E-01 2.221E+01 2.000E+00
1.140E+07 9.562E+02 7.144E-01 1.315E-04 7.946E-05 1.245E+03 8.103E-01 2.221E+01 2.000E+00
2.196E+06 2.665E+02 1.021E+00 1.315E-04 8.031E-05 3.135E+03 8.103E-01 2.221E+01 2.000E+00
1.632E+08 9.562E+02 7.144E-01 1.315E-04 8.186E-05 1.245E+03 8.104E-01 2.221E+01 2.000E+00
3.809E+07 9.486E+02 7.166E-01 1.315E-04 8.471E-05 1.248E+03 8.104E-01 2.221E+01 2.000E+00
1.742E+08 3.722E+02 9.585E-01 1.315E-04 8.993E-05 2.052E+03 8.105E-01 2.221E+01 2.000E+00
3.013E+07 8.148E+02 7.579E-01 1.315E-04 9.949E-05 1.314E+03 8.107E-01 2.221E+01 2.000E+00
1.725E+07 5.910E+02 8.447E-01 1.315E-04 1.170E-04 1.508E+03 8.110E-01 2.221E+01 2.000E+00
4.574E+07 3.842E+02 9.516E-01 1.315E-04 1.492E-04 1.995E+03 8.116E-01 2.221E+01 2.000E+00
5.385E+06 3.616E+02 9.651E-01 1.315E-04 2.080E-04 2.124E+03 8.126E-01 2.221E+01 2.000E+00
5.678E+07 4.875E+02 8.950E-01 1.315E-04 3.160E-04 1.678E+03 8.146E-01 2.221E+01 2.000E+00
5.500E+07 5.296E+02 8.742E-01 1.315E-04 5.139E-04 1.598E+03 8.181E-01 2.222E+01 2.000E+00
8.946E+07 2.630E+02 1.027E+00 1.315E-04 8.766E-04 3.145E+03 8.247E-01 2.223E+01 2.000E+00
6.291E+06 2.497E+02 1.037E+00 1.315E-04 1.541E-03 3.428E+03 8.367E-01 2.224E+01 2.000E+00
4.469E+07 8.861E+02 7.373E-01 1.315E-04 2.760E-03 1.285E+03 8.586E-01 2.227E+01 2.000E+00
1.597E+07 3.533E+02 9.836E-01 1.315E-04 4.994E-03 2.068E+03 8.870E-01 2.232E+01 2.000E+00
9.931E+06 3.441E+02 9.752E-01 1.663E-04 7.850E-05 2.212E+03 8.104E-01 2.221E+01 2.000E+00
1.427E+07 3.441E+02 9.752E-01 1.663E-04 7.854E-05 2.212E+03 8.104E-01 2.221E+01 2.000E+00
7.976E+07 3.441E+02 9.752E-01 1.663E-04 7.861E-05 2.211E+03 8.104E-01 2.221E+01 2.000E+00
9.661E+07 3.450E+02 9.747E-01 1.663E-04 7.875E-05 2.205E+03 8.104E-01 2.221E+01 2.000E+00
1.060E+07 9.562E+02 7.144E-01 1.663E-04 7.900E-05 1.246E+03 8.104E-01 2.221E+01 2.000E+00
1.253E+07 9.562E+02 7.144E-01 1.663E-04 7.946E-05 1.245E+03 8.104E-01 2.221E+01 2.000E+00
5.096E+07 7.302E+02 7.877E-01 1.663E-04 8.031E-05 1.370E+03 8.105E-01 2.221E+01 2.000E+00
1.576E+07 4.217E+02 9.300E-01 1.663E-04 8.186E-05 1.853E+03 8.105E-01 2.221E+01 2.000E+00
6.377E+07 9.486E+02 7.166E-01 1.663E-04 8.471E-05 1.250E+03 8.105E-01 2.221E+01 2.000E+00
5.974E+06 9.362E+02 7.201E-01 1.663E-04 8.993E-05 1.254E+03 8.106E-01 2.221E+01 2.000E+00
1.990E+08 8.001E+02 7.628E-01 1.663E-04 9.949E-05 1.322E+03 8.108E-01 2.221E+01 2.000E+00
6.012E+06 8.929E+02 7.330E-01 1.663E-04 1.170E-04 1.273E+03 8.111E-01 2.221E+01 2.000E+00
5.379E+06 8.144E+02 7.581E-01 1.663E-04 1.492E-04 1.314E+03 8.117E-01 2.221E+01 2.000E+00
3.697E+06 7.493E+02 7.808E-01 1.663E-04 2.080E-04 1.357E+03 8.128E-01 2.221E+01 2.000E+00
2.712E+07 4.534E+02 9.131E-01 1.663E-04 3.160E-04 1.759E+03 8.147E-01 2.221E+01 2.000E+00
1.038E+08 6.397E+02 8.241E-01 1.663E-04 5.139E-04 1.451E+03 8.183E-01 2.222E+01 2.000E+00
4.779E+06 2.632E+02 1.027E+00 1.663E-04 8.766E-04 3.140E+03 8.248E-01 2.223E+01 2.000E+00
1.046E+07 5.358E+02 8.729E-01 1.663E-04 1.541E-03 1.585E+03 8.368E-01 2.224E+01 2.000E+00
1.638E+07 9.032E+02 7.321E-01 1.663E-04 2.760E-03 1.278E+03 8.588E-01 2.227E+01 2.000E+00
6.410E+06 3.430E+02 9.903E-01 1.663E-04 4.994E-03 2.121E+03 8.871E-01 2.232E+01 2.000E+00
9.983E+06 9.562E+02 7.144E-01 2.104E-04 7.850E-05 1.245E+03 8.106E-01 2.221E+01 2.000E+00
1.011E+07 9.562E+02 7.144E-01 2.104E-04 7.854E-05 1.245E+03 8.106E-01 2.221E+01 2.000E+00
1.035E+07 9.562E+02 7.144E-01 2.104E-04 7.861E-05 1.246E+03 8.106E-01 2.221E+01 2.000E+00
1.083E+07 9.562E+02 7.144E-01 2.104E-04 7.875E-05 1.245E+03 8.106E-01 2.221E+01 2.000E+00
1.184E+07 9.562E+02 7.144E-01 2.104E-04 7.900E-05 1.245E+03 8.106E-01 2.221E+01 2.000E+00
3.347E+07 7.276E+02 7.887E-01 2.104E-04 7.946E-05 1.372E+03 8.106E-01 2.221E+01 2.000E+00
9.286E+06 3.068E+02 9.976E-01 2.104E-04 8.031E-05 2.519E+03 8.106E-01 2.221E+01 2.000E+00
8.073E+07 8.538E+02 7.451E-01 2.104E-04 8.186E-05 1.294E+03 8.106E-01 2.221E+01 2.000E+00
5.021E+08 9.486E+02 7.166E-01 2.104E-04 8.471E-05 1.249E+03 8.107E-01 2.221E+01 2.000E+00
6.462E+06 9.362E+02 7.201E-01 2.104E-04 8.993E-05 1.254E+03 8.108E-01 2.221E+01 2.000E+00
6.750E+07 6.333E+02 8.262E-01 2.104E-04 9.949E-05 1.458E+03 8.110E-01 2.221E+01 2.000E+00
2.390E+07 6.229E+02 8.307E-01 2.104E-04 1.170E-04 1.469E+03 8.113E-01 2.221E+01 2.000E+00
7.068E+06 8.144E+02 7.581E-01 2.104E-04 1.492E-04 1.315E+03 8.119E-01 2.221E+01 2.000E+00
4.736E+06 7.493E+02 7.808E-01 2.104E-04 2.080E-04 1.356E+03 8.129E-01 2.221E+01 2.000E+00
6.992E+08 6.677E+02 8.123E-01 2.104E-04 3.160E-04 1.424E+03 8.149E-01 2.221E+01 2.000E+00
2.943E+07 8.492E+02 7.470E-01 2.104E-04 5.139E-04 1.296E+03 8.184E-01 2.222E+01 2.000E+00
4.065E+06 4.055E+02 9.411E-01 2.104E-04 8.766E-04 1.908E+03 8.250E-01 2.223E+01 2.000E+00
1.553E+07 8.862E+02 7.363E-01 2.104E-04 1.541E-03 1.286E+03 8.369E-01 2.224E+01 2.000E+00
2.651E+06 2.896E+02 1.018E+00 2.104E-04 2.760E-03 2.603E+03 8.589E-01 2.227E+01 2.000E+00
2.837E+07 2.643E+02 1.042E+00 2.104E-04 4.994E-03 2.834E+03 8.872E-01 2.232E+01 2.000E+00
1.138E+07 9.562E+02 7.144E-01 2.661E-04 7.850E-05 1.246E+03 8.108E-01 2.221E+01 2.000E+00
1.155E+07 9.562E+02 7.144E-01 2.661E-04 7.854E-05 1.246E+03 8.108E-01 2.221E+01 2.000E+00
1.188E+07 9.562E+02 7.144E-01 2.661E-04 7.861E-05 1.245E+03 8.108E-01 2.221E+01 2.000E+00
1.252E+07 9.562E+02 7.144E-01 2.661E-04 7.875E-05 1.245E+03 8.108E-01 2.221E+01 2.000E+00
2.349E+07 7.276E+02 7.887E-01 2.661E-04 7.900E-05 1.372E+03 8.108E-01 2.221E+01 2.000E+00
2.104E+07 7.302E+02 7.877E-01 2.661E-04 7.946E-05 1.370E+03 8.108E-01 2.221E+01 2.000E+00
1.157E+07 3.542E+02 9.692E-01 2.661E-04 8.031E-05 2.149E+03 8.108E-01 2.221E+01 2.000E+00
3.354E+07 8.321E+02 7.521E-01 2.661E-04 8.186E-05 1.304E+03 8.108E-01 2.221E+01 2.000E+00
7.856E+06 5.832E+02 8.482E-01 2.661E-04 8.471E-05 1.518E+03 8.109E-01 2.221E+01 2.000E+00
7.235E+06 9.362E+02 7.201E-01 2.661E-04 8.993E-05 1.254E+03 8.110E-01 2.221E+01 2.000E+00
7.929E+06 2.933E+02 1.006E+00 2.661E-04 9.949E-05 2.677E+03 8.112E-01 2.221E+01 2.000E+00
1.244E+07 6.399E+02 8.235E-01 2.661E-04 1.170E-04 1.451E+03 8.115E-01 2.221E+01 2.000E+00
1.209E+07 3.362E+02 9.801E-01 2.661E-04 1.492E-04 2.263E+03 8.121E-01 2.221E+01 2.000E+00
1.636E+07 5.373E+02 8.699E-01 2.661E-04 2.080E-04 1.585E+03 8.131E-01 2.221E+01 2.000E+00
2.722E+07 6.685E+02 8.119E-01 2.661E-04 3.160E-04 1.422E+03 8.151E-01 2.221E+01 2.000E+00
9.701E+06 4.463E+02 9.173E-01 2.661E-04 5.139E-04 1.776E+03 8.186E-01 2.222E+01 2.000E+00
1.209E+07 9.157E+02 7.268E-01 2.661E-04 8.766E-04 1.265E+03 8.252E-01 2.223E+01 2.000E+00
3.755E+07 8.862E+02 7.363E-01 2.661E-04 1.541E-03 1.281E+03 8.371E-01 2.224E+01 2.000E+00
3.088E+09 2.896E+02 1.018E+00 2.661E-04 2.760E-03 2.603E+03 8.591E-01 2.227E+01 2.000E+00
1.973E+07 6.417E+02 8.292E-01 2.661E-04 4.994E-03 1.452E+03 8.874E-01 2.232E+01 2.000E+00
2.676E+07 7.276E+02 7.887E-01 3.366E-04 7.850E-05 1.372E+03 8.110E-01 2.221E+01 2.000E+00
3.810E+07 7.276E+02 7.887E-01 3.366E-04 7.854E-05 1.372E+03 8.110E-01 2.221E+01 2.000E+00
1.836E+08 7.276E+02 7.887E-01 3.366E-04 7.861E-05 1.372E+03 8.110E-01 2.221E+01 2.000E+00
2.257E+07 7.404E+02 7.839E-01 3.366E-04 7.875E-05 1.363E+03 8.110E-01 2.221E+01 2.000E+00
3.237E+07 7.302E+02 7.877E-01 3.366E-04 7.900E-05 1.370E+03 8.110E-01 2.221E+01 2.000E+00
2.537E+07 9.562E+02 7.144E-01 3.366E-04 7.946E-05 1.246E+03 8.111E-01 2.221E+01 2.000E+00
3.727E+08 9.377E+02 7.197E-01 3.366E-04 8.031E-05 1.253E+03 8.111E-01 2.221E+01 2.000E+00
3.197E+07 8.213E+02 7.557E-01 3.366E-04 8.186E-05 1.310E+03 8.111E-01 2.221E+01 2.000E+00
3.813E+07 7.546E+02 7.788E-01 3.366E-04 8.471E-05 1.352E+03 8.111E-01 2.221E+01 2.000E+00
8.587E+06 9.362E+02 7.201E-01 3.366E-04 8.993E-05 1.257E+03 8.112E-01 2.221E+01 2.000E+00
7.799E+06 4.602E+02 9.090E-01 3.366E-04 9.949E-05 1.742E+03 8.114E-01 2.221E+01 2.000E+00
3.033E+08 4.090E+02 9.373E-01 3.366E-04 1.170E-04 1.897E+03 8.117E-01 2.221E+01 2.000E+00
2.379E+07 2.828E+02 1.012E+00 3.366E-04 1.492E-04 2.824E+03 8.123E-01 2.221E+01 2.000E+00
1.646E+08 7.493E+02 7.808E-01 3.366E-04 2.080E-04 1.356E+03 8.134E-01 2.221E+01 2.000E+00
1.051E+07 5.970E+02 8.423E-01 3.366E-04 3.160E-04 1.500E+03 8.153E-01 2.221E+01 2.000E+00
1.211E+08 8.711E+02 7.401E-01 3.366E-04 5.139E-04 1.285E+03 8.189E-01 2.222E+01 2.000E+00
2.017E+07 9.157E+02 7.268E-01 3.366E-04 8.766E-04 1.265E+03 8.254E-01 2.223E+01 2.000E+00
5.712E+07 7.177E+02 7.941E-01 3.366E-04 1.541E-03 1.382E+03 8.374E-01 2.224E+01 2.000E+00
1.357E+07 8.141E+02 7.607E-01 3.366E-04 2.760E-03 1.322E+03 8.594E-01 2.227E+01 2.000E+00
3.828E+07 6.288E+02 8.348E-01 3.366E-04 4.994E-03 1.464E+03 8.876E-01 2.232E+01 2.000E+00
1.499E+08 4.091E+02 9.371E-01 4.257E-04 7.850E-05 1.897E+03 8.114E-01 2.221E+01 2.000E+00
2.028E+07 9.562E+02 7.144E-01 4.257E-04 7.854E-05 1.256E+03 8.114E-01 2.221E+01 2.000E+00
2.139E+07 9.562E+02 7.144E-01 4.257E-04 7.861E-05 1.246E+03 8.114E-01 2.221E+01 2.000E+00
2.378E+07 9.562E+02 7.144E-01 4.257E-04 7.875E-05 1.246E+03 8.114E-01 2.221E+01 2.000E+00
3.721E+07 3.542E+02 9.692E-01 4.257E-04 7.900E-05 2.149E+03 8.114E-01 2.221E+01 2.000E+00
7.297E+07 9.377E+02 7.197E-01 4.257E-04 7.946E-05 1.253E+03 8.114E-01 2.221E+01 2.000E+00
2.734E+07 5.677E+02 8.553E-01 4.257E-04 8.031E-05 1.539E+03 8.114E-01 2.221E+01 2.000E+00
1.512E+09 7.594E+02 7.770E-01 4.257E-04 8.186E-05 1.349E+03 8.114E-01 2.221E+01 2.000E+00
3.885E+07 7.543E+02 7.789E-01 4.257E-04 8.471E-05 1.354E+03 8.115E-01 2.221E+01 2.000E+00
1.144E+07 9.362E+02 7.201E-01 4.257E-04 8.993E-05 1.254E+03 8.116E-01 2.221E+01 2.000E+00
3.099E+06 4.606E+02 9.087E-01 4.257E-04 9.949E-05 1.742E+03 8.117E-01 2.221E+01 2.000E+00
6.958E+06 6.573E+02 8.163E-01 4.257E-04 1.170E-04 1.434E+03 8.121E-01 2.221E+01 2.000E+00
6.471E+06 6.486E+02 8.199E-01 4.257E-04 1.492E-04 1.442E+03 8.126E-01 2.221E+01 2.000E+00
1.312E+07 6.482E+02 8.201E-01 4.257E-04 2.080E-04 1.442E+03 8.137E-01 2.221E+01 2.000E+00
1.615E+07 3.437E+02 9.761E-01 4.257E-04 3.160E-04 2.209E+03 8.156E-01 2.221E+01 2.000E+00
8.930E+07 8.536E+02 7.456E-01 4.257E-04 5.139E-04 1.294E+03 8.192E-01 2.222E+01 2.000E+00
3.012E+06 3.667E+02 9.639E-01 4.257E-04 8.766E-04 2.067E+03 8.257E-01 2.223E+01 2.000E+00
2.148E+07 8.084E+02 7.614E-01 4.257E-04 1.541E-03 1.322E+03 8.377E-01 2.224E+01 2.000E+00
5.801E+06 8.174E+02 7.596E-01 4.257E-04 2.760E-03 1.320E+03 8.597E-01 2.227E+01 2.000E+00
6.979E+06 6.641E+02 8.197E-01 4.257E-04 4.994E-03 1.431E+03 8.879E-01 2.232E+01 2.000E+00
4.549E+07 9.377E+02 7.197E-01 5.385E-04 7.850E-05 1.253E+03 8.118E-01 2.221E+01 2.000E+00
5.035E+07 9.377E+02 7.197E-01 5.385E-04 7.854E-05 1.303E+03 8.118E-01 2.221E+01 2.000E+00
6.272E+07 9.377E+02 7.197E-01 5.385E-04 7.861E-05 1.253E+03 8.118E-01 2.221E+01 2.000E+00
1.277E+07 4.217E+02 9.300E-01 5.385E-04 7.875E-05 1.853E+03 8.118E-01 2.221E+01 2.000E+00
2.357E+08 9.562E+02 7.144E-01 5.385E-04 7.900E-05 1.246E+03 8.118E-01 2.221E+01 2.000E+00
4.737E+07 5.677E+02 8.553E-01 5.385E-04 7.946E-05 1.539E+03 8.118E-01 2.221E+01 2.000E+00
2.291E+07 8.213E+02 7.557E-01 5.385E-04 8.031E-05 1.310E+03 8.118E-01 2.221E+01 2.000E+00
4.289E+07 9.486E+02 7.166E-01 5.385E-04 8.186E-05 1.249E+03 8.118E-01 2.221E+01 2.000E+00
1.811E+07 5.500E+02 8.636E-01 5.385E-04 8.471E-05 1.567E+03 8.119E-01 2.221E+01 2.000E+00
2.076E+07 9.362E+02 7.201E-01 5.385E-04 8.993E-05 1.254E+03 8.120E-01 2.221E+01 2.000E+00
6.287E+06 6.305E+02 8.274E-01 5.385E-04 9.949E-05 1.463E+03 8.121E-01 2.221E+01 2.000E+00
7.699E+06 8.883E+02 7.344E-01 5.385E-04 1.170E-04 1.275E+03 8.125E-01 2.221E+01 2.000E+00
1.383E+07 3.781E+02 9.552E-01 5.385E-04 1.492E-04 2.024E+03 8.130E-01 2.221E+01 2.000E+00
2.606E+08 4.357E+02 9.225E-01 5.385E-04 2.080E-04 1.809E+03 8.141E-01 2.221E+01 2.000E+00
9.406E+06 6.482E+02 8.203E-01 5.385E-04 3.160E-04 1.442E+03 8.160E-01 2.221E+01 2.000E+00
4.341E+06 3.591E+02 9.675E-01 5.385E-04 5.139E-04 2.121E+03 8.196E-01 2.222E+01 2.000E+00
2.622E+07 9.305E+02 7.224E-01 5.385E-04 8.766E-04 1.259E+03 8.262E-01 2.223E+01 2.000E+00
6.963E+06 4.089E+02 9.407E-01 5.385E-04 1.541E-03 2.149E+03 8.381E-01 2.224E+01 2.000E+00
1.961E+07 4.470E+02 9.217E-01 5.385E-04 2.760E-03 1.760E+03 8.601E-01 2.227E+01 2.000E+00
8.158E+06 2.340E+02 1.062E+00 5.385E-04 4.994E-03 3.507E+03 8.882E-01 2.232E+01 2.000E+00
1.965E+08 8.538E+02 7.451E-01 6.811E-04 7.850E-05 1.293E+03 8.123E-01 2.221E+01 2.000E+00
1.359E+07 8.321E+02 7.521E-01 6.811E-04 7.854E-05 1.304E+03 8.123E-01 2.221E+01 2.000E+00
1.591E+07 8.321E+02 7.521E-01 6.811E-04 7.861E-05 1.304E+03 8.123E-01 2.221E+01 2.000E+00
2.341E+07 8.321E+02 7.521E-01 6.811E-04 7.875E-05 1.304E+03 8.123E-01 2.221E+01 2.000E+00
2.475E+08 8.321E+02 7.521E-01 6.811E-04 7.900E-05 1.306E+03 8.123E-01 2.221E+01 2.000E+00
8.632E+07 8.213E+02 7.557E-01 6.811E-04 7.946E-05 1.310E+03 8.123E-01 2.221E+01 2.000E+00
2.211E+07 9.486E+02 7.166E-01 6.811E-04 8.031E-05 1.249E+03 8.123E-01 2.221E+01 2.000E+00
1.577E+07 6.145E+02 8.343E-01 6.811E-04 8.186E-05 1.479E+03 8.123E-01 2.221E+01 2.000E+00
3.426E+07 9.452E+02 7.175E-01 6.811E-04 8.471E-05 1.250E+03 8.124E-01 2.221E+01 2.000E+00
1.981E+07 7.113E+02 7.949E-01 6.811E-04 8.993E-05 1.386E+03 8.125E-01 2.221E+01 2.000E+00
1.756E+07 6.152E+02 8.340E-01 6.811E-04 9.949E-05 1.478E+03 8.127E-01 2.221E+01 2.000E+00
2.450E+07 8.883E+02 7.344E-01 6.811E-04 1.170E-04 1.293E+03 8.130E-01 2.221E+01 2.000E+00
1.183E+07 8.653E+02 7.416E-01 6.811E-04 1.492E-04 1.287E+03 8.136E-01 2.221E+01 2.000E+00
3.488E+07 5.597E+02 8.592E-01 6.811E-04 2.080E-04 1.551E+03 8.146E-01 2.221E+01 2.000E+00
1.257E+07 6.287E+02 8.285E-01 6.811E-04 3.160E-04 1.463E+03 8.166E-01 2.221E+01 2.000E+00
1.244E+07 7.198E+02 7.921E-01 6.811E-04 5.139E-04 1.380E+03 8.201E-01 2.222E+01 2.000E+00
1.235E+07 6.002E+02 8.417E-01 6.811E-04 8.766E-04 1.496E+03 8.267E-01 2.223E+01 2.000E+00
6.815E+06 4.861E+02 8.981E-01 6.811E-04 1.541E-03 1.676E+03 8.386E-01 2.224E+01 2.000E+00
9.988E+06 9.043E+02 7.317E-01 6.811E-04 2.760E-03 1.278E+03 8.606E-01 2.227E+01 2.000E+00
1.886E+07 7.924E+02 7.704E-01 6.811E-04 4.994E-03 1.341E+03 8.887E-01 2.232E+01 2.000E+00
9.807E+07 7.561E+02 7.782E-01 8.615E-04 7.850E-05 1.352E+03 8.129E-01 2.221E+01 2.000E+00
6.432E+09 7.561E+02 7.782E-01 8.615E-04 7.854E-05 1.352E+03 8.129E-01 2.221E+01 2.000E+00
1.376E+08 7.594E+02 7.770E-01 8.615E-04 7.861E-05 1.349E+03 8.129E-01 2.221E+01 2.000E+00
1.787E+07 9.486E+02 7.166E-01 8.615E-04 7.875E-05 1.249E+03 8.129E-01 2.221E+01 2.000E+00
2.179E+07 9.486E+02 7.166E-01 8.615E-04 7.900E-05 1.250E+03 8.129E-01 2.221E+01 2.000E+00
3.717E+07 9.486E+02 7.166E-01 8.615E-04 7.946E-05 1.249E+03 8.129E-01 2.221E+01 2.000E+00
3.291E+07 5.832E+02 8.482E-01 8.615E-04 8.031E-05 1.518E+03 8.130E-01 2.221E+01 2.000E+00
1.469E+07 5.754E+02 8.518E-01 8.615E-04 8.186E-05 1.529E+03 8.130E-01 2.221E+01 2.000E+00
5.672E+06 9.362E+02 7.201E-01 8.615E-04 8.471E-05 1.254E+03 8.130E-01 2.221E+01 2.000E+00
5.782E+06 7.960E+02 7.642E-01 8.615E-04 8.993E-05 1.325E+03 8.131E-01 2.221E+01 2.000E+00
7.472E+06 7.495E+02 7.806E-01 8.615E-04 9.949E-05 1.356E+03 8.133E-01 2.221E+01 2.000E+00
2.407E+08 9.258E+02 7.232E-01 8.615E-04 1.170E-04 1.259E+03 8.136E-01 2.221E+01 2.000E+00
1.327E+07 8.774E+02 7.378E-01 8.615E-04 1.492E-04 1.281E+03 8.142E-01 2.221E+01 2.000E+00
7.251E+06 8.921E+02 7.333E-01 8.615E-04 2.080E-04 1.373E+03 8.153E-01 2.221E+01 2.000E+00
9.039E+07 9.074E+02 7.288E-01 8.615E-04 3.160E-04 1.267E+03 8.172E-01 2.221E+01 2.000E+00
3.400E+07 7.104E+02 7.957E-01 8.615E-04 5.139E-04 1.387E+03 8.208E-01 2.222E+01 2.000E+00
2.202E+07 4.070E+02 9.402E-01 8.615E-04 8.766E-04 1.896E+03 8.273E-01 2.223E+01 2.000E+00
7.196E+06 6.199E+02 8.340E-01 8.615E-04 1.541E-03 1.473E+03 8.393E-01 2.224E+01 2.000E+00
5.836E+08 9.043E+02 7.317E-01 8.615E-04 2.760E-03 1.278E+03 8.613E-01 2.227E+01 2.000E+00
1.440E+07 6.489E+02 8.261E-01 8.615E-04 4.994E-03 1.447E+03 8.892E-01 2.232E+01 2.000E+00
1.904E+07 5.832E+02 8.482E-01 1.090E-03 7.850E-05 1.518E+03 8.138E-01 2.221E+01 2.000E+00
2.998E+07 5.832E+02 8.482E-01 1.090E-03 7.854E-05 1.518E+03 8.138E-01 2.221E+01 2.000E+00
9.028E+06 6.145E+02 8.343E-01 1.090E-03 7.861E-05 1.479E+03 8.138E-01 2.221E+01 2.000E+00
1.817E+07 6.145E+02 8.343E-01 1.090E-03 7.875E-05 1.481E+03 8.138E-01 2.221E+01 2.000E+00
1.758E+07 7.546E+02 7.788E-01 1.090E-03 7.900E-05 1.353E+03 8.138E-01 2.221E+01 2.000E+00
9.923E+06 7.543E+02 7.789E-01 1.090E-03 7.946E-05 1.353E+03 8.138E-01 2.221E+01 2.000E+00
3.113E+07 6.896E+02 8.032E-01 1.090E-03 8.031E-05 1.404E+03 8.138E-01 2.221E+01 2.000E+00
3.923E+07 9.452E+02 7.175E-01 1.090E-03 8.186E-05 1.251E+03 8.138E-01 2.221E+01 2.000E+00
9.251E+06 9.362E+02 7.201E-01 1.090E-03 8.471E-05 1.386E+03 8.139E-01 2.221E+01 2.000E+00
9.257E+06 7.916E+02 7.657E-01 1.090E-03 8.993E-05 1.329E+03 8.140E-01 2.221E+01 2.000E+00
1.248E+07 4.313E+02 9.247E-01 1.090E-03 9.949E-05 1.823E+03 8.141E-01 2.221E+01 2.000E+00
2.228E+07 5.016E+02 8.875E-01 1.090E-03 1.170E-04 1.650E+03 8.144E-01 2.221E+01 2.000E+00
4.143E+07 4.215E+02 9.303E-01 1.090E-03 1.492E-04 1.854E+03 8.150E-01 2.221E+01 2.000E+00
1.645E+07 5.166E+02 8.801E-01 1.090E-03 2.080E-04 1.622E+03 8.161E-01 2.221E+01 2.000E+00
5.511E+06 4.600E+02 9.095E-01 1.090E-03 3.160E-04 1.742E+03 8.180E-01 2.221E+01 2.000E+00
2.954E+06 2.940E+02 1.007E+00 1.090E-03 5.139E-04 2.648E+03 8.216E-01 2.222E+01 2.000E+00
2.370E+07 3.611E+02 9.673E-01 1.090E-03 8.766E-04 2.096E+03 8.281E-01 2.223E+01 2.000E+00
1.465E+07 7.873E+02 7.687E-01 1.090E-03 1.541E-03 1.335E+03 8.401E-01 2.224E+01 2.000E+00
9.063E+06 9.606E+02 7.152E-01 1.090E-03 2.760E-03 1.255E+03 8.621E-01 2.227E+01 2.000E+00
5.809E+08 7.298E+02 7.933E-01 1.090E-03 4.994E-03 1.380E+03 8.900E-01 2.232E+01 2.000E+00
1.239E+07 9.452E+02 7.175E-01 1.378E-03 7.850E-05 1.251E+03 8.148E-01 2.221E+01 2.000E+00
1.265E+07 9.452E+02 7.175E-01 1.378E-03 7.854E-05 1.251E+03 8.148E-01 2.221E+01 2.000E+00
1.316E+07 9.452E+02 7.175E-01 1.378E-03 7.861E-05 1.319E+03 8.148E-01 2.221E+01 2.000E+00
1.421E+07 9.452E+02 7.175E-01 1.378E-03 7.875E-05 1.251E+03 8.148E-01 2.221E+01 2.000E+00
8.341E+06 3.733E+02 9.579E-01 1.378E-03 7.900E-05 2.047E+03 8.148E-01 2.221E+01 2.000E+00
2.491E+07 9.452E+02 7.175E-01 1.378E-03 7.946E-05 1.251E+03 8.148E-01 2.221E+01 2.000E+00
1.143E+07 6.318E+02 8.269E-01 1.378E-03 8.031E-05 1.460E+03 8.148E-01 2.221E+01 2.000E+00
7.093E+06 9.362E+02 7.201E-01 1.378E-03 8.186E-05 1.254E+03 8.149E-01 2.221E+01 2.000E+00
1.807E+08 9.362E+02 7.201E-01 1.378E-03 8.471E-05 1.254E+03 8.149E-01 2.221E+01 2.000E+00
9.695E+06 8.148E+02 7.579E-01 1.378E-03 8.993E-05 1.314E+03 8.150E-01 2.221E+01 2.000E+00
4.036E+06 3.843E+02 9.515E-01 1.378E-03 9.949E-05 1.996E+03 8.152E-01 2.221E+01 2.000E+00
1.550E+07 9.072E+02 7.287E-01 1.378E-03 1.170E-04 1.268E+03 8.155E-01 2.221E+01 2.000E+00
2.041E+07 8.767E+02 7.380E-01 1.378E-03 1.492E-04 1.282E+03 8.161E-01 2.221E+01 2.000E+00
3.655E+07 8.114E+02 7.591E-01 1.378E-03 2.080E-04 1.317E+03 8.171E-01 2.221E+01 2.000E+00
8.294E+07 8.881E+02 7.346E-01 1.378E-03 3.160E-04 1.277E+03 8.191E-01 2.221E+01 2.000E+00
5.480E+06 4.017E+02 9.424E-01 1.378E-03 5.139E-04 1.920E+03 8.226E-01 2.222E+01 2.000E+00
8.826E+07 4.719E+02 9.043E-01 1.378E-03 8.766E-04 1.710E+03 8.292E-01 2.223E+01 2.000E+00
8.030E+06 7.054E+02 7.988E-01 1.378E-03 1.541E-03 1.393E+03 8.412E-01 2.224E+01 2.000E+00
9.865E+06 2.779E+02 1.025E+00 1.378E-03 2.760E-03 2.753E+03 8.631E-01 2.227E+01 2.000E+00
4.738E+07 7.737E+02 7.770E-01 1.378E-03 4.994E-03 1.360E+03 8.908E-01 2.232E+01 2.000E+00
5.825E+06 9.362E+02 7.201E-01 1.743E-03 7.850E-05 1.256E+03 8.161E-01 2.221E+01 2.000E+00
5.880E+06 9.362E+02 7.201E-01 1.743E-03 7.854E-05 1.255E+03 8.161E-01 2.221E+01 2.000E+00
5.984E+06 9.362E+02 7.201E-01 1.743E-03 7.861E-05 1.255E+03 8.161E-01 2.221E+01 2.000E+00
2.194E+07 3.422E+02 9.763E-01 1.743E-03 7.875E-05 2.228E+03 8.161E-01 2.221E+01 2.000E+00
6.601E+06 9.362E+02 7.201E-01 1.743E-03 7.900E-05 1.261E+03 8.161E-01 2.221E+01 2.000E+00
7.563E+06 9.362E+02 7.201E-01 1.743E-03 7.946E-05 1.255E+03 8.161E-01 2.221E+01 2.000E+00
1.055E+07 9.362E+02 7.201E-01 1.743E-03 8.031E-05 1.255E+03 8.161E-01 2.221E+01 2.000E+00
5.630E+07 9.362E+02 7.201E-01 1.743E-03 8.186E-05 1.255E+03 8.162E-01 2.221E+01 2.000E+00
1.736E+07 8.087E+02 7.599E-01 1.743E-03 8.471E-05 1.319E+03 8.162E-01 2.221E+01 2.000E+00
1.677E+08 2.889E+02 1.008E+00 1.743E-03 8.993E-05 2.742E+03 8.163E-01 2.221E+01 2.000E+00
3.168E+07 8.291E+02 7.531E-01 1.743E-03 9.949E-05 1.310E+03 8.165E-01 2.221E+01 2.000E+00
1.846E+08 9.332E+02 7.210E-01 1.743E-03 1.170E-04 1.256E+03 8.168E-01 2.221E+01 2.000E+00
1.689E+07 8.070E+02 7.605E-01 1.743E-03 1.492E-04 1.320E+03 8.174E-01 2.221E+01 2.000E+00
8.537E+07 3.124E+02 9.947E-01 1.743E-03 2.080E-04 2.459E+03 8.184E-01 2.221E+01 2.000E+00
1.584E+07 7.077E+02 7.965E-01 1.743E-03 3.160E-04 1.389E+03 8.204E-01 2.221E+01 2.000E+00
1.198E+08 4.000E+02 9.434E-01 1.743E-03 5.139E-04 1.926E+03 8.240E-01 2.222E+01 2.000E+00
9.974E+07 7.837E+02 7.693E-01 1.743E-03 8.766E-04 1.337E+03 8.305E-01 2.223E+01 2.000E+00
1.292E+08 4.728E+02 9.051E-01 1.743E-03 1.541E-03 1.708E+03 8.425E-01 2.224E+01 2.000E+00
3.897E+06 5.764E+02 8.554E-01 1.743E-03 2.760E-03 1.527E+03 8.642E-01 2.227E+01 2.000E+00
2.278E+07 9.703E+02 7.142E-01 1.743E-03 4.994E-03 1.262E+03 8.920E-01 2.232E+01 2.000E+00
4.850E+07 9.362E+02 7.201E-01 2.205E-03 7.850E-05 1.256E+03 8.178E-01 2.221E+01 2.000E+00
5.425E+07 9.362E+02 7.201E-01 2.205E-03 7.854E-05 1.255E+03 8.178E-01 2.221E+01 2.000E+00
6.940E+07 9.362E+02 7.201E-01 2.205E-03 7.861E-05 1.255E+03 8.178E-01 2.221E+01 2.000E+00
1.439E+08 9.362E+02 7.201E-01 2.205E-03 7.875E-05 1.255E+03 8.178E-01 2.221E+01 2.000E+00
2.652E+07 3.482E+02 9.728E-01 2.205E-03 7.900E-05 2.186E+03 8.178E-01 2.221E+01 2.000E+00
2.069E+06 5.441E+02 8.664E-01 2.205E-03 7.946E-05 1.576E+03 8.178E-01 2.221E+01 2.000E+00
7.571E+06 5.441E+02 8.664E-01 2.205E-03 8.031E-05 1.576E+03 8.178E-01 2.221E+01 2.000E+00
1.197E+07 7.916E+02 7.657E-01 2.205E-03 8.186E-05 1.329E+03 8.178E-01 2.221E+01 2.000E+00
1.310E+07 4.685E+02 9.045E-01 2.205E-03 8.471E-05 1.769E+03 8.179E-01 2.221E+01 2.000E+00
2.308E+07 7.495E+02 7.806E-01 2.205E-03 8.993E-05 1.358E+03 8.180E-01 2.221E+01 2.000E+00
1.474E+08 8.487E+02 7.468E-01 2.205E-03 9.949E-05 1.296E+03 8.182E-01 2.221E+01 2.000E+00
9.196E+06 6.928E+02 8.020E-01 2.205E-03 1.170E-04 1.402E+03 8.185E-01 2.221E+01 2.000E+00
9.850E+06 6.069E+02 8.377E-01 2.205E-03 1.492E-04 1.489E+03 8.190E-01 2.221E+01 2.000E+00
5.511E+07 8.882E+02 7.345E-01 2.205E-03 2.080E-04 1.278E+03 8.201E-01 2.221E+01 2.000E+00
1.212E+07 6.650E+02 8.134E-01 2.205E-03 3.160E-04 1.427E+03 8.221E-01 2.222E+01 2.000E+00
8.126E+07 8.784E+02 7.378E-01 2.205E-03 5.139E-04 1.283E+03 8.256E-01 2.222E+01 2.000E+00
4.951E+07 5.895E+02 8.465E-01 2.205E-03 8.766E-04 1.510E+03 8.322E-01 2.223E+01 2.000E+00
7.093E+08 6.754E+02 8.107E-01 2.205E-03 1.541E-03 1.419E+03 8.441E-01 2.224E+01 2.000E+00
3.215E+07 8.623E+02 7.448E-01 2.205E-03 2.760E-03 1.298E+03 8.657E-01 2.227E+01 2.000E+00
9.221E+06 9.463E+02 7.211E-01 2.205E-03 4.994E-03 1.271E+03 8.934E-01 2.232E+01 2.000E+00
6.443E+06 4.409E+02 9.194E-01 2.789E-03 7.850E-05 1.796E+03 8.199E-01 2.221E+01 2.000E+00
7.751E+06 4.409E+02 9.194E-01 2.789E-03 7.854E-05 1.796E+03 8.199E-01 2.221E+01 2.000E+00
1.254E+07 4.409E+02 9.194E-01 2.789E-03 7.861E-05 1.796E+03 8.199E-01 2.221E+01 2.000E+00
1.220E+08 6.926E+02 8.021E-01 2.789E-03 7.875E-05 1.402E+03 8.199E-01 2.221E+01 2.000E+00
2.426E+07 6.749E+02 8.091E-01 2.789E-03 7.900E-05 1.418E+03 8.199E-01 2.221E+01 2.000E+00
8.103E+06 8.148E+02 7.579E-01 2.789E-03 7.946E-05 1.316E+03 8.199E-01 2.221E+01 2.000E+00
3.427E+06 4.606E+02 9.087E-01 2.789E-03 8.031E-05 1.743E+03 8.199E-01 2.221E+01 2.000E+00
8.680E+06 4.028E+02 9.408E-01 2.789E-03 8.186E-05 1.922E+03 8.199E-01 2.221E+01 2.000E+00
4.345E+06 7.495E+02 7.806E-01 2.789E-03 8.471E-05 1.358E+03 8.200E-01 2.221E+01 2.000E+00
1.628E+07 8.090E+02 7.598E-01 2.789E-03 8.993E-05 1.319E+03 8.201E-01 2.221E+01 2.000E+00
1.006E+08 6.573E+02 8.162E-01 2.789E-03 9.949E-05 1.435E+03 8.203E-01 2.221E+01 2.000E+00
2.978E+08 7.584E+02 7.774E-01 2.789E-03 1.170E-04 1.351E+03 8.206E-01 2.221E+01 2.000E+00
3.572E+06 7.896E+02 7.665E-01 2.789E-03 1.492E-04 1.332E+03 8.212E-01 2.221E+01 2.000E+00
2.675E+07 7.184E+02 7.923E-01 2.789E-03 2.080E-04 1.390E+03 8.222E-01 2.221E+01 2.000E+00
1.189E+07 6.918E+02 8.027E-01 2.789E-03 3.160E-04 1.403E+03 8.242E-01 2.222E+01 2.000E+00
3.226E+07 7.994E+02 7.635E-01 2.789E-03 5.139E-04 1.326E+03 8.277E-01 2.222E+01 2.000E+00
3.636E+06 5.733E+02 8.540E-01 2.789E-03 8.766E-04 1.532E+03 8.343E-01 2.223E+01 2.000E+00
1.824E+07 9.661E+02 7.127E-01 2.789E-03 1.541E-03 1.249E+03 8.462E-01 2.224E+01 2.000E+00
4.980E+06 4.945E+02 8.960E-01 2.789E-03 2.760E-03 1.655E+03 8.675E-01 2.227E+01 2.000E+00
1.525E+07 4.031E+02 9.524E-01 2.789E-03 4.994E-03 1.872E+03 8.952E-01 2.232E+01 2.000E+00
2.057E+07 3.363E+02 9.799E-01 3.528E-03 7.850E-05 2.273E+03 8.225E-01 2.221E+01 2.000E+00
5.822E+07 3.363E+02 9.799E-01 3.528E-03 7.854E-05 2.266E+03 8.225E-01 2.221E+01 2.000E+00
4.116E+07 7.498E+02 7.805E-01 3.528E-03 7.861E-05 1.358E+03 8.225E-01 2.221E+01 2.000E+00
6.162E+07 7.654E+02 7.749E-01 3.528E-03 7.875E-05 1.350E+03 8.225E-01 2.221E+01 2.000E+00
3.685E+06 7.495E+02 7.806E-01 3.528E-03 7.900E-05 1.358E+03 8.226E-01 2.221E+01 2.000E+00
4.423E+06 3.182E+02 9.908E-01 3.528E-03 7.946E-05 2.410E+03 8.226E-01 2.221E+01 2.000E+00
8.171E+06 5.276E+02 8.744E-01 3.528E-03 8.031E-05 1.604E+03 8.226E-01 2.221E+01 2.000E+00
5.908E+06 4.278E+02 9.266E-01 3.528E-03 8.186E-05 1.835E+03 8.226E-01 2.221E+01 2.000E+00
3.636E+07 8.090E+02 7.598E-01 3.528E-03 8.471E-05 1.319E+03 8.227E-01 2.221E+01 2.000E+00
7.139E+06 8.410E+02 7.493E-01 3.528E-03 8.993E-05 1.315E+03 8.227E-01 2.221E+01 2.000E+00
1.989E+07 5.753E+02 8.518E-01 3.528E-03 9.949E-05 1.530E+03 8.229E-01 2.221E+01 2.000E+00
3.003E+07 4.279E+02 9.267E-01 3.528E-03 1.170E-04 1.835E+03 8.232E-01 2.221E+01 2.000E+00
1.312E+07 3.427E+02 9.762E-01 3.528E-03 1.492E-04 2.219E+03 8.238E-01 2.221E+01 2.000E+00
7.880E+06 5.133E+02 8.817E-01 3.528E-03 2.080E-04 1.637E+03 8.249E-01 2.221E+01 2.000E+00
5.993E+06 3.003E+02 1.002E+00 3.528E-03 3.160E-04 2.582E+03 8.268E-01 2.222E+01 2.000E+00
7.778E+06 6.307E+02 8.279E-01 3.528E-03 5.139E-04 1.463E+03 8.304E-01 2.222E+01 2.000E+00
5.714E+06 8.886E+02 7.350E-01 3.528E-03 8.766E-04 1.281E+03 8.369E-01 2.223E+01 2.000E+00
1.323E+07 8.752E+02 7.397E-01 3.528E-03 1.541E-03 1.289E+03 8.489E-01 2.224E+01 2.000E+00
7.315E+06 9.677E+02 7.132E-01 3.528E-03 2.760E-03 1.255E+03 8.698E-01 2.227E+01 2.000E+00
2.259E+07 8.836E+02 7.400E-01 3.528E-03 4.994E-03 1.298E+03 8.975E-01 2.232E+01 2.000E+00
1.974E+07 7.195E+02 7.917E-01 4.462E-03 7.850E-05 1.381E+03 8.259E-01 2.221E+01 2.000E+00
2.544E+07 7.195E+02 7.917E-01 4.462E-03 7.854E-05 1.381E+03 8.259E-01 2.221E+01 2.000E+00
5.532E+07 7.195E+02 7.917E-01 4.462E-03 7.861E-05 1.381E+03 8.259E-01 2.221E+01 2.000E+00
1.376E+07 7.897E+02 7.664E-01 4.462E-03 7.875E-05 1.332E+03 8.259E-01 2.221E+01 2.000E+00
4.150E+07 7.897E+02 7.664E-01 4.462E-03 7.900E-05 1.332E+03 8.259E-01 2.221E+01 2.000E+00
6.004E+07 3.661E+02 9.621E-01 4.462E-03 7.946E-05 2.085E+03 8.259E-01 2.221E+01 2.000E+00
5.523E+06 8.541E+02 7.450E-01 4.462E-03 8.031E-05 1.295E+03 8.259E-01 2.221E+01 2.000E+00
9.773E+08 8.541E+02 7.450E-01 4.462E-03 8.186E-05 1.295E+03 8.260E-01 2.221E+01 2.000E+00
2.195E+07 8.400E+02 7.496E-01 4.462E-03 8.471E-05 1.303E+03 8.260E-01 2.221E+01 2.000E+00
5.816E+07 8.883E+02 7.344E-01 4.462E-03 8.993E-05 1.278E+03 8.261E-01 2.221E+01 2.000E+00
4.748E+06 2.948E+02 1.005E+00 4.462E-03 9.949E-05 2.658E+03 8.263E-01 2.221E+01 2.000E+00
1.466E+07 3.542E+02 9.693E-01 4.462E-03 1.170E-04 2.150E+03 8.266E-01 2.221E+01 2.000E+00
2.773E+08 2.644E+02 1.023E+00 4.462E-03 1.492E-04 3.176E+03 8.272E-01 2.221E+01 2.000E+00
2.720E+07 8.587E+02 7.437E-01 4.462E-03 2.080E-04 1.293E+03 8.282E-01 2.221E+01 2.000E+00
6.135E+06 7.868E+02 7.676E-01 4.462E-03 3.160E-04 1.335E+03 8.302E-01 2.222E+01 2.000E+00
6.428E+06 9.499E+02 7.165E-01 4.462E-03 5.139E-04 1.253E+03 8.338E-01 2.222E+01 2.000E+00
2.337E+07 6.642E+02 8.144E-01 4.462E-03 8.766E-04 1.430E+03 8.403E-01 2.223E+01 2.000E+00
1.159E+07 3.153E+02 9.973E-01 4.462E-03 1.541E-03 2.391E+03 8.523E-01 2.224E+01 2.000E+00
6.053E+07 6.963E+02 8.038E-01 4.462E-03 2.760E-03 1.404E+03 8.727E-01 2.227E+01 2.000E+00
1.451E+08 8.206E+02 7.606E-01 4.462E-03 4.994E-03 1.329E+03 9.004E-01 2.232E+01 2.000E+00
1.169E+07 8.929E+02 7.330E-01 5.644E-03 7.850E-05 1.337E+03 8.302E-01 2.221E+01 2.000E+00
1.216E+07 8.929E+02 7.330E-01 5.644E-03 7.854E-05 1.277E+03 8.302E-01 2.221E+01 2.000E+00
1.316E+07 8.929E+02 7.330E-01 5.644E-03 7.861E-05 1.277E+03 8.302E-01 2.221E+01 2.000E+00
1.554E+07 8.929E+02 7.330E-01 5.644E-03 7.875E-05 1.277E+03 8.302E-01 2.221E+01 2.000E+00
2.362E+07 8.929E+02 7.330E-01 5.644E-03 7.900E-05 1.277E+03 8.302E-01 2.221E+01 2.000E+00
5.593E+06 8.883E+02 7.344E-01 5.644E-03 7.946E-05 1.279E+03 8.302E-01 2.221E+01 2.000E+00
8.823E+06 8.883E+02 7.344E-01 5.644E-03 8.031E-05 1.279E+03 8.302E-01 2.221E+01 2.000E+00
1.099E+08 5.831E+02 8.483E-01 5.644E-03 8.186E-05 1.521E+03 8.302E-01 2.221E+01 2.000E+00
2.808E+07 9.054E+02 7.292E-01 5.644E-03 8.471E-05 1.271E+03 8.303E-01 2.221E+01 2.000E+00
3.697E+07 7.822E+02 7.690E-01 5.644E-03 8.993E-05 1.337E+03 8.304E-01 2.221E+01 2.000E+00
3.118E+07 4.279E+02 9.266E-01 5.644E-03 9.949E-05 1.836E+03 8.306E-01 2.221E+01 2.000E+00
1.234E+07 8.918E+02 7.333E-01 5.644E-03 1.170E-04 1.277E+03 8.309E-01 2.221E+01 2.000E+00
2.506E+07 9.944E+02 7.039E-01 5.644E-03 1.492E-04 1.236E+03 8.314E-01 2.221E+01 2.000E+00
6.695E+07 7.175E+02 7.926E-01 5.644E-03 2.080E-04 1.384E+03 8.325E-01 2.221E+01 2.000E+00
7.156E+06 4.599E+02 9.096E-01 5.644E-03 3.160E-04 1.746E+03 8.345E-01 2.222E+01 2.000E+00
2.657E+07 6.391E+02 8.244E-01 5.644E-03 5.139E-04 1.455E+03 8.380E-01 2.222E+01 2.000E+00
1.867E+07 6.752E+02 8.100E-01 5.644E-03 8.766E-04 1.420E+03 8.446E-01 2.223E+01 2.000E+00
1.186E+07 4.976E+02 8.921E-01 5.644E-03 1.541E-03 1.656E+03 8.565E-01 2.224E+01 2.000E+00
1.764E+07 4.535E+02 9.181E-01 5.644E-03 2.760E-03 1.747E+03 8.763E-01 2.227E+01 2.000E+00
1.201E+07 7.554E+02 7.837E-01 5.644E-03 4.994E-03 1.368E+03 9.041E-01 2.232E+01 2.000E+00
2.258E+07 9.119E+02 7.272E-01 7.139E-03 7.850E-05 1.616E+03 8.356E-01 2.221E+01 2.000E+00
2.419E+07 9.119E+02 7.272E-01 7.139E-03 7.854E-05 1.269E+03 8.356E-01 2.221E+01 2.000E+00
2.786E+07 9.119E+02 7.272E-01 7.139E-03 7.861E-05 1.269E+03 8.356E-01 2.221E+01 2.000E+00
3.881E+07 9.119E+02 7.272E-01 7.139E-03 7.875E-05 1.269E+03 8.356E-01 2.221E+01 2.000E+00
1.494E+08 9.119E+02 7.272E-01 7.139E-03 7.900E-05 1.269E+03 8.356E-01 2.221E+01 2.000E+00
8.726E+06 5.449E+02 8.661E-01 7.139E-03 7.946E-05 1.577E+03 8.356E-01 2.221E+01 2.000E+00
2.997E+06 3.341E+02 9.813E-01 7.139E-03 8.031E-05 2.283E+03 8.356E-01 2.221E+01 2.000E+00
4.391E+06 4.605E+02 9.088E-01 7.139E-03 8.186E-05 1.746E+03 8.356E-01 2.221E+01 2.000E+00
3.347E+07 7.584E+02 7.774E-01 7.139E-03 8.471E-05 1.357E+03 8.357E-01 2.221E+01 2.000E+00
3.815E+07 6.748E+02 8.091E-01 7.139E-03 8.993E-05 1.421E+03 8.358E-01 2.221E+01 2.000E+00
1.194E+07 8.212E+02 7.558E-01 7.139E-03 9.949E-05 1.315E+03 8.359E-01 2.221E+01 2.000E+00
1.357E+07 4.407E+02 9.196E-01 7.139E-03 1.170E-04 1.798E+03 8.363E-01 2.221E+01 2.000E+00
3.121E+07 9.739E+02 7.095E-01 7.139E-03 1.492E-04 1.244E+03 8.368E-01 2.221E+01 2.000E+00
2.423E+07 9.421E+02 7.185E-01 7.139E-03 2.080E-04 1.257E+03 8.379E-01 2.221E+01 2.000E+00
2.183E+07 8.504E+02 7.464E-01 7.139E-03 3.160E-04 1.300E+03 8.398E-01 2.222E+01 2.000E+00
1.442E+07 7.269E+02 7.894E-01 7.139E-03 5.139E-04 1.378E+03 8.434E-01 2.222E+01 2.000E+00
4.117E+07 9.482E+02 7.173E-01 7.139E-03 8.766E-04 1.257E+03 8.500E-01 2.223E+01 2.000E+00
4.108E+07 2.788E+02 1.020E+00 7.139E-03 1.541E-03 2.808E+03 8.619E-01 2.224E+01 2.000E+00
6.594E+06 5.593E+02 8.635E-01 7.139E-03 2.760E-03 1.552E+03 8.810E-01 2.227E+01 2.000E+00
8.556E+06 6.843E+02 8.113E-01 7.139E-03 4.994E-03 1.420E+03 9.087E-01 2.232E+01 2.000E+00
6.446E+06 8.975E+02 7.316E-01 9.029E-03 7.850E-05 1.278E+03 8.424E-01 2.221E+01 2.000E+00
6.566E+06 8.975E+02 7.316E-01 9.029E-03 7.854E-05 1.277E+03 8.424E-01 2.221E+01 2.000E+00
6.799E+06 8.975E+02 7.316E-01 9.029E-03 7.861E-05 1.278E+03 8.424E-01 2.221E+01 2.000E+00
7.279E+06 8.975E+02 7.316E-01 9.029E-03 7.875E-05 1.277E+03 8.424E-01 2.221E+01 2.000E+00
8.397E+06 8.975E+02 7.316E-01 9.029E-03 7.900E-05 1.278E+03 8.424E-01 2.221E+01 2.000E+00
1.193E+07 8.975E+02 7.316E-01 9.029E-03 7.946E-05 1.277E+03 8.424E-01 2.221E+01 2.000E+00
7.999E+07 8.975E+02 7.316E-01 9.029E-03 8.031E-05 1.277E+03 8.424E-01 2.221E+01 2.000E+00
1.263E+07 4.169E+02 9.328E-01 9.029E-03 8.186E-05 1.874E+03 8.424E-01 2.221E+01 2.000E+00
8.226E+06 8.144E+02 7.580E-01 9.029E-03 8.471E-05 1.320E+03 8.425E-01 2.221E+01 2.000E+00
5.379E+06 7.019E+02 7.985E-01 9.029E-03 8.993E-05 1.398E+03 8.426E-01 2.221E+01 2.000E+00
2.130E+07 9.948E+02 7.038E-01 9.029E-03 9.949E-05 1.237E+03 8.428E-01 2.221E+01 2.000E+00
6.954E+07 9.837E+02 7.068E-01 9.029E-03 1.170E-04 1.241E+03 8.431E-01 2.221E+01 2.000E+00
5.133E+06 3.339E+02 9.816E-01 9.029E-03 1.492E-04 2.289E+03 8.437E-01 2.221E+01 2.000E+00
1.517E+07 3.481E+02 9.732E-01 9.029E-03 2.080E-04 2.234E+03 8.447E-01 2.221E+01 2.000E+00
6.991E+06 9.323E+02 7.214E-01 9.029E-03 3.160E-04 1.263E+03 8.467E-01 2.222E+01 2.000E+00
7.424E+06 6.803E+02 8.075E-01 9.029E-03 5.139E-04 1.418E+03 8.502E-01 2.222E+01 2.000E+00
1.070E+07 4.650E+02 9.080E-01 9.029E-03 8.766E-04 1.731E+03 8.568E-01 2.223E+01 2.000E+00
1.690E+07 5.793E+02 8.522E-01 9.029E-03 1.541E-03 1.527E+03 8.687E-01 2.224E+01 2.000E+00
1.064E+07 3.418E+02 9.846E-01 9.029E-03 2.760E-03 2.174E+03 8.869E-01 2.227E+01 2.000E+00
8.965E+07 9.566E+02 7.181E-01 9.029E-03 4.994E-03 1.275E+03 9.146E-01 2.232E+01 2.000E+00
8.769E+08 6.069E+02 8.376E-01 1.142E-02 7.850E-05 1.495E+03 8.510E-01 2.221E+01 2.000E+00
2.923E+07 8.000E+02 7.629E-01 1.142E-02 7.854E-05 1.334E+03 8.510E-01 2.221E+01 2.000E+00
4.958E+07 8.000E+02 7.629E-01 1.142E-02 7.861E-05 1.330E+03 8.510E-01 2.221E+01 2.000E+00
2.135E+07 3.199E+02 9.899E-01 1.142E-02 7.875E-05 2.400E+03 8.510E-01 2.221E+01 2.000E+00
3.833E+06 3.184E+02 9.908E-01 1.142E-02 7.900E-05 2.411E+03 8.510E-01 2.221E+01 2.000E+00
1.712E+07 9.948E+02 7.037E-01 1.142E-02 7.946E-05 1.239E+03 8.510E-01 2.221E+01 2.000E+00
7.215E+07 3.480E+02 9.730E-01 1.142E-02 8.031E-05 2.191E+03 8.510E-01 2.221E+01 2.000E+00
4.344E+07 4.407E+02 9.195E-01 1.142E-02 8.186E-05 1.806E+03 8.511E-01 2.221E+01 2.000E+00
1.685E+07 6.344E+02 8.258E-01 1.142E-02 8.471E-05 1.463E+03 8.511E-01 2.221E+01 2.000E+00
5.883E+07 9.948E+02 7.037E-01 1.142E-02 8.993E-05 1.239E+03 8.512E-01 2.221E+01 2.000E+00
1.557E+07 9.014E+02 7.304E-01 1.142E-02 9.949E-05 1.278E+03 8.514E-01 2.221E+01 2.000E+00
1.237E+08 9.673E+02 7.113E-01 1.142E-02 1.170E-04 1.250E+03 8.517E-01 2.221E+01 2.000E+00
5.008E+06 6.484E+02 8.200E-01 1.142E-02 1.492E-04 1.450E+03 8.523E-01 2.221E+01 2.000E+00
1.200E+07 9.523E+02 7.156E-01 1.142E-02 2.080E-04 1.257E+03 8.533E-01 2.221E+01 2.000E+00
7.075E+06 6.063E+02 8.382E-01 1.142E-02 3.160E-04 1.496E+03 8.553E-01 2.222E+01 2.000E+00
1.554E+07 8.996E+02 7.313E-01 1.142E-02 5.139E-04 1.280E+03 8.588E-01 2.222E+01 2.000E+00
1.750E+07 3.910E+02 9.496E-01 1.142E-02 8.766E-04 1.962E+03 8.654E-01 2.223E+01 2.000E+00
7.628E+06 8.769E+02 7.391E-01 1.142E-02 1.541E-03 1.294E+03 8.774E-01 2.224E+01 2.000E+00
6.150E+07 9.661E+02 7.137E-01 1.142E-02 2.760E-03 1.263E+03 8.943E-01 2.227E+01 2.000E+00
1.158E+07 8.366E+02 7.552E-01 1.142E-02 4.994E-03 1.328E+03 9.210E-01 2.232E+01 2.000E+00
5.056E+07 6.680E+02 8.119E-01 1.445E-02 7.850E-05 1.432E+03 8.619E-01 2.221E+01 2.000E+00
1.941E+08 6.680E+02 8.119E-01 1.445E-02 7.854E-05 1.432E+03 8.619E-01 2.221E+01 2.000E+00
8.819E+07 9.837E+02 7.068E-01 1.445E-02 7.861E-05 1.246E+03 8.619E-01 2.221E+01 2.000E+00
1.051E+08 9.837E+02 7.068E-01 1.445E-02 7.875E-05 1.246E+03 8.619E-01 2.221E+01 2.000E+00
1.627E+08 9.837E+02 7.068E-01 1.445E-02 7.900E-05 1.279E+03 8.619E-01 2.221E+01 2.000E+00
5.341E+06 7.877E+02 7.671E-01 1.445E-02 7.946E-05 1.340E+03 8.619E-01 2.221E+01 2.000E+00
2.638E+07 7.877E+02 7.671E-01 1.445E-02 8.031E-05 1.340E+03 8.620E-01 2.221E+01 2.000E+00
1.411E+07 7.396E+02 7.843E-01 1.445E-02 8.186E-05 1.373E+03 8.620E-01 2.221E+01 2.000E+00
1.654E+07 6.485E+02 8.199E-01 1.445E-02 8.471E-05 1.452E+03 8.620E-01 2.221E+01 2.000E+00
4.020E+07 9.944E+02 7.039E-01 1.445E-02 8.993E-05 1.242E+03 8.621E-01 2.221E+01 2.000E+00
9.954E+07 9.228E+02 7.241E-01 1.445E-02 9.949E-05 1.270E+03 8.623E-01 2.221E+01 2.000E+00
1.837E+06 2.803E+02 1.014E+00 1.445E-02 1.170E-04 2.868E+03 8.626E-01 2.221E+01 2.000E+00
5.859E+06 7.792E+02 7.701E-01 1.445E-02 1.492E-04 1.346E+03 8.632E-01 2.221E+01 2.000E+00
3.330E+06 5.512E+02 8.633E-01 1.445E-02 2.080E-04 1.572E+03 8.643E-01 2.221E+01 2.000E+00
3.348E+07 8.182E+02 7.570E-01 1.445E-02 3.160E-04 1.322E+03 8.662E-01 2.222E+01 2.000E+00
1.288E+08 5.897E+02 8.459E-01 1.445E-02 5.139E-04 1.518E+03 8.698E-01 2.222E+01 2.000E+00
9.797E+06 3.367E+02 9.822E-01 1.445E-02 8.766E-04 2.249E+03 8.763E-01 2.223E+01 2.000E+00
3.271E+06 5.900E+02 8.473E-01 1.445E-02 1.541E-03 1.517E+03 8.883E-01 2.224E+01 2.000E+00
6.507E+06 8.064E+02 7.633E-01 1.445E-02 2.760E-03 1.340E+03 9.037E-01 2.227E+01 2.000E+00
1.960E+08 8.957E+02 7.363E-01 1.445E-02 4.994E-03 1.304E+03 9.286E-01 2.232E+01 2.000E+00
9.079E+07 6.682E+02 8.118E-01 1.827E-02 7.850E-05 1.551E+03 8.757E-01 2.221E+01 2.000E+00
5.836E+07 6.666E+02 8.125E-01 1.827E-02 7.854E-05 1.436E+03 8.757E-01 2.221E+01 2.000E+00
6.772E+06 6.690E+02 8.115E-01 1.827E-02 7.861E-05 1.434E+03 8.757E-01 2.221E+01 2.000E+00
9.550E+06 6.690E+02 8.115E-01 1.827E-02 7.875E-05 1.433E+03 8.757E-01 2.221E+01 2.000E+00
5.010E+07 6.690E+02 8.115E-01 1.827E-02 7.900E-05 1.433E+03 8.757E-01 2.221E+01 2.000E+00
1.181E+07 3.658E+02 9.624E-01 1.827E-02 7.946E-05 2.092E+03 8.757E-01 2.221E+01 2.000E+00
1.067E+07 6.048E+02 8.386E-01 1.827E-02 8.031E-05 1.501E+03 8.757E-01 2.221E+01 2.000E+00
4.178E+07 5.987E+02 8.413E-01 1.827E-02 8.186E-05 1.509E+03 8.758E-01 2.221E+01 2.000E+00
6.135E+06 8.382E+02 7.502E-01 1.827E-02 8.471E-05 1.313E+03 8.758E-01 2.221E+01 2.000E+00
1.583E+07 7.999E+02 7.629E-01 1.827E-02 8.993E-05 1.335E+03 8.759E-01 2.221E+01 2.000E+00
5.292E+07 7.181E+02 7.923E-01 1.827E-02 9.949E-05 1.391E+03 8.761E-01 2.221E+01 2.000E+00
2.406E+07 8.843E+02 7.356E-01 1.827E-02 1.170E-04 1.290E+03 8.764E-01 2.221E+01 2.000E+00
1.303E+07 9.696E+02 7.107E-01 1.827E-02 1.492E-04 1.254E+03 8.770E-01 2.221E+01 2.000E+00
5.646E+07 5.619E+02 8.583E-01 1.827E-02 2.080E-04 1.560E+03 8.780E-01 2.221E+01 2.000E+00
8.309E+06 4.755E+02 9.013E-01 1.827E-02 3.160E-04 1.715E+03 8.800E-01 2.222E+01 2.000E+00
1.689E+07 8.423E+02 7.492E-01 1.827E-02 5.139E-04 1.313E+03 8.835E-01 2.222E+01 2.000E+00
1.303E+07 9.620E+02 7.134E-01 1.827E-02 8.766E-04 1.261E+03 8.901E-01 2.223E+01 2.000E+00
2.705E+07 8.082E+02 7.615E-01 1.827E-02 1.541E-03 1.335E+03 9.004E-01 2.224E+01 2.000E+00
3.581E+06 3.475E+02 9.811E-01 1.827E-02 2.760E-03 2.146E+03 9.156E-01 2.227E+01 2.000E+00
2.346E+08 8.611E+02 7.472E-01 1.827E-02 4.994E-03 1.323E+03 9.381E-01 2.232E+01 2.000E+00
1.391E+07 4.212E+02 9.304E-01 2.311E-02 7.850E-05 1.867E+03 8.932E-01 2.221E+01 2.000E+00
2.316E+07 4.212E+02 9.304E-01 2.311E-02 7.854E-05 1.867E+03 8.932E-01 2.221E+01 2.000E+00
8.765E+06 8.836E+02 7.358E-01 2.311E-02 7.861E-05 1.294E+03 8.932E-01 2.221E+01 2.000E+00
1.162E+07 3.861E+02 9.505E-01 2.311E-02 7.875E-05 1.999E+03 8.932E-01 2.221E+01 2.000E+00
9.382E+06 4.001E+02 9.424E-01 2.311E-02 7.900E-05 1.941E+03 8.932E-01 2.221E+01 2.000E+00
6.016E+06 5.626E+02 8.577E-01 2.311E-02 7.946E-05 1.560E+03 8.932E-01 2.221E+01 2.000E+00
7.566E+07 5.596E+02 8.592E-01 2.311E-02 8.031E-05 1.564E+03 8.932E-01 2.221E+01 2.000E+00
1.852E+07 8.843E+02 7.356E-01 2.311E-02 8.186E-05 1.294E+03 8.932E-01 2.221E+01 2.000E+00
1.432E+07 8.766E+02 7.380E-01 2.311E-02 8.471E-05 1.297E+03 8.933E-01 2.221E+01 2.000E+00
2.809E+07 9.118E+02 7.273E-01 2.311E-02 8.993E-05 1.282E+03 8.934E-01 2.221E+01 2.000E+00
1.110E+08 9.361E+02 7.202E-01 2.311E-02 9.949E-05 1.271E+03 8.935E-01 2.221E+01 2.000E+00
5.107E+07 9.696E+02 7.107E-01 2.311E-02 1.170E-04 1.258E+03 8.938E-01 2.221E+01 2.000E+00
1.971E+06 3.121E+02 9.949E-01 2.311E-02 1.492E-04 2.471E+03 8.944E-01 2.221E+01 2.000E+00
1.870E+08 6.832E+02 8.060E-01 2.311E-02 2.080E-04 1.429E+03 8.955E-01 2.221E+01 2.000E+00
1.781E+07 9.215E+02 7.246E-01 2.311E-02 3.160E-04 1.279E+03 8.974E-01 2.222E+01 2.000E+00
1.629E+08 7.766E+02 7.714E-01 2.311E-02 5.139E-04 1.355E+03 9.010E-01 2.222E+01 2.000E+00
5.374E+07 7.477E+02 7.822E-01 2.311E-02 8.766E-04 1.375E+03 9.072E-01 2.223E+01 2.000E+00
4.974E+06 3.502E+02 9.759E-01 2.311E-02 1.541E-03 2.160E+03 9.154E-01 2.224E+01 2.000E+00
1.163E+07 4.653E+02 9.117E-01 2.311E-02 2.760E-03 1.738E+03 9.306E-01 2.227E+01 2.000E+00
7.410E+07 9.879E+02 7.092E-01 2.311E-02 4.994E-03 1.281E+03 9.502E-01 2.232E+01 2.000E+00
3.190E+08 9.611E+02 7.130E-01 2.923E-02 7.850E-05 1.267E+03 9.152E-01 2.221E+01 2.000E+00
5.578E+08 9.611E+02 7.130E-01 2.923E-02 7.854E-05 1.266E+03 9.152E-01 2.221E+01 2.000E+00
1.558E+07 9.504E+02 7.161E-01 2.923E-02 7.861E-05 1.270E+03 9.152E-01 2.221E+01 2.000E+00
1.335E+07 4.792E+02 8.990E-01 2.923E-02 7.875E-05 1.737E+03 9.152E-01 2.221E+01 2.000E+00
1.030E+07 4.667E+02 9.056E-01 2.923E-02 7.900E-05 1.742E+03 9.152E-01 2.221E+01 2.000E+00
3.195E+07 9.504E+02 7.161E-01 2.923E-02 7.946E-05 1.270E+03 9.152E-01 2.221E+01 2.000E+00
3.655E+10 6.147E+02 8.343E-01 2.923E-02 8.031E-05 1.497E+03 9.153E-01 2.221E+01 2.000E+00
1.584E+07 2.824E+02 1.013E+00 2.923E-02 8.186E-05 2.837E+03 9.153E-01 2.221E+01 2.000E+00
1.269E+07 9.485E+02 7.166E-01 2.923E-02 8.471E-05 1.271E+03 9.153E-01 2.221E+01 2.000E+00
6.563E+07 4.468E+02 9.163E-01 2.923E-02 8.993E-05 1.794E+03 9.154E-01 2.221E+01 2.000E+00
2.026E+07 3.776E+02 9.556E-01 2.923E-02 9.949E-05 2.039E+03 9.156E-01 2.221E+01 2.000E+00
1.218E+07 6.746E+02 8.093E-01 2.923E-02 1.170E-04 1.437E+03 9.159E-01 2.221E+01 2.000E+00
1.548E+07 4.978E+02 8.895E-01 2.923E-02 1.492E-04 1.674E+03 9.165E-01 2.221E+01 2.000E+00
7.944E+06 5.823E+02 8.489E-01 2.923E-02 2.080E-04 1.537E+03 9.176E-01 2.221E+01 2.000E+00
1.796E+07 9.047E+02 7.296E-01 2.923E-02 3.160E-04 1.290E+03 9.192E-01 2.222E+01 2.000E+00
3.601E+07 8.312E+02 7.529E-01 2.923E-02 5.139E-04 1.327E+03 9.217E-01 2.222E+01 2.000E+00
4.720E+06 3.665E+02 9.642E-01 2.923E-02 8.766E-04 2.082E+03 9.262E-01 2.223E+01 2.000E+00
2.462E+07 8.835E+02 7.371E-01 2.923E-02 1.541E-03 1.307E+03 9.344E-01 2.224E+01 2.000E+00
1.635E+07 4.664E+02 9.111E-01 2.923E-02 2.760E-03 1.732E+03 9.488E-01 2.227E+01 2.000E+00
5.263E+06 7.400E+02 7.895E-01 2.923E-02 4.994E-03 1.401E+03 9.655E-01 2.232E+01 2.000E+00
1.048E+07 6.228E+02 8.308E-01 3.697E-02 7.850E-05 1.493E+03 9.403E-01 2.221E+01 2.000E+00
1.258E+07 6.228E+02 8.308E-01 3.697E-02 7.854E-05 1.493E+03 9.403E-01 2.221E+01 2.000E+00
2.020E+07 6.228E+02 8.308E-01 3.697E-02 7.861E-05 1.493E+03 9.403E-01 2.221E+01 2.000E+00
4.617E+07 7.586E+02 7.774E-01 3.697E-02 7.875E-05 1.376E+03 9.403E-01 2.221E+01 2.000E+00
1.039E+07 7.589E+02 7.773E-01 3.697E-02 7.900E-05 1.375E+03 9.403E-01 2.221E+01 2.000E+00
5.620E+06 6.064E+02 8.379E-01 3.697E-02 7.946E-05 1.521E+03 9.403E-01 2.221E+01 2.000E+00
2.913E+07 7.689E+02 7.737E-01 3.697E-02 8.031E-05 1.368E+03 9.403E-01 2.221E+01 2.000E+00
1.399E+07 7.082E+02 7.961E-01 3.697E-02 8.186E-05 1.414E+03 9.404E-01 2.221E+01 2.000E+00
1.725E+07 8.209E+02 7.559E-01 3.697E-02 8.471E-05 1.337E+03 9.404E-01 2.221E+01 2.000E+00
7.268E+06 4.600E+02 9.092E-01 3.697E-02 8.993E-05 1.763E+03 9.405E-01 2.221E+01 2.000E+00
9.110E+08 8.317E+02 7.523E-01 3.697E-02 9.949E-05 1.331E+03 9.406E-01 2.221E+01 2.000E+00
3.368E+07 3.593E+02 9.665E-01 3.697E-02 1.170E-04 2.135E+03 9.408E-01 2.221E+01 2.000E+00
1.128E+07 8.561E+02 7.445E-01 3.697E-02 1.492E-04 1.319E+03 9.412E-01 2.221E+01 2.000E+00
2.606E+07 3.531E+02 9.705E-01 3.697E-02 2.080E-04 2.169E+03 9.419E-01 2.221E+01 2.000E+00
1.336E+08 7.889E+02 7.669E-01 3.697E-02 3.160E-04 1.357E+03 9.433E-01 2.222E+01 2.000E+00
1.242E+08 9.358E+02 7.206E-01 3.697E-02 5.139E-04 1.285E+03 9.457E-01 2.222E+01 2.000E+00
3.087E+07 2.687E+02 1.024E+00 3.697E-02 8.766E-04 3.025E+03 9.502E-01 2.223E+01 2.000E+00
8.076E+06 2.714E+02 1.025E+00 3.697E-02 1.541E-03 2.932E+03 9.585E-01 2.224E+01 2.000E+00
7.441E+06 9.989E+02 7.046E-01 3.697E-02 2.760E-03 1.279E+03 9.681E-01 2.227E+01 2.000E+00
1.422E+07 6.196E+02 8.390E-01 3.697E-02 4.994E-03 1.511E+03 9.809E-01 2.232E+01 2.000E+00
5.954E+07 8.561E+02 7.444E-01 4.677E-02 7.850E-05 1.327E+03 9.708E-01 2.221E+01 2.000E+00
2.839E+08 5.077E+02 8.844E-01 4.677E-02 7.854E-05 1.666E+03 9.708E-01 2.221E+01 2.000E+00
6.264E+08 8.561E+02 7.444E-01 4.677E-02 7.861E-05 1.327E+03 9.708E-01 2.221E+01 2.000E+00
2.036E+08 8.473E+02 7.473E-01 4.677E-02 7.875E-05 1.331E+03 9.708E-01 2.221E+01 2.000E+00
5.393E+07 8.426E+02 7.488E-01 4.677E-02 7.900E-05 1.334E+03 9.708E-01 2.221E+01 2.000E+00
2.298E+10 8.182E+02 7.568E-01 4.677E-02 7.946E-05 1.347E+03 9.708E-01 2.221E+01 2.000E+00
1.571E+07 8.169E+02 7.572E-01 4.677E-02 8.031E-05 1.347E+03 9.708E-01 2.221E+01 2.000E+00
1.097E+07 4.932E+02 8.918E-01 4.677E-02 8.186E-05 1.694E+03 9.708E-01 2.221E+01 2.000E+00
1.464E+07 7.013E+02 7.988E-01 4.677E-02 8.471E-05 1.425E+03 9.708E-01 2.221E+01 2.000E+00
1.306E+08 6.422E+02 8.226E-01 4.677E-02 8.993E-05 1.479E+03 9.709E-01 2.221E+01 2.000E+00
1.504E+07 9.360E+02 7.202E-01 4.677E-02 9.949E-05 1.293E+03 9.710E-01 2.221E+01 2.000E+00
5.099E+07 6.393E+02 8.238E-01 4.677E-02 1.170E-04 1.482E+03 9.712E-01 2.221E+01 2.000E+00
1.373E+07 5.924E+02 8.443E-01 4.677E-02 1.492E-04 1.538E+03 9.716E-01 2.221E+01 2.000E+00
1.569E+07 6.988E+02 7.999E-01 4.677E-02 2.080E-04 1.428E+03 9.724E-01 2.221E+01 2.000E+00
1.388E+07 7.067E+02 7.970E-01 4.677E-02 3.160E-04 1.422E+03 9.737E-01 2.222E+01 2.000E+00
1.126E+07 5.196E+02 8.793E-01 4.677E-02 5.139E-04 1.644E+03 9.758E-01 2.222E+01 2.000E+00
1.706E+08 6.996E+02 8.004E-01 4.677E-02 8.766E-04 1.430E+03 9.785E-01 2.223E+01 2.000E+00
3.627E+07 3.438E+02 9.801E-01 4.677E-02 1.541E-03 2.205E+03 9.835E-01 2.224E+01 2.000E+00
2.481E+07 3.407E+02 9.856E-01 4.677E-02 2.760E-03 2.202E+03 9.904E-01 2.227E+01 2.000E+00
7.230E+07 4.538E+02 9.228E-01 4.677E-02 4.994E-03 1.768E+03 9.965E-01 2.232E+01 2.000E+00
9.186E+06 5.513E+02 8.632E-01 5.915E-02 7.850E-05 1.605E+03 1.000E+00 2.221E+01 3.000E+00
1.126E+07 5.513E+02 8.632E-01 5.915E-02 7.854E-05 1.601E+03 1.000E+00 2.221E+01 3.000E+00
1.959E+07 5.513E+02 8.632E-01 5.915E-02 7.861E-05 1.602E+03 1.000E+00 2.221E+01 3.000E+00
7.549E+06 9.484E+02 7.167E-01 5.915E-02 7.875E-05 1.298E+03 1.000E+00 2.221E+01 3.000E+00
8.541E+07 5.045E+02 8.861E-01 5.915E-02 7.900E-05 1.680E+03 1.000E+00 2.221E+01 3.000E+00
4.959E+07 4.078E+02 9.382E-01 5.915E-02 7.946E-05 1.933E+03 1.000E+00 2.221E+01 3.000E+00
6.442E+07 8.315E+02 7.524E-01 5.915E-02 8.031E-05 1.351E+03 1.000E+00 2.221E+01 3.000E+00
7.067E+07 9.484E+02 7.167E-01 5.915E-02 8.186E-05 1.299E+03 1.000E+00 2.221E+01 3.000E+00
6.858E+06 8.553E+02 7.447E-01 5.915E-02 8.471E-05 1.341E+03 1.000E+00 2.221E+01 3.000E+00
1.086E+07 2.956E+02 1.005E+00 5.915E-02 8.993E-05 2.664E+03 1.000E+00 2.221E+01 3.000E+00
9.544E+07 8.077E+02 7.603E-01 5.915E-02 9.949E-05 1.363E+03 1.000E+00 2.221E+01 3.000E+00
2.760E+06 4.115E+02 9.362E-01 5.915E-02 1.170E-04 1.920E+03 1.000E+00 2.221E+01 3.000E+00
1.710E+07 4.330E+02 9.242E-01 5.915E-02 1.492E-04 1.850E+03 1.000E+00 2.221E+01 3.000E+00
6.368E+06 9.785E+02 7.083E-01 5.915E-02 2.080E-04 1.289E+03 1.000E+00 2.221E+01 3.000E+00
2.574E+07 7.153E+02 7.937E-01 5.915E-02 3.160E-04 1.425E+03 1.000E+00 2.222E+01 3.000E+00
4.647E+06 9.501E+02 7.165E-01 5.915E-02 5.139E-04 1.302E+03 1.000E+00 2.222E+01 0.000E+00
1.891E+07 8.284E+02 7.542E-01 5.915E-02 8.766E-04 1.371E+03 1.000E+00 2.223E+01 0.000E+00
1.508E+07 7.361E+02 7.872E-01 5.915E-02 1.541E-03 1.427E+03 1.000E+00 2.224E+01 0.000E+00
2.066E+07 6.051E+02 8.424E-01 5.915E-02 2.760E-03 1.537E+03 1.000E+00 2.227E+01 0.000E+00
1.385E+08 4.469E+02 9.268E-01 5.915E-02 4.994E-03 1.795E+03 1.000E+00 2.232E+01 0.000E+00
5.120E+07 4.861E+02 8.956E-01 7.482E-02 7.850E-05 1.728E+03 1.000E+00 2.221E+01 0.000E+00
9.058E+06 8.287E+02 7.533E-01 7.482E-02 7.854E-05 1.367E+03 1.000E+00 2.221E+01 0.000E+00
9.987E+06 8.287E+02 7.533E-01 7.482E-02 7.861E-05 1.367E+03 1.000E+00 2.221E+01 0.000E+00
1.237E+07 8.287E+02 7.533E-01 7.482E-02 7.875E-05 1.368E+03 1.000E+00 2.221E+01 0.000E+00
2.278E+07 8.287E+02 7.533E-01 7.482E-02 7.900E-05 1.367E+03 1.000E+00 2.221E+01 0.000E+00
4.262E+08 8.140E+02 7.582E-01 7.482E-02 7.946E-05 1.375E+03 1.000E+00 2.221E+01 0.000E+00
4.683E+07 3.318E+02 9.833E-01 7.482E-02 8.031E-05 2.329E+03 1.000E+00 2.221E+01 0.000E+00
2.498E+07 3.288E+02 9.851E-01 7.482E-02 8.186E-05 2.352E+03 1.000E+00 2.221E+01 0.000E+00
2.602E+07 9.835E+02 7.069E-01 7.482E-02 8.471E-05 1.303E+03 1.000E+00 2.221E+01 0.000E+00
1.536E+08 8.942E+02 7.326E-01 7.482E-02 8.993E-05 1.337E+03 1.000E+00 2.221E+01 0.000E+00
9.004E+06 9.785E+02 7.083E-01 7.482E-02 9.949E-05 1.305E+03 1.000E+00 2.221E+01 0.000E+00
8.586E+06 7.290E+02 7.883E-01 7.482E-02 1.170E-04 1.428E+03 1.000E+00 2.221E+01 0.000E+00
1.560E+07 7.100E+02 7.955E-01 7.482E-02 1.492E-04 1.442E+03 1.000E+00 2.221E+01 0.000E+00
5.556E+06 5.559E+02 8.612E-01 7.482E-02 2.080E-04 1.609E+03 1.000E+00 2.221E+01 0.000E+00
1.797E+07 7.286E+02 7.887E-01 7.482E-02 3.160E-04 1.430E+03 1.000E+00 2.222E+01 0.000E+00
3.432E+07 4.126E+02 9.366E-01 7.482E-02 5.139E-04 1.923E+03 1.000E+00 2.222E+01 0.000E+00
5.135E+06 9.736E+02 7.102E-01 7.482E-02 8.766E-04 1.318E+03 1.000E+00 2.223E+01 0.000E+00
7.074E+06 5.061E+02 8.880E-01 7.482E-02 1.541E-03 1.689E+03 1.000E+00 2.224E+01 0.000E+00
1.289E+07 8.617E+02 7.451E-01 7.482E-02 2.760E-03 1.376E+03 1.000E+00 2.227E+01 0.000E+00
3.134E+07 3.409E+02 9.923E-01 7.482E-02 4.994E-03 2.186E+03 1.000E+00 2.232E+01 0.000E+00
2.076E+07 9.074E+02 7.287E-01 9.464E-02 7.850E-05 1.364E+03 1.000E+00 2.221E+01 0.000E+00
2.217E+07 9.074E+02 7.287E-01 9.464E-02 7.854E-05 1.355E+03 1.000E+00 2.221E+01 0.000E+00
2.536E+07 9.074E+02 7.287E-01 9.464E-02 7.861E-05 1.354E+03 1.000E+00 2.221E+01 0.000E+00
3.460E+07 9.074E+02 7.287E-01 9.464E-02 7.875E-05 1.354E+03 1.000E+00 2.221E+01 0.000E+00
1.107E+08 9.074E+02 7.287E-01 9.464E-02 7.900E-05 1.354E+03 1.000E+00 2.221E+01 0.000E+00
2.980E+07 9.250E+02 7.235E-01 9.464E-02 7.946E-05 1.348E+03 1.000E+00 2.221E+01 0.000E+00
1.968E+07 9.045E+02 7.295E-01 9.464E-02 8.031E-05 1.355E+03 1.000E+00 2.221E+01 0.000E+00
1.271E+07 7.482E+02 7.812E-01 9.464E-02 8.186E-05 1.435E+03 1.000E+00 2.221E+01 0.000E+00
1.704E+07 8.128E+02 7.586E-01 9.464E-02 8.471E-05 1.397E+03 1.000E+00 2.221E+01 0.000E+00
2.738E+06 2.630E+02 1.025E+00 9.464E-02 8.993E-05 3.207E+03 1.000E+00 2.221E+01 0.000E+00
6.007E+07 9.287E+02 7.224E-01 9.464E-02 9.949E-05 1.346E+03 1.000E+00 2.221E+01 0.000E+00
6.754E+06 4.132E+02 9.354E-01 9.464E-02 1.170E-04 1.936E+03 1.000E+00 2.221E+01 0.000E+00
4.775E+07 7.989E+02 7.634E-01 9.464E-02 1.492E-04 1.409E+03 1.000E+00 2.221E+01 0.000E+00
4.400E+06 3.282E+02 9.860E-01 9.464E-02 2.080E-04 2.364E+03 1.000E+00 2.221E+01 0.000E+00
4.310E+07 5.654E+02 8.570E-01 9.464E-02 3.160E-04 1.609E+03 1.000E+00 2.222E+01 0.000E+00
2.602E+07 7.646E+02 7.758E-01 9.464E-02 5.139E-04 1.430E+03 1.000E+00 2.222E+01 0.000E+00
1.037E+07 9.556E+02 7.153E-01 9.464E-02 8.766E-04 1.347E+03 1.000E+00 2.223E+01 0.000E+00
3.743E+07 8.949E+02 7.337E-01 9.464E-02 1.541E-03 1.377E+03 1.000E+00 2.225E+01 0.000E+00
2.883E+06 5.513E+02 8.676E-01 9.464E-02 2.760E-03 1.640E+03 1.000E+00 2.227E+01 0.000E+00
5.761E+06 8.952E+02 7.365E-01 9.464E-02 4.994E-03 1.427E+03 1.000E+00 2.232E+01 0.000E+00
1.227E+07 7.721E+02 7.727E-01 1.197E-01 7.850E-05 1.449E+03 1.000E+00 2.221E+01 0.000E+00
1.366E+07 7.721E+02 7.727E-01 1.197E-01 7.854E-05 1.455E+03 1.000E+00 2.221E+01 0.000E+00
1.729E+07 7.721E+02 7.727E-01 1.197E-01 7.861E-05 1.449E+03 1.000E+00 2.221E+01 0.000E+00
3.487E+07 7.721E+02 7.727E-01 1.197E-01 7.875E-05 1.450E+03 1.000E+00 2.221E+01 0.000E+00
1.530E+07 7.842E+02 7.684E-01 1.197E-01 7.900E-05 1.444E+03 1.000E+00 2.221E+01 0.000E+00
3.420E+07 7.617E+02 7.764E-01 1.197E-01 7.946E-05 1.455E+03 1.000E+00 2.221E+01 0.000E+00
2.551E+07 7.284E+02 7.886E-01 1.197E-01 8.031E-05 1.476E+03 1.000E+00 2.221E+01 0.000E+00
7.630E+08 5.730E+02 8.532E-01 1.197E-01 8.186E-05 1.621E+03 1.000E+00 2.221E+01 0.000E+00
3.486E+07 9.501E+02 7.162E-01 1.197E-01 8.471E-05 1.376E+03 1.000E+00 2.221E+01 0.000E+00
3.477E+07 9.357E+02 7.204E-01 1.197E-01 8.993E-05 1.380E+03 1.000E+00 2.221E+01 0.000E+00
6.528E+06 5.425E+02 8.676E-01 1.197E-01 9.949E-05 1.664E+03 1.000E+00 2.221E+01 0.000E+00
6.044E+06 3.397E+02 9.790E-01 1.197E-01 1.170E-04 2.300E+03 1.000E+00 2.221E+01 0.000E+00
1.760E+07 8.643E+02 7.420E-01 1.197E-01 1.492E-04 1.408E+03 1.000E+00 2.221E+01 0.000E+00
1.213E+08 4.970E+02 8.904E-01 1.197E-01 2.080E-04 1.742E+03 1.000E+00 2.222E+01 0.000E+00
2.100E+07 7.471E+02 7.819E-01 1.197E-01 3.160E-04 1.467E+03 1.000E+00 2.222E+01 0.000E+00
6.841E+06 3.270E+02 9.880E-01 1.197E-01 5.139E-04 2.380E+03 1.000E+00 2.222E+01 0.000E+00
3.274E+06 2.473E+02 1.038E+00 1.197E-01 8.766E-04 3.544E+03 1.000E+00 2.223E+01 0.000E+00
7.178E+06 7.652E+02 7.767E-01 1.197E-01 1.541E-03 1.471E+03 1.000E+00 2.225E+01 0.000E+00
9.000E+06 5.136E+02 8.865E-01 1.197E-01 2.760E-03 1.724E+03 1.000E+00 2.227E+01 0.000E+00
4.714E+07 7.881E+02 7.720E-01 1.197E-01 4.994E-03 1.520E+03 1.000E+00 2.233E+01 0.000E+00
1.129E+07 7.531E+02 7.795E-01 1.514E-01 7.850E-05 1.506E+03 1.000E+00 2.221E+01 0.000E+00
1.257E+07 7.531E+02 7.795E-01 1.514E-01 7.854E-05 1.504E+03 1.000E+00 2.221E+01 0.000E+00
1.595E+07 7.531E+02 7.795E-01 1.514E-01 7.861E-05 1.504E+03 1.000E+00 2.221E+01 0.000E+00
3.250E+07 7.531E+02 7.795E-01 1.514E-01 7.875E-05 1.504E+03 1.000E+00 2.221E+01 0.000E+00
9.317E+06 7.534E+02 7.794E-01 1.514E-01 7.900E-05 1.508E+03 1.000E+00 2.221E+01 0.000E+00
6.746E+08 7.534E+02 7.794E-01 1.514E-01 7.946E-05 1.504E+03 1.000E+00 2.221E+01 0.000E+00
6.314E+06 5.821E+02 8.491E-01 1.514E-01 8.031E-05 1.644E+03 1.000E+00 2.221E+01 0.000E+00
1.219E+08 3.872E+02 9.507E-01 1.514E-01 8.186E-05 2.076E+03 1.000E+00 2.221E+01 0.000E+00
1.178E+08 8.894E+02 7.342E-01 1.514E-01 8.471E-05 1.451E+03 1.000E+00 2.221E+01 0.000E+00
1.391E+08 6.954E+02 8.012E-01 1.514E-01 8.993E-05 1.540E+03 1.000E+00 2.221E+01 0.000E+00
6.304E+07 8.302E+02 7.529E-01 1.514E-01 9.949E-05 1.470E+03 1.000E+00 2.221E+01 0.000E+00
6.723E+06 8.262E+02 7.543E-01 1.514E-01 1.170E-04 1.472E+03 1.000E+00 2.221E+01 0.000E+00
1.614E+09 9.081E+02 7.286E-01 1.514E-01 1.492E-04 1.448E+03 1.000E+00 2.221E+01 0.000E+00
8.706E+07 4.841E+02 8.972E-01 1.514E-01 2.080E-04 1.797E+03 1.000E+00 2.222E+01 0.000E+00
2.205E+08 6.036E+02 8.398E-01 1.514E-01 3.160E-04 1.622E+03 1.000E+00 2.222E+01 0.000E+00
9.682E+06 3.679E+02 9.633E-01 1.514E-01 5.139E-04 2.159E+03 1.000E+00 2.222E+01 0.000E+00
1.613E+07 8.632E+02 7.430E-01 1.514E-01 8.766E-04 1.477E+03 1.000E+00 2.223E+01 0.000E+00
9.617E+07 4.210E+02 9.346E-01 1.514E-01 1.541E-03 2.121E+03 1.000E+00 2.225E+01 0.000E+00
6.329E+06 7.730E+02 7.752E-01 1.514E-01 2.760E-03 1.554E+03 1.000E+00 2.227E+01 0.000E+00
2.001E+07 9.073E+02 7.328E-01 1.514E-01 4.994E-03 1.610E+03 1.000E+00 2.233E+01 0.000E+00
1.583E+08 8.813E+02 7.367E-01 1.915E-01 7.850E-05 1.554E+03 1.000E+00 2.221E+01 0.000E+00
4.969E+08 8.813E+02 7.367E-01 1.915E-01 7.854E-05 1.554E+03 1.000E+00 2.221E+01 0.000E+00
9.299E+07 8.902E+02 7.340E-01 1.915E-01 7.861E-05 1.553E+03 1.000E+00 2.221E+01 0.000E+00
5.823E+07 3.672E+02 9.629E-01 1.915E-01 7.875E-05 2.207E+03 1.000E+00 2.221E+01 0.000E+00
9.349E+06 8.753E+02 7.386E-01 1.915E-01 7.900E-05 1.554E+03 1.000E+00 2.221E+01 0.000E+00
1.604E+07 8.753E+02 7.386E-01 1.915E-01 7.946E-05 1.554E+03 1.000E+00 2.221E+01 0.000E+00
7.064E+09 2.602E+02 1.028E+00 1.915E-01 8.031E-05 3.296E+03 1.000E+00 2.221E+01 0.000E+00
1.742E+07 4.699E+02 9.046E-01 1.915E-01 8.186E-05 1.871E+03 1.000E+00 2.221E+01 0.000E+00
1.576E+07 8.412E+02 7.494E-01 1.915E-01 8.471E-05 1.559E+03 1.000E+00 2.221E+01 0.000E+00
1.950E+08 8.548E+02 7.450E-01 1.915E-01 8.993E-05 1.557E+03 1.000E+00 2.221E+01 0.000E+00
5.392E+07 5.701E+02 8.548E-01 1.915E-01 9.949E-05 1.712E+03 1.000E+00 2.221E+01 0.000E+00
1.183E+08 8.988E+02 7.314E-01 1.915E-01 1.170E-04 1.555E+03 1.000E+00 2.221E+01 0.000E+00
4.799E+07 6.661E+02 8.131E-01 1.915E-01 1.492E-04 1.627E+03 1.000E+00 2.222E+01 0.000E+00
5.323E+06 5.342E+02 8.720E-01 1.915E-01 2.080E-04 1.760E+03 1.000E+00 2.222E+01 0.000E+00
1.967E+07 3.496E+02 9.742E-01 1.915E-01 3.160E-04 2.290E+03 1.000E+00 2.222E+01 0.000E+00
2.530E+07 7.137E+02 7.947E-01 1.915E-01 5.139E-04 1.610E+03 1.000E+00 2.222E+01 0.000E+00
5.625E+06 3.840E+02 9.549E-01 1.915E-01 8.766E-04 2.125E+03 1.000E+00 2.223E+01 0.000E+00
1.412E+07 6.780E+02 8.100E-01 1.915E-01 1.541E-03 1.657E+03 1.000E+00 2.225E+01 0.000E+00
3.551E+07 7.725E+02 7.754E-01 1.915E-01 2.760E-03 1.677E+03 1.000E+00 2.228E+01 0.000E+00
1.056E+07 8.702E+02 7.445E-01 1.915E-01 4.994E-03 1.884E+03 1.000E+00 2.233E+01 0.000E+00
1.279E+07 5.628E+02 8.583E-01 2.422E-01 7.850E-05 1.835E+03 1.000E+00 2.222E+01 0.000E+00
1.704E+07 5.628E+02 8.583E-01 2.422E-01 7.854E-05 1.814E+03 1.000E+00 2.222E+01 0.000E+00
4.545E+07 5.628E+02 8.583E-01 2.422E-01 7.861E-05 1.830E+03 1.000E+00 2.222E+01 0.000E+00
8.795E+07 8.220E+02 7.557E-01 2.422E-01 7.875E-05 1.770E+03 1.000E+00 2.222E+01 0.000E+00
9.340E+06 2.758E+02 1.019E+00 2.422E-01 7.900E-05 3.024E+03 1.000E+00 2.222E+01 0.000E+00
1.074E+07 2.904E+02 1.010E+00 2.422E-01 7.946E-05 2.820E+03 1.000E+00 2.222E+01 0.000E+00
7.700E+06 2.667E+02 1.025E+00 2.422E-01 8.031E-05 3.169E+03 1.000E+00 2.222E+01 0.000E+00
9.824E+06 2.421E+02 1.039E+00 2.422E-01 8.186E-05 3.788E+03 1.000E+00 2.222E+01 0.000E+00
5.208E+06 9.735E+02 7.098E-01 2.422E-01 8.471E-05 1.982E+03 1.000E+00 2.222E+01 0.000E+00
9.657E+06 2.845E+02 1.014E+00 2.422E-01 8.993E-05 2.894E+03 1.000E+00 2.222E+01 0.000E+00
1.190E+07 5.841E+02 8.484E-01 2.422E-01 9.949E-05 1.795E+03 1.000E+00 2.222E+01 0.000E+00
4.125E+07 7.262E+02 7.896E-01 2.422E-01 1.170E-04 1.744E+03 1.000E+00 2.222E+01 0.000E+00
1.473E+08 7.978E+02 7.640E-01 2.422E-01 1.492E-04 1.763E+03 1.000E+00 2.222E+01 0.000E+00
4.074E+07 9.605E+02 7.135E-01 2.422E-01 2.080E-04 1.976E+03 1.000E+00 2.222E+01 0.000E+00
9.036E+06 3.250E+02 9.897E-01 2.422E-01 3.160E-04 2.497E+03 1.000E+00 2.222E+01 0.000E+00
9.602E+06 5.879E+02 8.473E-01 2.422E-01 5.139E-04 1.806E+03 1.000E+00 2.223E+01 0.000E+00
5.934E+07 4.600E+02 9.117E-01 2.422E-01 8.766E-04 1.978E+03 1.000E+00 2.223E+01 0.000E+00
1.155E+08 5.932E+02 8.464E-01 2.422E-01 1.541E-03 1.845E+03 1.000E+00 2.225E+01 0.000E+00
9.853E+06 3.199E+02 1.001E+00 2.422E-01 2.760E-03 2.519E+03 1.000E+00 2.228E+01 0.000E+00
4.127E+07 4.842E+02 9.066E-01 2.422E-01 4.994E-03 2.083E+03 1.000E+00 2.233E+01 0.000E+00
1.163E+08 6.037E+02 8.398E-01 3.064E-01 7.850E-05 2.131E+03 1.000E+00 2.222E+01 0.000E+00
6.075E+06 5.931E+02 8.445E-01 3.064E-01 7.854E-05 2.026E+03 1.000E+00 2.222E+01 0.000E+00
7.415E+06 5.931E+02 8.445E-01 3.064E-01 7.861E-05 2.026E+03 1.000E+00 2.222E+01 0.000E+00
1.283E+07 5.931E+02 8.445E-01 3.064E-01 7.875E-05 2.026E+03 1.000E+00 2.222E+01 0.000E+00
7.900E+06 6.697E+02 8.117E-01 3.064E-01 7.900E-05 2.118E+03 1.000E+00 2.222E+01 0.000E+00
4.246E+07 4.408E+02 9.209E-01 3.064E-01 7.946E-05 2.131E+03 1.000E+00 2.222E+01 0.000E+00
7.547E+06 3.839E+02 9.537E-01 3.064E-01 8.031E-05 2.284E+03 1.000E+00 2.222E+01 0.000E+00
7.886E+08 7.552E+02 7.790E-01 3.064E-01 8.186E-05 2.499E+03 1.000E+00 2.222E+01 0.000E+00
8.990E+07 7.443E+02 7.830E-01 3.064E-01 8.471E-05 2.416E+03 1.000E+00 2.222E+01 0.000E+00
2.964E+07 3.917E+02 9.491E-01 3.064E-01 8.993E-05 2.257E+03 1.000E+00 2.222E+01 0.000E+00
6.540E+06 3.990E+02 9.448E-01 3.064E-01 9.949E-05 2.235E+03 1.000E+00 2.222E+01 0.000E+00
4.440E+07 3.443E+02 9.778E-01 3.064E-01 1.170E-04 2.459E+03 1.000E+00 2.222E+01 0.000E+00
2.059E+07 2.412E+02 1.041E+00 3.064E-01 1.492E-04 3.813E+03 1.000E+00 2.222E+01 0.000E+00
2.810E+07 2.440E+02 1.040E+00 3.064E-01 2.080E-04 3.720E+03 1.000E+00 2.222E+01 0.000E+00
1.903E+09 5.171E+02 8.811E-01 3.064E-01 3.160E-04 2.049E+03 1.000E+00 2.222E+01 0.000E+00
2.971E+06 3.409E+02 9.811E-01 3.064E-01 5.139E-04 2.482E+03 1.000E+00 2.223E+01 0.000E+00
9.862E+07 4.258E+02 9.311E-01 3.064E-01 8.766E-04 2.192E+03 1.000E+00 2.223E+01 0.000E+00
7.929E+06 3.683E+02 9.670E-01 3.064E-01 1.541E-03 2.376E+03 1.000E+00 2.225E+01 0.000E+00
1.361E+07 4.883E+02 9.004E-01 3.064E-01 2.760E-03 2.256E+03 1.000E+00 2.228E+01 0.000E+00
1.271E+07 3.374E+02 9.967E-01 3.064E-01 4.994E-03 2.625E+03 1.000E+00 2.233E+01 0.000E+00
8.660E+06 5.485E+02 8.655E-01 3.875E-01 7.850E-05 3.061E+03 1.000E+00 2.222E+01 0.000E+00
1.041E+07 5.485E+02 8.655E-01 3.875E-01 7.854E-05 3.060E+03 1.000E+00 2.222E+01 0.000E+00
1.680E+07 5.485E+02 8.655E-01 3.875E-01 7.861E-05 3.060E+03 1.000E+00 2.222E+01 0.000E+00
5.447E+06 5.522E+02 8.637E-01 3.875E-01 7.875E-05 3.136E+03 1.000E+00 2.222E+01 0.000E+00
1.486E+07 5.522E+02 8.637E-01 3.875E-01 7.900E-05 3.136E+03 1.000E+00 2.222E+01 0.000E+00
4.689E+06 4.070E+02 9.406E-01 3.875E-01 7.946E-05 2.467E+03 1.000E+00 2.222E+01 0.000E+00
6.865E+06 5.305E+02 8.743E-01 3.875E-01 8.031E-05 2.806E+03 1.000E+00 2.222E+01 0.000E+00
1.152E+07 5.101E+02 8.845E-01 3.875E-01 8.186E-05 2.642E+03 1.000E+00 2.222E+01 0.000E+00
7.391E+06 4.133E+02 9.370E-01 3.875E-01 8.471E-05 2.462E+03 1.000E+00 2.222E+01 0.000E+00
4.585E+06 5.307E+02 8.742E-01 3.875E-01 8.993E-05 2.813E+03 1.000E+00 2.222E+01 0.000E+00
2.200E+06 2.053E+02 1.063E+00 3.875E-01 9.949E-05 5.702E+03 1.000E+00 2.222E+01 0.000E+00
3.468E+06 3.278E+02 9.888E-01 3.875E-01 1.170E-04 2.719E+03 1.000E+00 2.222E+01 0.000E+00
6.451E+06 4.141E+02 9.366E-01 3.875E-01 1.492E-04 2.467E+03 1.000E+00 2.222E+01 0.000E+00
1.352E+07 5.295E+02 8.750E-01 3.875E-01 2.080E-04 2.866E+03 1.000E+00 2.222E+01 0.000E+00
1.590E+08 5.071E+02 8.864E-01 3.875E-01 3.160E-04 2.708E+03 1.000E+00 2.222E+01 0.000E+00
3.078E+06 4.804E+02 9.006E-01 3.875E-01 5.139E-04 2.620E+03 1.000E+00 2.223E+01 0.000E+00
4.073E+06 4.241E+02 9.325E-01 3.875E-01 8.766E-04 2.557E+03 1.000E+00 2.224E+01 0.000E+00
1.369E+07 3.738E+02 9.642E-01 3.875E-01 1.541E-03 2.654E+03 1.000E+00 2.225E+01 0.000E+00
5.809E+06 4.130E+02 9.434E-01 3.875E-01 2.760E-03 3.035E+03 1.000E+00 2.228E+01 0.000E+00
4.606E+06 3.694E+02 9.762E-01 3.875E-01 4.994E-03 3.548E+03 1.000E+00 2.233E+01 0.000E+00
4.923E+07 3.729E+02 9.616E-01 4.902E-01 7.850E-05 3.461E+03 1.000E+00 2.222E+01 0.000E+00
5.782E+06 3.775E+02 9.588E-01 4.902E-01 7.854E-05 3.598E+03 1.000E+00 2.222E+01 0.000E+00
8.163E+06 3.775E+02 9.588E-01 4.902E-01 7.861E-05 3.542E+03 1.000E+00 2.222E+01 0.000E+00
3.834E+07 3.775E+02 9.588E-01 4.902E-01 7.875E-05 3.541E+03 1.000E+00 2.222E+01 0.000E+00
1.406E+07 3.696E+02 9.636E-01 4.902E-01 7.900E-05 3.415E+03 1.000E+00 2.222E+01 0.000E+00
5.904E+07 2.102E+02 1.063E+00 4.902E-01 7.946E-05 5.426E+03 1.000E+00 2.222E+01 0.000E+00
1.789E+06 2.172E+02 1.059E+00 4.902E-01 8.031E-05 4.945E+03 1.000E+00 2.222E+01 0.000E+00
1.173E+06 2.535E+02 1.037E+00 4.902E-01 8.186E-05 3.763E+03 1.000E+00 2.222E+01 0.000E+00
4.701E+06 2.803E+02 1.020E+00 4.902E-01 8.471E-05 3.412E+03 1.000E+00 2.222E+01 0.000E+00
2.008E+06 2.775E+02 1.022E+00 4.902E-01 8.993E-05 3.440E+03 1.000E+00 2.222E+01 0.000E+00
5.892E+06 3.329E+02 9.865E-01 4.902E-01 9.949E-05 3.205E+03 1.000E+00 2.222E+01 0.000E+00
5.393E+06 3.739E+02 9.611E-01 4.902E-01 1.170E-04 3.509E+03 1.000E+00 2.222E+01 0.000E+00
3.164E+07 2.205E+02 1.057E+00 4.902E-01 1.492E-04 4.745E+03 1.000E+00 2.222E+01 0.000E+00
3.611E+07 2.070E+02 1.065E+00 4.902E-01 2.080E-04 5.665E+03 1.000E+00 2.222E+01 0.000E+00
1.088E+07 3.513E+02 9.755E-01 4.902E-01 3.160E-04 3.343E+03 1.000E+00 2.223E+01 0.000E+00
1.658E+07 3.099E+02 1.002E+00 4.902E-01 5.139E-04 3.302E+03 1.000E+00 2.223E+01 0.000E+00
5.692E+06 3.241E+02 9.945E-01 4.902E-01 8.766E-04 3.395E+03 1.000E+00 2.224E+01 0.000E+00
2.811E+06 2.677E+02 1.034E+00 4.902E-01 1.541E-03 3.669E+03 1.000E+00 2.225E+01 0.000E+00
1.133E+07 2.483E+02 1.052E+00 4.902E-01 2.760E-03 4.025E+03 1.000E+00 2.228E+01 0.000E+00
4.229E+06 2.504E+02 1.060E+00 4.902E-01 4.994E-03 4.854E+03 1.000E+00 2.233E+01 0.000E+00
4.932E+06 2.204E+02 1.060E+00 6.200E-01 7.850E-05 5.202E+03 1.000E+00 2.222E+01 0.000E+00
5.310E+06 2.204E+02 1.060E+00 6.200E-01 7.854E-05 5.202E+03 1.000E+00 2.222E+01 0.000E+00
6.191E+06 2.204E+02 1.060E+00 6.200E-01 7.861E-05 5.202E+03 1.000E+00 2.222E+01 0.000E+00
6.556E+06 2.668E+02 1.030E+00 6.200E-01 7.875E-05 5.139E+03 1.000E+00 2.222E+01 0.000E+00
3.499E+06 2.638E+02 1.032E+00 6.200E-01 7.900E-05 5.027E+03 1.000E+00 2.222E+01 0.000E+00
3.912E+06 2.612E+02 1.034E+00 6.200E-01 7.946E-05 4.953E+03 1.000E+00 2.222E+01 0.000E+00
8.679E+06 2.258E+02 1.056E+00 6.200E-01 8.031E-05 5.049E+03 1.000E+00 2.222E+01 0.000E+00
6.122E+06 2.228E+02 1.058E+00 6.200E-01 8.186E-05 5.128E+03 1.000E+00 2.222E+01 0.000E+00
2.550E+07 2.295E+02 1.054E+00 6.200E-01 8.471E-05 4.970E+03 1.000E+00 2.222E+01 0.000E+00
3.131E+06 2.212E+02 1.059E+00 6.200E-01 8.993E-05 5.180E+03 1.000E+00 2.222E+01 0.000E+00
1.341E+06 2.622E+02 1.033E+00 6.200E-01 9.949E-05 5.001E+03 1.000E+00 2.222E+01 0.000E+00
1.808E+06 2.221E+02 1.059E+00 6.200E-01 1.170E-04 5.156E+03 1.000E+00 2.222E+01 0.000E+00
4.902E+06 2.435E+02 1.046E+00 6.200E-01 1.492E-04 4.849E+03 1.000E+00 2.223E+01 0.000E+00
1.556E+06 2.433E+02 1.046E+00 6.200E-01 2.080E-04 4.863E+03 1.000E+00 2.223E+01 0.000E+00
2.978E+07 2.189E+02 1.062E+00 6.200E-01 3.160E-04 5.290E+03 1.000E+00 2.223E+01 0.000E+00
7.724E+06 2.459E+02 1.046E+00 6.200E-01 5.139E-04 5.054E+03 1.000E+00 2.223E+01 0.000E+00
8.049E+06 2.328E+02 1.056E+00 6.200E-01 8.766E-04 5.224E+03 1.000E+00 2.224E+01 0.000E+00
1.003E+07 2.288E+02 1.061E+00 6.200E-01 1.541E-03 5.698E+03 1.000E+00 2.226E+01 0.000E+00
1.550E+07 2.095E+02 1.080E+00 6.200E-01 2.760E-03 6.732E+03 1.000E+00 2.229E+01 0.000E+00
NAN NAN NAN 6.200E-01 4.994E-03 NAN 1.000E+00 2.234E+01 0.000E+00
NAN NAN NAN 7.842E-01 7.850E-05 NAN 1.000E+00 2.223E+01 0.000E+00
NAN NAN NAN 7.842E-01 7.854E-05 NAN 1.000E+00 2.223E+01 0.000E+00
NAN NAN NAN 7.842E-01 7.861E-05 NAN 1.000E+00 2.223E+01 0.000E+00
NAN NAN NAN 7.842E-01 7.875E-05 NAN 1.000E+00 2.223E+01 0.000E+00
NAN NAN NAN 7.842E-01 7.900E-05 NAN 1.000E+00 2.223E+01 0.000E+00
NAN NAN NAN 7.842E-01 7.946E-05 NAN 1.000E+00 2.223E+01 0.000E+00
NAN NAN NAN 7.842E-01 8.031E-05 NAN 1.000E+00 2.223E+01 0.000E+00
NAN NAN NAN 7.842E-01 8.186E-05 NAN 1.000E+00 2.223E+01 0.000E+00
NAN NAN NAN 7.842E-01 8.471E-05 NAN 1.000E+00 2.223E+01 0.000E+00
NAN NAN NAN 7.842E-01 8.993E-05 NAN 1.000E+00 2.223E+01 0.000E+00
NAN NAN NAN 7.842E-01 9.949E-05 NAN 1.000E+00 2.223E+01 0.000E+00
NAN NAN NAN 7.842E-01 1.170E-04 NAN 1.000E+00 2.223E+01 0.000E+00
NAN NAN NAN 7.842E-01 1.492E-04 NAN 1.000E+00 2.223E+01 0.000E+00
NAN NAN NAN 7.842E-01 2.080E-04 NAN 1.000E+00 2.223E+01 0.000E+00
NAN NAN NAN 7.842E-01 3.160E-04 NAN 1.000E+00 2.223E+01 0.000E+00
NAN NAN NAN 7.842E-01 5.139E-04 NAN 1.000E+00 2.224E+01 0.000E+00
NAN NAN NAN 7.842E-01 8.766E-04 NAN 1.000E+00 2.225E+01 0.000E+00
NAN NAN NAN 7.842E-01 1.541E-03 NAN 1.000E+00 2.226E+01 0.000E+00
NAN NAN NAN 7.842E-01 2.760E-03 NAN 1.000E+00 2.229E+01 0.000E+00
NAN NAN NAN 7.842E-01 4.994E-03 NAN 1.000E+00 2.234E+01 0.000E+00
NAN NAN NAN 9.919E-01 7.850E-05 NAN 1.000E+00 2.223E+01 0.000E+00
NAN NAN NAN 9.919E-01 7.854E-05 NAN 1.000E+00 2.223E+01 0.000E+00
NAN NAN NAN 9.919E-01 7.861E-05 NAN 1.000E+00 2.223E+01 0.000E+00
NAN NAN NAN 9.919E-01 7.875E-05 NAN 1.000E+00 2.223E+01 0.000E+00
NAN NAN NAN 9.919E-01 7.900E-05 NAN 1.000E+00 2.223E+01 0.000E+00
NAN NAN NAN 9.919E-01 7.946E-05 NAN 1.000E+00 2.223E+01 0.000E+00
NAN NAN NAN 9.919E-01 8.031E-05 NAN 1.000E+00 2.223E+01 0.000E+00
NAN NAN NAN 9.919E-01 8.186E-05 NAN 1.000E+00 2.223E+01 0.000E+00
NAN NAN NAN 9.919E-01 8.471E-05 NAN 1.000E+00 2.223E+01 0.000E+00
NAN NAN NAN 9.919E-01 8.993E-05 NAN 1.000E+00 2.223E+01 0.000E+00
NAN NAN NAN 9.919E-01 9.949E-05 NAN 1.000E+00 2.223E+01 0.000E+00
NAN NAN NAN 9.919E-01 1.170E-04 NAN 1.000E+00 2.223E+01 0.000E+00
NAN NAN NAN 9.919E-01 1.492E-04 NAN 1.000E+00 2.223E+01 0.000E+00
NAN NAN NAN 9.919E-01 2.080E-04 NAN 1.000E+00 2.224E+01 0.000E+00
NAN NAN NAN 9.919E-01 3.160E-04 NAN 1.000E+00 2.224E+01 0.000E+00
NAN NAN NAN 9.919E-01 5.139E-04 NAN 1.000E+00 2.224E+01 0.000E+00
NAN NAN NAN 9.919E-01 8.766E-04 NAN 1.000E+00 2.225E+01 0.000E+00
NAN NAN NAN 9.919E-01 1.541E-03 NAN 1.000E+00 2.227E+01 0.000E+00
NAN NAN NAN 9.919E-01 2.760E-03 NAN 1.000E+00 2.229E+01 0.000E+00
NAN NAN NAN 9.919E-01 4.994E-03 NAN 1.000E+00 2.235E+01 0.000E+00
NAN NAN NAN 1.255E+00 7.850E-05 NAN 1.000E+00 2.224E+01 0.000E+00
NAN NAN NAN 1.255E+00 7.854E-05 NAN 1.000E+00 2.224E+01 0.000E+00
NAN NAN NAN 1.255E+00 7.861E-05 NAN 1.000E+00 2.224E+01 0.000E+00
NAN NAN NAN 1.255E+00 7.875E-05 NAN 1.000E+00 2.224E+01 0.000E+00
NAN NAN NAN 1.255E+00 7.900E-05 NAN 1.000E+00 2.224E+01 0.000E+00
NAN NAN NAN 1.255E+00 7.946E-05 NAN 1.000E+00 2.224E+01 0.000E+00
NAN NAN NAN 1.255E+00 8.031E-05 NAN 1.000E+00 2.224E+01 0.000E+00
NAN NAN NAN 1.255E+00 8.186E-05 NAN 1.000E+00 2.224E+01 0.000E+00
NAN NAN NAN 1.255E+00 8.471E-05 NAN 1.000E+00 2.224E+01 0.000E+00
NAN NAN NAN 1.255E+00 8.993E-05 NAN 1.000E+00 2.224E+01 0.000E+00
NAN NAN NAN 1.255E+00 9.949E-05 NAN 1.000E+00 2.224E+01 0.000E+00
NAN NAN NAN 1.255E+00 1.170E-04 NAN 1.000E+00 2.224E+01 0.000E+00
NAN NAN NAN 1.255E+00 1.492E-04 NAN 1.000E+00 2.224E+01 0.000E+00
NAN NAN NAN 1.255E+00 2.080E-04 NAN 1.000E+00 2.224E+01 0.000E+00
NAN NAN NAN 1.255E+00 3.160E-04 NAN 1.000E+00 2.224E+01 0.000E+00
NAN NAN NAN 1.255E+00 5.139E-04 NAN 1.000E+00 2.225E+01 0.000E+00
NAN NAN NAN 1.255E+00 8.766E-04 NAN 1.000E+00 2.226E+01 0.000E+00
NAN NAN NAN 1.255E+00 1.541E-03 NAN 1.000E+00 2.227E+01 0.000E+00
NAN NAN NAN 1.255E+00 2.760E-03 NAN 1.000E+00 2.230E+01 0.000E+00
NAN NAN NAN 1.255E+00 4.994E-03 NAN 1.000E+00 2.235E+01 0.000E+00
NAN NAN NAN 1.587E+00 7.850E-05 NAN 1.000E+00 2.225E+01 3.000E+00
NAN NAN NAN 1.587E+00 7.854E-05 NAN 1.000E+00 2.225E+01 3.000E+00
NAN NAN NAN 1.587E+00 7.861E-05 NAN 1.000E+00 2.225E+01 3.000E+00
NAN NAN NAN 1.587E+00 7.875E-05 NAN 1.000E+00 2.225E+01 3.000E+00
NAN NAN NAN 1.587E+00 7.900E-05 NAN 1.000E+00 2.225E+01 3.000E+00
NAN NAN NAN 1.587E+00 7.946E-05 NAN 1.000E+00 2.225E+01 3.000E+00
NAN NAN NAN 1.587E+00 8.031E-05 NAN 1.000E+00 2.225E+01 3.000E+00
NAN NAN NAN 1.587E+00 8.186E-05 NAN 1.000E+00 2.225E+01 3.000E+00
NAN NAN NAN 1.587E+00 8.471E-05 NAN 1.000E+00 2.225E+01 3.000E+00
NAN NAN NAN 1.587E+00 8.993E-05 NAN 1.000E+00 2.225E+01 3.000E+00
NAN NAN NAN 1.587E+00 9.949E-05 NAN 1.000E+00 2.225E+01 3.000E+00
NAN NAN NAN 1.587E+00 1.170E-04 NAN 1.000E+00 2.225E+01 3.000E+00
NAN NAN NAN 1.587E+00 1.492E-04 NAN 1.000E+00 2.225E+01 3.000E+00
NAN NAN NAN 1.587E+00 2.080E-04 NAN 1.000E+00 2.225E+01 3.000E+00
NAN NAN NAN 1.587E+00 3.160E-04 NAN 1.000E+00 2.225E+01 3.000E+00
NAN NAN NAN 1.587E+00 5.139E-04 NAN 1.000E+00 2.226E+01 3.000E+00
NAN NAN NAN 1.587E+00 8.766E-04 NAN 1.000E+00 2.226E+01 3.000E+00
NAN NAN NAN 1.587E+00 1.541E-03 NAN 1.000E+00 2.228E+01 3.000E+00
NAN NAN NAN 1.587E+00 2.760E-03 NAN 1.000E+00 2.231E+01 3.000E+00
NAN NAN NAN 1.587E+00 4.994E-03 NAN 1.000E+00 2.236E+01 3.000E+00
NAN NAN NAN 2.007E+00 7.850E-05 NAN 1.000E+00 2.226E+01 3.000E+00
NAN NAN NAN 2.007E+00 7.854E-05 NAN 1.000E+00 2.226E+01 3.000E+00
NAN NAN NAN 2.007E+00 7.861E-05 NAN 1.000E+00 2.226E+01 3.000E+00
NAN NAN NAN 2.007E+00 7.875E-05 NAN 1.000E+00 2.226E+01 3.000E+00
NAN NAN NAN 2.007E+00 7.900E-05 NAN 1.000E+00 2.226E+01 3.000E+00
NAN NAN NAN 2.007E+00 7.946E-05 NAN 1.000E+00 2.226E+01 3.000E+00
NAN NAN NAN 2.007E+00 8.031E-05 NAN 1.000E+00 2.226E+01 3.000E+00
NAN NAN NAN 2.007E+00 8.186E-05 NAN 1.000E+00 2.226E+01 3.000E+00
NAN NAN NAN 2.007E+00 8.471E-05 NAN 1.000E+00 2.226E+01 3.000E+00
NAN NAN NAN 2.007E+00 8.993E-05 NAN 1.000E+00 2.226E+01 3.000E+00
NAN NAN NAN 2.007E+00 9.949E-05 NAN 1.000E+00 2.226E+01 3.000E+00
NAN NAN NAN 2.007E+00 1.170E-04 NAN 1.000E+00 2.226E+01 3.000E+00
NAN NAN NAN 2.007E+00 1.492E-04 NAN 1.000E+00 2.226E+01 3.000E+00
NAN NAN NAN 2.007E+00 2.080E-04 NAN 1.000E+00 2.226E+01 3.000E+00
NAN NAN NAN 2.007E+00 3.160E-04 NAN 1.000E+00 2.226E+01 3.000E+00
NAN NAN NAN 2.007E+00 5.139E-04 NAN 1.000E+00 2.227E+01 3.000E+00
NAN NAN NAN 2.007E+00 8.766E-04 NAN 1.000E+00 2.227E+01 3.000E+00
NAN NAN NAN 2.007E+00 1.541E-03 NAN 1.000E+00 2.229E+01 3.000E+00
NAN NAN NAN 2.007E+00 2.760E-03 NAN 1.000E+00 2.232E+01 3.000E+00
NAN NAN NAN 2.007E+00 4.994E-03 NAN 1.000E+00 2.237E+01 3.000E+00
NAN NAN NAN 2.539E+00 7.850E-05 NAN 1.000E+00 2.227E+01 3.000E+00
NAN NAN NAN 2.539E+00 7.854E-05 NAN 1.000E+00 2.227E+01 3.000E+00
NAN NAN NAN 2.539E+00 7.861E-05 NAN 1.000E+00 2.227E+01 3.000E+00
NAN NAN NAN 2.539E+00 7.875E-05 NAN 1.000E+00 2.227E+01 3.000E+00
NAN NAN NAN 2.539E+00 7.900E-05 NAN 1.000E+00 2.227E+01 3.000E+00
NAN NAN NAN 2.539E+00 7.946E-05 NAN 1.000E+00 2.227E+01 3.000E+00
NAN NAN NAN 2.539E+00 8.031E-05 NAN 1.000E+00 2.227E+01 3.000E+00
NAN NAN NAN 2.539E+00 8.186E-05 NAN 1.000E+00 2.227E+01 3.000E+00
NAN NAN NAN 2.539E+00 8.471E-05 NAN 1.000E+00 2.227E+01 3.000E+00
NAN NAN NAN 2.539E+00 8.993E-05 NAN 1.000E+00 2.227E+01 3.000E+00
NAN NAN NAN 2.539E+00 9.949E-05 NAN 1.000E+00 2.227E+01 3.000E+00
NAN NAN NAN 2.539E+00 1.170E-04 NAN 1.000E+00 2.227E+01 3.000E+00
NAN NAN NAN 2.539E+00 1.492E-04 NAN 1.000E+00 2.227E+01 3.000E+00
NAN NAN NAN 2.539E+00 2.080E-04 NAN 1.000E+00 2.227E+01 3.000E+00
NAN NAN NAN 2.539E+00 3.160E-04 NAN 1.000E+00 2.227E+01 3.000E+00
NAN NAN NAN 2.539E+00 5.139E-04 NAN 1.000E+00 2.228E+01 3.000E+00
NAN NAN NAN 2.539E+00 8.766E-04 NAN 1.000E+00 2.229E+01 3.000E+00
NAN NAN NAN 2.539E+00 1.541E-03 NAN 1.000E+00 2.230E+01 3.000E+00
NAN NAN NAN 2.539E+00 2.760E-03 NAN 1.000E+00 2.233E+01 3.000E+00
NAN NAN NAN 2.539E+00 4.994E-03 NAN 1.000E+00 2.238E+01 3.000E+00
NAN NAN NAN 3.211E+00 7.850E-05 NAN 1.000E+00 2.228E+01 3.000E+00
NAN NAN NAN 3.211E+00 7.854E-05 NAN 1.000E+00 2.228E+01 3.000E+00
NAN NAN NAN 3.211E+00 7.861E-05 NAN 1.000E+00 2.228E+01 3.000E+00
NAN NAN NAN 3.211E+00 7.875E-05 NAN 1.000E+00 2.228E+01 3.000E+00
NAN NAN NAN 3.211E+00 7.900E-05 NAN 1.000E+00 2.228E+01 3.000E+00
NAN NAN NAN 3.211E+00 7.946E-05 NAN 1.000E+00 2.228E+01 3.000E+00
NAN NAN NAN 3.211E+00 8.031E-05 NAN 1.000E+00 2.228E+01 3.000E+00
NAN NAN NAN 3.211E+00 8.186E-05 NAN 1.000E+00 2.228E+01 3.000E+00
NAN NAN NAN 3.211E+00 8.471E-05 NAN 1.000E+00 2.228E+01 3.000E+00
NAN NAN NAN 3.211E+00 8.993E-05 NAN 1.000E+00 2.228E+01 3.000E+00
NAN NAN NAN 3.211E+00 9.949E-05 NAN 1.000E+00 2.228E+01 3.000E+00
NAN NAN NAN 3.211E+00 1.170E-04 NAN 1.000E+00 2.228E+01 3.000E+00
NAN NAN NAN 3.211E+00 1.492E-04 NAN 1.000E+00 2.228E+01 3.000E+00
NAN NAN NAN 3.211E+00 2.080E-04 NAN 1.000E+00 2.229E+01 3.000E+00
NAN NAN NAN 3.211E+00 3.160E-04 NAN 1.000E+00 2.229E+01 3.000E+00
NAN NAN NAN 3.211E+00 5.139E-04 NAN 1.000E+00 2.229E+01 3.000E+00
NAN NAN NAN 3.211E+00 8.766E-04 NAN 1.000E+00 2.230E+01 3.000E+00
NAN NAN NAN 3.211E+00 1.541E-03 NAN 1.000E+00 2.232E+01 3.000E+00
NAN NAN NAN 3.211E+00 2.760E-03 NAN 1.000E+00 2.234E+01 3.000E+00
NAN NAN NAN 3.211E+00 4.994E-03 NAN 1.000E+00 2.240E+01 3.000E+00
NAN NAN NAN 4.062E+00 7.850E-05 NAN 1.000E+00 2.230E+01 3.000E+00
NAN NAN NAN 4.062E+00 7.854E-05 NAN 1.000E+00 2.230E+01 3.000E+00
NAN NAN NAN 4.062E+00 7.861E-05 NAN 1.000E+00 2.230E+01 3.000E+00
NAN NAN NAN 4.062E+00 7.875E-05 NAN 1.000E+00 2.230E+01 3.000E+00
NAN NAN NAN 4.062E+00 7.900E-05 NAN 1.000E+00 2.230E+01 3.000E+00
NAN NAN NAN 4.062E+00 7.946E-05 NAN 1.000E+00 2.230E+01 3.000E+00
NAN NAN NAN 4.062E+00 8.031E-05 NAN 1.000E+00 2.230E+01 3.000E+00
NAN NAN NAN 4.062E+00 8.186E-05 NAN 1.000E+00 2.230E+01 3.000E+00
NAN NAN NAN 4.062E+00 8.471E-05 NAN 1.000E+00 2.230E+01 3.000E+00
NAN NAN NAN 4.062E+00 8.993E-05 NAN 1.000E+00 2.230E+01 3.000E+00
NAN NAN NAN 4.062E+00 9.949E-05 NAN 1.000E+00 2.230E+01 3.000E+00
NAN NAN NAN 4.062E+00 1.170E-04 NAN 1.000E+00 2.230E+01 3.000E+00
NAN NAN NAN 4.062E+00 1.492E-04 NAN 1.000E+00 2.230E+01 3.000E+00
NAN NAN NAN 4.062E+00 2.080E-04 NAN 1.000E+00 2.231E+01 3.000E+00
NAN NAN NAN 4.062E+00 3.160E-04 NAN 1.000E+00 2.231E+01 3.000E+00
NAN NAN NAN 4.062E+00 5.139E-04 NAN 1.000E+00 2.231E+01 3.000E+00
NAN NAN NAN 4.062E+00 8.766E-04 NAN 1.000E+00 2.232E+01 3.000E+00
NAN NAN NAN 4.062E+00 1.541E-03 NAN 1.000E+00 2.234E+01 3.000E+00
NAN NAN NAN 4.062E+00 2.760E-03 NAN 1.000E+00 2.236E+01 3.000E+00
NAN NAN NAN 4.062E+00 4.994E-03 NAN 1.000E+00 2.242E+01 3.000E+00
NAN NAN NAN 5.138E+00 7.850E-05 NAN 1.000E+00 2.696E+01 3.000E+00
NAN NAN NAN 5.138E+00 7.854E-05 NAN 1.000E+00 2.696E+01 3.000E+00
NAN NAN NAN 5.138E+00 7.861E-05 NAN 1.000E+00 2.696E+01 3.000E+00
NAN NAN NAN 5.138E+00 7.875E-05 NAN 1.000E+00 2.696E+01 3.000E+00
NAN NAN NAN 5.138E+00 7.900E-05 NAN 1.000E+00 2.696E+01 3.000E+00
NAN NAN NAN 5.138E+00 7.946E-05 NAN 1.000E+00 2.696E+01 3.000E+00
NAN NAN NAN 5.138E+00 8.031E-05 NAN 1.000E+00 2.696E+01 3.000E+00
NAN NAN NAN 5.138E+00 8.186E-05 NAN 1.000E+00 2.696E+01 3.000E+00
NAN NAN NAN 5.138E+00 8.471E-05 NAN 1.000E+00 2.696E+01 3.000E+00
NAN NAN NAN 5.138E+00 8.993E-05 NAN 1.000E+00 2.696E+01 3.000E+00
NAN NAN NAN 5.138E+00 9.949E-05 NAN 1.000E+00 2.696E+01 3.000E+00
NAN NAN NAN 5.138E+00 1.170E-04 NAN 1.000E+00 2.696E+01 3.000E+00
NAN NAN NAN 5.138E+00 1.492E-04 NAN 1.000E+00 2.696E+01 3.000E+00
NAN NAN NAN 5.138E+00 2.080E-04 NAN 1.000E+00 2.696E+01 3.000E+00
NAN NAN NAN 5.138E+00 3.160E-04 NAN 1.000E+00 2.697E+01 3.000E+00
NAN NAN NAN 5.138E+00 5.139E-04 NAN 1.000E+00 2.699E+01 3.000E+00
NAN NAN NAN 5.138E+00 8.766E-04 NAN 1.000E+00 2.701E+01 3.000E+00
NAN NAN NAN 5.138E+00 1.541E-03 NAN 1.000E+00 2.706E+01 3.000E+00
NAN NAN NAN 5.138E+00 2.760E-03 NAN 1.000E+00 2.714E+01 3.000E+00
NAN NAN NAN 5.138E+00 4.994E-03 NAN 1.000E+00 2.730E+01 3.000E+00
