1.070E+08 3.663E+02 4.826E-02 5.137E-05 1.248E-05 3.098E+03 2.874E-01 1.113E+00 2.000E+00
6.545E+07 2.787E+02 5.092E-02 5.137E-05 1.252E-05 3.291E+03 2.874E-01 1.113E+00 2.000E+00
3.123E+08 3.681E+02 4.820E-02 5.137E-05 1.260E-05 3.138E+03 2.874E-01 1.113E+00 2.000E+00
4.493E+07 3.672E+02 4.823E-02 5.137E-05 1.274E-05 3.114E+03 2.875E-01 1.113E+00 2.000E+00
5.913E+07 3.692E+02 4.817E-02 5.137E-05 1.299E-05 3.151E+03 2.875E-01 1.113E+00 2.000E+00
5.304E+07 3.250E+02 4.951E-02 5.137E-05 1.345E-05 2.946E+03 2.875E-01 1.113E+00 2.000E+00
3.488E+08 3.039E+02 5.016E-02 5.137E-05 1.430E-05 3.044E+03 2.876E-01 1.113E+00 2.000E+00
3.262E+07 3.156E+02 4.980E-02 5.137E-05 1.585E-05 2.982E+03 2.878E-01 1.113E+00 2.000E+00
9.484E+07 3.569E+02 4.855E-02 5.137E-05 1.870E-05 3.043E+03 2.881E-01 1.113E+00 2.000E+00
2.319E+08 2.363E+02 5.219E-02 5.137E-05 2.391E-05 4.351E+03 2.887E-01 1.114E+00 2.000E+00
3.424E+09 2.989E+02 5.037E-02 5.137E-05 3.348E-05 3.106E+03 2.898E-01 1.114E+00 2.000E+00
3.826E+09 2.729E+02 5.124E-02 5.137E-05 5.101E-05 3.385E+03 2.917E-01 1.114E+00 2.000E+00
1.165E+08 2.571E+02 5.185E-02 5.137E-05 8.314E-05 3.652E+03 2.953E-01 1.115E+00 2.000E+00
3.826E+07 2.097E+02 5.349E-02 5.137E-05 1.420E-04 5.672E+03 3.018E-01 1.116E+00 2.000E+00
9.284E+07 2.073E+02 5.411E-02 5.137E-05 2.500E-04 5.353E+03 3.137E-01 1.119E+00 2.000E+00
NAN NAN NAN 5.137E-05 4.479E-04 NAN 3.355E-01 1.123E+00 2.000E+00
NAN NAN NAN 5.137E-05 8.106E-04 NAN 3.751E-01 1.132E+00 2.000E+00
NAN NAN NAN 5.137E-05 1.475E-03 NAN 4.460E-01 1.147E+00 2.000E+00
NAN NAN NAN 5.137E-05 2.694E-03 NAN 5.686E-01 1.175E+00 2.000E+00
NAN NAN NAN 5.137E-05 4.928E-03 NAN 7.466E-01 1.226E+00 2.000E+00
4.912E+09 2.891E+02 5.060E-02 6.498E-05 1.248E-05 3.168E+03 2.875E-01 1.113E+00 2.000E+00
5.077E+07 3.694E+02 4.816E-02 6.498E-05 1.252E-05 3.154E+03 2.875E-01 1.113E+00 2.000E+00
3.169E+07 2.589E+02 5.150E-02 6.498E-05 1.260E-05 3.635E+03 2.875E-01 1.113E+00 2.000E+00
1.953E+07 3.650E+02 4.830E-02 6.498E-05 1.274E-05 3.086E+03 2.875E-01 1.113E+00 2.000E+00
7.935E+07 3.334E+02 4.925E-02 6.498E-05 1.299E-05 2.933E+03 2.875E-01 1.113E+00 2.000E+00
3.869E+07 3.127E+02 4.989E-02 6.498E-05 1.345E-05 2.998E+03 2.876E-01 1.113E+00 2.000E+00
1.184E+09 2.971E+02 5.036E-02 6.498E-05 1.430E-05 3.096E+03 2.877E-01 1.113E+00 2.000E+00
3.209E+08 2.825E+02 5.081E-02 6.498E-05 1.585E-05 3.244E+03 2.878E-01 1.113E+00 2.000E+00
1.442E+08 2.366E+02 5.216E-02 6.498E-05 1.870E-05 4.350E+03 2.882E-01 1.113E+00 2.000E+00
4.873E+07 3.351E+02 4.923E-02 6.498E-05 2.391E-05 2.972E+03 2.887E-01 1.114E+00 2.000E+00
1.128E+09 2.743E+02 5.113E-02 6.498E-05 3.348E-05 3.359E+03 2.898E-01 1.114E+00 2.000E+00
1.930E+08 3.219E+02 4.972E-02 6.498E-05 5.101E-05 3.069E+03 2.918E-01 1.114E+00 2.000E+00
6.687E+07 3.225E+02 4.981E-02 6.498E-05 8.314E-05 3.234E+03 2.953E-01 1.115E+00 2.000E+00
5.070E+07 2.312E+02 5.288E-02 6.498E-05 1.420E-04 4.317E+03 3.019E-01 1.116E+00 2.000E+00
3.578E+07 2.093E+02 5.406E-02 6.498E-05 2.500E-04 5.167E+03 3.138E-01 1.119E+00 2.000E+00
NAN NAN NAN 6.498E-05 4.479E-04 NAN 3.356E-01 1.123E+00 2.000E+00
NAN NAN NAN 6.498E-05 8.106E-04 NAN 3.751E-01 1.132E+00 2.000E+00
NAN NAN NAN 6.498E-05 1.475E-03 NAN 4.461E-01 1.147E+00 2.000E+00
NAN NAN NAN 6.498E-05 2.694E-03 NAN 5.687E-01 1.175E+00 2.000E+00
NAN NAN NAN 6.498E-05 4.928E-03 NAN 7.467E-01 1.226E+00 2.000E+00
9.283E+07 3.022E+02 5.020E-02 8.219E-05 1.248E-05 3.056E+03 2.875E-01 1.113E+00 2.000E+00
6.852E+08 2.460E+02 5.187E-02 8.219E-05 1.252E-05 3.991E+03 2.875E-01 1.113E+00 2.000E+00
1.277E+08 3.461E+02 4.886E-02 8.219E-05 1.260E-05 2.951E+03 2.875E-01 1.113E+00 2.000E+00
1.322E+08 3.692E+02 4.817E-02 8.219E-05 1.274E-05 3.190E+03 2.876E-01 1.113E+00 2.000E+00
1.435E+08 2.621E+02 5.141E-02 8.219E-05 1.299E-05 3.568E+03 2.876E-01 1.113E+00 2.000E+00
8.174E+07 2.733E+02 5.108E-02 8.219E-05 1.345E-05 3.369E+03 2.876E-01 1.113E+00 2.000E+00
6.805E+08 3.571E+02 4.854E-02 8.219E-05 1.430E-05 3.018E+03 2.877E-01 1.113E+00 2.000E+00
2.757E+07 3.534E+02 4.865E-02 8.219E-05 1.585E-05 3.000E+03 2.879E-01 1.113E+00 2.000E+00
6.730E+08 3.042E+02 5.016E-02 8.219E-05 1.870E-05 3.050E+03 2.882E-01 1.113E+00 2.000E+00
7.351E+08 2.982E+02 5.037E-02 8.219E-05 2.391E-05 3.100E+03 2.888E-01 1.114E+00 2.000E+00
2.366E+07 2.496E+02 5.186E-02 8.219E-05 3.348E-05 3.852E+03 2.899E-01 1.114E+00 2.000E+00
1.164E+08 2.551E+02 5.177E-02 8.219E-05 5.101E-05 3.701E+03 2.918E-01 1.114E+00 2.000E+00
4.388E+07 3.090E+02 5.023E-02 8.219E-05 8.314E-05 3.197E+03 2.954E-01 1.115E+00 2.000E+00
3.143E+08 3.023E+02 5.064E-02 8.219E-05 1.420E-04 3.523E+03 3.019E-01 1.116E+00 2.000E+00
2.194E+08 2.240E+02 5.361E-02 8.219E-05 2.500E-04 4.506E+03 3.138E-01 1.119E+00 2.000E+00
NAN NAN NAN 8.219E-05 4.479E-04 NAN 3.356E-01 1.123E+00 2.000E+00
NAN NAN NAN 8.219E-05 8.106E-04 NAN 3.752E-01 1.132E+00 2.000E+00
NAN NAN NAN 8.219E-05 1.475E-03 NAN 4.461E-01 1.147E+00 2.000E+00
NAN NAN NAN 8.219E-05 2.694E-03 NAN 5.687E-01 1.175E+00 2.000E+00
NAN NAN NAN 8.219E-05 4.928E-03 NAN 7.468E-01 1.226E+00 2.000E+00
1.362E+08 3.650E+02 4.829E-02 1.040E-04 1.248E-05 3.094E+03 2.876E-01 1.113E+00 2.000E+00
4.343E+07 3.692E+02 4.817E-02 1.040E-04 1.252E-05 3.163E+03 2.876E-01 1.113E+00 2.000E+00
9.563E+07 3.345E+02 4.922E-02 1.040E-04 1.260E-05 2.935E+03 2.876E-01 1.113E+00 2.000E+00
1.154E+08 2.712E+02 5.114E-02 1.040E-04 1.274E-05 3.404E+03 2.876E-01 1.113E+00 2.000E+00
8.422E+07 3.113E+02 4.993E-02 1.040E-04 1.299E-05 3.001E+03 2.877E-01 1.113E+00 2.000E+00
1.656E+08 2.559E+02 5.159E-02 1.040E-04 1.345E-05 4.164E+03 2.877E-01 1.113E+00 2.000E+00
1.060E+08 2.562E+02 5.159E-02 1.040E-04 1.430E-05 3.698E+03 2.878E-01 1.113E+00 2.000E+00
5.955E+07 3.126E+02 4.990E-02 1.040E-04 1.585E-05 3.000E+03 2.880E-01 1.113E+00 2.000E+00
5.641E+07 2.919E+02 5.054E-02 1.040E-04 1.870E-05 3.148E+03 2.883E-01 1.113E+00 2.000E+00
6.445E+07 2.459E+02 5.193E-02 1.040E-04 2.391E-05 3.978E+03 2.889E-01 1.114E+00 2.000E+00
6.475E+07 2.693E+02 5.128E-02 1.040E-04 3.348E-05 3.435E+03 2.900E-01 1.114E+00 2.000E+00
1.784E+08 2.976E+02 5.048E-02 1.040E-04 5.101E-05 3.149E+03 2.919E-01 1.114E+00 2.000E+00
4.997E+08 2.990E+02 5.055E-02 1.040E-04 8.314E-05 3.218E+03 2.955E-01 1.115E+00 2.000E+00
7.847E+07 2.452E+02 5.246E-02 1.040E-04 1.420E-04 3.910E+03 3.020E-01 1.116E+00 2.000E+00
3.854E+08 2.126E+02 5.396E-02 1.040E-04 2.500E-04 4.974E+03 3.139E-01 1.119E+00 2.000E+00
NAN NAN NAN 1.040E-04 4.479E-04 NAN 3.357E-01 1.123E+00 2.000E+00
NAN NAN NAN 1.040E-04 8.106E-04 NAN 3.753E-01 1.132E+00 2.000E+00
NAN NAN NAN 1.040E-04 1.475E-03 NAN 4.462E-01 1.147E+00 2.000E+00
NAN NAN NAN 1.040E-04 2.694E-03 NAN 5.688E-01 1.175E+00 2.000E+00
NAN NAN NAN 1.040E-04 4.928E-03 NAN 7.469E-01 1.226E+00 2.000E+00
4.017E+08 2.690E+02 5.121E-02 1.315E-04 1.248E-05 3.442E+03 2.877E-01 1.113E+00 2.000E+00
1.908E+09 2.621E+02 5.141E-02 1.315E-04 1.252E-05 3.569E+03 2.877E-01 1.113E+00 2.000E+00
2.251E+08 2.772E+02 5.096E-02 1.315E-04 1.260E-05 3.314E+03 2.877E-01 1.113E+00 2.000E+00
9.935E+07 3.038E+02 5.016E-02 1.315E-04 1.274E-05 3.048E+03 2.877E-01 1.113E+00 2.000E+00
1.196E+08 2.574E+02 5.155E-02 1.315E-04 1.299E-05 3.672E+03 2.878E-01 1.113E+00 2.000E+00
1.101E+08 2.921E+02 5.052E-02 1.315E-04 1.345E-05 3.144E+03 2.878E-01 1.113E+00 2.000E+00
8.224E+07 3.483E+02 4.880E-02 1.315E-04 1.430E-05 2.972E+03 2.879E-01 1.113E+00 2.000E+00
2.139E+08 3.590E+02 4.848E-02 1.315E-04 1.585E-05 3.058E+03 2.881E-01 1.113E+00 2.000E+00
3.208E+08 3.410E+02 4.904E-02 1.315E-04 1.870E-05 2.969E+03 2.884E-01 1.113E+00 2.000E+00
1.089E+08 3.539E+02 4.866E-02 1.315E-04 2.391E-05 3.075E+03 2.890E-01 1.114E+00 2.000E+00
5.458E+07 2.999E+02 5.035E-02 1.315E-04 3.348E-05 3.105E+03 2.901E-01 1.114E+00 2.000E+00
7.838E+07 3.040E+02 5.028E-02 1.315E-04 5.101E-05 3.116E+03 2.920E-01 1.114E+00 2.000E+00
2.178E+08 2.729E+02 5.136E-02 1.315E-04 8.314E-05 3.416E+03 2.956E-01 1.115E+00 2.000E+00
5.198E+07 2.130E+02 5.340E-02 1.315E-04 1.420E-04 5.382E+03 3.021E-01 1.116E+00 2.000E+00
3.097E+08 2.455E+02 5.292E-02 1.315E-04 2.500E-04 4.113E+03 3.140E-01 1.119E+00 2.000E+00
NAN NAN NAN 1.315E-04 4.479E-04 NAN 3.358E-01 1.123E+00 2.000E+00
NAN NAN NAN 1.315E-04 8.106E-04 NAN 3.754E-01 1.132E+00 2.000E+00
NAN NAN NAN 1.315E-04 1.475E-03 NAN 4.463E-01 1.147E+00 2.000E+00
NAN NAN NAN 1.315E-04 2.694E-03 NAN 5.690E-01 1.175E+00 2.000E+00
NAN NAN NAN 1.315E-04 4.928E-03 NAN 7.470E-01 1.226E+00 2.000E+00
3.385E+07 3.234E+02 4.956E-02 1.663E-04 1.248E-05 2.957E+03 2.878E-01 1.113E+00 2.000E+00
4.877E+08 3.234E+02 4.956E-02 1.663E-04 1.252E-05 2.957E+03 2.879E-01 1.113E+00 2.000E+00
2.922E+08 2.597E+02 5.148E-02 1.663E-04 1.260E-05 3.622E+03 2.879E-01 1.113E+00 2.000E+00
4.797E+07 2.664E+02 5.129E-02 1.663E-04 1.274E-05 3.488E+03 2.879E-01 1.113E+00 2.000E+00
9.383E+07 3.526E+02 4.867E-02 1.663E-04 1.299E-05 3.030E+03 2.879E-01 1.113E+00 2.000E+00
6.113E+09 2.304E+02 5.231E-02 1.663E-04 1.345E-05 4.706E+03 2.880E-01 1.113E+00 2.000E+00
3.369E+08 3.222E+02 4.960E-02 1.663E-04 1.430E-05 2.965E+03 2.881E-01 1.113E+00 2.000E+00
7.205E+07 2.631E+02 5.140E-02 1.663E-04 1.585E-05 3.549E+03 2.882E-01 1.113E+00 2.000E+00
2.352E+08 3.272E+02 4.946E-02 1.663E-04 1.870E-05 2.966E+03 2.885E-01 1.113E+00 2.000E+00
2.329E+08 3.556E+02 4.861E-02 1.663E-04 2.391E-05 3.108E+03 2.891E-01 1.114E+00 2.000E+00
2.629E+07 2.204E+02 5.266E-02 1.663E-04 3.348E-05 5.349E+03 2.902E-01 1.114E+00 2.000E+00
3.153E+08 2.354E+02 5.234E-02 1.663E-04 5.101E-05 4.320E+03 2.921E-01 1.114E+00 2.000E+00
6.125E+07 2.450E+02 5.221E-02 1.663E-04 8.314E-05 4.232E+03 2.957E-01 1.115E+00 2.000E+00
6.379E+07 2.932E+02 5.094E-02 1.663E-04 1.420E-04 3.480E+03 3.023E-01 1.116E+00 2.000E+00
9.415E+07 2.132E+02 5.394E-02 1.663E-04 2.500E-04 4.946E+03 3.142E-01 1.119E+00 2.000E+00
NAN NAN NAN 1.663E-04 4.479E-04 NAN 3.360E-01 1.123E+00 2.000E+00
NAN NAN NAN 1.663E-04 8.106E-04 NAN 3.755E-01 1.132E+00 2.000E+00
NAN NAN NAN 1.663E-04 1.475E-03 NAN 4.465E-01 1.147E+00 2.000E+00
NAN NAN NAN 1.663E-04 2.694E-03 NAN 5.691E-01 1.175E+00 2.000E+00
NAN NAN NAN 1.663E-04 4.928E-03 NAN 7.472E-01 1.226E+00 2.000E+00
4.276E+08 3.077E+02 5.004E-02 2.104E-04 1.248E-05 3.027E+03 2.880E-01 1.113E+00 2.000E+00
1.029E+08 3.186E+02 4.970E-02 2.104E-04 1.252E-05 2.976E+03 2.880E-01 1.113E+00 2.000E+00
7.460E+07 3.526E+02 4.867E-02 2.104E-04 1.260E-05 2.997E+03 2.880E-01 1.113E+00 2.000E+00
7.376E+08 2.998E+02 5.028E-02 2.104E-04 1.274E-05 3.083E+03 2.880E-01 1.113E+00 2.000E+00
6.148E+07 2.768E+02 5.098E-02 2.104E-04 1.299E-05 3.323E+03 2.881E-01 1.113E+00 2.000E+00
9.217E+07 3.609E+02 4.842E-02 2.104E-04 1.345E-05 3.077E+03 2.881E-01 1.113E+00 2.000E+00
7.062E+07 2.542E+02 5.165E-02 2.104E-04 1.430E-05 3.753E+03 2.882E-01 1.113E+00 2.000E+00
5.042E+08 2.839E+02 5.077E-02 2.104E-04 1.585E-05 3.234E+03 2.884E-01 1.113E+00 2.000E+00
5.325E+07 2.656E+02 5.133E-02 2.104E-04 1.870E-05 3.503E+03 2.887E-01 1.113E+00 2.000E+00
1.123E+08 3.600E+02 4.848E-02 2.104E-04 2.391E-05 3.170E+03 2.893E-01 1.114E+00 2.000E+00
5.002E+07 2.310E+02 5.238E-02 2.104E-04 3.348E-05 4.592E+03 2.904E-01 1.114E+00 2.000E+00
2.517E+07 2.455E+02 5.206E-02 2.104E-04 5.101E-05 3.962E+03 2.923E-01 1.114E+00 2.000E+00
1.183E+08 2.965E+02 5.063E-02 2.104E-04 8.314E-05 3.242E+03 2.959E-01 1.115E+00 2.000E+00
1.317E+08 2.670E+02 5.178E-02 2.104E-04 1.420E-04 3.579E+03 3.024E-01 1.116E+00 2.000E+00
9.471E+07 2.495E+02 5.279E-02 2.104E-04 2.500E-04 4.103E+03 3.143E-01 1.119E+00 2.000E+00
NAN NAN NAN 2.104E-04 4.479E-04 NAN 3.361E-01 1.123E+00 2.000E+00
NAN NAN NAN 2.104E-04 8.106E-04 NAN 3.757E-01 1.132E+00 2.000E+00
NAN NAN NAN 2.104E-04 1.475E-03 NAN 4.467E-01 1.147E+00 2.000E+00
NAN NAN NAN 2.104E-04 2.694E-03 NAN 5.693E-01 1.175E+00 2.000E+00
NAN NAN NAN 2.104E-04 4.928E-03 NAN 7.474E-01 1.226E+00 2.000E+00
4.783E+08 2.768E+02 5.098E-02 2.661E-04 1.248E-05 3.325E+03 2.882E-01 1.113E+00 2.000E+00
2.890E+08 2.300E+02 5.231E-02 2.661E-04 1.252E-05 4.732E+03 2.882E-01 1.113E+00 2.000E+00
2.506E+08 2.742E+02 5.105E-02 2.661E-04 1.260E-05 3.362E+03 2.882E-01 1.113E+00 2.000E+00
2.526E+09 2.485E+02 5.181E-02 2.661E-04 1.274E-05 3.915E+03 2.882E-01 1.113E+00 2.000E+00
1.117E+08 3.589E+02 4.848E-02 2.661E-04 1.299E-05 3.065E+03 2.883E-01 1.113E+00 2.000E+00
1.960E+08 2.426E+02 5.198E-02 2.661E-04 1.345E-05 4.112E+03 2.883E-01 1.113E+00 2.000E+00
2.499E+08 3.534E+02 4.865E-02 2.661E-04 1.430E-05 3.024E+03 2.884E-01 1.113E+00 2.000E+00
1.879E+08 2.432E+02 5.197E-02 2.661E-04 1.585E-05 4.088E+03 2.886E-01 1.113E+00 2.000E+00
5.737E+07 3.222E+02 4.961E-02 2.661E-04 1.870E-05 2.985E+03 2.889E-01 1.113E+00 2.000E+00
6.175E+07 2.520E+02 5.176E-02 2.661E-04 2.391E-05 3.803E+03 2.895E-01 1.114E+00 2.000E+00
6.824E+07 3.505E+02 4.879E-02 2.661E-04 3.348E-05 3.147E+03 2.906E-01 1.114E+00 2.000E+00
5.503E+08 3.023E+02 5.033E-02 2.661E-04 5.101E-05 3.137E+03 2.925E-01 1.114E+00 2.000E+00
1.966E+08 2.276E+02 5.271E-02 2.661E-04 8.314E-05 4.614E+03 2.961E-01 1.115E+00 2.000E+00
7.085E+07 3.066E+02 5.051E-02 2.661E-04 1.420E-04 3.640E+03 3.026E-01 1.116E+00 2.000E+00
7.464E+07 2.014E+02 5.429E-02 2.661E-04 2.500E-04 5.798E+03 3.145E-01 1.119E+00 2.000E+00
NAN NAN NAN 2.661E-04 4.479E-04 NAN 3.363E-01 1.123E+00 2.000E+00
NAN NAN NAN 2.661E-04 8.106E-04 NAN 3.759E-01 1.132E+00 2.000E+00
NAN NAN NAN 2.661E-04 1.475E-03 NAN 4.469E-01 1.147E+00 2.000E+00
NAN NAN NAN 2.661E-04 2.694E-03 NAN 5.696E-01 1.175E+00 2.000E+00
NAN NAN NAN 2.661E-04 4.928E-03 NAN 7.477E-01 1.226E+00 2.000E+00
3.726E+08 2.973E+02 5.036E-02 3.366E-04 1.248E-05 3.107E+03 2.885E-01 1.113E+00 2.000E+00
1.758E+08 3.493E+02 4.877E-02 3.366E-04 1.252E-05 3.002E+03 2.885E-01 1.113E+00 2.000E+00
3.073E+08 3.549E+02 4.860E-02 3.366E-04 1.260E-05 3.038E+03 2.885E-01 1.113E+00 2.000E+00
7.885E+07 3.274E+02 4.944E-02 3.366E-04 1.274E-05 2.966E+03 2.885E-01 1.113E+00 2.000E+00
6.518E+08 3.500E+02 4.875E-02 3.366E-04 1.299E-05 3.015E+03 2.885E-01 1.113E+00 2.000E+00
1.004E+08 2.639E+02 5.137E-02 3.366E-04 1.345E-05 3.540E+03 2.886E-01 1.113E+00 2.000E+00
2.456E+07 2.558E+02 5.161E-02 3.366E-04 1.430E-05 3.715E+03 2.887E-01 1.113E+00 2.000E+00
7.905E+08 2.918E+02 5.054E-02 3.366E-04 1.585E-05 3.158E+03 2.889E-01 1.113E+00 2.000E+00
8.680E+07 3.120E+02 4.993E-02 3.366E-04 1.870E-05 3.025E+03 2.892E-01 1.113E+00 2.000E+00
1.275E+08 2.555E+02 5.165E-02 3.366E-04 2.391E-05 3.715E+03 2.898E-01 1.114E+00 2.000E+00
4.337E+08 2.403E+02 5.213E-02 3.366E-04 3.348E-05 4.161E+03 2.908E-01 1.114E+00 2.000E+00
4.399E+07 2.719E+02 5.127E-02 3.366E-04 5.101E-05 3.412E+03 2.928E-01 1.114E+00 2.000E+00
5.263E+08 2.883E+02 5.089E-02 3.366E-04 8.314E-05 3.291E+03 2.964E-01 1.115E+00 2.000E+00
8.288E+07 2.830E+02 5.127E-02 3.366E-04 1.420E-04 4.270E+03 3.029E-01 1.116E+00 2.000E+00
3.996E+08 2.189E+02 5.377E-02 3.366E-04 2.500E-04 6.015E+03 3.148E-01 1.119E+00 2.000E+00
NAN NAN NAN 3.366E-04 4.479E-04 NAN 3.366E-01 1.123E+00 2.000E+00
NAN NAN NAN 3.366E-04 8.106E-04 NAN 3.762E-01 1.132E+00 2.000E+00
NAN NAN NAN 3.366E-04 1.475E-03 NAN 4.472E-01 1.147E+00 2.000E+00
NAN NAN NAN 3.366E-04 2.694E-03 NAN 5.699E-01 1.175E+00 2.000E+00
NAN NAN NAN 3.366E-04 4.928E-03 NAN 7.480E-01 1.226E+00 2.000E+00
5.079E+07 2.861E+02 5.070E-02 4.257E-04 1.248E-05 3.217E+03 2.888E-01 1.113E+00 2.000E+00
3.529E+08 2.678E+02 5.125E-02 4.257E-04 1.252E-05 3.472E+03 2.888E-01 1.113E+00 2.000E+00
4.048E+08 2.689E+02 5.122E-02 4.257E-04 1.260E-05 3.480E+03 2.888E-01 1.113E+00 2.000E+00
8.505E+07 3.187E+02 4.971E-02 4.257E-04 1.274E-05 2.995E+03 2.888E-01 1.113E+00 2.000E+00
1.540E+08 2.956E+02 5.041E-02 4.257E-04 1.299E-05 3.126E+03 2.889E-01 1.113E+00 2.000E+00
1.025E+08 3.599E+02 4.845E-02 4.257E-04 1.345E-05 3.119E+03 2.889E-01 1.113E+00 2.000E+00
2.182E+08 3.020E+02 5.022E-02 4.257E-04 1.430E-05 3.080E+03 2.890E-01 1.113E+00 2.000E+00
7.924E+08 2.968E+02 5.039E-02 4.257E-04 1.585E-05 3.120E+03 2.892E-01 1.113E+00 2.000E+00
1.310E+08 2.644E+02 5.137E-02 4.257E-04 1.870E-05 3.531E+03 2.895E-01 1.113E+00 2.000E+00
2.528E+07 3.121E+02 4.994E-02 4.257E-04 2.391E-05 3.043E+03 2.901E-01 1.114E+00 2.000E+00
7.770E+07 2.385E+02 5.218E-02 4.257E-04 3.348E-05 4.232E+03 2.912E-01 1.114E+00 2.000E+00
3.710E+07 2.213E+02 5.273E-02 4.257E-04 5.101E-05 5.167E+03 2.931E-01 1.114E+00 2.000E+00
3.247E+07 2.590E+02 5.179E-02 4.257E-04 8.314E-05 3.634E+03 2.967E-01 1.115E+00 2.000E+00
8.207E+07 2.231E+02 5.312E-02 4.257E-04 1.420E-04 4.678E+03 3.032E-01 1.116E+00 2.000E+00
3.026E+08 2.331E+02 5.333E-02 4.257E-04 2.500E-04 4.314E+03 3.151E-01 1.119E+00 2.000E+00
NAN NAN NAN 4.257E-04 4.479E-04 NAN 3.369E-01 1.123E+00 2.000E+00
NAN NAN NAN 4.257E-04 8.106E-04 NAN 3.765E-01 1.132E+00 2.000E+00
NAN NAN NAN 4.257E-04 1.475E-03 NAN 4.475E-01 1.147E+00 2.000E+00
NAN NAN NAN 4.257E-04 2.694E-03 NAN 5.703E-01 1.175E+00 2.000E+00
NAN NAN NAN 4.257E-04 4.928E-03 NAN 7.485E-01 1.226E+00 2.000E+00
6.248E+07 2.778E+02 5.095E-02 5.385E-04 1.248E-05 3.322E+03 2.892E-01 1.113E+00 2.000E+00
2.482E+08 2.888E+02 5.062E-02 5.385E-04 1.252E-05 3.194E+03 2.892E-01 1.113E+00 2.000E+00
1.384E+08 2.758E+02 5.101E-02 5.385E-04 1.260E-05 3.350E+03 2.892E-01 1.113E+00 2.000E+00
3.719E+07 2.741E+02 5.106E-02 5.385E-04 1.274E-05 3.374E+03 2.893E-01 1.113E+00 2.000E+00
5.661E+07 3.393E+02 4.908E-02 5.385E-04 1.299E-05 2.992E+03 2.893E-01 1.113E+00 2.000E+00
6.881E+08 2.478E+02 5.184E-02 5.385E-04 1.345E-05 3.940E+03 2.893E-01 1.113E+00 2.000E+00
1.908E+08 2.276E+02 5.239E-02 5.385E-04 1.430E-05 4.878E+03 2.894E-01 1.113E+00 2.000E+00
9.810E+07 3.416E+02 4.901E-02 5.385E-04 1.585E-05 3.014E+03 2.896E-01 1.113E+00 2.000E+00
2.052E+08 2.675E+02 5.128E-02 5.385E-04 1.870E-05 3.480E+03 2.899E-01 1.113E+00 2.000E+00
6.140E+07 3.512E+02 4.875E-02 5.385E-04 2.391E-05 3.136E+03 2.905E-01 1.114E+00 2.000E+00
7.360E+07 2.880E+02 5.072E-02 5.385E-04 3.348E-05 3.224E+03 2.916E-01 1.114E+00 2.000E+00
9.193E+08 2.414E+02 5.218E-02 5.385E-04 5.101E-05 4.096E+03 2.935E-01 1.114E+00 2.000E+00
9.893E+07 2.776E+02 5.122E-02 5.385E-04 8.314E-05 3.416E+03 2.971E-01 1.115E+00 2.000E+00
5.080E+07 2.399E+02 5.263E-02 5.385E-04 1.420E-04 4.062E+03 3.037E-01 1.116E+00 2.000E+00
5.814E+07 2.236E+02 5.363E-02 5.385E-04 2.500E-04 4.556E+03 3.156E-01 1.119E+00 2.000E+00
NAN NAN NAN 5.385E-04 4.479E-04 NAN 3.374E-01 1.123E+00 2.000E+00
NAN NAN NAN 5.385E-04 8.106E-04 NAN 3.770E-01 1.132E+00 2.000E+00
NAN NAN NAN 5.385E-04 1.475E-03 NAN 4.480E-01 1.147E+00 2.000E+00
NAN NAN NAN 5.385E-04 2.694E-03 NAN 5.708E-01 1.175E+00 2.000E+00
NAN NAN NAN 5.385E-04 4.928E-03 NAN 7.491E-01 1.226E+00 2.000E+00
3.024E+08 3.155E+02 4.980E-02 6.811E-04 1.248E-05 3.023E+03 2.898E-01 1.113E+00 2.000E+00
6.607E+07 2.396E+02 5.206E-02 6.811E-04 1.252E-05 4.238E+03 2.898E-01 1.113E+00 2.000E+00
2.245E+07 2.578E+02 5.155E-02 6.811E-04 1.260E-05 3.677E+03 2.898E-01 1.113E+00 2.000E+00
7.482E+07 3.533E+02 4.865E-02 6.811E-04 1.274E-05 3.096E+03 2.898E-01 1.113E+00 2.000E+00
5.080E+07 2.392E+02 5.208E-02 6.811E-04 1.299E-05 4.255E+03 2.898E-01 1.113E+00 2.000E+00
8.422E+08 2.964E+02 5.039E-02 6.811E-04 1.345E-05 3.135E+03 2.899E-01 1.113E+00 2.000E+00
2.392E+08 3.390E+02 4.909E-02 6.811E-04 1.430E-05 3.025E+03 2.900E-01 1.113E+00 2.000E+00
5.016E+07 2.918E+02 5.054E-02 6.811E-04 1.585E-05 3.176E+03 2.901E-01 1.113E+00 2.000E+00
7.999E+08 3.001E+02 5.030E-02 6.811E-04 1.870E-05 3.125E+03 2.905E-01 1.113E+00 2.000E+00
1.472E+08 3.243E+02 4.957E-02 6.811E-04 2.391E-05 3.038E+03 2.910E-01 1.114E+00 2.000E+00
1.015E+08 2.551E+02 5.171E-02 6.811E-04 3.348E-05 3.728E+03 2.921E-01 1.114E+00 2.000E+00
5.931E+08 2.680E+02 5.140E-02 6.811E-04 5.101E-05 3.486E+03 2.941E-01 1.114E+00 2.000E+00
1.635E+08 3.003E+02 5.051E-02 6.811E-04 8.314E-05 3.277E+03 2.976E-01 1.115E+00 2.000E+00
2.848E+08 2.235E+02 5.312E-02 6.811E-04 1.420E-04 4.665E+03 3.042E-01 1.116E+00 2.000E+00
1.868E+08 2.450E+02 5.295E-02 6.811E-04 2.500E-04 4.211E+03 3.161E-01 1.119E+00 2.000E+00
NAN NAN NAN 6.811E-04 4.479E-04 NAN 3.379E-01 1.123E+00 2.000E+00
NAN NAN NAN 6.811E-04 8.106E-04 NAN 3.775E-01 1.132E+00 2.000E+00
NAN NAN NAN 6.811E-04 1.475E-03 NAN 4.486E-01 1.147E+00 2.000E+00
NAN NAN NAN 6.811E-04 2.694E-03 NAN 5.714E-01 1.175E+00 2.000E+00
NAN NAN NAN 6.811E-04 4.928E-03 NAN 7.498E-01 1.226E+00 2.000E+00
3.967E+08 3.435E+02 4.895E-02 8.615E-04 1.248E-05 3.055E+03 2.904E-01 1.113E+00 2.000E+00
1.050E+08 3.489E+02 4.879E-02 8.615E-04 1.252E-05 3.095E+03 2.904E-01 1.113E+00 2.000E+00
4.404E+07 3.507E+02 4.873E-02 8.615E-04 1.260E-05 3.307E+03 2.904E-01 1.113E+00 2.000E+00
1.166E+09 3.213E+02 4.963E-02 8.615E-04 1.274E-05 3.024E+03 2.905E-01 1.113E+00 2.000E+00
1.366E+08 3.186E+02 4.971E-02 8.615E-04 1.299E-05 3.030E+03 2.905E-01 1.113E+00 2.000E+00
5.908E+07 2.936E+02 5.048E-02 8.615E-04 1.345E-05 3.167E+03 2.905E-01 1.113E+00 2.000E+00
5.380E+07 3.573E+02 4.854E-02 8.615E-04 1.430E-05 3.243E+03 2.906E-01 1.113E+00 2.000E+00
4.247E+07 3.139E+02 4.987E-02 8.615E-04 1.585E-05 3.052E+03 2.908E-01 1.113E+00 2.000E+00
4.416E+08 2.429E+02 5.200E-02 8.615E-04 1.870E-05 4.100E+03 2.911E-01 1.113E+00 2.000E+00
6.594E+07 3.471E+02 4.887E-02 8.615E-04 2.391E-05 3.166E+03 2.917E-01 1.114E+00 2.000E+00
3.295E+08 2.539E+02 5.175E-02 8.615E-04 3.348E-05 3.761E+03 2.928E-01 1.114E+00 2.000E+00
3.329E+09 2.556E+02 5.177E-02 8.615E-04 5.101E-05 3.716E+03 2.947E-01 1.114E+00 2.000E+00
6.859E+07 2.651E+02 5.162E-02 8.615E-04 8.314E-05 3.560E+03 2.983E-01 1.115E+00 2.000E+00
1.164E+08 2.765E+02 5.149E-02 8.615E-04 1.420E-04 3.586E+03 3.049E-01 1.116E+00 2.000E+00
9.588E+07 2.196E+02 5.376E-02 8.615E-04 2.500E-04 4.714E+03 3.168E-01 1.119E+00 2.000E+00
NAN NAN NAN 8.615E-04 4.479E-04 NAN 3.386E-01 1.123E+00 2.000E+00
NAN NAN NAN 8.615E-04 8.106E-04 NAN 3.782E-01 1.132E+00 2.000E+00
NAN NAN NAN 8.615E-04 1.475E-03 NAN 4.493E-01 1.147E+00 2.000E+00
NAN NAN NAN 8.615E-04 2.694E-03 NAN 5.723E-01 1.175E+00 2.000E+00
NAN NAN NAN 8.615E-04 4.928E-03 NAN 7.507E-01 1.226E+00 2.000E+00
7.469E+07 2.329E+02 5.225E-02 1.090E-03 1.248E-05 4.558E+03 2.913E-01 1.113E+00 2.000E+00
8.047E+07 2.365E+02 5.216E-02 1.090E-03 1.252E-05 4.376E+03 2.913E-01 1.113E+00 2.000E+00
4.033E+08 3.352E+02 4.921E-02 1.090E-03 1.260E-05 3.055E+03 2.913E-01 1.113E+00 2.000E+00
6.224E+07 2.821E+02 5.083E-02 1.090E-03 1.274E-05 3.293E+03 2.913E-01 1.113E+00 2.000E+00
1.040E+08 2.345E+02 5.221E-02 1.090E-03 1.299E-05 4.473E+03 2.913E-01 1.113E+00 2.000E+00
1.170E+09 2.475E+02 5.185E-02 1.090E-03 1.345E-05 3.961E+03 2.914E-01 1.113E+00 2.000E+00
1.529E+08 2.993E+02 5.031E-02 1.090E-03 1.430E-05 3.140E+03 2.915E-01 1.113E+00 2.000E+00
1.907E+08 2.510E+02 5.176E-02 1.090E-03 1.585E-05 3.856E+03 2.917E-01 1.113E+00 2.000E+00
7.360E+07 2.272E+02 5.243E-02 1.090E-03 1.870E-05 4.878E+03 2.920E-01 1.113E+00 2.000E+00
2.027E+08 3.104E+02 5.000E-02 1.090E-03 2.391E-05 3.104E+03 2.926E-01 1.114E+00 2.000E+00
5.363E+07 2.556E+02 5.170E-02 1.090E-03 3.348E-05 3.731E+03 2.936E-01 1.114E+00 2.000E+00
1.100E+08 2.400E+02 5.223E-02 1.090E-03 5.101E-05 4.155E+03 2.956E-01 1.114E+00 2.000E+00
4.401E+07 2.557E+02 5.191E-02 1.090E-03 8.314E-05 3.726E+03 2.991E-01 1.115E+00 2.000E+00
4.659E+07 2.117E+02 5.346E-02 1.090E-03 1.420E-04 5.463E+03 3.057E-01 1.116E+00 2.000E+00
5.697E+07 2.423E+02 5.304E-02 1.090E-03 2.500E-04 4.303E+03 3.177E-01 1.119E+00 2.000E+00
NAN NAN NAN 1.090E-03 4.479E-04 NAN 3.395E-01 1.123E+00 2.000E+00
NAN NAN NAN 1.090E-03 8.106E-04 NAN 3.791E-01 1.132E+00 2.000E+00
NAN NAN NAN 1.090E-03 1.475E-03 NAN 4.502E-01 1.147E+00 2.000E+00
NAN NAN NAN 1.090E-03 2.694E-03 NAN 5.733E-01 1.175E+00 2.000E+00
NAN NAN NAN 1.090E-03 4.928E-03 NAN 7.518E-01 1.226E+00 2.000E+00
2.093E+07 2.643E+02 5.137E-02 1.378E-03 1.248E-05 3.567E+03 2.923E-01 1.113E+00 2.000E+00
3.645E+07 2.643E+02 5.137E-02 1.378E-03 1.252E-05 3.567E+03 2.924E-01 1.113E+00 2.000E+00
6.352E+07 2.872E+02 5.068E-02 1.378E-03 1.260E-05 3.254E+03 2.924E-01 1.113E+00 2.000E+00
6.946E+08 2.316E+02 5.230E-02 1.378E-03 1.274E-05 4.627E+03 2.924E-01 1.113E+00 2.000E+00
1.022E+08 3.456E+02 4.889E-02 1.378E-03 1.299E-05 3.176E+03 2.924E-01 1.113E+00 2.000E+00
1.508E+08 2.504E+02 5.177E-02 1.378E-03 1.345E-05 3.883E+03 2.925E-01 1.113E+00 2.000E+00
6.904E+08 2.758E+02 5.103E-02 1.378E-03 1.430E-05 3.387E+03 2.926E-01 1.113E+00 2.000E+00
9.686E+07 2.772E+02 5.099E-02 1.378E-03 1.585E-05 3.369E+03 2.927E-01 1.113E+00 2.000E+00
1.720E+08 3.396E+02 4.909E-02 1.378E-03 1.870E-05 3.165E+03 2.930E-01 1.114E+00 2.000E+00
6.705E+07 3.206E+02 4.969E-02 1.378E-03 2.391E-05 3.119E+03 2.936E-01 1.114E+00 2.000E+00
4.848E+07 2.363E+02 5.226E-02 1.378E-03 3.348E-05 4.335E+03 2.947E-01 1.114E+00 2.000E+00
4.641E+07 2.431E+02 5.215E-02 1.378E-03 5.101E-05 4.058E+03 2.966E-01 1.114E+00 2.000E+00
5.356E+07 2.352E+02 5.252E-02 1.378E-03 8.314E-05 4.287E+03 3.002E-01 1.115E+00 2.000E+00
5.076E+07 2.636E+02 5.190E-02 1.378E-03 1.420E-04 3.724E+03 3.068E-01 1.116E+00 2.000E+00
3.936E+07 2.477E+02 5.287E-02 1.378E-03 2.500E-04 4.374E+03 3.188E-01 1.119E+00 2.000E+00
NAN NAN NAN 1.378E-03 4.479E-04 NAN 3.406E-01 1.123E+00 2.000E+00
NAN NAN NAN 1.378E-03 8.106E-04 NAN 3.802E-01 1.132E+00 2.000E+00
NAN NAN NAN 1.378E-03 1.475E-03 NAN 4.514E-01 1.147E+00 2.000E+00
NAN NAN NAN 1.378E-03 2.694E-03 NAN 5.746E-01 1.175E+00 2.000E+00
NAN NAN NAN 1.378E-03 4.928E-03 NAN 7.533E-01 1.226E+00 2.000E+00
7.952E+07 2.309E+02 5.232E-02 1.743E-03 1.248E-05 4.666E+03 2.937E-01 1.113E+00 2.000E+00
9.295E+07 3.071E+02 5.007E-02 1.743E-03 1.252E-05 3.144E+03 2.937E-01 1.113E+00 2.000E+00
8.537E+07 3.092E+02 5.001E-02 1.743E-03 1.260E-05 3.136E+03 2.937E-01 1.113E+00 2.000E+00
6.996E+07 2.801E+02 5.090E-02 1.743E-03 1.274E-05 3.350E+03 2.937E-01 1.113E+00 2.000E+00
1.515E+08 2.933E+02 5.050E-02 1.743E-03 1.299E-05 3.224E+03 2.938E-01 1.113E+00 2.000E+00
1.865E+08 3.318E+02 4.932E-02 1.743E-03 1.345E-05 3.146E+03 2.938E-01 1.113E+00 2.000E+00
7.257E+07 3.120E+02 4.993E-02 1.743E-03 1.430E-05 3.133E+03 2.939E-01 1.113E+00 2.000E+00
2.031E+09 3.034E+02 5.020E-02 1.743E-03 1.585E-05 3.168E+03 2.941E-01 1.113E+00 2.000E+00
5.647E+08 2.584E+02 5.157E-02 1.743E-03 1.870E-05 3.695E+03 2.944E-01 1.114E+00 2.000E+00
2.092E+08 2.993E+02 5.035E-02 1.743E-03 2.391E-05 3.207E+03 2.950E-01 1.114E+00 2.000E+00
4.236E+08 2.673E+02 5.136E-02 1.743E-03 3.348E-05 3.537E+03 2.960E-01 1.114E+00 2.000E+00
4.381E+08 2.966E+02 5.053E-02 1.743E-03 5.101E-05 3.293E+03 2.980E-01 1.114E+00 2.000E+00
3.535E+08 3.121E+02 5.015E-02 1.743E-03 8.314E-05 3.522E+03 3.016E-01 1.115E+00 2.000E+00
2.799E+07 2.231E+02 5.315E-02 1.743E-03 1.420E-04 4.710E+03 3.081E-01 1.116E+00 2.000E+00
3.275E+07 2.167E+02 5.387E-02 1.743E-03 2.500E-04 4.899E+03 3.201E-01 1.119E+00 2.000E+00
NAN NAN NAN 1.743E-03 4.479E-04 NAN 3.420E-01 1.123E+00 2.000E+00
NAN NAN NAN 1.743E-03 8.106E-04 NAN 3.817E-01 1.132E+00 2.000E+00
NAN NAN NAN 1.743E-03 1.475E-03 NAN 4.529E-01 1.147E+00 2.000E+00
NAN NAN NAN 1.743E-03 2.694E-03 NAN 5.762E-01 1.175E+00 2.000E+00
NAN NAN NAN 1.743E-03 4.928E-03 NAN 7.551E-01 1.226E+00 2.000E+00
4.579E+07 2.817E+02 5.085E-02 2.205E-03 1.248E-05 3.357E+03 2.954E-01 1.113E+00 2.000E+00
6.249E+07 2.544E+02 5.167E-02 2.205E-03 1.252E-05 3.804E+03 2.954E-01 1.113E+00 2.000E+00
3.058E+07 2.410E+02 5.205E-02 2.205E-03 1.260E-05 4.204E+03 2.954E-01 1.113E+00 2.000E+00
7.240E+07 2.439E+02 5.197E-02 2.205E-03 1.274E-05 4.107E+03 2.954E-01 1.113E+00 2.000E+00
1.091E+09 2.792E+02 5.093E-02 2.205E-03 1.299E-05 3.386E+03 2.955E-01 1.113E+00 2.000E+00
6.478E+07 2.382E+02 5.213E-02 2.205E-03 1.345E-05 4.311E+03 2.955E-01 1.113E+00 2.000E+00
1.069E+09 2.876E+02 5.068E-02 2.205E-03 1.430E-05 3.303E+03 2.956E-01 1.113E+00 2.000E+00
5.370E+07 3.349E+02 4.923E-02 2.205E-03 1.585E-05 3.287E+03 2.958E-01 1.113E+00 2.000E+00
5.290E+07 2.635E+02 5.143E-02 2.205E-03 1.870E-05 3.616E+03 2.961E-01 1.114E+00 2.000E+00
1.942E+09 2.497E+02 5.185E-02 2.205E-03 2.391E-05 3.915E+03 2.967E-01 1.114E+00 2.000E+00
2.594E+07 3.316E+02 4.939E-02 2.205E-03 3.348E-05 3.407E+03 2.978E-01 1.114E+00 2.000E+00
4.001E+07 2.353E+02 5.239E-02 2.205E-03 5.101E-05 4.353E+03 2.997E-01 1.114E+00 2.000E+00
1.024E+08 2.454E+02 5.223E-02 2.205E-03 8.314E-05 4.003E+03 3.033E-01 1.115E+00 2.000E+00
1.165E+08 2.527E+02 5.226E-02 2.205E-03 1.420E-04 3.929E+03 3.098E-01 1.116E+00 2.000E+00
1.430E+08 2.146E+02 5.395E-02 2.205E-03 2.500E-04 5.055E+03 3.219E-01 1.119E+00 2.000E+00
NAN NAN NAN 2.205E-03 4.479E-04 NAN 3.437E-01 1.123E+00 2.000E+00
NAN NAN NAN 2.205E-03 8.106E-04 NAN 3.834E-01 1.132E+00 2.000E+00
NAN NAN NAN 2.205E-03 1.475E-03 NAN 4.548E-01 1.147E+00 2.000E+00
NAN NAN NAN 2.205E-03 2.694E-03 NAN 5.783E-01 1.175E+00 2.000E+00
NAN NAN NAN 2.205E-03 4.928E-03 NAN 7.574E-01 1.226E+00 2.000E+00
1.967E+08 3.044E+02 5.017E-02 2.789E-03 1.248E-05 3.253E+03 2.976E-01 1.113E+00 2.000E+00
7.979E+08 2.357E+02 5.221E-02 2.789E-03 1.252E-05 4.430E+03 2.976E-01 1.113E+00 2.000E+00
9.924E+07 2.312E+02 5.233E-02 2.789E-03 1.260E-05 4.647E+03 2.976E-01 1.113E+00 2.000E+00
1.013E+08 2.159E+02 5.273E-02 2.789E-03 1.274E-05 5.730E+03 2.976E-01 1.113E+00 2.000E+00
1.398E+08 2.551E+02 5.166E-02 2.789E-03 1.299E-05 3.807E+03 2.976E-01 1.113E+00 2.000E+00
7.777E+07 3.266E+02 4.949E-02 2.789E-03 1.345E-05 3.306E+03 2.977E-01 1.113E+00 2.000E+00
1.573E+08 2.717E+02 5.117E-02 2.789E-03 1.430E-05 3.514E+03 2.978E-01 1.113E+00 2.000E+00
1.070E+08 2.718E+02 5.118E-02 2.789E-03 1.585E-05 3.513E+03 2.980E-01 1.113E+00 2.000E+00
4.204E+09 2.983E+02 5.038E-02 2.789E-03 1.870E-05 3.293E+03 2.983E-01 1.114E+00 2.000E+00
1.041E+09 2.169E+02 5.276E-02 2.789E-03 2.391E-05 5.653E+03 2.989E-01 1.114E+00 2.000E+00
6.561E+08 2.807E+02 5.097E-02 2.789E-03 3.348E-05 3.440E+03 2.999E-01 1.114E+00 2.000E+00
4.395E+08 2.433E+02 5.217E-02 2.789E-03 5.101E-05 4.096E+03 3.019E-01 1.114E+00 2.000E+00
6.177E+07 2.896E+02 5.088E-02 2.789E-03 8.314E-05 3.578E+03 3.055E-01 1.115E+00 2.000E+00
5.376E+07 2.761E+02 5.153E-02 2.789E-03 1.420E-04 3.952E+03 3.120E-01 1.116E+00 2.000E+00
2.322E+07 2.287E+02 5.352E-02 2.789E-03 2.500E-04 4.761E+03 3.240E-01 1.119E+00 2.000E+00
NAN NAN NAN 2.789E-03 4.479E-04 NAN 3.459E-01 1.123E+00 2.000E+00
NAN NAN NAN 2.789E-03 8.106E-04 NAN 3.857E-01 1.132E+00 2.000E+00
NAN NAN NAN 2.789E-03 1.475E-03 NAN 4.572E-01 1.147E+00 2.000E+00
NAN NAN NAN 2.789E-03 2.694E-03 NAN 5.810E-01 1.175E+00 2.000E+00
NAN NAN NAN 2.789E-03 4.928E-03 NAN 7.603E-01 1.226E+00 2.000E+00
7.623E+07 2.329E+02 5.230E-02 3.528E-03 1.248E-05 4.566E+03 3.003E-01 1.113E+00 2.000E+00
2.604E+08 2.426E+02 5.203E-02 3.528E-03 1.252E-05 4.177E+03 3.003E-01 1.113E+00 2.000E+00
1.428E+08 2.303E+02 5.237E-02 3.528E-03 1.260E-05 4.702E+03 3.003E-01 1.113E+00 2.000E+00
5.459E+07 2.369E+02 5.219E-02 3.528E-03 1.274E-05 4.387E+03 3.004E-01 1.113E+00 2.000E+00
7.954E+07 3.222E+02 4.963E-02 3.528E-03 1.299E-05 3.428E+03 3.004E-01 1.113E+00 2.000E+00
2.401E+09 2.549E+02 5.168E-02 3.528E-03 1.345E-05 3.842E+03 3.004E-01 1.113E+00 2.000E+00
8.891E+08 2.937E+02 5.051E-02 3.528E-03 1.430E-05 3.372E+03 3.005E-01 1.113E+00 2.000E+00
5.215E+07 3.214E+02 4.966E-02 3.528E-03 1.585E-05 3.444E+03 3.007E-01 1.113E+00 2.000E+00
4.412E+07 3.113E+02 4.998E-02 3.528E-03 1.870E-05 3.386E+03 3.010E-01 1.114E+00 2.000E+00
2.188E+09 2.667E+02 5.137E-02 3.528E-03 2.391E-05 3.645E+03 3.016E-01 1.114E+00 2.000E+00
1.288E+08 2.460E+02 5.202E-02 3.528E-03 3.348E-05 4.056E+03 3.027E-01 1.114E+00 2.000E+00
2.698E+08 2.249E+02 5.270E-02 3.528E-03 5.101E-05 4.887E+03 3.046E-01 1.114E+00 2.000E+00
9.519E+07 2.279E+02 5.277E-02 3.528E-03 8.314E-05 4.646E+03 3.082E-01 1.115E+00 2.000E+00
1.087E+08 2.435E+02 5.258E-02 3.528E-03 1.420E-04 4.204E+03 3.148E-01 1.116E+00 2.000E+00
6.629E+07 2.311E+02 5.346E-02 3.528E-03 2.500E-04 5.030E+03 3.268E-01 1.119E+00 2.000E+00
NAN NAN NAN 3.528E-03 4.479E-04 NAN 3.487E-01 1.123E+00 2.000E+00
NAN NAN NAN 3.528E-03 8.106E-04 NAN 3.886E-01 1.132E+00 2.000E+00
NAN NAN NAN 3.528E-03 1.475E-03 NAN 4.602E-01 1.147E+00 2.000E+00
NAN NAN NAN 3.528E-03 2.694E-03 NAN 5.843E-01 1.175E+00 2.000E+00
NAN NAN NAN 3.528E-03 4.928E-03 NAN 7.640E-01 1.226E+00 2.000E+00
4.526E+07 2.291E+02 5.242E-02 4.462E-03 1.248E-05 4.776E+03 3.038E-01 1.113E+00 2.000E+00
2.994E+08 2.291E+02 5.242E-02 4.462E-03 1.252E-05 4.778E+03 3.038E-01 1.113E+00 2.000E+00
6.940E+08 2.259E+02 5.251E-02 4.462E-03 1.260E-05 4.972E+03 3.038E-01 1.113E+00 2.000E+00
1.355E+08 2.337E+02 5.230E-02 4.462E-03 1.274E-05 4.543E+03 3.038E-01 1.113E+00 2.000E+00
1.834E+08 2.307E+02 5.238E-02 4.462E-03 1.299E-05 4.688E+03 3.038E-01 1.113E+00 2.000E+00
1.629E+08 2.650E+02 5.140E-02 4.462E-03 1.345E-05 3.709E+03 3.039E-01 1.113E+00 2.000E+00
2.491E+08 2.825E+02 5.087E-02 4.462E-03 1.430E-05 3.526E+03 3.040E-01 1.113E+00 2.000E+00
2.180E+08 2.339E+02 5.231E-02 4.462E-03 1.585E-05 4.585E+03 3.041E-01 1.114E+00 2.000E+00
2.340E+08 2.284E+02 5.247E-02 4.462E-03 1.870E-05 4.798E+03 3.045E-01 1.114E+00 2.000E+00
4.060E+08 2.664E+02 5.139E-02 4.462E-03 2.391E-05 3.704E+03 3.050E-01 1.114E+00 2.000E+00
1.312E+08 2.305E+02 5.248E-02 4.462E-03 3.348E-05 4.649E+03 3.061E-01 1.114E+00 2.000E+00
1.385E+08 2.415E+02 5.225E-02 4.462E-03 5.101E-05 4.219E+03 3.081E-01 1.114E+00 2.000E+00
9.526E+07 2.408E+02 5.242E-02 4.462E-03 8.314E-05 4.249E+03 3.117E-01 1.115E+00 2.000E+00
7.475E+07 2.294E+02 5.303E-02 4.462E-03 1.420E-04 4.621E+03 3.182E-01 1.116E+00 2.000E+00
5.095E+07 2.130E+02 5.405E-02 4.462E-03 2.500E-04 5.394E+03 3.303E-01 1.119E+00 2.000E+00
NAN NAN NAN 4.462E-03 4.479E-04 NAN 3.523E-01 1.123E+00 2.000E+00
NAN NAN NAN 4.462E-03 8.106E-04 NAN 3.922E-01 1.132E+00 2.000E+00
NAN NAN NAN 4.462E-03 1.475E-03 NAN 4.640E-01 1.147E+00 2.000E+00
NAN NAN NAN 4.462E-03 2.694E-03 NAN 5.884E-01 1.175E+00 2.000E+00
NAN NAN NAN 4.462E-03 4.928E-03 NAN 7.687E-01 1.226E+00 2.000E+00
2.595E+07 2.613E+02 5.152E-02 5.644E-03 1.248E-05 3.846E+03 3.081E-01 1.113E+00 2.000E+00
6.068E+07 2.613E+02 5.152E-02 5.644E-03 1.252E-05 3.846E+03 3.081E-01 1.113E+00 2.000E+00
6.937E+08 2.085E+02 5.298E-02 5.644E-03 1.260E-05 1.582E+03 3.081E-01 1.113E+00 2.000E+00
1.907E+08 2.134E+02 5.286E-02 5.644E-03 1.274E-05 5.985E+03 3.081E-01 1.113E+00 2.000E+00
2.763E+07 2.954E+02 5.048E-02 5.644E-03 1.299E-05 3.669E+03 3.081E-01 1.113E+00 2.000E+00
5.790E+07 2.842E+02 5.083E-02 5.644E-03 1.345E-05 3.653E+03 3.082E-01 1.113E+00 2.000E+00
7.169E+07 2.673E+02 5.135E-02 5.644E-03 1.430E-05 3.771E+03 3.083E-01 1.114E+00 2.000E+00
9.695E+07 2.746E+02 5.113E-02 5.644E-03 1.585E-05 3.708E+03 3.084E-01 1.114E+00 2.000E+00
4.849E+07 3.016E+02 5.031E-02 5.644E-03 1.870E-05 3.787E+03 3.087E-01 1.114E+00 2.000E+00
5.452E+07 2.799E+02 5.100E-02 5.644E-03 2.391E-05 3.713E+03 3.093E-01 1.114E+00 2.000E+00
4.137E+07 2.628E+02 5.156E-02 5.644E-03 3.348E-05 3.870E+03 3.104E-01 1.114E+00 2.000E+00
1.937E+08 2.197E+02 5.289E-02 5.644E-03 5.101E-05 5.247E+03 3.124E-01 1.114E+00 2.000E+00
1.174E+08 2.226E+02 5.297E-02 5.644E-03 8.314E-05 4.979E+03 3.160E-01 1.115E+00 2.000E+00
2.242E+08 2.263E+02 5.314E-02 5.644E-03 1.420E-04 4.824E+03 3.226E-01 1.116E+00 2.000E+00
2.743E+07 2.041E+02 5.435E-02 5.644E-03 2.500E-04 5.956E+03 3.346E-01 1.119E+00 2.000E+00
NAN NAN NAN 5.644E-03 4.479E-04 NAN 3.567E-01 1.123E+00 2.000E+00
NAN NAN NAN 5.644E-03 8.106E-04 NAN 3.967E-01 1.132E+00 2.000E+00
NAN NAN NAN 5.644E-03 1.475E-03 NAN 4.687E-01 1.147E+00 2.000E+00
NAN NAN NAN 5.644E-03 2.694E-03 NAN 5.937E-01 1.175E+00 2.000E+00
NAN NAN NAN 5.644E-03 4.928E-03 NAN 7.746E-01 1.226E+00 2.000E+00
4.742E+07 2.221E+02 5.267E-02 7.139E-03 1.248E-05 5.240E+03 3.135E-01 1.113E+00 2.000E+00
1.947E+08 2.221E+02 5.267E-02 7.139E-03 1.252E-05 5.240E+03 3.135E-01 1.113E+00 2.000E+00
1.845E+08 2.390E+02 5.220E-02 7.139E-03 1.260E-05 4.441E+03 3.135E-01 1.113E+00 2.000E+00
3.885E+08 2.594E+02 5.160E-02 7.139E-03 1.274E-05 4.007E+03 3.135E-01 1.113E+00 2.000E+00
3.631E+08 2.233E+02 5.264E-02 7.139E-03 1.299E-05 5.156E+03 3.135E-01 1.114E+00 2.000E+00
9.098E+08 2.119E+02 5.294E-02 7.139E-03 1.345E-05 6.897E+03 3.136E-01 1.114E+00 2.000E+00
2.917E+07 2.851E+02 5.082E-02 7.139E-03 1.430E-05 3.954E+03 3.137E-01 1.114E+00 2.000E+00
1.363E+08 2.530E+02 5.181E-02 7.139E-03 1.585E-05 4.109E+03 3.139E-01 1.114E+00 2.000E+00
1.388E+08 2.499E+02 5.191E-02 7.139E-03 1.870E-05 4.170E+03 3.142E-01 1.114E+00 2.000E+00
7.481E+08 2.535E+02 5.182E-02 7.139E-03 2.391E-05 4.119E+03 3.148E-01 1.114E+00 2.000E+00
7.537E+09 2.400E+02 5.227E-02 7.139E-03 3.348E-05 4.420E+03 3.158E-01 1.114E+00 2.000E+00
4.106E+08 2.021E+02 5.338E-02 7.139E-03 5.101E-05 0.000E+00 3.178E-01 1.114E+00 2.000E+00
5.510E+08 2.053E+02 5.347E-02 7.139E-03 8.314E-05 6.402E+03 3.214E-01 1.115E+00 2.000E+00
4.761E+08 2.097E+02 5.366E-02 7.139E-03 1.420E-04 5.721E+03 3.280E-01 1.116E+00 2.000E+00
2.754E+07 2.029E+02 5.443E-02 7.139E-03 2.500E-04 6.410E+03 3.402E-01 1.119E+00 2.000E+00
NAN NAN NAN 7.139E-03 4.479E-04 NAN 3.622E-01 1.123E+00 2.000E+00
NAN NAN NAN 7.139E-03 8.106E-04 NAN 4.024E-01 1.132E+00 2.000E+00
NAN NAN NAN 7.139E-03 1.475E-03 NAN 4.747E-01 1.147E+00 2.000E+00
NAN NAN NAN 7.139E-03 2.694E-03 NAN 6.003E-01 1.175E+00 2.000E+00
NAN NAN NAN 7.139E-03 4.928E-03 NAN 7.820E-01 1.226E+00 2.000E+00
4.743E+07 2.126E+02 5.296E-02 9.029E-03 1.248E-05 6.058E+03 3.203E-01 1.114E+00 2.000E+00
7.689E+07 2.021E+02 5.322E-02 9.029E-03 1.252E-05 NAN 3.203E-01 1.114E+00 2.000E+00
5.040E+08 2.168E+02 5.285E-02 9.029E-03 1.260E-05 5.662E+03 3.203E-01 1.114E+00 2.000E+00
6.549E+09 2.379E+02 5.227E-02 9.029E-03 1.274E-05 4.648E+03 3.204E-01 1.114E+00 2.000E+00
5.863E+07 2.639E+02 5.150E-02 9.029E-03 1.299E-05 4.263E+03 3.204E-01 1.114E+00 2.000E+00
1.852E+08 2.653E+02 5.145E-02 9.029E-03 1.345E-05 4.270E+03 3.204E-01 1.114E+00 2.000E+00
5.710E+07 2.147E+02 5.292E-02 9.029E-03 1.430E-05 5.847E+03 3.205E-01 1.114E+00 2.000E+00
5.827E+08 2.028E+02 5.323E-02 9.029E-03 1.585E-05 0.000E+00 3.207E-01 1.114E+00 2.000E+00
9.858E+07 2.345E+02 5.239E-02 9.029E-03 1.870E-05 4.718E+03 3.210E-01 1.114E+00 2.000E+00
2.152E+07 2.220E+02 5.277E-02 9.029E-03 2.391E-05 5.326E+03 3.216E-01 1.114E+00 2.000E+00
7.145E+07 2.614E+02 5.165E-02 9.029E-03 3.348E-05 4.527E+03 3.227E-01 1.114E+00 2.000E+00
7.110E+07 2.491E+02 5.210E-02 9.029E-03 5.101E-05 4.583E+03 3.247E-01 1.114E+00 2.000E+00
1.182E+09 2.139E+02 5.329E-02 9.029E-03 8.314E-05 5.661E+03 3.283E-01 1.115E+00 2.000E+00
2.793E+07 2.139E+02 5.358E-02 9.029E-03 1.420E-04 5.741E+03 3.349E-01 1.117E+00 2.000E+00
NAN NAN NAN 9.029E-03 2.500E-04 NAN 3.470E-01 1.119E+00 2.000E+00
NAN NAN NAN 9.029E-03 4.479E-04 NAN 3.692E-01 1.124E+00 2.000E+00
NAN NAN NAN 9.029E-03 8.106E-04 NAN 4.096E-01 1.132E+00 2.000E+00
NAN NAN NAN 9.029E-03 1.475E-03 NAN 4.822E-01 1.147E+00 2.000E+00
NAN NAN NAN 9.029E-03 2.694E-03 NAN 6.087E-01 1.175E+00 2.000E+00
NAN NAN NAN 9.029E-03 4.928E-03 NAN 7.915E-01 1.226E+00 2.000E+00
9.297E+07 2.460E+02 5.207E-02 1.142E-02 1.248E-05 4.826E+03 3.288E-01 1.114E+00 2.000E+00
7.727E+07 2.445E+02 5.212E-02 1.142E-02 1.252E-05 4.832E+03 3.288E-01 1.114E+00 2.000E+00
9.994E+08 2.349E+02 5.240E-02 1.142E-02 1.260E-05 4.965E+03 3.288E-01 1.114E+00 2.000E+00
5.694E+07 2.417E+02 5.220E-02 1.142E-02 1.274E-05 4.855E+03 3.289E-01 1.114E+00 2.000E+00
1.660E+08 2.269E+02 5.263E-02 1.142E-02 1.299E-05 5.204E+03 3.289E-01 1.114E+00 2.000E+00
8.701E+07 2.517E+02 5.191E-02 1.142E-02 1.345E-05 4.863E+03 3.289E-01 1.114E+00 2.000E+00
9.741E+07 2.195E+02 5.284E-02 1.142E-02 1.430E-05 5.560E+03 3.290E-01 1.114E+00 2.000E+00
8.001E+08 2.272E+02 5.263E-02 1.142E-02 1.585E-05 5.197E+03 3.292E-01 1.114E+00 2.000E+00
6.741E+08 2.249E+02 5.272E-02 1.142E-02 1.870E-05 5.296E+03 3.295E-01 1.114E+00 2.000E+00
1.252E+08 2.367E+02 5.240E-02 1.142E-02 2.391E-05 4.992E+03 3.301E-01 1.114E+00 2.000E+00
5.547E+07 2.190E+02 5.295E-02 1.142E-02 3.348E-05 5.583E+03 3.312E-01 1.114E+00 2.000E+00
1.069E+08 2.314E+02 5.268E-02 1.142E-02 5.101E-05 5.263E+03 3.332E-01 1.114E+00 2.000E+00
7.797E+07 2.154E+02 5.330E-02 1.142E-02 8.314E-05 5.871E+03 3.368E-01 1.115E+00 2.000E+00
3.034E+07 2.008E+02 5.402E-02 1.142E-02 1.420E-04 6.933E+03 3.435E-01 1.117E+00 2.000E+00
NAN NAN NAN 1.142E-02 2.500E-04 NAN 3.557E-01 1.119E+00 2.000E+00
NAN NAN NAN 1.142E-02 4.479E-04 NAN 3.780E-01 1.124E+00 2.000E+00
NAN NAN NAN 1.142E-02 8.106E-04 NAN 4.185E-01 1.132E+00 2.000E+00
NAN NAN NAN 1.142E-02 1.475E-03 NAN 4.916E-01 1.147E+00 2.000E+00
NAN NAN NAN 1.142E-02 2.694E-03 NAN 6.191E-01 1.175E+00 2.000E+00
NAN NAN NAN 1.142E-02 4.928E-03 NAN 8.034E-01 1.226E+00 2.000E+00
1.101E+09 2.241E+02 5.277E-02 1.445E-02 1.248E-05 5.842E+03 3.395E-01 1.114E+00 2.000E+00
2.060E+07 2.254E+02 5.274E-02 1.445E-02 1.252E-05 5.819E+03 3.395E-01 1.114E+00 2.000E+00
6.448E+07 2.028E+02 5.335E-02 1.445E-02 1.260E-05 7.281E+03 3.396E-01 1.114E+00 2.000E+00
1.803E+08 2.002E+02 5.342E-02 1.445E-02 1.274E-05 7.586E+03 3.396E-01 1.114E+00 2.000E+00
7.344E+07 2.145E+02 5.304E-02 1.445E-02 1.299E-05 6.195E+03 3.396E-01 1.114E+00 2.000E+00
4.486E+07 2.189E+02 5.292E-02 1.445E-02 1.345E-05 6.253E+03 3.397E-01 1.114E+00 2.000E+00
1.046E+08 2.107E+02 5.315E-02 1.445E-02 1.430E-05 6.597E+03 3.397E-01 1.114E+00 2.000E+00
1.080E+08 2.138E+02 5.308E-02 1.445E-02 1.585E-05 6.240E+03 3.399E-01 1.114E+00 2.000E+00
1.494E+08 2.196E+02 5.293E-02 1.445E-02 1.870E-05 6.001E+03 3.403E-01 1.114E+00 2.000E+00
9.229E+08 2.135E+02 5.313E-02 1.445E-02 2.391E-05 6.294E+03 3.408E-01 1.114E+00 2.000E+00
3.582E+07 2.165E+02 5.309E-02 1.445E-02 3.348E-05 6.221E+03 3.419E-01 1.114E+00 2.000E+00
6.935E+07 2.131E+02 5.328E-02 1.445E-02 5.101E-05 6.511E+03 3.439E-01 1.115E+00 2.000E+00
2.899E+09 2.003E+02 5.380E-02 1.445E-02 8.314E-05 7.448E+03 3.476E-01 1.115E+00 2.000E+00
NAN NAN NAN 1.445E-02 1.420E-04 NAN 3.543E-01 1.117E+00 2.000E+00
NAN NAN NAN 1.445E-02 2.500E-04 NAN 3.665E-01 1.119E+00 2.000E+00
NAN NAN NAN 1.445E-02 4.479E-04 NAN 3.890E-01 1.124E+00 2.000E+00
NAN NAN NAN 1.445E-02 8.106E-04 NAN 4.298E-01 1.132E+00 2.000E+00
NAN NAN NAN 1.445E-02 1.475E-03 NAN 5.034E-01 1.147E+00 2.000E+00
NAN NAN NAN 1.445E-02 2.694E-03 NAN 6.323E-01 1.175E+00 2.000E+00
NAN NAN NAN 1.445E-02 4.928E-03 NAN 8.185E-01 1.226E+00 2.000E+00
NAN NAN NAN 1.827E-02 1.248E-05 NAN 3.528E-01 1.114E+00 2.000E+00
NAN NAN NAN 1.827E-02 1.252E-05 NAN 3.528E-01 1.114E+00 2.000E+00
NAN NAN NAN 1.827E-02 1.260E-05 NAN 3.528E-01 1.114E+00 2.000E+00
NAN NAN NAN 1.827E-02 1.274E-05 NAN 3.528E-01 1.114E+00 2.000E+00
NAN NAN NAN 1.827E-02 1.299E-05 NAN 3.528E-01 1.114E+00 2.000E+00
NAN NAN NAN 1.827E-02 1.345E-05 NAN 3.529E-01 1.114E+00 2.000E+00
NAN NAN NAN 1.827E-02 1.430E-05 NAN 3.530E-01 1.114E+00 2.000E+00
NAN NAN NAN 1.827E-02 1.585E-05 NAN 3.532E-01 1.114E+00 2.000E+00
NAN NAN NAN 1.827E-02 1.870E-05 NAN 3.535E-01 1.114E+00 2.000E+00
NAN NAN NAN 1.827E-02 2.391E-05 NAN 3.541E-01 1.114E+00 2.000E+00
NAN NAN NAN 1.827E-02 3.348E-05 NAN 3.552E-01 1.114E+00 2.000E+00
NAN NAN NAN 1.827E-02 5.101E-05 NAN 3.572E-01 1.115E+00 2.000E+00
NAN NAN NAN 1.827E-02 8.314E-05 NAN 3.609E-01 1.115E+00 2.000E+00
NAN NAN NAN 1.827E-02 1.420E-04 NAN 3.676E-01 1.117E+00 2.000E+00
NAN NAN NAN 1.827E-02 2.500E-04 NAN 3.799E-01 1.119E+00 2.000E+00
NAN NAN NAN 1.827E-02 4.479E-04 NAN 4.025E-01 1.124E+00 2.000E+00
NAN NAN NAN 1.827E-02 8.106E-04 NAN 4.436E-01 1.132E+00 2.000E+00
NAN NAN NAN 1.827E-02 1.475E-03 NAN 5.179E-01 1.147E+00 2.000E+00
NAN NAN NAN 1.827E-02 2.694E-03 NAN 6.485E-01 1.175E+00 2.000E+00
NAN NAN NAN 1.827E-02 4.928E-03 NAN 8.376E-01 1.227E+00 2.000E+00
NAN NAN NAN 2.311E-02 1.248E-05 NAN 3.692E-01 1.114E+00 2.000E+00
NAN NAN NAN 2.311E-02 1.252E-05 NAN 3.692E-01 1.114E+00 2.000E+00
NAN NAN NAN 2.311E-02 1.260E-05 NAN 3.692E-01 1.114E+00 2.000E+00
NAN NAN NAN 2.311E-02 1.274E-05 NAN 3.692E-01 1.114E+00 2.000E+00
NAN NAN NAN 2.311E-02 1.299E-05 NAN 3.693E-01 1.114E+00 2.000E+00
NAN NAN NAN 2.311E-02 1.345E-05 NAN 3.693E-01 1.114E+00 2.000E+00
NAN NAN NAN 2.311E-02 1.430E-05 NAN 3.694E-01 1.114E+00 2.000E+00
NAN NAN NAN 2.311E-02 1.585E-05 NAN 3.696E-01 1.114E+00 2.000E+00
NAN NAN NAN 2.311E-02 1.870E-05 NAN 3.699E-01 1.114E+00 2.000E+00
NAN NAN NAN 2.311E-02 2.391E-05 NAN 3.705E-01 1.114E+00 2.000E+00
NAN NAN NAN 2.311E-02 3.348E-05 NAN 3.716E-01 1.114E+00 2.000E+00
NAN NAN NAN 2.311E-02 5.101E-05 NAN 3.736E-01 1.115E+00 2.000E+00
NAN NAN NAN 2.311E-02 8.314E-05 NAN 3.773E-01 1.115E+00 2.000E+00
NAN NAN NAN 2.311E-02 1.420E-04 NAN 3.841E-01 1.117E+00 2.000E+00
NAN NAN NAN 2.311E-02 2.500E-04 NAN 3.966E-01 1.119E+00 2.000E+00
NAN NAN NAN 2.311E-02 4.479E-04 NAN 4.193E-01 1.124E+00 2.000E+00
NAN NAN NAN 2.311E-02 8.106E-04 NAN 4.608E-01 1.132E+00 2.000E+00
NAN NAN NAN 2.311E-02 1.475E-03 NAN 5.359E-01 1.147E+00 2.000E+00
NAN NAN NAN 2.311E-02 2.694E-03 NAN 6.687E-01 1.175E+00 2.000E+00
NAN NAN NAN 2.311E-02 4.928E-03 NAN 8.618E-01 1.227E+00 2.000E+00
NAN NAN NAN 2.923E-02 1.248E-05 NAN 3.893E-01 1.114E+00 2.000E+00
NAN NAN NAN 2.923E-02 1.252E-05 NAN 3.893E-01 1.114E+00 2.000E+00
NAN NAN NAN 2.923E-02 1.260E-05 NAN 3.894E-01 1.114E+00 2.000E+00
NAN NAN NAN 2.923E-02 1.274E-05 NAN 3.894E-01 1.114E+00 2.000E+00
NAN NAN NAN 2.923E-02 1.299E-05 NAN 3.894E-01 1.114E+00 2.000E+00
NAN NAN NAN 2.923E-02 1.345E-05 NAN 3.895E-01 1.114E+00 2.000E+00
NAN NAN NAN 2.923E-02 1.430E-05 NAN 3.896E-01 1.114E+00 2.000E+00
NAN NAN NAN 2.923E-02 1.585E-05 NAN 3.897E-01 1.114E+00 2.000E+00
NAN NAN NAN 2.923E-02 1.870E-05 NAN 3.901E-01 1.114E+00 2.000E+00
NAN NAN NAN 2.923E-02 2.391E-05 NAN 3.907E-01 1.114E+00 2.000E+00
NAN NAN NAN 2.923E-02 3.348E-05 NAN 3.918E-01 1.114E+00 2.000E+00
NAN NAN NAN 2.923E-02 5.101E-05 NAN 3.938E-01 1.115E+00 2.000E+00
NAN NAN NAN 2.923E-02 8.314E-05 NAN 3.976E-01 1.116E+00 2.000E+00
NAN NAN NAN 2.923E-02 1.420E-04 NAN 4.044E-01 1.117E+00 2.000E+00
NAN NAN NAN 2.923E-02 2.500E-04 NAN 4.170E-01 1.119E+00 2.000E+00
NAN NAN NAN 2.923E-02 4.479E-04 NAN 4.399E-01 1.124E+00 2.000E+00
NAN NAN NAN 2.923E-02 8.106E-04 NAN 4.818E-01 1.132E+00 2.000E+00
NAN NAN NAN 2.923E-02 1.475E-03 NAN 5.579E-01 1.148E+00 2.000E+00
NAN NAN NAN 2.923E-02 2.694E-03 NAN 6.934E-01 1.176E+00 2.000E+00
NAN NAN NAN 2.923E-02 4.928E-03 NAN 8.923E-01 1.227E+00 2.000E+00
NAN NAN NAN 3.697E-02 1.248E-05 NAN 4.139E-01 1.114E+00 2.000E+00
NAN NAN NAN 3.697E-02 1.252E-05 NAN 4.139E-01 1.114E+00 2.000E+00
NAN NAN NAN 3.697E-02 1.260E-05 NAN 4.139E-01 1.114E+00 2.000E+00
NAN NAN NAN 3.697E-02 1.274E-05 NAN 4.139E-01 1.114E+00 2.000E+00
NAN NAN NAN 3.697E-02 1.299E-05 NAN 4.140E-01 1.114E+00 2.000E+00
NAN NAN NAN 3.697E-02 1.345E-05 NAN 4.140E-01 1.114E+00 2.000E+00
NAN NAN NAN 3.697E-02 1.430E-05 NAN 4.141E-01 1.114E+00 2.000E+00
NAN NAN NAN 3.697E-02 1.585E-05 NAN 4.143E-01 1.114E+00 2.000E+00
NAN NAN NAN 3.697E-02 1.870E-05 NAN 4.146E-01 1.114E+00 2.000E+00
NAN NAN NAN 3.697E-02 2.391E-05 NAN 4.152E-01 1.114E+00 2.000E+00
NAN NAN NAN 3.697E-02 3.348E-05 NAN 4.164E-01 1.115E+00 2.000E+00
NAN NAN NAN 3.697E-02 5.101E-05 NAN 4.184E-01 1.115E+00 2.000E+00
NAN NAN NAN 3.697E-02 8.314E-05 NAN 4.222E-01 1.116E+00 2.000E+00
NAN NAN NAN 3.697E-02 1.420E-04 NAN 4.291E-01 1.117E+00 2.000E+00
NAN NAN NAN 3.697E-02 2.500E-04 NAN 4.418E-01 1.120E+00 2.000E+00
NAN NAN NAN 3.697E-02 4.479E-04 NAN 4.650E-01 1.124E+00 2.000E+00
NAN NAN NAN 3.697E-02 8.106E-04 NAN 5.074E-01 1.132E+00 2.000E+00
NAN NAN NAN 3.697E-02 1.475E-03 NAN 5.845E-01 1.148E+00 2.000E+00
NAN NAN NAN 3.697E-02 2.694E-03 NAN 7.232E-01 1.176E+00 2.000E+00
NAN NAN NAN 3.697E-02 4.928E-03 NAN 9.308E-01 1.227E+00 2.000E+00
NAN NAN NAN 4.677E-02 1.248E-05 NAN 4.435E-01 1.114E+00 2.000E+00
NAN NAN NAN 4.677E-02 1.252E-05 NAN 4.435E-01 1.114E+00 2.000E+00
NAN NAN NAN 4.677E-02 1.260E-05 NAN 4.435E-01 1.114E+00 2.000E+00
NAN NAN NAN 4.677E-02 1.274E-05 NAN 4.435E-01 1.114E+00 2.000E+00
NAN NAN NAN 4.677E-02 1.299E-05 NAN 4.435E-01 1.114E+00 2.000E+00
NAN NAN NAN 4.677E-02 1.345E-05 NAN 4.436E-01 1.114E+00 2.000E+00
NAN NAN NAN 4.677E-02 1.430E-05 NAN 4.437E-01 1.114E+00 2.000E+00
NAN NAN NAN 4.677E-02 1.585E-05 NAN 4.439E-01 1.114E+00 2.000E+00
NAN NAN NAN 4.677E-02 1.870E-05 NAN 4.442E-01 1.115E+00 2.000E+00
NAN NAN NAN 4.677E-02 2.391E-05 NAN 4.448E-01 1.115E+00 2.000E+00
NAN NAN NAN 4.677E-02 3.348E-05 NAN 4.460E-01 1.115E+00 2.000E+00
NAN NAN NAN 4.677E-02 5.101E-05 NAN 4.480E-01 1.115E+00 2.000E+00
NAN NAN NAN 4.677E-02 8.314E-05 NAN 4.518E-01 1.116E+00 2.000E+00
NAN NAN NAN 4.677E-02 1.420E-04 NAN 4.588E-01 1.117E+00 2.000E+00
NAN NAN NAN 4.677E-02 2.500E-04 NAN 4.716E-01 1.120E+00 2.000E+00
NAN NAN NAN 4.677E-02 4.479E-04 NAN 4.950E-01 1.124E+00 2.000E+00
NAN NAN NAN 4.677E-02 8.106E-04 NAN 5.379E-01 1.133E+00 2.000E+00
NAN NAN NAN 4.677E-02 1.475E-03 NAN 6.161E-01 1.148E+00 2.000E+00
NAN NAN NAN 4.677E-02 2.694E-03 NAN 7.581E-01 1.176E+00 2.000E+00
NAN NAN NAN 4.677E-02 4.928E-03 NAN 9.789E-01 1.227E+00 2.000E+00
NAN NAN NAN 5.915E-02 1.248E-05 NAN 4.783E-01 1.115E+00 3.000E+00
NAN NAN NAN 5.915E-02 1.252E-05 NAN 4.783E-01 1.115E+00 3.000E+00
NAN NAN NAN 5.915E-02 1.260E-05 NAN 4.784E-01 1.115E+00 3.000E+00
NAN NAN NAN 5.915E-02 1.274E-05 NAN 4.784E-01 1.115E+00 3.000E+00
NAN NAN NAN 5.915E-02 1.299E-05 NAN 4.784E-01 1.115E+00 3.000E+00
NAN NAN NAN 5.915E-02 1.345E-05 NAN 4.785E-01 1.115E+00 3.000E+00
NAN NAN NAN 5.915E-02 1.430E-05 NAN 4.786E-01 1.115E+00 3.000E+00
NAN NAN NAN 5.915E-02 1.585E-05 NAN 4.787E-01 1.115E+00 3.000E+00
NAN NAN NAN 5.915E-02 1.870E-05 NAN 4.791E-01 1.115E+00 3.000E+00
NAN NAN NAN 5.915E-02 2.391E-05 NAN 4.797E-01 1.115E+00 3.000E+00
NAN NAN NAN 5.915E-02 3.348E-05 NAN 4.809E-01 1.115E+00 3.000E+00
NAN NAN NAN 5.915E-02 5.101E-05 NAN 4.829E-01 1.116E+00 3.000E+00
NAN NAN NAN 5.915E-02 8.314E-05 NAN 4.868E-01 1.116E+00 3.000E+00
NAN NAN NAN 5.915E-02 1.420E-04 NAN 4.938E-01 1.118E+00 3.000E+00
NAN NAN NAN 5.915E-02 2.500E-04 NAN 5.067E-01 1.120E+00 3.000E+00
NAN NAN NAN 5.915E-02 4.479E-04 NAN 5.303E-01 1.125E+00 3.000E+00
NAN NAN NAN 5.915E-02 8.106E-04 NAN 5.736E-01 1.133E+00 3.000E+00
NAN NAN NAN 5.915E-02 1.475E-03 NAN 6.527E-01 1.148E+00 3.000E+00
NAN NAN NAN 5.915E-02 2.694E-03 NAN 7.975E-01 1.176E+00 3.000E+00
NAN NAN NAN 5.915E-02 4.928E-03 NAN 1.000E+00 1.227E+00 0.000E+00
NAN NAN NAN 7.482E-02 1.248E-05 NAN 5.188E-01 1.115E+00 3.000E+00
NAN NAN NAN 7.482E-02 1.252E-05 NAN 5.188E-01 1.115E+00 3.000E+00
NAN NAN NAN 7.482E-02 1.260E-05 NAN 5.188E-01 1.115E+00 3.000E+00
NAN NAN NAN 7.482E-02 1.274E-05 NAN 5.188E-01 1.115E+00 3.000E+00
NAN NAN NAN 7.482E-02 1.299E-05 NAN 5.189E-01 1.115E+00 3.000E+00
NAN NAN NAN 7.482E-02 1.345E-05 NAN 5.189E-01 1.115E+00 3.000E+00
NAN NAN NAN 7.482E-02 1.430E-05 NAN 5.190E-01 1.115E+00 3.000E+00
NAN NAN NAN 7.482E-02 1.585E-05 NAN 5.192E-01 1.115E+00 3.000E+00
NAN NAN NAN 7.482E-02 1.870E-05 NAN 5.195E-01 1.115E+00 3.000E+00
NAN NAN NAN 7.482E-02 2.391E-05 NAN 5.202E-01 1.115E+00 3.000E+00
NAN NAN NAN 7.482E-02 3.348E-05 NAN 5.213E-01 1.116E+00 3.000E+00
NAN NAN NAN 7.482E-02 5.101E-05 NAN 5.234E-01 1.116E+00 3.000E+00
NAN NAN NAN 7.482E-02 8.314E-05 NAN 5.273E-01 1.117E+00 3.000E+00
NAN NAN NAN 7.482E-02 1.420E-04 NAN 5.343E-01 1.118E+00 3.000E+00
NAN NAN NAN 7.482E-02 2.500E-04 NAN 5.472E-01 1.120E+00 3.000E+00
NAN NAN NAN 7.482E-02 4.479E-04 NAN 5.709E-01 1.125E+00 3.000E+00
NAN NAN NAN 7.482E-02 8.106E-04 NAN 6.144E-01 1.133E+00 3.000E+00
NAN NAN NAN 7.482E-02 1.475E-03 NAN 6.939E-01 1.149E+00 3.000E+00
NAN NAN NAN 7.482E-02 2.694E-03 NAN 8.399E-01 1.177E+00 3.000E+00
NAN NAN NAN 7.482E-02 4.928E-03 NAN 1.000E+00 1.228E+00 3.000E+00
NAN NAN NAN 9.464E-02 1.248E-05 NAN 5.645E-01 1.116E+00 3.000E+00
NAN NAN NAN 9.464E-02 1.252E-05 NAN 5.645E-01 1.116E+00 3.000E+00
NAN NAN NAN 9.464E-02 1.260E-05 NAN 5.645E-01 1.116E+00 3.000E+00
NAN NAN NAN 9.464E-02 1.274E-05 NAN 5.645E-01 1.116E+00 3.000E+00
NAN NAN NAN 9.464E-02 1.299E-05 NAN 5.645E-01 1.116E+00 3.000E+00
NAN NAN NAN 9.464E-02 1.345E-05 NAN 5.646E-01 1.116E+00 3.000E+00
NAN NAN NAN 9.464E-02 1.430E-05 NAN 5.647E-01 1.116E+00 3.000E+00
NAN NAN NAN 9.464E-02 1.585E-05 NAN 5.649E-01 1.116E+00 3.000E+00
NAN NAN NAN 9.464E-02 1.870E-05 NAN 5.652E-01 1.116E+00 3.000E+00
NAN NAN NAN 9.464E-02 2.391E-05 NAN 5.658E-01 1.116E+00 3.000E+00
NAN NAN NAN 9.464E-02 3.348E-05 NAN 5.670E-01 1.116E+00 3.000E+00
NAN NAN NAN 9.464E-02 5.101E-05 NAN 5.691E-01 1.116E+00 3.000E+00
NAN NAN NAN 9.464E-02 8.314E-05 NAN 5.729E-01 1.117E+00 3.000E+00
NAN NAN NAN 9.464E-02 1.420E-04 NAN 5.799E-01 1.118E+00 3.000E+00
NAN NAN NAN 9.464E-02 2.500E-04 NAN 5.928E-01 1.121E+00 3.000E+00
NAN NAN NAN 9.464E-02 4.479E-04 NAN 6.164E-01 1.125E+00 3.000E+00
NAN NAN NAN 9.464E-02 8.106E-04 NAN 6.596E-01 1.134E+00 3.000E+00
NAN NAN NAN 9.464E-02 1.475E-03 NAN 7.387E-01 1.149E+00 3.000E+00
NAN NAN NAN 9.464E-02 2.694E-03 NAN 8.833E-01 1.177E+00 3.000E+00
NAN NAN NAN 9.464E-02 4.928E-03 NAN 1.000E+00 1.228E+00 3.000E+00
NAN NAN NAN 1.197E-01 1.248E-05 NAN 6.146E-01 1.157E+00 3.000E+00
NAN NAN NAN 1.197E-01 1.252E-05 NAN 6.146E-01 1.157E+00 3.000E+00
NAN NAN NAN 1.197E-01 1.260E-05 NAN 6.146E-01 1.157E+00 3.000E+00
NAN NAN NAN 1.197E-01 1.274E-05 NAN 6.147E-01 1.157E+00 3.000E+00
NAN NAN NAN 1.197E-01 1.299E-05 NAN 6.147E-01 1.157E+00 3.000E+00
NAN NAN NAN 1.197E-01 1.345E-05 NAN 6.147E-01 1.157E+00 3.000E+00
NAN NAN NAN 1.197E-01 1.430E-05 NAN 6.148E-01 1.157E+00 3.000E+00
NAN NAN NAN 1.197E-01 1.585E-05 NAN 6.150E-01 1.157E+00 3.000E+00
NAN NAN NAN 1.197E-01 1.870E-05 NAN 6.154E-01 1.157E+00 3.000E+00
NAN NAN NAN 1.197E-01 2.391E-05 NAN 6.160E-01 1.158E+00 3.000E+00
NAN NAN NAN 1.197E-01 3.348E-05 NAN 6.171E-01 1.158E+00 3.000E+00
NAN NAN NAN 1.197E-01 5.101E-05 NAN 6.192E-01 1.158E+00 3.000E+00
NAN NAN NAN 1.197E-01 8.314E-05 NAN 6.229E-01 1.159E+00 3.000E+00
NAN NAN NAN 1.197E-01 1.420E-04 NAN 6.298E-01 1.160E+00 3.000E+00
NAN NAN NAN 1.197E-01 2.500E-04 NAN 6.425E-01 1.162E+00 3.000E+00
NAN NAN NAN 1.197E-01 4.479E-04 NAN 6.658E-01 1.166E+00 3.000E+00
NAN NAN NAN 1.197E-01 8.106E-04 NAN 7.082E-01 1.175E+00 3.000E+00
NAN NAN NAN 1.197E-01 1.475E-03 NAN 7.857E-01 1.191E+00 3.000E+00
NAN NAN NAN 1.197E-01 2.694E-03 NAN 9.262E-01 1.231E+00 3.000E+00
NAN NAN NAN 1.197E-01 4.928E-03 NAN 1.000E+00 1.346E+00 3.000E+00
NAN NAN NAN 1.514E-01 1.248E-05 NAN 6.681E-01 1.284E+00 3.000E+00
NAN NAN NAN 1.514E-01 1.252E-05 NAN 6.681E-01 1.284E+00 3.000E+00
NAN NAN NAN 1.514E-01 1.260E-05 NAN 6.681E-01 1.284E+00 3.000E+00
NAN NAN NAN 1.514E-01 1.274E-05 NAN 6.682E-01 1.284E+00 3.000E+00
NAN NAN NAN 1.514E-01 1.299E-05 NAN 6.682E-01 1.284E+00 3.000E+00
NAN NAN NAN 1.514E-01 1.345E-05 NAN 6.682E-01 1.284E+00 3.000E+00
NAN NAN NAN 1.514E-01 1.430E-05 NAN 6.683E-01 1.284E+00 3.000E+00
NAN NAN NAN 1.514E-01 1.585E-05 NAN 6.685E-01 1.284E+00 3.000E+00
NAN NAN NAN 1.514E-01 1.870E-05 NAN 6.688E-01 1.284E+00 3.000E+00
NAN NAN NAN 1.514E-01 2.391E-05 NAN 6.694E-01 1.284E+00 3.000E+00
NAN NAN NAN 1.514E-01 3.348E-05 NAN 6.705E-01 1.285E+00 3.000E+00
NAN NAN NAN 1.514E-01 5.101E-05 NAN 6.725E-01 1.285E+00 3.000E+00
NAN NAN NAN 1.514E-01 8.314E-05 NAN 6.762E-01 1.286E+00 3.000E+00
NAN NAN NAN 1.514E-01 1.420E-04 NAN 6.829E-01 1.288E+00 3.000E+00
NAN NAN NAN 1.514E-01 2.500E-04 NAN 6.953E-01 1.291E+00 3.000E+00
NAN NAN NAN 1.514E-01 4.479E-04 NAN 7.178E-01 1.297E+00 3.000E+00
NAN NAN NAN 1.514E-01 8.106E-04 NAN 7.590E-01 1.308E+00 3.000E+00
NAN NAN NAN 1.514E-01 1.475E-03 NAN 8.337E-01 1.331E+00 3.000E+00
NAN NAN NAN 1.514E-01 2.694E-03 NAN 9.673E-01 1.380E+00 3.000E+00
NAN NAN NAN 1.514E-01 4.928E-03 NAN 1.000E+00 1.504E+00 3.000E+00
NAN NAN NAN 1.915E-01 1.248E-05 NAN 7.236E-01 1.461E+00 3.000E+00
NAN NAN NAN 1.915E-01 1.252E-05 NAN 7.236E-01 1.461E+00 3.000E+00
NAN NAN NAN 1.915E-01 1.260E-05 NAN 7.236E-01 1.461E+00 3.000E+00
NAN NAN NAN 1.915E-01 1.274E-05 NAN 7.236E-01 1.461E+00 3.000E+00
NAN NAN NAN 1.915E-01 1.299E-05 NAN 7.237E-01 1.461E+00 3.000E+00
NAN NAN NAN 1.915E-01 1.345E-05 NAN 7.237E-01 1.461E+00 3.000E+00
NAN NAN NAN 1.915E-01 1.430E-05 NAN 7.238E-01 1.461E+00 3.000E+00
NAN NAN NAN 1.915E-01 1.585E-05 NAN 7.240E-01 1.461E+00 3.000E+00
NAN NAN NAN 1.915E-01 1.870E-05 NAN 7.243E-01 1.461E+00 3.000E+00
NAN NAN NAN 1.915E-01 2.391E-05 NAN 7.248E-01 1.461E+00 3.000E+00
NAN NAN NAN 1.915E-01 3.348E-05 NAN 7.259E-01 1.462E+00 3.000E+00
NAN NAN NAN 1.915E-01 5.101E-05 NAN 7.278E-01 1.462E+00 3.000E+00
NAN NAN NAN 1.915E-01 8.314E-05 NAN 7.313E-01 1.464E+00 3.000E+00
NAN NAN NAN 1.915E-01 1.420E-04 NAN 7.378E-01 1.466E+00 3.000E+00
NAN NAN NAN 1.915E-01 2.500E-04 NAN 7.496E-01 1.470E+00 3.000E+00
NAN NAN NAN 1.915E-01 4.479E-04 NAN 7.712E-01 1.477E+00 3.000E+00
NAN NAN NAN 1.915E-01 8.106E-04 NAN 8.104E-01 1.490E+00 3.000E+00
NAN NAN NAN 1.915E-01 1.475E-03 NAN 8.812E-01 1.519E+00 3.000E+00
NAN NAN NAN 1.915E-01 2.694E-03 NAN 1.000E+00 1.575E+00 3.000E+00
NAN NAN NAN 1.915E-01 4.928E-03 NAN 1.000E+00 1.705E+00 3.000E+00
NAN NAN NAN 2.422E-01 1.248E-05 NAN 7.796E-01 1.697E+00 3.000E+00
NAN NAN NAN 2.422E-01 1.252E-05 NAN 7.796E-01 1.697E+00 3.000E+00
NAN NAN NAN 2.422E-01 1.260E-05 NAN 7.796E-01 1.697E+00 3.000E+00
NAN NAN NAN 2.422E-01 1.274E-05 NAN 7.796E-01 1.697E+00 3.000E+00
NAN NAN NAN 2.422E-01 1.299E-05 NAN 7.796E-01 1.697E+00 3.000E+00
NAN NAN NAN 2.422E-01 1.345E-05 NAN 7.797E-01 1.697E+00 3.000E+00
NAN NAN NAN 2.422E-01 1.430E-05 NAN 7.798E-01 1.697E+00 3.000E+00
NAN NAN NAN 2.422E-01 1.585E-05 NAN 7.799E-01 1.697E+00 3.000E+00
NAN NAN NAN 2.422E-01 1.870E-05 NAN 7.802E-01 1.697E+00 3.000E+00
NAN NAN NAN 2.422E-01 2.391E-05 NAN 7.808E-01 1.697E+00 3.000E+00
NAN NAN NAN 2.422E-01 3.348E-05 NAN 7.818E-01 1.698E+00 3.000E+00
NAN NAN NAN 2.422E-01 5.101E-05 NAN 7.836E-01 1.699E+00 3.000E+00
NAN NAN NAN 2.422E-01 8.314E-05 NAN 7.869E-01 1.700E+00 3.000E+00
NAN NAN NAN 2.422E-01 1.420E-04 NAN 7.930E-01 1.702E+00 3.000E+00
NAN NAN NAN 2.422E-01 2.500E-04 NAN 8.041E-01 1.707E+00 3.000E+00
NAN NAN NAN 2.422E-01 4.479E-04 NAN 8.244E-01 1.715E+00 3.000E+00
NAN NAN NAN 2.422E-01 8.106E-04 NAN 8.612E-01 1.731E+00 3.000E+00
NAN NAN NAN 2.422E-01 1.475E-03 NAN 9.271E-01 1.763E+00 3.000E+00
NAN NAN NAN 2.422E-01 2.694E-03 NAN 1.000E+00 1.825E+00 3.000E+00
NAN NAN NAN 2.422E-01 4.928E-03 NAN 1.000E+00 1.959E+00 3.000E+00
NAN NAN NAN 3.064E-01 1.248E-05 NAN 8.348E-01 2.005E+00 3.000E+00
NAN NAN NAN 3.064E-01 1.252E-05 NAN 8.348E-01 2.005E+00 3.000E+00
NAN NAN NAN 3.064E-01 1.260E-05 NAN 8.348E-01 2.005E+00 3.000E+00
NAN NAN NAN 3.064E-01 1.274E-05 NAN 8.348E-01 2.005E+00 3.000E+00
NAN NAN NAN 3.064E-01 1.299E-05 NAN 8.349E-01 2.005E+00 3.000E+00
NAN NAN NAN 3.064E-01 1.345E-05 NAN 8.349E-01 2.005E+00 3.000E+00
NAN NAN NAN 3.064E-01 1.430E-05 NAN 8.350E-01 2.005E+00 3.000E+00
NAN NAN NAN 3.064E-01 1.585E-05 NAN 8.351E-01 2.005E+00 3.000E+00
NAN NAN NAN 3.064E-01 1.870E-05 NAN 8.354E-01 2.005E+00 3.000E+00
NAN NAN NAN 3.064E-01 2.391E-05 NAN 8.359E-01 2.005E+00 3.000E+00
NAN NAN NAN 3.064E-01 3.348E-05 NAN 8.368E-01 2.006E+00 3.000E+00
NAN NAN NAN 3.064E-01 5.101E-05 NAN 8.385E-01 2.006E+00 3.000E+00
NAN NAN NAN 3.064E-01 8.314E-05 NAN 8.416E-01 2.008E+00 3.000E+00
NAN NAN NAN 3.064E-01 1.420E-04 NAN 8.473E-01 2.011E+00 3.000E+00
NAN NAN NAN 3.064E-01 2.500E-04 NAN 8.576E-01 2.016E+00 3.000E+00
NAN NAN NAN 3.064E-01 4.479E-04 NAN 8.764E-01 2.026E+00 3.000E+00
NAN NAN NAN 3.064E-01 8.106E-04 NAN 9.103E-01 2.043E+00 3.000E+00
NAN NAN NAN 3.064E-01 1.475E-03 NAN 9.707E-01 2.077E+00 3.000E+00
NAN NAN NAN 3.064E-01 2.694E-03 NAN 1.000E+00 2.143E+00 3.000E+00
NAN NAN NAN 3.064E-01 4.928E-03 NAN 1.000E+00 2.280E+00 3.000E+00
NAN NAN NAN 3.875E-01 1.248E-05 NAN 8.879E-01 2.400E+00 3.000E+00
NAN NAN NAN 3.875E-01 1.252E-05 NAN 8.879E-01 2.400E+00 3.000E+00
NAN NAN NAN 3.875E-01 1.260E-05 NAN 8.879E-01 2.400E+00 3.000E+00
NAN NAN NAN 3.875E-01 1.274E-05 NAN 8.880E-01 2.400E+00 3.000E+00
NAN NAN NAN 3.875E-01 1.299E-05 NAN 8.880E-01 2.400E+00 3.000E+00
NAN NAN NAN 3.875E-01 1.345E-05 NAN 8.880E-01 2.400E+00 3.000E+00
NAN NAN NAN 3.875E-01 1.430E-05 NAN 8.881E-01 2.400E+00 3.000E+00
NAN NAN NAN 3.875E-01 1.585E-05 NAN 8.882E-01 2.400E+00 3.000E+00
NAN NAN NAN 3.875E-01 1.870E-05 NAN 8.885E-01 2.400E+00 3.000E+00
NAN NAN NAN 3.875E-01 2.391E-05 NAN 8.889E-01 2.400E+00 3.000E+00
NAN NAN NAN 3.875E-01 3.348E-05 NAN 8.898E-01 2.401E+00 3.000E+00
NAN NAN NAN 3.875E-01 5.101E-05 NAN 8.913E-01 2.402E+00 3.000E+00
NAN NAN NAN 3.875E-01 8.314E-05 NAN 8.942E-01 2.403E+00 3.000E+00
NAN NAN NAN 3.875E-01 1.420E-04 NAN 8.993E-01 2.406E+00 3.000E+00
NAN NAN NAN 3.875E-01 2.500E-04 NAN 9.087E-01 2.412E+00 3.000E+00
NAN NAN NAN 3.875E-01 4.479E-04 NAN 9.259E-01 2.423E+00 3.000E+00
NAN NAN NAN 3.875E-01 8.106E-04 NAN 9.567E-01 2.442E+00 3.000E+00
NAN NAN NAN 3.875E-01 1.475E-03 NAN 1.000E+00 2.479E+00 3.000E+00
NAN NAN NAN 3.875E-01 2.694E-03 NAN 1.000E+00 2.548E+00 3.000E+00
NAN NAN NAN 3.875E-01 4.928E-03 NAN 1.000E+00 2.686E+00 3.000E+00
NAN NAN NAN 4.902E-01 1.248E-05 NAN 9.381E-01 2.907E+00 3.000E+00
NAN NAN NAN 4.902E-01 1.252E-05 NAN 9.381E-01 2.907E+00 3.000E+00
NAN NAN NAN 4.902E-01 1.260E-05 NAN 9.381E-01 2.907E+00 3.000E+00
NAN NAN NAN 4.902E-01 1.274E-05 NAN 9.381E-01 2.907E+00 3.000E+00
NAN NAN NAN 4.902E-01 1.299E-05 NAN 9.381E-01 2.908E+00 3.000E+00
NAN NAN NAN 4.902E-01 1.345E-05 NAN 9.382E-01 2.908E+00 3.000E+00
NAN NAN NAN 4.902E-01 1.430E-05 NAN 9.382E-01 2.908E+00 3.000E+00
NAN NAN NAN 4.902E-01 1.585E-05 NAN 9.384E-01 2.908E+00 3.000E+00
NAN NAN NAN 4.902E-01 1.870E-05 NAN 9.386E-01 2.908E+00 3.000E+00
NAN NAN NAN 4.902E-01 2.391E-05 NAN 9.390E-01 2.908E+00 3.000E+00
NAN NAN NAN 4.902E-01 3.348E-05 NAN 9.398E-01 2.909E+00 3.000E+00
NAN NAN NAN 4.902E-01 5.101E-05 NAN 9.412E-01 2.910E+00 3.000E+00
NAN NAN NAN 4.902E-01 8.314E-05 NAN 9.437E-01 2.911E+00 3.000E+00
NAN NAN NAN 4.902E-01 1.420E-04 NAN 9.483E-01 2.915E+00 3.000E+00
NAN NAN NAN 4.902E-01 2.500E-04 NAN 9.568E-01 2.920E+00 3.000E+00
NAN NAN NAN 4.902E-01 4.479E-04 NAN 9.722E-01 2.931E+00 3.000E+00
NAN NAN NAN 4.902E-01 8.106E-04 NAN 9.997E-01 2.951E+00 3.000E+00
NAN NAN NAN 4.902E-01 1.475E-03 NAN 1.000E+00 2.987E+00 3.000E+00
NAN NAN NAN 4.902E-01 2.694E-03 NAN 1.000E+00 3.061E+00 3.000E+00
NAN NAN NAN 4.902E-01 4.928E-03 NAN 1.000E+00 3.200E+00 3.000E+00
NAN NAN NAN 6.200E-01 1.248E-05 NAN 9.844E-01 3.550E+00 3.000E+00
NAN NAN NAN 6.200E-01 1.252E-05 NAN 9.844E-01 3.550E+00 3.000E+00
NAN NAN NAN 6.200E-01 1.260E-05 NAN 9.844E-01 3.550E+00 3.000E+00
NAN NAN NAN 6.200E-01 1.274E-05 NAN 9.845E-01 3.550E+00 3.000E+00
NAN NAN NAN 6.200E-01 1.299E-05 NAN 9.845E-01 3.550E+00 3.000E+00
NAN NAN NAN 6.200E-01 1.345E-05 NAN 9.845E-01 3.550E+00 3.000E+00
NAN NAN NAN 6.200E-01 1.430E-05 NAN 9.846E-01 3.550E+00 3.000E+00
NAN NAN NAN 6.200E-01 1.585E-05 NAN 9.847E-01 3.550E+00 3.000E+00
NAN NAN NAN 6.200E-01 1.870E-05 NAN 9.849E-01 3.551E+00 3.000E+00
NAN NAN NAN 6.200E-01 2.391E-05 NAN 9.852E-01 3.551E+00 3.000E+00
NAN NAN NAN 6.200E-01 3.348E-05 NAN 9.859E-01 3.551E+00 3.000E+00
NAN NAN NAN 6.200E-01 5.101E-05 NAN 9.871E-01 3.552E+00 3.000E+00
NAN NAN NAN 6.200E-01 8.314E-05 NAN 9.894E-01 3.554E+00 3.000E+00
NAN NAN NAN 6.200E-01 1.420E-04 NAN 9.935E-01 3.557E+00 3.000E+00
NAN NAN NAN 6.200E-01 2.500E-04 NAN 1.000E+00 3.563E+00 3.000E+00
NAN NAN NAN 6.200E-01 4.479E-04 NAN 1.000E+00 3.574E+00 3.000E+00
NAN NAN NAN 6.200E-01 8.106E-04 NAN 1.000E+00 3.596E+00 3.000E+00
NAN NAN NAN 6.200E-01 1.475E-03 NAN 1.000E+00 3.636E+00 3.000E+00
NAN NAN NAN 6.200E-01 2.694E-03 NAN 1.000E+00 3.709E+00 3.000E+00
NAN NAN NAN 6.200E-01 4.928E-03 NAN 1.000E+00 3.850E+00 3.000E+00
NAN NAN NAN 7.842E-01 1.248E-05 NAN 1.000E+00 4.368E+00 3.000E+00
NAN NAN NAN 7.842E-01 1.252E-05 NAN 1.000E+00 4.368E+00 3.000E+00
NAN NAN NAN 7.842E-01 1.260E-05 NAN 1.000E+00 4.368E+00 3.000E+00
NAN NAN NAN 7.842E-01 1.274E-05 NAN 1.000E+00 4.368E+00 3.000E+00
NAN NAN NAN 7.842E-01 1.299E-05 NAN 1.000E+00 4.368E+00 3.000E+00
NAN NAN NAN 7.842E-01 1.345E-05 NAN 1.000E+00 4.368E+00 3.000E+00
NAN NAN NAN 7.842E-01 1.430E-05 NAN 1.000E+00 4.368E+00 3.000E+00
NAN NAN NAN 7.842E-01 1.585E-05 NAN 1.000E+00 4.368E+00 3.000E+00
NAN NAN NAN 7.842E-01 1.870E-05 NAN 1.000E+00 4.368E+00 3.000E+00
NAN NAN NAN 7.842E-01 2.391E-05 NAN 1.000E+00 4.369E+00 3.000E+00
NAN NAN NAN 7.842E-01 3.348E-05 NAN 1.000E+00 4.369E+00 3.000E+00
NAN NAN NAN 7.842E-01 5.101E-05 NAN 1.000E+00 4.370E+00 3.000E+00
NAN NAN NAN 7.842E-01 8.314E-05 NAN 1.000E+00 4.372E+00 3.000E+00
NAN NAN NAN 7.842E-01 1.420E-04 NAN 1.000E+00 4.376E+00 3.000E+00
NAN NAN NAN 7.842E-01 2.500E-04 NAN 1.000E+00 4.382E+00 3.000E+00
NAN NAN NAN 7.842E-01 4.479E-04 NAN 1.000E+00 4.394E+00 3.000E+00
NAN NAN NAN 7.842E-01 8.106E-04 NAN 1.000E+00 4.416E+00 3.000E+00
NAN NAN NAN 7.842E-01 1.475E-03 NAN 1.000E+00 4.456E+00 3.000E+00
NAN NAN NAN 7.842E-01 2.694E-03 NAN 1.000E+00 4.529E+00 3.000E+00
NAN NAN NAN 7.842E-01 4.928E-03 NAN 1.000E+00 4.672E+00 1.000E+00
NAN NAN NAN 9.919E-01 1.248E-05 NAN 1.000E+00 5.405E+00 3.000E+00
NAN NAN NAN 9.919E-01 1.252E-05 NAN 1.000E+00 5.405E+00 3.000E+00
NAN NAN NAN 9.919E-01 1.260E-05 NAN 1.000E+00 5.405E+00 3.000E+00
NAN NAN NAN 9.919E-01 1.274E-05 NAN 1.000E+00 5.405E+00 3.000E+00
NAN NAN NAN 9.919E-01 1.299E-05 NAN 1.000E+00 5.405E+00 3.000E+00
NAN NAN NAN 9.919E-01 1.345E-05 NAN 1.000E+00 5.405E+00 3.000E+00
NAN NAN NAN 9.919E-01 1.430E-05 NAN 1.000E+00 5.405E+00 3.000E+00
NAN NAN NAN 9.919E-01 1.585E-05 NAN 1.000E+00 5.405E+00 3.000E+00
NAN NAN NAN 9.919E-01 1.870E-05 NAN 1.000E+00 5.406E+00 3.000E+00
NAN NAN NAN 9.919E-01 2.391E-05 NAN 1.000E+00 5.406E+00 3.000E+00
NAN NAN NAN 9.919E-01 3.348E-05 NAN 1.000E+00 5.407E+00 3.000E+00
NAN NAN NAN 9.919E-01 5.101E-05 NAN 1.000E+00 5.408E+00 3.000E+00
NAN NAN NAN 9.919E-01 8.314E-05 NAN 1.000E+00 5.410E+00 3.000E+00
NAN NAN NAN 9.919E-01 1.420E-04 NAN 1.000E+00 5.413E+00 3.000E+00
NAN NAN NAN 9.919E-01 2.500E-04 NAN 1.000E+00 5.420E+00 3.000E+00
NAN NAN NAN 9.919E-01 4.479E-04 NAN 1.000E+00 5.431E+00 3.000E+00
NAN NAN NAN 9.919E-01 8.106E-04 NAN 1.000E+00 5.453E+00 3.000E+00
NAN NAN NAN 9.919E-01 1.475E-03 NAN 1.000E+00 5.493E+00 3.000E+00
NAN NAN NAN 9.919E-01 2.694E-03 NAN 1.000E+00 5.566E+00 3.000E+00
NAN NAN NAN 9.919E-01 4.928E-03 NAN 1.000E+00 5.711E+00 1.000E+00
NAN NAN NAN 1.255E+00 1.248E-05 NAN 1.000E+00 6.719E+00 3.000E+00
NAN NAN NAN 1.255E+00 1.252E-05 NAN 1.000E+00 6.719E+00 3.000E+00
NAN NAN NAN 1.255E+00 1.260E-05 NAN 1.000E+00 6.719E+00 3.000E+00
NAN NAN NAN 1.255E+00 1.274E-05 NAN 1.000E+00 6.719E+00 3.000E+00
NAN NAN NAN 1.255E+00 1.299E-05 NAN 1.000E+00 6.719E+00 3.000E+00
NAN NAN NAN 1.255E+00 1.345E-05 NAN 1.000E+00 6.719E+00 3.000E+00
NAN NAN NAN 1.255E+00 1.430E-05 NAN 1.000E+00 6.719E+00 3.000E+00
NAN NAN NAN 1.255E+00 1.585E-05 NAN 1.000E+00 6.719E+00 3.000E+00
NAN NAN NAN 1.255E+00 1.870E-05 NAN 1.000E+00 6.720E+00 3.000E+00
NAN NAN NAN 1.255E+00 2.391E-05 NAN 1.000E+00 6.720E+00 3.000E+00
NAN NAN NAN 1.255E+00 3.348E-05 NAN 1.000E+00 6.720E+00 3.000E+00
NAN NAN NAN 1.255E+00 5.101E-05 NAN 1.000E+00 6.722E+00 3.000E+00
NAN NAN NAN 1.255E+00 8.314E-05 NAN 1.000E+00 6.723E+00 3.000E+00
NAN NAN NAN 1.255E+00 1.420E-04 NAN 1.000E+00 6.727E+00 3.000E+00
NAN NAN NAN 1.255E+00 2.500E-04 NAN 1.000E+00 6.733E+00 3.000E+00
NAN NAN NAN 1.255E+00 4.479E-04 NAN 1.000E+00 6.745E+00 3.000E+00
NAN NAN NAN 1.255E+00 8.106E-04 NAN 1.000E+00 6.767E+00 3.000E+00
NAN NAN NAN 1.255E+00 1.475E-03 NAN 1.000E+00 6.807E+00 3.000E+00
NAN NAN NAN 1.255E+00 2.694E-03 NAN 1.000E+00 6.883E+00 3.000E+00
NAN NAN NAN 1.255E+00 4.928E-03 NAN 1.000E+00 7.028E+00 1.000E+00
NAN NAN NAN 1.587E+00 1.248E-05 NAN 1.000E+00 8.377E+00 3.000E+00
NAN NAN NAN 1.587E+00 1.252E-05 NAN 1.000E+00 8.377E+00 3.000E+00
NAN NAN NAN 1.587E+00 1.260E-05 NAN 1.000E+00 8.377E+00 3.000E+00
NAN NAN NAN 1.587E+00 1.274E-05 NAN 1.000E+00 8.377E+00 3.000E+00
NAN NAN NAN 1.587E+00 1.299E-05 NAN 1.000E+00 8.377E+00 3.000E+00
NAN NAN NAN 1.587E+00 1.345E-05 NAN 1.000E+00 8.377E+00 3.000E+00
NAN NAN NAN 1.587E+00 1.430E-05 NAN 1.000E+00 8.377E+00 3.000E+00
NAN NAN NAN 1.587E+00 1.585E-05 NAN 1.000E+00 8.377E+00 3.000E+00
NAN NAN NAN 1.587E+00 1.870E-05 NAN 1.000E+00 8.378E+00 3.000E+00
NAN NAN NAN 1.587E+00 2.391E-05 NAN 1.000E+00 8.378E+00 3.000E+00
NAN NAN NAN 1.587E+00 3.348E-05 NAN 1.000E+00 8.378E+00 3.000E+00
NAN NAN NAN 1.587E+00 5.101E-05 NAN 1.000E+00 8.379E+00 3.000E+00
NAN NAN NAN 1.587E+00 8.314E-05 NAN 1.000E+00 8.381E+00 3.000E+00
NAN NAN NAN 1.587E+00 1.420E-04 NAN 1.000E+00 8.385E+00 3.000E+00
NAN NAN NAN 1.587E+00 2.500E-04 NAN 1.000E+00 8.391E+00 3.000E+00
NAN NAN NAN 1.587E+00 4.479E-04 NAN 1.000E+00 8.403E+00 3.000E+00
NAN NAN NAN 1.587E+00 8.106E-04 NAN 1.000E+00 8.425E+00 3.000E+00
NAN NAN NAN 1.587E+00 1.475E-03 NAN 1.000E+00 8.465E+00 3.000E+00
NAN NAN NAN 1.587E+00 2.694E-03 NAN 1.000E+00 8.545E+00 3.000E+00
NAN NAN NAN 1.587E+00 4.928E-03 NAN 1.000E+00 8.690E+00 1.000E+00
NAN NAN NAN 2.007E+00 1.248E-05 NAN 1.000E+00 1.047E+01 3.000E+00
NAN NAN NAN 2.007E+00 1.252E-05 NAN 1.000E+00 1.047E+01 3.000E+00
NAN NAN NAN 2.007E+00 1.260E-05 NAN 1.000E+00 1.047E+01 3.000E+00
NAN NAN NAN 2.007E+00 1.274E-05 NAN 1.000E+00 1.047E+01 3.000E+00
NAN NAN NAN 2.007E+00 1.299E-05 NAN 1.000E+00 1.047E+01 3.000E+00
NAN NAN NAN 2.007E+00 1.345E-05 NAN 1.000E+00 1.047E+01 3.000E+00
NAN NAN NAN 2.007E+00 1.430E-05 NAN 1.000E+00 1.047E+01 3.000E+00
NAN NAN NAN 2.007E+00 1.585E-05 NAN 1.000E+00 1.047E+01 3.000E+00
NAN NAN NAN 2.007E+00 1.870E-05 NAN 1.000E+00 1.048E+01 3.000E+00
NAN NAN NAN 2.007E+00 2.391E-05 NAN 1.000E+00 1.048E+01 3.000E+00
NAN NAN NAN 2.007E+00 3.348E-05 NAN 1.000E+00 1.048E+01 3.000E+00
NAN NAN NAN 2.007E+00 5.101E-05 NAN 1.000E+00 1.048E+01 3.000E+00
NAN NAN NAN 2.007E+00 8.314E-05 NAN 1.000E+00 1.048E+01 3.000E+00
NAN NAN NAN 2.007E+00 1.420E-04 NAN 1.000E+00 1.048E+01 3.000E+00
NAN NAN NAN 2.007E+00 2.500E-04 NAN 1.000E+00 1.049E+01 3.000E+00
NAN NAN NAN 2.007E+00 4.479E-04 NAN 1.000E+00 1.050E+01 3.000E+00
NAN NAN NAN 2.007E+00 8.106E-04 NAN 1.000E+00 1.052E+01 3.000E+00
NAN NAN NAN 2.007E+00 1.475E-03 NAN 1.000E+00 1.057E+01 3.000E+00
NAN NAN NAN 2.007E+00 2.694E-03 NAN 1.000E+00 1.065E+01 1.000E+00
NAN NAN NAN 2.007E+00 4.928E-03 NAN 1.000E+00 1.079E+01 1.000E+00
NAN NAN NAN 2.539E+00 1.248E-05 NAN 1.000E+00 1.313E+01 3.000E+00
NAN NAN NAN 2.539E+00 1.252E-05 NAN 1.000E+00 1.313E+01 3.000E+00
NAN NAN NAN 2.539E+00 1.260E-05 NAN 1.000E+00 1.313E+01 3.000E+00
NAN NAN NAN 2.539E+00 1.274E-05 NAN 1.000E+00 1.313E+01 3.000E+00
NAN NAN NAN 2.539E+00 1.299E-05 NAN 1.000E+00 1.313E+01 3.000E+00
NAN NAN NAN 2.539E+00 1.345E-05 NAN 1.000E+00 1.313E+01 3.000E+00
NAN NAN NAN 2.539E+00 1.430E-05 NAN 1.000E+00 1.314E+01 3.000E+00
NAN NAN NAN 2.539E+00 1.585E-05 NAN 1.000E+00 1.314E+01 3.000E+00
NAN NAN NAN 2.539E+00 1.870E-05 NAN 1.000E+00 1.314E+01 3.000E+00
NAN NAN NAN 2.539E+00 2.391E-05 NAN 1.000E+00 1.314E+01 3.000E+00
NAN NAN NAN 2.539E+00 3.348E-05 NAN 1.000E+00 1.314E+01 3.000E+00
NAN NAN NAN 2.539E+00 5.101E-05 NAN 1.000E+00 1.314E+01 3.000E+00
NAN NAN NAN 2.539E+00 8.314E-05 NAN 1.000E+00 1.314E+01 3.000E+00
NAN NAN NAN 2.539E+00 1.420E-04 NAN 1.000E+00 1.314E+01 3.000E+00
NAN NAN NAN 2.539E+00 2.500E-04 NAN 1.000E+00 1.315E+01 3.000E+00
NAN NAN NAN 2.539E+00 4.479E-04 NAN 1.000E+00 1.316E+01 3.000E+00
NAN NAN NAN 2.539E+00 8.106E-04 NAN 1.000E+00 1.319E+01 3.000E+00
NAN NAN NAN 2.539E+00 1.475E-03 NAN 1.000E+00 1.323E+01 1.000E+00
NAN NAN NAN 2.539E+00 2.694E-03 NAN 1.000E+00 1.331E+01 1.000E+00
NAN NAN NAN 2.539E+00 4.928E-03 NAN 1.000E+00 1.345E+01 1.000E+00
NAN NAN NAN 3.211E+00 1.248E-05 NAN 1.000E+00 1.650E+01 1.000E+00
NAN NAN NAN 3.211E+00 1.252E-05 NAN 1.000E+00 1.650E+01 1.000E+00
NAN NAN NAN 3.211E+00 1.260E-05 NAN 1.000E+00 1.650E+01 1.000E+00
NAN NAN NAN 3.211E+00 1.274E-05 NAN 1.000E+00 1.650E+01 1.000E+00
NAN NAN NAN 3.211E+00 1.299E-05 NAN 1.000E+00 1.650E+01 1.000E+00
NAN NAN NAN 3.211E+00 1.345E-05 NAN 1.000E+00 1.650E+01 1.000E+00
NAN NAN NAN 3.211E+00 1.430E-05 NAN 1.000E+00 1.650E+01 1.000E+00
NAN NAN NAN 3.211E+00 1.585E-05 NAN 1.000E+00 1.650E+01 1.000E+00
NAN NAN NAN 3.211E+00 1.870E-05 NAN 1.000E+00 1.650E+01 1.000E+00
NAN NAN NAN 3.211E+00 2.391E-05 NAN 1.000E+00 1.650E+01 1.000E+00
NAN NAN NAN 3.211E+00 3.348E-05 NAN 1.000E+00 1.650E+01 1.000E+00
NAN NAN NAN 3.211E+00 5.101E-05 NAN 1.000E+00 1.650E+01 1.000E+00
NAN NAN NAN 3.211E+00 8.314E-05 NAN 1.000E+00 1.650E+01 1.000E+00
NAN NAN NAN 3.211E+00 1.420E-04 NAN 1.000E+00 1.651E+01 1.000E+00
NAN NAN NAN 3.211E+00 2.500E-04 NAN 1.000E+00 1.651E+01 1.000E+00
NAN NAN NAN 3.211E+00 4.479E-04 NAN 1.000E+00 1.653E+01 1.000E+00
NAN NAN NAN 3.211E+00 8.106E-04 NAN 1.000E+00 1.655E+01 1.000E+00
NAN NAN NAN 3.211E+00 1.475E-03 NAN 1.000E+00 1.659E+01 1.000E+00
NAN NAN NAN 3.211E+00 2.694E-03 NAN 1.000E+00 1.667E+01 1.000E+00
NAN NAN NAN 3.211E+00 4.928E-03 NAN 1.000E+00 1.682E+01 1.000E+00
NAN NAN NAN 4.062E+00 1.248E-05 NAN 1.000E+00 2.076E+01 1.000E+00
NAN NAN NAN 4.062E+00 1.252E-05 NAN 1.000E+00 2.076E+01 1.000E+00
NAN NAN NAN 4.062E+00 1.260E-05 NAN 1.000E+00 2.076E+01 1.000E+00
NAN NAN NAN 4.062E+00 1.274E-05 NAN 1.000E+00 2.076E+01 1.000E+00
NAN NAN NAN 4.062E+00 1.299E-05 NAN 1.000E+00 2.076E+01 1.000E+00
NAN NAN NAN 4.062E+00 1.345E-05 NAN 1.000E+00 2.076E+01 1.000E+00
NAN NAN NAN 4.062E+00 1.430E-05 NAN 1.000E+00 2.076E+01 1.000E+00
NAN NAN NAN 4.062E+00 1.585E-05 NAN 1.000E+00 2.076E+01 1.000E+00
NAN NAN NAN 4.062E+00 1.870E-05 NAN 1.000E+00 2.076E+01 1.000E+00
NAN NAN NAN 4.062E+00 2.391E-05 NAN 1.000E+00 2.076E+01 1.000E+00
NAN NAN NAN 4.062E+00 3.348E-05 NAN 1.000E+00 2.076E+01 1.000E+00
NAN NAN NAN 4.062E+00 5.101E-05 NAN 1.000E+00 2.076E+01 1.000E+00
NAN NAN NAN 4.062E+00 8.314E-05 NAN 1.000E+00 2.076E+01 1.000E+00
NAN NAN NAN 4.062E+00 1.420E-04 NAN 1.000E+00 2.077E+01 1.000E+00
NAN NAN NAN 4.062E+00 2.500E-04 NAN 1.000E+00 2.077E+01 1.000E+00
NAN NAN NAN 4.062E+00 4.479E-04 NAN 1.000E+00 2.079E+01 1.000E+00
NAN NAN NAN 4.062E+00 8.106E-04 NAN 1.000E+00 2.081E+01 1.000E+00
NAN NAN NAN 4.062E+00 1.475E-03 NAN 1.000E+00 2.085E+01 1.000E+00
NAN NAN NAN 4.062E+00 2.694E-03 NAN 1.000E+00 2.093E+01 1.000E+00
NAN NAN NAN 4.062E+00 4.928E-03 NAN 1.000E+00 2.108E+01 1.000E+00
NAN NAN NAN 5.138E+00 1.248E-05 NAN 1.000E+00 2.614E+01 1.000E+00
NAN NAN NAN 5.138E+00 1.252E-05 NAN 1.000E+00 2.614E+01 1.000E+00
NAN NAN NAN 5.138E+00 1.260E-05 NAN 1.000E+00 2.614E+01 1.000E+00
NAN NAN NAN 5.138E+00 1.274E-05 NAN 1.000E+00 2.614E+01 1.000E+00
NAN NAN NAN 5.138E+00 1.299E-05 NAN 1.000E+00 2.614E+01 1.000E+00
NAN NAN NAN 5.138E+00 1.345E-05 NAN 1.000E+00 2.614E+01 1.000E+00
NAN NAN NAN 5.138E+00 1.430E-05 NAN 1.000E+00 2.614E+01 1.000E+00
NAN NAN NAN 5.138E+00 1.585E-05 NAN 1.000E+00 2.614E+01 1.000E+00
NAN NAN NAN 5.138E+00 1.870E-05 NAN 1.000E+00 2.614E+01 1.000E+00
NAN NAN NAN 5.138E+00 2.391E-05 NAN 1.000E+00 2.614E+01 1.000E+00
NAN NAN NAN 5.138E+00 3.348E-05 NAN 1.000E+00 2.614E+01 1.000E+00
NAN NAN NAN 5.138E+00 5.101E-05 NAN 1.000E+00 2.615E+01 1.000E+00
NAN NAN NAN 5.138E+00 8.314E-05 NAN 1.000E+00 2.615E+01 1.000E+00
NAN NAN NAN 5.138E+00 1.420E-04 NAN 1.000E+00 2.615E+01 1.000E+00
NAN NAN NAN 5.138E+00 2.500E-04 NAN 1.000E+00 2.616E+01 1.000E+00
NAN NAN NAN 5.138E+00 4.479E-04 NAN 1.000E+00 2.617E+01 1.000E+00
NAN NAN NAN 5.138E+00 8.106E-04 NAN 1.000E+00 2.620E+01 1.000E+00
NAN NAN NAN 5.138E+00 1.475E-03 NAN 1.000E+00 2.624E+01 1.000E+00
NAN NAN NAN 5.138E+00 2.694E-03 NAN 1.000E+00 2.632E+01 1.000E+00
NAN NAN NAN 5.138E+00 4.928E-03 NAN 1.000E+00 2.646E+01 1.000E+00
