7.934E+06 9.062E+02 1.454E+00 5.137E-05 9.881E-05 1.253E+03 8.738E-01 4.431E+01 2.000E+00
8.130E+06 9.062E+02 1.454E+00 5.137E-05 9.885E-05 1.253E+03 8.738E-01 4.431E+01 2.000E+00
8.520E+06 9.062E+02 1.454E+00 5.137E-05 9.892E-05 1.253E+03 8.738E-01 4.431E+01 2.000E+00
9.345E+06 9.062E+02 1.454E+00 5.137E-05 9.906E-05 1.253E+03 8.738E-01 4.431E+01 2.000E+00
1.140E+07 9.062E+02 1.454E+00 5.137E-05 9.931E-05 1.253E+03 8.738E-01 4.431E+01 2.000E+00
1.942E+07 9.062E+02 1.454E+00 5.137E-05 9.978E-05 1.253E+03 8.738E-01 4.431E+01 2.000E+00
4.907E+06 8.898E+02 1.464E+00 5.137E-05 1.006E-04 1.261E+03 8.738E-01 4.431E+01 2.000E+00
8.455E+07 7.586E+02 1.551E+00 5.137E-05 1.022E-04 1.338E+03 8.738E-01 4.431E+01 2.000E+00
4.651E+07 9.044E+02 1.455E+00 5.137E-05 1.050E-04 1.254E+03 8.739E-01 4.431E+01 2.000E+00
7.507E+06 3.979E+02 1.882E+00 5.137E-05 1.102E-04 1.932E+03 8.739E-01 4.431E+01 2.000E+00
4.476E+06 6.360E+02 1.646E+00 5.137E-05 1.198E-04 1.448E+03 8.740E-01 4.431E+01 2.000E+00
1.821E+09 7.114E+02 1.586E+00 5.137E-05 1.373E-04 1.550E+03 8.743E-01 4.431E+01 2.000E+00
4.187E+06 8.768E+02 1.472E+00 5.137E-05 1.695E-04 1.267E+03 8.747E-01 4.431E+01 2.000E+00
1.532E+06 7.082E+02 1.588E+00 5.137E-05 2.284E-04 1.376E+03 8.754E-01 4.432E+01 2.000E+00
1.129E+07 4.473E+02 1.828E+00 5.137E-05 3.363E-04 1.768E+03 8.767E-01 4.432E+01 2.000E+00
1.432E+07 8.942E+02 1.462E+00 5.137E-05 5.342E-04 1.260E+03 8.792E-01 4.432E+01 2.000E+00
4.078E+06 9.375E+02 1.437E+00 5.137E-05 8.969E-04 1.250E+03 8.835E-01 4.433E+01 2.000E+00
4.223E+07 4.011E+02 1.882E+00 5.137E-05 1.562E-03 1.911E+03 8.885E-01 4.435E+01 2.000E+00
9.450E+06 9.231E+02 1.447E+00 5.137E-05 2.780E-03 1.248E+03 8.976E-01 4.437E+01 2.000E+00
3.484E+06 5.906E+02 1.693E+00 5.137E-05 5.014E-03 1.494E+03 9.144E-01 4.443E+01 2.000E+00
8.423E+06 9.062E+02 1.454E+00 6.498E-05 9.881E-05 1.253E+03 8.738E-01 4.431E+01 2.000E+00
8.647E+06 9.062E+02 1.454E+00 6.498E-05 9.885E-05 1.253E+03 8.738E-01 4.431E+01 2.000E+00
9.092E+06 9.062E+02 1.454E+00 6.498E-05 9.892E-05 1.253E+03 8.738E-01 4.431E+01 2.000E+00
1.005E+07 9.062E+02 1.454E+00 6.498E-05 9.906E-05 1.408E+03 8.738E-01 4.431E+01 2.000E+00
1.248E+07 9.062E+02 1.454E+00 6.498E-05 9.931E-05 1.254E+03 8.738E-01 4.431E+01 2.000E+00
2.291E+07 9.062E+02 1.454E+00 6.498E-05 9.978E-05 1.253E+03 8.738E-01 4.431E+01 2.000E+00
5.112E+06 8.898E+02 1.464E+00 6.498E-05 1.006E-04 1.261E+03 8.738E-01 4.431E+01 2.000E+00
9.600E+07 7.574E+02 1.552E+00 6.498E-05 1.022E-04 1.339E+03 8.739E-01 4.431E+01 2.000E+00
7.538E+07 9.044E+02 1.455E+00 6.498E-05 1.050E-04 1.319E+03 8.739E-01 4.431E+01 2.000E+00
9.262E+06 3.968E+02 1.884E+00 6.498E-05 1.102E-04 1.936E+03 8.740E-01 4.431E+01 2.000E+00
5.417E+06 3.845E+02 1.898E+00 6.498E-05 1.198E-04 1.988E+03 8.741E-01 4.431E+01 2.000E+00
8.983E+06 6.146E+02 1.665E+00 6.498E-05 1.373E-04 1.469E+03 8.743E-01 4.431E+01 2.000E+00
4.352E+06 8.768E+02 1.472E+00 6.498E-05 1.695E-04 1.267E+03 8.747E-01 4.431E+01 2.000E+00
1.582E+06 7.082E+02 1.588E+00 6.498E-05 2.284E-04 1.376E+03 8.754E-01 4.432E+01 2.000E+00
8.113E+07 4.473E+02 1.828E+00 6.498E-05 3.363E-04 1.768E+03 8.768E-01 4.432E+01 2.000E+00
1.639E+07 8.942E+02 1.462E+00 6.498E-05 5.342E-04 1.259E+03 8.792E-01 4.432E+01 2.000E+00
2.244E+06 2.679E+02 2.039E+00 6.498E-05 8.969E-04 3.071E+03 8.836E-01 4.433E+01 2.000E+00
6.326E+06 9.114E+02 1.452E+00 6.498E-05 1.562E-03 1.252E+03 8.885E-01 4.435E+01 2.000E+00
1.001E+07 9.231E+02 1.447E+00 6.498E-05 2.780E-03 1.248E+03 8.977E-01 4.437E+01 2.000E+00
4.092E+06 5.906E+02 1.693E+00 6.498E-05 5.014E-03 1.494E+03 9.144E-01 4.443E+01 2.000E+00
9.142E+06 9.062E+02 1.454E+00 8.219E-05 9.881E-05 1.253E+03 8.739E-01 4.431E+01 2.000E+00
9.409E+06 9.062E+02 1.454E+00 8.219E-05 9.885E-05 1.253E+03 8.739E-01 4.431E+01 2.000E+00
9.943E+06 9.062E+02 1.454E+00 8.219E-05 9.892E-05 1.253E+03 8.739E-01 4.431E+01 2.000E+00
1.111E+07 9.062E+02 1.454E+00 8.219E-05 9.906E-05 1.254E+03 8.739E-01 4.431E+01 2.000E+00
1.419E+07 9.062E+02 1.454E+00 8.219E-05 9.931E-05 1.253E+03 8.739E-01 4.431E+01 2.000E+00
2.973E+07 9.062E+02 1.454E+00 8.219E-05 9.978E-05 1.255E+03 8.739E-01 4.431E+01 2.000E+00
5.400E+06 8.898E+02 1.464E+00 8.219E-05 1.006E-04 1.261E+03 8.739E-01 4.431E+01 2.000E+00
3.930E+07 7.589E+02 1.551E+00 8.219E-05 1.022E-04 1.338E+03 8.739E-01 4.431E+01 2.000E+00
3.617E+08 9.044E+02 1.455E+00 8.219E-05 1.050E-04 1.254E+03 8.740E-01 4.431E+01 2.000E+00
7.589E+06 5.074E+02 1.765E+00 8.219E-05 1.102E-04 1.630E+03 8.740E-01 4.431E+01 2.000E+00
1.309E+07 3.845E+02 1.898E+00 8.219E-05 1.198E-04 1.988E+03 8.741E-01 4.431E+01 2.000E+00
1.800E+07 6.146E+02 1.665E+00 8.219E-05 1.373E-04 1.470E+03 8.744E-01 4.431E+01 2.000E+00
4.581E+06 8.768E+02 1.472E+00 8.219E-05 1.695E-04 1.267E+03 8.748E-01 4.431E+01 2.000E+00
1.651E+06 7.082E+02 1.588E+00 8.219E-05 2.284E-04 1.376E+03 8.755E-01 4.432E+01 2.000E+00
9.633E+08 4.739E+02 1.799E+00 8.219E-05 3.363E-04 1.701E+03 8.768E-01 4.432E+01 2.000E+00
2.009E+07 8.942E+02 1.462E+00 8.219E-05 5.342E-04 1.260E+03 8.793E-01 4.432E+01 2.000E+00
2.038E+06 2.640E+02 2.044E+00 8.219E-05 8.969E-04 3.155E+03 8.836E-01 4.433E+01 2.000E+00
6.680E+06 9.114E+02 1.452E+00 8.219E-05 1.562E-03 1.253E+03 8.886E-01 4.435E+01 2.000E+00
1.083E+07 9.231E+02 1.447E+00 8.219E-05 2.780E-03 1.248E+03 8.977E-01 4.437E+01 2.000E+00
5.292E+06 5.906E+02 1.693E+00 8.219E-05 5.014E-03 1.494E+03 9.145E-01 4.443E+01 2.000E+00
1.026E+07 9.062E+02 1.454E+00 1.040E-04 9.881E-05 1.253E+03 8.739E-01 4.431E+01 2.000E+00
1.060E+07 9.062E+02 1.454E+00 1.040E-04 9.885E-05 1.254E+03 8.739E-01 4.431E+01 2.000E+00
1.129E+07 9.062E+02 1.454E+00 1.040E-04 9.892E-05 1.253E+03 8.739E-01 4.431E+01 2.000E+00
8.247E+06 5.798E+02 1.695E+00 1.040E-04 9.906E-05 1.513E+03 8.739E-01 4.431E+01 2.000E+00
1.721E+07 9.062E+02 1.454E+00 1.040E-04 9.931E-05 1.253E+03 8.740E-01 4.431E+01 2.000E+00
4.796E+07 9.062E+02 1.454E+00 1.040E-04 9.978E-05 1.253E+03 8.740E-01 4.431E+01 2.000E+00
5.819E+06 8.898E+02 1.464E+00 1.040E-04 1.006E-04 1.261E+03 8.740E-01 4.431E+01 2.000E+00
2.524E+07 4.947E+02 1.777E+00 1.040E-04 1.022E-04 1.656E+03 8.740E-01 4.431E+01 2.000E+00
2.613E+07 7.303E+02 1.572E+00 1.040E-04 1.050E-04 1.359E+03 8.740E-01 4.431E+01 2.000E+00
3.194E+07 5.074E+02 1.765E+00 1.040E-04 1.102E-04 1.630E+03 8.741E-01 4.431E+01 2.000E+00
1.392E+07 6.360E+02 1.646E+00 1.040E-04 1.198E-04 1.445E+03 8.742E-01 4.431E+01 2.000E+00
2.837E+06 6.072E+02 1.671E+00 1.040E-04 1.373E-04 1.478E+03 8.744E-01 4.431E+01 2.000E+00
4.913E+06 8.768E+02 1.472E+00 1.040E-04 1.695E-04 1.267E+03 8.748E-01 4.431E+01 2.000E+00
1.750E+06 7.082E+02 1.588E+00 1.040E-04 2.284E-04 1.377E+03 8.756E-01 4.432E+01 2.000E+00
5.512E+06 4.078E+02 1.872E+00 1.040E-04 3.363E-04 1.893E+03 8.769E-01 4.432E+01 2.000E+00
2.824E+07 8.942E+02 1.462E+00 1.040E-04 5.342E-04 1.259E+03 8.794E-01 4.432E+01 2.000E+00
2.879E+06 2.640E+02 2.044E+00 1.040E-04 8.969E-04 3.155E+03 8.837E-01 4.433E+01 2.000E+00
7.194E+06 9.114E+02 1.452E+00 1.040E-04 1.562E-03 1.252E+03 8.886E-01 4.435E+01 2.000E+00
1.208E+07 9.231E+02 1.447E+00 1.040E-04 2.780E-03 1.248E+03 8.978E-01 4.437E+01 2.000E+00
8.594E+06 5.906E+02 1.693E+00 1.040E-04 5.014E-03 1.494E+03 9.145E-01 4.443E+01 2.000E+00
1.217E+07 9.062E+02 1.454E+00 1.315E-04 9.881E-05 1.253E+03 8.740E-01 4.431E+01 2.000E+00
1.266E+07 9.062E+02 1.454E+00 1.315E-04 9.885E-05 1.254E+03 8.740E-01 4.431E+01 2.000E+00
1.367E+07 9.062E+02 1.454E+00 1.315E-04 9.892E-05 1.253E+03 8.740E-01 4.431E+01 2.000E+00
1.604E+07 9.062E+02 1.454E+00 1.315E-04 9.906E-05 1.253E+03 8.740E-01 4.431E+01 2.000E+00
2.367E+07 9.062E+02 1.454E+00 1.315E-04 9.931E-05 1.253E+03 8.740E-01 4.431E+01 2.000E+00
2.239E+08 9.062E+02 1.454E+00 1.315E-04 9.978E-05 1.253E+03 8.740E-01 4.431E+01 2.000E+00
6.463E+06 8.898E+02 1.464E+00 1.315E-04 1.006E-04 1.262E+03 8.741E-01 4.431E+01 2.000E+00
2.785E+07 7.592E+02 1.550E+00 1.315E-04 1.022E-04 1.337E+03 8.741E-01 4.431E+01 2.000E+00
2.233E+07 9.001E+02 1.458E+00 1.315E-04 1.050E-04 1.256E+03 8.741E-01 4.431E+01 2.000E+00
7.156E+07 5.089E+02 1.763E+00 1.315E-04 1.102E-04 1.627E+03 8.742E-01 4.431E+01 2.000E+00
4.160E+07 6.236E+02 1.657E+00 1.315E-04 1.198E-04 1.459E+03 8.743E-01 4.431E+01 2.000E+00
3.692E+06 6.072E+02 1.671E+00 1.315E-04 1.373E-04 1.478E+03 8.745E-01 4.431E+01 2.000E+00
5.416E+06 8.768E+02 1.472E+00 1.315E-04 1.695E-04 1.270E+03 8.749E-01 4.431E+01 2.000E+00
1.897E+06 7.082E+02 1.588E+00 1.315E-04 2.284E-04 1.376E+03 8.756E-01 4.432E+01 2.000E+00
6.857E+07 4.078E+02 1.872E+00 1.315E-04 3.363E-04 1.893E+03 8.770E-01 4.432E+01 2.000E+00
3.938E+06 6.599E+02 1.627E+00 1.315E-04 5.342E-04 1.420E+03 8.794E-01 4.432E+01 2.000E+00
6.410E+06 2.640E+02 2.044E+00 1.315E-04 8.969E-04 3.155E+03 8.837E-01 4.433E+01 2.000E+00
7.980E+06 9.114E+02 1.452E+00 1.315E-04 1.562E-03 1.252E+03 8.887E-01 4.435E+01 2.000E+00
1.419E+07 9.231E+02 1.447E+00 1.315E-04 2.780E-03 1.248E+03 8.978E-01 4.437E+01 2.000E+00
4.865E+07 5.906E+02 1.693E+00 1.315E-04 5.014E-03 1.494E+03 9.146E-01 4.443E+01 2.000E+00
1.599E+07 9.062E+02 1.454E+00 1.663E-04 9.881E-05 1.253E+03 8.741E-01 4.431E+01 2.000E+00
1.686E+07 9.062E+02 1.454E+00 1.663E-04 9.885E-05 1.253E+03 8.741E-01 4.431E+01 2.000E+00
1.875E+07 9.062E+02 1.454E+00 1.663E-04 9.892E-05 1.253E+03 8.741E-01 4.431E+01 2.000E+00
2.362E+07 9.062E+02 1.454E+00 1.663E-04 9.906E-05 1.253E+03 8.741E-01 4.431E+01 2.000E+00
4.569E+07 9.062E+02 1.454E+00 1.663E-04 9.931E-05 1.253E+03 8.741E-01 4.431E+01 2.000E+00
4.874E+06 8.898E+02 1.464E+00 1.663E-04 9.978E-05 1.261E+03 8.741E-01 4.431E+01 2.000E+00
7.537E+06 8.898E+02 1.464E+00 1.663E-04 1.006E-04 1.261E+03 8.742E-01 4.431E+01 2.000E+00
5.526E+07 7.568E+02 1.552E+00 1.663E-04 1.022E-04 1.339E+03 8.742E-01 4.431E+01 2.000E+00
4.351E+07 9.001E+02 1.458E+00 1.663E-04 1.050E-04 1.257E+03 8.742E-01 4.431E+01 2.000E+00
9.677E+06 5.708E+02 1.704E+00 1.663E-04 1.102E-04 1.679E+03 8.743E-01 4.431E+01 2.000E+00
6.688E+06 5.160E+02 1.756E+00 1.663E-04 1.198E-04 1.614E+03 8.744E-01 4.431E+01 2.000E+00
6.158E+06 6.072E+02 1.671E+00 1.663E-04 1.373E-04 1.478E+03 8.746E-01 4.431E+01 2.000E+00
6.241E+06 8.768E+02 1.472E+00 1.663E-04 1.695E-04 1.267E+03 8.750E-01 4.431E+01 2.000E+00
2.132E+06 7.082E+02 1.588E+00 1.663E-04 2.284E-04 1.376E+03 8.757E-01 4.432E+01 2.000E+00
1.093E+07 5.560E+02 1.718E+00 1.663E-04 3.363E-04 1.547E+03 8.771E-01 4.432E+01 2.000E+00
5.544E+06 6.599E+02 1.627E+00 1.663E-04 5.342E-04 1.420E+03 8.795E-01 4.432E+01 2.000E+00
4.770E+06 9.375E+02 1.437E+00 1.663E-04 8.969E-04 1.240E+03 8.838E-01 4.433E+01 2.000E+00
9.282E+06 9.114E+02 1.452E+00 1.663E-04 1.562E-03 1.252E+03 8.888E-01 4.435E+01 2.000E+00
1.826E+07 9.231E+02 1.447E+00 1.663E-04 2.780E-03 1.248E+03 8.979E-01 4.437E+01 2.000E+00
8.531E+06 5.843E+02 1.699E+00 1.663E-04 5.014E-03 1.502E+03 9.147E-01 4.443E+01 2.000E+00
2.689E+07 9.062E+02 1.454E+00 2.104E-04 9.881E-05 1.253E+03 8.743E-01 4.431E+01 2.000E+00
2.952E+07 9.062E+02 1.454E+00 2.104E-04 9.885E-05 1.253E+03 8.743E-01 4.431E+01 2.000E+00
3.600E+07 9.062E+02 1.454E+00 2.104E-04 9.892E-05 1.256E+03 8.743E-01 4.431E+01 2.000E+00
6.055E+07 9.062E+02 1.454E+00 2.104E-04 9.906E-05 1.253E+03 8.743E-01 4.431E+01 2.000E+00
4.608E+06 8.898E+02 1.464E+00 2.104E-04 9.931E-05 1.261E+03 8.743E-01 4.431E+01 2.000E+00
5.603E+06 8.898E+02 1.464E+00 2.104E-04 9.978E-05 1.261E+03 8.743E-01 4.431E+01 2.000E+00
9.602E+06 8.898E+02 1.464E+00 2.104E-04 1.006E-04 1.261E+03 8.743E-01 4.431E+01 2.000E+00
4.180E+07 7.595E+02 1.550E+00 2.104E-04 1.022E-04 1.337E+03 8.743E-01 4.431E+01 2.000E+00
6.885E+06 8.542E+02 1.486E+00 2.104E-04 1.050E-04 1.279E+03 8.744E-01 4.431E+01 2.000E+00
2.122E+08 5.563E+02 1.717E+00 2.104E-04 1.102E-04 1.547E+03 8.744E-01 4.431E+01 2.000E+00
3.972E+06 8.421E+02 1.494E+00 2.104E-04 1.198E-04 1.285E+03 8.745E-01 4.431E+01 2.000E+00
6.192E+07 6.072E+02 1.671E+00 2.104E-04 1.373E-04 1.478E+03 8.748E-01 4.431E+01 2.000E+00
7.778E+06 8.768E+02 1.472E+00 2.104E-04 1.695E-04 1.267E+03 8.752E-01 4.431E+01 2.000E+00
2.552E+06 7.082E+02 1.588E+00 2.104E-04 2.284E-04 1.376E+03 8.759E-01 4.432E+01 2.000E+00
3.119E+06 5.599E+02 1.714E+00 2.104E-04 3.363E-04 1.541E+03 8.772E-01 4.432E+01 2.000E+00
1.530E+07 6.599E+02 1.627E+00 2.104E-04 5.342E-04 1.420E+03 8.797E-01 4.432E+01 2.000E+00
1.466E+07 9.375E+02 1.437E+00 2.104E-04 8.969E-04 1.240E+03 8.839E-01 4.433E+01 2.000E+00
1.175E+07 9.114E+02 1.452E+00 2.104E-04 1.562E-03 1.252E+03 8.889E-01 4.435E+01 2.000E+00
2.896E+07 9.231E+02 1.447E+00 2.104E-04 2.780E-03 1.248E+03 8.980E-01 4.437E+01 2.000E+00
8.070E+06 5.872E+02 1.696E+00 2.104E-04 5.014E-03 1.498E+03 9.148E-01 4.443E+01 2.000E+00
2.345E+08 9.062E+02 1.454E+00 2.661E-04 9.881E-05 1.253E+03 8.744E-01 4.431E+01 2.000E+00
1.171E+09 9.062E+02 1.454E+00 2.661E-04 9.885E-05 1.253E+03 8.744E-01 4.431E+01 2.000E+00
4.631E+06 8.898E+02 1.464E+00 2.661E-04 9.892E-05 1.261E+03 8.744E-01 4.431E+01 2.000E+00
4.887E+06 8.898E+02 1.464E+00 2.661E-04 9.906E-05 1.262E+03 8.745E-01 4.431E+01 2.000E+00
5.449E+06 8.898E+02 1.464E+00 2.661E-04 9.931E-05 1.261E+03 8.745E-01 4.431E+01 2.000E+00
6.955E+06 8.898E+02 1.464E+00 2.661E-04 9.978E-05 1.261E+03 8.745E-01 4.431E+01 2.000E+00
3.256E+08 7.586E+02 1.551E+00 2.661E-04 1.006E-04 1.338E+03 8.745E-01 4.431E+01 2.000E+00
5.679E+06 3.010E+02 1.997E+00 2.661E-04 1.022E-04 2.578E+03 8.745E-01 4.431E+01 2.000E+00
1.047E+07 8.542E+02 1.486E+00 2.661E-04 1.050E-04 1.279E+03 8.745E-01 4.431E+01 2.000E+00
2.335E+06 7.251E+02 1.575E+00 2.661E-04 1.102E-04 1.363E+03 8.746E-01 4.431E+01 2.000E+00
4.956E+06 8.421E+02 1.494E+00 2.661E-04 1.198E-04 1.286E+03 8.747E-01 4.431E+01 2.000E+00
2.697E+06 3.962E+02 1.884E+00 2.661E-04 1.373E-04 1.939E+03 8.749E-01 4.431E+01 2.000E+00
1.146E+07 8.768E+02 1.472E+00 2.661E-04 1.695E-04 1.267E+03 8.753E-01 4.431E+01 2.000E+00
3.469E+06 7.082E+02 1.588E+00 2.661E-04 2.284E-04 1.376E+03 8.761E-01 4.432E+01 2.000E+00
8.784E+06 5.599E+02 1.714E+00 2.661E-04 3.363E-04 1.541E+03 8.774E-01 4.432E+01 2.000E+00
4.085E+06 6.549E+02 1.631E+00 2.661E-04 5.342E-04 1.425E+03 8.799E-01 4.432E+01 2.000E+00
5.651E+06 9.375E+02 1.437E+00 2.661E-04 8.969E-04 1.240E+03 8.841E-01 4.433E+01 2.000E+00
1.794E+07 9.114E+02 1.452E+00 2.661E-04 1.562E-03 1.252E+03 8.891E-01 4.435E+01 2.000E+00
1.192E+08 9.231E+02 1.447E+00 2.661E-04 2.780E-03 1.248E+03 8.982E-01 4.437E+01 2.000E+00
2.227E+07 4.521E+02 1.832E+00 2.661E-04 5.014E-03 1.743E+03 9.149E-01 4.443E+01 2.000E+00
5.458E+06 8.898E+02 1.464E+00 3.366E-04 9.881E-05 1.261E+03 8.747E-01 4.431E+01 2.000E+00
5.563E+06 8.898E+02 1.464E+00 3.366E-04 9.885E-05 1.261E+03 8.747E-01 4.431E+01 2.000E+00
5.768E+06 8.898E+02 1.464E+00 3.366E-04 9.892E-05 1.261E+03 8.747E-01 4.431E+01 2.000E+00
6.189E+06 8.898E+02 1.464E+00 3.366E-04 9.906E-05 1.261E+03 8.747E-01 4.431E+01 2.000E+00
7.161E+06 8.898E+02 1.464E+00 3.366E-04 9.931E-05 1.264E+03 8.747E-01 4.431E+01 2.000E+00
1.018E+07 8.898E+02 1.464E+00 3.366E-04 9.978E-05 1.261E+03 8.747E-01 4.431E+01 2.000E+00
2.256E+07 7.592E+02 1.550E+00 3.366E-04 1.006E-04 1.337E+03 8.747E-01 4.431E+01 2.000E+00
3.704E+07 9.080E+02 1.453E+00 3.366E-04 1.022E-04 1.252E+03 8.747E-01 4.431E+01 2.000E+00
3.395E+07 8.542E+02 1.486E+00 3.366E-04 1.050E-04 1.279E+03 8.747E-01 4.431E+01 2.000E+00
3.222E+06 7.251E+02 1.575E+00 3.366E-04 1.102E-04 1.363E+03 8.748E-01 4.431E+01 2.000E+00
7.391E+06 8.421E+02 1.494E+00 3.366E-04 1.198E-04 1.286E+03 8.749E-01 4.431E+01 2.000E+00
5.360E+06 3.906E+02 1.891E+00 3.366E-04 1.373E-04 1.967E+03 8.751E-01 4.431E+01 2.000E+00
3.057E+07 8.768E+02 1.472E+00 3.366E-04 1.695E-04 1.267E+03 8.755E-01 4.431E+01 2.000E+00
6.832E+06 7.082E+02 1.588E+00 3.366E-04 2.284E-04 1.376E+03 8.763E-01 4.432E+01 2.000E+00
4.764E+06 3.995E+02 1.881E+00 3.366E-04 3.363E-04 1.924E+03 8.776E-01 4.432E+01 2.000E+00
1.735E+07 6.549E+02 1.631E+00 3.366E-04 5.342E-04 1.425E+03 8.801E-01 4.432E+01 2.000E+00
6.484E+06 9.375E+02 1.437E+00 3.366E-04 8.969E-04 1.240E+03 8.842E-01 4.433E+01 2.000E+00
5.723E+07 9.114E+02 1.452E+00 3.366E-04 1.562E-03 1.252E+03 8.892E-01 4.435E+01 2.000E+00
1.553E+07 8.313E+02 1.504E+00 3.366E-04 2.780E-03 1.293E+03 8.984E-01 4.437E+01 2.000E+00
2.002E+08 9.525E+02 1.431E+00 3.366E-04 5.014E-03 1.238E+03 9.151E-01 4.443E+01 2.000E+00
7.850E+06 8.898E+02 1.464E+00 4.257E-04 9.881E-05 1.261E+03 8.749E-01 4.431E+01 2.000E+00
8.081E+06 8.898E+02 1.464E+00 4.257E-04 9.885E-05 1.261E+03 8.749E-01 4.431E+01 2.000E+00
8.545E+06 8.898E+02 1.464E+00 4.257E-04 9.892E-05 1.386E+03 8.749E-01 4.431E+01 2.000E+00
9.558E+06 8.898E+02 1.464E+00 4.257E-04 9.906E-05 1.261E+03 8.749E-01 4.431E+01 2.000E+00
1.510E+08 7.577E+02 1.552E+00 4.257E-04 9.931E-05 1.339E+03 8.749E-01 4.431E+01 2.000E+00
4.008E+07 7.571E+02 1.552E+00 4.257E-04 9.978E-05 1.339E+03 8.750E-01 4.431E+01 2.000E+00
7.019E+07 7.595E+02 1.550E+00 4.257E-04 1.006E-04 1.337E+03 8.750E-01 4.431E+01 2.000E+00
2.965E+07 9.044E+02 1.455E+00 4.257E-04 1.022E-04 1.254E+03 8.750E-01 4.431E+01 2.000E+00
1.260E+07 5.232E+02 1.749E+00 4.257E-04 1.050E-04 1.601E+03 8.750E-01 4.431E+01 2.000E+00
6.835E+06 7.251E+02 1.575E+00 4.257E-04 1.102E-04 1.363E+03 8.751E-01 4.431E+01 2.000E+00
2.191E+07 8.421E+02 1.494E+00 4.257E-04 1.198E-04 1.293E+03 8.752E-01 4.431E+01 2.000E+00
1.981E+07 5.919E+02 1.685E+00 4.257E-04 1.373E-04 1.497E+03 8.754E-01 4.431E+01 2.000E+00
6.040E+06 6.153E+02 1.664E+00 4.257E-04 1.695E-04 1.468E+03 8.758E-01 4.431E+01 2.000E+00
2.321E+07 7.113E+02 1.586E+00 4.257E-04 2.284E-04 1.374E+03 8.766E-01 4.432E+01 2.000E+00
2.032E+06 8.144E+02 1.513E+00 4.257E-04 3.363E-04 1.302E+03 8.779E-01 4.432E+01 2.000E+00
4.558E+07 6.570E+02 1.629E+00 4.257E-04 5.342E-04 1.434E+03 8.804E-01 4.432E+01 2.000E+00
8.052E+06 9.375E+02 1.437E+00 4.257E-04 8.969E-04 1.240E+03 8.845E-01 4.433E+01 2.000E+00
4.364E+06 6.005E+02 1.679E+00 4.257E-04 1.562E-03 1.485E+03 8.894E-01 4.435E+01 2.000E+00
4.844E+06 5.958E+02 1.685E+00 4.257E-04 2.780E-03 1.490E+03 8.986E-01 4.437E+01 2.000E+00
6.938E+06 9.666E+02 1.423E+00 4.257E-04 5.014E-03 1.232E+03 9.153E-01 4.443E+01 2.000E+00
4.262E+07 7.589E+02 1.551E+00 5.385E-04 9.881E-05 1.338E+03 8.753E-01 4.431E+01 2.000E+00
7.348E+07 7.589E+02 1.551E+00 5.385E-04 9.885E-05 1.338E+03 8.753E-01 4.431E+01 2.000E+00
3.433E+07 7.571E+02 1.552E+00 5.385E-04 9.892E-05 1.339E+03 8.753E-01 4.431E+01 2.000E+00
1.660E+07 7.592E+02 1.550E+00 5.385E-04 9.906E-05 1.337E+03 8.753E-01 4.431E+01 2.000E+00
1.012E+10 7.592E+02 1.550E+00 5.385E-04 9.931E-05 1.337E+03 8.753E-01 4.431E+01 2.000E+00
1.401E+08 4.411E+02 1.834E+00 5.385E-04 9.978E-05 1.788E+03 8.753E-01 4.431E+01 2.000E+00
2.876E+07 9.080E+02 1.453E+00 5.385E-04 1.006E-04 1.252E+03 8.753E-01 4.431E+01 2.000E+00
2.702E+07 9.001E+02 1.458E+00 5.385E-04 1.022E-04 1.264E+03 8.753E-01 4.431E+01 2.000E+00
2.250E+06 4.030E+02 1.877E+00 5.385E-04 1.050E-04 1.912E+03 8.754E-01 4.431E+01 2.000E+00
9.786E+07 6.507E+02 1.634E+00 5.385E-04 1.102E-04 1.429E+03 8.754E-01 4.431E+01 2.000E+00
4.263E+07 8.525E+02 1.488E+00 5.385E-04 1.198E-04 1.280E+03 8.756E-01 4.431E+01 2.000E+00
3.274E+07 8.024E+02 1.520E+00 5.385E-04 1.373E-04 1.309E+03 8.758E-01 4.431E+01 2.000E+00
7.005E+07 7.021E+02 1.593E+00 5.385E-04 1.695E-04 1.392E+03 8.762E-01 4.431E+01 2.000E+00
2.543E+06 7.960E+02 1.525E+00 5.385E-04 2.284E-04 1.313E+03 8.769E-01 4.432E+01 2.000E+00
4.317E+07 2.948E+02 2.005E+00 5.385E-04 3.363E-04 2.648E+03 8.782E-01 4.432E+01 2.000E+00
7.441E+07 8.773E+02 1.472E+00 5.385E-04 5.342E-04 1.282E+03 8.807E-01 4.432E+01 2.000E+00
7.418E+06 5.516E+02 1.723E+00 5.385E-04 8.969E-04 1.553E+03 8.847E-01 4.433E+01 2.000E+00
1.609E+07 6.173E+02 1.664E+00 5.385E-04 1.562E-03 1.465E+03 8.897E-01 4.435E+01 2.000E+00
2.087E+09 8.343E+02 1.502E+00 5.385E-04 2.780E-03 1.301E+03 8.989E-01 4.437E+01 2.000E+00
5.433E+06 6.291E+02 1.659E+00 5.385E-04 5.014E-03 1.450E+03 9.156E-01 4.443E+01 2.000E+00
1.048E+07 9.080E+02 1.453E+00 6.811E-04 9.881E-05 1.252E+03 8.757E-01 4.431E+01 2.000E+00
1.082E+07 9.080E+02 1.453E+00 6.811E-04 9.885E-05 1.252E+03 8.757E-01 4.431E+01 2.000E+00
1.153E+07 9.080E+02 1.453E+00 6.811E-04 9.892E-05 1.252E+03 8.757E-01 4.431E+01 2.000E+00
1.311E+07 9.080E+02 1.453E+00 6.811E-04 9.906E-05 1.252E+03 8.757E-01 4.431E+01 2.000E+00
1.759E+07 9.080E+02 1.453E+00 6.811E-04 9.931E-05 1.252E+03 8.757E-01 4.431E+01 2.000E+00
4.911E+07 9.080E+02 1.453E+00 6.811E-04 9.978E-05 1.252E+03 8.757E-01 4.431E+01 2.000E+00
1.514E+07 7.303E+02 1.572E+00 6.811E-04 1.006E-04 1.359E+03 8.758E-01 4.431E+01 2.000E+00
1.352E+07 8.542E+02 1.486E+00 6.811E-04 1.022E-04 1.279E+03 8.758E-01 4.431E+01 2.000E+00
8.165E+06 3.968E+02 1.884E+00 6.811E-04 1.050E-04 1.937E+03 8.758E-01 4.431E+01 2.000E+00
5.084E+06 7.361E+02 1.567E+00 6.811E-04 1.102E-04 1.354E+03 8.759E-01 4.431E+01 2.000E+00
1.921E+06 3.784E+02 1.905E+00 6.811E-04 1.198E-04 2.016E+03 8.760E-01 4.431E+01 2.000E+00
2.671E+06 6.319E+02 1.650E+00 6.811E-04 1.373E-04 1.450E+03 8.762E-01 4.431E+01 2.000E+00
4.664E+07 2.890E+02 2.012E+00 6.811E-04 1.695E-04 2.746E+03 8.766E-01 4.431E+01 2.000E+00
3.366E+06 3.733E+02 1.911E+00 6.811E-04 2.284E-04 2.039E+03 8.773E-01 4.432E+01 2.000E+00
4.098E+06 8.144E+02 1.513E+00 6.811E-04 3.363E-04 1.302E+03 8.787E-01 4.432E+01 2.000E+00
9.835E+06 5.372E+02 1.736E+00 6.811E-04 5.342E-04 1.577E+03 8.811E-01 4.432E+01 2.000E+00
3.071E+07 9.375E+02 1.437E+00 6.811E-04 8.969E-04 1.240E+03 8.851E-01 4.433E+01 2.000E+00
1.714E+06 3.707E+02 1.918E+00 6.811E-04 1.562E-03 2.041E+03 8.901E-01 4.435E+01 2.000E+00
1.285E+07 7.276E+02 1.577E+00 6.811E-04 2.780E-03 1.361E+03 8.992E-01 4.437E+01 2.000E+00
2.173E+06 5.024E+02 1.779E+00 6.811E-04 5.014E-03 1.629E+03 9.160E-01 4.443E+01 2.000E+00
1.914E+07 9.044E+02 1.455E+00 8.615E-04 9.881E-05 1.254E+03 8.763E-01 4.431E+01 2.000E+00
2.045E+07 9.044E+02 1.455E+00 8.615E-04 9.885E-05 1.254E+03 8.763E-01 4.431E+01 2.000E+00
2.339E+07 9.044E+02 1.455E+00 8.615E-04 9.892E-05 1.254E+03 8.763E-01 4.431E+01 2.000E+00
3.183E+07 9.044E+02 1.455E+00 8.615E-04 9.906E-05 1.254E+03 8.763E-01 4.431E+01 2.000E+00
1.753E+07 7.303E+02 1.572E+00 8.615E-04 9.931E-05 1.359E+03 8.763E-01 4.431E+01 2.000E+00
2.326E+07 9.001E+02 1.458E+00 8.615E-04 9.978E-05 1.256E+03 8.763E-01 4.431E+01 2.000E+00
9.577E+06 8.542E+02 1.486E+00 8.615E-04 1.006E-04 1.282E+03 8.763E-01 4.431E+01 2.000E+00
2.904E+08 3.603E+02 1.926E+00 8.615E-04 1.022E-04 2.108E+03 8.763E-01 4.431E+01 2.000E+00
1.414E+07 5.563E+02 1.717E+00 8.615E-04 1.050E-04 1.547E+03 8.764E-01 4.431E+01 2.000E+00
1.708E+07 8.056E+02 1.518E+00 8.615E-04 1.102E-04 1.307E+03 8.764E-01 4.431E+01 2.000E+00
2.882E+06 6.919E+02 1.601E+00 8.615E-04 1.198E-04 1.390E+03 8.766E-01 4.431E+01 2.000E+00
3.029E+06 7.811E+02 1.535E+00 8.615E-04 1.373E-04 1.323E+03 8.768E-01 4.431E+01 2.000E+00
8.112E+06 8.654E+02 1.479E+00 8.615E-04 1.695E-04 1.273E+03 8.772E-01 4.431E+01 2.000E+00
6.286E+06 8.087E+02 1.516E+00 8.615E-04 2.284E-04 1.330E+03 8.779E-01 4.432E+01 2.000E+00
3.108E+07 8.144E+02 1.513E+00 8.615E-04 3.363E-04 1.302E+03 8.792E-01 4.432E+01 2.000E+00
2.991E+06 8.850E+02 1.468E+00 8.615E-04 5.342E-04 1.265E+03 8.817E-01 4.432E+01 2.000E+00
2.354E+07 4.541E+02 1.822E+00 8.615E-04 8.969E-04 1.748E+03 8.856E-01 4.433E+01 2.000E+00
1.654E+06 6.386E+02 1.646E+00 8.615E-04 1.562E-03 1.445E+03 8.905E-01 4.435E+01 2.000E+00
1.616E+07 5.907E+02 1.689E+00 8.615E-04 2.780E-03 1.497E+03 8.997E-01 4.437E+01 2.000E+00
6.776E+06 3.544E+02 1.947E+00 8.615E-04 5.014E-03 2.095E+03 9.164E-01 4.443E+01 2.000E+00
9.205E+06 4.608E+02 1.813E+00 1.090E-03 9.881E-05 1.734E+03 8.770E-01 4.431E+01 2.000E+00
1.222E+07 4.608E+02 1.813E+00 1.090E-03 9.885E-05 1.734E+03 8.770E-01 4.431E+01 2.000E+00
3.125E+07 4.608E+02 1.813E+00 1.090E-03 9.892E-05 1.734E+03 8.770E-01 4.431E+01 2.000E+00
1.084E+07 8.542E+02 1.486E+00 1.090E-03 9.906E-05 1.279E+03 8.770E-01 4.431E+01 2.000E+00
1.663E+07 8.542E+02 1.486E+00 1.090E-03 9.931E-05 1.279E+03 8.770E-01 4.431E+01 2.000E+00
1.351E+07 5.232E+02 1.749E+00 1.090E-03 9.978E-05 1.601E+03 8.770E-01 4.431E+01 2.000E+00
3.372E+06 4.030E+02 1.877E+00 1.090E-03 1.006E-04 1.912E+03 8.770E-01 4.431E+01 2.000E+00
2.135E+07 2.647E+02 2.040E+00 1.090E-03 1.022E-04 3.178E+03 8.770E-01 4.431E+01 2.000E+00
4.664E+06 7.251E+02 1.575E+00 1.090E-03 1.050E-04 1.363E+03 8.771E-01 4.431E+01 2.000E+00
2.703E+06 8.348E+02 1.499E+00 1.090E-03 1.102E-04 1.290E+03 8.771E-01 4.431E+01 2.000E+00
4.431E+06 6.930E+02 1.600E+00 1.090E-03 1.198E-04 1.391E+03 8.773E-01 4.431E+01 2.000E+00
1.180E+08 7.811E+02 1.535E+00 1.090E-03 1.373E-04 1.323E+03 8.775E-01 4.431E+01 2.000E+00
1.686E+08 9.543E+02 1.426E+00 1.090E-03 1.695E-04 1.232E+03 8.779E-01 4.431E+01 2.000E+00
1.926E+06 4.673E+02 1.806E+00 1.090E-03 2.284E-04 1.717E+03 8.786E-01 4.432E+01 2.000E+00
9.058E+06 8.781E+02 1.472E+00 1.090E-03 3.363E-04 1.275E+03 8.800E-01 4.432E+01 2.000E+00
5.000E+06 8.850E+02 1.468E+00 1.090E-03 5.342E-04 1.264E+03 8.824E-01 4.432E+01 2.000E+00
1.232E+07 6.508E+02 1.635E+00 1.090E-03 8.969E-04 1.429E+03 8.861E-01 4.433E+01 2.000E+00
5.978E+07 6.386E+02 1.646E+00 1.090E-03 1.562E-03 1.442E+03 8.911E-01 4.435E+01 2.000E+00
3.342E+06 2.936E+02 2.016E+00 1.090E-03 2.780E-03 2.608E+03 9.002E-01 4.437E+01 2.000E+00
8.455E+06 4.630E+02 1.820E+00 1.090E-03 5.014E-03 1.714E+03 9.170E-01 4.443E+01 2.000E+00
2.802E+06 3.968E+02 1.884E+00 1.378E-03 9.881E-05 1.937E+03 8.779E-01 4.431E+01 2.000E+00
3.039E+06 3.968E+02 1.884E+00 1.378E-03 9.885E-05 1.937E+03 8.779E-01 4.431E+01 2.000E+00
3.607E+06 3.968E+02 1.884E+00 1.378E-03 9.892E-05 1.937E+03 8.779E-01 4.431E+01 2.000E+00
5.555E+06 3.968E+02 1.884E+00 1.378E-03 9.906E-05 1.937E+03 8.779E-01 4.431E+01 2.000E+00
7.058E+06 2.647E+02 2.040E+00 1.378E-03 9.931E-05 3.174E+03 8.779E-01 4.431E+01 2.000E+00
4.741E+06 5.074E+02 1.765E+00 1.378E-03 9.978E-05 1.631E+03 8.779E-01 4.431E+01 2.000E+00
4.036E+06 5.563E+02 1.717E+00 1.378E-03 1.006E-04 1.551E+03 8.779E-01 4.431E+01 2.000E+00
2.645E+06 7.251E+02 1.575E+00 1.378E-03 1.022E-04 1.363E+03 8.779E-01 4.431E+01 2.000E+00
4.885E+06 7.361E+02 1.567E+00 1.378E-03 1.050E-04 1.355E+03 8.780E-01 4.431E+01 2.000E+00
8.591E+07 6.360E+02 1.646E+00 1.378E-03 1.102E-04 1.445E+03 8.780E-01 4.431E+01 2.000E+00
2.180E+06 3.069E+02 1.990E+00 1.378E-03 1.198E-04 2.513E+03 8.782E-01 4.431E+01 2.000E+00
9.523E+06 7.661E+02 1.546E+00 1.378E-03 1.373E-04 1.333E+03 8.784E-01 4.431E+01 2.000E+00
4.349E+06 6.590E+02 1.627E+00 1.378E-03 1.695E-04 1.422E+03 8.788E-01 4.431E+01 2.000E+00
2.436E+06 8.148E+02 1.512E+00 1.378E-03 2.284E-04 1.302E+03 8.795E-01 4.432E+01 2.000E+00
3.746E+06 8.653E+02 1.480E+00 1.378E-03 3.363E-04 1.274E+03 8.809E-01 4.432E+01 2.000E+00
6.083E+08 8.850E+02 1.468E+00 1.378E-03 5.342E-04 1.264E+03 8.833E-01 4.432E+01 2.000E+00
5.001E+06 9.360E+02 1.438E+00 1.378E-03 8.969E-04 1.241E+03 8.868E-01 4.433E+01 2.000E+00
6.152E+06 7.908E+02 1.530E+00 1.378E-03 1.562E-03 1.317E+03 8.918E-01 4.435E+01 2.000E+00
1.192E+07 8.754E+02 1.475E+00 1.378E-03 2.780E-03 1.270E+03 9.010E-01 4.437E+01 2.000E+00
7.423E+07 2.671E+02 2.056E+00 1.378E-03 5.014E-03 2.935E+03 9.177E-01 4.443E+01 2.000E+00
1.940E+06 7.251E+02 1.575E+00 1.743E-03 9.881E-05 1.363E+03 8.790E-01 4.431E+01 2.000E+00
1.972E+06 7.251E+02 1.575E+00 1.743E-03 9.885E-05 1.363E+03 8.790E-01 4.431E+01 2.000E+00
2.034E+06 7.251E+02 1.575E+00 1.743E-03 9.892E-05 1.363E+03 8.790E-01 4.431E+01 2.000E+00
3.231E+06 7.393E+02 1.565E+00 1.743E-03 9.906E-05 1.352E+03 8.790E-01 4.431E+01 2.000E+00
2.442E+06 7.251E+02 1.575E+00 1.743E-03 9.931E-05 1.363E+03 8.790E-01 4.431E+01 2.000E+00
3.278E+06 7.251E+02 1.575E+00 1.743E-03 9.978E-05 1.363E+03 8.790E-01 4.431E+01 2.000E+00
1.086E+07 7.251E+02 1.575E+00 1.743E-03 1.006E-04 1.363E+03 8.791E-01 4.431E+01 2.000E+00
4.241E+06 7.361E+02 1.567E+00 1.743E-03 1.022E-04 1.355E+03 8.791E-01 4.431E+01 2.000E+00
8.578E+07 7.917E+02 1.528E+00 1.743E-03 1.050E-04 1.316E+03 8.791E-01 4.431E+01 2.000E+00
7.167E+06 3.603E+02 1.926E+00 1.743E-03 1.102E-04 2.108E+03 8.792E-01 4.431E+01 2.000E+00
1.351E+07 8.269E+02 1.504E+00 1.743E-03 1.198E-04 1.295E+03 8.793E-01 4.431E+01 2.000E+00
2.694E+06 5.001E+02 1.772E+00 1.743E-03 1.373E-04 1.645E+03 8.795E-01 4.431E+01 2.000E+00
7.640E+06 6.839E+02 1.607E+00 1.743E-03 1.695E-04 1.398E+03 8.799E-01 4.431E+01 2.000E+00
1.237E+08 8.148E+02 1.512E+00 1.743E-03 2.284E-04 1.302E+03 8.806E-01 4.432E+01 2.000E+00
6.581E+06 8.320E+02 1.501E+00 1.743E-03 3.363E-04 1.292E+03 8.820E-01 4.432E+01 2.000E+00
1.082E+07 3.718E+02 1.914E+00 1.743E-03 5.342E-04 2.044E+03 8.844E-01 4.432E+01 2.000E+00
1.371E+07 9.360E+02 1.438E+00 1.743E-03 8.969E-04 1.241E+03 8.878E-01 4.433E+01 2.000E+00
2.424E+06 3.585E+02 1.933E+00 1.743E-03 1.562E-03 2.104E+03 8.927E-01 4.435E+01 2.000E+00
8.551E+06 8.194E+02 1.512E+00 1.743E-03 2.780E-03 1.301E+03 9.019E-01 4.437E+01 2.000E+00
1.606E+07 5.608E+02 1.721E+00 1.743E-03 5.014E-03 1.534E+03 9.186E-01 4.443E+01 2.000E+00
1.632E+07 4.695E+02 1.804E+00 2.205E-03 9.881E-05 1.713E+03 8.805E-01 4.431E+01 2.000E+00
2.896E+07 4.695E+02 1.804E+00 2.205E-03 9.885E-05 1.712E+03 8.805E-01 4.431E+01 2.000E+00
1.694E+07 4.742E+02 1.799E+00 2.205E-03 9.892E-05 1.701E+03 8.805E-01 4.431E+01 2.000E+00
6.263E+06 7.361E+02 1.567E+00 2.205E-03 9.906E-05 1.355E+03 8.805E-01 4.431E+01 2.000E+00
1.036E+07 7.361E+02 1.567E+00 2.205E-03 9.931E-05 1.497E+03 8.805E-01 4.431E+01 2.000E+00
1.583E+07 7.535E+02 1.555E+00 2.205E-03 9.978E-05 1.342E+03 8.805E-01 4.431E+01 2.000E+00
6.419E+07 8.056E+02 1.518E+00 2.205E-03 1.006E-04 1.308E+03 8.805E-01 4.431E+01 2.000E+00
2.081E+06 2.642E+02 2.040E+00 2.205E-03 1.022E-04 3.190E+03 8.805E-01 4.431E+01 2.000E+00
3.549E+06 8.421E+02 1.494E+00 2.205E-03 1.050E-04 1.286E+03 8.805E-01 4.431E+01 2.000E+00
5.027E+06 6.919E+02 1.601E+00 2.205E-03 1.102E-04 1.391E+03 8.806E-01 4.431E+01 2.000E+00
6.796E+08 8.107E+02 1.515E+00 2.205E-03 1.198E-04 1.305E+03 8.807E-01 4.431E+01 2.000E+00
1.067E+07 3.734E+02 1.911E+00 2.205E-03 1.373E-04 2.043E+03 8.809E-01 4.431E+01 2.000E+00
5.248E+06 5.546E+02 1.719E+00 2.205E-03 1.695E-04 1.550E+03 8.813E-01 4.431E+01 2.000E+00
1.303E+07 6.402E+02 1.643E+00 2.205E-03 2.284E-04 1.441E+03 8.821E-01 4.432E+01 2.000E+00
4.069E+07 8.858E+02 1.467E+00 2.205E-03 3.363E-04 1.264E+03 8.834E-01 4.432E+01 2.000E+00
6.775E+06 9.118E+02 1.451E+00 2.205E-03 5.342E-04 1.251E+03 8.859E-01 4.432E+01 2.000E+00
3.687E+07 8.926E+02 1.463E+00 2.205E-03 8.969E-04 1.261E+03 8.889E-01 4.433E+01 2.000E+00
3.800E+06 6.837E+02 1.609E+00 2.205E-03 1.562E-03 1.398E+03 8.939E-01 4.435E+01 2.000E+00
7.369E+06 7.570E+02 1.555E+00 2.205E-03 2.780E-03 1.340E+03 9.030E-01 4.437E+01 2.000E+00
3.053E+06 6.345E+02 1.654E+00 2.205E-03 5.014E-03 1.450E+03 9.198E-01 4.443E+01 2.000E+00
4.102E+06 5.160E+02 1.756E+00 2.789E-03 9.881E-05 1.615E+03 8.823E-01 4.431E+01 2.000E+00
4.511E+06 5.160E+02 1.756E+00 2.789E-03 9.885E-05 1.629E+03 8.823E-01 4.431E+01 2.000E+00
5.537E+06 5.160E+02 1.756E+00 2.789E-03 9.892E-05 1.615E+03 8.823E-01 4.431E+01 2.000E+00
9.661E+06 5.160E+02 1.756E+00 2.789E-03 9.906E-05 1.615E+03 8.823E-01 4.431E+01 2.000E+00
1.248E+07 6.360E+02 1.646E+00 2.789E-03 9.931E-05 1.446E+03 8.823E-01 4.431E+01 2.000E+00
8.078E+06 8.348E+02 1.499E+00 2.789E-03 9.978E-05 1.290E+03 8.823E-01 4.431E+01 2.000E+00
4.319E+06 4.235E+02 1.853E+00 2.789E-03 1.006E-04 1.841E+03 8.823E-01 4.431E+01 2.000E+00
9.677E+06 8.421E+02 1.494E+00 2.789E-03 1.022E-04 1.286E+03 8.823E-01 4.431E+01 2.000E+00
2.351E+06 6.919E+02 1.601E+00 2.789E-03 1.050E-04 1.391E+03 8.824E-01 4.431E+01 2.000E+00
7.860E+06 6.702E+02 1.618E+00 2.789E-03 1.102E-04 1.414E+03 8.824E-01 4.431E+01 2.000E+00
2.232E+07 8.059E+02 1.518E+00 2.789E-03 1.198E-04 1.307E+03 8.825E-01 4.431E+01 2.000E+00
2.789E+07 9.325E+02 1.439E+00 2.789E-03 1.373E-04 1.242E+03 8.828E-01 4.431E+01 2.000E+00
5.557E+06 4.281E+02 1.849E+00 2.789E-03 1.695E-04 1.826E+03 8.832E-01 4.431E+01 2.000E+00
3.812E+06 4.494E+02 1.825E+00 2.789E-03 2.284E-04 1.763E+03 8.839E-01 4.432E+01 2.000E+00
9.375E+06 7.494E+02 1.558E+00 2.789E-03 3.363E-04 1.345E+03 8.852E-01 4.432E+01 2.000E+00
9.196E+06 8.999E+02 1.459E+00 2.789E-03 5.342E-04 1.257E+03 8.876E-01 4.432E+01 2.000E+00
9.859E+06 8.389E+02 1.497E+00 2.789E-03 8.969E-04 1.289E+03 8.904E-01 4.433E+01 2.000E+00
3.268E+06 5.507E+02 1.725E+00 2.789E-03 1.562E-03 1.554E+03 8.954E-01 4.435E+01 2.000E+00
7.662E+07 9.499E+02 1.431E+00 2.789E-03 2.780E-03 1.238E+03 9.045E-01 4.437E+01 2.000E+00
4.458E+06 5.167E+02 1.764E+00 2.789E-03 5.014E-03 1.604E+03 9.212E-01 4.443E+01 2.000E+00
9.625E+06 6.856E+02 1.606E+00 3.528E-03 9.881E-05 1.397E+03 8.846E-01 4.431E+01 2.000E+00
1.101E+07 6.856E+02 1.606E+00 3.528E-03 9.885E-05 1.397E+03 8.846E-01 4.431E+01 2.000E+00
1.503E+07 6.856E+02 1.606E+00 3.528E-03 9.892E-05 1.397E+03 8.846E-01 4.431E+01 2.000E+00
4.738E+07 6.856E+02 1.606E+00 3.528E-03 9.906E-05 1.397E+03 8.846E-01 4.431E+01 2.000E+00
2.149E+06 6.919E+02 1.601E+00 3.528E-03 9.931E-05 1.391E+03 8.846E-01 4.431E+01 2.000E+00
5.363E+06 3.727E+02 1.912E+00 3.528E-03 9.978E-05 2.044E+03 8.846E-01 4.431E+01 2.000E+00
4.116E+06 3.069E+02 1.990E+00 3.528E-03 1.006E-04 2.514E+03 8.846E-01 4.431E+01 2.000E+00
5.745E+07 6.930E+02 1.600E+00 3.528E-03 1.022E-04 1.390E+03 8.846E-01 4.431E+01 2.000E+00
6.159E+08 6.702E+02 1.618E+00 3.528E-03 1.050E-04 1.411E+03 8.847E-01 4.431E+01 2.000E+00
1.227E+07 3.962E+02 1.884E+00 3.528E-03 1.102E-04 1.962E+03 8.847E-01 4.431E+01 2.000E+00
3.540E+07 5.431E+02 1.730E+00 3.528E-03 1.198E-04 1.572E+03 8.848E-01 4.431E+01 2.000E+00
7.163E+07 9.471E+02 1.431E+00 3.528E-03 1.373E-04 1.236E+03 8.851E-01 4.431E+01 2.000E+00
6.712E+07 4.095E+02 1.869E+00 3.528E-03 1.695E-04 1.889E+03 8.855E-01 4.431E+01 2.000E+00
1.404E+07 5.230E+02 1.749E+00 3.528E-03 2.284E-04 1.602E+03 8.862E-01 4.432E+01 2.000E+00
8.790E+06 4.269E+02 1.850E+00 3.528E-03 3.363E-04 1.829E+03 8.875E-01 4.432E+01 2.000E+00
6.246E+06 9.246E+02 1.444E+00 3.528E-03 5.342E-04 1.246E+03 8.895E-01 4.432E+01 2.000E+00
4.422E+06 3.593E+02 1.930E+00 3.528E-03 8.969E-04 2.106E+03 8.922E-01 4.433E+01 2.000E+00
9.171E+07 4.790E+02 1.796E+00 3.528E-03 1.562E-03 1.686E+03 8.972E-01 4.435E+01 2.000E+00
3.058E+06 9.685E+02 1.421E+00 3.528E-03 2.780E-03 1.230E+03 9.063E-01 4.437E+01 2.000E+00
1.537E+07 3.250E+02 1.984E+00 3.528E-03 5.014E-03 2.279E+03 9.231E-01 4.443E+01 2.000E+00
8.635E+06 6.662E+02 1.621E+00 4.462E-03 9.881E-05 1.415E+03 8.875E-01 4.431E+01 2.000E+00
9.831E+06 6.662E+02 1.621E+00 4.462E-03 9.885E-05 1.415E+03 8.875E-01 4.431E+01 2.000E+00
1.322E+07 6.662E+02 1.621E+00 4.462E-03 9.892E-05 1.416E+03 8.875E-01 4.431E+01 2.000E+00
3.737E+07 6.662E+02 1.621E+00 4.462E-03 9.906E-05 1.415E+03 8.875E-01 4.431E+01 2.000E+00
5.922E+06 8.269E+02 1.504E+00 4.462E-03 9.931E-05 1.296E+03 8.875E-01 4.431E+01 2.000E+00
2.908E+06 3.543E+02 1.933E+00 4.462E-03 9.978E-05 2.143E+03 8.875E-01 4.431E+01 2.000E+00
3.832E+07 5.807E+02 1.695E+00 4.462E-03 1.006E-04 1.513E+03 8.875E-01 4.431E+01 2.000E+00
7.469E+07 8.075E+02 1.517E+00 4.462E-03 1.022E-04 1.307E+03 8.875E-01 4.431E+01 2.000E+00
2.684E+06 5.907E+02 1.686E+00 4.462E-03 1.050E-04 1.500E+03 8.876E-01 4.431E+01 2.000E+00
1.257E+07 5.755E+02 1.699E+00 4.462E-03 1.102E-04 1.520E+03 8.876E-01 4.431E+01 2.000E+00
2.462E+06 6.823E+02 1.608E+00 4.462E-03 1.198E-04 1.400E+03 8.877E-01 4.431E+01 2.000E+00
4.792E+07 8.990E+02 1.459E+00 4.462E-03 1.373E-04 1.258E+03 8.880E-01 4.431E+01 2.000E+00
9.069E+06 9.562E+02 1.425E+00 4.462E-03 1.695E-04 1.232E+03 8.884E-01 4.431E+01 2.000E+00
2.029E+07 8.090E+02 1.516E+00 4.462E-03 2.284E-04 1.306E+03 8.891E-01 4.432E+01 2.000E+00
4.662E+06 4.875E+02 1.785E+00 4.462E-03 3.363E-04 1.671E+03 8.903E-01 4.432E+01 2.000E+00
6.589E+06 9.361E+02 1.437E+00 4.462E-03 5.342E-04 1.242E+03 8.918E-01 4.432E+01 2.000E+00
2.409E+06 6.597E+02 1.628E+00 4.462E-03 8.969E-04 1.421E+03 8.946E-01 4.433E+01 2.000E+00
2.076E+07 9.563E+02 1.426E+00 4.462E-03 1.562E-03 1.235E+03 8.995E-01 4.435E+01 2.000E+00
6.338E+06 9.576E+02 1.427E+00 4.462E-03 2.780E-03 1.235E+03 9.087E-01 4.437E+01 2.000E+00
1.476E+07 9.603E+02 1.427E+00 4.462E-03 5.014E-03 1.251E+03 9.254E-01 4.443E+01 2.000E+00
1.721E+06 6.319E+02 1.650E+00 5.644E-03 9.881E-05 1.451E+03 8.911E-01 4.431E+01 2.000E+00
1.759E+06 6.319E+02 1.650E+00 5.644E-03 9.885E-05 1.451E+03 8.912E-01 4.431E+01 2.000E+00
1.832E+06 6.319E+02 1.650E+00 5.644E-03 9.892E-05 1.451E+03 8.912E-01 4.431E+01 2.000E+00
1.988E+06 6.319E+02 1.650E+00 5.644E-03 9.906E-05 1.451E+03 8.912E-01 4.431E+01 2.000E+00
2.371E+06 6.319E+02 1.650E+00 5.644E-03 9.931E-05 1.451E+03 8.912E-01 4.431E+01 2.000E+00
3.813E+06 6.319E+02 1.650E+00 5.644E-03 9.978E-05 1.454E+03 8.912E-01 4.431E+01 2.000E+00
3.562E+06 5.755E+02 1.699E+00 5.644E-03 1.006E-04 1.520E+03 8.912E-01 4.431E+01 2.000E+00
3.148E+06 7.811E+02 1.535E+00 5.644E-03 1.022E-04 1.336E+03 8.912E-01 4.431E+01 2.000E+00
3.086E+06 5.018E+02 1.770E+00 5.644E-03 1.050E-04 1.643E+03 8.912E-01 4.431E+01 2.000E+00
1.739E+06 6.823E+02 1.608E+00 5.644E-03 1.102E-04 1.400E+03 8.913E-01 4.431E+01 2.000E+00
1.024E+07 6.403E+02 1.643E+00 5.644E-03 1.198E-04 1.442E+03 8.914E-01 4.431E+01 2.000E+00
4.223E+06 5.231E+02 1.749E+00 5.644E-03 1.373E-04 1.603E+03 8.916E-01 4.431E+01 2.000E+00
9.748E+07 4.217E+02 1.856E+00 5.644E-03 1.695E-04 1.849E+03 8.920E-01 4.431E+01 2.000E+00
5.179E+06 7.006E+02 1.594E+00 5.644E-03 2.284E-04 1.386E+03 8.925E-01 4.432E+01 2.000E+00
7.514E+07 8.038E+02 1.520E+00 5.644E-03 3.363E-04 1.310E+03 8.933E-01 4.432E+01 2.000E+00
6.632E+06 8.428E+02 1.494E+00 5.644E-03 5.342E-04 1.287E+03 8.948E-01 4.432E+01 2.000E+00
1.936E+07 6.877E+02 1.605E+00 5.644E-03 8.969E-04 1.396E+03 8.975E-01 4.433E+01 2.000E+00
1.354E+07 5.736E+02 1.703E+00 5.644E-03 1.562E-03 1.521E+03 9.025E-01 4.435E+01 2.000E+00
2.345E+07 5.770E+02 1.702E+00 5.644E-03 2.780E-03 1.515E+03 9.116E-01 4.437E+01 2.000E+00
4.138E+06 6.722E+02 1.623E+00 5.644E-03 5.014E-03 1.409E+03 9.284E-01 4.443E+01 2.000E+00
4.068E+06 2.815E+02 2.020E+00 7.139E-03 9.881E-05 2.845E+03 8.953E-01 4.431E+01 2.000E+00
1.909E+06 2.815E+02 2.020E+00 7.139E-03 9.885E-05 2.845E+03 8.953E-01 4.431E+01 2.000E+00
3.826E+06 8.001E+02 1.522E+00 7.139E-03 9.892E-05 1.312E+03 8.953E-01 4.431E+01 2.000E+00
1.658E+06 2.830E+02 2.019E+00 7.139E-03 9.906E-05 2.821E+03 8.953E-01 4.431E+01 2.000E+00
2.369E+06 2.830E+02 2.019E+00 7.139E-03 9.931E-05 2.823E+03 8.953E-01 4.431E+01 2.000E+00
1.545E+07 2.830E+02 2.019E+00 7.139E-03 9.978E-05 2.821E+03 8.953E-01 4.431E+01 2.000E+00
8.317E+06 6.823E+02 1.608E+00 7.139E-03 1.006E-04 1.426E+03 8.953E-01 4.431E+01 2.000E+00
7.554E+08 3.246E+02 1.969E+00 7.139E-03 1.022E-04 2.350E+03 8.953E-01 4.431E+01 2.000E+00
1.051E+07 9.325E+02 1.439E+00 7.139E-03 1.050E-04 1.244E+03 8.953E-01 4.431E+01 2.000E+00
6.052E+06 5.451E+02 1.728E+00 7.139E-03 1.102E-04 1.566E+03 8.953E-01 4.431E+01 2.000E+00
1.332E+07 8.768E+02 1.472E+00 7.139E-03 1.198E-04 1.270E+03 8.954E-01 4.431E+01 2.000E+00
4.849E+06 5.209E+02 1.751E+00 7.139E-03 1.373E-04 1.607E+03 8.955E-01 4.431E+01 2.000E+00
2.940E+06 6.318E+02 1.650E+00 7.139E-03 1.695E-04 1.451E+03 8.958E-01 4.431E+01 2.000E+00
3.068E+06 8.883E+02 1.465E+00 7.139E-03 2.284E-04 1.264E+03 8.962E-01 4.432E+01 2.000E+00
3.622E+07 6.659E+02 1.622E+00 7.139E-03 3.363E-04 1.417E+03 8.970E-01 4.432E+01 2.000E+00
4.487E+06 8.590E+02 1.484E+00 7.139E-03 5.342E-04 1.279E+03 8.985E-01 4.432E+01 2.000E+00
4.543E+06 9.754E+02 1.415E+00 7.139E-03 8.969E-04 1.226E+03 9.012E-01 4.433E+01 2.000E+00
5.856E+06 9.235E+02 1.445E+00 7.139E-03 1.562E-03 1.249E+03 9.062E-01 4.435E+01 2.000E+00
4.212E+06 9.298E+02 1.443E+00 7.139E-03 2.780E-03 1.300E+03 9.154E-01 4.437E+01 2.000E+00
2.348E+06 3.333E+02 1.974E+00 7.139E-03 5.014E-03 2.222E+03 9.321E-01 4.443E+01 2.000E+00
8.815E+06 9.196E+02 1.446E+00 9.029E-03 9.881E-05 1.254E+03 9.000E-01 4.431E+01 2.000E+00
9.022E+06 9.196E+02 1.446E+00 9.029E-03 9.885E-05 1.250E+03 9.000E-01 4.431E+01 2.000E+00
9.430E+06 9.196E+02 1.446E+00 9.029E-03 9.892E-05 1.250E+03 9.000E-01 4.431E+01 2.000E+00
1.029E+07 9.196E+02 1.446E+00 9.029E-03 9.906E-05 1.250E+03 9.000E-01 4.431E+01 2.000E+00
1.238E+07 9.196E+02 1.446E+00 9.029E-03 9.931E-05 1.251E+03 9.000E-01 4.431E+01 2.000E+00
2.001E+07 9.196E+02 1.446E+00 9.029E-03 9.978E-05 1.250E+03 9.000E-01 4.431E+01 2.000E+00
1.664E+07 9.240E+02 1.444E+00 9.029E-03 1.006E-04 1.248E+03 9.000E-01 4.431E+01 2.000E+00
2.013E+07 8.873E+02 1.466E+00 9.029E-03 1.022E-04 1.282E+03 9.000E-01 4.431E+01 2.000E+00
5.426E+06 8.768E+02 1.472E+00 9.029E-03 1.050E-04 1.270E+03 9.000E-01 4.431E+01 2.000E+00
8.451E+06 8.654E+02 1.479E+00 9.029E-03 1.102E-04 1.276E+03 9.001E-01 4.431E+01 2.000E+00
5.283E+06 9.392E+02 1.435E+00 9.029E-03 1.198E-04 1.241E+03 9.001E-01 4.431E+01 2.000E+00
1.096E+07 9.562E+02 1.425E+00 9.029E-03 1.373E-04 1.234E+03 9.003E-01 4.431E+01 2.000E+00
7.689E+06 5.441E+02 1.729E+00 9.029E-03 1.695E-04 1.568E+03 9.005E-01 4.431E+01 2.000E+00
1.370E+07 9.072E+02 1.454E+00 9.029E-03 2.284E-04 1.255E+03 9.010E-01 4.432E+01 2.000E+00
3.639E+06 4.472E+02 1.828E+00 9.029E-03 3.363E-04 1.771E+03 9.018E-01 4.432E+01 2.000E+00
1.771E+09 6.288E+02 1.653E+00 9.029E-03 5.342E-04 1.455E+03 9.032E-01 4.432E+01 2.000E+00
2.054E+07 3.834E+02 1.901E+00 9.029E-03 8.969E-04 1.989E+03 9.060E-01 4.433E+01 2.000E+00
2.773E+06 4.156E+02 1.866E+00 9.029E-03 1.562E-03 1.861E+03 9.110E-01 4.435E+01 2.000E+00
1.350E+07 6.038E+02 1.678E+00 9.029E-03 2.780E-03 1.482E+03 9.201E-01 4.437E+01 2.000E+00
2.853E+06 4.867E+02 1.795E+00 9.029E-03 5.014E-03 1.662E+03 9.368E-01 4.443E+01 2.000E+00
2.776E+07 9.407E+02 1.434E+00 1.142E-02 9.881E-05 1.242E+03 9.060E-01 4.431E+01 2.000E+00
2.942E+07 9.407E+02 1.434E+00 1.142E-02 9.885E-05 1.244E+03 9.060E-01 4.431E+01 2.000E+00
3.304E+07 9.407E+02 1.434E+00 1.142E-02 9.892E-05 1.242E+03 9.060E-01 4.431E+01 2.000E+00
4.274E+07 9.407E+02 1.434E+00 1.142E-02 9.906E-05 1.241E+03 9.060E-01 4.431E+01 2.000E+00
9.361E+07 9.407E+02 1.434E+00 1.142E-02 9.931E-05 1.241E+03 9.060E-01 4.431E+01 2.000E+00
2.343E+06 3.965E+02 1.884E+00 1.142E-02 9.978E-05 1.940E+03 9.060E-01 4.431E+01 2.000E+00
5.002E+07 9.505E+02 1.429E+00 1.142E-02 1.006E-04 1.237E+03 9.060E-01 4.431E+01 2.000E+00
4.770E+06 9.392E+02 1.435E+00 1.142E-02 1.022E-04 1.242E+03 9.060E-01 4.431E+01 2.000E+00
1.514E+06 2.769E+02 2.026E+00 1.142E-02 1.050E-04 2.930E+03 9.060E-01 4.431E+01 2.000E+00
5.867E+06 9.437E+02 1.432E+00 1.142E-02 1.102E-04 1.240E+03 9.060E-01 4.431E+01 2.000E+00
1.430E+07 3.068E+02 1.990E+00 1.142E-02 1.198E-04 2.720E+03 9.061E-01 4.431E+01 2.000E+00
7.311E+06 6.318E+02 1.650E+00 1.142E-02 1.373E-04 1.453E+03 9.062E-01 4.431E+01 2.000E+00
4.201E+06 4.864E+02 1.786E+00 1.142E-02 1.695E-04 1.676E+03 9.065E-01 4.431E+01 2.000E+00
2.906E+06 7.791E+02 1.537E+00 1.142E-02 2.284E-04 1.395E+03 9.069E-01 4.432E+01 2.000E+00
1.340E+07 9.944E+02 1.404E+00 1.142E-02 3.363E-04 1.220E+03 9.077E-01 4.432E+01 2.000E+00
4.408E+06 4.803E+02 1.793E+00 1.142E-02 5.342E-04 1.689E+03 9.092E-01 4.432E+01 2.000E+00
1.631E+07 6.830E+02 1.609E+00 1.142E-02 8.969E-04 1.401E+03 9.119E-01 4.433E+01 2.000E+00
2.624E+06 7.098E+02 1.589E+00 1.142E-02 1.562E-03 1.379E+03 9.169E-01 4.435E+01 2.000E+00
9.105E+06 7.372E+02 1.569E+00 1.142E-02 2.780E-03 1.358E+03 9.261E-01 4.437E+01 2.000E+00
2.088E+07 3.191E+02 1.991E+00 1.142E-02 5.014E-03 2.326E+03 9.424E-01 4.443E+01 2.000E+00
5.768E+06 5.677E+02 1.707E+00 1.445E-02 9.881E-05 1.534E+03 9.135E-01 4.431E+01 2.000E+00
6.497E+06 5.677E+02 1.707E+00 1.445E-02 9.885E-05 1.534E+03 9.135E-01 4.431E+01 2.000E+00
8.491E+06 5.677E+02 1.707E+00 1.445E-02 9.892E-05 1.534E+03 9.135E-01 4.431E+01 2.000E+00
2.000E+07 5.677E+02 1.707E+00 1.445E-02 9.906E-05 1.534E+03 9.135E-01 4.431E+01 2.000E+00
1.908E+07 3.661E+02 1.919E+00 1.445E-02 9.931E-05 2.082E+03 9.135E-01 4.431E+01 2.000E+00
2.249E+07 9.377E+02 1.436E+00 1.445E-02 9.978E-05 1.243E+03 9.135E-01 4.431E+01 2.000E+00
9.098E+06 8.538E+02 1.487E+00 1.445E-02 1.006E-04 1.284E+03 9.135E-01 4.431E+01 2.000E+00
4.091E+07 8.321E+02 1.501E+00 1.445E-02 1.022E-04 1.296E+03 9.136E-01 4.431E+01 2.000E+00
9.133E+06 9.486E+02 1.430E+00 1.445E-02 1.050E-04 1.241E+03 9.136E-01 4.431E+01 2.000E+00
5.744E+07 6.896E+02 1.603E+00 1.445E-02 1.102E-04 1.399E+03 9.136E-01 4.431E+01 2.000E+00
4.393E+06 9.362E+02 1.437E+00 1.445E-02 1.198E-04 1.244E+03 9.137E-01 4.431E+01 2.000E+00
1.620E+07 2.970E+02 2.002E+00 1.445E-02 1.373E-04 2.626E+03 9.138E-01 4.431E+01 2.000E+00
3.243E+07 8.430E+02 1.494E+00 1.445E-02 1.695E-04 1.289E+03 9.141E-01 4.431E+01 2.000E+00
6.296E+06 4.221E+02 1.855E+00 1.445E-02 2.284E-04 1.848E+03 9.145E-01 4.432E+01 2.000E+00
2.732E+07 9.739E+02 1.416E+00 1.445E-02 3.363E-04 1.229E+03 9.153E-01 4.432E+01 2.000E+00
7.353E+07 2.627E+02 2.044E+00 1.445E-02 5.342E-04 3.201E+03 9.168E-01 4.432E+01 2.000E+00
4.278E+06 6.150E+02 1.665E+00 1.445E-02 8.969E-04 1.472E+03 9.195E-01 4.433E+01 2.000E+00
3.933E+06 6.913E+02 1.603E+00 1.445E-02 1.562E-03 1.395E+03 9.245E-01 4.435E+01 2.000E+00
3.263E+06 9.871E+02 1.410E+00 1.445E-02 2.780E-03 1.227E+03 9.336E-01 4.437E+01 2.000E+00
2.439E+07 2.900E+02 2.028E+00 1.445E-02 5.014E-03 2.606E+03 9.478E-01 4.443E+01 2.000E+00
3.556E+06 7.960E+02 1.525E+00 1.827E-02 9.881E-05 1.319E+03 9.231E-01 4.431E+01 2.000E+00
3.641E+06 7.960E+02 1.525E+00 1.827E-02 9.885E-05 1.321E+03 9.231E-01 4.431E+01 2.000E+00
3.811E+06 7.960E+02 1.525E+00 1.827E-02 9.892E-05 1.318E+03 9.231E-01 4.431E+01 2.000E+00
4.173E+06 7.960E+02 1.525E+00 1.827E-02 9.906E-05 1.318E+03 9.231E-01 4.431E+01 2.000E+00
5.078E+06 7.960E+02 1.525E+00 1.827E-02 9.931E-05 1.318E+03 9.231E-01 4.431E+01 2.000E+00
8.715E+06 7.960E+02 1.525E+00 1.827E-02 9.978E-05 1.319E+03 9.231E-01 4.431E+01 2.000E+00
3.478E+06 4.496E+02 1.825E+00 1.827E-02 1.006E-04 1.771E+03 9.231E-01 4.431E+01 2.000E+00
7.977E+06 6.915E+02 1.601E+00 1.827E-02 1.022E-04 1.396E+03 9.231E-01 4.431E+01 2.000E+00
2.731E+06 8.148E+02 1.512E+00 1.827E-02 1.050E-04 1.307E+03 9.231E-01 4.431E+01 2.000E+00
5.591E+08 5.358E+02 1.737E+00 1.827E-02 1.102E-04 1.584E+03 9.232E-01 4.431E+01 2.000E+00
3.729E+06 5.600E+02 1.714E+00 1.827E-02 1.198E-04 1.546E+03 9.232E-01 4.431E+01 2.000E+00
7.570E+07 3.449E+02 1.945E+00 1.827E-02 1.373E-04 2.203E+03 9.234E-01 4.431E+01 2.000E+00
2.118E+07 7.693E+02 1.543E+00 1.827E-02 1.695E-04 1.336E+03 9.236E-01 4.431E+01 2.000E+00
2.687E+06 6.551E+02 1.630E+00 1.827E-02 2.284E-04 1.430E+03 9.241E-01 4.432E+01 2.000E+00
4.360E+06 3.479E+02 1.942E+00 1.827E-02 3.363E-04 2.182E+03 9.249E-01 4.432E+01 2.000E+00
1.379E+07 9.038E+02 1.456E+00 1.827E-02 5.342E-04 1.261E+03 9.263E-01 4.432E+01 2.000E+00
6.198E+06 6.105E+02 1.669E+00 1.827E-02 8.969E-04 1.478E+03 9.291E-01 4.433E+01 2.000E+00
3.088E+06 3.949E+02 1.890E+00 1.827E-02 1.562E-03 1.939E+03 9.341E-01 4.435E+01 2.000E+00
1.674E+07 9.863E+02 1.411E+00 1.827E-02 2.780E-03 1.229E+03 9.432E-01 4.437E+01 2.000E+00
3.060E+06 8.480E+02 1.495E+00 1.827E-02 5.014E-03 1.292E+03 9.546E-01 4.443E+01 2.000E+00
8.801E+06 4.216E+02 1.856E+00 2.311E-02 9.881E-05 1.852E+03 9.352E-01 4.431E+01 2.000E+00
1.181E+07 4.216E+02 1.856E+00 2.311E-02 9.885E-05 1.852E+03 9.352E-01 4.431E+01 2.000E+00
3.227E+07 4.216E+02 1.856E+00 2.311E-02 9.892E-05 1.852E+03 9.352E-01 4.431E+01 2.000E+00
8.495E+06 8.541E+02 1.487E+00 2.311E-02 9.906E-05 1.286E+03 9.352E-01 4.431E+01 2.000E+00
1.159E+07 8.541E+02 1.487E+00 2.311E-02 9.931E-05 1.286E+03 9.352E-01 4.431E+01 2.000E+00
3.785E+07 8.541E+02 1.487E+00 2.311E-02 9.978E-05 1.286E+03 9.352E-01 4.431E+01 2.000E+00
3.739E+06 5.910E+02 1.685E+00 2.311E-02 1.006E-04 1.504E+03 9.352E-01 4.431E+01 2.000E+00
3.021E+07 8.487E+02 1.490E+00 2.311E-02 1.022E-04 1.289E+03 9.352E-01 4.431E+01 2.000E+00
6.210E+06 8.400E+02 1.496E+00 2.311E-02 1.050E-04 1.294E+03 9.352E-01 4.431E+01 2.000E+00
5.119E+06 8.929E+02 1.462E+00 2.311E-02 1.102E-04 1.269E+03 9.353E-01 4.431E+01 2.000E+00
3.376E+06 9.054E+02 1.455E+00 2.311E-02 1.198E-04 1.261E+03 9.353E-01 4.431E+01 2.000E+00
3.707E+06 9.090E+02 1.453E+00 2.311E-02 1.373E-04 1.259E+03 9.355E-01 4.431E+01 2.000E+00
1.734E+06 8.144E+02 1.512E+00 2.311E-02 1.695E-04 1.313E+03 9.357E-01 4.431E+01 2.000E+00
5.032E+06 7.300E+02 1.572E+00 2.311E-02 2.284E-04 1.366E+03 9.362E-01 4.432E+01 2.000E+00
1.281E+07 5.350E+02 1.738E+00 2.311E-02 3.363E-04 1.586E+03 9.370E-01 4.432E+01 2.000E+00
7.492E+06 5.555E+02 1.719E+00 2.311E-02 5.342E-04 1.554E+03 9.384E-01 4.432E+01 2.000E+00
3.690E+06 6.753E+02 1.615E+00 2.311E-02 8.969E-04 1.431E+03 9.412E-01 4.433E+01 2.000E+00
4.482E+07 8.645E+02 1.481E+00 2.311E-02 1.562E-03 1.282E+03 9.462E-01 4.435E+01 2.000E+00
1.307E+07 6.899E+02 1.606E+00 2.311E-02 2.780E-03 1.399E+03 9.552E-01 4.437E+01 2.000E+00
2.797E+06 3.721E+02 1.926E+00 2.311E-02 5.014E-03 2.018E+03 9.632E-01 4.443E+01 2.000E+00
1.714E+07 5.229E+02 1.749E+00 2.923E-02 9.881E-05 1.609E+03 9.505E-01 4.431E+01 2.000E+00
2.856E+07 5.229E+02 1.749E+00 2.923E-02 9.885E-05 1.610E+03 9.505E-01 4.431E+01 2.000E+00
4.493E+06 5.086E+02 1.764E+00 2.923E-02 9.892E-05 1.637E+03 9.505E-01 4.431E+01 2.000E+00
6.880E+06 5.086E+02 1.764E+00 2.923E-02 9.906E-05 1.637E+03 9.505E-01 4.431E+01 2.000E+00
6.736E+06 4.279E+02 1.849E+00 2.923E-02 9.931E-05 1.833E+03 9.505E-01 4.431E+01 2.000E+00
1.090E+07 2.995E+02 1.999E+00 2.923E-02 9.978E-05 2.600E+03 9.505E-01 4.431E+01 2.000E+00
7.273E+06 7.397E+02 1.565E+00 2.923E-02 1.006E-04 1.360E+03 9.505E-01 4.431E+01 2.000E+00
4.754E+06 3.963E+02 1.884E+00 2.923E-02 1.022E-04 1.955E+03 9.505E-01 4.431E+01 2.000E+00
6.365E+07 6.401E+02 1.643E+00 2.923E-02 1.050E-04 1.449E+03 9.505E-01 4.431E+01 2.000E+00
8.675E+07 5.599E+02 1.714E+00 2.923E-02 1.102E-04 1.549E+03 9.506E-01 4.431E+01 2.000E+00
9.312E+07 9.000E+02 1.458E+00 2.923E-02 1.198E-04 1.265E+03 9.506E-01 4.431E+01 2.000E+00
1.594E+07 4.850E+02 1.788E+00 2.923E-02 1.373E-04 1.684E+03 9.508E-01 4.431E+01 2.000E+00
3.569E+06 4.885E+02 1.784E+00 2.923E-02 1.695E-04 1.686E+03 9.510E-01 4.431E+01 2.000E+00
1.184E+07 9.739E+02 1.416E+00 2.923E-02 2.284E-04 1.234E+03 9.515E-01 4.432E+01 2.000E+00
5.753E+06 7.792E+02 1.537E+00 2.923E-02 3.363E-04 1.333E+03 9.523E-01 4.432E+01 2.000E+00
2.704E+07 9.238E+02 1.444E+00 2.923E-02 5.342E-04 1.255E+03 9.537E-01 4.432E+01 2.000E+00
9.054E+06 5.614E+02 1.714E+00 2.923E-02 8.969E-04 1.546E+03 9.565E-01 4.433E+01 2.000E+00
1.873E+06 2.693E+02 2.041E+00 2.923E-02 1.562E-03 3.014E+03 9.615E-01 4.435E+01 2.000E+00
5.911E+06 4.850E+02 1.793E+00 2.923E-02 2.780E-03 1.677E+03 9.661E-01 4.437E+01 2.000E+00
1.362E+07 5.306E+02 1.750E+00 2.923E-02 5.014E-03 1.589E+03 9.741E-01 4.443E+01 2.000E+00
4.913E+06 5.374E+02 1.735E+00 3.697E-02 9.881E-05 1.587E+03 9.698E-01 4.431E+01 2.000E+00
5.479E+06 5.374E+02 1.735E+00 3.697E-02 9.885E-05 1.587E+03 9.698E-01 4.431E+01 2.000E+00
6.971E+06 5.374E+02 1.735E+00 3.697E-02 9.892E-05 1.587E+03 9.698E-01 4.431E+01 2.000E+00
1.427E+07 5.374E+02 1.735E+00 3.697E-02 9.906E-05 1.587E+03 9.698E-01 4.431E+01 2.000E+00
6.021E+06 5.430E+02 1.730E+00 3.697E-02 9.931E-05 1.578E+03 9.698E-01 4.431E+01 2.000E+00
3.171E+06 5.421E+02 1.731E+00 3.697E-02 9.978E-05 1.579E+03 9.698E-01 4.431E+01 2.000E+00
7.681E+06 4.604E+02 1.813E+00 3.697E-02 1.006E-04 1.744E+03 9.698E-01 4.431E+01 2.000E+00
6.724E+06 4.026E+02 1.877E+00 3.697E-02 1.022E-04 1.923E+03 9.699E-01 4.431E+01 2.000E+00
8.058E+06 6.316E+02 1.650E+00 3.697E-02 1.050E-04 1.460E+03 9.699E-01 4.431E+01 2.000E+00
1.647E+07 7.896E+02 1.529E+00 3.697E-02 1.102E-04 1.328E+03 9.699E-01 4.431E+01 2.000E+00
3.938E+06 8.163E+02 1.511E+00 3.697E-02 1.198E-04 1.312E+03 9.700E-01 4.431E+01 2.000E+00
1.073E+07 6.680E+02 1.620E+00 3.697E-02 1.373E-04 1.424E+03 9.701E-01 4.431E+01 2.000E+00
1.348E+08 9.944E+02 1.404E+00 3.697E-02 1.695E-04 1.229E+03 9.704E-01 4.431E+01 2.000E+00
6.635E+06 7.895E+02 1.529E+00 3.697E-02 2.284E-04 1.328E+03 9.708E-01 4.432E+01 2.000E+00
1.373E+07 9.696E+02 1.418E+00 3.697E-02 3.363E-04 1.238E+03 9.712E-01 4.432E+01 2.000E+00
3.975E+06 9.323E+02 1.439E+00 3.697E-02 5.342E-04 1.254E+03 9.719E-01 4.432E+01 2.000E+00
2.116E+07 9.610E+02 1.423E+00 3.697E-02 8.969E-04 1.242E+03 9.732E-01 4.433E+01 2.000E+00
1.026E+07 7.079E+02 1.590E+00 3.697E-02 1.562E-03 1.388E+03 9.756E-01 4.435E+01 2.000E+00
2.273E+07 6.690E+02 1.622E+00 3.697E-02 2.780E-03 1.422E+03 9.799E-01 4.437E+01 2.000E+00
5.102E+06 9.505E+02 1.432E+00 3.697E-02 5.014E-03 1.253E+03 9.879E-01 4.443E+01 2.000E+00
7.650E+06 7.018E+02 1.593E+00 4.677E-02 9.881E-05 1.396E+03 9.878E-01 4.431E+01 2.000E+00
8.424E+06 7.018E+02 1.593E+00 4.677E-02 9.885E-05 1.396E+03 9.878E-01 4.431E+01 2.000E+00
1.036E+07 7.018E+02 1.593E+00 4.677E-02 9.892E-05 1.396E+03 9.878E-01 4.431E+01 2.000E+00
1.820E+07 7.018E+02 1.593E+00 4.677E-02 9.906E-05 1.421E+03 9.878E-01 4.431E+01 2.000E+00
1.090E+08 9.944E+02 1.404E+00 4.677E-02 9.931E-05 1.232E+03 9.878E-01 4.431E+01 2.000E+00
1.416E+08 9.944E+02 1.404E+00 4.677E-02 9.978E-05 1.232E+03 9.878E-01 4.431E+01 2.000E+00
3.156E+08 9.944E+02 1.404E+00 4.677E-02 1.006E-04 1.232E+03 9.878E-01 4.431E+01 2.000E+00
9.714E+06 9.739E+02 1.416E+00 4.677E-02 1.022E-04 1.240E+03 9.878E-01 4.431E+01 2.000E+00
2.412E+07 9.619E+02 1.422E+00 4.677E-02 1.050E-04 1.244E+03 9.879E-01 4.431E+01 2.000E+00
3.974E+06 9.287E+02 1.441E+00 4.677E-02 1.102E-04 1.258E+03 9.879E-01 4.431E+01 2.000E+00
4.040E+06 3.598E+02 1.927E+00 4.677E-02 1.198E-04 2.121E+03 9.879E-01 4.431E+01 2.000E+00
7.085E+06 7.012E+02 1.594E+00 4.677E-02 1.373E-04 1.396E+03 9.880E-01 4.431E+01 2.000E+00
1.639E+06 7.448E+02 1.561E+00 4.677E-02 1.695E-04 1.362E+03 9.881E-01 4.432E+01 2.000E+00
6.217E+06 5.894E+02 1.687E+00 4.677E-02 2.284E-04 1.513E+03 9.883E-01 4.432E+01 2.000E+00
7.492E+07 9.103E+02 1.452E+00 4.677E-02 3.363E-04 1.267E+03 9.887E-01 4.432E+01 2.000E+00
1.143E+07 3.416E+02 1.950E+00 4.677E-02 5.342E-04 2.226E+03 9.894E-01 4.432E+01 2.000E+00
4.245E+06 9.664E+02 1.420E+00 4.677E-02 8.969E-04 1.244E+03 9.907E-01 4.433E+01 2.000E+00
6.369E+06 8.644E+02 1.481E+00 4.677E-02 1.562E-03 1.307E+03 9.930E-01 4.435E+01 2.000E+00
1.526E+07 7.892E+02 1.532E+00 4.677E-02 2.780E-03 1.335E+03 9.953E-01 4.438E+01 2.000E+00
1.537E+07 5.458E+02 1.735E+00 4.677E-02 5.014E-03 1.571E+03 9.974E-01 4.443E+01 2.000E+00
5.765E+07 6.314E+02 1.650E+00 5.915E-02 9.881E-05 1.467E+03 1.000E+00 4.431E+01 0.000E+00
2.150E+09 6.314E+02 1.650E+00 5.915E-02 9.885E-05 1.467E+03 1.000E+00 4.431E+01 0.000E+00
2.945E+06 4.001E+02 1.880E+00 5.915E-02 9.892E-05 1.937E+03 1.000E+00 4.431E+01 0.000E+00
4.081E+06 4.001E+02 1.880E+00 5.915E-02 9.906E-05 1.937E+03 1.000E+00 4.431E+01 0.000E+00
1.557E+07 4.001E+02 1.880E+00 5.915E-02 9.931E-05 1.938E+03 1.000E+00 4.431E+01 0.000E+00
1.328E+07 8.829E+02 1.469E+00 5.915E-02 9.978E-05 1.284E+03 1.000E+00 4.431E+01 0.000E+00
6.607E+07 8.787E+02 1.471E+00 5.915E-02 1.006E-04 1.286E+03 1.000E+00 4.431E+01 0.000E+00
2.212E+07 5.626E+02 1.711E+00 5.915E-02 1.022E-04 1.554E+03 1.000E+00 4.431E+01 0.000E+00
5.635E+07 8.676E+02 1.478E+00 5.915E-02 1.050E-04 1.292E+03 1.000E+00 4.431E+01 0.000E+00
7.808E+06 5.940E+02 1.683E+00 5.915E-02 1.102E-04 1.565E+03 1.000E+00 4.431E+01 0.000E+00
3.006E+07 3.739E+02 1.911E+00 5.915E-02 1.198E-04 2.050E+03 1.000E+00 4.431E+01 0.000E+00
3.045E+06 9.361E+02 1.437E+00 5.915E-02 1.373E-04 1.259E+03 1.000E+00 4.431E+01 0.000E+00
2.349E+07 9.588E+02 1.424E+00 5.915E-02 1.695E-04 1.250E+03 1.000E+00 4.432E+01 0.000E+00
8.991E+06 7.420E+02 1.563E+00 5.915E-02 2.284E-04 1.369E+03 1.000E+00 4.432E+01 0.000E+00
7.294E+07 9.052E+02 1.455E+00 5.915E-02 3.363E-04 1.274E+03 1.000E+00 4.432E+01 0.000E+00
3.795E+06 4.379E+02 1.839E+00 5.915E-02 5.342E-04 1.810E+03 1.000E+00 4.432E+01 0.000E+00
6.954E+06 9.236E+02 1.445E+00 5.915E-02 8.969E-04 1.266E+03 1.000E+00 4.433E+01 0.000E+00
2.922E+06 6.195E+02 1.662E+00 5.915E-02 1.562E-03 1.480E+03 1.000E+00 4.435E+01 0.000E+00
1.003E+08 3.989E+02 1.888E+00 5.915E-02 2.780E-03 1.927E+03 1.000E+00 4.438E+01 0.000E+00
3.042E+08 7.347E+02 1.574E+00 5.915E-02 5.014E-03 1.378E+03 1.000E+00 4.443E+01 0.000E+00
7.834E+06 5.748E+02 1.700E+00 7.482E-02 9.881E-05 1.541E+03 1.000E+00 4.431E+01 0.000E+00
9.232E+06 5.748E+02 1.700E+00 7.482E-02 9.885E-05 1.543E+03 1.000E+00 4.431E+01 0.000E+00
1.381E+07 5.748E+02 1.700E+00 7.482E-02 9.892E-05 1.541E+03 1.000E+00 4.431E+01 0.000E+00
1.993E+08 5.748E+02 1.700E+00 7.482E-02 9.906E-05 1.542E+03 1.000E+00 4.431E+01 0.000E+00
1.193E+07 5.370E+02 1.736E+00 7.482E-02 9.931E-05 1.598E+03 1.000E+00 4.431E+01 0.000E+00
4.446E+06 5.826E+02 1.693E+00 7.482E-02 9.978E-05 1.531E+03 1.000E+00 4.431E+01 0.000E+00
1.252E+07 3.180E+02 1.978E+00 7.482E-02 1.006E-04 2.418E+03 1.000E+00 4.431E+01 0.000E+00
1.406E+07 8.262E+02 1.505E+00 7.482E-02 1.022E-04 1.319E+03 1.000E+00 4.431E+01 0.000E+00
3.913E+07 6.891E+02 1.603E+00 7.482E-02 1.050E-04 1.416E+03 1.000E+00 4.431E+01 0.000E+00
1.234E+07 3.776E+02 1.906E+00 7.482E-02 1.102E-04 2.037E+03 1.000E+00 4.431E+01 0.000E+00
1.061E+07 3.655E+02 1.921E+00 7.482E-02 1.198E-04 2.096E+03 1.000E+00 4.431E+01 0.000E+00
5.685E+06 3.479E+02 1.942E+00 7.482E-02 1.373E-04 2.196E+03 1.000E+00 4.432E+01 0.000E+00
4.241E+08 4.273E+02 1.850E+00 7.482E-02 1.695E-04 1.847E+03 1.000E+00 4.432E+01 0.000E+00
1.454E+08 7.299E+02 1.572E+00 7.482E-02 2.284E-04 1.383E+03 1.000E+00 4.432E+01 0.000E+00
6.349E+06 7.474E+02 1.559E+00 7.482E-02 3.363E-04 1.372E+03 1.000E+00 4.432E+01 0.000E+00
7.834E+06 7.293E+02 1.573E+00 7.482E-02 5.342E-04 1.384E+03 1.000E+00 4.432E+01 0.000E+00
9.011E+06 7.052E+02 1.592E+00 7.482E-02 8.969E-04 1.403E+03 1.000E+00 4.433E+01 0.000E+00
3.531E+07 4.518E+02 1.826E+00 7.482E-02 1.562E-03 1.791E+03 1.000E+00 4.435E+01 0.000E+00
1.612E+07 6.252E+02 1.659E+00 7.482E-02 2.780E-03 2.578E+03 1.000E+00 4.438E+01 0.000E+00
9.222E+06 9.043E+02 1.460E+00 7.482E-02 5.014E-03 1.288E+03 1.000E+00 4.443E+01 0.000E+00
4.422E+06 3.119E+02 1.985E+00 9.464E-02 9.881E-05 2.478E+03 1.000E+00 4.431E+01 0.000E+00
5.135E+06 3.119E+02 1.985E+00 9.464E-02 9.885E-05 2.478E+03 1.000E+00 4.431E+01 0.000E+00
7.326E+06 3.119E+02 1.985E+00 9.464E-02 9.892E-05 2.478E+03 1.000E+00 4.431E+01 0.000E+00
3.662E+07 3.119E+02 1.985E+00 9.464E-02 9.906E-05 2.478E+03 1.000E+00 4.431E+01 0.000E+00
4.491E+06 5.222E+02 1.750E+00 9.464E-02 9.931E-05 1.630E+03 1.000E+00 4.431E+01 0.000E+00
1.973E+06 5.824E+02 1.693E+00 9.464E-02 9.978E-05 1.543E+03 1.000E+00 4.431E+01 0.000E+00
6.460E+06 5.824E+02 1.693E+00 9.464E-02 1.006E-04 1.538E+03 1.000E+00 4.431E+01 0.000E+00
3.331E+06 6.764E+02 1.613E+00 9.464E-02 1.022E-04 1.434E+03 1.000E+00 4.431E+01 0.000E+00
1.362E+07 9.260E+02 1.443E+00 9.464E-02 1.050E-04 1.278E+03 1.000E+00 4.431E+01 0.000E+00
3.476E+07 2.581E+02 2.049E+00 9.464E-02 1.102E-04 3.334E+03 1.000E+00 4.431E+01 0.000E+00
1.377E+07 7.351E+02 1.568E+00 9.464E-02 1.198E-04 1.385E+03 1.000E+00 4.432E+01 0.000E+00
1.006E+07 6.911E+02 1.602E+00 9.464E-02 1.373E-04 1.421E+03 1.000E+00 4.432E+01 0.000E+00
1.256E+07 5.902E+02 1.686E+00 9.464E-02 1.695E-04 1.527E+03 1.000E+00 4.432E+01 0.000E+00
2.904E+07 8.379E+02 1.497E+00 9.464E-02 2.284E-04 1.320E+03 1.000E+00 4.432E+01 0.000E+00
2.645E+06 8.425E+02 1.494E+00 9.464E-02 3.363E-04 1.318E+03 1.000E+00 4.432E+01 0.000E+00
5.382E+07 8.044E+02 1.520E+00 9.464E-02 5.342E-04 1.340E+03 1.000E+00 4.432E+01 0.000E+00
3.141E+06 6.644E+02 1.624E+00 9.464E-02 8.969E-04 1.446E+03 1.000E+00 4.433E+01 0.000E+00
1.471E+07 9.725E+02 1.417E+00 9.464E-02 1.562E-03 1.262E+03 1.000E+00 4.435E+01 0.000E+00
1.338E+07 7.975E+02 1.527E+00 9.464E-02 2.780E-03 1.348E+03 1.000E+00 4.438E+01 0.000E+00
2.787E+06 9.661E+02 1.424E+00 9.464E-02 5.014E-03 1.272E+03 1.000E+00 4.443E+01 0.000E+00
3.203E+06 2.750E+02 2.030E+00 1.197E-01 9.881E-05 2.961E+03 1.000E+00 4.432E+01 0.000E+00
3.567E+06 2.750E+02 2.030E+00 1.197E-01 9.885E-05 2.961E+03 1.000E+00 4.432E+01 0.000E+00
4.523E+06 2.750E+02 2.030E+00 1.197E-01 9.892E-05 2.961E+03 1.000E+00 4.432E+01 0.000E+00
9.102E+06 2.750E+02 2.030E+00 1.197E-01 9.906E-05 2.961E+03 1.000E+00 4.432E+01 0.000E+00
4.580E+08 7.326E+02 1.570E+00 1.197E-01 9.931E-05 1.397E+03 1.000E+00 4.432E+01 0.000E+00
3.471E+06 7.408E+02 1.564E+00 1.197E-01 9.978E-05 1.391E+03 1.000E+00 4.432E+01 0.000E+00
1.103E+07 7.408E+02 1.564E+00 1.197E-01 1.006E-04 1.391E+03 1.000E+00 4.432E+01 0.000E+00
9.419E+06 8.030E+02 1.520E+00 1.197E-01 1.022E-04 1.350E+03 1.000E+00 4.432E+01 0.000E+00
1.443E+07 7.102E+02 1.587E+00 1.197E-01 1.050E-04 1.414E+03 1.000E+00 4.432E+01 0.000E+00
3.925E+06 6.073E+02 1.671E+00 1.197E-01 1.102E-04 1.514E+03 1.000E+00 4.432E+01 0.000E+00
2.363E+07 4.327E+02 1.844E+00 1.197E-01 1.198E-04 1.844E+03 1.000E+00 4.432E+01 0.000E+00
3.906E+06 9.215E+02 1.445E+00 1.197E-01 1.373E-04 1.290E+03 1.000E+00 4.432E+01 0.000E+00
1.101E+07 6.829E+02 1.608E+00 1.197E-01 1.695E-04 1.437E+03 1.000E+00 4.432E+01 0.000E+00
1.104E+08 3.174E+02 1.979E+00 1.197E-01 2.284E-04 2.430E+03 1.000E+00 4.432E+01 0.000E+00
2.952E+06 8.745E+02 1.474E+00 1.197E-01 3.363E-04 1.312E+03 1.000E+00 4.432E+01 0.000E+00
6.939E+06 6.421E+02 1.642E+00 1.197E-01 5.342E-04 1.480E+03 1.000E+00 4.433E+01 0.000E+00
2.063E+06 3.383E+02 1.956E+00 1.197E-01 8.969E-04 2.261E+03 1.000E+00 4.433E+01 0.000E+00
3.693E+07 7.546E+02 1.556E+00 1.197E-01 1.562E-03 1.383E+03 1.000E+00 4.435E+01 0.000E+00
3.669E+06 7.790E+02 1.539E+00 1.197E-01 2.780E-03 1.370E+03 1.000E+00 4.438E+01 0.000E+00
9.256E+05 3.297E+02 1.979E+00 1.197E-01 5.014E-03 2.274E+03 1.000E+00 4.443E+01 0.000E+00
1.046E+07 8.314E+02 1.501E+00 1.514E-01 9.881E-05 1.347E+03 1.000E+00 4.432E+01 0.000E+00
1.116E+07 8.314E+02 1.501E+00 1.514E-01 9.885E-05 1.519E+03 1.000E+00 4.432E+01 0.000E+00
1.275E+07 8.314E+02 1.501E+00 1.514E-01 9.892E-05 1.357E+03 1.000E+00 4.432E+01 0.000E+00
1.940E+07 7.889E+02 1.530E+00 1.514E-01 9.906E-05 1.371E+03 1.000E+00 4.432E+01 0.000E+00
2.072E+09 7.889E+02 1.530E+00 1.514E-01 9.931E-05 1.372E+03 1.000E+00 4.432E+01 0.000E+00
1.710E+06 7.450E+02 1.561E+00 1.514E-01 9.978E-05 1.400E+03 1.000E+00 4.432E+01 0.000E+00
2.317E+06 7.450E+02 1.561E+00 1.514E-01 1.006E-04 1.400E+03 1.000E+00 4.432E+01 0.000E+00
5.518E+06 5.144E+02 1.758E+00 1.514E-01 1.022E-04 1.662E+03 1.000E+00 4.432E+01 0.000E+00
1.964E+07 6.649E+02 1.623E+00 1.514E-01 1.050E-04 1.465E+03 1.000E+00 4.432E+01 0.000E+00
4.609E+07 8.648E+02 1.480E+00 1.514E-01 1.102E-04 1.330E+03 1.000E+00 4.432E+01 0.000E+00
1.728E+07 5.897E+02 1.687E+00 1.514E-01 1.198E-04 1.548E+03 1.000E+00 4.432E+01 0.000E+00
2.929E+08 7.332E+02 1.570E+00 1.514E-01 1.373E-04 1.409E+03 1.000E+00 4.432E+01 0.000E+00
4.951E+07 5.361E+02 1.737E+00 1.514E-01 1.695E-04 1.625E+03 1.000E+00 4.432E+01 0.000E+00
7.651E+06 9.785E+02 1.413E+00 1.514E-01 2.284E-04 1.282E+03 1.000E+00 4.432E+01 0.000E+00
1.100E+07 7.909E+02 1.529E+00 1.514E-01 3.363E-04 1.371E+03 1.000E+00 4.432E+01 0.000E+00
2.103E+06 6.457E+02 1.639E+00 1.514E-01 5.342E-04 1.485E+03 1.000E+00 4.433E+01 0.000E+00
6.892E+07 2.762E+02 2.032E+00 1.514E-01 8.969E-04 2.919E+03 1.000E+00 4.433E+01 0.000E+00
4.084E+06 4.774E+02 1.799E+00 1.514E-01 1.562E-03 1.735E+03 1.000E+00 4.435E+01 0.000E+00
3.754E+06 7.854E+02 1.535E+00 1.514E-01 2.780E-03 1.382E+03 1.000E+00 4.438E+01 0.000E+00
3.976E+06 9.989E+02 1.406E+00 1.514E-01 5.014E-03 1.292E+03 1.000E+00 4.443E+01 0.000E+00
1.723E+06 4.009E+02 1.880E+00 1.915E-01 9.881E-05 1.978E+03 1.000E+00 4.432E+01 0.000E+00
1.802E+06 4.009E+02 1.880E+00 1.915E-01 9.885E-05 1.972E+03 1.000E+00 4.432E+01 0.000E+00
1.971E+06 4.009E+02 1.880E+00 1.915E-01 9.892E-05 1.980E+03 1.000E+00 4.432E+01 0.000E+00
2.389E+06 4.009E+02 1.880E+00 1.915E-01 9.906E-05 1.972E+03 1.000E+00 4.432E+01 0.000E+00
4.017E+06 4.009E+02 1.880E+00 1.915E-01 9.931E-05 1.972E+03 1.000E+00 4.432E+01 0.000E+00
1.280E+06 3.286E+02 1.966E+00 1.915E-01 9.978E-05 2.356E+03 1.000E+00 4.432E+01 0.000E+00
4.937E+06 3.286E+02 1.966E+00 1.915E-01 1.006E-04 2.356E+03 1.000E+00 4.432E+01 0.000E+00
9.401E+06 4.261E+02 1.852E+00 1.915E-01 1.022E-04 1.886E+03 1.000E+00 4.432E+01 0.000E+00
4.447E+06 7.765E+02 1.538E+00 1.915E-01 1.050E-04 1.397E+03 1.000E+00 4.432E+01 0.000E+00
3.365E+07 8.909E+02 1.464E+00 1.915E-01 1.102E-04 1.337E+03 1.000E+00 4.432E+01 0.000E+00
5.789E+06 7.116E+02 1.586E+00 1.915E-01 1.198E-04 1.442E+03 1.000E+00 4.432E+01 0.000E+00
6.473E+06 6.914E+02 1.602E+00 1.915E-01 1.373E-04 1.459E+03 1.000E+00 4.432E+01 0.000E+00
1.212E+07 7.709E+02 1.543E+00 1.915E-01 1.695E-04 1.401E+03 1.000E+00 4.432E+01 0.000E+00
7.244E+06 6.825E+02 1.609E+00 1.915E-01 2.284E-04 1.467E+03 1.000E+00 4.432E+01 0.000E+00
1.365E+07 8.645E+02 1.480E+00 1.915E-01 3.363E-04 1.351E+03 1.000E+00 4.432E+01 0.000E+00
1.516E+06 8.419E+02 1.495E+00 1.915E-01 5.342E-04 1.362E+03 1.000E+00 4.433E+01 0.000E+00
8.970E+06 4.061E+02 1.876E+00 1.915E-01 8.969E-04 1.950E+03 1.000E+00 4.434E+01 0.000E+00
3.427E+06 7.995E+02 1.524E+00 1.915E-01 1.562E-03 1.393E+03 1.000E+00 4.435E+01 0.000E+00
3.684E+06 4.055E+02 1.881E+00 1.915E-01 2.780E-03 1.945E+03 1.000E+00 4.438E+01 0.000E+00
7.733E+07 8.366E+02 1.502E+00 1.915E-01 5.014E-03 1.381E+03 1.000E+00 4.443E+01 0.000E+00
2.848E+06 2.675E+02 2.040E+00 2.422E-01 9.881E-05 3.110E+03 1.000E+00 4.432E+01 0.000E+00
3.108E+06 2.675E+02 2.040E+00 2.422E-01 9.885E-05 3.122E+03 1.000E+00 4.432E+01 0.000E+00
3.742E+06 2.675E+02 2.040E+00 2.422E-01 9.892E-05 3.180E+03 1.000E+00 4.432E+01 0.000E+00
6.055E+06 2.675E+02 2.040E+00 2.422E-01 9.906E-05 3.109E+03 1.000E+00 4.432E+01 0.000E+00
2.987E+06 2.688E+02 2.039E+00 2.422E-01 9.931E-05 3.084E+03 1.000E+00 4.432E+01 0.000E+00
1.109E+07 8.731E+02 1.475E+00 2.422E-01 9.978E-05 1.374E+03 1.000E+00 4.432E+01 0.000E+00
4.012E+06 6.213E+02 1.659E+00 2.422E-01 1.006E-04 1.549E+03 1.000E+00 4.432E+01 0.000E+00
3.228E+06 5.881E+02 1.688E+00 2.422E-01 1.022E-04 1.587E+03 1.000E+00 4.432E+01 0.000E+00
3.782E+07 5.156E+02 1.757E+00 2.422E-01 1.050E-04 1.694E+03 1.000E+00 4.432E+01 0.000E+00
8.912E+05 3.021E+02 1.999E+00 2.422E-01 1.102E-04 2.607E+03 1.000E+00 4.432E+01 0.000E+00
4.387E+08 6.910E+02 1.602E+00 2.422E-01 1.198E-04 1.483E+03 1.000E+00 4.432E+01 0.000E+00
1.674E+07 6.732E+02 1.616E+00 2.422E-01 1.373E-04 1.498E+03 1.000E+00 4.432E+01 0.000E+00
1.672E+07 8.419E+02 1.495E+00 2.422E-01 1.695E-04 1.389E+03 1.000E+00 4.432E+01 0.000E+00
4.188E+06 6.661E+02 1.622E+00 2.422E-01 2.284E-04 1.505E+03 1.000E+00 4.432E+01 0.000E+00
1.427E+07 5.674E+02 1.708E+00 2.422E-01 3.363E-04 1.615E+03 1.000E+00 4.432E+01 0.000E+00
3.334E+07 9.255E+02 1.444E+00 2.422E-01 5.342E-04 1.355E+03 1.000E+00 4.433E+01 0.000E+00
7.839E+06 3.748E+02 1.913E+00 2.422E-01 8.969E-04 2.093E+03 1.000E+00 4.434E+01 0.000E+00
2.149E+07 8.356E+02 1.500E+00 2.422E-01 1.562E-03 1.398E+03 1.000E+00 4.435E+01 0.000E+00
2.093E+06 9.870E+02 1.410E+00 2.422E-01 2.780E-03 1.348E+03 1.000E+00 4.438E+01 0.000E+00
1.626E+07 8.501E+02 1.494E+00 2.422E-01 5.014E-03 1.414E+03 1.000E+00 4.443E+01 0.000E+00
1.474E+07 8.767E+02 1.473E+00 3.064E-01 9.881E-05 1.417E+03 1.000E+00 4.432E+01 0.000E+00
1.573E+07 8.767E+02 1.473E+00 3.064E-01 9.885E-05 1.417E+03 1.000E+00 4.432E+01 0.000E+00
1.797E+07 8.767E+02 1.473E+00 3.064E-01 9.892E-05 1.417E+03 1.000E+00 4.432E+01 0.000E+00
2.438E+07 8.767E+02 1.473E+00 3.064E-01 9.906E-05 1.417E+03 1.000E+00 4.432E+01 0.000E+00
6.489E+06 3.098E+02 1.990E+00 3.064E-01 9.931E-05 2.545E+03 1.000E+00 4.432E+01 0.000E+00
4.958E+06 8.873E+02 1.466E+00 3.064E-01 9.978E-05 1.413E+03 1.000E+00 4.432E+01 0.000E+00
7.804E+06 8.873E+02 1.466E+00 3.064E-01 1.006E-04 1.413E+03 1.000E+00 4.432E+01 0.000E+00
2.571E+07 9.577E+02 1.425E+00 3.064E-01 1.022E-04 1.390E+03 1.000E+00 4.432E+01 0.000E+00
2.902E+07 9.721E+02 1.417E+00 3.064E-01 1.050E-04 1.386E+03 1.000E+00 4.432E+01 0.000E+00
2.196E+07 9.481E+02 1.430E+00 3.064E-01 1.102E-04 1.393E+03 1.000E+00 4.432E+01 0.000E+00
4.060E+06 8.494E+02 1.490E+00 3.064E-01 1.198E-04 1.428E+03 1.000E+00 4.432E+01 0.000E+00
7.528E+06 9.177E+02 1.448E+00 3.064E-01 1.373E-04 1.402E+03 1.000E+00 4.432E+01 0.000E+00
2.823E+06 6.005E+02 1.678E+00 3.064E-01 1.695E-04 1.605E+03 1.000E+00 4.432E+01 0.000E+00
3.710E+07 6.374E+02 1.646E+00 3.064E-01 2.284E-04 1.566E+03 1.000E+00 4.432E+01 0.000E+00
1.601E+06 4.507E+02 1.826E+00 3.064E-01 3.363E-04 1.860E+03 1.000E+00 4.432E+01 0.000E+00
1.279E+07 5.874E+02 1.690E+00 3.064E-01 5.342E-04 1.621E+03 1.000E+00 4.433E+01 0.000E+00
1.861E+06 6.366E+02 1.647E+00 3.064E-01 8.969E-04 1.586E+03 1.000E+00 4.434E+01 0.000E+00
1.648E+07 4.961E+02 1.780E+00 3.064E-01 1.562E-03 1.762E+03 1.000E+00 4.435E+01 0.000E+00
4.846E+06 3.901E+02 1.900E+00 3.064E-01 2.780E-03 2.053E+03 1.000E+00 4.438E+01 0.000E+00
5.867E+06 4.645E+02 1.820E+00 3.064E-01 5.014E-03 1.834E+03 1.000E+00 4.443E+01 0.000E+00
1.402E+07 9.736E+02 1.416E+00 3.875E-01 9.881E-05 1.477E+03 1.000E+00 4.432E+01 0.000E+00
1.419E+07 9.736E+02 1.416E+00 3.875E-01 9.885E-05 1.477E+03 1.000E+00 4.432E+01 0.000E+00
1.450E+07 9.736E+02 1.416E+00 3.875E-01 9.892E-05 1.477E+03 1.000E+00 4.432E+01 0.000E+00
1.511E+07 9.736E+02 1.416E+00 3.875E-01 9.906E-05 1.477E+03 1.000E+00 4.432E+01 0.000E+00
1.639E+07 9.736E+02 1.416E+00 3.875E-01 9.931E-05 1.480E+03 1.000E+00 4.432E+01 0.000E+00
1.942E+07 9.736E+02 1.416E+00 3.875E-01 9.978E-05 1.478E+03 1.000E+00 4.432E+01 0.000E+00
6.318E+08 3.443E+02 1.949E+00 3.875E-01 1.006E-04 2.313E+03 1.000E+00 4.432E+01 0.000E+00
1.851E+09 9.736E+02 1.416E+00 3.875E-01 1.022E-04 1.476E+03 1.000E+00 4.432E+01 0.000E+00
2.888E+06 9.871E+02 1.409E+00 3.875E-01 1.050E-04 1.475E+03 1.000E+00 4.432E+01 0.000E+00
3.245E+06 9.871E+02 1.409E+00 3.875E-01 1.102E-04 1.475E+03 1.000E+00 4.432E+01 0.000E+00
7.976E+06 6.898E+02 1.603E+00 3.875E-01 1.198E-04 1.579E+03 1.000E+00 4.432E+01 0.000E+00
1.594E+07 9.863E+02 1.409E+00 3.875E-01 1.373E-04 1.477E+03 1.000E+00 4.432E+01 0.000E+00
6.957E+06 8.412E+02 1.495E+00 3.875E-01 1.695E-04 1.507E+03 1.000E+00 4.432E+01 0.000E+00
1.918E+07 6.933E+02 1.601E+00 3.875E-01 2.284E-04 1.578E+03 1.000E+00 4.432E+01 0.000E+00
9.835E+06 2.362E+02 2.079E+00 3.875E-01 3.363E-04 4.022E+03 1.000E+00 4.433E+01 0.000E+00
6.720E+06 8.653E+02 1.480E+00 3.875E-01 5.342E-04 1.523E+03 1.000E+00 4.433E+01 0.000E+00
2.035E+08 6.107E+02 1.670E+00 3.875E-01 8.969E-04 1.650E+03 1.000E+00 4.434E+01 0.000E+00
6.603E+07 9.004E+02 1.459E+00 3.875E-01 1.562E-03 1.510E+03 1.000E+00 4.435E+01 0.000E+00
1.256E+07 7.830E+02 1.537E+00 3.875E-01 2.780E-03 1.558E+03 1.000E+00 4.438E+01 0.000E+00
4.834E+06 8.012E+02 1.527E+00 3.875E-01 5.014E-03 1.582E+03 1.000E+00 4.443E+01 0.000E+00
3.268E+06 5.476E+02 1.727E+00 4.902E-01 9.881E-05 1.799E+03 1.000E+00 4.432E+01 0.000E+00
3.485E+06 5.476E+02 1.727E+00 4.902E-01 9.885E-05 1.799E+03 1.000E+00 4.432E+01 0.000E+00
3.976E+06 5.476E+02 1.727E+00 4.902E-01 9.892E-05 1.801E+03 1.000E+00 4.432E+01 0.000E+00
5.402E+06 5.476E+02 1.727E+00 4.902E-01 9.906E-05 1.822E+03 1.000E+00 4.432E+01 0.000E+00
1.715E+07 5.476E+02 1.727E+00 4.902E-01 9.931E-05 1.799E+03 1.000E+00 4.432E+01 0.000E+00
7.536E+06 9.303E+02 1.441E+00 4.902E-01 9.978E-05 1.680E+03 1.000E+00 4.432E+01 0.000E+00
1.145E+07 9.303E+02 1.441E+00 4.902E-01 1.006E-04 1.680E+03 1.000E+00 4.432E+01 0.000E+00
2.485E+06 6.112E+02 1.669E+00 4.902E-01 1.022E-04 1.736E+03 1.000E+00 4.432E+01 0.000E+00
5.086E+06 3.671E+02 1.922E+00 4.902E-01 1.050E-04 2.242E+03 1.000E+00 4.432E+01 0.000E+00
2.251E+07 8.184E+02 1.510E+00 4.902E-01 1.102E-04 1.661E+03 1.000E+00 4.432E+01 0.000E+00
5.400E+06 3.080E+02 1.994E+00 4.902E-01 1.198E-04 2.628E+03 1.000E+00 4.432E+01 0.000E+00
2.259E+06 3.432E+02 1.951E+00 4.902E-01 1.373E-04 2.369E+03 1.000E+00 4.432E+01 0.000E+00
3.229E+07 8.985E+02 1.460E+00 4.902E-01 1.695E-04 1.673E+03 1.000E+00 4.433E+01 0.000E+00
4.592E+06 7.886E+02 1.531E+00 4.902E-01 2.284E-04 1.667E+03 1.000E+00 4.433E+01 0.000E+00
1.614E+06 6.271E+02 1.655E+00 4.902E-01 3.363E-04 1.727E+03 1.000E+00 4.433E+01 0.000E+00
5.833E+06 8.958E+02 1.461E+00 4.902E-01 5.342E-04 1.684E+03 1.000E+00 4.433E+01 0.000E+00
9.373E+06 9.534E+02 1.428E+00 4.902E-01 8.969E-04 1.720E+03 1.000E+00 4.434E+01 0.000E+00
1.291E+07 5.234E+02 1.753E+00 4.902E-01 1.562E-03 1.848E+03 1.000E+00 4.436E+01 0.000E+00
5.540E+07 6.242E+02 1.661E+00 4.902E-01 2.780E-03 1.768E+03 1.000E+00 4.439E+01 0.000E+00
5.298E+06 2.139E+02 2.129E+00 4.902E-01 5.014E-03 4.727E+03 1.000E+00 4.444E+01 0.000E+00
1.509E+07 8.604E+02 1.483E+00 6.200E-01 9.881E-05 2.413E+03 1.000E+00 4.433E+01 0.000E+00
1.629E+07 8.604E+02 1.483E+00 6.200E-01 9.885E-05 2.428E+03 1.000E+00 4.433E+01 0.000E+00
1.908E+07 8.604E+02 1.483E+00 6.200E-01 9.892E-05 2.487E+03 1.000E+00 4.433E+01 0.000E+00
2.796E+07 8.604E+02 1.483E+00 6.200E-01 9.906E-05 2.422E+03 1.000E+00 4.433E+01 0.000E+00
2.144E+08 8.604E+02 1.483E+00 6.200E-01 9.931E-05 2.413E+03 1.000E+00 4.433E+01 0.000E+00
7.867E+06 8.490E+02 1.490E+00 6.200E-01 9.978E-05 2.375E+03 1.000E+00 4.433E+01 0.000E+00
1.550E+06 4.679E+02 1.808E+00 6.200E-01 1.006E-04 2.052E+03 1.000E+00 4.433E+01 0.000E+00
1.697E+07 8.709E+02 1.477E+00 6.200E-01 1.022E-04 2.485E+03 1.000E+00 4.433E+01 0.000E+00
3.961E+06 8.597E+02 1.484E+00 6.200E-01 1.050E-04 2.410E+03 1.000E+00 4.433E+01 0.000E+00
1.440E+07 6.829E+02 1.609E+00 6.200E-01 1.102E-04 1.970E+03 1.000E+00 4.433E+01 0.000E+00
2.440E+06 8.144E+02 1.513E+00 6.200E-01 1.198E-04 2.211E+03 1.000E+00 4.433E+01 0.000E+00
7.140E+06 7.644E+02 1.548E+00 6.200E-01 1.373E-04 2.080E+03 1.000E+00 4.433E+01 0.000E+00
2.786E+06 4.674E+02 1.809E+00 6.200E-01 1.695E-04 2.054E+03 1.000E+00 4.433E+01 0.000E+00
1.402E+07 2.349E+02 2.085E+00 6.200E-01 2.284E-04 4.035E+03 1.000E+00 4.433E+01 0.000E+00
7.208E+06 2.949E+02 2.013E+00 6.200E-01 3.363E-04 2.820E+03 1.000E+00 4.433E+01 0.000E+00
3.007E+06 8.849E+02 1.468E+00 6.200E-01 5.342E-04 2.711E+03 1.000E+00 4.434E+01 0.000E+00
2.658E+07 9.309E+02 1.441E+00 6.200E-01 8.969E-04 3.771E+03 1.000E+00 4.434E+01 0.000E+00
1.703E+08 5.833E+02 1.696E+00 6.200E-01 1.562E-03 1.998E+03 1.000E+00 4.436E+01 0.000E+00
3.996E+06 7.476E+02 1.563E+00 6.200E-01 2.780E-03 2.316E+03 1.000E+00 4.439E+01 0.000E+00
5.260E+06 7.820E+02 1.540E+00 6.200E-01 5.014E-03 3.064E+03 1.000E+00 4.444E+01 0.000E+00
1.819E+07 3.279E+02 1.972E+00 7.842E-01 9.881E-05 2.696E+03 1.000E+00 4.433E+01 0.000E+00
4.193E+07 3.279E+02 1.972E+00 7.842E-01 9.885E-05 2.696E+03 1.000E+00 4.433E+01 0.000E+00
1.974E+06 3.197E+02 1.983E+00 7.842E-01 9.892E-05 2.747E+03 1.000E+00 4.433E+01 0.000E+00
2.417E+06 3.197E+02 1.983E+00 7.842E-01 9.906E-05 2.747E+03 1.000E+00 4.433E+01 0.000E+00
4.216E+06 3.197E+02 1.983E+00 7.842E-01 9.931E-05 2.747E+03 1.000E+00 4.433E+01 0.000E+00
4.901E+06 3.227E+02 1.979E+00 7.842E-01 9.978E-05 2.733E+03 1.000E+00 4.433E+01 0.000E+00
9.290E+06 4.523E+02 1.825E+00 7.842E-01 1.006E-04 2.383E+03 1.000E+00 4.433E+01 0.000E+00
1.608E+06 3.635E+02 1.928E+00 7.842E-01 1.022E-04 2.531E+03 1.000E+00 4.433E+01 0.000E+00
3.939E+06 5.469E+02 1.728E+00 7.842E-01 1.050E-04 2.586E+03 1.000E+00 4.433E+01 0.000E+00
4.863E+06 2.525E+02 2.067E+00 7.842E-01 1.102E-04 3.565E+03 1.000E+00 4.433E+01 0.000E+00
5.041E+06 3.822E+02 1.906E+00 7.842E-01 1.198E-04 2.474E+03 1.000E+00 4.433E+01 0.000E+00
1.003E+07 2.769E+02 2.037E+00 7.842E-01 1.373E-04 3.149E+03 1.000E+00 4.433E+01 0.000E+00
1.229E+06 4.673E+02 1.809E+00 7.842E-01 1.695E-04 2.390E+03 1.000E+00 4.433E+01 0.000E+00
1.259E+07 3.329E+02 1.967E+00 7.842E-01 2.284E-04 2.670E+03 1.000E+00 4.433E+01 0.000E+00
6.061E+06 4.194E+02 1.863E+00 7.842E-01 3.363E-04 2.416E+03 1.000E+00 4.434E+01 0.000E+00
4.003E+06 4.666E+02 1.811E+00 7.842E-01 5.342E-04 2.414E+03 1.000E+00 4.434E+01 0.000E+00
1.906E+07 5.667E+02 1.711E+00 7.842E-01 8.969E-04 2.932E+03 1.000E+00 4.435E+01 0.000E+00
1.926E+06 2.515E+02 2.074E+00 7.842E-01 1.562E-03 3.550E+03 1.000E+00 4.436E+01 0.000E+00
3.142E+06 5.337E+02 1.746E+00 7.842E-01 2.780E-03 3.109E+03 1.000E+00 4.439E+01 0.000E+00
1.372E+06 4.283E+02 1.863E+00 7.842E-01 5.014E-03 2.748E+03 1.000E+00 4.444E+01 0.000E+00
4.093E+06 2.824E+02 2.032E+00 9.919E-01 9.881E-05 3.365E+03 1.000E+00 4.434E+01 0.000E+00
4.672E+06 2.824E+02 2.032E+00 9.919E-01 9.885E-05 3.366E+03 1.000E+00 4.434E+01 0.000E+00
6.331E+06 2.824E+02 2.032E+00 9.919E-01 9.892E-05 3.365E+03 1.000E+00 4.434E+01 0.000E+00
1.885E+07 2.824E+02 2.032E+00 9.919E-01 9.906E-05 3.366E+03 1.000E+00 4.434E+01 0.000E+00
3.161E+06 2.890E+02 2.024E+00 9.919E-01 9.931E-05 3.332E+03 1.000E+00 4.434E+01 0.000E+00
4.196E+06 2.761E+02 2.040E+00 9.919E-01 9.978E-05 3.427E+03 1.000E+00 4.434E+01 0.000E+00
1.515E+06 2.803E+02 2.035E+00 9.919E-01 1.006E-04 3.385E+03 1.000E+00 4.434E+01 0.000E+00
1.232E+06 2.976E+02 2.013E+00 9.919E-01 1.022E-04 3.251E+03 1.000E+00 4.434E+01 0.000E+00
3.793E+06 2.083E+02 2.122E+00 9.919E-01 1.050E-04 5.574E+03 1.000E+00 4.434E+01 0.000E+00
5.093E+07 2.645E+02 2.055E+00 9.919E-01 1.102E-04 3.569E+03 1.000E+00 4.434E+01 0.000E+00
3.910E+06 2.225E+02 2.106E+00 9.919E-01 1.198E-04 4.643E+03 1.000E+00 4.434E+01 0.000E+00
3.951E+06 2.938E+02 2.018E+00 9.919E-01 1.373E-04 3.277E+03 1.000E+00 4.434E+01 0.000E+00
2.740E+07 2.867E+02 2.027E+00 9.919E-01 1.695E-04 3.331E+03 1.000E+00 4.434E+01 0.000E+00
5.658E+06 2.255E+02 2.103E+00 9.919E-01 2.284E-04 4.504E+03 1.000E+00 4.434E+01 0.000E+00
9.036E+05 2.627E+02 2.058E+00 9.919E-01 3.363E-04 3.604E+03 1.000E+00 4.434E+01 0.000E+00
6.461E+06 2.549E+02 2.069E+00 9.919E-01 5.342E-04 3.721E+03 1.000E+00 4.435E+01 0.000E+00
2.618E+07 2.236E+02 2.109E+00 9.919E-01 8.969E-04 4.552E+03 1.000E+00 4.435E+01 0.000E+00
1.216E+06 2.364E+02 2.096E+00 9.919E-01 1.562E-03 4.109E+03 1.000E+00 4.437E+01 0.000E+00
1.758E+06 2.366E+02 2.102E+00 9.919E-01 2.780E-03 4.102E+03 1.000E+00 4.440E+01 0.000E+00
6.404E+05 2.380E+02 2.110E+00 9.919E-01 5.014E-03 4.112E+03 1.000E+00 4.445E+01 0.000E+00
3.782E+06 2.256E+02 2.108E+00 1.255E+00 9.881E-05 5.022E+03 1.000E+00 4.434E+01 0.000E+00
4.058E+06 2.256E+02 2.108E+00 1.255E+00 9.885E-05 5.023E+03 1.000E+00 4.434E+01 0.000E+00
4.689E+06 2.256E+02 2.108E+00 1.255E+00 9.892E-05 5.025E+03 1.000E+00 4.434E+01 0.000E+00
6.597E+06 2.256E+02 2.108E+00 1.255E+00 9.906E-05 5.024E+03 1.000E+00 4.434E+01 0.000E+00
2.786E+07 2.256E+02 2.108E+00 1.255E+00 9.931E-05 5.023E+03 1.000E+00 4.434E+01 0.000E+00
2.495E+06 2.441E+02 2.085E+00 1.255E+00 9.978E-05 4.746E+03 1.000E+00 4.434E+01 0.000E+00
1.127E+06 2.455E+02 2.083E+00 1.255E+00 1.006E-04 4.739E+03 1.000E+00 4.434E+01 0.000E+00
1.308E+09 2.455E+02 2.083E+00 1.255E+00 1.022E-04 4.740E+03 1.000E+00 4.434E+01 0.000E+00
2.924E+06 2.514E+02 2.076E+00 1.255E+00 1.050E-04 4.737E+03 1.000E+00 4.434E+01 0.000E+00
1.186E+06 2.554E+02 2.071E+00 1.255E+00 1.102E-04 4.760E+03 1.000E+00 4.434E+01 0.000E+00
1.921E+06 2.626E+02 2.062E+00 1.255E+00 1.198E-04 4.887E+03 1.000E+00 4.434E+01 0.000E+00
2.726E+06 2.714E+02 2.050E+00 1.255E+00 1.373E-04 5.168E+03 1.000E+00 4.434E+01 0.000E+00
5.289E+05 2.494E+02 2.079E+00 1.255E+00 1.695E-04 4.749E+03 1.000E+00 4.434E+01 0.000E+00
1.835E+06 2.663E+02 2.057E+00 1.255E+00 2.284E-04 5.019E+03 1.000E+00 4.434E+01 0.000E+00
9.675E+05 2.374E+02 2.095E+00 1.255E+00 3.363E-04 4.843E+03 1.000E+00 4.435E+01 0.000E+00
4.129E+06 2.174E+02 2.120E+00 1.255E+00 5.342E-04 5.299E+03 1.000E+00 4.435E+01 0.000E+00
9.211E+06 2.521E+02 2.078E+00 1.255E+00 8.969E-04 5.012E+03 1.000E+00 4.436E+01 0.000E+00
7.827E+06 2.247E+02 2.116E+00 1.255E+00 1.562E-03 5.213E+03 1.000E+00 4.437E+01 0.000E+00
1.433E+06 2.181E+02 2.130E+00 1.255E+00 2.780E-03 5.546E+03 1.000E+00 4.440E+01 0.000E+00
NAN NAN NAN 1.255E+00 5.014E-03 NAN 1.000E+00 4.445E+01 0.000E+00
NAN NAN NAN 1.587E+00 9.881E-05 NAN 1.000E+00 4.435E+01 0.000E+00
NAN NAN NAN 1.587E+00 9.885E-05 NAN 1.000E+00 4.435E+01 0.000E+00
NAN NAN NAN 1.587E+00 9.892E-05 NAN 1.000E+00 4.435E+01 0.000E+00
NAN NAN NAN 1.587E+00 9.906E-05 NAN 1.000E+00 4.435E+01 0.000E+00
NAN NAN NAN 1.587E+00 9.931E-05 NAN 1.000E+00 4.435E+01 0.000E+00
NAN NAN NAN 1.587E+00 9.978E-05 NAN 1.000E+00 4.435E+01 0.000E+00
NAN NAN NAN 1.587E+00 1.006E-04 NAN 1.000E+00 4.435E+01 0.000E+00
NAN NAN NAN 1.587E+00 1.022E-04 NAN 1.000E+00 4.435E+01 0.000E+00
NAN NAN NAN 1.587E+00 1.050E-04 NAN 1.000E+00 4.435E+01 0.000E+00
NAN NAN NAN 1.587E+00 1.102E-04 NAN 1.000E+00 4.435E+01 0.000E+00
NAN NAN NAN 1.587E+00 1.198E-04 NAN 1.000E+00 4.435E+01 0.000E+00
NAN NAN NAN 1.587E+00 1.373E-04 NAN 1.000E+00 4.435E+01 0.000E+00
NAN NAN NAN 1.587E+00 1.695E-04 NAN 1.000E+00 4.435E+01 0.000E+00
NAN NAN NAN 1.587E+00 2.284E-04 NAN 1.000E+00 4.435E+01 0.000E+00
NAN NAN NAN 1.587E+00 3.363E-04 NAN 1.000E+00 4.435E+01 0.000E+00
NAN NAN NAN 1.587E+00 5.342E-04 NAN 1.000E+00 4.436E+01 0.000E+00
NAN NAN NAN 1.587E+00 8.969E-04 NAN 1.000E+00 4.437E+01 0.000E+00
NAN NAN NAN 1.587E+00 1.562E-03 NAN 1.000E+00 4.438E+01 0.000E+00
NAN NAN NAN 1.587E+00 2.780E-03 NAN 1.000E+00 4.441E+01 0.000E+00
NAN NAN NAN 1.587E+00 5.014E-03 NAN 1.000E+00 4.446E+01 0.000E+00
NAN NAN NAN 2.007E+00 9.881E-05 NAN 1.000E+00 4.436E+01 0.000E+00
NAN NAN NAN 2.007E+00 9.885E-05 NAN 1.000E+00 4.436E+01 0.000E+00
NAN NAN NAN 2.007E+00 9.892E-05 NAN 1.000E+00 4.436E+01 0.000E+00
NAN NAN NAN 2.007E+00 9.906E-05 NAN 1.000E+00 4.436E+01 0.000E+00
NAN NAN NAN 2.007E+00 9.931E-05 NAN 1.000E+00 4.436E+01 0.000E+00
NAN NAN NAN 2.007E+00 9.978E-05 NAN 1.000E+00 4.436E+01 0.000E+00
NAN NAN NAN 2.007E+00 1.006E-04 NAN 1.000E+00 4.436E+01 0.000E+00
NAN NAN NAN 2.007E+00 1.022E-04 NAN 1.000E+00 4.436E+01 0.000E+00
NAN NAN NAN 2.007E+00 1.050E-04 NAN 1.000E+00 4.436E+01 0.000E+00
NAN NAN NAN 2.007E+00 1.102E-04 NAN 1.000E+00 4.436E+01 0.000E+00
NAN NAN NAN 2.007E+00 1.198E-04 NAN 1.000E+00 4.436E+01 0.000E+00
NAN NAN NAN 2.007E+00 1.373E-04 NAN 1.000E+00 4.436E+01 0.000E+00
NAN NAN NAN 2.007E+00 1.695E-04 NAN 1.000E+00 4.436E+01 0.000E+00
NAN NAN NAN 2.007E+00 2.284E-04 NAN 1.000E+00 4.436E+01 0.000E+00
NAN NAN NAN 2.007E+00 3.363E-04 NAN 1.000E+00 4.436E+01 0.000E+00
NAN NAN NAN 2.007E+00 5.342E-04 NAN 1.000E+00 4.437E+01 0.000E+00
NAN NAN NAN 2.007E+00 8.969E-04 NAN 1.000E+00 4.438E+01 0.000E+00
NAN NAN NAN 2.007E+00 1.562E-03 NAN 1.000E+00 4.439E+01 0.000E+00
NAN NAN NAN 2.007E+00 2.780E-03 NAN 1.000E+00 4.442E+01 0.000E+00
NAN NAN NAN 2.007E+00 5.014E-03 NAN 1.000E+00 4.447E+01 0.000E+00
NAN NAN NAN 2.539E+00 9.881E-05 NAN 1.000E+00 4.437E+01 0.000E+00
NAN NAN NAN 2.539E+00 9.885E-05 NAN 1.000E+00 4.437E+01 0.000E+00
NAN NAN NAN 2.539E+00 9.892E-05 NAN 1.000E+00 4.437E+01 0.000E+00
NAN NAN NAN 2.539E+00 9.906E-05 NAN 1.000E+00 4.437E+01 0.000E+00
NAN NAN NAN 2.539E+00 9.931E-05 NAN 1.000E+00 4.437E+01 0.000E+00
NAN NAN NAN 2.539E+00 9.978E-05 NAN 1.000E+00 4.437E+01 0.000E+00
NAN NAN NAN 2.539E+00 1.006E-04 NAN 1.000E+00 4.437E+01 0.000E+00
NAN NAN NAN 2.539E+00 1.022E-04 NAN 1.000E+00 4.437E+01 0.000E+00
NAN NAN NAN 2.539E+00 1.050E-04 NAN 1.000E+00 4.437E+01 0.000E+00
NAN NAN NAN 2.539E+00 1.102E-04 NAN 1.000E+00 4.437E+01 0.000E+00
NAN NAN NAN 2.539E+00 1.198E-04 NAN 1.000E+00 4.437E+01 0.000E+00
NAN NAN NAN 2.539E+00 1.373E-04 NAN 1.000E+00 4.437E+01 0.000E+00
NAN NAN NAN 2.539E+00 1.695E-04 NAN 1.000E+00 4.437E+01 0.000E+00
NAN NAN NAN 2.539E+00 2.284E-04 NAN 1.000E+00 4.437E+01 0.000E+00
NAN NAN NAN 2.539E+00 3.363E-04 NAN 1.000E+00 4.438E+01 0.000E+00
NAN NAN NAN 2.539E+00 5.342E-04 NAN 1.000E+00 4.438E+01 0.000E+00
NAN NAN NAN 2.539E+00 8.969E-04 NAN 1.000E+00 4.439E+01 0.000E+00
NAN NAN NAN 2.539E+00 1.562E-03 NAN 1.000E+00 4.440E+01 0.000E+00
NAN NAN NAN 2.539E+00 2.780E-03 NAN 1.000E+00 4.443E+01 0.000E+00
NAN NAN NAN 2.539E+00 5.014E-03 NAN 1.000E+00 4.448E+01 0.000E+00
NAN NAN NAN 3.211E+00 9.881E-05 NAN 1.000E+00 4.439E+01 3.000E+00
NAN NAN NAN 3.211E+00 9.885E-05 NAN 1.000E+00 4.439E+01 3.000E+00
NAN NAN NAN 3.211E+00 9.892E-05 NAN 1.000E+00 4.439E+01 3.000E+00
NAN NAN NAN 3.211E+00 9.906E-05 NAN 1.000E+00 4.439E+01 3.000E+00
NAN NAN NAN 3.211E+00 9.931E-05 NAN 1.000E+00 4.439E+01 3.000E+00
NAN NAN NAN 3.211E+00 9.978E-05 NAN 1.000E+00 4.439E+01 3.000E+00
NAN NAN NAN 3.211E+00 1.006E-04 NAN 1.000E+00 4.439E+01 3.000E+00
NAN NAN NAN 3.211E+00 1.022E-04 NAN 1.000E+00 4.439E+01 3.000E+00
NAN NAN NAN 3.211E+00 1.050E-04 NAN 1.000E+00 4.439E+01 3.000E+00
NAN NAN NAN 3.211E+00 1.102E-04 NAN 1.000E+00 4.439E+01 3.000E+00
NAN NAN NAN 3.211E+00 1.198E-04 NAN 1.000E+00 4.439E+01 3.000E+00
NAN NAN NAN 3.211E+00 1.373E-04 NAN 1.000E+00 4.439E+01 3.000E+00
NAN NAN NAN 3.211E+00 1.695E-04 NAN 1.000E+00 4.439E+01 3.000E+00
NAN NAN NAN 3.211E+00 2.284E-04 NAN 1.000E+00 4.439E+01 3.000E+00
NAN NAN NAN 3.211E+00 3.363E-04 NAN 1.000E+00 4.439E+01 3.000E+00
NAN NAN NAN 3.211E+00 5.342E-04 NAN 1.000E+00 4.440E+01 3.000E+00
NAN NAN NAN 3.211E+00 8.969E-04 NAN 1.000E+00 4.440E+01 3.000E+00
NAN NAN NAN 3.211E+00 1.562E-03 NAN 1.000E+00 4.442E+01 3.000E+00
NAN NAN NAN 3.211E+00 2.780E-03 NAN 1.000E+00 4.445E+01 3.000E+00
NAN NAN NAN 3.211E+00 5.014E-03 NAN 1.000E+00 4.450E+01 3.000E+00
NAN NAN NAN 4.062E+00 9.881E-05 NAN 1.000E+00 4.441E+01 3.000E+00
NAN NAN NAN 4.062E+00 9.885E-05 NAN 1.000E+00 4.441E+01 3.000E+00
NAN NAN NAN 4.062E+00 9.892E-05 NAN 1.000E+00 4.441E+01 3.000E+00
NAN NAN NAN 4.062E+00 9.906E-05 NAN 1.000E+00 4.441E+01 3.000E+00
NAN NAN NAN 4.062E+00 9.931E-05 NAN 1.000E+00 4.441E+01 3.000E+00
NAN NAN NAN 4.062E+00 9.978E-05 NAN 1.000E+00 4.441E+01 3.000E+00
NAN NAN NAN 4.062E+00 1.006E-04 NAN 1.000E+00 4.441E+01 3.000E+00
NAN NAN NAN 4.062E+00 1.022E-04 NAN 1.000E+00 4.441E+01 3.000E+00
NAN NAN NAN 4.062E+00 1.050E-04 NAN 1.000E+00 4.441E+01 3.000E+00
NAN NAN NAN 4.062E+00 1.102E-04 NAN 1.000E+00 4.441E+01 3.000E+00
NAN NAN NAN 4.062E+00 1.198E-04 NAN 1.000E+00 4.441E+01 3.000E+00
NAN NAN NAN 4.062E+00 1.373E-04 NAN 1.000E+00 4.441E+01 3.000E+00
NAN NAN NAN 4.062E+00 1.695E-04 NAN 1.000E+00 4.441E+01 3.000E+00
NAN NAN NAN 4.062E+00 2.284E-04 NAN 1.000E+00 4.441E+01 3.000E+00
NAN NAN NAN 4.062E+00 3.363E-04 NAN 1.000E+00 4.441E+01 3.000E+00
NAN NAN NAN 4.062E+00 5.342E-04 NAN 1.000E+00 4.442E+01 3.000E+00
NAN NAN NAN 4.062E+00 8.969E-04 NAN 1.000E+00 4.442E+01 3.000E+00
NAN NAN NAN 4.062E+00 1.562E-03 NAN 1.000E+00 4.444E+01 3.000E+00
NAN NAN NAN 4.062E+00 2.780E-03 NAN 1.000E+00 4.447E+01 3.000E+00
NAN NAN NAN 4.062E+00 5.014E-03 NAN 1.000E+00 4.452E+01 3.000E+00
NAN NAN NAN 5.138E+00 9.881E-05 NAN 1.000E+00 4.443E+01 3.000E+00
NAN NAN NAN 5.138E+00 9.885E-05 NAN 1.000E+00 4.443E+01 3.000E+00
NAN NAN NAN 5.138E+00 9.892E-05 NAN 1.000E+00 4.443E+01 3.000E+00
NAN NAN NAN 5.138E+00 9.906E-05 NAN 1.000E+00 4.443E+01 3.000E+00
NAN NAN NAN 5.138E+00 9.931E-05 NAN 1.000E+00 4.443E+01 3.000E+00
NAN NAN NAN 5.138E+00 9.978E-05 NAN 1.000E+00 4.443E+01 3.000E+00
NAN NAN NAN 5.138E+00 1.006E-04 NAN 1.000E+00 4.443E+01 3.000E+00
NAN NAN NAN 5.138E+00 1.022E-04 NAN 1.000E+00 4.443E+01 3.000E+00
NAN NAN NAN 5.138E+00 1.050E-04 NAN 1.000E+00 4.443E+01 3.000E+00
NAN NAN NAN 5.138E+00 1.102E-04 NAN 1.000E+00 4.443E+01 3.000E+00
NAN NAN NAN 5.138E+00 1.198E-04 NAN 1.000E+00 4.443E+01 3.000E+00
NAN NAN NAN 5.138E+00 1.373E-04 NAN 1.000E+00 4.443E+01 3.000E+00
NAN NAN NAN 5.138E+00 1.695E-04 NAN 1.000E+00 4.443E+01 3.000E+00
NAN NAN NAN 5.138E+00 2.284E-04 NAN 1.000E+00 4.443E+01 3.000E+00
NAN NAN NAN 5.138E+00 3.363E-04 NAN 1.000E+00 4.444E+01 3.000E+00
NAN NAN NAN 5.138E+00 5.342E-04 NAN 1.000E+00 4.444E+01 3.000E+00
NAN NAN NAN 5.138E+00 8.969E-04 NAN 1.000E+00 4.445E+01 3.000E+00
NAN NAN NAN 5.138E+00 1.562E-03 NAN 1.000E+00 4.446E+01 3.000E+00
NAN NAN NAN 5.138E+00 2.780E-03 NAN 1.000E+00 4.449E+01 3.000E+00
NAN NAN NAN 5.138E+00 5.014E-03 NAN 1.000E+00 4.454E+01 3.000E+00
