2.580E+08 2.315E+02 3.309E-02 5.137E-05 2.486E-05 5.163E+03 2.211E-01 1.000E+00 2.000E+00
1.162E+08 2.002E+02 3.360E-02 5.137E-05 2.490E-05 NAN 2.211E-01 1.000E+00 2.000E+00
1.068E+09 2.154E+02 3.337E-02 5.137E-05 2.497E-05 6.158E+03 2.211E-01 1.000E+00 2.000E+00
2.212E+08 2.097E+02 3.346E-02 5.137E-05 2.511E-05 6.703E+03 2.212E-01 1.000E+00 2.000E+00
2.210E+09 2.324E+02 3.308E-02 5.137E-05 2.536E-05 5.139E+03 2.212E-01 1.000E+00 2.000E+00
3.804E+08 2.303E+02 3.312E-02 5.137E-05 2.582E-05 5.211E+03 2.212E-01 1.000E+00 2.000E+00
5.722E+08 2.002E+02 3.361E-02 5.137E-05 2.667E-05 NAN 2.213E-01 1.000E+00 2.000E+00
6.950E+07 2.287E+02 3.316E-02 5.137E-05 2.822E-05 5.284E+03 2.215E-01 1.000E+00 2.000E+00
1.381E+09 2.268E+02 3.320E-02 5.137E-05 3.107E-05 5.371E+03 2.219E-01 1.000E+00 2.000E+00
2.220E+08 2.185E+02 3.337E-02 5.137E-05 3.629E-05 5.842E+03 2.225E-01 1.000E+00 2.000E+00
7.346E+07 2.218E+02 3.336E-02 5.137E-05 4.585E-05 5.759E+03 2.236E-01 1.000E+00 2.000E+00
1.913E+09 2.251E+02 3.339E-02 5.137E-05 6.338E-05 5.652E+03 2.256E-01 1.000E+00 2.000E+00
1.783E+08 2.086E+02 3.384E-02 5.137E-05 9.551E-05 6.630E+03 2.294E-01 1.000E+00 2.000E+00
NAN NAN NAN 5.137E-05 1.544E-04 NAN 2.363E-01 1.000E+00 2.000E+00
NAN NAN NAN 5.137E-05 2.624E-04 NAN 2.489E-01 1.000E+00 2.000E+00
NAN NAN NAN 5.137E-05 4.602E-04 NAN 2.720E-01 1.000E+00 2.000E+00
NAN NAN NAN 5.137E-05 8.229E-04 NAN 3.142E-01 1.000E+00 2.000E+00
NAN NAN NAN 5.137E-05 1.488E-03 NAN 3.908E-01 1.000E+00 2.000E+00
NAN NAN NAN 5.137E-05 2.706E-03 NAN 5.268E-01 1.000E+00 2.000E+00
NAN NAN NAN 5.137E-05 4.940E-03 NAN 7.320E-01 1.000E+00 3.000E+00
1.507E+09 2.181E+02 3.332E-02 6.498E-05 2.486E-05 5.912E+03 2.212E-01 1.000E+00 2.000E+00
5.988E+07 2.097E+02 3.346E-02 6.498E-05 2.490E-05 6.705E+03 2.212E-01 1.000E+00 2.000E+00
2.962E+08 2.097E+02 3.346E-02 6.498E-05 2.497E-05 6.706E+03 2.212E-01 1.000E+00 2.000E+00
7.998E+08 2.286E+02 3.314E-02 6.498E-05 2.511E-05 5.281E+03 2.212E-01 1.000E+00 2.000E+00
5.562E+07 2.449E+02 3.285E-02 6.498E-05 2.536E-05 4.907E+03 2.212E-01 1.000E+00 2.000E+00
4.535E+08 2.088E+02 3.348E-02 6.498E-05 2.582E-05 6.729E+03 2.213E-01 1.000E+00 2.000E+00
1.462E+08 2.414E+02 3.292E-02 6.498E-05 2.667E-05 5.007E+03 2.214E-01 1.000E+00 2.000E+00
8.477E+07 2.214E+02 3.328E-02 6.498E-05 2.822E-05 5.662E+03 2.216E-01 1.000E+00 2.000E+00
1.519E+08 2.178E+02 3.336E-02 6.498E-05 3.107E-05 5.914E+03 2.219E-01 1.000E+00 2.000E+00
6.336E+07 2.149E+02 3.343E-02 6.498E-05 3.629E-05 6.130E+03 2.225E-01 1.000E+00 2.000E+00
1.830E+08 2.214E+02 3.337E-02 6.498E-05 4.585E-05 5.670E+03 2.236E-01 1.000E+00 2.000E+00
8.419E+07 2.209E+02 3.346E-02 6.498E-05 6.338E-05 5.779E+03 2.257E-01 1.000E+00 2.000E+00
6.675E+07 2.095E+02 3.383E-02 6.498E-05 9.551E-05 6.587E+03 2.294E-01 1.000E+00 2.000E+00
NAN NAN NAN 6.498E-05 1.544E-04 NAN 2.363E-01 1.000E+00 2.000E+00
NAN NAN NAN 6.498E-05 2.624E-04 NAN 2.490E-01 1.000E+00 2.000E+00
NAN NAN NAN 6.498E-05 4.602E-04 NAN 2.721E-01 1.000E+00 2.000E+00
NAN NAN NAN 6.498E-05 8.229E-04 NAN 3.142E-01 1.000E+00 2.000E+00
NAN NAN NAN 6.498E-05 1.488E-03 NAN 3.909E-01 1.000E+00 2.000E+00
NAN NAN NAN 6.498E-05 2.706E-03 NAN 5.268E-01 1.000E+00 2.000E+00
NAN NAN NAN 6.498E-05 4.940E-03 NAN 7.320E-01 1.000E+00 3.000E+00
5.555E+08 2.168E+02 3.334E-02 8.219E-05 2.486E-05 6.022E+03 2.212E-01 1.000E+00 2.000E+00
8.788E+09 2.430E+02 3.289E-02 8.219E-05 2.490E-05 4.923E+03 2.212E-01 1.000E+00 2.000E+00
4.887E+07 2.192E+02 3.330E-02 8.219E-05 2.497E-05 5.829E+03 2.212E-01 1.000E+00 2.000E+00
9.818E+07 2.445E+02 3.286E-02 8.219E-05 2.511E-05 4.912E+03 2.213E-01 1.000E+00 2.000E+00
4.555E+08 2.221E+02 3.326E-02 8.219E-05 2.536E-05 5.625E+03 2.213E-01 1.000E+00 2.000E+00
2.603E+08 2.002E+02 3.361E-02 8.219E-05 2.582E-05 NAN 2.213E-01 1.000E+00 2.000E+00
5.673E+07 2.376E+02 3.299E-02 8.219E-05 2.667E-05 5.019E+03 2.214E-01 1.000E+00 2.000E+00
7.393E+07 2.226E+02 3.326E-02 8.219E-05 2.822E-05 5.588E+03 2.216E-01 1.000E+00 2.000E+00
9.385E+07 2.316E+02 3.312E-02 8.219E-05 3.107E-05 5.200E+03 2.220E-01 1.000E+00 2.000E+00
2.929E+09 2.264E+02 3.323E-02 8.219E-05 3.629E-05 5.413E+03 2.226E-01 1.000E+00 2.000E+00
6.719E+07 2.128E+02 3.351E-02 8.219E-05 4.585E-05 6.275E+03 2.237E-01 1.000E+00 2.000E+00
9.956E+07 2.263E+02 3.337E-02 8.219E-05 6.338E-05 5.643E+03 2.257E-01 1.000E+00 2.000E+00
3.593E+07 2.084E+02 3.384E-02 8.219E-05 9.551E-05 6.651E+03 2.295E-01 1.000E+00 2.000E+00
NAN NAN NAN 8.219E-05 1.544E-04 NAN 2.364E-01 1.000E+00 2.000E+00
NAN NAN NAN 8.219E-05 2.624E-04 NAN 2.490E-01 1.000E+00 2.000E+00
NAN NAN NAN 8.219E-05 4.602E-04 NAN 2.721E-01 1.000E+00 2.000E+00
NAN NAN NAN 8.219E-05 8.229E-04 NAN 3.143E-01 1.000E+00 2.000E+00
NAN NAN NAN 8.219E-05 1.488E-03 NAN 3.909E-01 1.000E+00 2.000E+00
NAN NAN NAN 8.219E-05 2.706E-03 NAN 5.269E-01 1.000E+00 2.000E+00
NAN NAN NAN 8.219E-05 4.940E-03 NAN 7.321E-01 1.000E+00 3.000E+00
1.089E+08 2.419E+02 3.291E-02 1.040E-04 2.486E-05 4.941E+03 2.213E-01 1.000E+00 2.000E+00
1.672E+08 2.447E+02 3.286E-02 1.040E-04 2.490E-05 4.916E+03 2.213E-01 1.000E+00 2.000E+00
1.377E+09 2.006E+02 3.359E-02 1.040E-04 2.497E-05 NAN 2.213E-01 1.000E+00 2.000E+00
1.917E+08 2.468E+02 3.282E-02 1.040E-04 2.511E-05 4.914E+03 2.213E-01 1.000E+00 2.000E+00
8.289E+08 2.251E+02 3.321E-02 1.040E-04 2.536E-05 5.450E+03 2.214E-01 1.000E+00 2.000E+00
2.344E+09 2.201E+02 3.329E-02 1.040E-04 2.582E-05 5.753E+03 2.214E-01 1.000E+00 2.000E+00
1.527E+08 2.395E+02 3.296E-02 1.040E-04 2.667E-05 4.990E+03 2.215E-01 1.000E+00 2.000E+00
3.144E+07 2.352E+02 3.304E-02 1.040E-04 2.822E-05 5.089E+03 2.217E-01 1.000E+00 2.000E+00
1.606E+08 2.433E+02 3.291E-02 1.040E-04 3.107E-05 5.012E+03 2.220E-01 1.000E+00 2.000E+00
1.200E+09 2.042E+02 3.360E-02 1.040E-04 3.629E-05 4.590E+03 2.226E-01 1.000E+00 2.000E+00
7.979E+07 2.246E+02 3.331E-02 1.040E-04 4.585E-05 5.532E+03 2.237E-01 1.000E+00 2.000E+00
1.398E+08 2.161E+02 3.355E-02 1.040E-04 6.338E-05 6.018E+03 2.258E-01 1.000E+00 2.000E+00
6.635E+07 2.002E+02 3.398E-02 1.040E-04 9.551E-05 7.415E+03 2.296E-01 1.000E+00 2.000E+00
NAN NAN NAN 1.040E-04 1.544E-04 NAN 2.365E-01 1.000E+00 2.000E+00
NAN NAN NAN 1.040E-04 2.624E-04 NAN 2.491E-01 1.000E+00 2.000E+00
NAN NAN NAN 1.040E-04 4.602E-04 NAN 2.722E-01 1.000E+00 2.000E+00
NAN NAN NAN 1.040E-04 8.229E-04 NAN 3.144E-01 1.000E+00 2.000E+00
NAN NAN NAN 1.040E-04 1.488E-03 NAN 3.910E-01 1.000E+00 2.000E+00
NAN NAN NAN 1.040E-04 2.706E-03 NAN 5.270E-01 1.000E+00 2.000E+00
NAN NAN NAN 1.040E-04 4.940E-03 NAN 7.322E-01 1.000E+00 3.000E+00
1.588E+08 2.477E+02 3.280E-02 1.315E-04 2.486E-05 4.943E+03 2.214E-01 1.000E+00 2.000E+00
8.091E+07 2.162E+02 3.335E-02 1.315E-04 2.490E-05 6.084E+03 2.214E-01 1.000E+00 2.000E+00
2.107E+08 2.088E+02 3.347E-02 1.315E-04 2.497E-05 6.738E+03 2.214E-01 1.000E+00 2.000E+00
2.112E+08 2.088E+02 3.347E-02 1.315E-04 2.511E-05 6.740E+03 2.214E-01 1.000E+00 2.000E+00
5.591E+08 2.416E+02 3.291E-02 1.315E-04 2.536E-05 4.956E+03 2.214E-01 1.000E+00 2.000E+00
2.510E+09 2.287E+02 3.315E-02 1.315E-04 2.582E-05 5.288E+03 2.215E-01 1.000E+00 2.000E+00
4.852E+08 2.243E+02 3.323E-02 1.315E-04 2.667E-05 5.512E+03 2.216E-01 1.000E+00 2.000E+00
9.349E+07 2.459E+02 3.285E-02 1.315E-04 2.822E-05 4.979E+03 2.218E-01 1.000E+00 2.000E+00
3.152E+07 2.236E+02 3.326E-02 1.315E-04 3.107E-05 5.543E+03 2.221E-01 1.000E+00 2.000E+00
1.554E+08 2.216E+02 3.332E-02 1.315E-04 3.629E-05 5.655E+03 2.227E-01 1.000E+00 2.000E+00
1.174E+09 2.317E+02 3.319E-02 1.315E-04 4.585E-05 5.398E+03 2.238E-01 1.000E+00 2.000E+00
1.447E+08 2.107E+02 3.364E-02 1.315E-04 6.338E-05 6.415E+03 2.259E-01 1.000E+00 2.000E+00
2.059E+08 2.057E+02 3.389E-02 1.315E-04 9.551E-05 6.852E+03 2.296E-01 1.000E+00 2.000E+00
NAN NAN NAN 1.315E-04 1.544E-04 NAN 2.365E-01 1.000E+00 2.000E+00
NAN NAN NAN 1.315E-04 2.624E-04 NAN 2.492E-01 1.000E+00 2.000E+00
NAN NAN NAN 1.315E-04 4.602E-04 NAN 2.723E-01 1.000E+00 2.000E+00
NAN NAN NAN 1.315E-04 8.229E-04 NAN 3.145E-01 1.000E+00 2.000E+00
NAN NAN NAN 1.315E-04 1.488E-03 NAN 3.911E-01 1.000E+00 2.000E+00
NAN NAN NAN 1.315E-04 2.706E-03 NAN 5.271E-01 1.000E+00 2.000E+00
NAN NAN NAN 1.315E-04 4.940E-03 NAN 7.324E-01 1.000E+00 3.000E+00
1.442E+09 2.121E+02 3.342E-02 1.663E-04 2.486E-05 6.499E+03 2.215E-01 1.000E+00 2.000E+00
1.037E+08 2.143E+02 3.339E-02 1.663E-04 2.490E-05 6.272E+03 2.215E-01 1.000E+00 2.000E+00
7.019E+07 2.321E+02 3.308E-02 1.663E-04 2.497E-05 5.167E+03 2.215E-01 1.000E+00 2.000E+00
5.990E+07 2.456E+02 3.284E-02 1.663E-04 2.511E-05 4.939E+03 2.215E-01 1.000E+00 2.000E+00
5.007E+07 2.265E+02 3.318E-02 1.663E-04 2.536E-05 5.390E+03 2.215E-01 1.000E+00 2.000E+00
1.158E+08 2.237E+02 3.323E-02 1.663E-04 2.582E-05 5.537E+03 2.216E-01 1.000E+00 2.000E+00
3.464E+08 2.210E+02 3.328E-02 1.663E-04 2.667E-05 5.874E+03 2.217E-01 1.000E+00 2.000E+00
4.727E+08 2.191E+02 3.332E-02 1.663E-04 2.822E-05 5.833E+03 2.219E-01 1.000E+00 2.000E+00
7.219E+07 2.022E+02 3.361E-02 1.663E-04 3.107E-05 NAN 2.222E-01 1.000E+00 2.000E+00
3.769E+08 2.292E+02 3.319E-02 1.663E-04 3.629E-05 5.325E+03 2.228E-01 1.000E+00 2.000E+00
3.457E+08 2.295E+02 3.323E-02 1.663E-04 4.585E-05 5.404E+03 2.239E-01 1.000E+00 2.000E+00
1.534E+09 2.124E+02 3.361E-02 1.663E-04 6.338E-05 6.279E+03 2.260E-01 1.000E+00 2.000E+00
1.454E+08 2.082E+02 3.385E-02 1.663E-04 9.551E-05 6.695E+03 2.298E-01 1.000E+00 2.000E+00
NAN NAN NAN 1.663E-04 1.544E-04 NAN 2.367E-01 1.000E+00 2.000E+00
NAN NAN NAN 1.663E-04 2.624E-04 NAN 2.493E-01 1.000E+00 2.000E+00
NAN NAN NAN 1.663E-04 4.602E-04 NAN 2.724E-01 1.000E+00 2.000E+00
NAN NAN NAN 1.663E-04 8.229E-04 NAN 3.146E-01 1.000E+00 2.000E+00
NAN NAN NAN 1.663E-04 1.488E-03 NAN 3.912E-01 1.000E+00 2.000E+00
NAN NAN NAN 1.663E-04 2.706E-03 NAN 5.272E-01 1.000E+00 2.000E+00
NAN NAN NAN 1.663E-04 4.940E-03 NAN 7.325E-01 1.000E+00 3.000E+00
2.588E+08 2.445E+02 3.286E-02 2.104E-04 2.486E-05 4.956E+03 2.216E-01 1.000E+00 2.000E+00
1.170E+08 2.358E+02 3.302E-02 2.104E-04 2.490E-05 5.074E+03 2.216E-01 1.000E+00 2.000E+00
1.131E+08 2.385E+02 3.297E-02 2.104E-04 2.497E-05 5.020E+03 2.216E-01 1.000E+00 2.000E+00
1.933E+08 2.469E+02 3.282E-02 2.104E-04 2.511E-05 4.959E+03 2.217E-01 1.000E+00 2.000E+00
1.935E+08 2.325E+02 3.308E-02 2.104E-04 2.536E-05 5.167E+03 2.217E-01 1.000E+00 2.000E+00
6.317E+07 2.362E+02 3.302E-02 2.104E-04 2.582E-05 5.073E+03 2.217E-01 1.000E+00 2.000E+00
6.665E+07 2.061E+02 3.353E-02 2.104E-04 2.667E-05 5.712E+03 2.218E-01 1.000E+00 2.000E+00
7.122E+07 2.107E+02 3.346E-02 2.104E-04 2.822E-05 6.632E+03 2.220E-01 1.000E+00 2.000E+00
2.117E+08 2.307E+02 3.314E-02 2.104E-04 3.107E-05 5.255E+03 2.224E-01 1.000E+00 2.000E+00
1.030E+08 2.246E+02 3.327E-02 2.104E-04 3.629E-05 5.512E+03 2.230E-01 1.000E+00 2.000E+00
2.211E+08 2.325E+02 3.317E-02 2.104E-04 4.585E-05 5.350E+03 2.241E-01 1.000E+00 2.000E+00
5.955E+07 2.047E+02 3.374E-02 2.104E-04 6.338E-05 7.060E+03 2.261E-01 1.000E+00 2.000E+00
9.760E+07 2.002E+02 3.399E-02 2.104E-04 9.551E-05 7.433E+03 2.299E-01 1.000E+00 2.000E+00
NAN NAN NAN 2.104E-04 1.544E-04 NAN 2.368E-01 1.000E+00 2.000E+00
NAN NAN NAN 2.104E-04 2.624E-04 NAN 2.494E-01 1.000E+00 2.000E+00
NAN NAN NAN 2.104E-04 4.602E-04 NAN 2.725E-01 1.000E+00 2.000E+00
NAN NAN NAN 2.104E-04 8.229E-04 NAN 3.147E-01 1.000E+00 2.000E+00
NAN NAN NAN 2.104E-04 1.488E-03 NAN 3.914E-01 1.000E+00 2.000E+00
NAN NAN NAN 2.104E-04 2.706E-03 NAN 5.274E-01 1.000E+00 2.000E+00
NAN NAN NAN 2.104E-04 4.940E-03 NAN 7.327E-01 1.000E+00 3.000E+00
7.801E+08 2.261E+02 3.319E-02 2.661E-04 2.486E-05 5.423E+03 2.218E-01 1.000E+00 2.000E+00
1.538E+08 2.239E+02 3.323E-02 2.661E-04 2.490E-05 5.539E+03 2.218E-01 1.000E+00 2.000E+00
2.694E+08 2.010E+02 3.359E-02 2.661E-04 2.497E-05 NAN 2.218E-01 1.000E+00 2.000E+00
2.124E+08 2.237E+02 3.323E-02 2.661E-04 2.511E-05 5.551E+03 2.218E-01 1.000E+00 2.000E+00
6.763E+07 2.200E+02 3.330E-02 2.661E-04 2.536E-05 5.786E+03 2.219E-01 1.000E+00 2.000E+00
5.906E+07 2.344E+02 3.305E-02 2.661E-04 2.582E-05 5.138E+03 2.219E-01 1.000E+00 2.000E+00
1.570E+08 2.140E+02 3.340E-02 2.661E-04 2.667E-05 6.290E+03 2.220E-01 1.000E+00 2.000E+00
1.206E+08 2.144E+02 3.340E-02 2.661E-04 2.822E-05 6.241E+03 2.222E-01 1.000E+00 2.000E+00
3.758E+08 2.371E+02 3.302E-02 2.661E-04 3.107E-05 5.164E+03 2.225E-01 1.000E+00 2.000E+00
5.640E+07 2.002E+02 3.367E-02 2.661E-04 3.629E-05 NAN 2.231E-01 1.000E+00 2.000E+00
6.971E+07 2.087E+02 3.359E-02 2.661E-04 4.585E-05 6.737E+03 2.243E-01 1.000E+00 2.000E+00
7.352E+07 2.121E+02 3.362E-02 2.661E-04 6.338E-05 6.313E+03 2.263E-01 1.000E+00 2.000E+00
1.381E+08 2.002E+02 3.399E-02 2.661E-04 9.551E-05 7.448E+03 2.301E-01 1.000E+00 2.000E+00
NAN NAN NAN 2.661E-04 1.544E-04 NAN 2.370E-01 1.000E+00 2.000E+00
NAN NAN NAN 2.661E-04 2.624E-04 NAN 2.496E-01 1.000E+00 2.000E+00
NAN NAN NAN 2.661E-04 4.602E-04 NAN 2.727E-01 1.000E+00 2.000E+00
NAN NAN NAN 2.661E-04 8.229E-04 NAN 3.149E-01 1.000E+00 2.000E+00
NAN NAN NAN 2.661E-04 1.488E-03 NAN 3.916E-01 1.000E+00 2.000E+00
NAN NAN NAN 2.661E-04 2.706E-03 NAN 5.276E-01 1.000E+00 2.000E+00
NAN NAN NAN 2.661E-04 4.940E-03 NAN 7.330E-01 1.000E+00 3.000E+00
8.251E+08 2.381E+02 3.298E-02 3.366E-04 2.486E-05 5.062E+03 2.220E-01 1.000E+00 2.000E+00
9.486E+08 2.176E+02 3.333E-02 3.366E-04 2.490E-05 6.345E+03 2.220E-01 1.000E+00 2.000E+00
7.233E+08 2.067E+02 3.351E-02 3.366E-04 2.497E-05 6.426E+03 2.220E-01 1.000E+00 2.000E+00
9.313E+07 2.368E+02 3.301E-02 3.366E-04 2.511E-05 5.089E+03 2.221E-01 1.000E+00 2.000E+00
1.057E+08 2.442E+02 3.287E-02 3.366E-04 2.536E-05 5.014E+03 2.221E-01 1.000E+00 2.000E+00
4.551E+08 2.270E+02 3.318E-02 3.366E-04 2.582E-05 5.393E+03 2.221E-01 1.000E+00 2.000E+00
1.071E+08 2.103E+02 3.346E-02 3.366E-04 2.667E-05 6.684E+03 2.222E-01 1.000E+00 2.000E+00
4.447E+08 2.150E+02 3.339E-02 3.366E-04 2.822E-05 6.185E+03 2.224E-01 1.000E+00 2.000E+00
1.491E+08 2.423E+02 3.293E-02 3.366E-04 3.107E-05 5.111E+03 2.228E-01 1.000E+00 2.000E+00
3.172E+08 2.265E+02 3.324E-02 3.366E-04 3.629E-05 5.456E+03 2.234E-01 1.000E+00 2.000E+00
1.008E+09 2.014E+02 3.370E-02 3.366E-04 4.585E-05 0.000E+00 2.245E-01 1.000E+00 2.000E+00
1.026E+08 2.166E+02 3.354E-02 3.366E-04 6.338E-05 6.043E+03 2.265E-01 1.000E+00 2.000E+00
2.744E+08 2.002E+02 3.399E-02 3.366E-04 9.551E-05 7.479E+03 2.303E-01 1.000E+00 2.000E+00
NAN NAN NAN 3.366E-04 1.544E-04 NAN 2.372E-01 1.000E+00 2.000E+00
NAN NAN NAN 3.366E-04 2.624E-04 NAN 2.498E-01 1.000E+00 2.000E+00
NAN NAN NAN 3.366E-04 4.602E-04 NAN 2.729E-01 1.000E+00 2.000E+00
NAN NAN NAN 3.366E-04 8.229E-04 NAN 3.151E-01 1.000E+00 2.000E+00
NAN NAN NAN 3.366E-04 1.488E-03 NAN 3.918E-01 1.000E+00 2.000E+00
NAN NAN NAN 3.366E-04 2.706E-03 NAN 5.279E-01 1.000E+00 2.000E+00
NAN NAN NAN 3.366E-04 4.940E-03 NAN 7.334E-01 1.000E+00 3.000E+00
9.525E+07 2.094E+02 3.347E-02 4.257E-04 2.486E-05 6.778E+03 2.223E-01 1.000E+00 2.000E+00
4.058E+08 2.094E+02 3.347E-02 4.257E-04 2.490E-05 6.777E+03 2.223E-01 1.000E+00 2.000E+00
1.047E+08 2.431E+02 3.289E-02 4.257E-04 2.497E-05 5.046E+03 2.223E-01 1.000E+00 2.000E+00
9.733E+08 2.328E+02 3.308E-02 4.257E-04 2.511E-05 5.204E+03 2.223E-01 1.000E+00 2.000E+00
6.149E+07 2.445E+02 3.287E-02 4.257E-04 2.536E-05 5.054E+03 2.224E-01 1.000E+00 2.000E+00
1.501E+08 2.063E+02 3.352E-02 4.257E-04 2.582E-05 6.377E+03 2.224E-01 1.000E+00 2.000E+00
2.980E+08 2.140E+02 3.341E-02 4.257E-04 2.667E-05 6.300E+03 2.225E-01 1.000E+00 2.000E+00
6.900E+07 2.290E+02 3.316E-02 4.257E-04 2.822E-05 5.345E+03 2.227E-01 1.000E+00 2.000E+00
1.591E+08 2.243E+02 3.325E-02 4.257E-04 3.107E-05 5.551E+03 2.230E-01 1.000E+00 2.000E+00
1.076E+08 2.075E+02 3.356E-02 4.257E-04 3.629E-05 6.913E+03 2.236E-01 1.000E+00 2.000E+00
1.636E+09 2.070E+02 3.362E-02 4.257E-04 4.585E-05 6.924E+03 2.248E-01 1.000E+00 2.000E+00
8.755E+07 2.197E+02 3.349E-02 4.257E-04 6.338E-05 5.941E+03 2.268E-01 1.000E+00 2.000E+00
1.055E+09 2.007E+02 3.399E-02 4.257E-04 9.551E-05 7.415E+03 2.306E-01 1.000E+00 2.000E+00
NAN NAN NAN 4.257E-04 1.544E-04 NAN 2.375E-01 1.000E+00 2.000E+00
NAN NAN NAN 4.257E-04 2.624E-04 NAN 2.501E-01 1.000E+00 2.000E+00
NAN NAN NAN 4.257E-04 4.602E-04 NAN 2.732E-01 1.000E+00 2.000E+00
NAN NAN NAN 4.257E-04 8.229E-04 NAN 3.154E-01 1.000E+00 2.000E+00
NAN NAN NAN 4.257E-04 1.488E-03 NAN 3.921E-01 1.000E+00 2.000E+00
NAN NAN NAN 4.257E-04 2.706E-03 NAN 5.282E-01 1.000E+00 2.000E+00
NAN NAN NAN 4.257E-04 4.940E-03 NAN 7.338E-01 1.000E+00 3.000E+00
3.290E+08 2.268E+02 3.318E-02 5.385E-04 2.486E-05 5.436E+03 2.227E-01 1.000E+00 2.000E+00
2.269E+08 2.125E+02 3.342E-02 5.385E-04 2.490E-05 6.475E+03 2.227E-01 1.000E+00 2.000E+00
1.860E+09 2.148E+02 3.339E-02 5.385E-04 2.497E-05 6.232E+03 2.227E-01 1.000E+00 2.000E+00
1.077E+08 2.002E+02 3.361E-02 5.385E-04 2.511E-05 NAN 2.227E-01 1.000E+00 2.000E+00
1.374E+08 2.009E+02 3.360E-02 5.385E-04 2.536E-05 NAN 2.227E-01 1.000E+00 2.000E+00
1.559E+08 2.266E+02 3.319E-02 5.385E-04 2.582E-05 5.450E+03 2.228E-01 1.000E+00 2.000E+00
2.582E+07 2.397E+02 3.296E-02 5.385E-04 2.667E-05 5.133E+03 2.229E-01 1.000E+00 2.000E+00
5.229E+07 2.311E+02 3.312E-02 5.385E-04 2.822E-05 5.302E+03 2.231E-01 1.000E+00 2.000E+00
2.929E+08 2.370E+02 3.303E-02 5.385E-04 3.107E-05 5.223E+03 2.234E-01 1.000E+00 2.000E+00
1.323E+08 2.099E+02 3.352E-02 5.385E-04 3.629E-05 6.668E+03 2.240E-01 1.000E+00 2.000E+00
5.282E+07 2.002E+02 3.373E-02 5.385E-04 4.585E-05 0.000E+00 2.251E-01 1.000E+00 2.000E+00
1.034E+08 2.184E+02 3.352E-02 5.385E-04 6.338E-05 6.026E+03 2.272E-01 1.000E+00 2.000E+00
3.229E+08 2.021E+02 3.396E-02 5.385E-04 9.551E-05 7.289E+03 2.309E-01 1.000E+00 2.000E+00
NAN NAN NAN 5.385E-04 1.544E-04 NAN 2.378E-01 1.000E+00 2.000E+00
NAN NAN NAN 5.385E-04 2.624E-04 NAN 2.505E-01 1.000E+00 2.000E+00
NAN NAN NAN 5.385E-04 4.602E-04 NAN 2.736E-01 1.000E+00 2.000E+00
NAN NAN NAN 5.385E-04 8.229E-04 NAN 3.158E-01 1.000E+00 2.000E+00
NAN NAN NAN 5.385E-04 1.488E-03 NAN 3.925E-01 1.000E+00 2.000E+00
NAN NAN NAN 5.385E-04 2.706E-03 NAN 5.287E-01 1.000E+00 2.000E+00
NAN NAN NAN 5.385E-04 4.940E-03 NAN 7.344E-01 1.000E+00 3.000E+00
4.886E+07 2.197E+02 3.331E-02 6.811E-04 2.486E-05 5.852E+03 2.231E-01 1.000E+00 2.000E+00
1.193E+08 2.197E+02 3.331E-02 6.811E-04 2.490E-05 5.852E+03 2.231E-01 1.000E+00 2.000E+00
6.176E+07 2.252E+02 3.322E-02 6.811E-04 2.497E-05 5.537E+03 2.231E-01 1.000E+00 2.000E+00
2.355E+07 2.403E+02 3.295E-02 6.811E-04 2.511E-05 5.162E+03 2.231E-01 1.000E+00 2.000E+00
1.685E+08 2.152E+02 3.338E-02 6.811E-04 2.536E-05 6.203E+03 2.232E-01 1.000E+00 2.000E+00
5.650E+08 2.022E+02 3.359E-02 6.811E-04 2.582E-05 NAN 2.232E-01 1.000E+00 2.000E+00
1.242E+08 2.033E+02 3.358E-02 6.811E-04 2.667E-05 0.000E+00 2.233E-01 1.000E+00 2.000E+00
1.324E+08 2.239E+02 3.325E-02 6.811E-04 2.822E-05 5.608E+03 2.235E-01 1.000E+00 2.000E+00
3.683E+08 2.302E+02 3.316E-02 6.811E-04 3.107E-05 5.389E+03 2.238E-01 1.000E+00 2.000E+00
7.797E+07 2.316E+02 3.316E-02 6.811E-04 3.629E-05 5.413E+03 2.245E-01 1.000E+00 2.000E+00
1.171E+09 2.027E+02 3.369E-02 6.811E-04 4.585E-05 7.025E+03 2.256E-01 1.000E+00 2.000E+00
3.069E+08 2.098E+02 3.367E-02 6.811E-04 6.338E-05 6.592E+03 2.276E-01 1.000E+00 2.000E+00
1.022E+08 2.010E+02 3.399E-02 6.811E-04 9.551E-05 7.447E+03 2.314E-01 1.000E+00 2.000E+00
NAN NAN NAN 6.811E-04 1.544E-04 NAN 2.383E-01 1.000E+00 2.000E+00
NAN NAN NAN 6.811E-04 2.624E-04 NAN 2.509E-01 1.000E+00 2.000E+00
NAN NAN NAN 6.811E-04 4.602E-04 NAN 2.740E-01 1.000E+00 2.000E+00
NAN NAN NAN 6.811E-04 8.229E-04 NAN 3.163E-01 1.000E+00 2.000E+00
NAN NAN NAN 6.811E-04 1.488E-03 NAN 3.930E-01 1.000E+00 2.000E+00
NAN NAN NAN 6.811E-04 2.706E-03 NAN 5.293E-01 1.000E+00 2.000E+00
NAN NAN NAN 6.811E-04 4.940E-03 NAN 7.351E-01 1.000E+00 3.000E+00
3.167E+08 2.315E+02 3.311E-02 8.615E-04 2.486E-05 5.351E+03 2.237E-01 1.000E+00 2.000E+00
3.216E+08 2.305E+02 3.313E-02 8.615E-04 2.490E-05 5.382E+03 2.237E-01 1.000E+00 2.000E+00
6.536E+07 2.287E+02 3.316E-02 8.615E-04 2.497E-05 5.433E+03 2.237E-01 1.000E+00 2.000E+00
3.938E+07 2.323E+02 3.310E-02 8.615E-04 2.511E-05 5.363E+03 2.237E-01 1.000E+00 2.000E+00
2.151E+08 2.235E+02 3.325E-02 8.615E-04 2.536E-05 5.652E+03 2.237E-01 1.000E+00 2.000E+00
1.720E+08 2.325E+02 3.310E-02 8.615E-04 2.582E-05 5.338E+03 2.238E-01 1.000E+00 2.000E+00
2.785E+08 2.307E+02 3.313E-02 8.615E-04 2.667E-05 5.389E+03 2.239E-01 1.000E+00 2.000E+00
1.069E+08 2.147E+02 3.341E-02 8.615E-04 2.822E-05 6.251E+03 2.241E-01 1.000E+00 2.000E+00
2.918E+08 2.346E+02 3.308E-02 8.615E-04 3.107E-05 5.370E+03 2.244E-01 1.000E+00 2.000E+00
3.030E+08 2.106E+02 3.352E-02 8.615E-04 3.629E-05 6.614E+03 2.250E-01 1.000E+00 2.000E+00
1.904E+08 2.213E+02 3.339E-02 8.615E-04 4.585E-05 5.854E+03 2.261E-01 1.000E+00 2.000E+00
1.693E+08 2.078E+02 3.371E-02 8.615E-04 6.338E-05 6.785E+03 2.282E-01 1.000E+00 2.000E+00
2.084E+07 2.003E+02 3.400E-02 8.615E-04 9.551E-05 7.578E+03 2.320E-01 1.000E+00 2.000E+00
NAN NAN NAN 8.615E-04 1.544E-04 NAN 2.389E-01 1.000E+00 2.000E+00
NAN NAN NAN 8.615E-04 2.624E-04 NAN 2.515E-01 1.000E+00 2.000E+00
NAN NAN NAN 8.615E-04 4.602E-04 NAN 2.746E-01 1.000E+00 2.000E+00
NAN NAN NAN 8.615E-04 8.229E-04 NAN 3.169E-01 1.000E+00 2.000E+00
NAN NAN NAN 8.615E-04 1.488E-03 NAN 3.936E-01 1.000E+00 2.000E+00
NAN NAN NAN 8.615E-04 2.706E-03 NAN 5.300E-01 1.000E+00 2.000E+00
NAN NAN NAN 8.615E-04 4.940E-03 NAN 7.360E-01 1.000E+00 3.000E+00
9.834E+07 2.241E+02 3.324E-02 1.090E-03 2.486E-05 6.449E+03 2.244E-01 1.000E+00 2.000E+00
7.311E+08 2.160E+02 3.338E-02 1.090E-03 2.490E-05 6.174E+03 2.244E-01 1.000E+00 2.000E+00
2.926E+08 2.318E+02 3.311E-02 1.090E-03 2.497E-05 5.414E+03 2.244E-01 1.000E+00 2.000E+00
3.031E+08 2.147E+02 3.340E-02 1.090E-03 2.511E-05 6.876E+03 2.244E-01 1.000E+00 2.000E+00
6.337E+08 2.087E+02 3.350E-02 1.090E-03 2.536E-05 6.916E+03 2.245E-01 1.000E+00 2.000E+00
1.240E+09 2.179E+02 3.335E-02 1.090E-03 2.582E-05 6.028E+03 2.245E-01 1.000E+00 2.000E+00
3.156E+08 2.113E+02 3.347E-02 1.090E-03 2.667E-05 6.620E+03 2.246E-01 1.000E+00 2.000E+00
2.307E+08 2.086E+02 3.352E-02 1.090E-03 2.822E-05 6.904E+03 2.248E-01 1.000E+00 2.000E+00
1.833E+08 2.131E+02 3.346E-02 1.090E-03 3.107E-05 6.406E+03 2.251E-01 1.000E+00 2.000E+00
4.606E+07 2.289E+02 3.321E-02 1.090E-03 3.629E-05 5.613E+03 2.257E-01 1.000E+00 2.000E+00
9.741E+07 2.076E+02 3.363E-02 1.090E-03 4.585E-05 6.914E+03 2.269E-01 1.000E+00 2.000E+00
1.560E+08 2.002E+02 3.384E-02 1.090E-03 6.338E-05 7.657E+03 2.289E-01 1.000E+00 2.000E+00
NAN NAN NAN 1.090E-03 9.551E-05 NAN 2.327E-01 1.000E+00 2.000E+00
NAN NAN NAN 1.090E-03 1.544E-04 NAN 2.396E-01 1.000E+00 2.000E+00
NAN NAN NAN 1.090E-03 2.624E-04 NAN 2.522E-01 1.000E+00 2.000E+00
NAN NAN NAN 1.090E-03 4.602E-04 NAN 2.754E-01 1.000E+00 2.000E+00
NAN NAN NAN 1.090E-03 8.229E-04 NAN 3.176E-01 1.000E+00 2.000E+00
NAN NAN NAN 1.090E-03 1.488E-03 NAN 3.944E-01 1.000E+00 2.000E+00
NAN NAN NAN 1.090E-03 2.706E-03 NAN 5.308E-01 1.000E+00 2.000E+00
NAN NAN NAN 1.090E-03 4.940E-03 NAN 7.371E-01 1.000E+00 3.000E+00
7.426E+07 2.157E+02 3.339E-02 1.378E-03 2.486E-05 6.231E+03 2.253E-01 1.000E+00 2.000E+00
5.849E+08 2.031E+02 3.359E-02 1.378E-03 2.490E-05 3.401E+03 2.253E-01 1.000E+00 2.000E+00
3.073E+08 2.129E+02 3.344E-02 1.378E-03 2.497E-05 6.482E+03 2.253E-01 1.000E+00 2.000E+00
7.280E+08 2.207E+02 3.331E-02 1.378E-03 2.511E-05 5.913E+03 2.253E-01 1.000E+00 2.000E+00
9.914E+07 2.201E+02 3.332E-02 1.378E-03 2.536E-05 5.934E+03 2.254E-01 1.000E+00 2.000E+00
6.003E+08 2.012E+02 3.363E-02 1.378E-03 2.582E-05 NAN 2.254E-01 1.000E+00 2.000E+00
6.110E+07 2.217E+02 3.330E-02 1.378E-03 2.667E-05 5.851E+03 2.255E-01 1.000E+00 2.000E+00
3.955E+08 2.200E+02 3.333E-02 1.378E-03 2.822E-05 5.945E+03 2.257E-01 1.000E+00 2.000E+00
1.646E+08 2.262E+02 3.324E-02 1.378E-03 3.107E-05 5.713E+03 2.260E-01 1.000E+00 2.000E+00
1.436E+08 2.114E+02 3.352E-02 1.378E-03 3.629E-05 6.586E+03 2.266E-01 1.000E+00 2.000E+00
8.212E+07 2.182E+02 3.345E-02 1.378E-03 4.585E-05 6.144E+03 2.278E-01 1.000E+00 2.000E+00
2.658E+07 2.059E+02 3.375E-02 1.378E-03 6.338E-05 7.080E+03 2.298E-01 1.000E+00 2.000E+00
NAN NAN NAN 1.378E-03 9.551E-05 NAN 2.336E-01 1.000E+00 2.000E+00
NAN NAN NAN 1.378E-03 1.544E-04 NAN 2.405E-01 1.000E+00 2.000E+00
NAN NAN NAN 1.378E-03 2.624E-04 NAN 2.531E-01 1.000E+00 2.000E+00
NAN NAN NAN 1.378E-03 4.602E-04 NAN 2.763E-01 1.000E+00 2.000E+00
NAN NAN NAN 1.378E-03 8.229E-04 NAN 3.186E-01 1.000E+00 2.000E+00
NAN NAN NAN 1.378E-03 1.488E-03 NAN 3.954E-01 1.000E+00 2.000E+00
NAN NAN NAN 1.378E-03 2.706E-03 NAN 5.320E-01 1.000E+00 2.000E+00
NAN NAN NAN 1.378E-03 4.940E-03 NAN 7.386E-01 1.000E+00 3.000E+00
4.928E+07 2.087E+02 3.351E-02 1.743E-03 2.486E-05 6.967E+03 2.264E-01 1.000E+00 2.000E+00
5.348E+07 2.152E+02 3.341E-02 1.743E-03 2.490E-05 6.323E+03 2.264E-01 1.000E+00 2.000E+00
5.727E+07 2.283E+02 3.318E-02 1.743E-03 2.497E-05 5.723E+03 2.264E-01 1.000E+00 2.000E+00
1.642E+08 2.129E+02 3.345E-02 1.743E-03 2.511E-05 6.899E+03 2.265E-01 1.000E+00 2.000E+00
2.934E+07 2.208E+02 3.332E-02 1.743E-03 2.536E-05 5.975E+03 2.265E-01 1.000E+00 2.000E+00
2.480E+08 2.188E+02 3.335E-02 1.743E-03 2.582E-05 6.087E+03 2.265E-01 1.000E+00 2.000E+00
6.262E+08 2.268E+02 3.322E-02 1.743E-03 2.667E-05 5.777E+03 2.266E-01 1.000E+00 2.000E+00
6.822E+08 2.053E+02 3.358E-02 1.743E-03 2.822E-05 7.308E+03 2.268E-01 1.000E+00 2.000E+00
3.381E+08 2.191E+02 3.337E-02 1.743E-03 3.107E-05 6.098E+03 2.272E-01 1.000E+00 2.000E+00
8.246E+07 2.173E+02 3.343E-02 1.743E-03 3.629E-05 6.223E+03 2.278E-01 1.000E+00 2.000E+00
2.793E+07 2.092E+02 3.361E-02 1.743E-03 4.585E-05 6.833E+03 2.289E-01 1.000E+00 2.000E+00
7.726E+07 2.071E+02 3.374E-02 1.743E-03 6.338E-05 7.070E+03 2.310E-01 1.000E+00 2.000E+00
NAN NAN NAN 1.743E-03 9.551E-05 NAN 2.347E-01 1.000E+00 2.000E+00
NAN NAN NAN 1.743E-03 1.544E-04 NAN 2.416E-01 1.000E+00 2.000E+00
NAN NAN NAN 1.743E-03 2.624E-04 NAN 2.543E-01 1.000E+00 2.000E+00
NAN NAN NAN 1.743E-03 4.602E-04 NAN 2.774E-01 1.000E+00 2.000E+00
NAN NAN NAN 1.743E-03 8.229E-04 NAN 3.197E-01 1.000E+00 2.000E+00
NAN NAN NAN 1.743E-03 1.488E-03 NAN 3.967E-01 1.000E+00 2.000E+00
NAN NAN NAN 1.743E-03 2.706E-03 NAN 5.334E-01 1.000E+00 2.000E+00
NAN NAN NAN 1.743E-03 4.940E-03 NAN 7.404E-01 1.000E+00 3.000E+00
6.275E+07 2.181E+02 3.337E-02 2.205E-03 2.486E-05 6.237E+03 2.279E-01 1.000E+00 2.000E+00
3.253E+08 2.213E+02 3.331E-02 2.205E-03 2.490E-05 6.094E+03 2.279E-01 1.000E+00 2.000E+00
5.516E+07 2.139E+02 3.344E-02 2.205E-03 2.497E-05 6.605E+03 2.279E-01 1.000E+00 2.000E+00
1.646E+08 2.203E+02 3.333E-02 2.205E-03 2.511E-05 6.131E+03 2.279E-01 1.000E+00 2.000E+00
1.100E+08 2.188E+02 3.336E-02 2.205E-03 2.536E-05 6.219E+03 2.279E-01 1.000E+00 2.000E+00
4.576E+07 2.021E+02 3.363E-02 2.205E-03 2.582E-05 6.904E+03 2.280E-01 1.000E+00 2.000E+00
9.614E+07 2.147E+02 3.344E-02 2.205E-03 2.667E-05 6.478E+03 2.281E-01 1.000E+00 2.000E+00
4.704E+07 2.005E+02 3.367E-02 2.205E-03 2.822E-05 1.791E+03 2.283E-01 1.000E+00 2.000E+00
3.426E+08 2.190E+02 3.339E-02 2.205E-03 3.107E-05 6.249E+03 2.286E-01 1.000E+00 2.000E+00
5.585E+08 2.090E+02 3.358E-02 2.205E-03 3.629E-05 6.942E+03 2.292E-01 1.000E+00 2.000E+00
3.414E+08 2.016E+02 3.375E-02 2.205E-03 4.585E-05 7.780E+03 2.303E-01 1.000E+00 2.000E+00
1.531E+08 2.000E+02 3.387E-02 2.205E-03 6.338E-05 7.958E+03 2.324E-01 1.000E+00 2.000E+00
NAN NAN NAN 2.205E-03 9.551E-05 NAN 2.362E-01 1.000E+00 2.000E+00
NAN NAN NAN 2.205E-03 1.544E-04 NAN 2.431E-01 1.000E+00 2.000E+00
NAN NAN NAN 2.205E-03 2.624E-04 NAN 2.557E-01 1.000E+00 2.000E+00
NAN NAN NAN 2.205E-03 4.602E-04 NAN 2.789E-01 1.000E+00 2.000E+00
NAN NAN NAN 2.205E-03 8.229E-04 NAN 3.212E-01 1.000E+00 2.000E+00
NAN NAN NAN 2.205E-03 1.488E-03 NAN 3.982E-01 1.000E+00 2.000E+00
NAN NAN NAN 2.205E-03 2.706E-03 NAN 5.352E-01 1.000E+00 2.000E+00
NAN NAN NAN 2.205E-03 4.940E-03 NAN 7.427E-01 1.000E+00 3.000E+00
2.747E+08 2.045E+02 3.361E-02 2.789E-03 2.486E-05 7.593E+03 2.297E-01 1.000E+00 2.000E+00
2.347E+08 2.069E+02 3.357E-02 2.789E-03 2.490E-05 7.300E+03 2.297E-01 1.000E+00 2.000E+00
2.364E+08 2.002E+02 3.367E-02 2.789E-03 2.497E-05 5.740E+03 2.297E-01 1.000E+00 2.000E+00
4.397E+08 2.021E+02 3.365E-02 2.789E-03 2.511E-05 7.691E+03 2.297E-01 1.000E+00 2.000E+00
4.873E+08 2.119E+02 3.349E-02 2.789E-03 2.536E-05 6.804E+03 2.297E-01 1.000E+00 2.000E+00
6.712E+08 2.013E+02 3.366E-02 2.789E-03 2.582E-05 7.692E+03 2.298E-01 1.000E+00 2.000E+00
8.886E+07 2.108E+02 3.351E-02 2.789E-03 2.667E-05 6.966E+03 2.299E-01 1.000E+00 2.000E+00
2.815E+08 2.155E+02 3.344E-02 2.789E-03 2.822E-05 6.587E+03 2.301E-01 1.000E+00 2.000E+00
1.756E+08 2.073E+02 3.359E-02 2.789E-03 3.107E-05 7.241E+03 2.304E-01 1.000E+00 2.000E+00
4.443E+07 2.083E+02 3.361E-02 2.789E-03 3.629E-05 7.145E+03 2.310E-01 1.000E+00 2.000E+00
2.191E+08 2.015E+02 3.377E-02 2.789E-03 4.585E-05 7.924E+03 2.321E-01 1.000E+00 2.000E+00
NAN NAN NAN 2.789E-03 6.338E-05 NAN 2.342E-01 1.000E+00 2.000E+00
NAN NAN NAN 2.789E-03 9.551E-05 NAN 2.380E-01 1.000E+00 2.000E+00
NAN NAN NAN 2.789E-03 1.544E-04 NAN 2.449E-01 1.000E+00 2.000E+00
NAN NAN NAN 2.789E-03 2.624E-04 NAN 2.576E-01 1.000E+00 2.000E+00
NAN NAN NAN 2.789E-03 4.602E-04 NAN 2.807E-01 1.000E+00 2.000E+00
NAN NAN NAN 2.789E-03 8.229E-04 NAN 3.231E-01 1.000E+00 2.000E+00
NAN NAN NAN 2.789E-03 1.488E-03 NAN 4.002E-01 1.000E+00 2.000E+00
NAN NAN NAN 2.789E-03 2.706E-03 NAN 5.375E-01 1.000E+00 2.000E+00
NAN NAN NAN 2.789E-03 4.940E-03 NAN 7.456E-01 1.000E+00 3.000E+00
4.691E+07 2.034E+02 3.364E-02 3.528E-03 2.486E-05 7.880E+03 2.319E-01 1.000E+00 2.000E+00
8.204E+07 2.055E+02 3.361E-02 3.528E-03 2.490E-05 7.606E+03 2.320E-01 1.000E+00 2.000E+00
5.838E+07 2.030E+02 3.365E-02 3.528E-03 2.497E-05 7.926E+03 2.320E-01 1.000E+00 2.000E+00
9.305E+07 2.034E+02 3.365E-02 3.528E-03 2.511E-05 7.880E+03 2.320E-01 1.000E+00 2.000E+00
9.126E+07 2.086E+02 3.356E-02 3.528E-03 2.536E-05 7.296E+03 2.320E-01 1.000E+00 2.000E+00
1.345E+08 2.051E+02 3.362E-02 3.528E-03 2.582E-05 7.659E+03 2.321E-01 1.000E+00 2.000E+00
4.905E+08 2.073E+02 3.359E-02 3.528E-03 2.667E-05 7.424E+03 2.322E-01 1.000E+00 2.000E+00
1.617E+08 2.051E+02 3.363E-02 3.528E-03 2.822E-05 7.661E+03 2.323E-01 1.000E+00 2.000E+00
5.224E+07 2.057E+02 3.364E-02 3.528E-03 3.107E-05 7.599E+03 2.327E-01 1.000E+00 2.000E+00
6.031E+08 2.010E+02 3.374E-02 3.528E-03 3.629E-05 8.175E+03 2.333E-01 1.000E+00 2.000E+00
NAN NAN NAN 3.528E-03 4.585E-05 NAN 2.344E-01 1.000E+00 2.000E+00
NAN NAN NAN 3.528E-03 6.338E-05 NAN 2.365E-01 1.000E+00 2.000E+00
NAN NAN NAN 3.528E-03 9.551E-05 NAN 2.403E-01 1.000E+00 2.000E+00
NAN NAN NAN 3.528E-03 1.544E-04 NAN 2.472E-01 1.000E+00 2.000E+00
NAN NAN NAN 3.528E-03 2.624E-04 NAN 2.599E-01 1.000E+00 2.000E+00
NAN NAN NAN 3.528E-03 4.602E-04 NAN 2.831E-01 1.000E+00 2.000E+00
NAN NAN NAN 3.528E-03 8.229E-04 NAN 3.255E-01 1.000E+00 2.000E+00
NAN NAN NAN 3.528E-03 1.488E-03 NAN 4.027E-01 1.000E+00 2.000E+00
NAN NAN NAN 3.528E-03 2.706E-03 NAN 5.403E-01 1.000E+00 2.000E+00
NAN NAN NAN 3.528E-03 4.940E-03 NAN 7.493E-01 1.000E+00 3.000E+00
NAN NAN NAN 4.462E-03 2.486E-05 NAN 2.348E-01 1.000E+00 2.000E+00
NAN NAN NAN 4.462E-03 2.490E-05 NAN 2.348E-01 1.000E+00 2.000E+00
NAN NAN NAN 4.462E-03 2.497E-05 NAN 2.348E-01 1.000E+00 2.000E+00
NAN NAN NAN 4.462E-03 2.511E-05 NAN 2.349E-01 1.000E+00 2.000E+00
NAN NAN NAN 4.462E-03 2.536E-05 NAN 2.349E-01 1.000E+00 2.000E+00
NAN NAN NAN 4.462E-03 2.582E-05 NAN 2.349E-01 1.000E+00 2.000E+00
NAN NAN NAN 4.462E-03 2.667E-05 NAN 2.350E-01 1.000E+00 2.000E+00
NAN NAN NAN 4.462E-03 2.822E-05 NAN 2.352E-01 1.000E+00 2.000E+00
NAN NAN NAN 4.462E-03 3.107E-05 NAN 2.356E-01 1.000E+00 2.000E+00
NAN NAN NAN 4.462E-03 3.629E-05 NAN 2.362E-01 1.000E+00 2.000E+00
NAN NAN NAN 4.462E-03 4.585E-05 NAN 2.373E-01 1.000E+00 2.000E+00
NAN NAN NAN 4.462E-03 6.338E-05 NAN 2.394E-01 1.000E+00 2.000E+00
NAN NAN NAN 4.462E-03 9.551E-05 NAN 2.431E-01 1.000E+00 2.000E+00
NAN NAN NAN 4.462E-03 1.544E-04 NAN 2.501E-01 1.000E+00 2.000E+00
NAN NAN NAN 4.462E-03 2.624E-04 NAN 2.628E-01 1.000E+00 2.000E+00
NAN NAN NAN 4.462E-03 4.602E-04 NAN 2.860E-01 1.000E+00 2.000E+00
NAN NAN NAN 4.462E-03 8.229E-04 NAN 3.285E-01 1.000E+00 2.000E+00
NAN NAN NAN 4.462E-03 1.488E-03 NAN 4.058E-01 1.000E+00 2.000E+00
NAN NAN NAN 4.462E-03 2.706E-03 NAN 5.439E-01 1.000E+00 2.000E+00
NAN NAN NAN 4.462E-03 4.940E-03 NAN 7.540E-01 1.000E+00 3.000E+00
NAN NAN NAN 5.644E-03 2.486E-05 NAN 2.384E-01 1.000E+00 2.000E+00
NAN NAN NAN 5.644E-03 2.490E-05 NAN 2.384E-01 1.000E+00 2.000E+00
NAN NAN NAN 5.644E-03 2.497E-05 NAN 2.384E-01 1.000E+00 2.000E+00
NAN NAN NAN 5.644E-03 2.511E-05 NAN 2.384E-01 1.000E+00 2.000E+00
NAN NAN NAN 5.644E-03 2.536E-05 NAN 2.385E-01 1.000E+00 2.000E+00
NAN NAN NAN 5.644E-03 2.582E-05 NAN 2.385E-01 1.000E+00 2.000E+00
NAN NAN NAN 5.644E-03 2.667E-05 NAN 2.386E-01 1.000E+00 2.000E+00
NAN NAN NAN 5.644E-03 2.822E-05 NAN 2.388E-01 1.000E+00 2.000E+00
NAN NAN NAN 5.644E-03 3.107E-05 NAN 2.391E-01 1.000E+00 2.000E+00
NAN NAN NAN 5.644E-03 3.629E-05 NAN 2.397E-01 1.000E+00 2.000E+00
NAN NAN NAN 5.644E-03 4.585E-05 NAN 2.409E-01 1.000E+00 2.000E+00
NAN NAN NAN 5.644E-03 6.338E-05 NAN 2.429E-01 1.000E+00 2.000E+00
NAN NAN NAN 5.644E-03 9.551E-05 NAN 2.467E-01 1.000E+00 2.000E+00
NAN NAN NAN 5.644E-03 1.544E-04 NAN 2.537E-01 1.000E+00 2.000E+00
NAN NAN NAN 5.644E-03 2.624E-04 NAN 2.664E-01 1.000E+00 2.000E+00
NAN NAN NAN 5.644E-03 4.602E-04 NAN 2.897E-01 1.000E+00 2.000E+00
NAN NAN NAN 5.644E-03 8.229E-04 NAN 3.322E-01 1.000E+00 2.000E+00
NAN NAN NAN 5.644E-03 1.488E-03 NAN 4.098E-01 1.000E+00 2.000E+00
NAN NAN NAN 5.644E-03 2.706E-03 NAN 5.484E-01 1.000E+00 2.000E+00
NAN NAN NAN 5.644E-03 4.940E-03 NAN 7.599E-01 1.000E+00 3.000E+00
NAN NAN NAN 7.139E-03 2.486E-05 NAN 2.429E-01 1.000E+00 2.000E+00
NAN NAN NAN 7.139E-03 2.490E-05 NAN 2.429E-01 1.000E+00 2.000E+00
NAN NAN NAN 7.139E-03 2.497E-05 NAN 2.429E-01 1.000E+00 2.000E+00
NAN NAN NAN 7.139E-03 2.511E-05 NAN 2.429E-01 1.000E+00 2.000E+00
NAN NAN NAN 7.139E-03 2.536E-05 NAN 2.430E-01 1.000E+00 2.000E+00
NAN NAN NAN 7.139E-03 2.582E-05 NAN 2.430E-01 1.000E+00 2.000E+00
NAN NAN NAN 7.139E-03 2.667E-05 NAN 2.431E-01 1.000E+00 2.000E+00
NAN NAN NAN 7.139E-03 2.822E-05 NAN 2.433E-01 1.000E+00 2.000E+00
NAN NAN NAN 7.139E-03 3.107E-05 NAN 2.437E-01 1.000E+00 2.000E+00
NAN NAN NAN 7.139E-03 3.629E-05 NAN 2.443E-01 1.000E+00 2.000E+00
NAN NAN NAN 7.139E-03 4.585E-05 NAN 2.454E-01 1.000E+00 2.000E+00
NAN NAN NAN 7.139E-03 6.338E-05 NAN 2.475E-01 1.000E+00 2.000E+00
NAN NAN NAN 7.139E-03 9.551E-05 NAN 2.513E-01 1.000E+00 2.000E+00
NAN NAN NAN 7.139E-03 1.544E-04 NAN 2.582E-01 1.000E+00 2.000E+00
NAN NAN NAN 7.139E-03 2.624E-04 NAN 2.709E-01 1.000E+00 2.000E+00
NAN NAN NAN 7.139E-03 4.602E-04 NAN 2.943E-01 1.000E+00 2.000E+00
NAN NAN NAN 7.139E-03 8.229E-04 NAN 3.369E-01 1.000E+00 2.000E+00
NAN NAN NAN 7.139E-03 1.488E-03 NAN 4.147E-01 1.000E+00 2.000E+00
NAN NAN NAN 7.139E-03 2.706E-03 NAN 5.539E-01 1.000E+00 2.000E+00
NAN NAN NAN 7.139E-03 4.940E-03 NAN 7.673E-01 1.000E+00 3.000E+00
NAN NAN NAN 9.029E-03 2.486E-05 NAN 2.485E-01 1.000E+00 2.000E+00
NAN NAN NAN 9.029E-03 2.490E-05 NAN 2.485E-01 1.000E+00 2.000E+00
NAN NAN NAN 9.029E-03 2.497E-05 NAN 2.485E-01 1.000E+00 2.000E+00
NAN NAN NAN 9.029E-03 2.511E-05 NAN 2.486E-01 1.000E+00 2.000E+00
NAN NAN NAN 9.029E-03 2.536E-05 NAN 2.486E-01 1.000E+00 2.000E+00
NAN NAN NAN 9.029E-03 2.582E-05 NAN 2.486E-01 1.000E+00 2.000E+00
NAN NAN NAN 9.029E-03 2.667E-05 NAN 2.487E-01 1.000E+00 2.000E+00
NAN NAN NAN 9.029E-03 2.822E-05 NAN 2.489E-01 1.000E+00 2.000E+00
NAN NAN NAN 9.029E-03 3.107E-05 NAN 2.493E-01 1.000E+00 2.000E+00
NAN NAN NAN 9.029E-03 3.629E-05 NAN 2.499E-01 1.000E+00 2.000E+00
NAN NAN NAN 9.029E-03 4.585E-05 NAN 2.510E-01 1.000E+00 2.000E+00
NAN NAN NAN 9.029E-03 6.338E-05 NAN 2.531E-01 1.000E+00 2.000E+00
NAN NAN NAN 9.029E-03 9.551E-05 NAN 2.569E-01 1.000E+00 2.000E+00
NAN NAN NAN 9.029E-03 1.544E-04 NAN 2.639E-01 1.000E+00 2.000E+00
NAN NAN NAN 9.029E-03 2.624E-04 NAN 2.766E-01 1.000E+00 2.000E+00
NAN NAN NAN 9.029E-03 4.602E-04 NAN 3.000E-01 1.000E+00 2.000E+00
NAN NAN NAN 9.029E-03 8.229E-04 NAN 3.428E-01 1.000E+00 2.000E+00
NAN NAN NAN 9.029E-03 1.488E-03 NAN 4.208E-01 1.000E+00 2.000E+00
NAN NAN NAN 9.029E-03 2.706E-03 NAN 5.609E-01 1.000E+00 2.000E+00
NAN NAN NAN 9.029E-03 4.940E-03 NAN 7.768E-01 1.000E+00 3.000E+00
NAN NAN NAN 1.142E-02 2.486E-05 NAN 2.555E-01 1.000E+00 2.000E+00
NAN NAN NAN 1.142E-02 2.490E-05 NAN 2.555E-01 1.000E+00 2.000E+00
NAN NAN NAN 1.142E-02 2.497E-05 NAN 2.555E-01 1.000E+00 2.000E+00
NAN NAN NAN 1.142E-02 2.511E-05 NAN 2.556E-01 1.000E+00 2.000E+00
NAN NAN NAN 1.142E-02 2.536E-05 NAN 2.556E-01 1.000E+00 2.000E+00
NAN NAN NAN 1.142E-02 2.582E-05 NAN 2.556E-01 1.000E+00 2.000E+00
NAN NAN NAN 1.142E-02 2.667E-05 NAN 2.557E-01 1.000E+00 2.000E+00
NAN NAN NAN 1.142E-02 2.822E-05 NAN 2.559E-01 1.000E+00 2.000E+00
NAN NAN NAN 1.142E-02 3.107E-05 NAN 2.563E-01 1.000E+00 2.000E+00
NAN NAN NAN 1.142E-02 3.629E-05 NAN 2.569E-01 1.000E+00 2.000E+00
NAN NAN NAN 1.142E-02 4.585E-05 NAN 2.580E-01 1.000E+00 2.000E+00
NAN NAN NAN 1.142E-02 6.338E-05 NAN 2.601E-01 1.000E+00 2.000E+00
NAN NAN NAN 1.142E-02 9.551E-05 NAN 2.639E-01 1.000E+00 2.000E+00
NAN NAN NAN 1.142E-02 1.544E-04 NAN 2.709E-01 1.000E+00 2.000E+00
NAN NAN NAN 1.142E-02 2.624E-04 NAN 2.837E-01 1.000E+00 2.000E+00
NAN NAN NAN 1.142E-02 4.602E-04 NAN 3.071E-01 1.000E+00 2.000E+00
NAN NAN NAN 1.142E-02 8.229E-04 NAN 3.500E-01 1.000E+00 2.000E+00
NAN NAN NAN 1.142E-02 1.488E-03 NAN 4.283E-01 1.000E+00 2.000E+00
NAN NAN NAN 1.142E-02 2.706E-03 NAN 5.694E-01 1.000E+00 2.000E+00
NAN NAN NAN 1.142E-02 4.940E-03 NAN 7.887E-01 1.000E+00 3.000E+00
NAN NAN NAN 1.445E-02 2.486E-05 NAN 2.642E-01 1.000E+00 2.000E+00
NAN NAN NAN 1.445E-02 2.490E-05 NAN 2.642E-01 1.000E+00 2.000E+00
NAN NAN NAN 1.445E-02 2.497E-05 NAN 2.642E-01 1.000E+00 2.000E+00
NAN NAN NAN 1.445E-02 2.511E-05 NAN 2.642E-01 1.000E+00 2.000E+00
NAN NAN NAN 1.445E-02 2.536E-05 NAN 2.643E-01 1.000E+00 2.000E+00
NAN NAN NAN 1.445E-02 2.582E-05 NAN 2.643E-01 1.000E+00 2.000E+00
NAN NAN NAN 1.445E-02 2.667E-05 NAN 2.644E-01 1.000E+00 2.000E+00
NAN NAN NAN 1.445E-02 2.822E-05 NAN 2.646E-01 1.000E+00 2.000E+00
NAN NAN NAN 1.445E-02 3.107E-05 NAN 2.650E-01 1.000E+00 2.000E+00
NAN NAN NAN 1.445E-02 3.629E-05 NAN 2.656E-01 1.000E+00 2.000E+00
NAN NAN NAN 1.445E-02 4.585E-05 NAN 2.667E-01 1.000E+00 2.000E+00
NAN NAN NAN 1.445E-02 6.338E-05 NAN 2.688E-01 1.000E+00 2.000E+00
NAN NAN NAN 1.445E-02 9.551E-05 NAN 2.726E-01 1.000E+00 2.000E+00
NAN NAN NAN 1.445E-02 1.544E-04 NAN 2.796E-01 1.000E+00 2.000E+00
NAN NAN NAN 1.445E-02 2.624E-04 NAN 2.925E-01 1.000E+00 2.000E+00
NAN NAN NAN 1.445E-02 4.602E-04 NAN 3.160E-01 1.000E+00 2.000E+00
NAN NAN NAN 1.445E-02 8.229E-04 NAN 3.590E-01 1.000E+00 2.000E+00
NAN NAN NAN 1.445E-02 1.488E-03 NAN 4.376E-01 1.000E+00 2.000E+00
NAN NAN NAN 1.445E-02 2.706E-03 NAN 5.799E-01 1.000E+00 2.000E+00
NAN NAN NAN 1.445E-02 4.940E-03 NAN 8.037E-01 1.000E+00 3.000E+00
NAN NAN NAN 1.827E-02 2.486E-05 NAN 2.749E-01 1.000E+00 2.000E+00
NAN NAN NAN 1.827E-02 2.490E-05 NAN 2.749E-01 1.000E+00 2.000E+00
NAN NAN NAN 1.827E-02 2.497E-05 NAN 2.749E-01 1.000E+00 2.000E+00
NAN NAN NAN 1.827E-02 2.511E-05 NAN 2.749E-01 1.000E+00 2.000E+00
NAN NAN NAN 1.827E-02 2.536E-05 NAN 2.750E-01 1.000E+00 2.000E+00
NAN NAN NAN 1.827E-02 2.582E-05 NAN 2.750E-01 1.000E+00 2.000E+00
NAN NAN NAN 1.827E-02 2.667E-05 NAN 2.751E-01 1.000E+00 2.000E+00
NAN NAN NAN 1.827E-02 2.822E-05 NAN 2.753E-01 1.000E+00 2.000E+00
NAN NAN NAN 1.827E-02 3.107E-05 NAN 2.756E-01 1.000E+00 2.000E+00
NAN NAN NAN 1.827E-02 3.629E-05 NAN 2.763E-01 1.000E+00 2.000E+00
NAN NAN NAN 1.827E-02 4.585E-05 NAN 2.774E-01 1.000E+00 2.000E+00
NAN NAN NAN 1.827E-02 6.338E-05 NAN 2.795E-01 1.000E+00 2.000E+00
NAN NAN NAN 1.827E-02 9.551E-05 NAN 2.833E-01 1.000E+00 2.000E+00
NAN NAN NAN 1.827E-02 1.544E-04 NAN 2.903E-01 1.000E+00 2.000E+00
NAN NAN NAN 1.827E-02 2.624E-04 NAN 3.032E-01 1.000E+00 2.000E+00
NAN NAN NAN 1.827E-02 4.602E-04 NAN 3.268E-01 1.000E+00 2.000E+00
NAN NAN NAN 1.827E-02 8.229E-04 NAN 3.700E-01 1.000E+00 2.000E+00
NAN NAN NAN 1.827E-02 1.488E-03 NAN 4.490E-01 1.000E+00 2.000E+00
NAN NAN NAN 1.827E-02 2.706E-03 NAN 5.926E-01 1.000E+00 2.000E+00
NAN NAN NAN 1.827E-02 4.940E-03 NAN 8.161E-01 1.000E+00 3.000E+00
NAN NAN NAN 2.311E-02 2.486E-05 NAN 2.879E-01 1.000E+00 2.000E+00
NAN NAN NAN 2.311E-02 2.490E-05 NAN 2.879E-01 1.000E+00 2.000E+00
NAN NAN NAN 2.311E-02 2.497E-05 NAN 2.880E-01 1.000E+00 2.000E+00
NAN NAN NAN 2.311E-02 2.511E-05 NAN 2.880E-01 1.000E+00 2.000E+00
NAN NAN NAN 2.311E-02 2.536E-05 NAN 2.880E-01 1.000E+00 2.000E+00
NAN NAN NAN 2.311E-02 2.582E-05 NAN 2.881E-01 1.000E+00 2.000E+00
NAN NAN NAN 2.311E-02 2.667E-05 NAN 2.882E-01 1.000E+00 2.000E+00
NAN NAN NAN 2.311E-02 2.822E-05 NAN 2.883E-01 1.000E+00 2.000E+00
NAN NAN NAN 2.311E-02 3.107E-05 NAN 2.887E-01 1.000E+00 2.000E+00
NAN NAN NAN 2.311E-02 3.629E-05 NAN 2.893E-01 1.000E+00 2.000E+00
NAN NAN NAN 2.311E-02 4.585E-05 NAN 2.905E-01 1.000E+00 2.000E+00
NAN NAN NAN 2.311E-02 6.338E-05 NAN 2.925E-01 1.000E+00 2.000E+00
NAN NAN NAN 2.311E-02 9.551E-05 NAN 2.964E-01 1.000E+00 2.000E+00
NAN NAN NAN 2.311E-02 1.544E-04 NAN 3.034E-01 1.000E+00 2.000E+00
NAN NAN NAN 2.311E-02 2.624E-04 NAN 3.163E-01 1.000E+00 2.000E+00
NAN NAN NAN 2.311E-02 4.602E-04 NAN 3.400E-01 1.000E+00 2.000E+00
NAN NAN NAN 2.311E-02 8.229E-04 NAN 3.833E-01 1.000E+00 2.000E+00
NAN NAN NAN 2.311E-02 1.488E-03 NAN 4.627E-01 1.000E+00 2.000E+00
NAN NAN NAN 2.311E-02 2.706E-03 NAN 6.075E-01 1.000E+00 2.000E+00
NAN NAN NAN 2.311E-02 4.940E-03 NAN 8.162E-01 1.000E+00 3.000E+00
NAN NAN NAN 2.923E-02 2.486E-05 NAN 3.037E-01 1.000E+00 2.000E+00
NAN NAN NAN 2.923E-02 2.490E-05 NAN 3.037E-01 1.000E+00 2.000E+00
NAN NAN NAN 2.923E-02 2.497E-05 NAN 3.037E-01 1.000E+00 2.000E+00
NAN NAN NAN 2.923E-02 2.511E-05 NAN 3.038E-01 1.000E+00 2.000E+00
NAN NAN NAN 2.923E-02 2.536E-05 NAN 3.038E-01 1.000E+00 2.000E+00
NAN NAN NAN 2.923E-02 2.582E-05 NAN 3.038E-01 1.000E+00 2.000E+00
NAN NAN NAN 2.923E-02 2.667E-05 NAN 3.040E-01 1.000E+00 2.000E+00
NAN NAN NAN 2.923E-02 2.822E-05 NAN 3.041E-01 1.000E+00 2.000E+00
NAN NAN NAN 2.923E-02 3.107E-05 NAN 3.045E-01 1.000E+00 2.000E+00
NAN NAN NAN 2.923E-02 3.629E-05 NAN 3.051E-01 1.000E+00 2.000E+00
NAN NAN NAN 2.923E-02 4.585E-05 NAN 3.062E-01 1.000E+00 2.000E+00
NAN NAN NAN 2.923E-02 6.338E-05 NAN 3.083E-01 1.000E+00 2.000E+00
NAN NAN NAN 2.923E-02 9.551E-05 NAN 3.122E-01 1.000E+00 2.000E+00
NAN NAN NAN 2.923E-02 1.544E-04 NAN 3.192E-01 1.000E+00 2.000E+00
NAN NAN NAN 2.923E-02 2.624E-04 NAN 3.322E-01 1.000E+00 2.000E+00
NAN NAN NAN 2.923E-02 4.602E-04 NAN 3.559E-01 1.000E+00 2.000E+00
NAN NAN NAN 2.923E-02 8.229E-04 NAN 3.993E-01 1.000E+00 2.000E+00
NAN NAN NAN 2.923E-02 1.488E-03 NAN 4.789E-01 1.000E+00 2.000E+00
NAN NAN NAN 2.923E-02 2.706E-03 NAN 6.246E-01 1.000E+00 2.000E+00
NAN NAN NAN 2.923E-02 4.940E-03 NAN 8.163E-01 1.000E+00 3.000E+00
NAN NAN NAN 3.697E-02 2.486E-05 NAN 3.226E-01 1.000E+00 2.000E+00
NAN NAN NAN 3.697E-02 2.490E-05 NAN 3.226E-01 1.000E+00 2.000E+00
NAN NAN NAN 3.697E-02 2.497E-05 NAN 3.226E-01 1.000E+00 2.000E+00
NAN NAN NAN 3.697E-02 2.511E-05 NAN 3.226E-01 1.000E+00 2.000E+00
NAN NAN NAN 3.697E-02 2.536E-05 NAN 3.226E-01 1.000E+00 2.000E+00
NAN NAN NAN 3.697E-02 2.582E-05 NAN 3.227E-01 1.000E+00 2.000E+00
NAN NAN NAN 3.697E-02 2.667E-05 NAN 3.228E-01 1.000E+00 2.000E+00
NAN NAN NAN 3.697E-02 2.822E-05 NAN 3.230E-01 1.000E+00 2.000E+00
NAN NAN NAN 3.697E-02 3.107E-05 NAN 3.233E-01 1.000E+00 2.000E+00
NAN NAN NAN 3.697E-02 3.629E-05 NAN 3.239E-01 1.000E+00 2.000E+00
NAN NAN NAN 3.697E-02 4.585E-05 NAN 3.251E-01 1.000E+00 2.000E+00
NAN NAN NAN 3.697E-02 6.338E-05 NAN 3.272E-01 1.000E+00 2.000E+00
NAN NAN NAN 3.697E-02 9.551E-05 NAN 3.310E-01 1.000E+00 2.000E+00
NAN NAN NAN 3.697E-02 1.544E-04 NAN 3.381E-01 1.000E+00 2.000E+00
NAN NAN NAN 3.697E-02 2.624E-04 NAN 3.510E-01 1.000E+00 2.000E+00
NAN NAN NAN 3.697E-02 4.602E-04 NAN 3.747E-01 1.000E+00 2.000E+00
NAN NAN NAN 3.697E-02 8.229E-04 NAN 4.181E-01 1.000E+00 2.000E+00
NAN NAN NAN 3.697E-02 1.488E-03 NAN 4.976E-01 1.000E+00 2.000E+00
NAN NAN NAN 3.697E-02 2.706E-03 NAN 6.432E-01 1.000E+00 2.000E+00
NAN NAN NAN 3.697E-02 4.940E-03 NAN 8.165E-01 1.000E+00 3.000E+00
NAN NAN NAN 4.677E-02 2.486E-05 NAN 3.447E-01 1.000E+00 2.000E+00
NAN NAN NAN 4.677E-02 2.490E-05 NAN 3.447E-01 1.000E+00 2.000E+00
NAN NAN NAN 4.677E-02 2.497E-05 NAN 3.447E-01 1.000E+00 2.000E+00
NAN NAN NAN 4.677E-02 2.511E-05 NAN 3.447E-01 1.000E+00 2.000E+00
NAN NAN NAN 4.677E-02 2.536E-05 NAN 3.447E-01 1.000E+00 2.000E+00
NAN NAN NAN 4.677E-02 2.582E-05 NAN 3.448E-01 1.000E+00 2.000E+00
NAN NAN NAN 4.677E-02 2.667E-05 NAN 3.449E-01 1.000E+00 2.000E+00
NAN NAN NAN 4.677E-02 2.822E-05 NAN 3.451E-01 1.000E+00 2.000E+00
NAN NAN NAN 4.677E-02 3.107E-05 NAN 3.454E-01 1.000E+00 2.000E+00
NAN NAN NAN 4.677E-02 3.629E-05 NAN 3.460E-01 1.000E+00 2.000E+00
NAN NAN NAN 4.677E-02 4.585E-05 NAN 3.472E-01 1.000E+00 2.000E+00
NAN NAN NAN 4.677E-02 6.338E-05 NAN 3.493E-01 1.000E+00 2.000E+00
NAN NAN NAN 4.677E-02 9.551E-05 NAN 3.531E-01 1.000E+00 2.000E+00
NAN NAN NAN 4.677E-02 1.544E-04 NAN 3.601E-01 1.000E+00 2.000E+00
NAN NAN NAN 4.677E-02 2.624E-04 NAN 3.730E-01 1.000E+00 2.000E+00
NAN NAN NAN 4.677E-02 4.602E-04 NAN 3.966E-01 1.000E+00 2.000E+00
NAN NAN NAN 4.677E-02 8.229E-04 NAN 4.398E-01 1.000E+00 2.000E+00
NAN NAN NAN 4.677E-02 1.488E-03 NAN 5.188E-01 1.000E+00 2.000E+00
NAN NAN NAN 4.677E-02 2.706E-03 NAN 6.625E-01 1.000E+00 2.000E+00
NAN NAN NAN 4.677E-02 4.940E-03 NAN 8.167E-01 1.000E+00 4.000E+00
NAN NAN NAN 5.915E-02 2.486E-05 NAN 3.700E-01 1.003E+00 3.000E+00
NAN NAN NAN 5.915E-02 2.490E-05 NAN 3.700E-01 1.003E+00 3.000E+00
NAN NAN NAN 5.915E-02 2.497E-05 NAN 3.700E-01 1.003E+00 3.000E+00
NAN NAN NAN 5.915E-02 2.511E-05 NAN 3.700E-01 1.003E+00 3.000E+00
NAN NAN NAN 5.915E-02 2.536E-05 NAN 3.701E-01 1.003E+00 3.000E+00
NAN NAN NAN 5.915E-02 2.582E-05 NAN 3.701E-01 1.003E+00 3.000E+00
NAN NAN NAN 5.915E-02 2.667E-05 NAN 3.702E-01 1.003E+00 3.000E+00
NAN NAN NAN 5.915E-02 2.822E-05 NAN 3.704E-01 1.003E+00 3.000E+00
NAN NAN NAN 5.915E-02 3.107E-05 NAN 3.707E-01 1.003E+00 3.000E+00
NAN NAN NAN 5.915E-02 3.629E-05 NAN 3.714E-01 1.003E+00 3.000E+00
NAN NAN NAN 5.915E-02 4.585E-05 NAN 3.725E-01 1.003E+00 3.000E+00
NAN NAN NAN 5.915E-02 6.338E-05 NAN 3.746E-01 1.003E+00 3.000E+00
NAN NAN NAN 5.915E-02 9.551E-05 NAN 3.784E-01 1.003E+00 3.000E+00
NAN NAN NAN 5.915E-02 1.544E-04 NAN 3.853E-01 1.003E+00 3.000E+00
NAN NAN NAN 5.915E-02 2.624E-04 NAN 3.981E-01 1.003E+00 3.000E+00
NAN NAN NAN 5.915E-02 4.602E-04 NAN 4.214E-01 1.003E+00 3.000E+00
NAN NAN NAN 5.915E-02 8.229E-04 NAN 4.641E-01 1.003E+00 3.000E+00
NAN NAN NAN 5.915E-02 1.488E-03 NAN 5.419E-01 1.004E+00 3.000E+00
NAN NAN NAN 5.915E-02 2.706E-03 NAN 6.812E-01 1.006E+00 3.000E+00
NAN NAN NAN 5.915E-02 4.940E-03 NAN 8.170E-01 1.031E+00 1.000E+00
NAN NAN NAN 7.482E-02 2.486E-05 NAN 3.984E-01 1.024E+00 3.000E+00
NAN NAN NAN 7.482E-02 2.490E-05 NAN 3.984E-01 1.024E+00 3.000E+00
NAN NAN NAN 7.482E-02 2.497E-05 NAN 3.984E-01 1.024E+00 3.000E+00
NAN NAN NAN 7.482E-02 2.511E-05 NAN 3.984E-01 1.024E+00 3.000E+00
NAN NAN NAN 7.482E-02 2.536E-05 NAN 3.985E-01 1.024E+00 3.000E+00
NAN NAN NAN 7.482E-02 2.582E-05 NAN 3.985E-01 1.024E+00 3.000E+00
NAN NAN NAN 7.482E-02 2.667E-05 NAN 3.986E-01 1.024E+00 3.000E+00
NAN NAN NAN 7.482E-02 2.822E-05 NAN 3.988E-01 1.024E+00 3.000E+00
NAN NAN NAN 7.482E-02 3.107E-05 NAN 3.991E-01 1.024E+00 3.000E+00
NAN NAN NAN 7.482E-02 3.629E-05 NAN 3.997E-01 1.024E+00 3.000E+00
NAN NAN NAN 7.482E-02 4.585E-05 NAN 4.008E-01 1.024E+00 3.000E+00
NAN NAN NAN 7.482E-02 6.338E-05 NAN 4.029E-01 1.024E+00 3.000E+00
NAN NAN NAN 7.482E-02 9.551E-05 NAN 4.066E-01 1.024E+00 3.000E+00
NAN NAN NAN 7.482E-02 1.544E-04 NAN 4.135E-01 1.024E+00 3.000E+00
NAN NAN NAN 7.482E-02 2.624E-04 NAN 4.260E-01 1.025E+00 3.000E+00
NAN NAN NAN 7.482E-02 4.602E-04 NAN 4.489E-01 1.026E+00 3.000E+00
NAN NAN NAN 7.482E-02 8.229E-04 NAN 4.906E-01 1.027E+00 3.000E+00
NAN NAN NAN 7.482E-02 1.488E-03 NAN 5.662E-01 1.032E+00 3.000E+00
NAN NAN NAN 7.482E-02 2.706E-03 NAN 6.984E-01 1.044E+00 3.000E+00
NAN NAN NAN 7.482E-02 4.940E-03 NAN 8.174E-01 1.108E+00 1.000E+00
NAN NAN NAN 9.464E-02 2.486E-05 NAN 4.293E-01 1.072E+00 3.000E+00
NAN NAN NAN 9.464E-02 2.490E-05 NAN 4.293E-01 1.072E+00 3.000E+00
NAN NAN NAN 9.464E-02 2.497E-05 NAN 4.293E-01 1.072E+00 3.000E+00
NAN NAN NAN 9.464E-02 2.511E-05 NAN 4.294E-01 1.072E+00 3.000E+00
NAN NAN NAN 9.464E-02 2.536E-05 NAN 4.294E-01 1.072E+00 3.000E+00
NAN NAN NAN 9.464E-02 2.582E-05 NAN 4.294E-01 1.072E+00 3.000E+00
NAN NAN NAN 9.464E-02 2.667E-05 NAN 4.295E-01 1.072E+00 3.000E+00
NAN NAN NAN 9.464E-02 2.822E-05 NAN 4.297E-01 1.072E+00 3.000E+00
NAN NAN NAN 9.464E-02 3.107E-05 NAN 4.300E-01 1.072E+00 3.000E+00
NAN NAN NAN 9.464E-02 3.629E-05 NAN 4.306E-01 1.072E+00 3.000E+00
NAN NAN NAN 9.464E-02 4.585E-05 NAN 4.317E-01 1.072E+00 3.000E+00
NAN NAN NAN 9.464E-02 6.338E-05 NAN 4.337E-01 1.073E+00 3.000E+00
NAN NAN NAN 9.464E-02 9.551E-05 NAN 4.373E-01 1.073E+00 3.000E+00
NAN NAN NAN 9.464E-02 1.544E-04 NAN 4.440E-01 1.074E+00 3.000E+00
NAN NAN NAN 9.464E-02 2.624E-04 NAN 4.561E-01 1.075E+00 3.000E+00
NAN NAN NAN 9.464E-02 4.602E-04 NAN 4.783E-01 1.078E+00 3.000E+00
NAN NAN NAN 9.464E-02 8.229E-04 NAN 5.186E-01 1.082E+00 3.000E+00
NAN NAN NAN 9.464E-02 1.488E-03 NAN 5.910E-01 1.092E+00 3.000E+00
NAN NAN NAN 9.464E-02 2.706E-03 NAN 7.139E-01 1.117E+00 3.000E+00
NAN NAN NAN 9.464E-02 4.940E-03 NAN 8.178E-01 1.207E+00 1.000E+00
NAN NAN NAN 1.197E-01 2.486E-05 NAN 4.620E-01 1.156E+00 3.000E+00
NAN NAN NAN 1.197E-01 2.490E-05 NAN 4.620E-01 1.156E+00 3.000E+00
NAN NAN NAN 1.197E-01 2.497E-05 NAN 4.620E-01 1.156E+00 3.000E+00
NAN NAN NAN 1.197E-01 2.511E-05 NAN 4.620E-01 1.156E+00 3.000E+00
NAN NAN NAN 1.197E-01 2.536E-05 NAN 4.621E-01 1.156E+00 3.000E+00
NAN NAN NAN 1.197E-01 2.582E-05 NAN 4.621E-01 1.156E+00 3.000E+00
NAN NAN NAN 1.197E-01 2.667E-05 NAN 4.622E-01 1.156E+00 3.000E+00
NAN NAN NAN 1.197E-01 2.822E-05 NAN 4.624E-01 1.156E+00 3.000E+00
NAN NAN NAN 1.197E-01 3.107E-05 NAN 4.627E-01 1.156E+00 3.000E+00
NAN NAN NAN 1.197E-01 3.629E-05 NAN 4.633E-01 1.156E+00 3.000E+00
NAN NAN NAN 1.197E-01 4.585E-05 NAN 4.643E-01 1.156E+00 3.000E+00
NAN NAN NAN 1.197E-01 6.338E-05 NAN 4.662E-01 1.157E+00 3.000E+00
NAN NAN NAN 1.197E-01 9.551E-05 NAN 4.697E-01 1.157E+00 3.000E+00
NAN NAN NAN 1.197E-01 1.544E-04 NAN 4.760E-01 1.158E+00 3.000E+00
NAN NAN NAN 1.197E-01 2.624E-04 NAN 4.877E-01 1.160E+00 3.000E+00
NAN NAN NAN 1.197E-01 4.602E-04 NAN 5.089E-01 1.164E+00 3.000E+00
NAN NAN NAN 1.197E-01 8.229E-04 NAN 5.472E-01 1.172E+00 3.000E+00
NAN NAN NAN 1.197E-01 1.488E-03 NAN 6.153E-01 1.188E+00 3.000E+00
NAN NAN NAN 1.197E-01 2.706E-03 NAN 7.274E-01 1.226E+00 3.000E+00
NAN NAN NAN 1.197E-01 4.940E-03 NAN 8.184E-01 1.332E+00 1.000E+00
NAN NAN NAN 1.514E-01 2.486E-05 NAN 4.956E-01 1.280E+00 3.000E+00
NAN NAN NAN 1.514E-01 2.490E-05 NAN 4.956E-01 1.280E+00 3.000E+00
NAN NAN NAN 1.514E-01 2.497E-05 NAN 4.956E-01 1.280E+00 3.000E+00
NAN NAN NAN 1.514E-01 2.511E-05 NAN 4.956E-01 1.280E+00 3.000E+00
NAN NAN NAN 1.514E-01 2.536E-05 NAN 4.956E-01 1.280E+00 3.000E+00
NAN NAN NAN 1.514E-01 2.582E-05 NAN 4.957E-01 1.280E+00 3.000E+00
NAN NAN NAN 1.514E-01 2.667E-05 NAN 4.958E-01 1.281E+00 3.000E+00
NAN NAN NAN 1.514E-01 2.822E-05 NAN 4.959E-01 1.281E+00 3.000E+00
NAN NAN NAN 1.514E-01 3.107E-05 NAN 4.962E-01 1.281E+00 3.000E+00
NAN NAN NAN 1.514E-01 3.629E-05 NAN 4.968E-01 1.281E+00 3.000E+00
NAN NAN NAN 1.514E-01 4.585E-05 NAN 4.977E-01 1.281E+00 3.000E+00
NAN NAN NAN 1.514E-01 6.338E-05 NAN 4.995E-01 1.282E+00 3.000E+00
NAN NAN NAN 1.514E-01 9.551E-05 NAN 5.028E-01 1.283E+00 3.000E+00
NAN NAN NAN 1.514E-01 1.544E-04 NAN 5.089E-01 1.284E+00 3.000E+00
NAN NAN NAN 1.514E-01 2.624E-04 NAN 5.198E-01 1.288E+00 3.000E+00
NAN NAN NAN 1.514E-01 4.602E-04 NAN 5.398E-01 1.294E+00 3.000E+00
NAN NAN NAN 1.514E-01 8.229E-04 NAN 5.757E-01 1.305E+00 3.000E+00
NAN NAN NAN 1.514E-01 1.488E-03 NAN 6.387E-01 1.326E+00 3.000E+00
NAN NAN NAN 1.514E-01 2.706E-03 NAN 7.390E-01 1.374E+00 3.000E+00
NAN NAN NAN 1.514E-01 4.940E-03 NAN 8.191E-01 1.490E+00 1.000E+00
NAN NAN NAN 1.915E-01 2.486E-05 NAN 5.291E-01 1.456E+00 3.000E+00
NAN NAN NAN 1.915E-01 2.490E-05 NAN 5.291E-01 1.456E+00 3.000E+00
NAN NAN NAN 1.915E-01 2.497E-05 NAN 5.292E-01 1.456E+00 3.000E+00
NAN NAN NAN 1.915E-01 2.511E-05 NAN 5.292E-01 1.456E+00 3.000E+00
NAN NAN NAN 1.915E-01 2.536E-05 NAN 5.292E-01 1.456E+00 3.000E+00
NAN NAN NAN 1.915E-01 2.582E-05 NAN 5.292E-01 1.456E+00 3.000E+00
NAN NAN NAN 1.915E-01 2.667E-05 NAN 5.293E-01 1.456E+00 3.000E+00
NAN NAN NAN 1.915E-01 2.822E-05 NAN 5.295E-01 1.456E+00 3.000E+00
NAN NAN NAN 1.915E-01 3.107E-05 NAN 5.297E-01 1.456E+00 3.000E+00
NAN NAN NAN 1.915E-01 3.629E-05 NAN 5.302E-01 1.457E+00 3.000E+00
NAN NAN NAN 1.915E-01 4.585E-05 NAN 5.311E-01 1.457E+00 3.000E+00
NAN NAN NAN 1.915E-01 6.338E-05 NAN 5.328E-01 1.458E+00 3.000E+00
NAN NAN NAN 1.915E-01 9.551E-05 NAN 5.359E-01 1.459E+00 3.000E+00
NAN NAN NAN 1.915E-01 1.544E-04 NAN 5.415E-01 1.461E+00 3.000E+00
NAN NAN NAN 1.915E-01 2.624E-04 NAN 5.517E-01 1.465E+00 3.000E+00
NAN NAN NAN 1.915E-01 4.602E-04 NAN 5.702E-01 1.472E+00 3.000E+00
NAN NAN NAN 1.915E-01 8.229E-04 NAN 6.032E-01 1.485E+00 3.000E+00
NAN NAN NAN 1.915E-01 1.488E-03 NAN 6.605E-01 1.512E+00 3.000E+00
NAN NAN NAN 1.915E-01 2.706E-03 NAN 7.489E-01 1.567E+00 3.000E+00
NAN NAN NAN 1.915E-01 4.940E-03 NAN 8.200E-01 1.691E+00 1.000E+00
NAN NAN NAN 2.422E-01 2.486E-05 NAN 5.618E-01 1.691E+00 3.000E+00
NAN NAN NAN 2.422E-01 2.490E-05 NAN 5.618E-01 1.691E+00 3.000E+00
NAN NAN NAN 2.422E-01 2.497E-05 NAN 5.618E-01 1.691E+00 3.000E+00
NAN NAN NAN 2.422E-01 2.511E-05 NAN 5.618E-01 1.691E+00 3.000E+00
NAN NAN NAN 2.422E-01 2.536E-05 NAN 5.618E-01 1.691E+00 3.000E+00
NAN NAN NAN 2.422E-01 2.582E-05 NAN 5.619E-01 1.691E+00 3.000E+00
NAN NAN NAN 2.422E-01 2.667E-05 NAN 5.619E-01 1.691E+00 3.000E+00
NAN NAN NAN 2.422E-01 2.822E-05 NAN 5.621E-01 1.691E+00 3.000E+00
NAN NAN NAN 2.422E-01 3.107E-05 NAN 5.623E-01 1.691E+00 3.000E+00
NAN NAN NAN 2.422E-01 3.629E-05 NAN 5.628E-01 1.691E+00 3.000E+00
NAN NAN NAN 2.422E-01 4.585E-05 NAN 5.636E-01 1.691E+00 3.000E+00
NAN NAN NAN 2.422E-01 6.338E-05 NAN 5.652E-01 1.692E+00 3.000E+00
NAN NAN NAN 2.422E-01 9.551E-05 NAN 5.680E-01 1.694E+00 3.000E+00
NAN NAN NAN 2.422E-01 1.544E-04 NAN 5.731E-01 1.696E+00 3.000E+00
NAN NAN NAN 2.422E-01 2.624E-04 NAN 5.824E-01 1.701E+00 3.000E+00
NAN NAN NAN 2.422E-01 4.602E-04 NAN 5.993E-01 1.709E+00 3.000E+00
NAN NAN NAN 2.422E-01 8.229E-04 NAN 6.292E-01 1.725E+00 3.000E+00
NAN NAN NAN 2.422E-01 1.488E-03 NAN 6.805E-01 1.755E+00 3.000E+00
NAN NAN NAN 2.422E-01 2.706E-03 NAN 7.573E-01 1.815E+00 3.000E+00
NAN NAN NAN 2.422E-01 4.940E-03 NAN 8.212E-01 1.945E+00 1.000E+00
NAN NAN NAN 3.064E-01 2.486E-05 NAN 5.928E-01 1.996E+00 3.000E+00
NAN NAN NAN 3.064E-01 2.490E-05 NAN 5.929E-01 1.996E+00 3.000E+00
NAN NAN NAN 3.064E-01 2.497E-05 NAN 5.929E-01 1.996E+00 3.000E+00
NAN NAN NAN 3.064E-01 2.511E-05 NAN 5.929E-01 1.996E+00 3.000E+00
NAN NAN NAN 3.064E-01 2.536E-05 NAN 5.929E-01 1.997E+00 3.000E+00
NAN NAN NAN 3.064E-01 2.582E-05 NAN 5.929E-01 1.997E+00 3.000E+00
NAN NAN NAN 3.064E-01 2.667E-05 NAN 5.930E-01 1.997E+00 3.000E+00
NAN NAN NAN 3.064E-01 2.822E-05 NAN 5.931E-01 1.997E+00 3.000E+00
NAN NAN NAN 3.064E-01 3.107E-05 NAN 5.933E-01 1.997E+00 3.000E+00
NAN NAN NAN 3.064E-01 3.629E-05 NAN 5.938E-01 1.997E+00 3.000E+00
NAN NAN NAN 3.064E-01 4.585E-05 NAN 5.945E-01 1.997E+00 3.000E+00
NAN NAN NAN 3.064E-01 6.338E-05 NAN 5.959E-01 1.998E+00 3.000E+00
NAN NAN NAN 3.064E-01 9.551E-05 NAN 5.984E-01 2.000E+00 3.000E+00
NAN NAN NAN 3.064E-01 1.544E-04 NAN 6.030E-01 2.003E+00 3.000E+00
NAN NAN NAN 3.064E-01 2.624E-04 NAN 6.114E-01 2.008E+00 3.000E+00
NAN NAN NAN 3.064E-01 4.602E-04 NAN 6.265E-01 2.018E+00 3.000E+00
NAN NAN NAN 3.064E-01 8.229E-04 NAN 6.533E-01 2.035E+00 3.000E+00
NAN NAN NAN 3.064E-01 1.488E-03 NAN 6.985E-01 2.068E+00 3.000E+00
NAN NAN NAN 3.064E-01 2.706E-03 NAN 7.642E-01 2.133E+00 3.000E+00
NAN NAN NAN 3.064E-01 4.940E-03 NAN 8.227E-01 2.266E+00 1.000E+00
NAN NAN NAN 3.875E-01 2.486E-05 NAN 6.217E-01 2.392E+00 3.000E+00
NAN NAN NAN 3.875E-01 2.490E-05 NAN 6.217E-01 2.392E+00 3.000E+00
NAN NAN NAN 3.875E-01 2.497E-05 NAN 6.217E-01 2.392E+00 3.000E+00
NAN NAN NAN 3.875E-01 2.511E-05 NAN 6.217E-01 2.392E+00 3.000E+00
NAN NAN NAN 3.875E-01 2.536E-05 NAN 6.217E-01 2.392E+00 3.000E+00
NAN NAN NAN 3.875E-01 2.582E-05 NAN 6.218E-01 2.392E+00 3.000E+00
NAN NAN NAN 3.875E-01 2.667E-05 NAN 6.218E-01 2.392E+00 3.000E+00
NAN NAN NAN 3.875E-01 2.822E-05 NAN 6.219E-01 2.392E+00 3.000E+00
NAN NAN NAN 3.875E-01 3.107E-05 NAN 6.221E-01 2.392E+00 3.000E+00
NAN NAN NAN 3.875E-01 3.629E-05 NAN 6.225E-01 2.392E+00 3.000E+00
NAN NAN NAN 3.875E-01 4.585E-05 NAN 6.232E-01 2.393E+00 3.000E+00
NAN NAN NAN 3.875E-01 6.338E-05 NAN 6.244E-01 2.394E+00 3.000E+00
NAN NAN NAN 3.875E-01 9.551E-05 NAN 6.267E-01 2.395E+00 3.000E+00
NAN NAN NAN 3.875E-01 1.544E-04 NAN 6.308E-01 2.398E+00 3.000E+00
NAN NAN NAN 3.875E-01 2.624E-04 NAN 6.382E-01 2.403E+00 3.000E+00
NAN NAN NAN 3.875E-01 4.602E-04 NAN 6.515E-01 2.413E+00 3.000E+00
NAN NAN NAN 3.875E-01 8.229E-04 NAN 6.750E-01 2.432E+00 3.000E+00
NAN NAN NAN 3.875E-01 1.488E-03 NAN 7.143E-01 2.469E+00 3.000E+00
NAN NAN NAN 3.875E-01 2.706E-03 NAN 7.700E-01 2.535E+00 3.000E+00
NAN NAN NAN 3.875E-01 4.940E-03 NAN 8.245E-01 2.672E+00 1.000E+00
NAN NAN NAN 4.902E-01 2.486E-05 NAN 6.480E-01 2.897E+00 3.000E+00
NAN NAN NAN 4.902E-01 2.490E-05 NAN 6.480E-01 2.897E+00 3.000E+00
NAN NAN NAN 4.902E-01 2.497E-05 NAN 6.480E-01 2.897E+00 3.000E+00
NAN NAN NAN 4.902E-01 2.511E-05 NAN 6.480E-01 2.897E+00 3.000E+00
NAN NAN NAN 4.902E-01 2.536E-05 NAN 6.480E-01 2.897E+00 3.000E+00
NAN NAN NAN 4.902E-01 2.582E-05 NAN 6.481E-01 2.897E+00 3.000E+00
NAN NAN NAN 4.902E-01 2.667E-05 NAN 6.481E-01 2.898E+00 3.000E+00
NAN NAN NAN 4.902E-01 2.822E-05 NAN 6.482E-01 2.898E+00 3.000E+00
NAN NAN NAN 4.902E-01 3.107E-05 NAN 6.484E-01 2.898E+00 3.000E+00
NAN NAN NAN 4.902E-01 3.629E-05 NAN 6.487E-01 2.898E+00 3.000E+00
NAN NAN NAN 4.902E-01 4.585E-05 NAN 6.493E-01 2.899E+00 3.000E+00
NAN NAN NAN 4.902E-01 6.338E-05 NAN 6.504E-01 2.900E+00 3.000E+00
NAN NAN NAN 4.902E-01 9.551E-05 NAN 6.523E-01 2.901E+00 3.000E+00
NAN NAN NAN 4.902E-01 1.544E-04 NAN 6.559E-01 2.904E+00 3.000E+00
NAN NAN NAN 4.902E-01 2.624E-04 NAN 6.624E-01 2.910E+00 3.000E+00
NAN NAN NAN 4.902E-01 4.602E-04 NAN 6.741E-01 2.921E+00 3.000E+00
NAN NAN NAN 4.902E-01 8.229E-04 NAN 6.944E-01 2.941E+00 3.000E+00
NAN NAN NAN 4.902E-01 1.488E-03 NAN 7.281E-01 2.977E+00 3.000E+00
NAN NAN NAN 4.902E-01 2.706E-03 NAN 7.747E-01 3.048E+00 3.000E+00
NAN NAN NAN 4.902E-01 4.940E-03 NAN 8.269E-01 3.186E+00 1.000E+00
NAN NAN NAN 6.200E-01 2.486E-05 NAN 6.715E-01 3.540E+00 3.000E+00
NAN NAN NAN 6.200E-01 2.490E-05 NAN 6.715E-01 3.540E+00 3.000E+00
NAN NAN NAN 6.200E-01 2.497E-05 NAN 6.715E-01 3.540E+00 3.000E+00
NAN NAN NAN 6.200E-01 2.511E-05 NAN 6.715E-01 3.540E+00 3.000E+00
NAN NAN NAN 6.200E-01 2.536E-05 NAN 6.715E-01 3.540E+00 3.000E+00
NAN NAN NAN 6.200E-01 2.582E-05 NAN 6.716E-01 3.540E+00 3.000E+00
NAN NAN NAN 6.200E-01 2.667E-05 NAN 6.716E-01 3.540E+00 3.000E+00
NAN NAN NAN 6.200E-01 2.822E-05 NAN 6.717E-01 3.540E+00 3.000E+00
NAN NAN NAN 6.200E-01 3.107E-05 NAN 6.718E-01 3.541E+00 3.000E+00
NAN NAN NAN 6.200E-01 3.629E-05 NAN 6.721E-01 3.541E+00 3.000E+00
NAN NAN NAN 6.200E-01 4.585E-05 NAN 6.726E-01 3.541E+00 3.000E+00
NAN NAN NAN 6.200E-01 6.338E-05 NAN 6.736E-01 3.542E+00 3.000E+00
NAN NAN NAN 6.200E-01 9.551E-05 NAN 6.753E-01 3.544E+00 3.000E+00
NAN NAN NAN 6.200E-01 1.544E-04 NAN 6.784E-01 3.547E+00 3.000E+00
NAN NAN NAN 6.200E-01 2.624E-04 NAN 6.840E-01 3.553E+00 3.000E+00
NAN NAN NAN 6.200E-01 4.602E-04 NAN 6.940E-01 3.564E+00 3.000E+00
NAN NAN NAN 6.200E-01 8.229E-04 NAN 7.114E-01 3.584E+00 3.000E+00
NAN NAN NAN 6.200E-01 1.488E-03 NAN 7.399E-01 3.624E+00 3.000E+00
NAN NAN NAN 6.200E-01 2.706E-03 NAN 7.786E-01 3.697E+00 3.000E+00
NAN NAN NAN 6.200E-01 4.940E-03 NAN 8.299E-01 3.836E+00 1.000E+00
NAN NAN NAN 7.842E-01 2.486E-05 NAN 6.922E-01 4.356E+00 3.000E+00
NAN NAN NAN 7.842E-01 2.490E-05 NAN 6.922E-01 4.356E+00 3.000E+00
NAN NAN NAN 7.842E-01 2.497E-05 NAN 6.922E-01 4.356E+00 3.000E+00
NAN NAN NAN 7.842E-01 2.511E-05 NAN 6.922E-01 4.356E+00 3.000E+00
NAN NAN NAN 7.842E-01 2.536E-05 NAN 6.922E-01 4.356E+00 3.000E+00
NAN NAN NAN 7.842E-01 2.582E-05 NAN 6.922E-01 4.356E+00 3.000E+00
NAN NAN NAN 7.842E-01 2.667E-05 NAN 6.922E-01 4.356E+00 3.000E+00
NAN NAN NAN 7.842E-01 2.822E-05 NAN 6.923E-01 4.356E+00 3.000E+00
NAN NAN NAN 7.842E-01 3.107E-05 NAN 6.924E-01 4.356E+00 3.000E+00
NAN NAN NAN 7.842E-01 3.629E-05 NAN 6.927E-01 4.357E+00 3.000E+00
NAN NAN NAN 7.842E-01 4.585E-05 NAN 6.931E-01 4.357E+00 3.000E+00
NAN NAN NAN 7.842E-01 6.338E-05 NAN 6.939E-01 4.358E+00 3.000E+00
NAN NAN NAN 7.842E-01 9.551E-05 NAN 6.954E-01 4.360E+00 3.000E+00
NAN NAN NAN 7.842E-01 1.544E-04 NAN 6.980E-01 4.364E+00 3.000E+00
NAN NAN NAN 7.842E-01 2.624E-04 NAN 7.028E-01 4.370E+00 3.000E+00
NAN NAN NAN 7.842E-01 4.602E-04 NAN 7.113E-01 4.382E+00 3.000E+00
NAN NAN NAN 7.842E-01 8.229E-04 NAN 7.260E-01 4.404E+00 3.000E+00
NAN NAN NAN 7.842E-01 1.488E-03 NAN 7.499E-01 4.444E+00 3.000E+00
NAN NAN NAN 7.842E-01 2.706E-03 NAN 7.824E-01 4.517E+00 1.000E+00
NAN NAN NAN 7.842E-01 4.940E-03 NAN 8.336E-01 4.657E+00 1.000E+00
NAN NAN NAN 9.919E-01 2.486E-05 NAN 7.100E-01 5.393E+00 3.000E+00
NAN NAN NAN 9.919E-01 2.490E-05 NAN 7.100E-01 5.393E+00 3.000E+00
NAN NAN NAN 9.919E-01 2.497E-05 NAN 7.100E-01 5.393E+00 3.000E+00
NAN NAN NAN 9.919E-01 2.511E-05 NAN 7.100E-01 5.393E+00 3.000E+00
NAN NAN NAN 9.919E-01 2.536E-05 NAN 7.100E-01 5.393E+00 3.000E+00
NAN NAN NAN 9.919E-01 2.582E-05 NAN 7.101E-01 5.393E+00 3.000E+00
NAN NAN NAN 9.919E-01 2.667E-05 NAN 7.101E-01 5.393E+00 3.000E+00
NAN NAN NAN 9.919E-01 2.822E-05 NAN 7.102E-01 5.393E+00 3.000E+00
NAN NAN NAN 9.919E-01 3.107E-05 NAN 7.103E-01 5.394E+00 3.000E+00
NAN NAN NAN 9.919E-01 3.629E-05 NAN 7.105E-01 5.394E+00 3.000E+00
NAN NAN NAN 9.919E-01 4.585E-05 NAN 7.108E-01 5.394E+00 3.000E+00
NAN NAN NAN 9.919E-01 6.338E-05 NAN 7.115E-01 5.395E+00 3.000E+00
NAN NAN NAN 9.919E-01 9.551E-05 NAN 7.127E-01 5.397E+00 3.000E+00
NAN NAN NAN 9.919E-01 1.544E-04 NAN 7.149E-01 5.401E+00 3.000E+00
NAN NAN NAN 9.919E-01 2.624E-04 NAN 7.190E-01 5.407E+00 3.000E+00
NAN NAN NAN 9.919E-01 4.602E-04 NAN 7.261E-01 5.419E+00 3.000E+00
NAN NAN NAN 9.919E-01 8.229E-04 NAN 7.384E-01 5.441E+00 3.000E+00
NAN NAN NAN 9.919E-01 1.488E-03 NAN 7.582E-01 5.481E+00 3.000E+00
NAN NAN NAN 9.919E-01 2.706E-03 NAN 7.871E-01 5.554E+00 1.000E+00
NAN NAN NAN 9.919E-01 4.940E-03 NAN 8.384E-01 5.697E+00 1.000E+00
NAN NAN NAN 1.255E+00 2.486E-05 NAN 7.253E-01 6.707E+00 3.000E+00
NAN NAN NAN 1.255E+00 2.490E-05 NAN 7.253E-01 6.707E+00 3.000E+00
NAN NAN NAN 1.255E+00 2.497E-05 NAN 7.253E-01 6.707E+00 3.000E+00
NAN NAN NAN 1.255E+00 2.511E-05 NAN 7.253E-01 6.707E+00 3.000E+00
NAN NAN NAN 1.255E+00 2.536E-05 NAN 7.253E-01 6.707E+00 3.000E+00
NAN NAN NAN 1.255E+00 2.582E-05 NAN 7.253E-01 6.707E+00 3.000E+00
NAN NAN NAN 1.255E+00 2.667E-05 NAN 7.253E-01 6.707E+00 3.000E+00
NAN NAN NAN 1.255E+00 2.822E-05 NAN 7.254E-01 6.707E+00 3.000E+00
NAN NAN NAN 1.255E+00 3.107E-05 NAN 7.255E-01 6.707E+00 3.000E+00
NAN NAN NAN 1.255E+00 3.629E-05 NAN 7.256E-01 6.708E+00 3.000E+00
NAN NAN NAN 1.255E+00 4.585E-05 NAN 7.259E-01 6.708E+00 3.000E+00
NAN NAN NAN 1.255E+00 6.338E-05 NAN 7.265E-01 6.709E+00 3.000E+00
NAN NAN NAN 1.255E+00 9.551E-05 NAN 7.275E-01 6.711E+00 3.000E+00
NAN NAN NAN 1.255E+00 1.544E-04 NAN 7.294E-01 6.715E+00 3.000E+00
NAN NAN NAN 1.255E+00 2.624E-04 NAN 7.327E-01 6.721E+00 3.000E+00
NAN NAN NAN 1.255E+00 4.602E-04 NAN 7.387E-01 6.733E+00 3.000E+00
NAN NAN NAN 1.255E+00 8.229E-04 NAN 7.489E-01 6.755E+00 3.000E+00
NAN NAN NAN 1.255E+00 1.488E-03 NAN 7.652E-01 6.795E+00 1.000E+00
NAN NAN NAN 1.255E+00 2.706E-03 NAN 7.932E-01 6.868E+00 1.000E+00
NAN NAN NAN 1.255E+00 4.940E-03 NAN 8.444E-01 7.014E+00 1.000E+00
NAN NAN NAN 1.587E+00 2.486E-05 NAN 7.381E-01 8.365E+00 3.000E+00
NAN NAN NAN 1.587E+00 2.490E-05 NAN 7.381E-01 8.365E+00 3.000E+00
NAN NAN NAN 1.587E+00 2.497E-05 NAN 7.381E-01 8.365E+00 3.000E+00
NAN NAN NAN 1.587E+00 2.511E-05 NAN 7.381E-01 8.365E+00 3.000E+00
NAN NAN NAN 1.587E+00 2.536E-05 NAN 7.381E-01 8.365E+00 3.000E+00
NAN NAN NAN 1.587E+00 2.582E-05 NAN 7.381E-01 8.365E+00 3.000E+00
NAN NAN NAN 1.587E+00 2.667E-05 NAN 7.381E-01 8.365E+00 3.000E+00
NAN NAN NAN 1.587E+00 2.822E-05 NAN 7.382E-01 8.365E+00 3.000E+00
NAN NAN NAN 1.587E+00 3.107E-05 NAN 7.383E-01 8.365E+00 3.000E+00
NAN NAN NAN 1.587E+00 3.629E-05 NAN 7.384E-01 8.366E+00 3.000E+00
NAN NAN NAN 1.587E+00 4.585E-05 NAN 7.386E-01 8.366E+00 3.000E+00
NAN NAN NAN 1.587E+00 6.338E-05 NAN 7.391E-01 8.367E+00 3.000E+00
NAN NAN NAN 1.587E+00 9.551E-05 NAN 7.400E-01 8.369E+00 3.000E+00
NAN NAN NAN 1.587E+00 1.544E-04 NAN 7.415E-01 8.373E+00 3.000E+00
NAN NAN NAN 1.587E+00 2.624E-04 NAN 7.442E-01 8.379E+00 3.000E+00
NAN NAN NAN 1.587E+00 4.602E-04 NAN 7.491E-01 8.391E+00 3.000E+00
NAN NAN NAN 1.587E+00 8.229E-04 NAN 7.576E-01 8.413E+00 1.000E+00
NAN NAN NAN 1.587E+00 1.488E-03 NAN 7.728E-01 8.453E+00 1.000E+00
NAN NAN NAN 1.587E+00 2.706E-03 NAN 8.008E-01 8.530E+00 1.000E+00
NAN NAN NAN 1.587E+00 4.940E-03 NAN 8.521E-01 8.676E+00 1.000E+00
NAN NAN NAN 2.007E+00 2.486E-05 NAN 7.489E-01 1.046E+01 1.000E+00
NAN NAN NAN 2.007E+00 2.490E-05 NAN 7.489E-01 1.046E+01 1.000E+00
NAN NAN NAN 2.007E+00 2.497E-05 NAN 7.489E-01 1.046E+01 1.000E+00
NAN NAN NAN 2.007E+00 2.511E-05 NAN 7.489E-01 1.046E+01 1.000E+00
NAN NAN NAN 2.007E+00 2.536E-05 NAN 7.489E-01 1.046E+01 1.000E+00
NAN NAN NAN 2.007E+00 2.582E-05 NAN 7.489E-01 1.046E+01 1.000E+00
NAN NAN NAN 2.007E+00 2.667E-05 NAN 7.490E-01 1.046E+01 1.000E+00
NAN NAN NAN 2.007E+00 2.822E-05 NAN 7.490E-01 1.046E+01 1.000E+00
NAN NAN NAN 2.007E+00 3.107E-05 NAN 7.491E-01 1.046E+01 1.000E+00
NAN NAN NAN 2.007E+00 3.629E-05 NAN 7.492E-01 1.046E+01 1.000E+00
NAN NAN NAN 2.007E+00 4.585E-05 NAN 7.494E-01 1.046E+01 1.000E+00
NAN NAN NAN 2.007E+00 6.338E-05 NAN 7.498E-01 1.046E+01 1.000E+00
NAN NAN NAN 2.007E+00 9.551E-05 NAN 7.505E-01 1.047E+01 1.000E+00
NAN NAN NAN 2.007E+00 1.544E-04 NAN 7.519E-01 1.047E+01 1.000E+00
NAN NAN NAN 2.007E+00 2.624E-04 NAN 7.544E-01 1.048E+01 1.000E+00
NAN NAN NAN 2.007E+00 4.602E-04 NAN 7.589E-01 1.049E+01 1.000E+00
NAN NAN NAN 2.007E+00 8.229E-04 NAN 7.672E-01 1.051E+01 1.000E+00
NAN NAN NAN 2.007E+00 1.488E-03 NAN 7.825E-01 1.055E+01 1.000E+00
NAN NAN NAN 2.007E+00 2.706E-03 NAN 8.104E-01 1.063E+01 1.000E+00
NAN NAN NAN 2.007E+00 4.940E-03 NAN 8.617E-01 1.078E+01 1.000E+00
NAN NAN NAN 2.539E+00 2.486E-05 NAN 7.611E-01 1.312E+01 1.000E+00
NAN NAN NAN 2.539E+00 2.490E-05 NAN 7.611E-01 1.312E+01 1.000E+00
NAN NAN NAN 2.539E+00 2.497E-05 NAN 7.611E-01 1.312E+01 1.000E+00
NAN NAN NAN 2.539E+00 2.511E-05 NAN 7.611E-01 1.312E+01 1.000E+00
NAN NAN NAN 2.539E+00 2.536E-05 NAN 7.611E-01 1.312E+01 1.000E+00
NAN NAN NAN 2.539E+00 2.582E-05 NAN 7.611E-01 1.312E+01 1.000E+00
NAN NAN NAN 2.539E+00 2.667E-05 NAN 7.612E-01 1.312E+01 1.000E+00
NAN NAN NAN 2.539E+00 2.822E-05 NAN 7.612E-01 1.312E+01 1.000E+00
NAN NAN NAN 2.539E+00 3.107E-05 NAN 7.613E-01 1.312E+01 1.000E+00
NAN NAN NAN 2.539E+00 3.629E-05 NAN 7.614E-01 1.312E+01 1.000E+00
NAN NAN NAN 2.539E+00 4.585E-05 NAN 7.616E-01 1.312E+01 1.000E+00
NAN NAN NAN 2.539E+00 6.338E-05 NAN 7.620E-01 1.312E+01 1.000E+00
NAN NAN NAN 2.539E+00 9.551E-05 NAN 7.627E-01 1.313E+01 1.000E+00
NAN NAN NAN 2.539E+00 1.544E-04 NAN 7.641E-01 1.313E+01 1.000E+00
NAN NAN NAN 2.539E+00 2.624E-04 NAN 7.666E-01 1.314E+01 1.000E+00
NAN NAN NAN 2.539E+00 4.602E-04 NAN 7.711E-01 1.315E+01 1.000E+00
NAN NAN NAN 2.539E+00 8.229E-04 NAN 7.794E-01 1.317E+01 1.000E+00
NAN NAN NAN 2.539E+00 1.488E-03 NAN 7.947E-01 1.322E+01 1.000E+00
NAN NAN NAN 2.539E+00 2.706E-03 NAN 8.226E-01 1.330E+01 1.000E+00
NAN NAN NAN 2.539E+00 4.940E-03 NAN 8.739E-01 1.344E+01 1.000E+00
NAN NAN NAN 3.211E+00 2.486E-05 NAN 7.765E-01 1.648E+01 1.000E+00
NAN NAN NAN 3.211E+00 2.490E-05 NAN 7.765E-01 1.648E+01 1.000E+00
NAN NAN NAN 3.211E+00 2.497E-05 NAN 7.765E-01 1.648E+01 1.000E+00
NAN NAN NAN 3.211E+00 2.511E-05 NAN 7.765E-01 1.648E+01 1.000E+00
NAN NAN NAN 3.211E+00 2.536E-05 NAN 7.765E-01 1.648E+01 1.000E+00
NAN NAN NAN 3.211E+00 2.582E-05 NAN 7.766E-01 1.648E+01 1.000E+00
NAN NAN NAN 3.211E+00 2.667E-05 NAN 7.766E-01 1.648E+01 1.000E+00
NAN NAN NAN 3.211E+00 2.822E-05 NAN 7.766E-01 1.648E+01 1.000E+00
NAN NAN NAN 3.211E+00 3.107E-05 NAN 7.767E-01 1.648E+01 1.000E+00
NAN NAN NAN 3.211E+00 3.629E-05 NAN 7.768E-01 1.648E+01 1.000E+00
NAN NAN NAN 3.211E+00 4.585E-05 NAN 7.770E-01 1.649E+01 1.000E+00
NAN NAN NAN 3.211E+00 6.338E-05 NAN 7.774E-01 1.649E+01 1.000E+00
NAN NAN NAN 3.211E+00 9.551E-05 NAN 7.782E-01 1.649E+01 1.000E+00
NAN NAN NAN 3.211E+00 1.544E-04 NAN 7.795E-01 1.649E+01 1.000E+00
NAN NAN NAN 3.211E+00 2.624E-04 NAN 7.820E-01 1.650E+01 1.000E+00
NAN NAN NAN 3.211E+00 4.602E-04 NAN 7.865E-01 1.651E+01 1.000E+00
NAN NAN NAN 3.211E+00 8.229E-04 NAN 7.948E-01 1.654E+01 1.000E+00
NAN NAN NAN 3.211E+00 1.488E-03 NAN 8.101E-01 1.658E+01 1.000E+00
NAN NAN NAN 3.211E+00 2.706E-03 NAN 8.381E-01 1.666E+01 1.000E+00
NAN NAN NAN 3.211E+00 4.940E-03 NAN 8.893E-01 1.680E+01 1.000E+00
NAN NAN NAN 4.062E+00 2.486E-05 NAN 7.961E-01 2.074E+01 1.000E+00
NAN NAN NAN 4.062E+00 2.490E-05 NAN 7.961E-01 2.074E+01 1.000E+00
NAN NAN NAN 4.062E+00 2.497E-05 NAN 7.961E-01 2.074E+01 1.000E+00
NAN NAN NAN 4.062E+00 2.511E-05 NAN 7.961E-01 2.074E+01 1.000E+00
NAN NAN NAN 4.062E+00 2.536E-05 NAN 7.961E-01 2.074E+01 1.000E+00
NAN NAN NAN 4.062E+00 2.582E-05 NAN 7.961E-01 2.074E+01 1.000E+00
NAN NAN NAN 4.062E+00 2.667E-05 NAN 7.961E-01 2.074E+01 1.000E+00
NAN NAN NAN 4.062E+00 2.822E-05 NAN 7.961E-01 2.074E+01 1.000E+00
NAN NAN NAN 4.062E+00 3.107E-05 NAN 7.962E-01 2.074E+01 1.000E+00
NAN NAN NAN 4.062E+00 3.629E-05 NAN 7.963E-01 2.074E+01 1.000E+00
NAN NAN NAN 4.062E+00 4.585E-05 NAN 7.965E-01 2.074E+01 1.000E+00
NAN NAN NAN 4.062E+00 6.338E-05 NAN 7.969E-01 2.075E+01 1.000E+00
NAN NAN NAN 4.062E+00 9.551E-05 NAN 7.977E-01 2.075E+01 1.000E+00
NAN NAN NAN 4.062E+00 1.544E-04 NAN 7.990E-01 2.075E+01 1.000E+00
NAN NAN NAN 4.062E+00 2.624E-04 NAN 8.015E-01 2.076E+01 1.000E+00
NAN NAN NAN 4.062E+00 4.602E-04 NAN 8.061E-01 2.077E+01 1.000E+00
NAN NAN NAN 4.062E+00 8.229E-04 NAN 8.144E-01 2.080E+01 1.000E+00
NAN NAN NAN 4.062E+00 1.488E-03 NAN 8.296E-01 2.084E+01 1.000E+00
NAN NAN NAN 4.062E+00 2.706E-03 NAN 8.576E-01 2.092E+01 1.000E+00
NAN NAN NAN 4.062E+00 4.940E-03 NAN 9.088E-01 2.106E+01 1.000E+00
NAN NAN NAN 5.138E+00 2.486E-05 NAN 8.208E-01 2.613E+01 1.000E+00
NAN NAN NAN 5.138E+00 2.490E-05 NAN 8.208E-01 2.613E+01 1.000E+00
NAN NAN NAN 5.138E+00 2.497E-05 NAN 8.208E-01 2.613E+01 1.000E+00
NAN NAN NAN 5.138E+00 2.511E-05 NAN 8.208E-01 2.613E+01 1.000E+00
NAN NAN NAN 5.138E+00 2.536E-05 NAN 8.208E-01 2.613E+01 1.000E+00
NAN NAN NAN 5.138E+00 2.582E-05 NAN 8.208E-01 2.613E+01 1.000E+00
NAN NAN NAN 5.138E+00 2.667E-05 NAN 8.208E-01 2.613E+01 1.000E+00
NAN NAN NAN 5.138E+00 2.822E-05 NAN 8.208E-01 2.613E+01 1.000E+00
NAN NAN NAN 5.138E+00 3.107E-05 NAN 8.209E-01 2.613E+01 1.000E+00
NAN NAN NAN 5.138E+00 3.629E-05 NAN 8.210E-01 2.613E+01 1.000E+00
NAN NAN NAN 5.138E+00 4.585E-05 NAN 8.212E-01 2.613E+01 1.000E+00
NAN NAN NAN 5.138E+00 6.338E-05 NAN 8.216E-01 2.613E+01 1.000E+00
NAN NAN NAN 5.138E+00 9.551E-05 NAN 8.224E-01 2.613E+01 1.000E+00
NAN NAN NAN 5.138E+00 1.544E-04 NAN 8.237E-01 2.614E+01 1.000E+00
NAN NAN NAN 5.138E+00 2.624E-04 NAN 8.262E-01 2.614E+01 1.000E+00
NAN NAN NAN 5.138E+00 4.602E-04 NAN 8.307E-01 2.616E+01 1.000E+00
NAN NAN NAN 5.138E+00 8.229E-04 NAN 8.391E-01 2.618E+01 1.000E+00
NAN NAN NAN 5.138E+00 1.488E-03 NAN 8.543E-01 2.622E+01 1.000E+00
NAN NAN NAN 5.138E+00 2.706E-03 NAN 8.823E-01 2.630E+01 1.000E+00
NAN NAN NAN 5.138E+00 4.940E-03 NAN 9.335E-01 2.645E+01 1.000E+00
