6.833E+07 5.650E+02 2.152E+00 5.137E-05 1.971E-04 1.532E+03 8.895E-01 5.579E+01 2.000E+00
6.049E+06 5.501E+02 2.169E+00 5.137E-05 1.971E-04 1.555E+03 8.895E-01 5.579E+01 2.000E+00
7.885E+06 5.501E+02 2.169E+00 5.137E-05 1.972E-04 1.554E+03 8.895E-01 5.579E+01 2.000E+00
1.820E+07 5.501E+02 2.169E+00 5.137E-05 1.974E-04 1.555E+03 8.895E-01 5.579E+01 2.000E+00
6.902E+07 5.526E+02 2.166E+00 5.137E-05 1.976E-04 1.551E+03 8.895E-01 5.579E+01 2.000E+00
4.718E+06 7.496E+02 1.961E+00 5.137E-05 1.981E-04 1.342E+03 8.895E-01 5.579E+01 2.000E+00
1.221E+08 7.496E+02 1.961E+00 5.137E-05 1.989E-04 1.342E+03 8.895E-01 5.579E+01 2.000E+00
1.889E+06 5.018E+02 2.229E+00 5.137E-05 2.005E-04 1.640E+03 8.896E-01 5.579E+01 2.000E+00
5.605E+06 4.878E+02 2.247E+00 5.137E-05 2.033E-04 1.668E+03 8.896E-01 5.579E+01 2.000E+00
9.532E+07 9.325E+02 1.812E+00 5.137E-05 2.085E-04 1.238E+03 8.896E-01 5.579E+01 2.000E+00
2.146E+08 9.196E+02 1.821E+00 5.137E-05 2.181E-04 1.331E+03 8.897E-01 5.579E+01 2.000E+00
2.611E+06 4.495E+02 2.298E+00 5.137E-05 2.356E-04 1.761E+03 8.898E-01 5.579E+01 2.000E+00
3.263E+06 9.486E+02 1.800E+00 5.137E-05 2.678E-04 1.231E+03 8.901E-01 5.579E+01 2.000E+00
1.725E+06 7.657E+02 1.946E+00 5.137E-05 3.266E-04 1.331E+03 8.905E-01 5.579E+01 2.000E+00
1.075E+06 4.739E+02 2.265E+00 5.137E-05 4.346E-04 1.699E+03 8.913E-01 5.579E+01 2.000E+00
4.655E+06 3.963E+02 2.373E+00 5.137E-05 6.325E-04 1.934E+03 8.928E-01 5.580E+01 2.000E+00
2.084E+06 4.467E+02 2.303E+00 5.137E-05 9.952E-04 1.766E+03 8.955E-01 5.581E+01 2.000E+00
8.132E+07 9.115E+02 1.828E+00 5.137E-05 1.660E-03 1.249E+03 9.005E-01 5.582E+01 2.000E+00
5.917E+06 9.424E+02 1.806E+00 5.137E-05 2.879E-03 1.237E+03 9.096E-01 5.585E+01 2.000E+00
4.303E+06 5.530E+02 2.174E+00 5.137E-05 5.112E-03 1.544E+03 9.260E-01 5.590E+01 2.000E+00
7.595E+06 5.501E+02 2.169E+00 6.498E-05 1.971E-04 1.554E+03 8.896E-01 5.579E+01 2.000E+00
9.051E+06 5.501E+02 2.169E+00 6.498E-05 1.971E-04 1.554E+03 8.896E-01 5.579E+01 2.000E+00
1.403E+07 5.501E+02 2.169E+00 6.498E-05 1.972E-04 1.555E+03 8.896E-01 5.579E+01 2.000E+00
1.098E+07 5.526E+02 2.166E+00 6.498E-05 1.974E-04 1.551E+03 8.896E-01 5.579E+01 2.000E+00
3.420E+06 7.496E+02 1.961E+00 6.498E-05 1.976E-04 1.344E+03 8.896E-01 5.579E+01 2.000E+00
5.296E+06 7.496E+02 1.961E+00 6.498E-05 1.981E-04 1.342E+03 8.896E-01 5.579E+01 2.000E+00
8.751E+06 9.145E+02 1.825E+00 6.498E-05 1.989E-04 1.246E+03 8.896E-01 5.579E+01 2.000E+00
2.118E+06 5.018E+02 2.229E+00 6.498E-05 2.005E-04 1.640E+03 8.896E-01 5.579E+01 2.000E+00
8.951E+06 4.878E+02 2.247E+00 6.498E-05 2.033E-04 1.668E+03 8.896E-01 5.579E+01 2.000E+00
2.090E+08 9.325E+02 1.812E+00 6.498E-05 2.085E-04 1.238E+03 8.896E-01 5.579E+01 2.000E+00
1.257E+07 9.240E+02 1.818E+00 6.498E-05 2.181E-04 1.245E+03 8.897E-01 5.579E+01 2.000E+00
3.198E+06 4.495E+02 2.298E+00 6.498E-05 2.356E-04 1.761E+03 8.899E-01 5.579E+01 2.000E+00
3.300E+06 9.486E+02 1.800E+00 6.498E-05 2.678E-04 1.231E+03 8.901E-01 5.579E+01 2.000E+00
1.777E+06 7.657E+02 1.946E+00 6.498E-05 3.266E-04 1.331E+03 8.905E-01 5.579E+01 2.000E+00
1.143E+06 4.739E+02 2.265E+00 6.498E-05 4.346E-04 1.700E+03 8.913E-01 5.579E+01 2.000E+00
7.605E+06 3.963E+02 2.373E+00 6.498E-05 6.325E-04 1.989E+03 8.928E-01 5.580E+01 2.000E+00
4.208E+06 4.465E+02 2.303E+00 6.498E-05 9.952E-04 1.767E+03 8.955E-01 5.581E+01 2.000E+00
2.125E+08 9.115E+02 1.828E+00 6.498E-05 1.660E-03 1.249E+03 9.005E-01 5.582E+01 2.000E+00
1.519E+06 2.768E+02 2.561E+00 6.498E-05 2.879E-03 2.854E+03 9.097E-01 5.585E+01 2.000E+00
5.544E+06 5.530E+02 2.174E+00 6.498E-05 5.112E-03 1.544E+03 9.261E-01 5.590E+01 2.000E+00
1.631E+07 5.501E+02 2.169E+00 8.219E-05 1.971E-04 1.660E+03 8.896E-01 5.579E+01 2.000E+00
2.525E+07 5.501E+02 2.169E+00 8.219E-05 1.971E-04 1.555E+03 8.896E-01 5.579E+01 2.000E+00
1.081E+07 5.526E+02 2.166E+00 8.219E-05 1.972E-04 1.550E+03 8.896E-01 5.579E+01 2.000E+00
4.933E+07 5.526E+02 2.166E+00 8.219E-05 1.974E-04 1.550E+03 8.896E-01 5.579E+01 2.000E+00
3.782E+06 7.496E+02 1.961E+00 8.219E-05 1.976E-04 1.342E+03 8.896E-01 5.579E+01 2.000E+00
6.283E+06 7.496E+02 1.961E+00 8.219E-05 1.981E-04 1.342E+03 8.896E-01 5.579E+01 2.000E+00
9.467E+06 9.145E+02 1.825E+00 8.219E-05 1.989E-04 1.246E+03 8.896E-01 5.579E+01 2.000E+00
2.511E+06 5.018E+02 2.229E+00 8.219E-05 2.005E-04 1.640E+03 8.896E-01 5.579E+01 2.000E+00
3.930E+07 4.878E+02 2.247E+00 8.219E-05 2.033E-04 1.670E+03 8.897E-01 5.579E+01 2.000E+00
2.882E+08 9.218E+02 1.819E+00 8.219E-05 2.085E-04 1.243E+03 8.897E-01 5.579E+01 2.000E+00
1.394E+07 9.240E+02 1.818E+00 8.219E-05 2.181E-04 1.244E+03 8.898E-01 5.579E+01 2.000E+00
4.506E+06 4.495E+02 2.298E+00 8.219E-05 2.356E-04 1.761E+03 8.899E-01 5.579E+01 2.000E+00
3.347E+06 9.486E+02 1.800E+00 8.219E-05 2.678E-04 1.232E+03 8.901E-01 5.579E+01 2.000E+00
1.848E+06 7.657E+02 1.946E+00 8.219E-05 3.266E-04 1.331E+03 8.906E-01 5.579E+01 2.000E+00
1.435E+07 4.794E+02 2.258E+00 8.219E-05 4.346E-04 1.686E+03 8.914E-01 5.579E+01 2.000E+00
4.236E+07 3.963E+02 2.373E+00 8.219E-05 6.325E-04 1.934E+03 8.929E-01 5.580E+01 2.000E+00
3.099E+06 4.467E+02 2.303E+00 8.219E-05 9.952E-04 1.767E+03 8.956E-01 5.581E+01 2.000E+00
6.411E+06 9.785E+02 1.780E+00 8.219E-05 1.660E-03 1.221E+03 9.006E-01 5.582E+01 2.000E+00
6.262E+06 9.424E+02 1.806E+00 8.219E-05 2.879E-03 1.236E+03 9.097E-01 5.585E+01 2.000E+00
8.836E+06 5.530E+02 2.174E+00 8.219E-05 5.112E-03 1.544E+03 9.261E-01 5.590E+01 2.000E+00
1.559E+07 5.526E+02 2.166E+00 1.040E-04 1.971E-04 1.550E+03 8.897E-01 5.579E+01 2.000E+00
2.347E+07 5.526E+02 2.166E+00 1.040E-04 1.971E-04 1.550E+03 8.897E-01 5.579E+01 2.000E+00
3.647E+08 5.526E+02 2.166E+00 1.040E-04 1.972E-04 1.550E+03 8.897E-01 5.579E+01 2.000E+00
3.517E+06 7.496E+02 1.961E+00 1.040E-04 1.974E-04 1.342E+03 8.897E-01 5.579E+01 2.000E+00
4.380E+06 7.496E+02 1.961E+00 1.040E-04 1.976E-04 1.342E+03 8.897E-01 5.579E+01 2.000E+00
8.270E+06 7.496E+02 1.961E+00 1.040E-04 1.981E-04 1.342E+03 8.897E-01 5.579E+01 2.000E+00
1.057E+07 9.145E+02 1.825E+00 1.040E-04 1.989E-04 1.252E+03 8.897E-01 5.579E+01 2.000E+00
3.308E+06 5.018E+02 2.229E+00 1.040E-04 2.005E-04 1.640E+03 8.897E-01 5.579E+01 2.000E+00
1.944E+06 6.823E+02 2.025E+00 1.040E-04 2.033E-04 1.397E+03 8.897E-01 5.579E+01 2.000E+00
6.952E+06 9.207E+02 1.820E+00 1.040E-04 2.085E-04 1.249E+03 8.897E-01 5.579E+01 2.000E+00
1.618E+07 9.240E+02 1.818E+00 1.040E-04 2.181E-04 1.242E+03 8.898E-01 5.579E+01 2.000E+00
9.640E+06 4.495E+02 2.298E+00 1.040E-04 2.356E-04 1.761E+03 8.899E-01 5.579E+01 2.000E+00
3.409E+06 9.486E+02 1.800E+00 1.040E-04 2.678E-04 1.231E+03 8.902E-01 5.579E+01 2.000E+00
1.949E+06 7.657E+02 1.946E+00 1.040E-04 3.266E-04 1.330E+03 8.906E-01 5.579E+01 2.000E+00
1.405E+06 4.739E+02 2.265E+00 1.040E-04 4.346E-04 1.699E+03 8.914E-01 5.579E+01 2.000E+00
6.959E+06 8.053E+02 1.912E+00 1.040E-04 6.325E-04 1.305E+03 8.929E-01 5.580E+01 2.000E+00
4.823E+06 4.467E+02 2.303E+00 1.040E-04 9.952E-04 1.766E+03 8.956E-01 5.581E+01 2.000E+00
6.513E+06 9.785E+02 1.780E+00 1.040E-04 1.660E-03 1.220E+03 9.006E-01 5.582E+01 2.000E+00
6.537E+06 9.424E+02 1.806E+00 1.040E-04 2.879E-03 1.236E+03 9.098E-01 5.585E+01 2.000E+00
3.869E+07 5.530E+02 2.174E+00 1.040E-04 5.112E-03 1.544E+03 9.261E-01 5.590E+01 2.000E+00
3.388E+06 7.496E+02 1.961E+00 1.315E-04 1.971E-04 1.342E+03 8.897E-01 5.579E+01 2.000E+00
3.494E+06 7.496E+02 1.961E+00 1.315E-04 1.971E-04 1.343E+03 8.897E-01 5.579E+01 2.000E+00
3.707E+06 7.496E+02 1.961E+00 1.315E-04 1.972E-04 1.342E+03 8.897E-01 5.579E+01 2.000E+00
4.182E+06 7.496E+02 1.961E+00 1.315E-04 1.974E-04 1.342E+03 8.897E-01 5.579E+01 2.000E+00
5.505E+06 7.496E+02 1.961E+00 1.315E-04 1.976E-04 1.342E+03 8.897E-01 5.579E+01 2.000E+00
1.400E+07 7.496E+02 1.961E+00 1.315E-04 1.981E-04 1.342E+03 8.897E-01 5.579E+01 2.000E+00
1.241E+07 9.145E+02 1.825E+00 1.315E-04 1.989E-04 1.251E+03 8.897E-01 5.579E+01 2.000E+00
5.664E+06 5.018E+02 2.229E+00 1.315E-04 2.005E-04 1.686E+03 8.898E-01 5.579E+01 2.000E+00
2.184E+06 6.823E+02 2.025E+00 1.315E-04 2.033E-04 1.397E+03 8.898E-01 5.579E+01 2.000E+00
7.612E+06 9.207E+02 1.820E+00 1.315E-04 2.085E-04 1.244E+03 8.898E-01 5.579E+01 2.000E+00
2.035E+07 9.240E+02 1.818E+00 1.315E-04 2.181E-04 1.248E+03 8.899E-01 5.579E+01 2.000E+00
5.582E+06 4.410E+02 2.309E+00 1.315E-04 2.356E-04 1.785E+03 8.900E-01 5.579E+01 2.000E+00
3.491E+06 9.486E+02 1.800E+00 1.315E-04 2.678E-04 1.231E+03 8.903E-01 5.579E+01 2.000E+00
2.096E+06 7.657E+02 1.946E+00 1.315E-04 3.266E-04 1.330E+03 8.907E-01 5.579E+01 2.000E+00
1.693E+06 4.739E+02 2.265E+00 1.315E-04 4.346E-04 1.699E+03 8.915E-01 5.579E+01 2.000E+00
2.159E+06 7.130E+02 1.995E+00 1.315E-04 6.325E-04 1.370E+03 8.930E-01 5.580E+01 2.000E+00
1.787E+07 4.467E+02 2.303E+00 1.315E-04 9.952E-04 1.766E+03 8.957E-01 5.581E+01 2.000E+00
6.647E+06 9.785E+02 1.780E+00 1.315E-04 1.660E-03 1.220E+03 9.007E-01 5.582E+01 2.000E+00
6.926E+06 9.424E+02 1.806E+00 1.315E-04 2.879E-03 1.267E+03 9.098E-01 5.585E+01 2.000E+00
7.236E+06 5.400E+02 2.189E+00 1.315E-04 5.112E-03 1.565E+03 9.262E-01 5.590E+01 2.000E+00
4.200E+06 7.496E+02 1.961E+00 1.663E-04 1.971E-04 1.343E+03 8.898E-01 5.579E+01 2.000E+00
4.369E+06 7.496E+02 1.961E+00 1.663E-04 1.971E-04 1.342E+03 8.898E-01 5.579E+01 2.000E+00
4.720E+06 7.496E+02 1.961E+00 1.663E-04 1.972E-04 1.342E+03 8.898E-01 5.579E+01 2.000E+00
5.548E+06 7.496E+02 1.961E+00 1.663E-04 1.974E-04 1.342E+03 8.898E-01 5.579E+01 2.000E+00
8.273E+06 7.496E+02 1.961E+00 1.663E-04 1.976E-04 1.342E+03 8.898E-01 5.579E+01 2.000E+00
1.451E+08 7.496E+02 1.961E+00 1.663E-04 1.981E-04 1.342E+03 8.898E-01 5.579E+01 2.000E+00
1.185E+06 5.018E+02 2.229E+00 1.663E-04 1.989E-04 1.640E+03 8.898E-01 5.579E+01 2.000E+00
9.754E+07 5.018E+02 2.229E+00 1.663E-04 2.005E-04 1.640E+03 8.898E-01 5.579E+01 2.000E+00
2.602E+06 6.823E+02 2.025E+00 1.663E-04 2.033E-04 1.397E+03 8.899E-01 5.579E+01 2.000E+00
8.663E+06 9.207E+02 1.820E+00 1.663E-04 2.085E-04 1.244E+03 8.899E-01 5.579E+01 2.000E+00
3.033E+07 9.240E+02 1.818E+00 1.663E-04 2.181E-04 1.243E+03 8.900E-01 5.579E+01 2.000E+00
1.861E+07 2.890E+02 2.533E+00 1.663E-04 2.356E-04 2.729E+03 8.901E-01 5.579E+01 2.000E+00
3.601E+06 9.486E+02 1.800E+00 1.663E-04 2.678E-04 1.232E+03 8.903E-01 5.579E+01 2.000E+00
2.324E+06 7.657E+02 1.946E+00 1.663E-04 3.266E-04 1.333E+03 8.908E-01 5.579E+01 2.000E+00
2.319E+06 4.739E+02 2.265E+00 1.663E-04 4.346E-04 1.699E+03 8.916E-01 5.579E+01 2.000E+00
2.499E+06 7.130E+02 1.995E+00 1.663E-04 6.325E-04 1.370E+03 8.931E-01 5.580E+01 2.000E+00
3.645E+06 9.260E+02 1.817E+00 1.663E-04 9.952E-04 1.242E+03 8.958E-01 5.581E+01 2.000E+00
6.825E+06 9.785E+02 1.780E+00 1.663E-04 1.660E-03 1.220E+03 9.008E-01 5.582E+01 2.000E+00
7.497E+06 9.424E+02 1.806E+00 1.663E-04 2.879E-03 1.236E+03 9.099E-01 5.585E+01 2.000E+00
2.291E+06 3.496E+02 2.455E+00 1.663E-04 5.112E-03 2.128E+03 9.263E-01 5.590E+01 2.000E+00
2.316E+08 7.670E+02 1.945E+00 2.104E-04 1.971E-04 1.330E+03 8.899E-01 5.579E+01 2.000E+00
6.509E+06 7.496E+02 1.961E+00 2.104E-04 1.971E-04 1.342E+03 8.899E-01 5.579E+01 2.000E+00
7.358E+06 7.496E+02 1.961E+00 2.104E-04 1.972E-04 1.342E+03 8.899E-01 5.579E+01 2.000E+00
9.712E+06 7.496E+02 1.961E+00 2.104E-04 1.974E-04 1.342E+03 8.899E-01 5.579E+01 2.000E+00
2.437E+07 7.496E+02 1.961E+00 2.104E-04 1.976E-04 1.350E+03 8.899E-01 5.579E+01 2.000E+00
9.968E+06 9.145E+02 1.825E+00 2.104E-04 1.981E-04 1.246E+03 8.899E-01 5.579E+01 2.000E+00
1.485E+06 5.018E+02 2.229E+00 2.104E-04 1.989E-04 1.640E+03 8.899E-01 5.579E+01 2.000E+00
1.459E+07 3.128E+02 2.497E+00 2.104E-04 2.005E-04 2.453E+03 8.900E-01 5.579E+01 2.000E+00
3.483E+06 6.823E+02 2.025E+00 2.104E-04 2.033E-04 1.397E+03 8.900E-01 5.579E+01 2.000E+00
4.321E+06 3.734E+02 2.406E+00 2.104E-04 2.085E-04 2.038E+03 8.900E-01 5.579E+01 2.000E+00
8.187E+07 9.240E+02 1.818E+00 2.104E-04 2.181E-04 1.243E+03 8.901E-01 5.579E+01 2.000E+00
2.461E+06 6.590E+02 2.049E+00 2.104E-04 2.356E-04 1.419E+03 8.902E-01 5.579E+01 2.000E+00
8.431E+06 9.520E+02 1.798E+00 2.104E-04 2.678E-04 1.230E+03 8.905E-01 5.579E+01 2.000E+00
2.708E+06 7.657E+02 1.946E+00 2.104E-04 3.266E-04 1.330E+03 8.909E-01 5.579E+01 2.000E+00
4.585E+06 4.739E+02 2.265E+00 2.104E-04 4.346E-04 1.699E+03 8.917E-01 5.579E+01 2.000E+00
3.151E+06 7.130E+02 1.995E+00 2.104E-04 6.325E-04 1.370E+03 8.932E-01 5.580E+01 2.000E+00
3.874E+06 9.260E+02 1.817E+00 2.104E-04 9.952E-04 1.242E+03 8.959E-01 5.581E+01 2.000E+00
7.065E+06 9.785E+02 1.780E+00 2.104E-04 1.660E-03 1.221E+03 9.009E-01 5.582E+01 2.000E+00
8.380E+06 9.424E+02 1.806E+00 2.104E-04 2.879E-03 1.236E+03 9.100E-01 5.585E+01 2.000E+00
6.205E+06 3.496E+02 2.455E+00 2.104E-04 5.112E-03 2.128E+03 9.263E-01 5.590E+01 2.000E+00
1.562E+07 7.496E+02 1.961E+00 2.661E-04 1.971E-04 1.342E+03 8.901E-01 5.579E+01 2.000E+00
1.856E+07 7.496E+02 1.961E+00 2.661E-04 1.971E-04 1.342E+03 8.901E-01 5.579E+01 2.000E+00
2.842E+07 7.496E+02 1.961E+00 2.661E-04 1.972E-04 1.342E+03 8.901E-01 5.579E+01 2.000E+00
2.380E+09 7.496E+02 1.961E+00 2.661E-04 1.974E-04 1.342E+03 8.901E-01 5.579E+01 2.000E+00
9.561E+06 9.145E+02 1.825E+00 2.661E-04 1.976E-04 1.246E+03 8.901E-01 5.579E+01 2.000E+00
9.299E+05 3.168E+02 2.491E+00 2.661E-04 1.981E-04 2.415E+03 8.901E-01 5.579E+01 2.000E+00
2.333E+06 5.018E+02 2.229E+00 2.661E-04 1.989E-04 1.640E+03 8.901E-01 5.579E+01 2.000E+00
1.390E+07 4.901E+02 2.244E+00 2.661E-04 2.005E-04 1.664E+03 8.901E-01 5.579E+01 2.000E+00
6.359E+06 6.823E+02 2.025E+00 2.661E-04 2.033E-04 1.519E+03 8.901E-01 5.579E+01 2.000E+00
9.895E+07 3.723E+02 2.407E+00 2.661E-04 2.085E-04 2.043E+03 8.902E-01 5.579E+01 2.000E+00
5.393E+06 4.547E+02 2.291E+00 2.661E-04 2.181E-04 1.748E+03 8.902E-01 5.579E+01 2.000E+00
3.701E+06 6.590E+02 2.049E+00 2.661E-04 2.356E-04 1.567E+03 8.904E-01 5.579E+01 2.000E+00
7.641E+06 4.345E+02 2.318E+00 2.661E-04 2.678E-04 1.804E+03 8.906E-01 5.579E+01 2.000E+00
3.463E+06 7.657E+02 1.946E+00 2.661E-04 3.266E-04 1.331E+03 8.910E-01 5.579E+01 2.000E+00
1.031E+08 4.473E+02 2.301E+00 2.661E-04 4.346E-04 1.766E+03 8.918E-01 5.579E+01 2.000E+00
4.826E+06 7.130E+02 1.995E+00 2.661E-04 6.325E-04 1.370E+03 8.933E-01 5.580E+01 2.000E+00
1.180E+07 2.844E+02 2.542E+00 2.661E-04 9.952E-04 2.778E+03 8.960E-01 5.581E+01 2.000E+00
7.397E+06 9.785E+02 1.780E+00 2.661E-04 1.660E-03 1.220E+03 9.010E-01 5.582E+01 2.000E+00
9.871E+06 9.424E+02 1.806E+00 2.661E-04 2.879E-03 1.236E+03 9.102E-01 5.585E+01 2.000E+00
2.468E+06 4.965E+02 2.244E+00 2.661E-04 5.112E-03 1.642E+03 9.264E-01 5.590E+01 2.000E+00
1.111E+06 5.018E+02 2.229E+00 3.366E-04 1.971E-04 1.640E+03 8.902E-01 5.579E+01 2.000E+00
1.113E+06 5.018E+02 2.229E+00 3.366E-04 1.971E-04 1.640E+03 8.902E-01 5.579E+01 2.000E+00
1.124E+06 5.018E+02 2.229E+00 3.366E-04 1.972E-04 1.640E+03 8.902E-01 5.579E+01 2.000E+00
1.164E+06 5.018E+02 2.229E+00 3.366E-04 1.974E-04 1.640E+03 8.902E-01 5.579E+01 2.000E+00
4.375E+06 5.135E+02 2.214E+00 3.366E-04 1.976E-04 1.617E+03 8.902E-01 5.579E+01 2.000E+00
1.734E+06 5.018E+02 2.229E+00 3.366E-04 1.981E-04 1.640E+03 8.902E-01 5.579E+01 2.000E+00
7.930E+06 5.018E+02 2.229E+00 3.366E-04 1.989E-04 1.640E+03 8.903E-01 5.579E+01 2.000E+00
6.755E+06 5.001E+02 2.231E+00 3.366E-04 2.005E-04 1.644E+03 8.903E-01 5.579E+01 2.000E+00
8.030E+06 6.750E+02 2.032E+00 3.366E-04 2.033E-04 1.404E+03 8.903E-01 5.579E+01 2.000E+00
2.886E+07 9.207E+02 1.820E+00 3.366E-04 2.085E-04 1.244E+03 8.903E-01 5.579E+01 2.000E+00
1.546E+07 5.433E+02 2.177E+00 3.366E-04 2.181E-04 1.565E+03 8.904E-01 5.579E+01 2.000E+00
1.179E+07 6.590E+02 2.049E+00 3.366E-04 2.356E-04 1.419E+03 8.905E-01 5.579E+01 2.000E+00
4.276E+06 9.486E+02 1.800E+00 3.366E-04 2.678E-04 1.231E+03 8.908E-01 5.579E+01 2.000E+00
2.760E+07 6.105E+02 2.100E+00 3.366E-04 3.266E-04 1.472E+03 8.912E-01 5.579E+01 2.000E+00
2.767E+06 5.599E+02 2.158E+00 3.366E-04 4.346E-04 1.540E+03 8.920E-01 5.579E+01 2.000E+00
1.708E+07 7.130E+02 1.995E+00 3.366E-04 6.325E-04 1.370E+03 8.935E-01 5.580E+01 2.000E+00
1.570E+06 7.366E+02 1.974E+00 3.366E-04 9.952E-04 1.352E+03 8.962E-01 5.581E+01 2.000E+00
7.867E+06 9.785E+02 1.780E+00 3.366E-04 1.660E-03 1.233E+03 9.012E-01 5.582E+01 2.000E+00
1.280E+07 9.424E+02 1.806E+00 3.366E-04 2.879E-03 1.236E+03 9.104E-01 5.585E+01 2.000E+00
1.185E+07 4.965E+02 2.244E+00 3.366E-04 5.112E-03 1.640E+03 9.266E-01 5.590E+01 2.000E+00
1.417E+06 5.018E+02 2.229E+00 4.257E-04 1.971E-04 1.640E+03 8.905E-01 5.579E+01 2.000E+00
1.456E+06 5.018E+02 2.229E+00 4.257E-04 1.971E-04 1.640E+03 8.905E-01 5.579E+01 2.000E+00
1.536E+06 5.018E+02 2.229E+00 4.257E-04 1.972E-04 1.640E+03 8.905E-01 5.579E+01 2.000E+00
1.711E+06 5.018E+02 2.229E+00 4.257E-04 1.974E-04 1.640E+03 8.905E-01 5.579E+01 2.000E+00
2.188E+06 5.018E+02 2.229E+00 4.257E-04 1.976E-04 1.642E+03 8.905E-01 5.579E+01 2.000E+00
4.884E+06 5.018E+02 2.229E+00 4.257E-04 1.981E-04 1.640E+03 8.905E-01 5.579E+01 2.000E+00
2.763E+06 9.325E+02 1.812E+00 4.257E-04 1.989E-04 1.238E+03 8.905E-01 5.579E+01 2.000E+00
1.262E+07 4.878E+02 2.247E+00 4.257E-04 2.005E-04 1.669E+03 8.905E-01 5.579E+01 2.000E+00
6.655E+06 9.325E+02 1.812E+00 4.257E-04 2.033E-04 1.238E+03 8.905E-01 5.579E+01 2.000E+00
5.172E+07 9.229E+02 1.819E+00 4.257E-04 2.085E-04 1.243E+03 8.905E-01 5.579E+01 2.000E+00
2.272E+07 5.451E+02 2.175E+00 4.257E-04 2.181E-04 1.566E+03 8.906E-01 5.579E+01 2.000E+00
5.240E+07 6.488E+02 2.059E+00 4.257E-04 2.356E-04 1.429E+03 8.908E-01 5.579E+01 2.000E+00
5.863E+06 8.321E+02 1.889E+00 4.257E-04 2.678E-04 1.289E+03 8.910E-01 5.579E+01 2.000E+00
2.845E+07 7.657E+02 1.946E+00 4.257E-04 3.266E-04 1.331E+03 8.914E-01 5.579E+01 2.000E+00
4.751E+07 5.599E+02 2.158E+00 4.257E-04 4.346E-04 1.539E+03 8.922E-01 5.579E+01 2.000E+00
4.707E+06 7.273E+02 1.982E+00 4.257E-04 6.325E-04 1.359E+03 8.937E-01 5.580E+01 2.000E+00
1.979E+06 7.299E+02 1.980E+00 4.257E-04 9.952E-04 1.357E+03 8.964E-01 5.581E+01 2.000E+00
8.560E+06 9.785E+02 1.780E+00 4.257E-04 1.660E-03 1.220E+03 9.014E-01 5.582E+01 2.000E+00
2.292E+07 9.255E+02 1.819E+00 4.257E-04 2.879E-03 1.248E+03 9.106E-01 5.585E+01 2.000E+00
2.020E+06 5.896E+02 2.131E+00 4.257E-04 5.112E-03 1.494E+03 9.267E-01 5.590E+01 2.000E+00
4.109E+06 5.018E+02 2.229E+00 5.385E-04 1.971E-04 1.640E+03 8.907E-01 5.579E+01 2.000E+00
4.543E+06 5.018E+02 2.229E+00 5.385E-04 1.971E-04 1.640E+03 8.907E-01 5.579E+01 2.000E+00
5.653E+06 5.018E+02 2.229E+00 5.385E-04 1.972E-04 1.643E+03 8.907E-01 5.579E+01 2.000E+00
1.041E+07 5.018E+02 2.229E+00 5.385E-04 1.974E-04 1.642E+03 8.907E-01 5.579E+01 2.000E+00
2.605E+06 9.325E+02 1.812E+00 5.385E-04 1.976E-04 1.239E+03 8.907E-01 5.579E+01 2.000E+00
2.750E+06 9.325E+02 1.812E+00 5.385E-04 1.981E-04 1.240E+03 8.908E-01 5.579E+01 2.000E+00
8.939E+06 5.001E+02 2.231E+00 5.385E-04 1.989E-04 1.643E+03 8.908E-01 5.579E+01 2.000E+00
2.520E+06 6.823E+02 2.025E+00 5.385E-04 2.005E-04 1.397E+03 8.908E-01 5.579E+01 2.000E+00
3.779E+06 4.088E+02 2.354E+00 5.385E-04 2.033E-04 1.889E+03 8.908E-01 5.579E+01 2.000E+00
8.022E+06 9.471E+02 1.801E+00 5.385E-04 2.085E-04 1.232E+03 8.908E-01 5.579E+01 2.000E+00
5.831E+06 8.990E+02 1.836E+00 5.385E-04 2.181E-04 1.254E+03 8.909E-01 5.579E+01 2.000E+00
2.097E+06 4.607E+02 2.282E+00 5.385E-04 2.356E-04 1.732E+03 8.910E-01 5.579E+01 2.000E+00
2.955E+07 3.602E+02 2.426E+00 5.385E-04 2.678E-04 2.106E+03 8.913E-01 5.579E+01 2.000E+00
2.047E+07 5.990E+02 2.113E+00 5.385E-04 3.266E-04 1.486E+03 8.917E-01 5.579E+01 2.000E+00
1.866E+06 3.244E+02 2.480E+00 5.385E-04 4.346E-04 2.352E+03 8.925E-01 5.579E+01 2.000E+00
3.213E+06 4.276E+02 2.329E+00 5.385E-04 6.325E-04 1.823E+03 8.940E-01 5.580E+01 2.000E+00
3.157E+06 7.299E+02 1.980E+00 5.385E-04 9.952E-04 1.364E+03 8.967E-01 5.581E+01 2.000E+00
9.646E+06 9.785E+02 1.780E+00 5.385E-04 1.660E-03 1.220E+03 9.017E-01 5.582E+01 2.000E+00
1.077E+08 9.424E+02 1.806E+00 5.385E-04 2.879E-03 1.236E+03 9.109E-01 5.585E+01 2.000E+00
7.642E+06 5.896E+02 2.131E+00 5.385E-04 5.112E-03 1.494E+03 9.269E-01 5.590E+01 2.000E+00
1.058E+07 4.901E+02 2.244E+00 6.811E-04 1.971E-04 1.664E+03 8.911E-01 5.579E+01 2.000E+00
1.445E+07 4.901E+02 2.244E+00 6.811E-04 1.971E-04 1.664E+03 8.911E-01 5.579E+01 2.000E+00
4.479E+07 4.901E+02 2.244E+00 6.811E-04 1.972E-04 1.664E+03 8.911E-01 5.579E+01 2.000E+00
2.822E+06 5.001E+02 2.231E+00 6.811E-04 1.974E-04 1.643E+03 8.911E-01 5.579E+01 2.000E+00
4.728E+06 5.001E+02 2.231E+00 6.811E-04 1.976E-04 1.644E+03 8.911E-01 5.579E+01 2.000E+00
3.461E+06 4.878E+02 2.247E+00 6.811E-04 1.981E-04 1.669E+03 8.911E-01 5.579E+01 2.000E+00
1.892E+06 6.823E+02 2.025E+00 6.811E-04 1.989E-04 1.397E+03 8.911E-01 5.579E+01 2.000E+00
4.708E+06 2.950E+02 2.524E+00 6.811E-04 2.005E-04 2.649E+03 8.911E-01 5.579E+01 2.000E+00
8.204E+05 2.766E+02 2.551E+00 6.811E-04 2.033E-04 2.926E+03 8.911E-01 5.579E+01 2.000E+00
1.223E+07 9.471E+02 1.801E+00 6.811E-04 2.085E-04 1.233E+03 8.912E-01 5.579E+01 2.000E+00
1.155E+07 8.990E+02 1.836E+00 6.811E-04 2.181E-04 1.254E+03 8.913E-01 5.579E+01 2.000E+00
5.179E+06 6.839E+02 2.023E+00 6.811E-04 2.356E-04 1.395E+03 8.914E-01 5.579E+01 2.000E+00
8.255E+06 8.213E+02 1.898E+00 6.811E-04 2.678E-04 1.295E+03 8.916E-01 5.579E+01 2.000E+00
1.484E+06 4.606E+02 2.283E+00 6.811E-04 3.266E-04 1.732E+03 8.921E-01 5.579E+01 2.000E+00
3.910E+06 3.995E+02 2.368E+00 6.811E-04 4.346E-04 1.923E+03 8.929E-01 5.579E+01 2.000E+00
3.758E+09 7.147E+02 1.994E+00 6.811E-04 6.325E-04 1.369E+03 8.944E-01 5.580E+01 2.000E+00
2.124E+07 7.299E+02 1.980E+00 6.811E-04 9.952E-04 1.357E+03 8.971E-01 5.581E+01 2.000E+00
1.152E+07 9.785E+02 1.780E+00 6.811E-04 1.660E-03 1.220E+03 9.021E-01 5.582E+01 2.000E+00
4.455E+06 4.447E+02 2.310E+00 6.811E-04 2.879E-03 1.766E+03 9.112E-01 5.585E+01 2.000E+00
2.175E+06 6.120E+02 2.105E+00 6.811E-04 5.112E-03 1.467E+03 9.272E-01 5.590E+01 2.000E+00
1.547E+06 6.823E+02 2.025E+00 8.615E-04 1.971E-04 1.398E+03 8.916E-01 5.579E+01 2.000E+00
1.572E+06 6.823E+02 2.025E+00 8.615E-04 1.971E-04 1.397E+03 8.916E-01 5.579E+01 2.000E+00
1.620E+06 6.823E+02 2.025E+00 8.615E-04 1.972E-04 1.397E+03 8.916E-01 5.579E+01 2.000E+00
1.718E+06 6.823E+02 2.025E+00 8.615E-04 1.974E-04 1.397E+03 8.916E-01 5.579E+01 2.000E+00
1.940E+06 6.823E+02 2.025E+00 8.615E-04 1.976E-04 1.397E+03 8.916E-01 5.579E+01 2.000E+00
2.580E+06 6.823E+02 2.025E+00 8.615E-04 1.981E-04 1.397E+03 8.916E-01 5.579E+01 2.000E+00
7.589E+06 2.950E+02 2.524E+00 8.615E-04 1.989E-04 2.649E+03 8.916E-01 5.579E+01 2.000E+00
7.389E+06 9.325E+02 1.812E+00 8.615E-04 2.005E-04 1.238E+03 8.916E-01 5.579E+01 2.000E+00
1.054E+07 3.723E+02 2.407E+00 8.615E-04 2.033E-04 2.043E+03 8.916E-01 5.579E+01 2.000E+00
3.949E+07 9.471E+02 1.801E+00 8.615E-04 2.085E-04 1.233E+03 8.916E-01 5.579E+01 2.000E+00
3.541E+06 8.768E+02 1.854E+00 8.615E-04 2.181E-04 1.265E+03 8.917E-01 5.579E+01 2.000E+00
6.309E+06 5.717E+02 2.144E+00 8.615E-04 2.356E-04 1.527E+03 8.918E-01 5.579E+01 2.000E+00
1.140E+07 9.486E+02 1.800E+00 8.615E-04 2.678E-04 1.234E+03 8.921E-01 5.579E+01 2.000E+00
1.480E+06 5.230E+02 2.202E+00 8.615E-04 3.266E-04 1.599E+03 8.925E-01 5.579E+01 2.000E+00
5.150E+06 8.144E+02 1.904E+00 8.615E-04 4.346E-04 1.299E+03 8.933E-01 5.579E+01 2.000E+00
3.296E+06 7.299E+02 1.979E+00 8.615E-04 6.325E-04 1.357E+03 8.948E-01 5.580E+01 2.000E+00
2.997E+06 7.201E+02 1.989E+00 8.615E-04 9.952E-04 1.365E+03 8.975E-01 5.581E+01 2.000E+00
1.535E+07 9.785E+02 1.780E+00 8.615E-04 1.660E-03 1.221E+03 9.025E-01 5.582E+01 2.000E+00
1.904E+06 7.360E+02 1.976E+00 8.615E-04 2.879E-03 1.353E+03 9.117E-01 5.585E+01 2.000E+00
1.575E+07 8.405E+02 1.887E+00 8.615E-04 5.112E-03 1.289E+03 9.275E-01 5.590E+01 2.000E+00
6.198E+06 6.823E+02 2.025E+00 1.090E-03 1.971E-04 1.397E+03 8.921E-01 5.579E+01 2.000E+00
6.744E+06 6.823E+02 2.025E+00 1.090E-03 1.971E-04 1.397E+03 8.921E-01 5.579E+01 2.000E+00
8.059E+06 6.823E+02 2.025E+00 1.090E-03 1.972E-04 1.397E+03 8.921E-01 5.579E+01 2.000E+00
1.265E+07 6.823E+02 2.025E+00 1.090E-03 1.974E-04 1.397E+03 8.921E-01 5.579E+01 2.000E+00
7.483E+06 6.750E+02 2.032E+00 1.090E-03 1.976E-04 1.404E+03 8.921E-01 5.579E+01 2.000E+00
5.711E+06 9.325E+02 1.812E+00 1.090E-03 1.981E-04 1.239E+03 8.921E-01 5.579E+01 2.000E+00
7.646E+06 9.325E+02 1.812E+00 1.090E-03 1.989E-04 1.239E+03 8.921E-01 5.579E+01 2.000E+00
2.201E+07 9.325E+02 1.812E+00 1.090E-03 2.005E-04 1.239E+03 8.921E-01 5.579E+01 2.000E+00
4.766E+07 9.207E+02 1.820E+00 1.090E-03 2.033E-04 1.244E+03 8.922E-01 5.579E+01 2.000E+00
6.910E+06 9.196E+02 1.821E+00 1.090E-03 2.085E-04 1.244E+03 8.922E-01 5.579E+01 2.000E+00
8.272E+06 8.768E+02 1.854E+00 1.090E-03 2.181E-04 1.265E+03 8.923E-01 5.579E+01 2.000E+00
6.422E+06 5.073E+02 2.222E+00 1.090E-03 2.356E-04 1.629E+03 8.924E-01 5.579E+01 2.000E+00
5.416E+07 9.486E+02 1.800E+00 1.090E-03 2.678E-04 1.232E+03 8.927E-01 5.579E+01 2.000E+00
6.676E+06 5.169E+02 2.210E+00 1.090E-03 3.266E-04 1.611E+03 8.931E-01 5.579E+01 2.000E+00
6.245E+06 5.157E+02 2.212E+00 1.090E-03 4.346E-04 1.822E+03 8.939E-01 5.579E+01 2.000E+00
7.767E+06 7.811E+02 1.933E+00 1.090E-03 6.325E-04 1.321E+03 8.954E-01 5.580E+01 2.000E+00
2.981E+09 3.535E+02 2.438E+00 1.090E-03 9.952E-04 2.138E+03 8.981E-01 5.581E+01 2.000E+00
6.851E+06 9.453E+02 1.803E+00 1.090E-03 1.660E-03 1.234E+03 9.031E-01 5.582E+01 2.000E+00
7.013E+06 7.360E+02 1.976E+00 1.090E-03 2.879E-03 1.353E+03 9.122E-01 5.585E+01 2.000E+00
4.484E+06 6.633E+02 2.050E+00 1.090E-03 5.112E-03 1.413E+03 9.279E-01 5.590E+01 2.000E+00
8.546E+06 9.325E+02 1.812E+00 1.378E-03 1.971E-04 1.239E+03 8.928E-01 5.579E+01 2.000E+00
8.710E+06 9.325E+02 1.812E+00 1.378E-03 1.971E-04 1.239E+03 8.928E-01 5.579E+01 2.000E+00
9.028E+06 9.325E+02 1.812E+00 1.378E-03 1.972E-04 1.239E+03 8.928E-01 5.579E+01 2.000E+00
1.635E+06 3.723E+02 2.407E+00 1.378E-03 1.974E-04 2.043E+03 8.928E-01 5.579E+01 2.000E+00
1.117E+07 9.325E+02 1.812E+00 1.378E-03 1.976E-04 1.239E+03 8.928E-01 5.579E+01 2.000E+00
1.565E+07 9.325E+02 1.812E+00 1.378E-03 1.981E-04 1.239E+03 8.929E-01 5.579E+01 2.000E+00
1.443E+07 3.723E+02 2.407E+00 1.378E-03 1.989E-04 2.043E+03 8.929E-01 5.579E+01 2.000E+00
1.373E+07 9.207E+02 1.820E+00 1.378E-03 2.005E-04 1.247E+03 8.929E-01 5.579E+01 2.000E+00
1.097E+07 9.471E+02 1.801E+00 1.378E-03 2.033E-04 1.233E+03 8.929E-01 5.579E+01 2.000E+00
2.826E+07 4.674E+02 2.273E+00 1.378E-03 2.085E-04 1.717E+03 8.929E-01 5.579E+01 2.000E+00
3.953E+06 6.153E+02 2.095E+00 1.378E-03 2.181E-04 1.466E+03 8.930E-01 5.579E+01 2.000E+00
1.513E+07 4.029E+02 2.363E+00 1.378E-03 2.356E-04 1.911E+03 8.931E-01 5.579E+01 2.000E+00
2.913E+06 9.452E+02 1.802E+00 1.378E-03 2.678E-04 1.235E+03 8.934E-01 5.579E+01 2.000E+00
2.576E+06 4.808E+02 2.256E+00 1.378E-03 3.266E-04 1.684E+03 8.938E-01 5.579E+01 2.000E+00
2.402E+07 8.781E+02 1.853E+00 1.378E-03 4.346E-04 1.264E+03 8.946E-01 5.579E+01 2.000E+00
4.438E+06 4.341E+02 2.320E+00 1.378E-03 6.325E-04 1.804E+03 8.961E-01 5.580E+01 2.000E+00
1.512E+06 4.388E+02 2.314E+00 1.378E-03 9.952E-04 1.789E+03 8.988E-01 5.581E+01 2.000E+00
6.361E+06 5.570E+02 2.163E+00 1.378E-03 1.660E-03 1.542E+03 9.038E-01 5.582E+01 2.000E+00
2.215E+06 6.045E+02 2.110E+00 1.378E-03 2.879E-03 1.478E+03 9.130E-01 5.585E+01 2.000E+00
5.532E+06 6.695E+02 2.044E+00 1.378E-03 5.112E-03 1.408E+03 9.284E-01 5.590E+01 2.000E+00
8.264E+06 9.207E+02 1.820E+00 1.743E-03 1.971E-04 1.244E+03 8.938E-01 5.579E+01 2.000E+00
8.447E+06 9.207E+02 1.820E+00 1.743E-03 1.971E-04 1.247E+03 8.938E-01 5.579E+01 2.000E+00
8.804E+06 9.207E+02 1.820E+00 1.743E-03 1.972E-04 1.244E+03 8.938E-01 5.579E+01 2.000E+00
9.547E+06 9.207E+02 1.820E+00 1.743E-03 1.974E-04 1.412E+03 8.938E-01 5.579E+01 2.000E+00
1.132E+07 9.207E+02 1.820E+00 1.743E-03 1.976E-04 1.244E+03 8.938E-01 5.579E+01 2.000E+00
4.302E+06 3.300E+02 2.471E+00 1.743E-03 1.981E-04 2.310E+03 8.938E-01 5.579E+01 2.000E+00
3.425E+10 9.207E+02 1.820E+00 1.743E-03 1.989E-04 1.244E+03 8.938E-01 5.579E+01 2.000E+00
9.914E+06 9.471E+02 1.801E+00 1.743E-03 2.005E-04 1.232E+03 8.938E-01 5.579E+01 2.000E+00
5.649E+06 9.196E+02 1.821E+00 1.743E-03 2.033E-04 1.245E+03 8.938E-01 5.579E+01 2.000E+00
2.048E+06 2.830E+02 2.542E+00 1.743E-03 2.085E-04 2.818E+03 8.938E-01 5.579E+01 2.000E+00
4.123E+06 8.880E+02 1.845E+00 1.743E-03 2.181E-04 1.259E+03 8.939E-01 5.579E+01 2.000E+00
1.472E+06 4.475E+02 2.300E+00 1.743E-03 2.356E-04 1.767E+03 8.940E-01 5.579E+01 2.000E+00
8.758E+06 2.888E+02 2.533E+00 1.743E-03 2.678E-04 2.731E+03 8.943E-01 5.579E+01 2.000E+00
2.969E+06 3.304E+02 2.471E+00 1.743E-03 3.266E-04 2.299E+03 8.947E-01 5.579E+01 2.000E+00
4.110E+06 8.653E+02 1.863E+00 1.743E-03 4.346E-04 1.271E+03 8.955E-01 5.579E+01 2.000E+00
2.906E+07 8.728E+02 1.857E+00 1.743E-03 6.325E-04 1.270E+03 8.970E-01 5.580E+01 2.000E+00
2.322E+07 5.623E+02 2.156E+00 1.743E-03 9.952E-04 1.536E+03 8.997E-01 5.581E+01 2.000E+00
5.899E+06 6.389E+02 2.071E+00 1.743E-03 1.660E-03 1.439E+03 9.047E-01 5.582E+01 2.000E+00
4.347E+06 5.157E+02 2.216E+00 1.743E-03 2.879E-03 1.609E+03 9.139E-01 5.585E+01 2.000E+00
3.063E+06 7.016E+02 2.012E+00 1.743E-03 5.112E-03 1.380E+03 9.291E-01 5.590E+01 2.000E+00
9.677E+06 9.471E+02 1.801E+00 2.205E-03 1.971E-04 1.233E+03 8.949E-01 5.579E+01 2.000E+00
9.840E+06 9.471E+02 1.801E+00 2.205E-03 1.971E-04 1.233E+03 8.949E-01 5.579E+01 2.000E+00
1.016E+07 9.471E+02 1.801E+00 2.205E-03 1.972E-04 1.233E+03 8.949E-01 5.579E+01 2.000E+00
1.079E+07 9.471E+02 1.801E+00 2.205E-03 1.974E-04 1.233E+03 8.949E-01 5.579E+01 2.000E+00
1.221E+07 9.471E+02 1.801E+00 2.205E-03 1.976E-04 1.233E+03 8.949E-01 5.579E+01 2.000E+00
1.612E+07 9.471E+02 1.801E+00 2.205E-03 1.981E-04 1.232E+03 8.949E-01 5.579E+01 2.000E+00
3.780E+07 6.421E+02 2.066E+00 2.205E-03 1.989E-04 1.437E+03 8.949E-01 5.579E+01 2.000E+00
6.795E+06 9.196E+02 1.821E+00 2.205E-03 2.005E-04 1.245E+03 8.949E-01 5.579E+01 2.000E+00
2.448E+07 9.240E+02 1.818E+00 2.205E-03 2.033E-04 1.243E+03 8.950E-01 5.579E+01 2.000E+00
1.031E+07 3.483E+02 2.443E+00 2.205E-03 2.085E-04 2.177E+03 8.950E-01 5.579E+01 2.000E+00
3.125E+06 4.495E+02 2.298E+00 2.205E-03 2.181E-04 1.762E+03 8.951E-01 5.579E+01 2.000E+00
3.227E+06 3.364E+02 2.461E+00 2.205E-03 2.356E-04 2.256E+03 8.952E-01 5.579E+01 2.000E+00
1.196E+07 7.398E+02 1.970E+00 2.205E-03 2.678E-04 1.350E+03 8.954E-01 5.579E+01 2.000E+00
6.106E+07 7.897E+02 1.925E+00 2.205E-03 3.266E-04 1.315E+03 8.959E-01 5.579E+01 2.000E+00
1.457E+07 8.320E+02 1.890E+00 2.205E-03 4.346E-04 1.289E+03 8.967E-01 5.579E+01 2.000E+00
1.779E+06 3.840E+02 2.391E+00 2.205E-03 6.325E-04 1.986E+03 8.982E-01 5.580E+01 2.000E+00
3.582E+09 7.244E+02 1.985E+00 2.205E-03 9.952E-04 1.362E+03 9.009E-01 5.581E+01 2.000E+00
5.757E+06 9.236E+02 1.819E+00 2.205E-03 1.660E-03 1.244E+03 9.059E-01 5.582E+01 2.000E+00
2.942E+07 7.880E+02 1.929E+00 2.205E-03 2.879E-03 1.317E+03 9.150E-01 5.585E+01 2.000E+00
1.157E+06 6.160E+02 2.101E+00 2.205E-03 5.112E-03 1.463E+03 9.299E-01 5.590E+01 2.000E+00
3.788E+07 4.674E+02 2.273E+00 2.789E-03 1.971E-04 1.716E+03 8.964E-01 5.579E+01 2.000E+00
2.573E+07 4.947E+02 2.238E+00 2.789E-03 1.971E-04 1.655E+03 8.964E-01 5.579E+01 2.000E+00
1.170E+07 9.196E+02 1.821E+00 2.789E-03 1.972E-04 1.246E+03 8.964E-01 5.579E+01 2.000E+00
1.310E+07 9.196E+02 1.821E+00 2.789E-03 1.974E-04 1.245E+03 8.964E-01 5.579E+01 2.000E+00
1.685E+07 9.196E+02 1.821E+00 2.789E-03 1.976E-04 1.245E+03 8.964E-01 5.579E+01 2.000E+00
3.612E+07 9.196E+02 1.821E+00 2.789E-03 1.981E-04 1.245E+03 8.964E-01 5.579E+01 2.000E+00
1.862E+07 9.240E+02 1.818E+00 2.789E-03 1.989E-04 1.243E+03 8.964E-01 5.579E+01 2.000E+00
9.132E+06 8.873E+02 1.845E+00 2.789E-03 2.005E-04 1.260E+03 8.964E-01 5.579E+01 2.000E+00
2.972E+08 3.597E+02 2.426E+00 2.789E-03 2.033E-04 2.110E+03 8.964E-01 5.579E+01 2.000E+00
2.486E+06 8.880E+02 1.845E+00 2.789E-03 2.085E-04 1.260E+03 8.965E-01 5.579E+01 2.000E+00
1.527E+06 6.839E+02 2.023E+00 2.789E-03 2.181E-04 1.396E+03 8.965E-01 5.579E+01 2.000E+00
1.707E+07 9.437E+02 1.803E+00 2.789E-03 2.356E-04 1.234E+03 8.967E-01 5.579E+01 2.000E+00
2.324E+06 5.754E+02 2.140E+00 2.789E-03 2.678E-04 1.519E+03 8.969E-01 5.579E+01 2.000E+00
8.860E+06 8.541E+02 1.872E+00 2.789E-03 3.266E-04 1.278E+03 8.973E-01 5.579E+01 2.000E+00
2.925E+06 8.918E+02 1.842E+00 2.789E-03 4.346E-04 1.258E+03 8.982E-01 5.579E+01 2.000E+00
7.959E+07 3.242E+02 2.481E+00 2.789E-03 6.325E-04 2.345E+03 8.996E-01 5.580E+01 2.000E+00
2.846E+06 4.053E+02 2.361E+00 2.789E-03 9.952E-04 1.909E+03 9.024E-01 5.581E+01 2.000E+00
5.562E+06 3.648E+02 2.423E+00 2.789E-03 1.660E-03 2.072E+03 9.073E-01 5.582E+01 2.000E+00
9.137E+06 6.637E+02 2.047E+00 2.789E-03 2.879E-03 1.414E+03 9.165E-01 5.585E+01 2.000E+00
1.106E+06 4.622E+02 2.290E+00 2.789E-03 5.112E-03 1.715E+03 9.309E-01 5.590E+01 2.000E+00
2.961E+08 3.483E+02 2.443E+00 3.528E-03 1.971E-04 2.177E+03 8.982E-01 5.579E+01 2.000E+00
8.272E+06 8.990E+02 1.836E+00 3.528E-03 1.971E-04 1.255E+03 8.982E-01 5.579E+01 2.000E+00
8.722E+06 8.990E+02 1.836E+00 3.528E-03 1.972E-04 1.262E+03 8.982E-01 5.579E+01 2.000E+00
9.696E+06 8.990E+02 1.836E+00 3.528E-03 1.974E-04 1.256E+03 8.982E-01 5.579E+01 2.000E+00
1.223E+07 8.990E+02 1.836E+00 3.528E-03 1.976E-04 1.268E+03 8.982E-01 5.579E+01 2.000E+00
2.394E+07 8.990E+02 1.836E+00 3.528E-03 1.981E-04 1.255E+03 8.982E-01 5.579E+01 2.000E+00
3.699E+06 8.768E+02 1.854E+00 3.528E-03 1.989E-04 1.266E+03 8.982E-01 5.579E+01 2.000E+00
8.499E+06 8.768E+02 1.854E+00 3.528E-03 2.005E-04 1.266E+03 8.982E-01 5.579E+01 2.000E+00
2.541E+06 8.880E+02 1.845E+00 3.528E-03 2.033E-04 1.302E+03 8.983E-01 5.579E+01 2.000E+00
2.344E+06 6.444E+02 2.064E+00 3.528E-03 2.085E-04 1.435E+03 8.983E-01 5.579E+01 2.000E+00
7.633E+06 3.982E+02 2.370E+00 3.528E-03 2.181E-04 1.947E+03 8.984E-01 5.579E+01 2.000E+00
1.147E+06 3.146E+02 2.494E+00 3.528E-03 2.356E-04 2.435E+03 8.985E-01 5.579E+01 2.000E+00
6.405E+06 4.877E+02 2.247E+00 3.528E-03 2.678E-04 1.669E+03 8.987E-01 5.579E+01 2.000E+00
5.648E+06 2.889E+02 2.533E+00 3.528E-03 3.266E-04 2.728E+03 8.992E-01 5.579E+01 2.000E+00
1.591E+07 7.019E+02 2.006E+00 3.528E-03 4.346E-04 1.380E+03 9.000E-01 5.579E+01 2.000E+00
2.905E+08 6.484E+02 2.060E+00 3.528E-03 6.325E-04 1.430E+03 9.015E-01 5.580E+01 2.000E+00
6.282E+06 9.323E+02 1.812E+00 3.528E-03 9.952E-04 1.240E+03 9.042E-01 5.581E+01 2.000E+00
3.730E+06 8.423E+02 1.882E+00 3.528E-03 1.660E-03 1.285E+03 9.092E-01 5.582E+01 2.000E+00
1.216E+07 9.721E+02 1.785E+00 3.528E-03 2.879E-03 1.225E+03 9.183E-01 5.585E+01 2.000E+00
3.916E+06 8.378E+02 1.889E+00 3.528E-03 5.112E-03 1.289E+03 9.322E-01 5.590E+01 2.000E+00
2.841E+06 8.880E+02 1.845E+00 4.462E-03 1.971E-04 1.260E+03 9.006E-01 5.579E+01 2.000E+00
2.868E+06 8.880E+02 1.845E+00 4.462E-03 1.971E-04 1.260E+03 9.006E-01 5.579E+01 2.000E+00
2.968E+06 8.698E+02 1.859E+00 4.462E-03 1.972E-04 1.269E+03 9.006E-01 5.579E+01 2.000E+00
3.018E+06 5.991E+02 2.113E+00 4.462E-03 1.974E-04 1.487E+03 9.006E-01 5.579E+01 2.000E+00
4.415E+06 5.991E+02 2.113E+00 4.462E-03 1.976E-04 1.487E+03 9.006E-01 5.579E+01 2.000E+00
4.483E+07 5.991E+02 2.113E+00 4.462E-03 1.981E-04 1.487E+03 9.006E-01 5.579E+01 2.000E+00
5.390E+06 8.654E+02 1.862E+00 4.462E-03 1.989E-04 1.272E+03 9.006E-01 5.579E+01 2.000E+00
2.035E+08 8.654E+02 1.862E+00 4.462E-03 2.005E-04 1.272E+03 9.006E-01 5.579E+01 2.000E+00
2.285E+06 6.590E+02 2.048E+00 4.462E-03 2.033E-04 1.420E+03 9.006E-01 5.579E+01 2.000E+00
6.712E+07 5.144E+02 2.213E+00 4.462E-03 2.085E-04 1.616E+03 9.006E-01 5.579E+01 2.000E+00
7.878E+06 4.252E+02 2.331E+00 4.462E-03 2.181E-04 1.839E+03 9.007E-01 5.579E+01 2.000E+00
4.973E+08 9.562E+02 1.795E+00 4.462E-03 2.356E-04 1.229E+03 9.008E-01 5.579E+01 2.000E+00
3.453E+06 7.082E+02 2.000E+00 4.462E-03 2.678E-04 1.375E+03 9.011E-01 5.579E+01 2.000E+00
3.917E+07 4.344E+02 2.319E+00 4.462E-03 3.266E-04 1.805E+03 9.015E-01 5.579E+01 2.000E+00
3.984E+07 5.675E+02 2.149E+00 4.462E-03 4.346E-04 1.529E+03 9.023E-01 5.579E+01 2.000E+00
7.135E+06 7.395E+02 1.970E+00 4.462E-03 6.325E-04 1.354E+03 9.038E-01 5.580E+01 2.000E+00
4.469E+06 6.150E+02 2.096E+00 4.462E-03 9.952E-04 1.467E+03 9.065E-01 5.581E+01 2.000E+00
2.145E+06 3.924E+02 2.382E+00 4.462E-03 1.660E-03 1.945E+03 9.115E-01 5.582E+01 2.000E+00
9.173E+08 7.675E+02 1.947E+00 4.462E-03 2.879E-03 1.331E+03 9.207E-01 5.585E+01 2.000E+00
5.856E+06 8.405E+02 1.887E+00 4.462E-03 5.112E-03 1.291E+03 9.339E-01 5.590E+01 2.000E+00
1.941E+06 6.839E+02 2.023E+00 5.644E-03 1.971E-04 1.403E+03 9.035E-01 5.579E+01 2.000E+00
1.979E+06 6.839E+02 2.023E+00 5.644E-03 1.971E-04 1.397E+03 9.035E-01 5.579E+01 2.000E+00
2.054E+06 6.839E+02 2.023E+00 5.644E-03 1.972E-04 1.397E+03 9.035E-01 5.579E+01 2.000E+00
2.212E+06 6.839E+02 2.023E+00 5.644E-03 1.974E-04 1.396E+03 9.035E-01 5.579E+01 2.000E+00
2.597E+06 6.839E+02 2.023E+00 5.644E-03 1.976E-04 1.398E+03 9.035E-01 5.579E+01 2.000E+00
3.955E+06 6.839E+02 2.023E+00 5.644E-03 1.981E-04 1.397E+03 9.035E-01 5.579E+01 2.000E+00
6.837E+06 5.144E+02 2.213E+00 5.644E-03 1.989E-04 1.616E+03 9.035E-01 5.579E+01 2.000E+00
2.085E+07 4.809E+02 2.256E+00 5.644E-03 2.005E-04 1.685E+03 9.035E-01 5.579E+01 2.000E+00
4.955E+06 5.601E+02 2.157E+00 5.644E-03 2.033E-04 1.540E+03 9.036E-01 5.579E+01 2.000E+00
3.419E+06 4.281E+02 2.327E+00 5.644E-03 2.085E-04 1.825E+03 9.036E-01 5.579E+01 2.000E+00
2.852E+07 2.708E+02 2.560E+00 5.644E-03 2.181E-04 3.036E+03 9.037E-01 5.579E+01 2.000E+00
7.717E+06 3.441E+02 2.450E+00 5.644E-03 2.356E-04 2.204E+03 9.038E-01 5.579E+01 2.000E+00
7.423E+07 8.071E+02 1.910E+00 5.644E-03 2.678E-04 1.305E+03 9.040E-01 5.579E+01 2.000E+00
2.861E+08 8.883E+02 1.845E+00 5.644E-03 3.266E-04 1.262E+03 9.045E-01 5.579E+01 2.000E+00
1.832E+06 5.957E+02 2.117E+00 5.644E-03 4.346E-04 1.491E+03 9.053E-01 5.579E+01 2.000E+00
1.237E+07 3.032E+02 2.513E+00 5.644E-03 6.325E-04 2.545E+03 9.068E-01 5.580E+01 2.000E+00
1.073E+07 3.836E+02 2.393E+00 5.644E-03 9.952E-04 1.986E+03 9.095E-01 5.581E+01 2.000E+00
3.215E+06 8.257E+02 1.896E+00 5.644E-03 1.660E-03 1.294E+03 9.145E-01 5.582E+01 2.000E+00
3.504E+07 6.906E+02 2.020E+00 5.644E-03 2.879E-03 1.390E+03 9.236E-01 5.585E+01 2.000E+00
4.819E+06 9.249E+02 1.821E+00 5.644E-03 5.112E-03 1.247E+03 9.360E-01 5.590E+01 2.000E+00
2.780E+06 9.437E+02 1.803E+00 7.139E-03 1.971E-04 1.235E+03 9.072E-01 5.579E+01 2.000E+00
2.791E+06 9.437E+02 1.803E+00 7.139E-03 1.971E-04 1.241E+03 9.072E-01 5.579E+01 2.000E+00
2.813E+06 9.437E+02 1.803E+00 7.139E-03 1.972E-04 1.235E+03 9.072E-01 5.579E+01 2.000E+00
2.853E+06 9.437E+02 1.803E+00 7.139E-03 1.974E-04 1.258E+03 9.072E-01 5.579E+01 2.000E+00
3.684E+06 3.011E+02 2.515E+00 7.139E-03 1.976E-04 2.576E+03 9.072E-01 5.579E+01 2.000E+00
2.048E+06 3.009E+02 2.515E+00 7.139E-03 1.981E-04 2.579E+03 9.073E-01 5.579E+01 2.000E+00
6.797E+06 7.882E+02 1.926E+00 7.139E-03 1.989E-04 1.317E+03 9.073E-01 5.579E+01 2.000E+00
3.522E+06 5.159E+02 2.211E+00 7.139E-03 2.005E-04 1.614E+03 9.073E-01 5.579E+01 2.000E+00
1.784E+06 2.708E+02 2.560E+00 7.139E-03 2.033E-04 3.036E+03 9.073E-01 5.579E+01 2.000E+00
3.735E+06 9.562E+02 1.795E+00 7.139E-03 2.085E-04 1.230E+03 9.073E-01 5.579E+01 2.000E+00
2.106E+07 8.538E+02 1.872E+00 7.139E-03 2.181E-04 1.278E+03 9.074E-01 5.579E+01 2.000E+00
2.094E+06 9.362E+02 1.809E+00 7.139E-03 2.356E-04 1.238E+03 9.075E-01 5.579E+01 2.000E+00
3.429E+06 3.245E+02 2.479E+00 7.139E-03 2.678E-04 2.348E+03 9.078E-01 5.579E+01 2.000E+00
1.483E+07 3.458E+02 2.447E+00 7.139E-03 3.266E-04 2.192E+03 9.082E-01 5.579E+01 2.000E+00
1.233E+06 7.896E+02 1.925E+00 7.139E-03 4.346E-04 1.316E+03 9.090E-01 5.579E+01 2.000E+00
7.078E+06 6.549E+02 2.053E+00 7.139E-03 6.325E-04 1.424E+03 9.105E-01 5.580E+01 2.000E+00
1.275E+07 5.565E+02 2.163E+00 7.139E-03 9.952E-04 1.545E+03 9.132E-01 5.581E+01 2.000E+00
7.340E+06 6.106E+02 2.102E+00 7.139E-03 1.660E-03 1.473E+03 9.182E-01 5.582E+01 2.000E+00
4.218E+06 5.275E+02 2.201E+00 7.139E-03 2.879E-03 1.589E+03 9.274E-01 5.585E+01 2.000E+00
7.280E+05 2.613E+02 2.593E+00 7.139E-03 5.112E-03 3.084E+03 9.387E-01 5.590E+01 2.000E+00
4.935E+06 9.562E+02 1.794E+00 9.029E-03 1.971E-04 1.236E+03 9.120E-01 5.579E+01 2.000E+00
4.967E+06 9.562E+02 1.794E+00 9.029E-03 1.971E-04 1.230E+03 9.120E-01 5.579E+01 2.000E+00
5.026E+06 9.562E+02 1.794E+00 9.029E-03 1.972E-04 1.230E+03 9.120E-01 5.579E+01 2.000E+00
5.140E+06 9.562E+02 1.794E+00 9.029E-03 1.974E-04 1.247E+03 9.120E-01 5.579E+01 2.000E+00
5.363E+06 9.562E+02 1.794E+00 9.029E-03 1.976E-04 1.230E+03 9.120E-01 5.579E+01 2.000E+00
5.830E+06 9.562E+02 1.795E+00 9.029E-03 1.981E-04 1.230E+03 9.120E-01 5.579E+01 2.000E+00
5.561E+06 7.276E+02 1.981E+00 9.029E-03 1.989E-04 1.361E+03 9.120E-01 5.579E+01 2.000E+00
1.208E+07 7.302E+02 1.979E+00 9.029E-03 2.005E-04 1.358E+03 9.120E-01 5.579E+01 2.000E+00
3.224E+06 9.486E+02 1.800E+00 9.029E-03 2.033E-04 1.234E+03 9.120E-01 5.579E+01 2.000E+00
8.618E+06 9.486E+02 1.800E+00 9.029E-03 2.085E-04 1.237E+03 9.121E-01 5.579E+01 2.000E+00
5.752E+06 6.896E+02 2.018E+00 9.029E-03 2.181E-04 1.392E+03 9.121E-01 5.579E+01 2.000E+00
5.448E+06 7.938E+02 1.922E+00 9.029E-03 2.356E-04 1.314E+03 9.123E-01 5.579E+01 2.000E+00
1.705E+06 3.966E+02 2.372E+00 9.029E-03 2.678E-04 1.937E+03 9.125E-01 5.579E+01 2.000E+00
5.634E+06 7.693E+02 1.943E+00 9.029E-03 3.266E-04 1.331E+03 9.129E-01 5.579E+01 2.000E+00
4.903E+06 8.022E+02 1.915E+00 9.029E-03 4.346E-04 1.309E+03 9.138E-01 5.579E+01 2.000E+00
6.652E+06 9.235E+02 1.819E+00 9.029E-03 6.325E-04 1.245E+03 9.152E-01 5.580E+01 2.000E+00
1.499E+06 5.510E+02 2.169E+00 9.029E-03 9.952E-04 1.554E+03 9.180E-01 5.581E+01 2.000E+00
5.898E+06 4.793E+02 2.261E+00 9.029E-03 1.660E-03 1.686E+03 9.229E-01 5.582E+01 2.000E+00
1.352E+08 2.557E+02 2.592E+00 9.029E-03 2.879E-03 3.296E+03 9.321E-01 5.585E+01 2.000E+00
5.411E+06 7.167E+02 1.997E+00 9.029E-03 5.112E-03 1.369E+03 9.420E-01 5.590E+01 2.000E+00
6.829E+06 5.906E+02 2.122E+00 1.142E-02 1.971E-04 1.499E+03 9.179E-01 5.579E+01 2.000E+00
7.818E+06 5.906E+02 2.122E+00 1.142E-02 1.971E-04 1.499E+03 9.179E-01 5.579E+01 2.000E+00
1.068E+07 5.906E+02 2.122E+00 1.142E-02 1.972E-04 1.499E+03 9.179E-01 5.579E+01 2.000E+00
3.378E+07 5.906E+02 2.122E+00 1.142E-02 1.974E-04 1.499E+03 9.179E-01 5.579E+01 2.000E+00
4.020E+07 6.145E+02 2.096E+00 1.142E-02 1.976E-04 1.470E+03 9.179E-01 5.579E+01 2.000E+00
5.552E+06 7.543E+02 1.956E+00 1.142E-02 1.981E-04 1.342E+03 9.180E-01 5.579E+01 2.000E+00
1.706E+07 7.448E+02 1.965E+00 1.142E-02 1.989E-04 1.348E+03 9.180E-01 5.579E+01 2.000E+00
1.576E+07 6.896E+02 2.018E+00 1.142E-02 2.005E-04 1.394E+03 9.180E-01 5.579E+01 2.000E+00
2.686E+07 9.452E+02 1.802E+00 1.142E-02 2.033E-04 1.236E+03 9.180E-01 5.579E+01 2.000E+00
3.015E+06 9.362E+02 1.809E+00 1.142E-02 2.085E-04 1.240E+03 9.180E-01 5.579E+01 2.000E+00
1.289E+07 4.765E+02 2.261E+00 1.142E-02 2.181E-04 1.696E+03 9.181E-01 5.579E+01 2.000E+00
5.160E+06 4.494E+02 2.298E+00 1.142E-02 2.356E-04 1.763E+03 9.182E-01 5.579E+01 2.000E+00
3.512E+07 8.487E+02 1.876E+00 1.142E-02 2.678E-04 1.282E+03 9.185E-01 5.579E+01 2.000E+00
4.236E+07 7.397E+02 1.970E+00 1.142E-02 3.266E-04 1.352E+03 9.189E-01 5.579E+01 2.000E+00
3.378E+07 3.106E+02 2.501E+00 1.142E-02 4.346E-04 2.472E+03 9.197E-01 5.579E+01 2.000E+00
2.113E+07 6.657E+02 2.042E+00 1.142E-02 6.325E-04 1.415E+03 9.212E-01 5.580E+01 2.000E+00
1.633E+06 4.466E+02 2.303E+00 1.142E-02 9.952E-04 1.769E+03 9.239E-01 5.581E+01 2.000E+00
1.351E+06 6.782E+02 2.031E+00 1.142E-02 1.660E-03 1.403E+03 9.289E-01 5.582E+01 2.000E+00
3.782E+06 5.348E+02 2.192E+00 1.142E-02 2.879E-03 1.578E+03 9.381E-01 5.585E+01 2.000E+00
4.585E+06 4.166E+02 2.355E+00 1.142E-02 5.112E-03 1.844E+03 9.463E-01 5.590E+01 2.000E+00
2.149E+06 7.960E+02 1.920E+00 1.445E-02 1.971E-04 1.314E+03 9.255E-01 5.579E+01 2.000E+00
2.178E+06 7.960E+02 1.920E+00 1.445E-02 1.971E-04 1.336E+03 9.255E-01 5.579E+01 2.000E+00
2.233E+06 7.960E+02 1.920E+00 1.445E-02 1.972E-04 1.314E+03 9.255E-01 5.579E+01 2.000E+00
2.343E+06 7.960E+02 1.920E+00 1.445E-02 1.974E-04 1.345E+03 9.255E-01 5.579E+01 2.000E+00
2.581E+06 7.960E+02 1.920E+00 1.445E-02 1.976E-04 1.321E+03 9.255E-01 5.579E+01 2.000E+00
3.198E+06 7.960E+02 1.920E+00 1.445E-02 1.981E-04 1.314E+03 9.255E-01 5.579E+01 2.000E+00
6.026E+06 7.960E+02 1.920E+00 1.445E-02 1.989E-04 1.314E+03 9.255E-01 5.579E+01 2.000E+00
4.817E+06 5.423E+02 2.179E+00 1.445E-02 2.005E-04 1.570E+03 9.255E-01 5.579E+01 2.000E+00
2.961E+06 3.538E+02 2.435E+00 1.445E-02 2.033E-04 2.147E+03 9.256E-01 5.579E+01 2.000E+00
1.550E+08 8.001E+02 1.916E+00 1.445E-02 2.085E-04 1.312E+03 9.256E-01 5.579E+01 2.000E+00
9.105E+06 6.105E+02 2.100E+00 1.445E-02 2.181E-04 1.475E+03 9.257E-01 5.579E+01 2.000E+00
8.495E+06 5.158E+02 2.211E+00 1.445E-02 2.356E-04 1.615E+03 9.258E-01 5.579E+01 2.000E+00
3.270E+06 9.054E+02 1.832E+00 1.445E-02 2.678E-04 1.254E+03 9.261E-01 5.579E+01 2.000E+00
1.240E+06 5.207E+02 2.205E+00 1.445E-02 3.266E-04 1.606E+03 9.265E-01 5.579E+01 2.000E+00
1.149E+07 9.944E+02 1.768E+00 1.445E-02 4.346E-04 1.217E+03 9.273E-01 5.579E+01 2.000E+00
1.806E+07 6.881E+02 2.020E+00 1.445E-02 6.325E-04 1.395E+03 9.288E-01 5.580E+01 2.000E+00
1.246E+06 4.189E+02 2.342E+00 1.445E-02 9.952E-04 1.853E+03 9.315E-01 5.581E+01 2.000E+00
3.577E+07 8.534E+02 1.873E+00 1.445E-02 1.660E-03 1.283E+03 9.365E-01 5.582E+01 2.000E+00
3.016E+07 8.991E+02 1.839E+00 1.445E-02 2.879E-03 1.259E+03 9.437E-01 5.585E+01 2.000E+00
3.624E+06 7.072E+02 2.006E+00 1.445E-02 5.112E-03 1.381E+03 9.517E-01 5.590E+01 2.000E+00
2.739E+07 4.313E+02 2.323E+00 1.827E-02 1.971E-04 1.817E+03 9.351E-01 5.579E+01 2.000E+00
1.367E+08 4.313E+02 2.323E+00 1.827E-02 1.971E-04 1.817E+03 9.351E-01 5.579E+01 2.000E+00
4.587E+06 4.251E+02 2.331E+00 1.827E-02 1.972E-04 1.837E+03 9.351E-01 5.579E+01 2.000E+00
8.163E+06 4.251E+02 2.331E+00 1.827E-02 1.974E-04 1.993E+03 9.351E-01 5.579E+01 2.000E+00
3.436E+06 4.280E+02 2.327E+00 1.827E-02 1.976E-04 1.827E+03 9.351E-01 5.579E+01 2.000E+00
1.352E+08 5.681E+02 2.148E+00 1.827E-02 1.981E-04 1.532E+03 9.351E-01 5.579E+01 2.000E+00
2.427E+06 3.363E+02 2.461E+00 1.827E-02 1.989E-04 2.259E+03 9.351E-01 5.579E+01 2.000E+00
1.779E+06 7.810E+02 1.933E+00 1.827E-02 2.005E-04 1.324E+03 9.351E-01 5.579E+01 2.000E+00
2.960E+06 6.547E+02 2.053E+00 1.827E-02 2.033E-04 1.427E+03 9.351E-01 5.579E+01 2.000E+00
3.114E+08 7.897E+02 1.925E+00 1.827E-02 2.085E-04 1.319E+03 9.352E-01 5.579E+01 2.000E+00
1.165E+09 8.487E+02 1.876E+00 1.827E-02 2.181E-04 1.284E+03 9.352E-01 5.579E+01 2.000E+00
1.572E+06 3.540E+02 2.435E+00 1.827E-02 2.356E-04 2.144E+03 9.354E-01 5.579E+01 2.000E+00
1.452E+06 7.791E+02 1.934E+00 1.827E-02 2.678E-04 1.332E+03 9.356E-01 5.579E+01 2.000E+00
1.564E+07 6.944E+02 2.013E+00 1.827E-02 3.266E-04 1.390E+03 9.360E-01 5.579E+01 2.000E+00
1.071E+08 9.739E+02 1.782E+00 1.827E-02 4.346E-04 1.226E+03 9.368E-01 5.579E+01 2.000E+00
6.060E+06 9.696E+02 1.785E+00 1.827E-02 6.325E-04 1.228E+03 9.383E-01 5.580E+01 2.000E+00
4.073E+06 7.106E+02 1.998E+00 1.827E-02 9.952E-04 1.377E+03 9.411E-01 5.581E+01 2.000E+00
3.425E+06 4.024E+02 2.367E+00 1.827E-02 1.660E-03 2.032E+03 9.460E-01 5.582E+01 2.000E+00
1.416E+07 4.917E+02 2.247E+00 1.827E-02 2.879E-03 1.659E+03 9.505E-01 5.585E+01 2.000E+00
7.065E+06 4.688E+02 2.281E+00 1.827E-02 5.112E-03 1.703E+03 9.585E-01 5.590E+01 2.000E+00
3.359E+06 8.883E+02 1.845E+00 2.311E-02 1.971E-04 1.265E+03 9.472E-01 5.579E+01 2.000E+00
3.397E+06 8.883E+02 1.845E+00 2.311E-02 1.971E-04 1.265E+03 9.472E-01 5.579E+01 2.000E+00
3.469E+06 8.883E+02 1.845E+00 2.311E-02 1.972E-04 1.269E+03 9.472E-01 5.579E+01 2.000E+00
3.612E+06 8.883E+02 1.845E+00 2.311E-02 1.974E-04 1.265E+03 9.472E-01 5.579E+01 2.000E+00
5.840E+06 2.768E+02 2.551E+00 2.311E-02 1.976E-04 2.922E+03 9.472E-01 5.579E+01 2.000E+00
4.621E+06 8.883E+02 1.845E+00 2.311E-02 1.981E-04 1.404E+03 9.472E-01 5.579E+01 2.000E+00
7.089E+06 8.883E+02 1.845E+00 2.311E-02 1.989E-04 1.265E+03 9.472E-01 5.579E+01 2.000E+00
1.667E+06 3.067E+02 2.506E+00 2.311E-02 2.005E-04 2.516E+03 9.472E-01 5.579E+01 2.000E+00
5.255E+06 5.831E+02 2.131E+00 2.311E-02 2.033E-04 1.512E+03 9.472E-01 5.579E+01 2.000E+00
1.518E+07 9.054E+02 1.832E+00 2.311E-02 2.085E-04 1.256E+03 9.473E-01 5.579E+01 2.000E+00
4.231E+07 9.159E+02 1.824E+00 2.311E-02 2.181E-04 1.252E+03 9.473E-01 5.579E+01 2.000E+00
1.354E+07 7.791E+02 1.934E+00 2.311E-02 2.356E-04 1.327E+03 9.475E-01 5.579E+01 2.000E+00
2.091E+06 4.875E+02 2.247E+00 2.311E-02 2.678E-04 1.674E+03 9.477E-01 5.579E+01 2.000E+00
1.016E+07 6.577E+02 2.050E+00 2.311E-02 3.266E-04 1.426E+03 9.481E-01 5.579E+01 2.000E+00
9.959E+06 4.737E+02 2.266E+00 2.311E-02 4.346E-04 1.704E+03 9.489E-01 5.579E+01 2.000E+00
4.675E+06 9.485E+02 1.800E+00 2.311E-02 6.325E-04 1.238E+03 9.504E-01 5.580E+01 2.000E+00
4.915E+06 8.698E+02 1.860E+00 2.311E-02 9.952E-04 1.274E+03 9.524E-01 5.581E+01 2.000E+00
1.701E+06 6.303E+02 2.081E+00 2.311E-02 1.660E-03 1.454E+03 9.548E-01 5.582E+01 2.000E+00
1.097E+07 3.938E+02 2.383E+00 2.311E-02 2.879E-03 1.940E+03 9.592E-01 5.585E+01 2.000E+00
7.600E+06 6.360E+02 2.079E+00 2.311E-02 5.112E-03 1.447E+03 9.671E-01 5.590E+01 2.000E+00
2.502E+07 4.473E+02 2.301E+00 2.923E-02 1.971E-04 1.773E+03 9.605E-01 5.579E+01 2.000E+00
8.547E+07 4.473E+02 2.301E+00 2.923E-02 1.971E-04 1.773E+03 9.605E-01 5.579E+01 2.000E+00
8.639E+06 5.086E+02 2.220E+00 2.923E-02 1.972E-04 1.632E+03 9.605E-01 5.579E+01 2.000E+00
2.889E+07 5.086E+02 2.220E+00 2.923E-02 1.974E-04 1.632E+03 9.605E-01 5.579E+01 2.000E+00
8.775E+06 7.953E+02 1.920E+00 2.923E-02 1.976E-04 1.318E+03 9.605E-01 5.579E+01 2.000E+00
3.370E+07 3.121E+02 2.498E+00 2.923E-02 1.981E-04 2.463E+03 9.605E-01 5.579E+01 2.000E+00
1.089E+07 4.863E+02 2.249E+00 2.923E-02 1.989E-04 1.678E+03 9.605E-01 5.579E+01 2.000E+00
4.112E+06 6.419E+02 2.066E+00 2.923E-02 2.005E-04 1.443E+03 9.605E-01 5.579E+01 2.000E+00
3.450E+06 5.989E+02 2.113E+00 2.923E-02 2.033E-04 1.492E+03 9.605E-01 5.579E+01 2.000E+00
6.143E+06 4.093E+02 2.354E+00 2.923E-02 2.085E-04 1.892E+03 9.605E-01 5.579E+01 2.000E+00
1.052E+07 8.330E+02 1.889E+00 2.923E-02 2.181E-04 1.295E+03 9.606E-01 5.579E+01 2.000E+00
5.395E+06 8.653E+02 1.863E+00 2.923E-02 2.356E-04 1.278E+03 9.606E-01 5.579E+01 2.000E+00
1.048E+07 9.948E+02 1.768E+00 2.923E-02 2.678E-04 1.241E+03 9.608E-01 5.579E+01 2.000E+00
2.003E+07 7.586E+02 1.953E+00 2.923E-02 3.266E-04 1.342E+03 9.610E-01 5.579E+01 2.000E+00
1.078E+08 5.330E+02 2.190E+00 2.923E-02 4.346E-04 1.588E+03 9.614E-01 5.579E+01 2.000E+00
1.163E+07 7.947E+02 1.921E+00 2.923E-02 6.325E-04 1.318E+03 9.621E-01 5.580E+01 2.000E+00
9.836E+06 6.309E+02 2.079E+00 2.923E-02 9.952E-04 1.454E+03 9.633E-01 5.581E+01 2.000E+00
1.793E+07 8.643E+02 1.865E+00 2.923E-02 1.660E-03 1.280E+03 9.657E-01 5.582E+01 2.000E+00
1.792E+07 3.815E+02 2.401E+00 2.923E-02 2.879E-03 1.989E+03 9.701E-01 5.585E+01 2.000E+00
1.510E+07 5.962E+02 2.123E+00 2.923E-02 5.112E-03 1.493E+03 9.780E-01 5.590E+01 2.000E+00
3.120E+08 4.671E+02 2.274E+00 3.697E-02 1.971E-04 1.723E+03 9.743E-01 5.579E+01 2.000E+00
7.138E+06 8.070E+02 1.910E+00 3.697E-02 1.971E-04 1.313E+03 9.743E-01 5.579E+01 2.000E+00
1.521E+06 2.886E+02 2.534E+00 3.697E-02 1.972E-04 2.851E+03 9.743E-01 5.579E+01 2.000E+00
9.695E+06 8.070E+02 1.910E+00 3.697E-02 1.974E-04 1.312E+03 9.743E-01 5.579E+01 2.000E+00
1.717E+07 8.070E+02 1.910E+00 3.697E-02 1.976E-04 1.313E+03 9.743E-01 5.579E+01 2.000E+00
1.208E+07 2.767E+02 2.551E+00 3.697E-02 1.981E-04 2.925E+03 9.743E-01 5.579E+01 2.000E+00
2.509E+06 6.069E+02 2.104E+00 3.697E-02 1.989E-04 1.484E+03 9.743E-01 5.579E+01 2.000E+00
8.848E+06 4.944E+02 2.238E+00 3.697E-02 2.005E-04 1.662E+03 9.743E-01 5.579E+01 2.000E+00
7.597E+06 9.948E+02 1.768E+00 3.697E-02 2.033E-04 1.222E+03 9.743E-01 5.579E+01 2.000E+00
8.974E+06 9.948E+02 1.768E+00 3.697E-02 2.085E-04 1.222E+03 9.743E-01 5.579E+01 2.000E+00
2.602E+06 7.896E+02 1.925E+00 3.697E-02 2.181E-04 1.324E+03 9.744E-01 5.579E+01 2.000E+00
4.792E+06 6.927E+02 2.015E+00 3.697E-02 2.356E-04 1.396E+03 9.744E-01 5.579E+01 2.000E+00
2.243E+07 9.782E+02 1.779E+00 3.697E-02 2.678E-04 1.229E+03 9.745E-01 5.579E+01 2.000E+00
1.494E+06 2.705E+02 2.561E+00 3.697E-02 3.266E-04 3.043E+03 9.747E-01 5.579E+01 2.000E+00
1.082E+07 5.596E+02 2.158E+00 3.697E-02 4.346E-04 1.548E+03 9.751E-01 5.579E+01 2.000E+00
4.647E+06 2.884E+02 2.535E+00 3.697E-02 6.325E-04 2.731E+03 9.758E-01 5.580E+01 2.000E+00
2.017E+06 3.118E+02 2.501E+00 3.697E-02 9.952E-04 2.455E+03 9.771E-01 5.581E+01 2.000E+00
1.915E+06 2.634E+02 2.577E+00 3.697E-02 1.660E-03 3.147E+03 9.795E-01 5.582E+01 2.000E+00
1.073E+07 6.179E+02 2.096E+00 3.697E-02 2.879E-03 1.470E+03 9.838E-01 5.585E+01 2.000E+00
2.623E+06 5.431E+02 2.186E+00 3.697E-02 5.112E-03 1.568E+03 9.887E-01 5.590E+01 2.000E+00
5.147E+06 6.056E+02 2.106E+00 4.677E-02 1.971E-04 1.488E+03 9.917E-01 5.579E+01 2.000E+00
5.648E+06 6.056E+02 2.106E+00 4.677E-02 1.971E-04 1.526E+03 9.917E-01 5.579E+01 2.000E+00
6.891E+06 6.056E+02 2.106E+00 4.677E-02 1.972E-04 1.488E+03 9.917E-01 5.579E+01 2.000E+00
1.169E+07 6.056E+02 2.106E+00 4.677E-02 1.974E-04 1.488E+03 9.917E-01 5.579E+01 2.000E+00
9.384E+07 5.908E+02 2.122E+00 4.677E-02 1.976E-04 1.507E+03 9.917E-01 5.579E+01 2.000E+00
4.693E+06 6.485E+02 2.059E+00 4.677E-02 1.981E-04 1.440E+03 9.917E-01 5.579E+01 2.000E+00
4.373E+07 7.592E+02 1.952E+00 4.677E-02 1.989E-04 1.346E+03 9.917E-01 5.579E+01 2.000E+00
7.423E+06 5.674E+02 2.149E+00 4.677E-02 2.005E-04 1.540E+03 9.918E-01 5.579E+01 2.000E+00
3.703E+06 8.389E+02 1.884E+00 4.677E-02 2.033E-04 1.296E+03 9.918E-01 5.579E+01 2.000E+00
6.784E+06 8.540E+02 1.872E+00 4.677E-02 2.085E-04 1.288E+03 9.918E-01 5.579E+01 2.000E+00
3.786E+07 9.944E+02 1.768E+00 4.677E-02 2.181E-04 1.225E+03 9.918E-01 5.579E+01 2.000E+00
5.736E+06 4.133E+02 2.348E+00 4.677E-02 2.356E-04 1.881E+03 9.919E-01 5.579E+01 2.000E+00
2.756E+06 8.382E+02 1.884E+00 4.677E-02 2.678E-04 1.297E+03 9.920E-01 5.579E+01 2.000E+00
4.220E+07 7.691E+02 1.943E+00 4.677E-02 3.266E-04 1.340E+03 9.922E-01 5.579E+01 2.000E+00
3.725E+07 9.696E+02 1.785E+00 4.677E-02 4.346E-04 1.235E+03 9.926E-01 5.579E+01 2.000E+00
7.196E+06 4.382E+02 2.314E+00 4.677E-02 6.325E-04 1.801E+03 9.933E-01 5.580E+01 2.000E+00
1.966E+07 9.484E+02 1.801E+00 4.677E-02 9.952E-04 1.245E+03 9.941E-01 5.581E+01 2.000E+00
3.646E+06 7.749E+02 1.940E+00 4.677E-02 1.660E-03 1.337E+03 9.947E-01 5.582E+01 2.000E+00
4.041E+06 4.180E+02 2.348E+00 4.677E-02 2.879E-03 1.855E+03 9.959E-01 5.585E+01 2.000E+00
4.298E+06 7.070E+02 2.006E+00 4.677E-02 5.112E-03 1.394E+03 9.980E-01 5.590E+01 2.000E+00
6.079E+07 7.204E+02 1.988E+00 5.915E-02 1.971E-04 1.378E+03 1.000E+00 5.579E+01 0.000E+00
2.185E+08 7.204E+02 1.988E+00 5.915E-02 1.971E-04 1.378E+03 1.000E+00 5.579E+01 0.000E+00
1.136E+07 3.718E+02 2.409E+00 5.915E-02 1.972E-04 2.056E+03 1.000E+00 5.579E+01 0.000E+00
5.638E+06 8.319E+02 1.890E+00 5.915E-02 1.974E-04 1.303E+03 1.000E+00 5.579E+01 0.000E+00
7.090E+06 8.319E+02 1.890E+00 5.915E-02 1.976E-04 1.303E+03 1.000E+00 5.579E+01 0.000E+00
1.384E+07 8.319E+02 1.890E+00 5.915E-02 1.981E-04 1.303E+03 1.000E+00 5.579E+01 0.000E+00
2.365E+07 6.746E+02 2.033E+00 5.915E-02 1.989E-04 1.474E+03 1.000E+00 5.579E+01 0.000E+00
2.197E+06 4.542E+02 2.291E+00 5.915E-02 2.005E-04 1.762E+03 1.000E+00 5.579E+01 0.000E+00
2.846E+06 7.811E+02 1.933E+00 5.915E-02 2.033E-04 1.334E+03 1.000E+00 5.579E+01 0.000E+00
2.561E+06 6.484E+02 2.060E+00 5.915E-02 2.085E-04 1.443E+03 1.000E+00 5.579E+01 0.000E+00
1.009E+06 8.683E+02 1.860E+00 5.915E-02 2.181E-04 1.284E+03 1.000E+00 5.579E+01 0.000E+00
6.461E+07 4.736E+02 2.266E+00 5.915E-02 2.356E-04 1.712E+03 1.000E+00 5.579E+01 0.000E+00
2.185E+06 5.986E+02 2.113E+00 5.915E-02 2.678E-04 1.500E+03 1.000E+00 5.579E+01 0.000E+00
1.510E+07 6.000E+02 2.112E+00 5.915E-02 3.266E-04 1.498E+03 1.000E+00 5.579E+01 0.000E+00
1.620E+07 8.874E+02 1.846E+00 5.915E-02 4.346E-04 1.275E+03 1.000E+00 5.579E+01 0.000E+00
1.380E+07 7.098E+02 1.999E+00 5.915E-02 6.325E-04 1.388E+03 1.000E+00 5.580E+01 0.000E+00
1.155E+06 4.103E+02 2.354E+00 5.915E-02 9.952E-04 1.891E+03 1.000E+00 5.581E+01 0.000E+00
7.078E+06 8.969E+02 1.839E+00 5.915E-02 1.660E-03 1.272E+03 1.000E+00 5.582E+01 0.000E+00
4.282E+06 6.205E+02 2.093E+00 5.915E-02 2.879E-03 1.475E+03 1.000E+00 5.585E+01 0.000E+00
2.500E+06 5.321E+02 2.199E+00 5.915E-02 5.112E-03 1.591E+03 1.000E+00 5.590E+01 0.000E+00
4.197E+06 4.803E+02 2.257E+00 7.482E-02 1.971E-04 1.701E+03 1.000E+00 5.579E+01 0.000E+00
4.683E+06 4.803E+02 2.257E+00 7.482E-02 1.971E-04 1.701E+03 1.000E+00 5.579E+01 0.000E+00
5.965E+06 4.803E+02 2.257E+00 7.482E-02 1.972E-04 1.701E+03 1.000E+00 5.579E+01 0.000E+00
1.220E+07 4.803E+02 2.257E+00 7.482E-02 1.974E-04 1.700E+03 1.000E+00 5.579E+01 0.000E+00
2.490E+06 6.288E+02 2.080E+00 7.482E-02 1.976E-04 1.470E+03 1.000E+00 5.579E+01 0.000E+00
4.305E+06 6.288E+02 2.080E+00 7.482E-02 1.981E-04 1.468E+03 1.000E+00 5.579E+01 0.000E+00
6.371E+06 5.445E+02 2.176E+00 7.482E-02 1.989E-04 1.580E+03 1.000E+00 5.579E+01 0.000E+00
4.149E+06 7.203E+02 1.988E+00 7.482E-02 2.005E-04 1.382E+03 1.000E+00 5.579E+01 0.000E+00
2.563E+06 8.590E+02 1.868E+00 7.482E-02 2.033E-04 1.293E+03 1.000E+00 5.579E+01 0.000E+00
1.118E+07 9.638E+02 1.789E+00 7.482E-02 2.085E-04 1.245E+03 1.000E+00 5.579E+01 0.000E+00
6.823E+06 9.588E+02 1.793E+00 7.482E-02 2.181E-04 1.681E+03 1.000E+00 5.579E+01 0.000E+00
1.055E+08 6.313E+02 2.078E+00 7.482E-02 2.356E-04 1.465E+03 1.000E+00 5.579E+01 0.000E+00
1.323E+07 4.940E+02 2.239E+00 7.482E-02 2.678E-04 1.671E+03 1.000E+00 5.579E+01 0.000E+00
5.126E+07 8.952E+02 1.840E+00 7.482E-02 3.266E-04 1.275E+03 1.000E+00 5.579E+01 0.000E+00
5.956E+06 2.759E+02 2.554E+00 7.482E-02 4.346E-04 2.934E+03 1.000E+00 5.579E+01 0.000E+00
1.258E+06 3.652E+02 2.420E+00 7.482E-02 6.325E-04 2.089E+03 1.000E+00 5.580E+01 0.000E+00
1.018E+07 3.830E+02 2.394E+00 7.482E-02 9.952E-04 2.002E+03 1.000E+00 5.581E+01 0.000E+00
2.376E+06 7.214E+02 1.989E+00 7.482E-02 1.660E-03 1.382E+03 1.000E+00 5.582E+01 0.000E+00
5.969E+06 6.737E+02 2.037E+00 7.482E-02 2.879E-03 1.423E+03 1.000E+00 5.585E+01 0.000E+00
1.592E+07 7.259E+02 1.988E+00 7.482E-02 5.112E-03 1.381E+03 1.000E+00 5.590E+01 0.000E+00
1.378E+07 6.885E+02 2.019E+00 9.464E-02 1.971E-04 1.414E+03 1.000E+00 5.579E+01 0.000E+00
1.685E+07 6.885E+02 2.019E+00 9.464E-02 1.971E-04 1.414E+03 1.000E+00 5.579E+01 0.000E+00
2.868E+07 6.885E+02 2.019E+00 9.464E-02 1.972E-04 1.414E+03 1.000E+00 5.579E+01 0.000E+00
4.120E+06 2.695E+02 2.563E+00 9.464E-02 1.974E-04 3.076E+03 1.000E+00 5.579E+01 0.000E+00
2.140E+06 6.833E+02 2.024E+00 9.464E-02 1.976E-04 1.421E+03 1.000E+00 5.579E+01 0.000E+00
2.965E+06 6.833E+02 2.024E+00 9.464E-02 1.981E-04 1.419E+03 1.000E+00 5.579E+01 0.000E+00
5.774E+07 5.296E+02 2.194E+00 9.464E-02 1.989E-04 1.609E+03 1.000E+00 5.579E+01 0.000E+00
1.430E+06 4.939E+02 2.239E+00 9.464E-02 2.005E-04 1.676E+03 1.000E+00 5.579E+01 0.000E+00
1.671E+06 4.489E+02 2.299E+00 9.464E-02 2.033E-04 1.782E+03 1.000E+00 5.579E+01 0.000E+00
2.583E+06 5.677E+02 2.149E+00 9.464E-02 2.085E-04 1.550E+03 1.000E+00 5.579E+01 0.000E+00
1.723E+07 5.892E+02 2.124E+00 9.464E-02 2.181E-04 1.522E+03 1.000E+00 5.579E+01 0.000E+00
1.242E+07 8.427E+02 1.881E+00 9.464E-02 2.356E-04 1.308E+03 1.000E+00 5.579E+01 0.000E+00
1.224E+06 5.623E+02 2.155E+00 9.464E-02 2.678E-04 1.557E+03 1.000E+00 5.579E+01 0.000E+00
9.060E+06 5.079E+02 2.222E+00 9.464E-02 3.266E-04 1.648E+03 1.000E+00 5.579E+01 0.000E+00
3.048E+06 6.661E+02 2.042E+00 9.464E-02 4.346E-04 1.435E+03 1.000E+00 5.580E+01 0.000E+00
1.683E+07 4.743E+02 2.266E+00 9.464E-02 6.325E-04 1.735E+03 1.000E+00 5.580E+01 0.000E+00
8.646E+06 9.236E+02 1.819E+00 9.464E-02 9.952E-04 1.269E+03 1.000E+00 5.581E+01 0.000E+00
6.648E+06 6.820E+02 2.027E+00 9.464E-02 1.660E-03 1.427E+03 1.000E+00 5.582E+01 0.000E+00
1.109E+07 9.685E+02 1.788E+00 9.464E-02 2.879E-03 1.253E+03 1.000E+00 5.585E+01 0.000E+00
1.680E+06 6.103E+02 2.107E+00 9.464E-02 5.112E-03 1.732E+03 1.000E+00 5.590E+01 0.000E+00
8.218E+06 4.019E+02 2.365E+00 1.197E-01 1.971E-04 1.938E+03 1.000E+00 5.579E+01 0.000E+00
1.089E+07 4.019E+02 2.365E+00 1.197E-01 1.971E-04 1.938E+03 1.000E+00 5.579E+01 0.000E+00
2.737E+07 4.019E+02 2.365E+00 1.197E-01 1.972E-04 1.938E+03 1.000E+00 5.579E+01 0.000E+00
6.324E+07 7.525E+02 1.958E+00 1.197E-01 1.974E-04 1.370E+03 1.000E+00 5.579E+01 0.000E+00
8.142E+06 7.588E+02 1.953E+00 1.197E-01 1.976E-04 1.366E+03 1.000E+00 5.579E+01 0.000E+00
6.777E+07 7.588E+02 1.953E+00 1.197E-01 1.981E-04 1.367E+03 1.000E+00 5.579E+01 0.000E+00
1.423E+06 6.310E+02 2.078E+00 1.197E-01 1.989E-04 1.477E+03 1.000E+00 5.579E+01 0.000E+00
2.531E+07 3.957E+02 2.374E+00 1.197E-01 2.005E-04 1.962E+03 1.000E+00 5.579E+01 0.000E+00
7.324E+06 7.597E+02 1.952E+00 1.197E-01 2.033E-04 1.365E+03 1.000E+00 5.579E+01 0.000E+00
1.716E+07 8.095E+02 1.908E+00 1.197E-01 2.085E-04 1.335E+03 1.000E+00 5.579E+01 0.000E+00
3.795E+07 4.335E+02 2.320E+00 1.197E-01 2.181E-04 1.832E+03 1.000E+00 5.579E+01 0.000E+00
6.387E+09 7.030E+02 2.005E+00 1.197E-01 2.356E-04 1.408E+03 1.000E+00 5.579E+01 0.000E+00
7.240E+06 8.880E+02 1.845E+00 1.197E-01 2.678E-04 1.292E+03 1.000E+00 5.579E+01 0.000E+00
7.458E+05 3.219E+02 2.485E+00 1.197E-01 3.266E-04 2.384E+03 1.000E+00 5.579E+01 0.000E+00
3.204E+07 9.416E+02 1.805E+00 1.197E-01 4.346E-04 1.268E+03 1.000E+00 5.580E+01 0.000E+00
4.970E+07 4.139E+02 2.349E+00 1.197E-01 6.325E-04 1.893E+03 1.000E+00 5.580E+01 0.000E+00
8.926E+07 9.726E+02 1.784E+00 1.197E-01 9.952E-04 1.259E+03 1.000E+00 5.581E+01 0.000E+00
2.241E+06 7.151E+02 1.995E+00 1.197E-01 1.660E-03 1.399E+03 1.000E+00 5.582E+01 0.000E+00
2.681E+06 9.407E+02 1.808E+00 1.197E-01 2.879E-03 1.272E+03 1.000E+00 5.585E+01 0.000E+00
7.213E+06 6.263E+02 2.090E+00 1.197E-01 5.112E-03 1.483E+03 1.000E+00 5.590E+01 0.000E+00
1.799E+06 5.146E+02 2.213E+00 1.514E-01 1.971E-04 1.649E+03 1.000E+00 5.579E+01 0.000E+00
1.827E+06 5.005E+02 2.231E+00 1.514E-01 1.971E-04 1.676E+03 1.000E+00 5.579E+01 0.000E+00
1.966E+06 5.005E+02 2.231E+00 1.514E-01 1.972E-04 1.676E+03 1.000E+00 5.579E+01 0.000E+00
2.290E+06 5.005E+02 2.231E+00 1.514E-01 1.974E-04 1.676E+03 1.000E+00 5.579E+01 0.000E+00
3.334E+06 5.005E+02 2.231E+00 1.514E-01 1.976E-04 1.676E+03 1.000E+00 5.579E+01 0.000E+00
3.173E+07 5.005E+02 2.231E+00 1.514E-01 1.981E-04 1.676E+03 1.000E+00 5.579E+01 0.000E+00
2.325E+06 8.425E+02 1.881E+00 1.514E-01 1.989E-04 1.324E+03 1.000E+00 5.579E+01 0.000E+00
4.044E+06 8.425E+02 1.881E+00 1.514E-01 2.005E-04 1.324E+03 1.000E+00 5.579E+01 0.000E+00
2.095E+07 6.480E+02 2.060E+00 1.514E-01 2.033E-04 1.468E+03 1.000E+00 5.579E+01 0.000E+00
2.613E+06 9.274E+02 1.815E+00 1.514E-01 2.085E-04 1.284E+03 1.000E+00 5.579E+01 0.000E+00
3.349E+06 9.237E+02 1.818E+00 1.514E-01 2.181E-04 1.302E+03 1.000E+00 5.579E+01 0.000E+00
2.873E+08 7.369E+02 1.973E+00 1.514E-01 2.356E-04 1.391E+03 1.000E+00 5.579E+01 0.000E+00
5.382E+06 5.832E+02 2.131E+00 1.514E-01 2.678E-04 1.543E+03 1.000E+00 5.579E+01 0.000E+00
7.956E+06 4.209E+02 2.338E+00 1.514E-01 3.266E-04 1.878E+03 1.000E+00 5.579E+01 0.000E+00
8.826E+06 5.511E+02 2.169E+00 1.514E-01 4.346E-04 1.588E+03 1.000E+00 5.580E+01 0.000E+00
2.126E+07 3.157E+02 2.495E+00 1.514E-01 6.325E-04 2.440E+03 1.000E+00 5.580E+01 0.000E+00
9.397E+06 4.324E+02 2.324E+00 1.514E-01 9.952E-04 1.840E+03 1.000E+00 5.581E+01 0.000E+00
6.696E+07 6.932E+02 2.016E+00 1.514E-01 1.660E-03 1.428E+03 1.000E+00 5.582E+01 0.000E+00
8.029E+06 8.411E+02 1.885E+00 1.514E-01 2.879E-03 1.330E+03 1.000E+00 5.585E+01 0.000E+00
1.642E+08 6.786E+02 2.035E+00 1.514E-01 5.112E-03 1.443E+03 1.000E+00 5.590E+01 0.000E+00
8.146E+06 9.664E+02 1.787E+00 1.915E-01 1.971E-04 1.282E+03 1.000E+00 5.579E+01 0.000E+00
2.461E+06 2.876E+02 2.537E+00 1.915E-01 1.971E-04 2.763E+03 1.000E+00 5.579E+01 0.000E+00
2.861E+06 2.876E+02 2.537E+00 1.915E-01 1.972E-04 2.763E+03 1.000E+00 5.579E+01 0.000E+00
4.107E+06 2.876E+02 2.537E+00 1.915E-01 1.974E-04 2.763E+03 1.000E+00 5.579E+01 0.000E+00
2.347E+07 2.876E+02 2.537E+00 1.915E-01 1.976E-04 2.763E+03 1.000E+00 5.579E+01 0.000E+00
1.023E+07 9.664E+02 1.787E+00 1.915E-01 1.981E-04 1.282E+03 1.000E+00 5.579E+01 0.000E+00
3.414E+06 2.756E+02 2.555E+00 1.915E-01 1.989E-04 2.949E+03 1.000E+00 5.579E+01 0.000E+00
2.985E+07 9.664E+02 1.787E+00 1.915E-01 2.005E-04 1.283E+03 1.000E+00 5.579E+01 0.000E+00
4.069E+06 9.789E+02 1.779E+00 1.915E-01 2.033E-04 1.278E+03 1.000E+00 5.579E+01 0.000E+00
1.179E+07 9.374E+02 1.808E+00 1.915E-01 2.085E-04 1.293E+03 1.000E+00 5.579E+01 0.000E+00
1.989E+07 5.361E+02 2.187E+00 1.915E-01 2.181E-04 1.623E+03 1.000E+00 5.579E+01 0.000E+00
1.864E+07 5.976E+02 2.115E+00 1.915E-01 2.356E-04 1.536E+03 1.000E+00 5.579E+01 0.000E+00
3.009E+07 9.751E+02 1.781E+00 1.915E-01 2.678E-04 1.279E+03 1.000E+00 5.579E+01 0.000E+00
7.270E+06 7.019E+02 2.006E+00 1.915E-01 3.266E-04 1.431E+03 1.000E+00 5.580E+01 0.000E+00
8.644E+06 9.381E+02 1.808E+00 1.915E-01 4.346E-04 1.295E+03 1.000E+00 5.580E+01 0.000E+00
1.215E+07 6.733E+02 2.035E+00 1.915E-01 6.325E-04 1.456E+03 1.000E+00 5.580E+01 0.000E+00
8.483E+06 9.463E+02 1.802E+00 1.915E-01 9.952E-04 1.292E+03 1.000E+00 5.581E+01 0.000E+00
5.498E+06 5.420E+02 2.182E+00 1.915E-01 1.660E-03 1.650E+03 1.000E+00 5.583E+01 0.000E+00
1.139E+07 2.796E+02 2.559E+00 1.915E-01 2.879E-03 2.824E+03 1.000E+00 5.585E+01 0.000E+00
1.693E+06 2.798E+02 2.567E+00 1.915E-01 5.112E-03 2.776E+03 1.000E+00 5.590E+01 0.000E+00
2.131E+06 4.524E+02 2.295E+00 2.422E-01 1.971E-04 1.809E+03 1.000E+00 5.579E+01 0.000E+00
2.249E+06 4.524E+02 2.295E+00 2.422E-01 1.971E-04 1.809E+03 1.000E+00 5.579E+01 0.000E+00
2.505E+06 4.524E+02 2.295E+00 2.422E-01 1.972E-04 1.809E+03 1.000E+00 5.579E+01 0.000E+00
3.183E+06 4.524E+02 2.295E+00 2.422E-01 1.974E-04 1.809E+03 1.000E+00 5.579E+01 0.000E+00
6.544E+06 4.524E+02 2.295E+00 2.422E-01 1.976E-04 1.809E+03 1.000E+00 5.579E+01 0.000E+00
2.744E+06 5.506E+02 2.169E+00 2.422E-01 1.981E-04 1.615E+03 1.000E+00 5.579E+01 0.000E+00
1.158E+07 5.139E+02 2.214E+00 2.422E-01 1.989E-04 1.675E+03 1.000E+00 5.579E+01 0.000E+00
2.585E+06 8.533E+02 1.872E+00 2.422E-01 2.005E-04 1.351E+03 1.000E+00 5.579E+01 0.000E+00
2.421E+07 8.472E+02 1.877E+00 2.422E-01 2.033E-04 1.354E+03 1.000E+00 5.579E+01 0.000E+00
4.094E+07 8.646E+02 1.863E+00 2.422E-01 2.085E-04 1.345E+03 1.000E+00 5.579E+01 0.000E+00
5.353E+07 4.996E+02 2.232E+00 2.422E-01 2.181E-04 1.741E+03 1.000E+00 5.579E+01 0.000E+00
5.984E+07 7.482E+02 1.962E+00 2.422E-01 2.356E-04 1.413E+03 1.000E+00 5.579E+01 0.000E+00
2.512E+07 7.384E+02 1.971E+00 2.422E-01 2.678E-04 1.422E+03 1.000E+00 5.579E+01 0.000E+00
6.873E+06 7.287E+02 1.981E+00 2.422E-01 3.266E-04 1.457E+03 1.000E+00 5.580E+01 0.000E+00
6.088E+06 2.512E+02 2.592E+00 2.422E-01 4.346E-04 3.505E+03 1.000E+00 5.580E+01 0.000E+00
4.161E+06 5.395E+02 2.183E+00 2.422E-01 6.325E-04 1.632E+03 1.000E+00 5.580E+01 0.000E+00
1.720E+06 6.816E+02 2.027E+00 2.422E-01 9.952E-04 1.466E+03 1.000E+00 5.581E+01 0.000E+00
1.375E+07 8.152E+02 1.905E+00 2.422E-01 1.660E-03 1.375E+03 1.000E+00 5.583E+01 0.000E+00
9.343E+06 6.360E+02 2.077E+00 2.422E-01 2.879E-03 1.511E+03 1.000E+00 5.585E+01 0.000E+00
3.486E+06 8.554E+02 1.875E+00 2.422E-01 5.112E-03 1.363E+03 1.000E+00 5.591E+01 0.000E+00
1.440E+07 9.109E+02 1.828E+00 3.064E-01 1.971E-04 1.360E+03 1.000E+00 5.579E+01 0.000E+00
1.506E+07 9.109E+02 1.828E+00 3.064E-01 1.971E-04 1.353E+03 1.000E+00 5.579E+01 0.000E+00
1.644E+07 9.109E+02 1.828E+00 3.064E-01 1.972E-04 1.353E+03 1.000E+00 5.579E+01 0.000E+00
1.980E+07 9.109E+02 1.828E+00 3.064E-01 1.974E-04 1.407E+03 1.000E+00 5.579E+01 0.000E+00
1.837E+06 2.510E+02 2.593E+00 3.064E-01 1.976E-04 3.516E+03 1.000E+00 5.579E+01 0.000E+00
6.647E+06 8.932E+02 1.841E+00 3.064E-01 1.981E-04 1.362E+03 1.000E+00 5.579E+01 0.000E+00
1.314E+07 8.932E+02 1.841E+00 3.064E-01 1.989E-04 1.361E+03 1.000E+00 5.579E+01 0.000E+00
9.456E+06 9.234E+02 1.818E+00 3.064E-01 2.005E-04 1.349E+03 1.000E+00 5.579E+01 0.000E+00
8.624E+06 4.065E+02 2.359E+00 3.064E-01 2.033E-04 1.967E+03 1.000E+00 5.579E+01 0.000E+00
9.710E+06 8.233E+02 1.897E+00 3.064E-01 2.085E-04 1.393E+03 1.000E+00 5.580E+01 0.000E+00
3.361E+07 7.721E+02 1.941E+00 3.064E-01 2.181E-04 1.422E+03 1.000E+00 5.580E+01 0.000E+00
6.596E+06 9.342E+02 1.811E+00 3.064E-01 2.356E-04 1.344E+03 1.000E+00 5.580E+01 0.000E+00
5.417E+06 4.002E+02 2.369E+00 3.064E-01 2.678E-04 1.990E+03 1.000E+00 5.580E+01 0.000E+00
7.498E+06 3.222E+02 2.486E+00 3.064E-01 3.266E-04 2.416E+03 1.000E+00 5.580E+01 0.000E+00
5.601E+06 5.574E+02 2.162E+00 3.064E-01 4.346E-04 1.626E+03 1.000E+00 5.580E+01 0.000E+00
5.714E+06 7.880E+02 1.927E+00 3.064E-01 6.325E-04 1.414E+03 1.000E+00 5.580E+01 0.000E+00
3.618E+07 9.180E+02 1.823E+00 3.064E-01 9.952E-04 1.355E+03 1.000E+00 5.581E+01 0.000E+00
5.679E+06 9.441E+02 1.805E+00 3.064E-01 1.660E-03 1.347E+03 1.000E+00 5.583E+01 0.000E+00
1.157E+06 5.398E+02 2.187E+00 3.064E-01 2.879E-03 1.655E+03 1.000E+00 5.586E+01 0.000E+00
1.636E+08 3.202E+02 2.504E+00 3.064E-01 5.112E-03 2.388E+03 1.000E+00 5.591E+01 0.000E+00
5.262E+06 5.988E+02 2.114E+00 3.875E-01 1.971E-04 1.603E+03 1.000E+00 5.580E+01 0.000E+00
6.464E+06 5.980E+02 2.115E+00 3.875E-01 1.971E-04 1.605E+03 1.000E+00 5.580E+01 0.000E+00
7.127E+06 5.988E+02 2.114E+00 3.875E-01 1.972E-04 1.603E+03 1.000E+00 5.580E+01 0.000E+00
1.249E+07 5.988E+02 2.114E+00 3.875E-01 1.974E-04 1.603E+03 1.000E+00 5.580E+01 0.000E+00
1.895E+06 6.042E+02 2.108E+00 3.875E-01 1.976E-04 1.597E+03 1.000E+00 5.580E+01 0.000E+00
2.828E+06 6.042E+02 2.108E+00 3.875E-01 1.981E-04 1.599E+03 1.000E+00 5.580E+01 0.000E+00
1.287E+06 4.058E+02 2.361E+00 3.875E-01 1.989E-04 1.993E+03 1.000E+00 5.580E+01 0.000E+00
2.572E+06 5.586E+02 2.160E+00 3.875E-01 2.005E-04 1.654E+03 1.000E+00 5.580E+01 0.000E+00
1.230E+07 5.898E+02 2.124E+00 3.875E-01 2.033E-04 1.615E+03 1.000E+00 5.580E+01 0.000E+00
2.116E+07 7.534E+02 1.958E+00 3.875E-01 2.085E-04 1.472E+03 1.000E+00 5.580E+01 0.000E+00
3.821E+06 8.894E+02 1.844E+00 3.875E-01 2.181E-04 1.411E+03 1.000E+00 5.580E+01 0.000E+00
3.721E+06 8.763E+02 1.854E+00 3.875E-01 2.356E-04 1.411E+03 1.000E+00 5.580E+01 0.000E+00
4.870E+06 8.249E+02 1.896E+00 3.875E-01 2.678E-04 1.434E+03 1.000E+00 5.580E+01 0.000E+00
1.951E+06 4.508E+02 2.298E+00 3.875E-01 3.266E-04 1.858E+03 1.000E+00 5.580E+01 0.000E+00
1.943E+07 5.644E+02 2.154E+00 3.875E-01 4.346E-04 1.647E+03 1.000E+00 5.580E+01 0.000E+00
4.028E+06 6.286E+02 2.082E+00 3.875E-01 6.325E-04 1.572E+03 1.000E+00 5.581E+01 0.000E+00
4.018E+07 7.273E+02 1.983E+00 3.875E-01 9.952E-04 1.493E+03 1.000E+00 5.581E+01 0.000E+00
2.538E+06 8.757E+02 1.856E+00 3.875E-01 1.660E-03 1.420E+03 1.000E+00 5.583E+01 0.000E+00
6.402E+06 3.008E+02 2.529E+00 3.875E-01 2.879E-03 2.628E+03 1.000E+00 5.586E+01 0.000E+00
1.242E+07 3.947E+02 2.389E+00 3.875E-01 5.112E-03 2.026E+03 1.000E+00 5.591E+01 0.000E+00
5.087E+06 9.599E+02 1.792E+00 4.902E-01 1.971E-04 1.467E+03 1.000E+00 5.580E+01 0.000E+00
5.118E+06 9.599E+02 1.792E+00 4.902E-01 1.971E-04 1.468E+03 1.000E+00 5.580E+01 0.000E+00
5.175E+06 9.599E+02 1.792E+00 4.902E-01 1.972E-04 1.467E+03 1.000E+00 5.580E+01 0.000E+00
5.283E+06 9.599E+02 1.792E+00 4.902E-01 1.974E-04 1.467E+03 1.000E+00 5.580E+01 0.000E+00
5.494E+06 9.599E+02 1.792E+00 4.902E-01 1.976E-04 1.468E+03 1.000E+00 5.580E+01 0.000E+00
5.932E+06 9.599E+02 1.792E+00 4.902E-01 1.981E-04 1.467E+03 1.000E+00 5.580E+01 0.000E+00
6.465E+06 6.131E+02 2.098E+00 4.902E-01 1.989E-04 1.645E+03 1.000E+00 5.580E+01 0.000E+00
1.526E+07 6.116E+02 2.100E+00 4.902E-01 2.005E-04 1.640E+03 1.000E+00 5.580E+01 0.000E+00
7.200E+06 8.375E+02 1.885E+00 4.902E-01 2.033E-04 1.500E+03 1.000E+00 5.580E+01 0.000E+00
8.764E+06 9.514E+02 1.798E+00 4.902E-01 2.085E-04 1.469E+03 1.000E+00 5.580E+01 0.000E+00
2.015E+06 3.561E+02 2.435E+00 4.902E-01 2.181E-04 2.244E+03 1.000E+00 5.580E+01 0.000E+00
4.023E+06 6.367E+02 2.073E+00 4.902E-01 2.356E-04 1.616E+03 1.000E+00 5.580E+01 0.000E+00
3.068E+06 7.975E+02 1.919E+00 4.902E-01 2.678E-04 1.516E+03 1.000E+00 5.580E+01 0.000E+00
1.349E+08 9.167E+02 1.824E+00 4.902E-01 3.266E-04 1.477E+03 1.000E+00 5.580E+01 0.000E+00
2.692E+06 4.621E+02 2.283E+00 4.902E-01 4.346E-04 1.875E+03 1.000E+00 5.580E+01 0.000E+00
1.698E+07 7.174E+02 1.992E+00 4.902E-01 6.325E-04 1.559E+03 1.000E+00 5.581E+01 0.000E+00
3.042E+07 3.917E+02 2.384E+00 4.902E-01 9.952E-04 2.081E+03 1.000E+00 5.582E+01 0.000E+00
1.996E+07 3.488E+02 2.451E+00 4.902E-01 1.660E-03 2.279E+03 1.000E+00 5.583E+01 0.000E+00
3.646E+06 4.537E+02 2.300E+00 4.902E-01 2.879E-03 1.896E+03 1.000E+00 5.586E+01 0.000E+00
1.505E+06 3.877E+02 2.400E+00 4.902E-01 5.112E-03 2.095E+03 1.000E+00 5.591E+01 0.000E+00
6.433E+06 7.461E+02 1.965E+00 6.200E-01 1.971E-04 1.660E+03 1.000E+00 5.580E+01 0.000E+00
6.855E+06 7.461E+02 1.965E+00 6.200E-01 1.971E-04 1.661E+03 1.000E+00 5.580E+01 0.000E+00
7.801E+06 7.461E+02 1.965E+00 6.200E-01 1.972E-04 1.661E+03 1.000E+00 5.580E+01 0.000E+00
1.049E+07 7.461E+02 1.965E+00 6.200E-01 1.974E-04 1.661E+03 1.000E+00 5.580E+01 0.000E+00
2.978E+07 7.461E+02 1.965E+00 6.200E-01 1.976E-04 1.660E+03 1.000E+00 5.580E+01 0.000E+00
2.688E+07 8.092E+02 1.909E+00 6.200E-01 1.981E-04 1.648E+03 1.000E+00 5.580E+01 0.000E+00
1.141E+08 5.863E+02 2.129E+00 6.200E-01 1.989E-04 1.753E+03 1.000E+00 5.580E+01 0.000E+00
1.157E+08 8.902E+02 1.844E+00 6.200E-01 2.005E-04 1.650E+03 1.000E+00 5.580E+01 0.000E+00
3.844E+06 9.735E+02 1.783E+00 6.200E-01 2.033E-04 1.670E+03 1.000E+00 5.580E+01 0.000E+00
3.364E+07 2.786E+02 2.556E+00 6.200E-01 2.085E-04 2.964E+03 1.000E+00 5.580E+01 0.000E+00
1.294E+06 3.610E+02 2.429E+00 6.200E-01 2.181E-04 2.269E+03 1.000E+00 5.580E+01 0.000E+00
1.960E+06 4.451E+02 2.307E+00 6.200E-01 2.356E-04 1.977E+03 1.000E+00 5.580E+01 0.000E+00
2.714E+07 3.372E+02 2.466E+00 6.200E-01 2.678E-04 2.402E+03 1.000E+00 5.580E+01 0.000E+00
1.428E+07 7.927E+02 1.923E+00 6.200E-01 3.266E-04 1.652E+03 1.000E+00 5.580E+01 0.000E+00
3.050E+06 6.804E+02 2.028E+00 6.200E-01 4.346E-04 1.688E+03 1.000E+00 5.581E+01 0.000E+00
4.737E+06 6.102E+02 2.102E+00 6.200E-01 6.325E-04 1.736E+03 1.000E+00 5.581E+01 0.000E+00
2.939E+07 7.437E+02 1.968E+00 6.200E-01 9.952E-04 1.672E+03 1.000E+00 5.582E+01 0.000E+00
1.130E+07 7.550E+02 1.958E+00 6.200E-01 1.660E-03 1.681E+03 1.000E+00 5.584E+01 0.000E+00
3.126E+06 7.180E+02 1.994E+00 6.200E-01 2.879E-03 1.709E+03 1.000E+00 5.586E+01 0.000E+00
8.351E+05 2.810E+02 2.571E+00 6.200E-01 5.112E-03 2.863E+03 1.000E+00 5.591E+01 0.000E+00
5.396E+08 6.279E+02 2.083E+00 7.842E-01 1.971E-04 1.933E+03 1.000E+00 5.581E+01 0.000E+00
3.413E+06 3.290E+02 2.480E+00 7.842E-01 1.971E-04 2.534E+03 1.000E+00 5.581E+01 0.000E+00
4.181E+06 3.290E+02 2.480E+00 7.842E-01 1.972E-04 2.534E+03 1.000E+00 5.581E+01 0.000E+00
2.311E+06 3.975E+02 2.375E+00 7.842E-01 1.974E-04 2.215E+03 1.000E+00 5.581E+01 0.000E+00
2.877E+06 6.176E+02 2.094E+00 7.842E-01 1.976E-04 1.933E+03 1.000E+00 5.581E+01 0.000E+00
1.143E+06 3.900E+02 2.387E+00 7.842E-01 1.981E-04 2.240E+03 1.000E+00 5.581E+01 0.000E+00
2.974E+06 3.900E+02 2.387E+00 7.842E-01 1.989E-04 2.244E+03 1.000E+00 5.581E+01 0.000E+00
1.188E+07 9.905E+02 1.771E+00 7.842E-01 2.005E-04 3.570E+03 1.000E+00 5.581E+01 0.000E+00
4.958E+06 6.372E+02 2.073E+00 7.842E-01 2.033E-04 1.934E+03 1.000E+00 5.581E+01 0.000E+00
9.389E+06 7.359E+02 1.975E+00 7.842E-01 2.085E-04 1.997E+03 1.000E+00 5.581E+01 0.000E+00
3.633E+06 5.312E+02 2.195E+00 7.842E-01 2.181E-04 1.970E+03 1.000E+00 5.581E+01 0.000E+00
8.051E+07 9.296E+02 1.814E+00 7.842E-01 2.356E-04 2.700E+03 1.000E+00 5.581E+01 0.000E+00
2.269E+06 2.357E+02 2.624E+00 7.842E-01 2.678E-04 4.006E+03 1.000E+00 5.581E+01 0.000E+00
1.873E+07 9.083E+02 1.830E+00 7.842E-01 3.266E-04 2.554E+03 1.000E+00 5.581E+01 0.000E+00
3.775E+07 7.550E+02 1.957E+00 7.842E-01 4.346E-04 2.034E+03 1.000E+00 5.581E+01 0.000E+00
1.010E+07 8.654E+02 1.864E+00 7.842E-01 6.325E-04 2.356E+03 1.000E+00 5.582E+01 0.000E+00
6.748E+06 4.972E+02 2.239E+00 7.842E-01 9.952E-04 2.021E+03 1.000E+00 5.582E+01 0.000E+00
2.631E+06 5.447E+02 2.180E+00 7.842E-01 1.660E-03 1.990E+03 1.000E+00 5.584E+01 0.000E+00
1.415E+07 6.772E+02 2.035E+00 7.842E-01 2.879E-03 2.061E+03 1.000E+00 5.587E+01 0.000E+00
1.226E+07 6.443E+02 2.072E+00 7.842E-01 5.112E-03 2.133E+03 1.000E+00 5.592E+01 0.000E+00
1.008E+07 5.676E+02 2.151E+00 9.919E-01 1.971E-04 2.671E+03 1.000E+00 5.581E+01 0.000E+00
1.255E+07 5.676E+02 2.151E+00 9.919E-01 1.971E-04 2.670E+03 1.000E+00 5.581E+01 0.000E+00
2.293E+07 5.676E+02 2.151E+00 9.919E-01 1.972E-04 2.670E+03 1.000E+00 5.581E+01 0.000E+00
3.200E+06 5.675E+02 2.151E+00 9.919E-01 1.974E-04 2.670E+03 1.000E+00 5.581E+01 0.000E+00
1.342E+07 4.520E+02 2.299E+00 9.919E-01 1.976E-04 2.376E+03 1.000E+00 5.581E+01 0.000E+00
4.288E+06 4.593E+02 2.289E+00 9.919E-01 1.981E-04 2.375E+03 1.000E+00 5.581E+01 0.000E+00
2.606E+06 4.522E+02 2.298E+00 9.919E-01 1.989E-04 2.375E+03 1.000E+00 5.581E+01 0.000E+00
7.747E+07 5.922E+02 2.123E+00 9.919E-01 2.005E-04 2.901E+03 1.000E+00 5.581E+01 0.000E+00
4.255E+06 5.413E+02 2.183E+00 9.919E-01 2.033E-04 2.527E+03 1.000E+00 5.581E+01 0.000E+00
1.422E+07 5.563E+02 2.165E+00 9.919E-01 2.085E-04 2.601E+03 1.000E+00 5.581E+01 0.000E+00
5.213E+06 5.851E+02 2.131E+00 9.919E-01 2.181E-04 2.831E+03 1.000E+00 5.581E+01 0.000E+00
6.074E+06 4.157E+02 2.350E+00 9.919E-01 2.356E-04 2.404E+03 1.000E+00 5.581E+01 0.000E+00
1.603E+07 5.056E+02 2.228E+00 9.919E-01 2.678E-04 2.425E+03 1.000E+00 5.581E+01 0.000E+00
2.443E+06 6.130E+02 2.100E+00 9.919E-01 3.266E-04 3.298E+03 1.000E+00 5.581E+01 0.000E+00
1.549E+07 4.611E+02 2.287E+00 9.919E-01 4.346E-04 2.386E+03 1.000E+00 5.582E+01 0.000E+00
1.151E+08 2.170E+02 2.656E+00 9.919E-01 6.325E-04 4.928E+03 1.000E+00 5.582E+01 0.000E+00
8.728E+06 6.259E+02 2.087E+00 9.919E-01 9.952E-04 4.358E+03 1.000E+00 5.583E+01 0.000E+00
6.444E+07 3.109E+02 2.515E+00 9.919E-01 1.660E-03 2.820E+03 1.000E+00 5.584E+01 0.000E+00
5.255E+06 4.629E+02 2.289E+00 9.919E-01 2.879E-03 2.530E+03 1.000E+00 5.587E+01 0.000E+00
1.666E+07 4.540E+02 2.306E+00 9.919E-01 5.112E-03 2.690E+03 1.000E+00 5.592E+01 0.000E+00
2.080E+06 3.105E+02 2.514E+00 1.255E+00 1.971E-04 3.234E+03 1.000E+00 5.582E+01 0.000E+00
2.210E+06 3.105E+02 2.514E+00 1.255E+00 1.971E-04 3.186E+03 1.000E+00 5.582E+01 0.000E+00
2.498E+06 3.105E+02 2.514E+00 1.255E+00 1.972E-04 3.186E+03 1.000E+00 5.582E+01 0.000E+00
3.300E+06 3.105E+02 2.514E+00 1.255E+00 1.974E-04 3.186E+03 1.000E+00 5.582E+01 0.000E+00
8.359E+06 3.105E+02 2.514E+00 1.255E+00 1.976E-04 3.186E+03 1.000E+00 5.582E+01 0.000E+00
1.708E+06 2.694E+02 2.580E+00 1.255E+00 1.981E-04 3.505E+03 1.000E+00 5.582E+01 0.000E+00
1.375E+06 2.717E+02 2.576E+00 1.255E+00 1.989E-04 3.478E+03 1.000E+00 5.582E+01 0.000E+00
6.309E+05 2.657E+02 2.586E+00 1.255E+00 2.005E-04 3.554E+03 1.000E+00 5.582E+01 0.000E+00
8.026E+05 2.269E+02 2.645E+00 1.255E+00 2.033E-04 4.451E+03 1.000E+00 5.582E+01 0.000E+00
1.564E+06 2.579E+02 2.598E+00 1.255E+00 2.085E-04 3.670E+03 1.000E+00 5.582E+01 0.000E+00
5.366E+06 3.059E+02 2.521E+00 1.255E+00 2.181E-04 3.208E+03 1.000E+00 5.582E+01 0.000E+00
1.696E+07 3.166E+02 2.504E+00 1.255E+00 2.356E-04 3.167E+03 1.000E+00 5.582E+01 0.000E+00
1.359E+07 3.138E+02 2.509E+00 1.255E+00 2.678E-04 3.179E+03 1.000E+00 5.582E+01 0.000E+00
6.256E+06 2.228E+02 2.652E+00 1.255E+00 3.266E-04 4.617E+03 1.000E+00 5.582E+01 0.000E+00
4.398E+07 3.057E+02 2.522E+00 1.255E+00 4.346E-04 3.218E+03 1.000E+00 5.582E+01 0.000E+00
2.066E+06 2.626E+02 2.592E+00 1.255E+00 6.325E-04 3.602E+03 1.000E+00 5.583E+01 0.000E+00
8.596E+05 3.155E+02 2.508E+00 1.255E+00 9.952E-04 3.215E+03 1.000E+00 5.583E+01 0.000E+00
2.654E+06 2.721E+02 2.581E+00 1.255E+00 1.660E-03 3.511E+03 1.000E+00 5.585E+01 0.000E+00
8.522E+05 2.380E+02 2.641E+00 1.255E+00 2.879E-03 4.067E+03 1.000E+00 5.588E+01 0.000E+00
3.091E+06 2.911E+02 2.562E+00 1.255E+00 5.112E-03 3.583E+03 1.000E+00 5.593E+01 0.000E+00
NAN NAN NAN 1.587E+00 1.971E-04 NAN 1.000E+00 5.582E+01 0.000E+00
NAN NAN NAN 1.587E+00 1.971E-04 NAN 1.000E+00 5.582E+01 0.000E+00
NAN NAN NAN 1.587E+00 1.972E-04 NAN 1.000E+00 5.582E+01 0.000E+00
NAN NAN NAN 1.587E+00 1.974E-04 NAN 1.000E+00 5.582E+01 0.000E+00
NAN NAN NAN 1.587E+00 1.976E-04 NAN 1.000E+00 5.582E+01 0.000E+00
NAN NAN NAN 1.587E+00 1.981E-04 NAN 1.000E+00 5.582E+01 0.000E+00
NAN NAN NAN 1.587E+00 1.989E-04 NAN 1.000E+00 5.582E+01 0.000E+00
NAN NAN NAN 1.587E+00 2.005E-04 NAN 1.000E+00 5.582E+01 0.000E+00
NAN NAN NAN 1.587E+00 2.033E-04 NAN 1.000E+00 5.582E+01 0.000E+00
NAN NAN NAN 1.587E+00 2.085E-04 NAN 1.000E+00 5.582E+01 0.000E+00
NAN NAN NAN 1.587E+00 2.181E-04 NAN 1.000E+00 5.582E+01 0.000E+00
NAN NAN NAN 1.587E+00 2.356E-04 NAN 1.000E+00 5.583E+01 0.000E+00
NAN NAN NAN 1.587E+00 2.678E-04 NAN 1.000E+00 5.583E+01 0.000E+00
NAN NAN NAN 1.587E+00 3.266E-04 NAN 1.000E+00 5.583E+01 0.000E+00
NAN NAN NAN 1.587E+00 4.346E-04 NAN 1.000E+00 5.583E+01 0.000E+00
NAN NAN NAN 1.587E+00 6.325E-04 NAN 1.000E+00 5.583E+01 0.000E+00
NAN NAN NAN 1.587E+00 9.952E-04 NAN 1.000E+00 5.584E+01 0.000E+00
NAN NAN NAN 1.587E+00 1.660E-03 NAN 1.000E+00 5.586E+01 0.000E+00
NAN NAN NAN 1.587E+00 2.879E-03 NAN 1.000E+00 5.589E+01 0.000E+00
NAN NAN NAN 1.587E+00 5.112E-03 NAN 1.000E+00 5.594E+01 0.000E+00
NAN NAN NAN 2.007E+00 1.971E-04 NAN 1.000E+00 5.583E+01 0.000E+00
NAN NAN NAN 2.007E+00 1.971E-04 NAN 1.000E+00 5.583E+01 0.000E+00
NAN NAN NAN 2.007E+00 1.972E-04 NAN 1.000E+00 5.583E+01 0.000E+00
NAN NAN NAN 2.007E+00 1.974E-04 NAN 1.000E+00 5.583E+01 0.000E+00
NAN NAN NAN 2.007E+00 1.976E-04 NAN 1.000E+00 5.583E+01 0.000E+00
NAN NAN NAN 2.007E+00 1.981E-04 NAN 1.000E+00 5.583E+01 0.000E+00
NAN NAN NAN 2.007E+00 1.989E-04 NAN 1.000E+00 5.583E+01 0.000E+00
NAN NAN NAN 2.007E+00 2.005E-04 NAN 1.000E+00 5.583E+01 0.000E+00
NAN NAN NAN 2.007E+00 2.033E-04 NAN 1.000E+00 5.583E+01 0.000E+00
NAN NAN NAN 2.007E+00 2.085E-04 NAN 1.000E+00 5.583E+01 0.000E+00
NAN NAN NAN 2.007E+00 2.181E-04 NAN 1.000E+00 5.583E+01 0.000E+00
NAN NAN NAN 2.007E+00 2.356E-04 NAN 1.000E+00 5.583E+01 0.000E+00
NAN NAN NAN 2.007E+00 2.678E-04 NAN 1.000E+00 5.584E+01 0.000E+00
NAN NAN NAN 2.007E+00 3.266E-04 NAN 1.000E+00 5.584E+01 0.000E+00
NAN NAN NAN 2.007E+00 4.346E-04 NAN 1.000E+00 5.584E+01 0.000E+00
NAN NAN NAN 2.007E+00 6.325E-04 NAN 1.000E+00 5.584E+01 0.000E+00
NAN NAN NAN 2.007E+00 9.952E-04 NAN 1.000E+00 5.585E+01 0.000E+00
NAN NAN NAN 2.007E+00 1.660E-03 NAN 1.000E+00 5.587E+01 0.000E+00
NAN NAN NAN 2.007E+00 2.879E-03 NAN 1.000E+00 5.590E+01 0.000E+00
NAN NAN NAN 2.007E+00 5.112E-03 NAN 1.000E+00 5.595E+01 0.000E+00
NAN NAN NAN 2.539E+00 1.971E-04 NAN 1.000E+00 5.585E+01 0.000E+00
NAN NAN NAN 2.539E+00 1.971E-04 NAN 1.000E+00 5.585E+01 0.000E+00
NAN NAN NAN 2.539E+00 1.972E-04 NAN 1.000E+00 5.585E+01 0.000E+00
NAN NAN NAN 2.539E+00 1.974E-04 NAN 1.000E+00 5.585E+01 0.000E+00
NAN NAN NAN 2.539E+00 1.976E-04 NAN 1.000E+00 5.585E+01 0.000E+00
NAN NAN NAN 2.539E+00 1.981E-04 NAN 1.000E+00 5.585E+01 0.000E+00
NAN NAN NAN 2.539E+00 1.989E-04 NAN 1.000E+00 5.585E+01 0.000E+00
NAN NAN NAN 2.539E+00 2.005E-04 NAN 1.000E+00 5.585E+01 0.000E+00
NAN NAN NAN 2.539E+00 2.033E-04 NAN 1.000E+00 5.585E+01 0.000E+00
NAN NAN NAN 2.539E+00 2.085E-04 NAN 1.000E+00 5.585E+01 0.000E+00
NAN NAN NAN 2.539E+00 2.181E-04 NAN 1.000E+00 5.585E+01 0.000E+00
NAN NAN NAN 2.539E+00 2.356E-04 NAN 1.000E+00 5.585E+01 0.000E+00
NAN NAN NAN 2.539E+00 2.678E-04 NAN 1.000E+00 5.585E+01 0.000E+00
NAN NAN NAN 2.539E+00 3.266E-04 NAN 1.000E+00 5.585E+01 0.000E+00
NAN NAN NAN 2.539E+00 4.346E-04 NAN 1.000E+00 5.585E+01 0.000E+00
NAN NAN NAN 2.539E+00 6.325E-04 NAN 1.000E+00 5.586E+01 0.000E+00
NAN NAN NAN 2.539E+00 9.952E-04 NAN 1.000E+00 5.586E+01 0.000E+00
NAN NAN NAN 2.539E+00 1.660E-03 NAN 1.000E+00 5.588E+01 0.000E+00
NAN NAN NAN 2.539E+00 2.879E-03 NAN 1.000E+00 5.591E+01 0.000E+00
NAN NAN NAN 2.539E+00 5.112E-03 NAN 1.000E+00 5.596E+01 0.000E+00
NAN NAN NAN 3.211E+00 1.971E-04 NAN 1.000E+00 5.586E+01 0.000E+00
NAN NAN NAN 3.211E+00 1.971E-04 NAN 1.000E+00 5.586E+01 0.000E+00
NAN NAN NAN 3.211E+00 1.972E-04 NAN 1.000E+00 5.586E+01 0.000E+00
NAN NAN NAN 3.211E+00 1.974E-04 NAN 1.000E+00 5.586E+01 0.000E+00
NAN NAN NAN 3.211E+00 1.976E-04 NAN 1.000E+00 5.586E+01 0.000E+00
NAN NAN NAN 3.211E+00 1.981E-04 NAN 1.000E+00 5.586E+01 0.000E+00
NAN NAN NAN 3.211E+00 1.989E-04 NAN 1.000E+00 5.586E+01 0.000E+00
NAN NAN NAN 3.211E+00 2.005E-04 NAN 1.000E+00 5.586E+01 0.000E+00
NAN NAN NAN 3.211E+00 2.033E-04 NAN 1.000E+00 5.586E+01 0.000E+00
NAN NAN NAN 3.211E+00 2.085E-04 NAN 1.000E+00 5.586E+01 0.000E+00
NAN NAN NAN 3.211E+00 2.181E-04 NAN 1.000E+00 5.586E+01 0.000E+00
NAN NAN NAN 3.211E+00 2.356E-04 NAN 1.000E+00 5.586E+01 0.000E+00
NAN NAN NAN 3.211E+00 2.678E-04 NAN 1.000E+00 5.586E+01 0.000E+00
NAN NAN NAN 3.211E+00 3.266E-04 NAN 1.000E+00 5.586E+01 0.000E+00
NAN NAN NAN 3.211E+00 4.346E-04 NAN 1.000E+00 5.587E+01 0.000E+00
NAN NAN NAN 3.211E+00 6.325E-04 NAN 1.000E+00 5.587E+01 0.000E+00
NAN NAN NAN 3.211E+00 9.952E-04 NAN 1.000E+00 5.588E+01 0.000E+00
NAN NAN NAN 3.211E+00 1.660E-03 NAN 1.000E+00 5.589E+01 0.000E+00
NAN NAN NAN 3.211E+00 2.879E-03 NAN 1.000E+00 5.592E+01 0.000E+00
NAN NAN NAN 3.211E+00 5.112E-03 NAN 1.000E+00 5.597E+01 0.000E+00
NAN NAN NAN 4.062E+00 1.971E-04 NAN 1.000E+00 5.588E+01 3.000E+00
NAN NAN NAN 4.062E+00 1.971E-04 NAN 1.000E+00 5.588E+01 3.000E+00
NAN NAN NAN 4.062E+00 1.972E-04 NAN 1.000E+00 5.588E+01 3.000E+00
NAN NAN NAN 4.062E+00 1.974E-04 NAN 1.000E+00 5.588E+01 3.000E+00
NAN NAN NAN 4.062E+00 1.976E-04 NAN 1.000E+00 5.588E+01 3.000E+00
NAN NAN NAN 4.062E+00 1.981E-04 NAN 1.000E+00 5.588E+01 3.000E+00
NAN NAN NAN 4.062E+00 1.989E-04 NAN 1.000E+00 5.588E+01 3.000E+00
NAN NAN NAN 4.062E+00 2.005E-04 NAN 1.000E+00 5.588E+01 3.000E+00
NAN NAN NAN 4.062E+00 2.033E-04 NAN 1.000E+00 5.588E+01 3.000E+00
NAN NAN NAN 4.062E+00 2.085E-04 NAN 1.000E+00 5.588E+01 3.000E+00
NAN NAN NAN 4.062E+00 2.181E-04 NAN 1.000E+00 5.588E+01 3.000E+00
NAN NAN NAN 4.062E+00 2.356E-04 NAN 1.000E+00 5.588E+01 3.000E+00
NAN NAN NAN 4.062E+00 2.678E-04 NAN 1.000E+00 5.588E+01 3.000E+00
NAN NAN NAN 4.062E+00 3.266E-04 NAN 1.000E+00 5.588E+01 3.000E+00
NAN NAN NAN 4.062E+00 4.346E-04 NAN 1.000E+00 5.589E+01 3.000E+00
NAN NAN NAN 4.062E+00 6.325E-04 NAN 1.000E+00 5.589E+01 3.000E+00
NAN NAN NAN 4.062E+00 9.952E-04 NAN 1.000E+00 5.590E+01 3.000E+00
NAN NAN NAN 4.062E+00 1.660E-03 NAN 1.000E+00 5.591E+01 3.000E+00
NAN NAN NAN 4.062E+00 2.879E-03 NAN 1.000E+00 5.594E+01 3.000E+00
NAN NAN NAN 4.062E+00 5.112E-03 NAN 1.000E+00 5.599E+01 3.000E+00
NAN NAN NAN 5.138E+00 1.971E-04 NAN 1.000E+00 5.591E+01 3.000E+00
NAN NAN NAN 5.138E+00 1.971E-04 NAN 1.000E+00 5.591E+01 3.000E+00
NAN NAN NAN 5.138E+00 1.972E-04 NAN 1.000E+00 5.591E+01 3.000E+00
NAN NAN NAN 5.138E+00 1.974E-04 NAN 1.000E+00 5.591E+01 3.000E+00
NAN NAN NAN 5.138E+00 1.976E-04 NAN 1.000E+00 5.591E+01 3.000E+00
NAN NAN NAN 5.138E+00 1.981E-04 NAN 1.000E+00 5.591E+01 3.000E+00
NAN NAN NAN 5.138E+00 1.989E-04 NAN 1.000E+00 5.591E+01 3.000E+00
NAN NAN NAN 5.138E+00 2.005E-04 NAN 1.000E+00 5.591E+01 3.000E+00
NAN NAN NAN 5.138E+00 2.033E-04 NAN 1.000E+00 5.591E+01 3.000E+00
NAN NAN NAN 5.138E+00 2.085E-04 NAN 1.000E+00 5.591E+01 3.000E+00
NAN NAN NAN 5.138E+00 2.181E-04 NAN 1.000E+00 5.591E+01 3.000E+00
NAN NAN NAN 5.138E+00 2.356E-04 NAN 1.000E+00 5.591E+01 3.000E+00
NAN NAN NAN 5.138E+00 2.678E-04 NAN 1.000E+00 5.591E+01 3.000E+00
NAN NAN NAN 5.138E+00 3.266E-04 NAN 1.000E+00 5.591E+01 3.000E+00
NAN NAN NAN 5.138E+00 4.346E-04 NAN 1.000E+00 5.591E+01 3.000E+00
NAN NAN NAN 5.138E+00 6.325E-04 NAN 1.000E+00 5.592E+01 3.000E+00
NAN NAN NAN 5.138E+00 9.952E-04 NAN 1.000E+00 5.592E+01 3.000E+00
NAN NAN NAN 5.138E+00 1.660E-03 NAN 1.000E+00 5.594E+01 3.000E+00
NAN NAN NAN 5.138E+00 2.879E-03 NAN 1.000E+00 5.597E+01 3.000E+00
NAN NAN NAN 5.138E+00 5.112E-03 NAN 1.000E+00 5.602E+01 3.000E+00
