8.230E+07 3.636E+02 3.048E-01 5.137E-05 3.937E-05 2.127E+03 6.360E-01 7.024E+00 2.000E+00
3.283E+07 3.538E+02 3.066E-01 5.137E-05 3.941E-05 2.430E+03 6.360E-01 7.024E+00 2.000E+00
2.070E+07 6.107E+02 2.644E-01 5.137E-05 3.948E-05 1.535E+03 6.360E-01 7.024E+00 2.000E+00
9.358E+06 5.987E+02 2.660E-01 5.137E-05 3.962E-05 1.548E+03 6.360E-01 7.024E+00 2.000E+00
9.848E+07 5.987E+02 2.660E-01 5.137E-05 3.987E-05 1.548E+03 6.360E-01 7.024E+00 2.000E+00
3.747E+07 8.412E+02 2.369E-01 5.137E-05 4.033E-05 1.375E+03 6.360E-01 7.024E+00 2.000E+00
2.369E+07 6.399E+02 2.604E-01 5.137E-05 4.118E-05 1.505E+03 6.361E-01 7.024E+00 2.000E+00
5.797E+08 7.999E+02 2.413E-01 5.137E-05 4.273E-05 1.394E+03 6.362E-01 7.024E+00 2.000E+00
2.786E+08 7.201E+02 2.503E-01 5.137E-05 4.558E-05 1.440E+03 6.363E-01 7.024E+00 2.000E+00
1.613E+07 4.001E+02 2.980E-01 5.137E-05 5.080E-05 1.964E+03 6.366E-01 7.024E+00 2.000E+00
9.398E+07 7.126E+02 2.512E-01 5.137E-05 6.036E-05 1.446E+03 6.371E-01 7.024E+00 2.000E+00
2.086E+08 2.943E+02 3.181E-01 5.137E-05 7.789E-05 2.683E+03 6.381E-01 7.024E+00 2.000E+00
5.748E+07 8.537E+02 2.357E-01 5.137E-05 1.100E-04 1.373E+03 6.398E-01 7.025E+00 2.000E+00
3.199E+07 7.361E+02 2.486E-01 5.137E-05 1.689E-04 1.434E+03 6.431E-01 7.027E+00 2.000E+00
3.597E+07 7.758E+02 2.441E-01 5.137E-05 2.769E-04 1.415E+03 6.489E-01 7.029E+00 2.000E+00
1.413E+07 8.475E+02 2.367E-01 5.137E-05 4.747E-04 1.398E+03 6.597E-01 7.034E+00 2.000E+00
1.288E+07 5.463E+02 2.750E-01 5.137E-05 8.375E-04 1.628E+03 6.775E-01 7.042E+00 2.000E+00
1.825E+07 5.023E+02 2.832E-01 5.137E-05 1.502E-03 1.706E+03 7.098E-01 7.057E+00 2.000E+00
1.818E+07 8.646E+02 2.369E-01 5.137E-05 2.721E-03 1.764E+03 7.604E-01 7.085E+00 2.000E+00
8.751E+06 4.060E+02 3.087E-01 5.137E-05 4.955E-03 2.008E+03 8.318E-01 7.136E+00 2.000E+00
1.900E+07 6.107E+02 2.644E-01 6.498E-05 3.937E-05 1.535E+03 6.361E-01 7.024E+00 2.000E+00
2.715E+07 6.107E+02 2.644E-01 6.498E-05 3.941E-05 1.534E+03 6.361E-01 7.024E+00 2.000E+00
1.709E+07 3.418E+02 3.089E-01 6.498E-05 3.948E-05 2.266E+03 6.361E-01 7.024E+00 2.000E+00
1.423E+07 5.987E+02 2.660E-01 6.498E-05 3.962E-05 1.548E+03 6.361E-01 7.024E+00 2.000E+00
1.457E+07 8.412E+02 2.369E-01 6.498E-05 3.987E-05 1.375E+03 6.361E-01 7.024E+00 2.000E+00
2.155E+07 6.297E+02 2.618E-01 6.498E-05 4.033E-05 1.515E+03 6.361E-01 7.024E+00 2.000E+00
2.732E+08 6.399E+02 2.604E-01 6.498E-05 4.118E-05 1.505E+03 6.362E-01 7.024E+00 2.000E+00
5.027E+07 9.028E+02 2.308E-01 6.498E-05 4.273E-05 1.353E+03 6.362E-01 7.024E+00 2.000E+00
5.254E+07 7.110E+02 2.514E-01 6.498E-05 4.558E-05 1.446E+03 6.364E-01 7.024E+00 2.000E+00
7.811E+08 3.900E+02 2.999E-01 6.498E-05 5.080E-05 2.004E+03 6.367E-01 7.024E+00 2.000E+00
5.251E+07 7.269E+02 2.495E-01 6.498E-05 6.036E-05 1.437E+03 6.372E-01 7.024E+00 2.000E+00
1.174E+08 3.535E+02 3.068E-01 6.498E-05 7.789E-05 2.200E+03 6.382E-01 7.024E+00 2.000E+00
2.117E+08 8.537E+02 2.357E-01 6.498E-05 1.100E-04 1.373E+03 6.399E-01 7.025E+00 2.000E+00
1.692E+08 7.361E+02 2.486E-01 6.498E-05 1.689E-04 1.434E+03 6.431E-01 7.027E+00 2.000E+00
1.462E+08 7.678E+02 2.450E-01 6.498E-05 2.769E-04 1.420E+03 6.490E-01 7.029E+00 2.000E+00
1.253E+08 3.770E+02 3.034E-01 6.498E-05 4.747E-04 2.046E+03 6.598E-01 7.034E+00 2.000E+00
3.481E+07 5.463E+02 2.750E-01 6.498E-05 8.375E-04 1.628E+03 6.776E-01 7.042E+00 2.000E+00
4.647E+07 5.010E+02 2.834E-01 6.498E-05 1.502E-03 1.708E+03 7.098E-01 7.057E+00 2.000E+00
2.159E+07 8.646E+02 2.369E-01 6.498E-05 2.721E-03 1.765E+03 7.605E-01 7.085E+00 2.000E+00
2.077E+07 4.060E+02 3.087E-01 6.498E-05 4.955E-03 2.009E+03 8.318E-01 7.136E+00 2.000E+00
8.928E+06 5.987E+02 2.660E-01 8.219E-05 3.937E-05 1.548E+03 6.361E-01 7.024E+00 2.000E+00
1.015E+07 5.987E+02 2.660E-01 8.219E-05 3.941E-05 1.548E+03 6.361E-01 7.024E+00 2.000E+00
3.602E+07 6.011E+02 2.657E-01 8.219E-05 3.948E-05 1.547E+03 6.362E-01 7.024E+00 2.000E+00
6.033E+07 5.987E+02 2.660E-01 8.219E-05 3.962E-05 1.548E+03 6.362E-01 7.024E+00 2.000E+00
1.810E+07 8.412E+02 2.369E-01 8.219E-05 3.987E-05 1.375E+03 6.362E-01 7.024E+00 2.000E+00
7.411E+07 4.429E+02 2.904E-01 8.219E-05 4.033E-05 1.834E+03 6.362E-01 7.024E+00 2.000E+00
4.284E+08 8.329E+02 2.378E-01 8.219E-05 4.118E-05 1.379E+03 6.362E-01 7.024E+00 2.000E+00
9.981E+07 9.028E+02 2.309E-01 8.219E-05 4.273E-05 1.353E+03 6.363E-01 7.024E+00 2.000E+00
6.758E+07 4.024E+02 2.976E-01 8.219E-05 4.558E-05 1.957E+03 6.365E-01 7.024E+00 2.000E+00
3.917E+07 5.626E+02 2.713E-01 8.219E-05 5.080E-05 1.594E+03 6.368E-01 7.024E+00 2.000E+00
1.349E+08 9.238E+02 2.289E-01 8.219E-05 6.036E-05 1.347E+03 6.373E-01 7.024E+00 2.000E+00
1.593E+07 4.539E+02 2.886E-01 8.219E-05 7.789E-05 1.796E+03 6.382E-01 7.024E+00 2.000E+00
3.834E+07 4.207E+02 2.945E-01 8.219E-05 1.100E-04 1.891E+03 6.400E-01 7.025E+00 2.000E+00
1.402E+08 9.835E+02 2.236E-01 8.219E-05 1.689E-04 1.340E+03 6.432E-01 7.027E+00 2.000E+00
6.125E+07 4.801E+02 2.846E-01 8.219E-05 2.769E-04 1.735E+03 6.491E-01 7.029E+00 2.000E+00
8.708E+07 3.624E+02 3.062E-01 8.219E-05 4.747E-04 2.117E+03 6.599E-01 7.034E+00 2.000E+00
2.399E+07 6.905E+02 2.549E-01 8.219E-05 8.375E-04 1.488E+03 6.776E-01 7.042E+00 2.000E+00
1.538E+07 5.036E+02 2.830E-01 8.219E-05 1.502E-03 1.707E+03 7.099E-01 7.057E+00 2.000E+00
1.665E+07 7.107E+02 2.545E-01 8.219E-05 2.721E-03 1.633E+03 7.606E-01 7.085E+00 2.000E+00
4.986E+07 2.456E+02 3.482E-01 8.219E-05 4.955E-03 2.702E+03 8.319E-01 7.136E+00 2.000E+00
1.914E+07 5.987E+02 2.660E-01 1.040E-04 3.937E-05 1.548E+03 6.363E-01 7.024E+00 2.000E+00
2.802E+07 5.987E+02 2.660E-01 1.040E-04 3.941E-05 1.548E+03 6.363E-01 7.024E+00 2.000E+00
3.415E+08 5.987E+02 2.660E-01 1.040E-04 3.948E-05 1.548E+03 6.363E-01 7.024E+00 2.000E+00
1.531E+07 8.412E+02 2.369E-01 1.040E-04 3.962E-05 1.375E+03 6.363E-01 7.024E+00 2.000E+00
2.727E+07 8.412E+02 2.369E-01 1.040E-04 3.987E-05 1.376E+03 6.363E-01 7.024E+00 2.000E+00
8.931E+06 2.580E+02 3.246E-01 1.040E-04 4.033E-05 3.362E+03 6.363E-01 7.024E+00 2.000E+00
3.242E+08 7.012E+02 2.526E-01 1.040E-04 4.118E-05 1.453E+03 6.364E-01 7.024E+00 2.000E+00
5.211E+07 8.882E+02 2.323E-01 1.040E-04 4.273E-05 1.358E+03 6.364E-01 7.024E+00 2.000E+00
2.517E+07 3.962E+02 2.987E-01 1.040E-04 4.558E-05 1.979E+03 6.366E-01 7.024E+00 2.000E+00
4.115E+07 5.705E+02 2.701E-01 1.040E-04 5.080E-05 1.583E+03 6.369E-01 7.024E+00 2.000E+00
2.532E+08 9.588E+02 2.257E-01 1.040E-04 6.036E-05 1.338E+03 6.374E-01 7.024E+00 2.000E+00
2.306E+07 4.666E+02 2.865E-01 1.040E-04 7.789E-05 1.771E+03 6.384E-01 7.024E+00 2.000E+00
4.369E+07 9.360E+02 2.278E-01 1.040E-04 1.100E-04 1.348E+03 6.401E-01 7.025E+00 2.000E+00
1.965E+08 9.835E+02 2.236E-01 1.040E-04 1.689E-04 1.341E+03 6.433E-01 7.027E+00 2.000E+00
3.234E+07 8.312E+02 2.382E-01 1.040E-04 2.769E-04 1.390E+03 6.492E-01 7.029E+00 2.000E+00
3.368E+07 8.475E+02 2.367E-01 1.040E-04 4.747E-04 1.395E+03 6.600E-01 7.034E+00 2.000E+00
3.978E+07 6.891E+02 2.551E-01 1.040E-04 8.375E-04 1.490E+03 6.778E-01 7.042E+00 2.000E+00
9.658E+06 3.491E+02 3.117E-01 1.040E-04 1.502E-03 2.145E+03 7.100E-01 7.057E+00 2.000E+00
9.101E+06 4.409E+02 2.965E-01 1.040E-04 2.721E-03 1.844E+03 7.607E-01 7.085E+00 2.000E+00
1.996E+08 4.317E+02 3.032E-01 1.040E-04 4.955E-03 1.981E+03 8.320E-01 7.136E+00 2.000E+00
1.412E+07 8.412E+02 2.369E-01 1.315E-04 3.937E-05 1.384E+03 6.364E-01 7.024E+00 2.000E+00
1.502E+07 8.412E+02 2.369E-01 1.315E-04 3.941E-05 1.375E+03 6.364E-01 7.024E+00 2.000E+00
1.707E+07 8.412E+02 2.369E-01 1.315E-04 3.948E-05 1.375E+03 6.364E-01 7.024E+00 2.000E+00
5.186E+07 2.639E+02 3.236E-01 1.315E-04 3.962E-05 3.212E+03 6.364E-01 7.024E+00 2.000E+00
3.394E+07 6.297E+02 2.618E-01 1.315E-04 3.987E-05 1.515E+03 6.364E-01 7.024E+00 2.000E+00
1.655E+07 8.382E+02 2.372E-01 1.315E-04 4.033E-05 1.376E+03 6.364E-01 7.024E+00 2.000E+00
1.500E+07 4.896E+02 2.826E-01 1.315E-04 4.118E-05 1.715E+03 6.365E-01 7.024E+00 2.000E+00
4.251E+09 8.882E+02 2.323E-01 1.315E-04 4.273E-05 1.358E+03 6.366E-01 7.024E+00 2.000E+00
1.142E+07 3.415E+02 3.090E-01 1.315E-04 4.558E-05 2.257E+03 6.367E-01 7.024E+00 2.000E+00
1.241E+07 8.850E+02 2.326E-01 1.315E-04 5.080E-05 1.359E+03 6.370E-01 7.024E+00 2.000E+00
2.958E+07 9.696E+02 2.248E-01 1.315E-04 6.036E-05 1.339E+03 6.375E-01 7.024E+00 2.000E+00
5.462E+07 3.416E+02 3.090E-01 1.315E-04 7.789E-05 2.255E+03 6.385E-01 7.024E+00 2.000E+00
7.642E+07 9.360E+02 2.278E-01 1.315E-04 1.100E-04 1.347E+03 6.402E-01 7.025E+00 2.000E+00
4.051E+08 9.835E+02 2.236E-01 1.315E-04 1.689E-04 1.340E+03 6.434E-01 7.027E+00 2.000E+00
6.548E+08 8.312E+02 2.382E-01 1.315E-04 2.769E-04 1.391E+03 6.493E-01 7.029E+00 2.000E+00
2.587E+08 8.475E+02 2.367E-01 1.315E-04 4.747E-04 1.395E+03 6.601E-01 7.034E+00 2.000E+00
2.092E+07 7.249E+02 2.506E-01 1.315E-04 8.375E-04 1.468E+03 6.779E-01 7.042E+00 2.000E+00
2.773E+08 4.251E+02 2.968E-01 1.315E-04 1.502E-03 1.867E+03 7.101E-01 7.057E+00 2.000E+00
1.448E+08 4.415E+02 2.964E-01 1.315E-04 2.721E-03 1.843E+03 7.608E-01 7.085E+00 2.000E+00
5.647E+07 2.170E+02 3.559E-01 1.315E-04 4.955E-03 3.079E+03 8.321E-01 7.136E+00 2.000E+00
2.332E+07 8.412E+02 2.369E-01 1.663E-04 3.937E-05 1.376E+03 6.366E-01 7.024E+00 2.000E+00
2.636E+07 8.412E+02 2.369E-01 1.663E-04 3.941E-05 1.376E+03 6.366E-01 7.024E+00 2.000E+00
1.457E+08 6.070E+02 2.649E-01 1.663E-04 3.948E-05 1.539E+03 6.366E-01 7.024E+00 2.000E+00
4.147E+07 6.297E+02 2.618E-01 1.663E-04 3.962E-05 1.515E+03 6.366E-01 7.024E+00 2.000E+00
4.996E+07 2.580E+02 3.246E-01 1.663E-04 3.987E-05 3.362E+03 6.366E-01 7.024E+00 2.000E+00
3.120E+07 6.399E+02 2.604E-01 1.663E-04 4.033E-05 1.505E+03 6.366E-01 7.024E+00 2.000E+00
5.544E+07 9.046E+02 2.307E-01 1.663E-04 4.118E-05 1.355E+03 6.367E-01 7.024E+00 2.000E+00
5.089E+07 8.319E+02 2.379E-01 1.663E-04 4.273E-05 1.379E+03 6.367E-01 7.024E+00 2.000E+00
7.866E+07 5.514E+02 2.729E-01 1.663E-04 4.558E-05 1.609E+03 6.369E-01 7.024E+00 2.000E+00
3.214E+07 5.263E+02 2.768E-01 1.663E-04 5.080E-05 1.648E+03 6.372E-01 7.024E+00 2.000E+00
2.543E+07 3.718E+02 3.033E-01 1.663E-04 6.036E-05 2.085E+03 6.377E-01 7.024E+00 2.000E+00
2.309E+07 7.449E+02 2.474E-01 1.663E-04 7.789E-05 1.426E+03 6.387E-01 7.024E+00 2.000E+00
3.963E+08 8.926E+02 2.319E-01 1.663E-04 1.100E-04 1.360E+03 6.404E-01 7.025E+00 2.000E+00
3.053E+07 6.561E+02 2.585E-01 1.663E-04 1.689E-04 1.493E+03 6.436E-01 7.027E+00 2.000E+00
6.543E+07 2.871E+02 3.201E-01 1.663E-04 2.769E-04 2.749E+03 6.495E-01 7.029E+00 2.000E+00
6.079E+08 8.310E+02 2.384E-01 1.663E-04 4.747E-04 1.401E+03 6.603E-01 7.034E+00 2.000E+00
1.131E+07 5.525E+02 2.740E-01 1.663E-04 8.375E-04 1.620E+03 6.781E-01 7.042E+00 2.000E+00
3.979E+07 4.288E+02 2.961E-01 1.663E-04 1.502E-03 1.857E+03 7.103E-01 7.057E+00 2.000E+00
4.054E+07 5.676E+02 2.747E-01 1.663E-04 2.721E-03 1.679E+03 7.610E-01 7.085E+00 2.000E+00
3.851E+07 2.801E+02 3.390E-01 1.663E-04 4.955E-03 2.426E+03 8.323E-01 7.136E+00 2.000E+00
1.707E+07 6.149E+02 2.638E-01 2.104E-04 3.937E-05 1.530E+03 6.368E-01 7.024E+00 2.000E+00
1.979E+07 2.580E+02 3.246E-01 2.104E-04 3.941E-05 3.362E+03 6.368E-01 7.024E+00 2.000E+00
7.553E+07 6.149E+02 2.638E-01 2.104E-04 3.948E-05 1.530E+03 6.368E-01 7.024E+00 2.000E+00
1.868E+08 8.392E+02 2.371E-01 2.104E-04 3.962E-05 1.376E+03 6.368E-01 7.024E+00 2.000E+00
2.106E+07 8.382E+02 2.372E-01 2.104E-04 3.987E-05 1.377E+03 6.368E-01 7.024E+00 2.000E+00
1.121E+09 8.211E+02 2.390E-01 2.104E-04 4.033E-05 1.385E+03 6.368E-01 7.024E+00 2.000E+00
3.820E+07 8.172E+02 2.394E-01 2.104E-04 4.118E-05 1.386E+03 6.369E-01 7.024E+00 2.000E+00
1.287E+07 3.123E+02 3.145E-01 2.104E-04 4.273E-05 2.490E+03 6.370E-01 7.024E+00 2.000E+00
2.670E+07 5.419E+02 2.744E-01 2.104E-04 4.558E-05 1.624E+03 6.371E-01 7.024E+00 2.000E+00
2.784E+07 8.766E+02 2.334E-01 2.104E-04 5.080E-05 1.362E+03 6.374E-01 7.024E+00 2.000E+00
2.026E+07 5.153E+02 2.785E-01 2.104E-04 6.036E-05 1.667E+03 6.379E-01 7.024E+00 2.000E+00
2.711E+07 7.481E+02 2.471E-01 2.104E-04 7.789E-05 1.424E+03 6.389E-01 7.024E+00 2.000E+00
7.128E+07 6.479E+02 2.594E-01 2.104E-04 1.100E-04 1.499E+03 6.406E-01 7.025E+00 2.000E+00
7.985E+08 8.287E+02 2.383E-01 2.104E-04 1.689E-04 1.387E+03 6.438E-01 7.027E+00 2.000E+00
3.569E+07 8.402E+02 2.372E-01 2.104E-04 2.769E-04 1.387E+03 6.497E-01 7.029E+00 2.000E+00
8.575E+07 6.896E+02 2.546E-01 2.104E-04 4.747E-04 1.476E+03 6.605E-01 7.034E+00 2.000E+00
2.905E+07 6.964E+02 2.541E-01 2.104E-04 8.375E-04 1.486E+03 6.783E-01 7.042E+00 2.000E+00
1.883E+07 4.754E+02 2.878E-01 2.104E-04 1.502E-03 1.754E+03 7.105E-01 7.057E+00 2.000E+00
3.462E+07 7.080E+02 2.549E-01 2.104E-04 2.721E-03 1.635E+03 7.612E-01 7.085E+00 2.000E+00
2.794E+07 4.187E+02 3.060E-01 2.104E-04 4.955E-03 1.995E+03 8.324E-01 7.136E+00 2.000E+00
1.697E+07 8.382E+02 2.372E-01 2.661E-04 3.937E-05 1.377E+03 6.371E-01 7.024E+00 2.000E+00
1.842E+07 8.382E+02 2.372E-01 2.661E-04 3.941E-05 1.377E+03 6.371E-01 7.024E+00 2.000E+00
1.578E+07 6.399E+02 2.604E-01 2.661E-04 3.948E-05 1.506E+03 6.371E-01 7.024E+00 2.000E+00
6.668E+07 6.399E+02 2.604E-01 2.661E-04 3.962E-05 1.506E+03 6.371E-01 7.024E+00 2.000E+00
1.002E+08 8.211E+02 2.390E-01 2.661E-04 3.987E-05 1.385E+03 6.371E-01 7.024E+00 2.000E+00
3.634E+07 9.046E+02 2.307E-01 2.661E-04 4.033E-05 1.353E+03 6.371E-01 7.024E+00 2.000E+00
1.619E+08 9.064E+02 2.305E-01 2.661E-04 4.118E-05 1.352E+03 6.372E-01 7.024E+00 2.000E+00
1.535E+08 3.478E+02 3.078E-01 2.661E-04 4.273E-05 2.218E+03 6.372E-01 7.024E+00 2.000E+00
2.180E+07 2.945E+02 3.179E-01 2.661E-04 4.558E-05 2.685E+03 6.374E-01 7.024E+00 2.000E+00
6.162E+07 7.989E+02 2.414E-01 2.661E-04 5.080E-05 1.395E+03 6.377E-01 7.024E+00 2.000E+00
1.085E+08 6.651E+02 2.571E-01 2.661E-04 6.036E-05 1.483E+03 6.382E-01 7.024E+00 2.000E+00
2.374E+08 3.328E+02 3.107E-01 2.661E-04 7.789E-05 2.316E+03 6.392E-01 7.025E+00 2.000E+00
1.328E+07 3.882E+02 3.004E-01 2.661E-04 1.100E-04 2.010E+03 6.409E-01 7.025E+00 2.000E+00
7.474E+08 8.797E+02 2.332E-01 2.661E-04 1.689E-04 1.368E+03 6.441E-01 7.027E+00 2.000E+00
3.739E+07 7.987E+02 2.416E-01 2.661E-04 2.769E-04 1.407E+03 6.500E-01 7.029E+00 2.000E+00
5.802E+07 7.907E+02 2.427E-01 2.661E-04 4.747E-04 1.418E+03 6.608E-01 7.034E+00 2.000E+00
4.775E+07 4.738E+02 2.867E-01 2.661E-04 8.375E-04 1.750E+03 6.785E-01 7.042E+00 2.000E+00
5.177E+08 4.876E+02 2.857E-01 2.661E-04 1.502E-03 1.732E+03 7.108E-01 7.057E+00 2.000E+00
3.395E+07 6.121E+02 2.680E-01 2.661E-04 2.721E-03 1.653E+03 7.614E-01 7.085E+00 2.000E+00
2.587E+07 4.383E+02 3.019E-01 2.661E-04 4.955E-03 1.978E+03 8.327E-01 7.136E+00 2.000E+00
1.195E+08 8.211E+02 2.390E-01 3.366E-04 3.937E-05 1.385E+03 6.374E-01 7.024E+00 2.000E+00
6.512E+08 8.211E+02 2.390E-01 3.366E-04 3.941E-05 1.385E+03 6.374E-01 7.024E+00 2.000E+00
2.996E+08 7.068E+02 2.519E-01 3.366E-04 3.948E-05 1.451E+03 6.374E-01 7.024E+00 2.000E+00
5.758E+07 4.896E+02 2.826E-01 3.366E-04 3.962E-05 1.725E+03 6.374E-01 7.024E+00 2.000E+00
2.138E+07 3.134E+02 3.143E-01 3.366E-04 3.987E-05 2.481E+03 6.374E-01 7.024E+00 2.000E+00
7.149E+07 8.172E+02 2.394E-01 3.366E-04 4.033E-05 1.387E+03 6.375E-01 7.024E+00 2.000E+00
1.408E+08 8.882E+02 2.322E-01 3.366E-04 4.118E-05 1.359E+03 6.375E-01 7.024E+00 2.000E+00
5.104E+07 6.484E+02 2.593E-01 3.366E-04 4.273E-05 1.497E+03 6.376E-01 7.024E+00 2.000E+00
7.422E+07 4.149E+02 2.954E-01 3.366E-04 4.558E-05 1.912E+03 6.377E-01 7.024E+00 2.000E+00
4.134E+07 9.235E+02 2.289E-01 3.366E-04 5.080E-05 1.348E+03 6.380E-01 7.024E+00 2.000E+00
9.256E+08 3.698E+02 3.037E-01 3.366E-04 6.036E-05 2.095E+03 6.386E-01 7.024E+00 2.000E+00
1.100E+07 5.518E+02 2.729E-01 3.366E-04 7.789E-05 1.609E+03 6.395E-01 7.025E+00 2.000E+00
9.662E+06 5.099E+02 2.795E-01 3.366E-04 1.100E-04 1.677E+03 6.413E-01 7.025E+00 2.000E+00
2.187E+08 6.917E+02 2.539E-01 3.366E-04 1.689E-04 1.465E+03 6.445E-01 7.027E+00 2.000E+00
1.778E+08 4.522E+02 2.893E-01 3.366E-04 2.769E-04 1.801E+03 6.503E-01 7.029E+00 2.000E+00
3.217E+07 7.566E+02 2.465E-01 3.366E-04 4.747E-04 1.435E+03 6.611E-01 7.034E+00 2.000E+00
1.319E+08 9.825E+02 2.242E-01 3.366E-04 8.375E-04 1.399E+03 6.789E-01 7.042E+00 2.000E+00
2.018E+07 5.494E+02 2.756E-01 3.366E-04 1.502E-03 1.641E+03 7.111E-01 7.057E+00 2.000E+00
5.385E+07 3.212E+02 3.213E-01 3.366E-04 2.721E-03 2.253E+03 7.617E-01 7.085E+00 2.000E+00
3.418E+07 4.152E+02 3.067E-01 3.366E-04 4.955E-03 2.000E+03 8.329E-01 7.136E+00 2.000E+00
7.313E+07 9.046E+02 2.307E-01 4.257E-04 3.937E-05 1.353E+03 6.378E-01 7.024E+00 2.000E+00
1.836E+07 8.172E+02 2.394E-01 4.257E-04 3.941E-05 1.387E+03 6.379E-01 7.024E+00 2.000E+00
2.261E+07 8.172E+02 2.394E-01 4.257E-04 3.948E-05 1.390E+03 6.379E-01 7.024E+00 2.000E+00
4.191E+07 8.172E+02 2.394E-01 4.257E-04 3.962E-05 1.387E+03 6.379E-01 7.024E+00 2.000E+00
4.442E+07 7.999E+02 2.413E-01 4.257E-04 3.987E-05 1.395E+03 6.379E-01 7.024E+00 2.000E+00
2.925E+08 9.028E+02 2.308E-01 4.257E-04 4.033E-05 1.395E+03 6.379E-01 7.024E+00 2.000E+00
2.753E+07 4.942E+02 2.818E-01 4.257E-04 4.118E-05 1.710E+03 6.379E-01 7.024E+00 2.000E+00
8.268E+07 4.602E+02 2.875E-01 4.257E-04 4.273E-05 1.782E+03 6.380E-01 7.024E+00 2.000E+00
1.427E+08 8.587E+02 2.352E-01 4.257E-04 4.558E-05 1.370E+03 6.382E-01 7.024E+00 2.000E+00
4.052E+07 9.118E+02 2.300E-01 4.257E-04 5.080E-05 1.352E+03 6.385E-01 7.024E+00 2.000E+00
6.743E+07 7.394E+02 2.481E-01 4.257E-04 6.036E-05 1.429E+03 6.390E-01 7.024E+00 2.000E+00
4.724E+07 8.596E+02 2.351E-01 4.257E-04 7.789E-05 1.371E+03 6.399E-01 7.025E+00 2.000E+00
1.074E+11 6.877E+02 2.543E-01 4.257E-04 1.100E-04 1.466E+03 6.417E-01 7.025E+00 2.000E+00
2.520E+08 9.751E+02 2.244E-01 4.257E-04 1.689E-04 1.344E+03 6.449E-01 7.027E+00 2.000E+00
1.512E+07 2.726E+02 3.229E-01 4.257E-04 2.769E-04 3.001E+03 6.508E-01 7.029E+00 2.000E+00
1.488E+08 6.974E+02 2.536E-01 4.257E-04 4.747E-04 1.471E+03 6.616E-01 7.034E+00 2.000E+00
4.597E+06 3.137E+02 3.169E-01 4.257E-04 8.375E-04 2.408E+03 6.793E-01 7.042E+00 2.000E+00
1.737E+07 4.160E+02 2.985E-01 4.257E-04 1.502E-03 1.892E+03 7.115E-01 7.057E+00 2.000E+00
1.316E+08 2.411E+02 3.395E-01 4.257E-04 2.721E-03 3.059E+03 7.622E-01 7.085E+00 2.000E+00
1.943E+07 4.123E+02 3.073E-01 4.257E-04 4.955E-03 2.006E+03 8.333E-01 7.136E+00 2.000E+00
1.198E+08 4.669E+02 2.863E-01 5.385E-04 3.937E-05 1.766E+03 6.384E-01 7.024E+00 2.000E+00
7.819E+07 9.028E+02 2.308E-01 5.385E-04 3.941E-05 1.355E+03 6.384E-01 7.024E+00 2.000E+00
1.506E+08 9.028E+02 2.308E-01 5.385E-04 3.948E-05 1.355E+03 6.384E-01 7.024E+00 2.000E+00
6.004E+07 8.882E+02 2.322E-01 5.385E-04 3.962E-05 1.359E+03 6.384E-01 7.024E+00 2.000E+00
2.779E+08 3.123E+02 3.145E-01 5.385E-04 3.987E-05 2.491E+03 6.384E-01 7.024E+00 2.000E+00
4.373E+08 4.942E+02 2.818E-01 5.385E-04 4.033E-05 1.707E+03 6.385E-01 7.024E+00 2.000E+00
3.832E+07 6.484E+02 2.593E-01 5.385E-04 4.118E-05 1.498E+03 6.385E-01 7.024E+00 2.000E+00
4.206E+07 5.372E+02 2.751E-01 5.385E-04 4.273E-05 1.631E+03 6.386E-01 7.024E+00 2.000E+00
3.693E+07 7.090E+02 2.517E-01 5.385E-04 4.558E-05 1.458E+03 6.387E-01 7.024E+00 2.000E+00
6.686E+07 4.541E+02 2.885E-01 5.385E-04 5.080E-05 1.809E+03 6.390E-01 7.024E+00 2.000E+00
9.131E+08 9.611E+02 2.255E-01 5.385E-04 6.036E-05 1.340E+03 6.396E-01 7.024E+00 2.000E+00
5.004E+07 8.835E+02 2.327E-01 5.385E-04 7.789E-05 1.363E+03 6.405E-01 7.025E+00 2.000E+00
1.321E+07 3.236E+02 3.126E-01 5.385E-04 1.100E-04 2.385E+03 6.423E-01 7.025E+00 2.000E+00
1.999E+07 9.785E+02 2.241E-01 5.385E-04 1.689E-04 1.343E+03 6.455E-01 7.027E+00 2.000E+00
5.998E+07 5.279E+02 2.769E-01 5.385E-04 2.769E-04 1.650E+03 6.513E-01 7.029E+00 2.000E+00
3.105E+08 3.755E+02 3.037E-01 5.385E-04 4.747E-04 2.059E+03 6.621E-01 7.034E+00 2.000E+00
4.017E+08 3.898E+02 3.019E-01 5.385E-04 8.375E-04 1.989E+03 6.799E-01 7.042E+00 2.000E+00
3.068E+08 6.699E+02 2.583E-01 5.385E-04 1.502E-03 1.550E+03 7.121E-01 7.057E+00 2.000E+00
3.903E+08 5.416E+02 2.788E-01 5.385E-04 2.721E-03 1.704E+03 7.627E-01 7.085E+00 2.000E+00
1.521E+07 4.992E+02 2.901E-01 5.385E-04 4.955E-03 1.986E+03 8.337E-01 7.136E+00 2.000E+00
2.188E+07 3.182E+02 3.134E-01 6.811E-04 3.937E-05 2.438E+03 6.391E-01 7.024E+00 2.000E+00
6.950E+07 3.182E+02 3.134E-01 6.811E-04 3.941E-05 2.437E+03 6.391E-01 7.024E+00 2.000E+00
6.671E+07 5.569E+02 2.721E-01 6.811E-04 3.948E-05 1.603E+03 6.391E-01 7.024E+00 2.000E+00
4.332E+07 2.765E+02 3.213E-01 6.811E-04 3.962E-05 2.956E+03 6.391E-01 7.024E+00 2.000E+00
4.275E+09 7.811E+02 2.433E-01 6.811E-04 3.987E-05 1.415E+03 6.391E-01 7.024E+00 2.000E+00
1.225E+07 5.972E+02 2.663E-01 6.811E-04 4.033E-05 1.551E+03 6.392E-01 7.024E+00 2.000E+00
4.112E+07 8.728E+02 2.338E-01 6.811E-04 4.118E-05 1.365E+03 6.392E-01 7.024E+00 2.000E+00
2.363E+07 8.683E+02 2.342E-01 6.811E-04 4.273E-05 1.384E+03 6.393E-01 7.024E+00 2.000E+00
1.848E+09 8.714E+02 2.339E-01 6.811E-04 4.558E-05 1.366E+03 6.395E-01 7.024E+00 2.000E+00
2.742E+08 5.031E+02 2.804E-01 6.811E-04 5.080E-05 1.690E+03 6.397E-01 7.024E+00 2.000E+00
8.089E+07 9.523E+02 2.263E-01 6.811E-04 6.036E-05 1.343E+03 6.403E-01 7.024E+00 2.000E+00
1.195E+07 2.883E+02 3.192E-01 6.811E-04 7.789E-05 2.768E+03 6.412E-01 7.025E+00 2.000E+00
2.577E+08 3.415E+02 3.091E-01 6.811E-04 1.100E-04 2.254E+03 6.430E-01 7.025E+00 2.000E+00
2.746E+07 9.785E+02 2.241E-01 6.811E-04 1.689E-04 1.344E+03 6.462E-01 7.027E+00 2.000E+00
2.457E+07 4.464E+02 2.903E-01 6.811E-04 2.769E-04 1.816E+03 6.521E-01 7.029E+00 2.000E+00
1.520E+08 6.802E+02 2.557E-01 6.811E-04 4.747E-04 1.484E+03 6.628E-01 7.034E+00 2.000E+00
1.558E+08 7.454E+02 2.482E-01 6.811E-04 8.375E-04 1.459E+03 6.806E-01 7.042E+00 2.000E+00
5.795E+07 6.040E+02 2.674E-01 6.811E-04 1.502E-03 1.586E+03 7.127E-01 7.057E+00 2.000E+00
3.769E+07 3.299E+02 3.194E-01 6.811E-04 2.721E-03 2.207E+03 7.633E-01 7.085E+00 2.000E+00
2.741E+07 4.655E+02 2.965E-01 6.811E-04 4.955E-03 1.975E+03 8.343E-01 7.136E+00 2.000E+00
2.124E+07 7.201E+02 2.503E-01 8.615E-04 3.937E-05 1.442E+03 6.400E-01 7.024E+00 2.000E+00
2.703E+07 7.201E+02 2.503E-01 8.615E-04 3.941E-05 1.442E+03 6.400E-01 7.024E+00 2.000E+00
5.758E+07 7.201E+02 2.503E-01 8.615E-04 3.948E-05 1.446E+03 6.400E-01 7.024E+00 2.000E+00
5.223E+07 7.110E+02 2.514E-01 8.615E-04 3.962E-05 1.449E+03 6.400E-01 7.024E+00 2.000E+00
7.917E+06 3.046E+02 3.160E-01 8.615E-04 3.987E-05 2.569E+03 6.400E-01 7.024E+00 2.000E+00
1.323E+08 4.276E+02 2.931E-01 8.615E-04 4.033E-05 1.872E+03 6.401E-01 7.024E+00 2.000E+00
4.071E+07 4.149E+02 2.954E-01 8.615E-04 4.118E-05 1.918E+03 6.401E-01 7.024E+00 2.000E+00
1.745E+08 7.582E+02 2.459E-01 8.615E-04 4.273E-05 1.419E+03 6.402E-01 7.024E+00 2.000E+00
1.311E+07 8.850E+02 2.326E-01 8.615E-04 4.558E-05 1.362E+03 6.403E-01 7.024E+00 2.000E+00
1.689E+08 9.361E+02 2.278E-01 8.615E-04 5.080E-05 1.347E+03 6.406E-01 7.024E+00 2.000E+00
1.572E+09 8.318E+02 2.379E-01 8.615E-04 6.036E-05 1.425E+03 6.411E-01 7.024E+00 2.000E+00
3.073E+07 3.788E+02 3.020E-01 8.615E-04 7.789E-05 2.053E+03 6.421E-01 7.025E+00 2.000E+00
7.781E+07 6.281E+02 2.621E-01 8.615E-04 1.100E-04 1.520E+03 6.439E-01 7.025E+00 2.000E+00
5.826E+07 9.785E+02 2.241E-01 8.615E-04 1.689E-04 1.346E+03 6.471E-01 7.027E+00 2.000E+00
8.371E+07 4.450E+02 2.906E-01 8.615E-04 2.769E-04 1.820E+03 6.529E-01 7.029E+00 2.000E+00
5.992E+08 8.250E+02 2.390E-01 8.615E-04 4.747E-04 1.406E+03 6.637E-01 7.034E+00 2.000E+00
1.547E+07 3.419E+02 3.112E-01 8.615E-04 8.375E-04 2.212E+03 6.814E-01 7.042E+00 2.000E+00
1.594E+07 9.105E+02 2.313E-01 8.615E-04 1.502E-03 1.486E+03 7.136E-01 7.057E+00 2.000E+00
3.150E+07 6.484E+02 2.628E-01 8.615E-04 2.721E-03 1.646E+03 7.641E-01 7.085E+00 2.000E+00
4.543E+07 4.740E+02 2.948E-01 8.615E-04 4.955E-03 1.980E+03 8.350E-01 7.136E+00 2.000E+00
4.740E+08 7.448E+02 2.474E-01 1.090E-03 3.937E-05 1.427E+03 6.411E-01 7.024E+00 2.000E+00
8.876E+07 7.395E+02 2.480E-01 1.090E-03 3.941E-05 1.430E+03 6.411E-01 7.024E+00 2.000E+00
1.095E+07 3.452E+02 3.082E-01 1.090E-03 3.948E-05 2.269E+03 6.411E-01 7.024E+00 2.000E+00
9.592E+07 3.359E+02 3.100E-01 1.090E-03 3.962E-05 2.297E+03 6.412E-01 7.024E+00 2.000E+00
3.105E+07 8.683E+02 2.342E-01 1.090E-03 3.987E-05 1.368E+03 6.412E-01 7.024E+00 2.000E+00
2.576E+08 4.452E+02 2.900E-01 1.090E-03 4.033E-05 1.822E+03 6.412E-01 7.024E+00 2.000E+00
4.055E+08 6.751E+02 2.559E-01 1.090E-03 4.118E-05 1.476E+03 6.412E-01 7.024E+00 2.000E+00
3.618E+07 8.836E+02 2.327E-01 1.090E-03 4.273E-05 1.364E+03 6.413E-01 7.024E+00 2.000E+00
4.210E+09 4.012E+02 2.978E-01 1.090E-03 4.558E-05 1.962E+03 6.415E-01 7.024E+00 2.000E+00
3.181E+07 4.735E+02 2.853E-01 1.090E-03 5.080E-05 1.752E+03 6.418E-01 7.024E+00 2.000E+00
6.311E+07 8.132E+02 2.399E-01 1.090E-03 6.036E-05 1.392E+03 6.423E-01 7.024E+00 2.000E+00
6.362E+06 3.297E+02 3.113E-01 1.090E-03 7.789E-05 2.340E+03 6.432E-01 7.025E+00 2.000E+00
1.714E+07 5.077E+02 2.798E-01 1.090E-03 1.100E-04 1.683E+03 6.450E-01 7.025E+00 2.000E+00
5.739E+08 9.236E+02 2.290E-01 1.090E-03 1.689E-04 1.358E+03 6.482E-01 7.027E+00 2.000E+00
3.094E+07 5.272E+02 2.770E-01 1.090E-03 2.769E-04 1.651E+03 6.541E-01 7.029E+00 2.000E+00
3.334E+07 7.081E+02 2.523E-01 1.090E-03 4.747E-04 1.467E+03 6.649E-01 7.034E+00 2.000E+00
6.385E+07 2.895E+02 3.217E-01 1.090E-03 8.375E-04 2.644E+03 6.826E-01 7.042E+00 2.000E+00
4.444E+07 8.959E+02 2.327E-01 1.090E-03 1.502E-03 1.486E+03 7.147E-01 7.057E+00 2.000E+00
3.355E+07 8.064E+02 2.432E-01 1.090E-03 2.721E-03 1.708E+03 7.652E-01 7.085E+00 2.000E+00
5.710E+08 2.355E+02 3.509E-01 1.090E-03 4.955E-03 2.820E+03 8.360E-01 7.136E+00 2.000E+00
2.551E+07 5.154E+02 2.785E-01 1.378E-03 3.937E-05 1.670E+03 6.426E-01 7.024E+00 2.000E+00
6.028E+07 5.154E+02 2.785E-01 1.378E-03 3.941E-05 1.670E+03 6.426E-01 7.024E+00 2.000E+00
3.031E+07 3.956E+02 2.988E-01 1.378E-03 3.948E-05 1.984E+03 6.426E-01 7.024E+00 2.000E+00
3.437E+07 3.900E+02 2.999E-01 1.378E-03 3.962E-05 2.006E+03 6.426E-01 7.024E+00 2.000E+00
1.085E+08 6.942E+02 2.535E-01 1.378E-03 3.987E-05 1.463E+03 6.426E-01 7.024E+00 2.000E+00
2.982E+07 2.825E+02 3.202E-01 1.378E-03 4.033E-05 2.855E+03 6.426E-01 7.024E+00 2.000E+00
4.232E+07 8.942E+02 2.317E-01 1.378E-03 4.118E-05 1.361E+03 6.427E-01 7.024E+00 2.000E+00
2.568E+07 7.792E+02 2.435E-01 1.378E-03 4.273E-05 1.409E+03 6.427E-01 7.024E+00 2.000E+00
1.326E+08 5.894E+02 2.674E-01 1.378E-03 4.558E-05 1.562E+03 6.429E-01 7.024E+00 2.000E+00
5.466E+07 9.588E+02 2.257E-01 1.378E-03 5.080E-05 1.344E+03 6.432E-01 7.024E+00 2.000E+00
4.080E+08 7.024E+02 2.525E-01 1.378E-03 6.036E-05 1.458E+03 6.437E-01 7.024E+00 2.000E+00
1.902E+07 4.844E+02 2.835E-01 1.378E-03 7.789E-05 1.729E+03 6.447E-01 7.025E+00 2.000E+00
5.380E+07 8.062E+02 2.407E-01 1.378E-03 1.100E-04 1.399E+03 6.464E-01 7.025E+00 2.000E+00
5.156E+07 5.250E+02 2.772E-01 1.378E-03 1.689E-04 1.657E+03 6.496E-01 7.027E+00 2.000E+00
1.490E+07 3.106E+02 3.156E-01 1.378E-03 2.769E-04 2.485E+03 6.555E-01 7.029E+00 2.000E+00
1.736E+08 8.987E+02 2.316E-01 1.378E-03 4.747E-04 1.386E+03 6.663E-01 7.034E+00 2.000E+00
1.820E+08 8.977E+02 2.320E-01 1.378E-03 8.375E-04 1.415E+03 6.840E-01 7.042E+00 2.000E+00
6.569E+07 7.787E+02 2.451E-01 1.378E-03 1.502E-03 1.497E+03 7.161E-01 7.057E+00 2.000E+00
1.595E+07 3.413E+02 3.169E-01 1.378E-03 2.721E-03 2.156E+03 7.665E-01 7.085E+00 2.000E+00
2.757E+07 3.211E+02 3.285E-01 1.378E-03 4.955E-03 2.230E+03 8.371E-01 7.136E+00 2.000E+00
1.581E+07 8.766E+02 2.334E-01 1.743E-03 3.937E-05 1.368E+03 6.444E-01 7.024E+00 2.000E+00
1.666E+07 8.766E+02 2.334E-01 1.743E-03 3.941E-05 1.369E+03 6.444E-01 7.024E+00 2.000E+00
1.026E+08 3.728E+02 3.031E-01 1.743E-03 3.948E-05 2.084E+03 6.444E-01 7.024E+00 2.000E+00
2.372E+07 8.766E+02 2.334E-01 1.743E-03 3.962E-05 1.368E+03 6.444E-01 7.024E+00 2.000E+00
5.495E+07 8.766E+02 2.334E-01 1.743E-03 3.987E-05 1.368E+03 6.444E-01 7.024E+00 2.000E+00
4.246E+07 6.148E+02 2.638E-01 1.743E-03 4.033E-05 1.534E+03 6.444E-01 7.024E+00 2.000E+00
3.070E+07 9.118E+02 2.300E-01 1.743E-03 4.118E-05 1.357E+03 6.445E-01 7.024E+00 2.000E+00
5.697E+07 5.894E+02 2.674E-01 1.743E-03 4.273E-05 1.563E+03 6.446E-01 7.024E+00 2.000E+00
2.492E+07 6.288E+02 2.619E-01 1.743E-03 4.558E-05 1.521E+03 6.447E-01 7.024E+00 2.000E+00
3.427E+07 9.611E+02 2.255E-01 1.743E-03 5.080E-05 1.345E+03 6.450E-01 7.024E+00 2.000E+00
1.511E+07 4.210E+02 2.943E-01 1.743E-03 6.036E-05 1.894E+03 6.455E-01 7.024E+00 2.000E+00
2.378E+07 7.296E+02 2.492E-01 1.743E-03 7.789E-05 1.440E+03 6.465E-01 7.025E+00 2.000E+00
5.683E+08 3.894E+02 3.002E-01 1.743E-03 1.100E-04 2.008E+03 6.482E-01 7.025E+00 2.000E+00
9.036E+07 4.809E+02 2.843E-01 1.743E-03 1.689E-04 1.737E+03 6.514E-01 7.027E+00 2.000E+00
3.771E+09 8.758E+02 2.337E-01 1.743E-03 2.769E-04 1.382E+03 6.573E-01 7.029E+00 2.000E+00
3.578E+07 8.536E+02 2.361E-01 1.743E-03 4.747E-04 1.401E+03 6.681E-01 7.034E+00 2.000E+00
1.446E+08 8.782E+02 2.339E-01 1.743E-03 8.375E-04 1.420E+03 6.857E-01 7.042E+00 2.000E+00
3.190E+07 4.580E+02 2.908E-01 1.743E-03 1.502E-03 1.794E+03 7.178E-01 7.057E+00 2.000E+00
1.402E+07 7.723E+02 2.471E-01 1.743E-03 2.721E-03 1.686E+03 7.682E-01 7.085E+00 2.000E+00
9.611E+06 5.453E+02 2.819E-01 1.743E-03 4.955E-03 2.119E+03 8.386E-01 7.136E+00 2.000E+00
1.037E+08 9.421E+02 2.272E-01 2.205E-03 3.937E-05 1.351E+03 6.467E-01 7.024E+00 2.000E+00
2.485E+07 5.658E+02 2.708E-01 2.205E-03 3.941E-05 1.594E+03 6.467E-01 7.024E+00 2.000E+00
2.447E+08 5.658E+02 2.708E-01 2.205E-03 3.948E-05 1.594E+03 6.467E-01 7.024E+00 2.000E+00
2.685E+07 3.296E+02 3.112E-01 2.205E-03 3.962E-05 2.346E+03 6.467E-01 7.024E+00 2.000E+00
3.676E+07 4.680E+02 2.862E-01 2.205E-03 3.987E-05 1.767E+03 6.467E-01 7.024E+00 2.000E+00
2.253E+07 9.361E+02 2.277E-01 2.205E-03 4.033E-05 1.352E+03 6.467E-01 7.024E+00 2.000E+00
2.403E+08 9.361E+02 2.277E-01 2.205E-03 4.118E-05 1.352E+03 6.468E-01 7.024E+00 2.000E+00
1.368E+07 8.590E+02 2.351E-01 2.205E-03 4.273E-05 1.376E+03 6.468E-01 7.024E+00 2.000E+00
2.305E+08 6.548E+02 2.585E-01 2.205E-03 4.558E-05 1.497E+03 6.470E-01 7.024E+00 2.000E+00
1.009E+08 9.485E+02 2.266E-01 2.205E-03 5.080E-05 1.350E+03 6.473E-01 7.024E+00 2.000E+00
7.472E+07 6.045E+02 2.653E-01 2.205E-03 6.036E-05 1.547E+03 6.478E-01 7.024E+00 2.000E+00
3.207E+07 9.117E+02 2.300E-01 2.205E-03 7.789E-05 1.366E+03 6.488E-01 7.025E+00 2.000E+00
6.062E+08 8.997E+02 2.312E-01 2.205E-03 1.100E-04 1.367E+03 6.505E-01 7.025E+00 2.000E+00
3.369E+07 4.344E+02 2.922E-01 2.205E-03 1.689E-04 1.853E+03 6.537E-01 7.027E+00 2.000E+00
3.147E+07 9.737E+02 2.246E-01 2.205E-03 2.769E-04 1.361E+03 6.596E-01 7.029E+00 2.000E+00
2.347E+09 8.410E+02 2.373E-01 2.205E-03 4.747E-04 1.407E+03 6.703E-01 7.034E+00 2.000E+00
3.217E+07 6.932E+02 2.545E-01 2.205E-03 8.375E-04 1.496E+03 6.880E-01 7.042E+00 2.000E+00
5.617E+07 3.315E+02 3.153E-01 2.205E-03 1.502E-03 2.246E+03 7.200E-01 7.057E+00 2.000E+00
3.564E+07 8.219E+02 2.415E-01 2.205E-03 2.721E-03 1.763E+03 7.703E-01 7.085E+00 2.000E+00
3.587E+07 3.234E+02 3.279E-01 2.205E-03 4.955E-03 2.228E+03 8.404E-01 7.136E+00 2.000E+00
1.562E+07 4.085E+02 2.965E-01 2.789E-03 3.937E-05 1.938E+03 6.496E-01 7.024E+00 2.000E+00
2.733E+07 4.085E+02 2.965E-01 2.789E-03 3.941E-05 1.939E+03 6.496E-01 7.024E+00 2.000E+00
8.675E+07 9.638E+02 2.253E-01 2.789E-03 3.948E-05 1.349E+03 6.496E-01 7.024E+00 2.000E+00
1.322E+08 9.638E+02 2.253E-01 2.789E-03 3.962E-05 1.349E+03 6.496E-01 7.024E+00 2.000E+00
5.663E+07 4.000E+02 2.981E-01 2.789E-03 3.987E-05 1.970E+03 6.496E-01 7.024E+00 2.000E+00
3.423E+07 9.588E+02 2.257E-01 2.789E-03 4.033E-05 1.350E+03 6.496E-01 7.024E+00 2.000E+00
5.737E+07 6.598E+02 2.578E-01 2.789E-03 4.118E-05 1.495E+03 6.497E-01 7.024E+00 2.000E+00
3.610E+07 7.394E+02 2.480E-01 2.789E-03 4.273E-05 1.436E+03 6.497E-01 7.024E+00 2.000E+00
6.842E+08 7.690E+02 2.447E-01 2.789E-03 4.558E-05 1.420E+03 6.499E-01 7.024E+00 2.000E+00
1.699E+07 5.999E+02 2.659E-01 2.789E-03 5.080E-05 1.554E+03 6.502E-01 7.024E+00 2.000E+00
4.718E+07 4.770E+02 2.847E-01 2.789E-03 6.036E-05 1.748E+03 6.507E-01 7.024E+00 2.000E+00
1.232E+08 5.592E+02 2.718E-01 2.789E-03 7.789E-05 1.605E+03 6.516E-01 7.025E+00 2.000E+00
7.227E+08 5.821E+02 2.685E-01 2.789E-03 1.100E-04 1.576E+03 6.534E-01 7.025E+00 2.000E+00
2.307E+07 4.231E+02 2.942E-01 2.789E-03 1.689E-04 1.888E+03 6.566E-01 7.027E+00 2.000E+00
3.685E+07 8.557E+02 2.357E-01 2.789E-03 2.769E-04 1.393E+03 6.625E-01 7.029E+00 2.000E+00
3.776E+07 8.681E+02 2.346E-01 2.789E-03 4.747E-04 1.401E+03 6.732E-01 7.034E+00 2.000E+00
7.607E+10 5.593E+02 2.730E-01 2.789E-03 8.375E-04 1.620E+03 6.908E-01 7.042E+00 2.000E+00
1.122E+07 2.338E+02 3.356E-01 2.789E-03 1.502E-03 3.573E+03 7.228E-01 7.057E+00 2.000E+00
4.098E+07 5.847E+02 2.721E-01 2.789E-03 2.721E-03 1.722E+03 7.729E-01 7.085E+00 2.000E+00
6.553E+07 4.724E+02 2.951E-01 2.789E-03 4.955E-03 2.018E+03 8.428E-01 7.136E+00 2.000E+00
1.605E+08 9.504E+02 2.264E-01 3.528E-03 3.937E-05 1.355E+03 6.532E-01 7.024E+00 2.000E+00
2.197E+08 9.504E+02 2.264E-01 3.528E-03 3.941E-05 1.356E+03 6.532E-01 7.024E+00 2.000E+00
7.003E+08 9.504E+02 2.264E-01 3.528E-03 3.948E-05 1.391E+03 6.532E-01 7.024E+00 2.000E+00
1.891E+07 4.940E+02 2.819E-01 3.528E-03 3.962E-05 1.714E+03 6.532E-01 7.024E+00 2.000E+00
2.773E+07 3.062E+02 3.157E-01 3.528E-03 3.987E-05 2.555E+03 6.532E-01 7.024E+00 2.000E+00
1.581E+08 7.536E+02 2.464E-01 3.528E-03 4.033E-05 1.430E+03 6.533E-01 7.024E+00 2.000E+00
6.526E+07 9.485E+02 2.266E-01 3.528E-03 4.118E-05 1.357E+03 6.533E-01 7.024E+00 2.000E+00
2.473E+08 4.771E+02 2.846E-01 3.528E-03 4.273E-05 1.752E+03 6.534E-01 7.024E+00 2.000E+00
1.652E+08 4.332E+02 2.921E-01 3.528E-03 4.558E-05 1.860E+03 6.535E-01 7.024E+00 2.000E+00
8.495E+07 7.004E+02 2.527E-01 3.528E-03 5.080E-05 1.465E+03 6.538E-01 7.024E+00 2.000E+00
5.766E+06 3.534E+02 3.068E-01 3.528E-03 6.036E-05 2.188E+03 6.544E-01 7.024E+00 2.000E+00
5.057E+08 7.621E+02 2.455E-01 3.528E-03 7.789E-05 1.430E+03 6.553E-01 7.025E+00 2.000E+00
4.679E+07 8.553E+02 2.356E-01 3.528E-03 1.100E-04 1.387E+03 6.571E-01 7.025E+00 2.000E+00
1.156E+07 7.052E+02 2.523E-01 3.528E-03 1.689E-04 1.466E+03 6.603E-01 7.027E+00 2.000E+00
6.483E+07 7.477E+02 2.473E-01 3.528E-03 2.769E-04 1.443E+03 6.662E-01 7.029E+00 2.000E+00
9.800E+07 9.229E+02 2.293E-01 3.528E-03 4.747E-04 1.393E+03 6.768E-01 7.034E+00 2.000E+00
2.433E+08 9.165E+02 2.302E-01 3.528E-03 8.375E-04 1.427E+03 6.944E-01 7.042E+00 2.000E+00
8.882E+08 6.512E+02 2.608E-01 3.528E-03 1.502E-03 1.564E+03 7.263E-01 7.057E+00 2.000E+00
1.181E+07 2.057E+02 3.472E-01 3.528E-03 2.721E-03 4.134E+03 7.763E-01 7.085E+00 2.000E+00
8.339E+06 5.271E+02 2.851E-01 3.528E-03 4.955E-03 2.135E+03 8.457E-01 7.136E+00 2.000E+00
2.857E+07 6.394E+02 2.605E-01 4.462E-03 3.937E-05 1.518E+03 6.578E-01 7.024E+00 2.000E+00
9.654E+06 3.600E+02 3.055E-01 4.462E-03 3.941E-05 2.154E+03 6.578E-01 7.024E+00 2.000E+00
1.190E+07 3.535E+02 3.067E-01 4.462E-03 3.948E-05 2.190E+03 6.578E-01 7.024E+00 2.000E+00
1.850E+08 3.461E+02 3.081E-01 4.462E-03 3.962E-05 2.235E+03 6.578E-01 7.024E+00 2.000E+00
4.771E+07 9.038E+02 2.308E-01 4.462E-03 3.987E-05 1.385E+03 6.579E-01 7.024E+00 2.000E+00
1.113E+08 7.145E+02 2.510E-01 4.462E-03 4.033E-05 1.458E+03 6.579E-01 7.024E+00 2.000E+00
3.252E+08 3.715E+02 3.033E-01 4.462E-03 4.118E-05 2.095E+03 6.579E-01 7.024E+00 2.000E+00
2.579E+07 9.002E+02 2.311E-01 4.462E-03 4.273E-05 1.375E+03 6.580E-01 7.024E+00 2.000E+00
3.114E+07 5.663E+02 2.707E-01 4.462E-03 4.558E-05 1.600E+03 6.582E-01 7.024E+00 2.000E+00
4.410E+07 6.064E+02 2.650E-01 4.462E-03 5.080E-05 1.553E+03 6.585E-01 7.024E+00 2.000E+00
2.706E+07 5.222E+02 2.774E-01 4.462E-03 6.036E-05 1.666E+03 6.590E-01 7.024E+00 2.000E+00
1.322E+08 8.636E+02 2.347E-01 4.462E-03 7.789E-05 1.386E+03 6.599E-01 7.025E+00 2.000E+00
3.643E+07 7.348E+02 2.487E-01 4.462E-03 1.100E-04 1.447E+03 6.617E-01 7.025E+00 2.000E+00
4.353E+07 8.233E+02 2.389E-01 4.462E-03 1.689E-04 1.406E+03 6.649E-01 7.027E+00 2.000E+00
4.168E+07 4.002E+02 2.986E-01 4.462E-03 2.769E-04 1.967E+03 6.708E-01 7.029E+00 2.000E+00
2.733E+07 5.260E+02 2.776E-01 4.462E-03 4.747E-04 1.664E+03 6.813E-01 7.034E+00 2.000E+00
7.520E+07 2.287E+02 3.334E-01 4.462E-03 8.375E-04 4.107E+03 6.990E-01 7.042E+00 2.000E+00
3.275E+07 6.552E+02 2.603E-01 4.462E-03 1.502E-03 1.612E+03 7.307E-01 7.057E+00 2.000E+00
1.895E+08 4.262E+02 2.994E-01 4.462E-03 2.721E-03 1.897E+03 7.806E-01 7.085E+00 2.000E+00
2.789E+08 4.590E+02 2.977E-01 4.462E-03 4.955E-03 2.048E+03 8.495E-01 7.137E+00 2.000E+00
4.597E+07 3.356E+02 3.101E-01 5.644E-03 3.937E-05 2.306E+03 6.637E-01 7.024E+00 2.000E+00
2.134E+07 3.594E+02 3.056E-01 5.644E-03 3.941E-05 2.159E+03 6.637E-01 7.024E+00 2.000E+00
6.949E+07 4.163E+02 2.951E-01 5.644E-03 3.948E-05 1.918E+03 6.637E-01 7.024E+00 2.000E+00
7.316E+08 8.377E+02 2.373E-01 5.644E-03 3.962E-05 1.399E+03 6.637E-01 7.024E+00 2.000E+00
7.519E+07 4.209E+02 2.943E-01 5.644E-03 3.987E-05 1.903E+03 6.637E-01 7.024E+00 2.000E+00
1.741E+07 7.978E+02 2.415E-01 5.644E-03 4.033E-05 1.416E+03 6.637E-01 7.024E+00 2.000E+00
9.959E+07 8.765E+02 2.334E-01 5.644E-03 4.118E-05 1.385E+03 6.638E-01 7.024E+00 2.000E+00
2.237E+07 6.770E+02 2.556E-01 5.644E-03 4.273E-05 1.489E+03 6.639E-01 7.024E+00 2.000E+00
1.765E+07 7.490E+02 2.469E-01 5.644E-03 4.558E-05 1.441E+03 6.640E-01 7.024E+00 2.000E+00
2.410E+08 3.774E+02 3.023E-01 5.644E-03 5.080E-05 2.106E+03 6.643E-01 7.024E+00 2.000E+00
9.888E+07 7.996E+02 2.413E-01 5.644E-03 6.036E-05 1.416E+03 6.648E-01 7.024E+00 2.000E+00
4.214E+07 7.159E+02 2.509E-01 5.644E-03 7.789E-05 1.463E+03 6.658E-01 7.025E+00 2.000E+00
3.564E+07 9.610E+02 2.256E-01 5.644E-03 1.100E-04 1.370E+03 6.675E-01 7.025E+00 2.000E+00
5.252E+07 5.358E+02 2.755E-01 5.644E-03 1.689E-04 1.656E+03 6.707E-01 7.027E+00 2.000E+00
4.161E+08 5.349E+02 2.758E-01 5.644E-03 2.769E-04 1.651E+03 6.766E-01 7.029E+00 2.000E+00
1.483E+08 7.366E+02 2.489E-01 5.644E-03 4.747E-04 1.467E+03 6.871E-01 7.034E+00 2.000E+00
6.586E+07 4.868E+02 2.846E-01 5.644E-03 8.375E-04 1.740E+03 7.048E-01 7.042E+00 2.000E+00
4.556E+07 5.732E+02 2.720E-01 5.644E-03 1.502E-03 1.639E+03 7.363E-01 7.057E+00 2.000E+00
4.010E+08 7.702E+02 2.473E-01 5.644E-03 2.721E-03 1.779E+03 7.860E-01 7.085E+00 2.000E+00
4.704E+08 3.554E+02 3.202E-01 5.644E-03 4.955E-03 2.254E+03 8.542E-01 7.137E+00 2.000E+00
1.914E+07 5.824E+02 2.684E-01 7.139E-03 3.937E-05 1.586E+03 6.711E-01 7.024E+00 2.000E+00
2.879E+07 5.824E+02 2.684E-01 7.139E-03 3.941E-05 1.586E+03 6.711E-01 7.024E+00 2.000E+00
3.732E+10 5.824E+02 2.684E-01 7.139E-03 3.948E-05 1.586E+03 6.711E-01 7.024E+00 2.000E+00
2.767E+07 3.896E+02 3.000E-01 7.139E-03 3.962E-05 2.019E+03 6.711E-01 7.024E+00 2.000E+00
5.262E+07 6.662E+02 2.570E-01 7.139E-03 3.987E-05 1.502E+03 6.711E-01 7.024E+00 2.000E+00
4.037E+07 7.175E+02 2.506E-01 7.139E-03 4.033E-05 1.465E+03 6.711E-01 7.024E+00 2.000E+00
3.117E+07 9.088E+02 2.303E-01 7.139E-03 4.118E-05 1.384E+03 6.712E-01 7.024E+00 2.000E+00
5.799E+08 9.117E+02 2.300E-01 7.139E-03 4.273E-05 1.383E+03 6.713E-01 7.024E+00 2.000E+00
3.659E+07 6.867E+02 2.544E-01 7.139E-03 4.558E-05 1.487E+03 6.714E-01 7.024E+00 2.000E+00
2.509E+07 2.821E+02 3.204E-01 7.139E-03 5.080E-05 2.863E+03 6.717E-01 7.024E+00 2.000E+00
1.372E+07 4.103E+02 2.963E-01 7.139E-03 6.036E-05 1.941E+03 6.722E-01 7.024E+00 2.000E+00
2.857E+07 8.233E+02 2.388E-01 7.139E-03 7.789E-05 1.413E+03 6.732E-01 7.025E+00 2.000E+00
1.851E+08 8.996E+02 2.312E-01 7.139E-03 1.100E-04 1.391E+03 6.749E-01 7.025E+00 2.000E+00
2.856E+07 4.134E+02 2.960E-01 7.139E-03 1.689E-04 1.928E+03 6.781E-01 7.027E+00 2.000E+00
9.170E+07 9.424E+02 2.274E-01 7.139E-03 2.769E-04 1.396E+03 6.840E-01 7.029E+00 2.000E+00
7.962E+07 7.187E+02 2.510E-01 7.139E-03 4.747E-04 1.486E+03 6.944E-01 7.034E+00 2.000E+00
3.863E+07 8.172E+02 2.402E-01 7.139E-03 8.375E-04 1.469E+03 7.120E-01 7.042E+00 2.000E+00
3.222E+07 9.408E+02 2.285E-01 7.139E-03 1.502E-03 1.590E+03 7.434E-01 7.057E+00 2.000E+00
4.455E+07 6.353E+02 2.646E-01 7.139E-03 2.721E-03 1.718E+03 7.928E-01 7.085E+00 2.000E+00
3.404E+06 3.919E+02 3.118E-01 7.139E-03 4.955E-03 2.118E+03 8.602E-01 7.137E+00 2.000E+00
1.859E+08 7.295E+02 2.492E-01 9.029E-03 3.937E-05 1.465E+03 6.805E-01 7.024E+00 2.000E+00
4.428E+08 8.544E+02 2.356E-01 9.029E-03 3.941E-05 1.408E+03 6.805E-01 7.024E+00 2.000E+00
6.571E+07 3.712E+02 3.034E-01 9.029E-03 3.948E-05 2.105E+03 6.805E-01 7.024E+00 2.000E+00
4.041E+08 8.195E+02 2.392E-01 9.029E-03 3.962E-05 1.421E+03 6.805E-01 7.024E+00 2.000E+00
6.186E+07 8.169E+02 2.395E-01 9.029E-03 3.987E-05 1.423E+03 6.805E-01 7.024E+00 2.000E+00
4.206E+08 7.706E+02 2.445E-01 9.029E-03 4.033E-05 1.442E+03 6.805E-01 7.024E+00 2.000E+00
4.826E+07 7.013E+02 2.526E-01 9.029E-03 4.118E-05 1.483E+03 6.806E-01 7.024E+00 2.000E+00
1.466E+08 8.880E+02 2.323E-01 9.029E-03 4.273E-05 1.400E+03 6.806E-01 7.024E+00 2.000E+00
5.462E+09 9.530E+02 2.262E-01 9.029E-03 4.558E-05 1.386E+03 6.808E-01 7.024E+00 2.000E+00
2.224E+07 6.468E+02 2.595E-01 9.029E-03 5.080E-05 1.531E+03 6.811E-01 7.024E+00 2.000E+00
3.699E+07 9.215E+02 2.291E-01 9.029E-03 6.036E-05 1.394E+03 6.816E-01 7.024E+00 2.000E+00
4.909E+07 4.591E+02 2.878E-01 9.029E-03 7.789E-05 1.803E+03 6.826E-01 7.025E+00 2.000E+00
3.979E+07 9.785E+02 2.240E-01 9.029E-03 1.100E-04 1.389E+03 6.843E-01 7.025E+00 2.000E+00
2.209E+07 8.202E+02 2.392E-01 9.029E-03 1.689E-04 1.428E+03 6.875E-01 7.027E+00 2.000E+00
8.465E+07 8.276E+02 2.386E-01 9.029E-03 2.769E-04 1.433E+03 6.934E-01 7.029E+00 2.000E+00
1.406E+07 3.499E+02 3.087E-01 9.029E-03 4.747E-04 2.200E+03 7.036E-01 7.034E+00 2.000E+00
1.391E+07 7.946E+02 2.426E-01 9.029E-03 8.375E-04 1.486E+03 7.212E-01 7.042E+00 2.000E+00
9.493E+06 2.651E+02 3.293E-01 9.029E-03 1.502E-03 2.892E+03 7.524E-01 7.057E+00 2.000E+00
8.173E+09 6.613E+02 2.610E-01 9.029E-03 2.721E-03 1.751E+03 8.015E-01 7.085E+00 2.000E+00
1.680E+07 4.247E+02 3.048E-01 9.029E-03 4.955E-03 2.159E+03 8.678E-01 7.137E+00 2.000E+00
4.611E+07 5.046E+02 2.802E-01 1.142E-02 3.937E-05 1.715E+03 6.923E-01 7.024E+00 2.000E+00
1.114E+08 5.076E+02 2.797E-01 1.142E-02 3.941E-05 1.708E+03 6.923E-01 7.024E+00 2.000E+00
1.053E+08 9.610E+02 2.255E-01 1.142E-02 3.948E-05 1.399E+03 6.923E-01 7.024E+00 2.000E+00
1.769E+07 5.498E+02 2.732E-01 1.142E-02 3.962E-05 1.644E+03 6.923E-01 7.024E+00 2.000E+00
2.555E+07 5.365E+02 2.752E-01 1.142E-02 3.987E-05 1.662E+03 6.923E-01 7.024E+00 2.000E+00
2.717E+07 3.561E+02 3.063E-01 1.142E-02 4.033E-05 2.188E+03 6.923E-01 7.024E+00 2.000E+00
1.295E+09 7.819E+02 2.432E-01 1.142E-02 4.118E-05 1.447E+03 6.924E-01 7.024E+00 2.000E+00
4.122E+07 7.390E+02 2.481E-01 1.142E-02 4.273E-05 1.469E+03 6.925E-01 7.024E+00 2.000E+00
2.002E+07 8.425E+02 2.368E-01 1.142E-02 4.558E-05 1.424E+03 6.926E-01 7.024E+00 2.000E+00
4.079E+07 9.484E+02 2.266E-01 1.142E-02 5.080E-05 1.402E+03 6.929E-01 7.024E+00 2.000E+00
4.119E+07 4.849E+02 2.834E-01 1.142E-02 6.036E-05 1.754E+03 6.934E-01 7.024E+00 2.000E+00
1.327E+08 6.543E+02 2.586E-01 1.142E-02 7.789E-05 1.528E+03 6.944E-01 7.025E+00 2.000E+00
1.555E+08 5.040E+02 2.804E-01 1.142E-02 1.100E-04 1.716E+03 6.961E-01 7.025E+00 2.000E+00
2.140E+07 7.661E+02 2.451E-01 1.142E-02 1.689E-04 1.475E+03 6.993E-01 7.027E+00 2.000E+00
4.046E+07 5.570E+02 2.725E-01 1.142E-02 2.769E-04 1.637E+03 7.052E-01 7.029E+00 2.000E+00
4.533E+07 8.749E+02 2.339E-01 1.142E-02 4.747E-04 1.471E+03 7.152E-01 7.034E+00 2.000E+00
3.227E+07 9.145E+02 2.304E-01 1.142E-02 8.375E-04 1.499E+03 7.329E-01 7.042E+00 2.000E+00
4.398E+07 3.543E+02 3.107E-01 1.142E-02 1.502E-03 2.151E+03 7.637E-01 7.057E+00 2.000E+00
1.667E+08 7.362E+02 2.514E-01 1.142E-02 2.721E-03 1.915E+03 8.124E-01 7.085E+00 2.000E+00
1.142E+07 2.475E+02 3.479E-01 1.142E-02 4.955E-03 2.757E+03 8.774E-01 7.137E+00 2.000E+00
3.491E+08 4.526E+02 2.888E-01 1.445E-02 3.937E-05 1.838E+03 7.073E-01 7.024E+00 2.000E+00
4.302E+07 9.587E+02 2.257E-01 1.445E-02 3.941E-05 1.421E+03 7.073E-01 7.024E+00 2.000E+00
4.770E+07 9.587E+02 2.257E-01 1.445E-02 3.948E-05 1.426E+03 7.073E-01 7.024E+00 2.000E+00
9.284E+06 5.363E+02 2.753E-01 1.445E-02 3.962E-05 1.670E+03 7.073E-01 7.024E+00 2.000E+00
2.246E+07 2.635E+02 3.239E-01 1.445E-02 3.987E-05 3.218E+03 7.073E-01 7.024E+00 2.000E+00
5.528E+07 9.797E+02 2.239E-01 1.445E-02 4.033E-05 1.420E+03 7.074E-01 7.024E+00 2.000E+00
1.562E+07 5.145E+02 2.786E-01 1.445E-02 4.118E-05 1.705E+03 7.074E-01 7.024E+00 2.000E+00
2.740E+08 4.530E+02 2.888E-01 1.445E-02 4.273E-05 1.832E+03 7.075E-01 7.024E+00 2.000E+00
3.585E+07 4.014E+02 2.979E-01 1.445E-02 4.558E-05 1.988E+03 7.076E-01 7.024E+00 2.000E+00
1.043E+08 6.222E+02 2.628E-01 1.445E-02 5.080E-05 1.568E+03 7.079E-01 7.024E+00 2.000E+00
3.003E+07 9.789E+02 2.239E-01 1.445E-02 6.036E-05 1.423E+03 7.084E-01 7.024E+00 2.000E+00
5.062E+07 3.605E+02 3.056E-01 1.445E-02 7.789E-05 2.169E+03 7.094E-01 7.025E+00 2.000E+00
4.968E+07 9.114E+02 2.301E-01 1.445E-02 1.100E-04 1.432E+03 7.111E-01 7.026E+00 2.000E+00
6.764E+07 9.342E+02 2.280E-01 1.445E-02 1.689E-04 1.461E+03 7.144E-01 7.027E+00 2.000E+00
6.938E+07 9.239E+02 2.291E-01 1.445E-02 2.769E-04 1.451E+03 7.202E-01 7.029E+00 2.000E+00
9.958E+06 4.915E+02 2.831E-01 1.445E-02 4.747E-04 1.756E+03 7.300E-01 7.034E+00 2.000E+00
1.973E+07 9.922E+02 2.234E-01 1.445E-02 8.375E-04 1.576E+03 7.477E-01 7.042E+00 2.000E+00
1.790E+07 9.080E+02 2.316E-01 1.445E-02 1.502E-03 1.738E+03 7.781E-01 7.058E+00 2.000E+00
2.927E+07 3.589E+02 3.132E-01 1.445E-02 2.721E-03 2.141E+03 8.262E-01 7.085E+00 2.000E+00
4.083E+07 4.471E+02 3.002E-01 1.445E-02 4.955E-03 2.336E+03 8.895E-01 7.137E+00 2.000E+00
4.581E+08 9.835E+02 2.235E-01 1.827E-02 3.937E-05 1.454E+03 7.262E-01 7.024E+00 2.000E+00
8.201E+07 4.097E+02 2.964E-01 1.827E-02 3.941E-05 1.968E+03 7.262E-01 7.024E+00 2.000E+00
1.630E+09 9.835E+02 2.235E-01 1.827E-02 3.948E-05 1.454E+03 7.262E-01 7.024E+00 2.000E+00
2.884E+07 9.751E+02 2.243E-01 1.827E-02 3.962E-05 1.455E+03 7.262E-01 7.024E+00 2.000E+00
6.149E+08 2.633E+02 3.240E-01 1.827E-02 3.987E-05 3.223E+03 7.262E-01 7.024E+00 2.000E+00
1.174E+08 8.878E+02 2.323E-01 1.827E-02 4.033E-05 1.455E+03 7.263E-01 7.024E+00 2.000E+00
1.566E+08 9.751E+02 2.243E-01 1.827E-02 4.118E-05 1.460E+03 7.263E-01 7.024E+00 2.000E+00
2.351E+07 9.785E+02 2.240E-01 1.827E-02 4.273E-05 1.454E+03 7.264E-01 7.024E+00 2.000E+00
1.508E+07 7.935E+02 2.420E-01 1.827E-02 4.558E-05 1.478E+03 7.266E-01 7.024E+00 2.000E+00
3.644E+08 7.487E+02 2.470E-01 1.827E-02 5.080E-05 1.495E+03 7.268E-01 7.024E+00 2.000E+00
1.212E+08 2.917E+02 3.187E-01 1.827E-02 6.036E-05 2.737E+03 7.274E-01 7.025E+00 2.000E+00
4.634E+07 8.151E+02 2.397E-01 1.827E-02 7.789E-05 1.473E+03 7.283E-01 7.025E+00 2.000E+00
1.554E+07 4.291E+02 2.931E-01 1.827E-02 1.100E-04 1.907E+03 7.301E-01 7.026E+00 2.000E+00
1.695E+09 7.332E+02 2.489E-01 1.827E-02 1.689E-04 1.510E+03 7.333E-01 7.027E+00 2.000E+00
1.046E+08 9.744E+02 2.245E-01 1.827E-02 2.769E-04 1.493E+03 7.390E-01 7.029E+00 2.000E+00
1.276E+07 7.124E+02 2.518E-01 1.827E-02 4.747E-04 1.543E+03 7.486E-01 7.034E+00 2.000E+00
5.030E+07 3.826E+02 3.034E-01 1.827E-02 8.375E-04 2.060E+03 7.663E-01 7.042E+00 2.000E+00
9.992E+06 6.368E+02 2.628E-01 1.827E-02 1.502E-03 1.673E+03 7.963E-01 7.058E+00 2.000E+00
2.026E+07 6.190E+02 2.670E-01 1.827E-02 2.721E-03 1.902E+03 8.437E-01 7.086E+00 2.000E+00
5.433E+06 3.627E+02 3.186E-01 1.827E-02 4.955E-03 2.341E+03 9.040E-01 7.137E+00 2.000E+00
5.347E+07 5.582E+02 2.720E-01 2.311E-02 3.937E-05 1.667E+03 7.502E-01 7.024E+00 2.000E+00
3.540E+07 9.291E+02 2.284E-01 2.311E-02 3.941E-05 1.496E+03 7.502E-01 7.024E+00 2.000E+00
1.655E+08 6.848E+02 2.547E-01 2.311E-02 3.948E-05 1.552E+03 7.502E-01 7.024E+00 2.000E+00
3.048E+07 6.939E+02 2.535E-01 2.311E-02 3.962E-05 1.549E+03 7.502E-01 7.024E+00 2.000E+00
7.431E+07 6.903E+02 2.540E-01 2.311E-02 3.987E-05 1.549E+03 7.502E-01 7.024E+00 2.000E+00
3.119E+08 7.079E+02 2.518E-01 2.311E-02 4.033E-05 1.539E+03 7.502E-01 7.024E+00 2.000E+00
2.105E+07 3.602E+02 3.056E-01 2.311E-02 4.118E-05 2.189E+03 7.503E-01 7.024E+00 2.000E+00
2.985E+07 8.035E+02 2.409E-01 2.311E-02 4.273E-05 1.504E+03 7.504E-01 7.024E+00 2.000E+00
6.232E+07 4.586E+02 2.878E-01 2.311E-02 4.558E-05 1.842E+03 7.505E-01 7.024E+00 2.000E+00
1.681E+07 9.540E+02 2.261E-01 2.311E-02 5.080E-05 1.502E+03 7.508E-01 7.024E+00 2.000E+00
5.012E+07 8.680E+02 2.343E-01 2.311E-02 6.036E-05 1.496E+03 7.513E-01 7.025E+00 2.000E+00
1.238E+07 5.208E+02 2.777E-01 2.311E-02 7.789E-05 1.722E+03 7.523E-01 7.025E+00 2.000E+00
1.625E+07 5.662E+02 2.709E-01 2.311E-02 1.100E-04 1.660E+03 7.540E-01 7.026E+00 2.000E+00
9.089E+08 8.316E+02 2.381E-01 2.311E-02 1.689E-04 1.512E+03 7.572E-01 7.027E+00 2.000E+00
1.515E+07 3.948E+02 2.997E-01 2.311E-02 2.769E-04 2.031E+03 7.625E-01 7.030E+00 2.000E+00
2.651E+07 6.473E+02 2.601E-01 2.311E-02 4.747E-04 1.606E+03 7.722E-01 7.034E+00 2.000E+00
6.103E+07 8.277E+02 2.391E-01 2.311E-02 8.375E-04 1.626E+03 7.899E-01 7.042E+00 2.000E+00
5.479E+07 7.664E+02 2.465E-01 2.311E-02 1.502E-03 1.771E+03 8.192E-01 7.058E+00 2.000E+00
1.567E+07 5.077E+02 2.846E-01 2.311E-02 2.721E-03 1.943E+03 8.654E-01 7.086E+00 2.000E+00
3.680E+06 3.029E+02 3.333E-01 2.311E-02 4.955E-03 2.542E+03 9.214E-01 7.137E+00 2.000E+00
1.726E+07 7.190E+02 2.505E-01 2.923E-02 3.937E-05 1.568E+03 7.805E-01 7.024E+00 2.000E+00
2.068E+07 7.190E+02 2.505E-01 2.923E-02 3.941E-05 1.569E+03 7.805E-01 7.024E+00 2.000E+00
3.366E+07 7.190E+02 2.505E-01 2.923E-02 3.948E-05 1.568E+03 7.805E-01 7.024E+00 2.000E+00
9.216E+07 2.928E+02 3.186E-01 2.923E-02 3.962E-05 2.741E+03 7.805E-01 7.024E+00 2.000E+00
7.460E+08 5.772E+02 2.692E-01 2.923E-02 3.987E-05 1.673E+03 7.805E-01 7.024E+00 2.000E+00
3.957E+07 9.168E+02 2.296E-01 2.923E-02 4.033E-05 1.565E+03 7.805E-01 7.024E+00 2.000E+00
2.425E+07 5.207E+02 2.777E-01 2.923E-02 4.118E-05 1.742E+03 7.806E-01 7.024E+00 2.000E+00
6.525E+07 9.264E+02 2.287E-01 2.923E-02 4.273E-05 1.570E+03 7.807E-01 7.024E+00 2.000E+00
1.033E+07 2.627E+02 3.243E-01 2.923E-02 4.558E-05 3.246E+03 7.808E-01 7.024E+00 2.000E+00
1.746E+07 7.002E+02 2.528E-01 2.923E-02 5.080E-05 1.578E+03 7.811E-01 7.025E+00 2.000E+00
2.331E+07 7.721E+02 2.444E-01 2.923E-02 6.036E-05 1.555E+03 7.816E-01 7.025E+00 2.000E+00
7.065E+07 6.631E+02 2.575E-01 2.923E-02 7.789E-05 1.600E+03 7.826E-01 7.025E+00 2.000E+00
2.812E+08 8.845E+02 2.327E-01 2.923E-02 1.100E-04 1.569E+03 7.842E-01 7.026E+00 2.000E+00
6.135E+08 6.732E+02 2.563E-01 2.923E-02 1.689E-04 1.601E+03 7.871E-01 7.027E+00 2.000E+00
9.845E+08 8.410E+02 2.372E-01 2.923E-02 2.769E-04 1.590E+03 7.924E-01 7.030E+00 2.000E+00
1.470E+08 9.304E+02 2.286E-01 2.923E-02 4.747E-04 1.721E+03 8.020E-01 7.034E+00 2.000E+00
1.909E+07 8.411E+02 2.377E-01 2.923E-02 8.375E-04 1.755E+03 8.197E-01 7.043E+00 2.000E+00
5.455E+07 7.291E+02 2.509E-01 2.923E-02 1.502E-03 1.875E+03 8.483E-01 7.058E+00 2.000E+00
6.947E+08 5.810E+02 2.727E-01 2.923E-02 2.721E-03 2.173E+03 8.919E-01 7.086E+00 2.000E+00
3.519E+07 3.501E+02 3.216E-01 2.923E-02 4.955E-03 2.650E+03 9.435E-01 7.137E+00 2.000E+00
1.002E+07 6.087E+02 2.647E-01 3.697E-02 3.937E-05 1.677E+03 8.185E-01 7.024E+00 2.000E+00
1.258E+07 6.149E+02 2.639E-01 3.697E-02 3.941E-05 1.673E+03 8.185E-01 7.024E+00 2.000E+00
2.125E+08 7.985E+02 2.415E-01 3.697E-02 3.948E-05 1.626E+03 8.185E-01 7.024E+00 2.000E+00
1.899E+08 6.087E+02 2.647E-01 3.697E-02 3.962E-05 1.677E+03 8.185E-01 7.024E+00 2.000E+00
3.921E+07 4.193E+02 2.948E-01 3.697E-02 3.987E-05 1.989E+03 8.185E-01 7.024E+00 2.000E+00
7.481E+07 2.435E+02 3.278E-01 3.697E-02 4.033E-05 3.796E+03 8.186E-01 7.024E+00 2.000E+00
2.856E+07 5.947E+02 2.667E-01 3.697E-02 4.118E-05 1.689E+03 8.186E-01 7.025E+00 2.000E+00
7.175E+07 5.633E+02 2.713E-01 3.697E-02 4.273E-05 1.719E+03 8.187E-01 7.025E+00 2.000E+00
5.174E+07 7.557E+02 2.462E-01 3.697E-02 4.558E-05 1.622E+03 8.188E-01 7.025E+00 2.000E+00
1.713E+07 8.340E+02 2.377E-01 3.697E-02 5.080E-05 1.640E+03 8.191E-01 7.025E+00 2.000E+00
8.038E+08 9.788E+02 2.240E-01 3.697E-02 6.036E-05 1.852E+03 8.195E-01 7.025E+00 2.000E+00
3.670E+07 4.776E+02 2.848E-01 3.697E-02 7.789E-05 1.849E+03 8.204E-01 7.025E+00 2.000E+00
1.130E+07 6.458E+02 2.598E-01 3.697E-02 1.100E-04 1.659E+03 8.219E-01 7.026E+00 2.000E+00
6.851E+07 8.683E+02 2.343E-01 3.697E-02 1.689E-04 1.702E+03 8.248E-01 7.027E+00 2.000E+00
5.285E+07 2.565E+02 3.265E-01 3.697E-02 2.769E-04 3.325E+03 8.301E-01 7.030E+00 2.000E+00
1.101E+08 4.818E+02 2.848E-01 3.697E-02 4.747E-04 1.858E+03 8.397E-01 7.034E+00 2.000E+00
2.416E+07 7.426E+02 2.486E-01 3.697E-02 8.375E-04 1.812E+03 8.567E-01 7.043E+00 2.000E+00
1.518E+07 3.469E+02 3.125E-01 3.697E-02 1.502E-03 2.284E+03 8.846E-01 7.058E+00 2.000E+00
6.425E+07 4.097E+02 3.028E-01 3.697E-02 2.721E-03 2.197E+03 9.254E-01 7.086E+00 2.000E+00
3.838E+07 3.385E+02 3.245E-01 3.697E-02 4.955E-03 3.014E+03 9.680E-01 7.137E+00 2.000E+00
2.684E+07 5.742E+02 2.697E-01 4.677E-02 3.937E-05 1.764E+03 8.663E-01 7.025E+00 2.000E+00
5.361E+07 5.742E+02 2.697E-01 4.677E-02 3.941E-05 1.764E+03 8.663E-01 7.025E+00 2.000E+00
3.929E+07 5.799E+02 2.688E-01 4.677E-02 3.948E-05 1.759E+03 8.663E-01 7.025E+00 2.000E+00
2.528E+07 6.318E+02 2.616E-01 4.677E-02 3.962E-05 1.732E+03 8.663E-01 7.025E+00 2.000E+00
3.629E+08 8.078E+02 2.405E-01 4.677E-02 3.987E-05 1.797E+03 8.663E-01 7.025E+00 2.000E+00
1.258E+08 7.315E+02 2.490E-01 4.677E-02 4.033E-05 1.730E+03 8.663E-01 7.025E+00 2.000E+00
3.397E+07 6.632E+02 2.575E-01 4.677E-02 4.118E-05 1.722E+03 8.664E-01 7.025E+00 2.000E+00
1.633E+08 8.294E+02 2.382E-01 4.677E-02 4.273E-05 1.836E+03 8.664E-01 7.025E+00 2.000E+00
1.729E+07 4.910E+02 2.825E-01 4.677E-02 4.558E-05 1.864E+03 8.666E-01 7.025E+00 2.000E+00
6.777E+07 8.526E+02 2.358E-01 4.677E-02 5.080E-05 1.897E+03 8.668E-01 7.025E+00 2.000E+00
1.359E+07 6.202E+02 2.632E-01 4.677E-02 6.036E-05 1.737E+03 8.673E-01 7.025E+00 2.000E+00
2.885E+07 4.567E+02 2.883E-01 4.677E-02 7.789E-05 1.931E+03 8.681E-01 7.026E+00 2.000E+00
5.886E+07 3.561E+02 3.067E-01 4.677E-02 1.100E-04 2.272E+03 8.697E-01 7.026E+00 2.000E+00
1.183E+08 8.477E+02 2.364E-01 4.677E-02 1.689E-04 1.982E+03 8.726E-01 7.028E+00 2.000E+00
1.545E+07 5.780E+02 2.695E-01 4.677E-02 2.769E-04 1.788E+03 8.778E-01 7.030E+00 2.000E+00
5.593E+08 7.446E+02 2.480E-01 4.677E-02 4.747E-04 1.904E+03 8.875E-01 7.035E+00 2.000E+00
4.589E+07 5.078E+02 2.813E-01 4.677E-02 8.375E-04 1.914E+03 9.032E-01 7.043E+00 2.000E+00
8.991E+07 6.250E+02 2.645E-01 4.677E-02 1.502E-03 2.291E+03 9.294E-01 7.058E+00 2.000E+00
6.517E+06 3.621E+02 3.128E-01 4.677E-02 2.721E-03 2.407E+03 9.654E-01 7.086E+00 2.000E+00
3.813E+06 2.074E+02 3.596E-01 4.677E-02 4.955E-03 3.660E+03 9.935E-01 7.137E+00 2.000E+00
5.688E+07 5.207E+02 2.778E-01 5.915E-02 3.937E-05 1.898E+03 9.266E-01 7.025E+00 3.000E+00
7.701E+07 5.392E+02 2.749E-01 5.915E-02 3.941E-05 1.893E+03 9.266E-01 7.025E+00 3.000E+00
8.077E+07 5.260E+02 2.770E-01 5.915E-02 3.948E-05 1.894E+03 9.266E-01 7.025E+00 3.000E+00
4.199E+07 4.226E+02 2.943E-01 5.915E-02 3.962E-05 2.072E+03 9.266E-01 7.025E+00 3.000E+00
1.618E+07 4.731E+02 2.855E-01 5.915E-02 3.987E-05 1.960E+03 9.266E-01 7.025E+00 3.000E+00
2.387E+07 6.321E+02 2.616E-01 5.915E-02 4.033E-05 2.238E+03 9.266E-01 7.025E+00 3.000E+00
3.740E+08 4.902E+02 2.827E-01 5.915E-02 4.118E-05 1.935E+03 9.267E-01 7.025E+00 3.000E+00
9.062E+06 3.439E+02 3.090E-01 5.915E-02 4.273E-05 2.381E+03 9.268E-01 7.025E+00 3.000E+00
2.454E+07 7.478E+02 2.472E-01 5.915E-02 4.558E-05 2.093E+03 9.269E-01 7.025E+00 3.000E+00
1.724E+07 7.666E+02 2.450E-01 5.915E-02 5.080E-05 2.178E+03 9.271E-01 7.025E+00 3.000E+00
6.057E+06 5.557E+02 2.725E-01 5.915E-02 6.036E-05 1.875E+03 9.276E-01 7.025E+00 3.000E+00
2.019E+07 5.125E+02 2.792E-01 5.915E-02 7.789E-05 1.911E+03 9.285E-01 7.026E+00 3.000E+00
6.452E+07 6.026E+02 2.657E-01 5.915E-02 1.100E-04 1.876E+03 9.300E-01 7.027E+00 3.000E+00
1.020E+09 3.312E+02 3.118E-01 5.915E-02 1.689E-04 2.459E+03 9.329E-01 7.028E+00 3.000E+00
1.509E+07 3.397E+02 3.105E-01 5.915E-02 2.769E-04 2.405E+03 9.380E-01 7.030E+00 3.000E+00
1.259E+07 4.860E+02 2.842E-01 5.915E-02 4.747E-04 1.992E+03 9.465E-01 7.035E+00 3.000E+00
1.900E+08 3.924E+02 3.018E-01 5.915E-02 8.375E-04 2.209E+03 9.616E-01 7.043E+00 3.000E+00
6.837E+06 4.839E+02 2.865E-01 5.915E-02 1.502E-03 2.262E+03 9.845E-01 7.059E+00 3.000E+00
9.824E+06 3.806E+02 3.089E-01 5.915E-02 2.721E-03 2.675E+03 1.000E+00 7.086E+00 0.000E+00
1.562E+07 2.195E+02 3.566E-01 5.915E-02 4.955E-03 3.876E+03 1.000E+00 7.138E+00 0.000E+00
1.643E+07 4.225E+02 2.944E-01 7.482E-02 3.937E-05 2.160E+03 1.000E+00 7.025E+00 3.000E+00
2.898E+07 4.225E+02 2.944E-01 7.482E-02 3.941E-05 2.160E+03 1.000E+00 7.025E+00 3.000E+00
6.487E+07 6.294E+02 2.620E-01 7.482E-02 3.948E-05 2.258E+03 1.000E+00 7.025E+00 3.000E+00
6.446E+07 6.187E+02 2.634E-01 7.482E-02 3.962E-05 2.208E+03 1.000E+00 7.025E+00 3.000E+00
1.587E+07 6.225E+02 2.629E-01 7.482E-02 3.987E-05 2.225E+03 1.000E+00 7.025E+00 3.000E+00
1.609E+07 3.438E+02 3.091E-01 7.482E-02 4.033E-05 2.447E+03 1.000E+00 7.025E+00 3.000E+00
1.015E+07 4.289E+02 2.933E-01 7.482E-02 4.118E-05 2.184E+03 1.000E+00 7.025E+00 3.000E+00
2.594E+07 2.222E+02 3.323E-01 7.482E-02 4.273E-05 4.828E+03 1.000E+00 7.025E+00 3.000E+00
1.014E+07 4.591E+02 2.880E-01 7.482E-02 4.558E-05 2.096E+03 1.000E+00 7.025E+00 3.000E+00
1.825E+09 4.617E+02 2.876E-01 7.482E-02 5.080E-05 2.094E+03 1.000E+00 7.026E+00 3.000E+00
2.878E+08 5.151E+02 2.788E-01 7.482E-02 6.036E-05 2.060E+03 1.000E+00 7.026E+00 3.000E+00
2.396E+07 6.418E+02 2.604E-01 7.482E-02 7.789E-05 2.392E+03 1.000E+00 7.026E+00 3.000E+00
3.645E+08 3.424E+02 3.096E-01 7.482E-02 1.100E-04 2.456E+03 1.000E+00 7.027E+00 3.000E+00
1.356E+08 5.601E+02 2.720E-01 7.482E-02 1.689E-04 2.129E+03 1.000E+00 7.028E+00 3.000E+00
4.361E+07 3.226E+02 3.140E-01 7.482E-02 2.769E-04 2.582E+03 1.000E+00 7.031E+00 3.000E+00
5.041E+07 5.221E+02 2.784E-01 7.482E-02 4.747E-04 2.213E+03 1.000E+00 7.035E+00 3.000E+00
5.382E+07 4.968E+02 2.832E-01 7.482E-02 8.375E-04 2.358E+03 1.000E+00 7.044E+00 3.000E+00
1.548E+07 4.241E+02 2.974E-01 7.482E-02 1.502E-03 2.572E+03 1.000E+00 7.059E+00 0.000E+00
6.884E+06 3.547E+02 3.146E-01 7.482E-02 2.721E-03 3.454E+03 1.000E+00 7.087E+00 0.000E+00
6.974E+08 2.057E+02 3.608E-01 7.482E-02 4.955E-03 5.164E+03 1.000E+00 7.138E+00 0.000E+00
1.222E+07 3.898E+02 3.005E-01 9.464E-02 3.937E-05 2.403E+03 1.000E+00 7.026E+00 0.000E+00
1.753E+07 3.898E+02 3.005E-01 9.464E-02 3.941E-05 2.403E+03 1.000E+00 7.026E+00 0.000E+00
1.695E+08 3.898E+02 3.005E-01 9.464E-02 3.948E-05 2.404E+03 1.000E+00 7.026E+00 0.000E+00
2.607E+07 2.468E+02 3.283E-01 9.464E-02 3.962E-05 3.702E+03 1.000E+00 7.026E+00 0.000E+00
3.976E+07 4.672E+02 2.867E-01 9.464E-02 3.987E-05 2.364E+03 1.000E+00 7.026E+00 0.000E+00
4.971E+07 4.022E+02 2.982E-01 9.464E-02 4.033E-05 2.385E+03 1.000E+00 7.026E+00 0.000E+00
3.383E+07 5.098E+02 2.797E-01 9.464E-02 4.118E-05 2.508E+03 1.000E+00 7.026E+00 0.000E+00
4.598E+07 3.240E+02 3.132E-01 9.464E-02 4.273E-05 2.672E+03 1.000E+00 7.026E+00 0.000E+00
7.406E+07 2.890E+02 3.201E-01 9.464E-02 4.558E-05 2.969E+03 1.000E+00 7.026E+00 0.000E+00
1.265E+07 5.383E+02 2.752E-01 9.464E-02 5.080E-05 2.819E+03 1.000E+00 7.026E+00 0.000E+00
2.427E+07 2.760E+02 3.227E-01 9.464E-02 6.036E-05 3.130E+03 1.000E+00 7.026E+00 0.000E+00
1.593E+08 5.017E+02 2.810E-01 9.464E-02 7.789E-05 2.498E+03 1.000E+00 7.027E+00 0.000E+00
1.360E+07 2.332E+02 3.311E-01 9.464E-02 1.100E-04 4.144E+03 1.000E+00 7.027E+00 0.000E+00
4.362E+07 2.846E+02 3.214E-01 9.464E-02 1.689E-04 3.027E+03 1.000E+00 7.029E+00 0.000E+00
1.614E+07 3.637E+02 3.061E-01 9.464E-02 2.769E-04 2.517E+03 1.000E+00 7.031E+00 0.000E+00
6.511E+07 3.080E+02 3.178E-01 9.464E-02 4.747E-04 2.813E+03 1.000E+00 7.036E+00 0.000E+00
1.237E+07 2.653E+02 3.279E-01 9.464E-02 8.375E-04 3.250E+03 1.000E+00 7.044E+00 0.000E+00
2.416E+07 3.185E+02 3.190E-01 9.464E-02 1.502E-03 3.006E+03 1.000E+00 7.059E+00 0.000E+00
6.953E+06 2.654E+02 3.354E-01 9.464E-02 2.721E-03 3.871E+03 1.000E+00 7.087E+00 0.000E+00
NAN NAN NAN 9.464E-02 4.955E-03 NAN 1.000E+00 7.139E+00 0.000E+00
4.789E+07 3.930E+02 3.001E-01 1.197E-01 3.937E-05 2.868E+03 1.000E+00 7.026E+00 0.000E+00
5.755E+07 3.846E+02 3.017E-01 1.197E-01 3.941E-05 2.837E+03 1.000E+00 7.026E+00 0.000E+00
3.538E+07 3.915E+02 3.004E-01 1.197E-01 3.948E-05 2.862E+03 1.000E+00 7.026E+00 0.000E+00
1.106E+08 3.859E+02 3.014E-01 1.197E-01 3.962E-05 2.841E+03 1.000E+00 7.026E+00 0.000E+00
5.394E+06 2.799E+02 3.222E-01 1.197E-01 3.987E-05 3.228E+03 1.000E+00 7.026E+00 0.000E+00
1.350E+07 2.760E+02 3.230E-01 1.197E-01 4.033E-05 3.274E+03 1.000E+00 7.026E+00 0.000E+00
2.118E+07 4.290E+02 2.935E-01 1.197E-01 4.118E-05 3.297E+03 1.000E+00 7.026E+00 0.000E+00
4.081E+06 3.301E+02 3.122E-01 1.197E-01 4.273E-05 2.872E+03 1.000E+00 7.026E+00 0.000E+00
1.312E+08 3.814E+02 3.023E-01 1.197E-01 4.558E-05 2.832E+03 1.000E+00 7.027E+00 0.000E+00
3.983E+06 3.341E+02 3.115E-01 1.197E-01 5.080E-05 2.901E+03 1.000E+00 7.027E+00 0.000E+00
1.139E+07 2.162E+02 3.344E-01 1.197E-01 6.036E-05 5.080E+03 1.000E+00 7.027E+00 0.000E+00
1.675E+07 4.107E+02 2.969E-01 1.197E-01 7.789E-05 3.054E+03 1.000E+00 7.027E+00 0.000E+00
7.399E+06 3.073E+02 3.170E-01 1.197E-01 1.100E-04 3.001E+03 1.000E+00 7.028E+00 0.000E+00
6.761E+06 3.560E+02 3.075E-01 1.197E-01 1.689E-04 2.875E+03 1.000E+00 7.029E+00 0.000E+00
1.936E+08 3.621E+02 3.066E-01 1.197E-01 2.769E-04 2.952E+03 1.000E+00 7.032E+00 0.000E+00
2.203E+07 3.066E+02 3.184E-01 1.197E-01 4.747E-04 3.103E+03 1.000E+00 7.036E+00 0.000E+00
4.789E+07 2.458E+02 3.324E-01 1.197E-01 8.375E-04 3.770E+03 1.000E+00 7.045E+00 0.000E+00
1.246E+07 2.918E+02 3.251E-01 1.197E-01 1.502E-03 3.978E+03 1.000E+00 7.060E+00 0.000E+00
3.256E+06 2.015E+02 3.512E-01 1.197E-01 2.721E-03 5.401E+03 1.000E+00 7.088E+00 0.000E+00
NAN NAN NAN 1.197E-01 4.955E-03 NAN 1.000E+00 7.139E+00 0.000E+00
1.426E+09 3.238E+02 3.138E-01 1.514E-01 3.937E-05 3.903E+03 1.000E+00 7.027E+00 0.000E+00
3.295E+07 3.264E+02 3.133E-01 1.514E-01 3.941E-05 3.973E+03 1.000E+00 7.027E+00 0.000E+00
6.483E+06 2.525E+02 3.281E-01 1.514E-01 3.948E-05 3.943E+03 1.000E+00 7.027E+00 0.000E+00
1.281E+07 2.525E+02 3.281E-01 1.514E-01 3.962E-05 3.977E+03 1.000E+00 7.027E+00 0.000E+00
2.893E+07 2.541E+02 3.278E-01 1.514E-01 3.987E-05 3.918E+03 1.000E+00 7.027E+00 0.000E+00
8.347E+06 3.171E+02 3.151E-01 1.514E-01 4.033E-05 3.778E+03 1.000E+00 7.027E+00 0.000E+00
1.747E+07 2.924E+02 3.201E-01 1.514E-01 4.118E-05 3.630E+03 1.000E+00 7.027E+00 0.000E+00
2.583E+07 2.064E+02 3.367E-01 1.514E-01 4.273E-05 5.877E+03 1.000E+00 7.027E+00 0.000E+00
9.530E+06 2.989E+02 3.188E-01 1.514E-01 4.558E-05 3.641E+03 1.000E+00 7.027E+00 0.000E+00
3.486E+06 2.976E+02 3.191E-01 1.514E-01 5.080E-05 3.645E+03 1.000E+00 7.027E+00 0.000E+00
1.236E+07 2.518E+02 3.284E-01 1.514E-01 6.036E-05 3.958E+03 1.000E+00 7.028E+00 0.000E+00
3.991E+06 2.202E+02 3.345E-01 1.514E-01 7.789E-05 4.860E+03 1.000E+00 7.028E+00 0.000E+00
4.621E+07 2.938E+02 3.201E-01 1.514E-01 1.100E-04 3.695E+03 1.000E+00 7.029E+00 0.000E+00
7.246E+06 2.833E+02 3.224E-01 1.514E-01 1.689E-04 3.744E+03 1.000E+00 7.030E+00 0.000E+00
2.627E+07 2.088E+02 3.375E-01 1.514E-01 2.769E-04 5.432E+03 1.000E+00 7.033E+00 0.000E+00
1.887E+07 2.624E+02 3.279E-01 1.514E-01 4.747E-04 4.056E+03 1.000E+00 7.037E+00 0.000E+00
2.919E+07 2.194E+02 3.383E-01 1.514E-01 8.375E-04 4.855E+03 1.000E+00 7.045E+00 0.000E+00
2.139E+07 2.202E+02 3.415E-01 1.514E-01 1.502E-03 5.644E+03 1.000E+00 7.061E+00 0.000E+00
NAN NAN NAN 1.514E-01 2.721E-03 NAN 1.000E+00 7.089E+00 0.000E+00
NAN NAN NAN 1.514E-01 4.955E-03 NAN 1.000E+00 7.140E+00 0.000E+00
8.504E+06 2.296E+02 3.334E-01 1.915E-01 3.937E-05 5.474E+03 1.000E+00 7.028E+00 0.000E+00
8.001E+06 2.243E+02 3.344E-01 1.915E-01 3.941E-05 5.513E+03 1.000E+00 7.028E+00 0.000E+00
1.035E+07 2.243E+02 3.344E-01 1.915E-01 3.948E-05 5.554E+03 1.000E+00 7.028E+00 0.000E+00
2.484E+07 2.243E+02 3.344E-01 1.915E-01 3.962E-05 5.513E+03 1.000E+00 7.028E+00 0.000E+00
3.092E+07 2.253E+02 3.342E-01 1.915E-01 3.987E-05 5.500E+03 1.000E+00 7.028E+00 0.000E+00
5.427E+07 2.315E+02 3.330E-01 1.915E-01 4.033E-05 5.478E+03 1.000E+00 7.028E+00 0.000E+00
1.394E+07 2.252E+02 3.342E-01 1.915E-01 4.118E-05 5.504E+03 1.000E+00 7.028E+00 0.000E+00
1.616E+07 2.127E+02 3.366E-01 1.915E-01 4.273E-05 5.817E+03 1.000E+00 7.028E+00 0.000E+00
1.524E+07 2.256E+02 3.342E-01 1.915E-01 4.558E-05 5.507E+03 1.000E+00 7.028E+00 0.000E+00
8.135E+06 2.035E+02 3.383E-01 1.915E-01 5.080E-05 6.316E+03 1.000E+00 7.028E+00 0.000E+00
5.176E+06 2.148E+02 3.363E-01 1.915E-01 6.036E-05 5.773E+03 1.000E+00 7.028E+00 0.000E+00
4.181E+06 2.150E+02 3.364E-01 1.915E-01 7.789E-05 5.760E+03 1.000E+00 7.029E+00 0.000E+00
9.875E+06 2.113E+02 3.372E-01 1.915E-01 1.100E-04 5.915E+03 1.000E+00 7.030E+00 0.000E+00
2.323E+07 2.252E+02 3.348E-01 1.915E-01 1.689E-04 5.759E+03 1.000E+00 7.031E+00 0.000E+00
2.159E+08 2.152E+02 3.373E-01 1.915E-01 2.769E-04 6.028E+03 1.000E+00 7.033E+00 0.000E+00
1.222E+07 2.052E+02 3.402E-01 1.915E-01 4.747E-04 6.587E+03 1.000E+00 7.038E+00 0.000E+00
NAN NAN NAN 1.915E-01 8.375E-04 NAN 1.000E+00 7.046E+00 0.000E+00
NAN NAN NAN 1.915E-01 1.502E-03 NAN 1.000E+00 7.062E+00 0.000E+00
NAN NAN NAN 1.915E-01 2.721E-03 NAN 1.000E+00 7.090E+00 0.000E+00
NAN NAN NAN 1.915E-01 4.955E-03 NAN 1.000E+00 7.141E+00 0.000E+00
NAN NAN NAN 2.422E-01 3.937E-05 NAN 1.000E+00 7.029E+00 0.000E+00
NAN NAN NAN 2.422E-01 3.941E-05 NAN 1.000E+00 7.029E+00 0.000E+00
NAN NAN NAN 2.422E-01 3.948E-05 NAN 1.000E+00 7.029E+00 0.000E+00
NAN NAN NAN 2.422E-01 3.962E-05 NAN 1.000E+00 7.029E+00 0.000E+00
NAN NAN NAN 2.422E-01 3.987E-05 NAN 1.000E+00 7.029E+00 0.000E+00
NAN NAN NAN 2.422E-01 4.033E-05 NAN 1.000E+00 7.029E+00 0.000E+00
NAN NAN NAN 2.422E-01 4.118E-05 NAN 1.000E+00 7.029E+00 0.000E+00
NAN NAN NAN 2.422E-01 4.273E-05 NAN 1.000E+00 7.029E+00 0.000E+00
NAN NAN NAN 2.422E-01 4.558E-05 NAN 1.000E+00 7.029E+00 0.000E+00
NAN NAN NAN 2.422E-01 5.080E-05 NAN 1.000E+00 7.029E+00 0.000E+00
NAN NAN NAN 2.422E-01 6.036E-05 NAN 1.000E+00 7.030E+00 0.000E+00
NAN NAN NAN 2.422E-01 7.789E-05 NAN 1.000E+00 7.030E+00 0.000E+00
NAN NAN NAN 2.422E-01 1.100E-04 NAN 1.000E+00 7.031E+00 0.000E+00
NAN NAN NAN 2.422E-01 1.689E-04 NAN 1.000E+00 7.032E+00 0.000E+00
NAN NAN NAN 2.422E-01 2.769E-04 NAN 1.000E+00 7.035E+00 0.000E+00
NAN NAN NAN 2.422E-01 4.747E-04 NAN 1.000E+00 7.039E+00 0.000E+00
NAN NAN NAN 2.422E-01 8.375E-04 NAN 1.000E+00 7.047E+00 0.000E+00
NAN NAN NAN 2.422E-01 1.502E-03 NAN 1.000E+00 7.063E+00 0.000E+00
NAN NAN NAN 2.422E-01 2.721E-03 NAN 1.000E+00 7.091E+00 0.000E+00
NAN NAN NAN 2.422E-01 4.955E-03 NAN 1.000E+00 7.142E+00 0.000E+00
NAN NAN NAN 3.064E-01 3.937E-05 NAN 1.000E+00 7.031E+00 0.000E+00
NAN NAN NAN 3.064E-01 3.941E-05 NAN 1.000E+00 7.031E+00 0.000E+00
NAN NAN NAN 3.064E-01 3.948E-05 NAN 1.000E+00 7.031E+00 0.000E+00
NAN NAN NAN 3.064E-01 3.962E-05 NAN 1.000E+00 7.031E+00 0.000E+00
NAN NAN NAN 3.064E-01 3.987E-05 NAN 1.000E+00 7.031E+00 0.000E+00
NAN NAN NAN 3.064E-01 4.033E-05 NAN 1.000E+00 7.031E+00 0.000E+00
NAN NAN NAN 3.064E-01 4.118E-05 NAN 1.000E+00 7.031E+00 0.000E+00
NAN NAN NAN 3.064E-01 4.273E-05 NAN 1.000E+00 7.031E+00 0.000E+00
NAN NAN NAN 3.064E-01 4.558E-05 NAN 1.000E+00 7.031E+00 0.000E+00
NAN NAN NAN 3.064E-01 5.080E-05 NAN 1.000E+00 7.031E+00 0.000E+00
NAN NAN NAN 3.064E-01 6.036E-05 NAN 1.000E+00 7.031E+00 0.000E+00
NAN NAN NAN 3.064E-01 7.789E-05 NAN 1.000E+00 7.032E+00 0.000E+00
NAN NAN NAN 3.064E-01 1.100E-04 NAN 1.000E+00 7.032E+00 0.000E+00
NAN NAN NAN 3.064E-01 1.689E-04 NAN 1.000E+00 7.034E+00 0.000E+00
NAN NAN NAN 3.064E-01 2.769E-04 NAN 1.000E+00 7.036E+00 0.000E+00
NAN NAN NAN 3.064E-01 4.747E-04 NAN 1.000E+00 7.041E+00 0.000E+00
NAN NAN NAN 3.064E-01 8.375E-04 NAN 1.000E+00 7.049E+00 0.000E+00
NAN NAN NAN 3.064E-01 1.502E-03 NAN 1.000E+00 7.064E+00 0.000E+00
NAN NAN NAN 3.064E-01 2.721E-03 NAN 1.000E+00 7.092E+00 0.000E+00
NAN NAN NAN 3.064E-01 4.955E-03 NAN 1.000E+00 7.143E+00 0.000E+00
NAN NAN NAN 3.875E-01 3.937E-05 NAN 1.000E+00 7.033E+00 3.000E+00
NAN NAN NAN 3.875E-01 3.941E-05 NAN 1.000E+00 7.033E+00 3.000E+00
NAN NAN NAN 3.875E-01 3.948E-05 NAN 1.000E+00 7.033E+00 3.000E+00
NAN NAN NAN 3.875E-01 3.962E-05 NAN 1.000E+00 7.033E+00 3.000E+00
NAN NAN NAN 3.875E-01 3.987E-05 NAN 1.000E+00 7.033E+00 3.000E+00
NAN NAN NAN 3.875E-01 4.033E-05 NAN 1.000E+00 7.033E+00 3.000E+00
NAN NAN NAN 3.875E-01 4.118E-05 NAN 1.000E+00 7.033E+00 3.000E+00
NAN NAN NAN 3.875E-01 4.273E-05 NAN 1.000E+00 7.033E+00 3.000E+00
NAN NAN NAN 3.875E-01 4.558E-05 NAN 1.000E+00 7.033E+00 3.000E+00
NAN NAN NAN 3.875E-01 5.080E-05 NAN 1.000E+00 7.033E+00 3.000E+00
NAN NAN NAN 3.875E-01 6.036E-05 NAN 1.000E+00 7.033E+00 3.000E+00
NAN NAN NAN 3.875E-01 7.789E-05 NAN 1.000E+00 7.033E+00 3.000E+00
NAN NAN NAN 3.875E-01 1.100E-04 NAN 1.000E+00 7.034E+00 3.000E+00
NAN NAN NAN 3.875E-01 1.689E-04 NAN 1.000E+00 7.035E+00 3.000E+00
NAN NAN NAN 3.875E-01 2.769E-04 NAN 1.000E+00 7.038E+00 3.000E+00
NAN NAN NAN 3.875E-01 4.747E-04 NAN 1.000E+00 7.042E+00 3.000E+00
NAN NAN NAN 3.875E-01 8.375E-04 NAN 1.000E+00 7.051E+00 3.000E+00
NAN NAN NAN 3.875E-01 1.502E-03 NAN 1.000E+00 7.066E+00 0.000E+00
NAN NAN NAN 3.875E-01 2.721E-03 NAN 1.000E+00 7.094E+00 0.000E+00
NAN NAN NAN 3.875E-01 4.955E-03 NAN 1.000E+00 7.145E+00 0.000E+00
NAN NAN NAN 4.902E-01 3.937E-05 NAN 1.000E+00 7.035E+00 3.000E+00
NAN NAN NAN 4.902E-01 3.941E-05 NAN 1.000E+00 7.035E+00 3.000E+00
NAN NAN NAN 4.902E-01 3.948E-05 NAN 1.000E+00 7.035E+00 3.000E+00
NAN NAN NAN 4.902E-01 3.962E-05 NAN 1.000E+00 7.035E+00 3.000E+00
NAN NAN NAN 4.902E-01 3.987E-05 NAN 1.000E+00 7.035E+00 3.000E+00
NAN NAN NAN 4.902E-01 4.033E-05 NAN 1.000E+00 7.035E+00 3.000E+00
NAN NAN NAN 4.902E-01 4.118E-05 NAN 1.000E+00 7.035E+00 3.000E+00
NAN NAN NAN 4.902E-01 4.273E-05 NAN 1.000E+00 7.035E+00 3.000E+00
NAN NAN NAN 4.902E-01 4.558E-05 NAN 1.000E+00 7.035E+00 3.000E+00
NAN NAN NAN 4.902E-01 5.080E-05 NAN 1.000E+00 7.035E+00 3.000E+00
NAN NAN NAN 4.902E-01 6.036E-05 NAN 1.000E+00 7.035E+00 3.000E+00
NAN NAN NAN 4.902E-01 7.789E-05 NAN 1.000E+00 7.036E+00 3.000E+00
NAN NAN NAN 4.902E-01 1.100E-04 NAN 1.000E+00 7.036E+00 3.000E+00
NAN NAN NAN 4.902E-01 1.689E-04 NAN 1.000E+00 7.038E+00 3.000E+00
NAN NAN NAN 4.902E-01 2.769E-04 NAN 1.000E+00 7.040E+00 3.000E+00
NAN NAN NAN 4.902E-01 4.747E-04 NAN 1.000E+00 7.045E+00 3.000E+00
NAN NAN NAN 4.902E-01 8.375E-04 NAN 1.000E+00 7.053E+00 3.000E+00
NAN NAN NAN 4.902E-01 1.502E-03 NAN 1.000E+00 7.068E+00 3.000E+00
NAN NAN NAN 4.902E-01 2.721E-03 NAN 1.000E+00 7.096E+00 3.000E+00
NAN NAN NAN 4.902E-01 4.955E-03 NAN 1.000E+00 7.148E+00 3.000E+00
NAN NAN NAN 6.200E-01 3.937E-05 NAN 1.000E+00 7.038E+00 3.000E+00
NAN NAN NAN 6.200E-01 3.941E-05 NAN 1.000E+00 7.038E+00 3.000E+00
NAN NAN NAN 6.200E-01 3.948E-05 NAN 1.000E+00 7.038E+00 3.000E+00
NAN NAN NAN 6.200E-01 3.962E-05 NAN 1.000E+00 7.038E+00 3.000E+00
NAN NAN NAN 6.200E-01 3.987E-05 NAN 1.000E+00 7.038E+00 3.000E+00
NAN NAN NAN 6.200E-01 4.033E-05 NAN 1.000E+00 7.038E+00 3.000E+00
NAN NAN NAN 6.200E-01 4.118E-05 NAN 1.000E+00 7.038E+00 3.000E+00
NAN NAN NAN 6.200E-01 4.273E-05 NAN 1.000E+00 7.038E+00 3.000E+00
NAN NAN NAN 6.200E-01 4.558E-05 NAN 1.000E+00 7.038E+00 3.000E+00
NAN NAN NAN 6.200E-01 5.080E-05 NAN 1.000E+00 7.038E+00 3.000E+00
NAN NAN NAN 6.200E-01 6.036E-05 NAN 1.000E+00 7.038E+00 3.000E+00
NAN NAN NAN 6.200E-01 7.789E-05 NAN 1.000E+00 7.039E+00 3.000E+00
NAN NAN NAN 6.200E-01 1.100E-04 NAN 1.000E+00 7.039E+00 3.000E+00
NAN NAN NAN 6.200E-01 1.689E-04 NAN 1.000E+00 7.041E+00 3.000E+00
NAN NAN NAN 6.200E-01 2.769E-04 NAN 1.000E+00 7.043E+00 3.000E+00
NAN NAN NAN 6.200E-01 4.747E-04 NAN 1.000E+00 7.048E+00 3.000E+00
NAN NAN NAN 6.200E-01 8.375E-04 NAN 1.000E+00 7.056E+00 3.000E+00
NAN NAN NAN 6.200E-01 1.502E-03 NAN 1.000E+00 7.071E+00 3.000E+00
NAN NAN NAN 6.200E-01 2.721E-03 NAN 1.000E+00 7.099E+00 3.000E+00
NAN NAN NAN 6.200E-01 4.955E-03 NAN 1.000E+00 7.151E+00 3.000E+00
NAN NAN NAN 7.842E-01 3.937E-05 NAN 1.000E+00 7.042E+00 3.000E+00
NAN NAN NAN 7.842E-01 3.941E-05 NAN 1.000E+00 7.042E+00 3.000E+00
NAN NAN NAN 7.842E-01 3.948E-05 NAN 1.000E+00 7.042E+00 3.000E+00
NAN NAN NAN 7.842E-01 3.962E-05 NAN 1.000E+00 7.042E+00 3.000E+00
NAN NAN NAN 7.842E-01 3.987E-05 NAN 1.000E+00 7.042E+00 3.000E+00
NAN NAN NAN 7.842E-01 4.033E-05 NAN 1.000E+00 7.042E+00 3.000E+00
NAN NAN NAN 7.842E-01 4.118E-05 NAN 1.000E+00 7.042E+00 3.000E+00
NAN NAN NAN 7.842E-01 4.273E-05 NAN 1.000E+00 7.042E+00 3.000E+00
NAN NAN NAN 7.842E-01 4.558E-05 NAN 1.000E+00 7.042E+00 3.000E+00
NAN NAN NAN 7.842E-01 5.080E-05 NAN 1.000E+00 7.042E+00 3.000E+00
NAN NAN NAN 7.842E-01 6.036E-05 NAN 1.000E+00 7.042E+00 3.000E+00
NAN NAN NAN 7.842E-01 7.789E-05 NAN 1.000E+00 7.042E+00 3.000E+00
NAN NAN NAN 7.842E-01 1.100E-04 NAN 1.000E+00 7.043E+00 3.000E+00
NAN NAN NAN 7.842E-01 1.689E-04 NAN 1.000E+00 7.045E+00 3.000E+00
NAN NAN NAN 7.842E-01 2.769E-04 NAN 1.000E+00 7.047E+00 3.000E+00
NAN NAN NAN 7.842E-01 4.747E-04 NAN 1.000E+00 7.052E+00 3.000E+00
NAN NAN NAN 7.842E-01 8.375E-04 NAN 1.000E+00 7.060E+00 3.000E+00
NAN NAN NAN 7.842E-01 1.502E-03 NAN 1.000E+00 7.075E+00 3.000E+00
NAN NAN NAN 7.842E-01 2.721E-03 NAN 1.000E+00 7.103E+00 3.000E+00
NAN NAN NAN 7.842E-01 4.955E-03 NAN 1.000E+00 7.154E+00 3.000E+00
NAN NAN NAN 9.919E-01 3.937E-05 NAN 1.000E+00 7.046E+00 3.000E+00
NAN NAN NAN 9.919E-01 3.941E-05 NAN 1.000E+00 7.046E+00 3.000E+00
NAN NAN NAN 9.919E-01 3.948E-05 NAN 1.000E+00 7.046E+00 3.000E+00
NAN NAN NAN 9.919E-01 3.962E-05 NAN 1.000E+00 7.046E+00 3.000E+00
NAN NAN NAN 9.919E-01 3.987E-05 NAN 1.000E+00 7.046E+00 3.000E+00
NAN NAN NAN 9.919E-01 4.033E-05 NAN 1.000E+00 7.046E+00 3.000E+00
NAN NAN NAN 9.919E-01 4.118E-05 NAN 1.000E+00 7.046E+00 3.000E+00
NAN NAN NAN 9.919E-01 4.273E-05 NAN 1.000E+00 7.046E+00 3.000E+00
NAN NAN NAN 9.919E-01 4.558E-05 NAN 1.000E+00 7.047E+00 3.000E+00
NAN NAN NAN 9.919E-01 5.080E-05 NAN 1.000E+00 7.047E+00 3.000E+00
NAN NAN NAN 9.919E-01 6.036E-05 NAN 1.000E+00 7.047E+00 3.000E+00
NAN NAN NAN 9.919E-01 7.789E-05 NAN 1.000E+00 7.047E+00 3.000E+00
NAN NAN NAN 9.919E-01 1.100E-04 NAN 1.000E+00 7.048E+00 3.000E+00
NAN NAN NAN 9.919E-01 1.689E-04 NAN 1.000E+00 7.049E+00 3.000E+00
NAN NAN NAN 9.919E-01 2.769E-04 NAN 1.000E+00 7.052E+00 3.000E+00
NAN NAN NAN 9.919E-01 4.747E-04 NAN 1.000E+00 7.056E+00 3.000E+00
NAN NAN NAN 9.919E-01 8.375E-04 NAN 1.000E+00 7.065E+00 3.000E+00
NAN NAN NAN 9.919E-01 1.502E-03 NAN 1.000E+00 7.080E+00 3.000E+00
NAN NAN NAN 9.919E-01 2.721E-03 NAN 1.000E+00 7.108E+00 3.000E+00
NAN NAN NAN 9.919E-01 4.955E-03 NAN 1.000E+00 7.159E+00 3.000E+00
NAN NAN NAN 1.255E+00 3.937E-05 NAN 1.000E+00 7.052E+00 3.000E+00
NAN NAN NAN 1.255E+00 3.941E-05 NAN 1.000E+00 7.052E+00 3.000E+00
NAN NAN NAN 1.255E+00 3.948E-05 NAN 1.000E+00 7.052E+00 3.000E+00
NAN NAN NAN 1.255E+00 3.962E-05 NAN 1.000E+00 7.052E+00 3.000E+00
NAN NAN NAN 1.255E+00 3.987E-05 NAN 1.000E+00 7.052E+00 3.000E+00
NAN NAN NAN 1.255E+00 4.033E-05 NAN 1.000E+00 7.052E+00 3.000E+00
NAN NAN NAN 1.255E+00 4.118E-05 NAN 1.000E+00 7.052E+00 3.000E+00
NAN NAN NAN 1.255E+00 4.273E-05 NAN 1.000E+00 7.052E+00 3.000E+00
NAN NAN NAN 1.255E+00 4.558E-05 NAN 1.000E+00 7.053E+00 3.000E+00
NAN NAN NAN 1.255E+00 5.080E-05 NAN 1.000E+00 7.053E+00 3.000E+00
NAN NAN NAN 1.255E+00 6.036E-05 NAN 1.000E+00 7.053E+00 3.000E+00
NAN NAN NAN 1.255E+00 7.789E-05 NAN 1.000E+00 7.053E+00 3.000E+00
NAN NAN NAN 1.255E+00 1.100E-04 NAN 1.000E+00 7.054E+00 3.000E+00
NAN NAN NAN 1.255E+00 1.689E-04 NAN 1.000E+00 7.055E+00 3.000E+00
NAN NAN NAN 1.255E+00 2.769E-04 NAN 1.000E+00 7.058E+00 3.000E+00
NAN NAN NAN 1.255E+00 4.747E-04 NAN 1.000E+00 7.062E+00 3.000E+00
NAN NAN NAN 1.255E+00 8.375E-04 NAN 1.000E+00 7.071E+00 3.000E+00
NAN NAN NAN 1.255E+00 1.502E-03 NAN 1.000E+00 7.086E+00 3.000E+00
NAN NAN NAN 1.255E+00 2.721E-03 NAN 1.000E+00 7.114E+00 3.000E+00
NAN NAN NAN 1.255E+00 4.955E-03 NAN 1.000E+00 7.267E+00 3.000E+00
NAN NAN NAN 1.587E+00 3.937E-05 NAN 1.000E+00 8.590E+00 3.000E+00
NAN NAN NAN 1.587E+00 3.941E-05 NAN 1.000E+00 8.590E+00 3.000E+00
NAN NAN NAN 1.587E+00 3.948E-05 NAN 1.000E+00 8.590E+00 3.000E+00
NAN NAN NAN 1.587E+00 3.962E-05 NAN 1.000E+00 8.590E+00 3.000E+00
NAN NAN NAN 1.587E+00 3.987E-05 NAN 1.000E+00 8.590E+00 3.000E+00
NAN NAN NAN 1.587E+00 4.033E-05 NAN 1.000E+00 8.590E+00 3.000E+00
NAN NAN NAN 1.587E+00 4.118E-05 NAN 1.000E+00 8.590E+00 3.000E+00
NAN NAN NAN 1.587E+00 4.273E-05 NAN 1.000E+00 8.590E+00 3.000E+00
NAN NAN NAN 1.587E+00 4.558E-05 NAN 1.000E+00 8.590E+00 3.000E+00
NAN NAN NAN 1.587E+00 5.080E-05 NAN 1.000E+00 8.590E+00 3.000E+00
NAN NAN NAN 1.587E+00 6.036E-05 NAN 1.000E+00 8.591E+00 3.000E+00
NAN NAN NAN 1.587E+00 7.789E-05 NAN 1.000E+00 8.592E+00 3.000E+00
NAN NAN NAN 1.587E+00 1.100E-04 NAN 1.000E+00 8.594E+00 3.000E+00
NAN NAN NAN 1.587E+00 1.689E-04 NAN 1.000E+00 8.598E+00 3.000E+00
NAN NAN NAN 1.587E+00 2.769E-04 NAN 1.000E+00 8.605E+00 3.000E+00
NAN NAN NAN 1.587E+00 4.747E-04 NAN 1.000E+00 8.618E+00 3.000E+00
NAN NAN NAN 1.587E+00 8.375E-04 NAN 1.000E+00 8.642E+00 3.000E+00
NAN NAN NAN 1.587E+00 1.502E-03 NAN 1.000E+00 8.685E+00 3.000E+00
NAN NAN NAN 1.587E+00 2.721E-03 NAN 1.000E+00 8.768E+00 3.000E+00
NAN NAN NAN 1.587E+00 4.955E-03 NAN 1.000E+00 8.924E+00 3.000E+00
NAN NAN NAN 2.007E+00 3.937E-05 NAN 1.000E+00 1.069E+01 3.000E+00
NAN NAN NAN 2.007E+00 3.941E-05 NAN 1.000E+00 1.069E+01 3.000E+00
NAN NAN NAN 2.007E+00 3.948E-05 NAN 1.000E+00 1.069E+01 3.000E+00
NAN NAN NAN 2.007E+00 3.962E-05 NAN 1.000E+00 1.069E+01 3.000E+00
NAN NAN NAN 2.007E+00 3.987E-05 NAN 1.000E+00 1.069E+01 3.000E+00
NAN NAN NAN 2.007E+00 4.033E-05 NAN 1.000E+00 1.069E+01 3.000E+00
NAN NAN NAN 2.007E+00 4.118E-05 NAN 1.000E+00 1.069E+01 3.000E+00
NAN NAN NAN 2.007E+00 4.273E-05 NAN 1.000E+00 1.069E+01 3.000E+00
NAN NAN NAN 2.007E+00 4.558E-05 NAN 1.000E+00 1.069E+01 3.000E+00
NAN NAN NAN 2.007E+00 5.080E-05 NAN 1.000E+00 1.069E+01 3.000E+00
NAN NAN NAN 2.007E+00 6.036E-05 NAN 1.000E+00 1.069E+01 3.000E+00
NAN NAN NAN 2.007E+00 7.789E-05 NAN 1.000E+00 1.069E+01 3.000E+00
NAN NAN NAN 2.007E+00 1.100E-04 NAN 1.000E+00 1.070E+01 3.000E+00
NAN NAN NAN 2.007E+00 1.689E-04 NAN 1.000E+00 1.070E+01 3.000E+00
NAN NAN NAN 2.007E+00 2.769E-04 NAN 1.000E+00 1.071E+01 3.000E+00
NAN NAN NAN 2.007E+00 4.747E-04 NAN 1.000E+00 1.072E+01 3.000E+00
NAN NAN NAN 2.007E+00 8.375E-04 NAN 1.000E+00 1.074E+01 3.000E+00
NAN NAN NAN 2.007E+00 1.502E-03 NAN 1.000E+00 1.079E+01 3.000E+00
NAN NAN NAN 2.007E+00 2.721E-03 NAN 1.000E+00 1.087E+01 3.000E+00
NAN NAN NAN 2.007E+00 4.955E-03 NAN 1.000E+00 1.102E+01 3.000E+00
NAN NAN NAN 2.539E+00 3.937E-05 NAN 1.000E+00 1.335E+01 3.000E+00
NAN NAN NAN 2.539E+00 3.941E-05 NAN 1.000E+00 1.335E+01 3.000E+00
NAN NAN NAN 2.539E+00 3.948E-05 NAN 1.000E+00 1.335E+01 3.000E+00
NAN NAN NAN 2.539E+00 3.962E-05 NAN 1.000E+00 1.335E+01 3.000E+00
NAN NAN NAN 2.539E+00 3.987E-05 NAN 1.000E+00 1.335E+01 3.000E+00
NAN NAN NAN 2.539E+00 4.033E-05 NAN 1.000E+00 1.335E+01 3.000E+00
NAN NAN NAN 2.539E+00 4.118E-05 NAN 1.000E+00 1.335E+01 3.000E+00
NAN NAN NAN 2.539E+00 4.273E-05 NAN 1.000E+00 1.335E+01 3.000E+00
NAN NAN NAN 2.539E+00 4.558E-05 NAN 1.000E+00 1.335E+01 3.000E+00
NAN NAN NAN 2.539E+00 5.080E-05 NAN 1.000E+00 1.336E+01 3.000E+00
NAN NAN NAN 2.539E+00 6.036E-05 NAN 1.000E+00 1.336E+01 3.000E+00
NAN NAN NAN 2.539E+00 7.789E-05 NAN 1.000E+00 1.336E+01 3.000E+00
NAN NAN NAN 2.539E+00 1.100E-04 NAN 1.000E+00 1.336E+01 3.000E+00
NAN NAN NAN 2.539E+00 1.689E-04 NAN 1.000E+00 1.336E+01 3.000E+00
NAN NAN NAN 2.539E+00 2.769E-04 NAN 1.000E+00 1.337E+01 3.000E+00
NAN NAN NAN 2.539E+00 4.747E-04 NAN 1.000E+00 1.338E+01 3.000E+00
NAN NAN NAN 2.539E+00 8.375E-04 NAN 1.000E+00 1.341E+01 3.000E+00
NAN NAN NAN 2.539E+00 1.502E-03 NAN 1.000E+00 1.345E+01 3.000E+00
NAN NAN NAN 2.539E+00 2.721E-03 NAN 1.000E+00 1.353E+01 3.000E+00
NAN NAN NAN 2.539E+00 4.955E-03 NAN 1.000E+00 1.368E+01 3.000E+00
NAN NAN NAN 3.211E+00 3.937E-05 NAN 1.000E+00 1.672E+01 3.000E+00
NAN NAN NAN 3.211E+00 3.941E-05 NAN 1.000E+00 1.672E+01 3.000E+00
NAN NAN NAN 3.211E+00 3.948E-05 NAN 1.000E+00 1.672E+01 3.000E+00
NAN NAN NAN 3.211E+00 3.962E-05 NAN 1.000E+00 1.672E+01 3.000E+00
NAN NAN NAN 3.211E+00 3.987E-05 NAN 1.000E+00 1.672E+01 3.000E+00
NAN NAN NAN 3.211E+00 4.033E-05 NAN 1.000E+00 1.672E+01 3.000E+00
NAN NAN NAN 3.211E+00 4.118E-05 NAN 1.000E+00 1.672E+01 3.000E+00
NAN NAN NAN 3.211E+00 4.273E-05 NAN 1.000E+00 1.672E+01 3.000E+00
NAN NAN NAN 3.211E+00 4.558E-05 NAN 1.000E+00 1.672E+01 3.000E+00
NAN NAN NAN 3.211E+00 5.080E-05 NAN 1.000E+00 1.672E+01 3.000E+00
NAN NAN NAN 3.211E+00 6.036E-05 NAN 1.000E+00 1.672E+01 3.000E+00
NAN NAN NAN 3.211E+00 7.789E-05 NAN 1.000E+00 1.672E+01 3.000E+00
NAN NAN NAN 3.211E+00 1.100E-04 NAN 1.000E+00 1.672E+01 3.000E+00
NAN NAN NAN 3.211E+00 1.689E-04 NAN 1.000E+00 1.673E+01 3.000E+00
NAN NAN NAN 3.211E+00 2.769E-04 NAN 1.000E+00 1.673E+01 3.000E+00
NAN NAN NAN 3.211E+00 4.747E-04 NAN 1.000E+00 1.675E+01 3.000E+00
NAN NAN NAN 3.211E+00 8.375E-04 NAN 1.000E+00 1.677E+01 3.000E+00
NAN NAN NAN 3.211E+00 1.502E-03 NAN 1.000E+00 1.681E+01 3.000E+00
NAN NAN NAN 3.211E+00 2.721E-03 NAN 1.000E+00 1.689E+01 3.000E+00
NAN NAN NAN 3.211E+00 4.955E-03 NAN 1.000E+00 1.704E+01 3.000E+00
NAN NAN NAN 4.062E+00 3.937E-05 NAN 1.000E+00 2.098E+01 3.000E+00
NAN NAN NAN 4.062E+00 3.941E-05 NAN 1.000E+00 2.098E+01 3.000E+00
NAN NAN NAN 4.062E+00 3.948E-05 NAN 1.000E+00 2.098E+01 3.000E+00
NAN NAN NAN 4.062E+00 3.962E-05 NAN 1.000E+00 2.098E+01 3.000E+00
NAN NAN NAN 4.062E+00 3.987E-05 NAN 1.000E+00 2.098E+01 3.000E+00
NAN NAN NAN 4.062E+00 4.033E-05 NAN 1.000E+00 2.098E+01 3.000E+00
NAN NAN NAN 4.062E+00 4.118E-05 NAN 1.000E+00 2.098E+01 3.000E+00
NAN NAN NAN 4.062E+00 4.273E-05 NAN 1.000E+00 2.098E+01 3.000E+00
NAN NAN NAN 4.062E+00 4.558E-05 NAN 1.000E+00 2.098E+01 3.000E+00
NAN NAN NAN 4.062E+00 5.080E-05 NAN 1.000E+00 2.098E+01 3.000E+00
NAN NAN NAN 4.062E+00 6.036E-05 NAN 1.000E+00 2.098E+01 3.000E+00
NAN NAN NAN 4.062E+00 7.789E-05 NAN 1.000E+00 2.098E+01 3.000E+00
NAN NAN NAN 4.062E+00 1.100E-04 NAN 1.000E+00 2.098E+01 3.000E+00
NAN NAN NAN 4.062E+00 1.689E-04 NAN 1.000E+00 2.099E+01 3.000E+00
NAN NAN NAN 4.062E+00 2.769E-04 NAN 1.000E+00 2.099E+01 3.000E+00
NAN NAN NAN 4.062E+00 4.747E-04 NAN 1.000E+00 2.101E+01 3.000E+00
NAN NAN NAN 4.062E+00 8.375E-04 NAN 1.000E+00 2.103E+01 3.000E+00
NAN NAN NAN 4.062E+00 1.502E-03 NAN 1.000E+00 2.107E+01 3.000E+00
NAN NAN NAN 4.062E+00 2.721E-03 NAN 1.000E+00 2.115E+01 3.000E+00
NAN NAN NAN 4.062E+00 4.955E-03 NAN 1.000E+00 2.130E+01 3.000E+00
NAN NAN NAN 5.138E+00 3.937E-05 NAN 1.000E+00 2.636E+01 3.000E+00
NAN NAN NAN 5.138E+00 3.941E-05 NAN 1.000E+00 2.636E+01 3.000E+00
NAN NAN NAN 5.138E+00 3.948E-05 NAN 1.000E+00 2.636E+01 3.000E+00
NAN NAN NAN 5.138E+00 3.962E-05 NAN 1.000E+00 2.636E+01 3.000E+00
NAN NAN NAN 5.138E+00 3.987E-05 NAN 1.000E+00 2.636E+01 3.000E+00
NAN NAN NAN 5.138E+00 4.033E-05 NAN 1.000E+00 2.636E+01 3.000E+00
NAN NAN NAN 5.138E+00 4.118E-05 NAN 1.000E+00 2.636E+01 3.000E+00
NAN NAN NAN 5.138E+00 4.273E-05 NAN 1.000E+00 2.636E+01 3.000E+00
NAN NAN NAN 5.138E+00 4.558E-05 NAN 1.000E+00 2.636E+01 3.000E+00
NAN NAN NAN 5.138E+00 5.080E-05 NAN 1.000E+00 2.636E+01 3.000E+00
NAN NAN NAN 5.138E+00 6.036E-05 NAN 1.000E+00 2.636E+01 3.000E+00
NAN NAN NAN 5.138E+00 7.789E-05 NAN 1.000E+00 2.637E+01 3.000E+00
NAN NAN NAN 5.138E+00 1.100E-04 NAN 1.000E+00 2.637E+01 3.000E+00
NAN NAN NAN 5.138E+00 1.689E-04 NAN 1.000E+00 2.637E+01 3.000E+00
NAN NAN NAN 5.138E+00 2.769E-04 NAN 1.000E+00 2.638E+01 3.000E+00
NAN NAN NAN 5.138E+00 4.747E-04 NAN 1.000E+00 2.639E+01 3.000E+00
NAN NAN NAN 5.138E+00 8.375E-04 NAN 1.000E+00 2.641E+01 3.000E+00
NAN NAN NAN 5.138E+00 1.502E-03 NAN 1.000E+00 2.646E+01 3.000E+00
NAN NAN NAN 5.138E+00 2.721E-03 NAN 1.000E+00 2.654E+01 3.000E+00
NAN NAN NAN 5.138E+00 4.955E-03 NAN 1.000E+00 2.668E+01 3.000E+00
