1.061E+07 9.785E+02 5.629E-01 5.137E-05 4.950E-04 1.248E+03 7.913E-01 1.765E+01 2.000E+00
1.068E+07 9.785E+02 5.629E-01 5.137E-05 4.951E-04 1.280E+03 7.913E-01 1.765E+01 2.000E+00
4.191E+07 3.732E+02 7.620E-01 5.137E-05 4.951E-04 2.042E+03 7.913E-01 1.765E+01 2.000E+00
1.103E+07 9.785E+02 5.629E-01 5.137E-05 4.953E-04 1.267E+03 7.913E-01 1.765E+01 2.000E+00
1.147E+07 9.785E+02 5.629E-01 5.137E-05 4.955E-04 1.248E+03 7.913E-01 1.765E+01 2.000E+00
1.241E+07 9.785E+02 5.629E-01 5.137E-05 4.960E-04 1.248E+03 7.913E-01 1.765E+01 2.000E+00
2.892E+08 4.330E+02 7.347E-01 5.137E-05 4.968E-04 1.818E+03 7.913E-01 1.765E+01 2.000E+00
2.262E+07 9.785E+02 5.629E-01 5.137E-05 4.984E-04 1.249E+03 7.914E-01 1.765E+01 2.000E+00
2.544E+07 3.952E+02 7.518E-01 5.137E-05 5.012E-04 1.947E+03 7.914E-01 1.765E+01 2.000E+00
7.051E+06 4.658E+02 7.205E-01 5.137E-05 5.064E-04 1.732E+03 7.916E-01 1.765E+01 2.000E+00
1.682E+07 3.409E+02 7.775E-01 5.137E-05 5.160E-04 2.223E+03 7.918E-01 1.765E+01 2.000E+00
2.865E+07 7.601E+02 6.175E-01 5.137E-05 5.335E-04 1.357E+03 7.922E-01 1.765E+01 2.000E+00
3.327E+07 5.286E+02 6.951E-01 5.137E-05 5.657E-04 1.603E+03 7.930E-01 1.765E+01 2.000E+00
8.764E+06 3.519E+02 7.725E-01 5.137E-05 6.246E-04 2.152E+03 7.944E-01 1.765E+01 2.000E+00
1.249E+07 8.644E+02 5.898E-01 5.137E-05 7.325E-04 1.297E+03 7.970E-01 1.766E+01 2.000E+00
1.237E+07 4.000E+02 7.506E-01 5.137E-05 9.304E-04 1.922E+03 8.018E-01 1.766E+01 2.000E+00
2.061E+07 8.471E+02 5.947E-01 5.137E-05 1.293E-03 1.310E+03 8.105E-01 1.767E+01 2.000E+00
1.126E+08 5.693E+02 6.817E-01 5.137E-05 1.958E-03 1.540E+03 8.259E-01 1.769E+01 2.000E+00
5.380E+06 7.728E+02 6.167E-01 5.137E-05 3.177E-03 1.359E+03 8.479E-01 1.771E+01 2.000E+00
1.842E+07 7.577E+02 6.234E-01 5.137E-05 5.410E-03 1.385E+03 8.820E-01 1.776E+01 2.000E+00
4.323E+07 3.732E+02 7.620E-01 6.498E-05 4.950E-04 2.042E+03 7.913E-01 1.765E+01 2.000E+00
9.126E+07 3.648E+02 7.660E-01 6.498E-05 4.951E-04 2.413E+03 7.914E-01 1.765E+01 2.000E+00
1.096E+07 9.785E+02 5.629E-01 6.498E-05 4.951E-04 1.248E+03 7.914E-01 1.765E+01 2.000E+00
1.119E+07 9.785E+02 5.629E-01 6.498E-05 4.953E-04 1.248E+03 7.914E-01 1.765E+01 2.000E+00
1.166E+07 9.785E+02 5.629E-01 6.498E-05 4.955E-04 1.248E+03 7.914E-01 1.765E+01 2.000E+00
1.263E+07 9.785E+02 5.629E-01 6.498E-05 4.960E-04 1.248E+03 7.914E-01 1.765E+01 2.000E+00
9.671E+07 5.072E+02 7.034E-01 6.498E-05 4.968E-04 1.642E+03 7.914E-01 1.765E+01 2.000E+00
2.345E+07 9.785E+02 5.629E-01 6.498E-05 4.984E-04 1.248E+03 7.914E-01 1.765E+01 2.000E+00
9.598E+07 6.156E+02 6.629E-01 6.498E-05 5.012E-04 1.483E+03 7.915E-01 1.765E+01 2.000E+00
1.332E+07 4.658E+02 7.205E-01 6.498E-05 5.064E-04 1.730E+03 7.916E-01 1.765E+01 2.000E+00
8.682E+07 3.877E+02 7.553E-01 6.498E-05 5.160E-04 1.977E+03 7.919E-01 1.765E+01 2.000E+00
8.606E+07 7.601E+02 6.175E-01 6.498E-05 5.335E-04 1.357E+03 7.923E-01 1.765E+01 2.000E+00
2.170E+07 8.422E+02 5.953E-01 6.498E-05 5.657E-04 1.308E+03 7.930E-01 1.765E+01 2.000E+00
1.113E+07 3.465E+02 7.751E-01 6.498E-05 6.246E-04 2.184E+03 7.945E-01 1.765E+01 2.000E+00
1.436E+07 8.644E+02 5.898E-01 6.498E-05 7.325E-04 1.297E+03 7.971E-01 1.766E+01 2.000E+00
9.089E+06 7.011E+02 6.355E-01 6.498E-05 9.304E-04 1.416E+03 8.018E-01 1.766E+01 2.000E+00
2.799E+07 8.471E+02 5.947E-01 6.498E-05 1.293E-03 1.309E+03 8.105E-01 1.767E+01 2.000E+00
1.209E+07 4.113E+02 7.479E-01 6.498E-05 1.958E-03 1.871E+03 8.260E-01 1.769E+01 2.000E+00
5.610E+06 7.881E+02 6.123E-01 6.498E-05 3.177E-03 1.350E+03 8.480E-01 1.771E+01 2.000E+00
3.054E+07 7.577E+02 6.234E-01 6.498E-05 5.410E-03 1.380E+03 8.820E-01 1.776E+01 2.000E+00
1.097E+07 9.785E+02 5.629E-01 8.219E-05 4.950E-04 1.248E+03 7.914E-01 1.765E+01 2.000E+00
1.104E+07 9.785E+02 5.629E-01 8.219E-05 4.951E-04 1.248E+03 7.914E-01 1.765E+01 2.000E+00
1.117E+07 9.785E+02 5.629E-01 8.219E-05 4.951E-04 1.249E+03 7.914E-01 1.765E+01 2.000E+00
1.141E+07 9.785E+02 5.629E-01 8.219E-05 4.953E-04 1.248E+03 7.914E-01 1.765E+01 2.000E+00
1.190E+07 9.785E+02 5.629E-01 8.219E-05 4.955E-04 1.249E+03 7.914E-01 1.765E+01 2.000E+00
1.292E+07 9.785E+02 5.629E-01 8.219E-05 4.960E-04 1.248E+03 7.914E-01 1.765E+01 2.000E+00
1.542E+07 9.785E+02 5.629E-01 8.219E-05 4.968E-04 1.248E+03 7.915E-01 1.765E+01 2.000E+00
2.458E+07 9.785E+02 5.629E-01 8.219E-05 4.984E-04 1.256E+03 7.915E-01 1.765E+01 2.000E+00
9.464E+06 3.708E+02 7.632E-01 8.219E-05 5.012E-04 2.054E+03 7.916E-01 1.765E+01 2.000E+00
1.276E+07 6.656E+02 6.462E-01 8.219E-05 5.064E-04 1.432E+03 7.917E-01 1.765E+01 2.000E+00
2.804E+07 2.697E+02 8.117E-01 8.219E-05 5.160E-04 3.024E+03 7.919E-01 1.765E+01 2.000E+00
8.698E+06 7.878E+02 6.098E-01 8.219E-05 5.335E-04 1.339E+03 7.923E-01 1.765E+01 2.000E+00
3.454E+07 8.422E+02 5.953E-01 8.219E-05 5.657E-04 1.308E+03 7.931E-01 1.765E+01 2.000E+00
6.634E+07 3.948E+02 7.523E-01 8.219E-05 6.246E-04 1.951E+03 7.945E-01 1.765E+01 2.000E+00
1.783E+07 8.644E+02 5.898E-01 8.219E-05 7.325E-04 1.297E+03 7.971E-01 1.766E+01 2.000E+00
1.336E+07 7.011E+02 6.355E-01 8.219E-05 9.304E-04 1.402E+03 8.019E-01 1.766E+01 2.000E+00
5.256E+07 8.471E+02 5.947E-01 8.219E-05 1.293E-03 1.309E+03 8.106E-01 1.767E+01 2.000E+00
5.746E+06 4.203E+02 7.437E-01 8.219E-05 1.958E-03 1.842E+03 8.261E-01 1.769E+01 2.000E+00
6.261E+06 7.881E+02 6.123E-01 8.219E-05 3.177E-03 1.350E+03 8.480E-01 1.771E+01 2.000E+00
2.292E+08 7.577E+02 6.234E-01 8.219E-05 5.410E-03 1.379E+03 8.821E-01 1.776E+01 2.000E+00
1.124E+07 9.785E+02 5.629E-01 1.040E-04 4.950E-04 1.248E+03 7.915E-01 1.765E+01 2.000E+00
1.131E+07 9.785E+02 5.629E-01 1.040E-04 4.951E-04 1.248E+03 7.915E-01 1.765E+01 2.000E+00
1.145E+07 9.785E+02 5.629E-01 1.040E-04 4.951E-04 1.248E+03 7.915E-01 1.765E+01 2.000E+00
1.171E+07 9.785E+02 5.629E-01 1.040E-04 4.953E-04 1.248E+03 7.915E-01 1.765E+01 2.000E+00
1.222E+07 9.785E+02 5.629E-01 1.040E-04 4.955E-04 1.248E+03 7.915E-01 1.765E+01 2.000E+00
1.331E+07 9.785E+02 5.629E-01 1.040E-04 4.960E-04 1.248E+03 7.915E-01 1.765E+01 2.000E+00
1.600E+07 9.785E+02 5.629E-01 1.040E-04 4.968E-04 1.248E+03 7.915E-01 1.765E+01 2.000E+00
2.620E+07 9.785E+02 5.629E-01 1.040E-04 4.984E-04 1.256E+03 7.916E-01 1.765E+01 2.000E+00
1.820E+07 4.837E+02 7.130E-01 1.040E-04 5.012E-04 1.689E+03 7.917E-01 1.765E+01 2.000E+00
4.432E+07 6.656E+02 6.462E-01 1.040E-04 5.064E-04 1.431E+03 7.918E-01 1.765E+01 2.000E+00
4.869E+06 4.725E+02 7.177E-01 1.040E-04 5.160E-04 1.714E+03 7.920E-01 1.765E+01 2.000E+00
1.144E+07 7.878E+02 6.098E-01 1.040E-04 5.335E-04 1.339E+03 7.924E-01 1.765E+01 2.000E+00
1.561E+08 8.422E+02 5.953E-01 1.040E-04 5.657E-04 1.308E+03 7.932E-01 1.765E+01 2.000E+00
7.069E+06 7.681E+02 6.153E-01 1.040E-04 6.246E-04 1.352E+03 7.946E-01 1.765E+01 2.000E+00
2.608E+07 8.644E+02 5.898E-01 1.040E-04 7.325E-04 1.297E+03 7.972E-01 1.766E+01 2.000E+00
3.820E+07 6.905E+02 6.388E-01 1.040E-04 9.304E-04 1.410E+03 8.020E-01 1.766E+01 2.000E+00
1.709E+07 8.410E+02 5.963E-01 1.040E-04 1.293E-03 1.312E+03 8.107E-01 1.767E+01 2.000E+00
1.800E+07 4.203E+02 7.437E-01 1.040E-04 1.958E-03 1.842E+03 8.261E-01 1.769E+01 2.000E+00
7.467E+06 7.881E+02 6.123E-01 1.040E-04 3.177E-03 1.353E+03 8.481E-01 1.771E+01 2.000E+00
2.188E+07 9.686E+02 5.688E-01 1.040E-04 5.410E-03 1.288E+03 8.822E-01 1.776E+01 2.000E+00
1.160E+07 9.785E+02 5.629E-01 1.315E-04 4.950E-04 1.256E+03 7.916E-01 1.765E+01 2.000E+00
1.168E+07 9.785E+02 5.629E-01 1.315E-04 4.951E-04 1.248E+03 7.916E-01 1.765E+01 2.000E+00
1.182E+07 9.785E+02 5.629E-01 1.315E-04 4.951E-04 1.248E+03 7.916E-01 1.765E+01 2.000E+00
1.211E+07 9.785E+02 5.629E-01 1.315E-04 4.953E-04 1.248E+03 7.916E-01 1.765E+01 2.000E+00
1.266E+07 9.785E+02 5.629E-01 1.315E-04 4.955E-04 1.248E+03 7.916E-01 1.765E+01 2.000E+00
1.385E+07 9.785E+02 5.629E-01 1.315E-04 4.960E-04 1.248E+03 7.916E-01 1.765E+01 2.000E+00
5.521E+07 9.115E+02 5.781E-01 1.315E-04 4.968E-04 1.274E+03 7.917E-01 1.765E+01 2.000E+00
2.860E+07 9.785E+02 5.629E-01 1.315E-04 4.984E-04 1.248E+03 7.917E-01 1.765E+01 2.000E+00
1.025E+07 9.236E+02 5.753E-01 1.315E-04 5.012E-04 1.269E+03 7.918E-01 1.765E+01 2.000E+00
1.570E+07 4.931E+02 7.091E-01 1.315E-04 5.064E-04 1.669E+03 7.919E-01 1.765E+01 2.000E+00
1.298E+07 4.725E+02 7.177E-01 1.315E-04 5.160E-04 1.714E+03 7.921E-01 1.765E+01 2.000E+00
6.097E+06 4.319E+02 7.353E-01 1.315E-04 5.335E-04 1.822E+03 7.925E-01 1.765E+01 2.000E+00
1.330E+07 4.929E+02 7.093E-01 1.315E-04 5.657E-04 1.670E+03 7.933E-01 1.765E+01 2.000E+00
1.072E+07 4.654E+02 7.209E-01 1.315E-04 6.246E-04 1.730E+03 7.947E-01 1.765E+01 2.000E+00
6.705E+07 8.644E+02 5.898E-01 1.315E-04 7.325E-04 1.298E+03 7.973E-01 1.766E+01 2.000E+00
5.230E+07 6.376E+02 6.560E-01 1.315E-04 9.304E-04 1.461E+03 8.021E-01 1.766E+01 2.000E+00
3.173E+07 8.410E+02 5.963E-01 1.315E-04 1.293E-03 1.313E+03 8.108E-01 1.767E+01 2.000E+00
1.966E+07 5.463E+02 6.905E-01 1.315E-04 1.958E-03 1.573E+03 8.262E-01 1.769E+01 2.000E+00
9.781E+06 7.881E+02 6.123E-01 1.315E-04 3.177E-03 1.355E+03 8.482E-01 1.771E+01 2.000E+00
4.885E+06 3.960E+02 7.635E-01 1.315E-04 5.410E-03 1.884E+03 8.822E-01 1.776E+01 2.000E+00
1.210E+07 9.785E+02 5.629E-01 1.663E-04 4.950E-04 1.248E+03 7.918E-01 1.765E+01 2.000E+00
1.218E+07 9.785E+02 5.629E-01 1.663E-04 4.951E-04 1.248E+03 7.918E-01 1.765E+01 2.000E+00
1.234E+07 9.785E+02 5.629E-01 1.663E-04 4.951E-04 1.251E+03 7.918E-01 1.765E+01 2.000E+00
1.265E+07 9.785E+02 5.629E-01 1.663E-04 4.953E-04 1.248E+03 7.918E-01 1.765E+01 2.000E+00
1.327E+07 9.785E+02 5.629E-01 1.663E-04 4.955E-04 1.248E+03 7.918E-01 1.765E+01 2.000E+00
1.459E+07 9.785E+02 5.629E-01 1.663E-04 4.960E-04 1.248E+03 7.918E-01 1.765E+01 2.000E+00
1.796E+07 9.785E+02 5.629E-01 1.663E-04 4.968E-04 1.248E+03 7.918E-01 1.765E+01 2.000E+00
3.238E+07 9.785E+02 5.629E-01 1.663E-04 4.984E-04 1.248E+03 7.918E-01 1.765E+01 2.000E+00
4.229E+07 5.002E+02 7.062E-01 1.663E-04 5.012E-04 1.655E+03 7.919E-01 1.765E+01 2.000E+00
7.394E+07 7.000E+02 6.353E-01 1.663E-04 5.064E-04 1.406E+03 7.920E-01 1.765E+01 2.000E+00
9.697E+06 7.175E+02 6.300E-01 1.663E-04 5.160E-04 1.387E+03 7.923E-01 1.765E+01 2.000E+00
4.806E+06 4.201E+02 7.405E-01 1.663E-04 5.335E-04 1.857E+03 7.927E-01 1.765E+01 2.000E+00
9.728E+06 6.915E+02 6.380E-01 1.663E-04 5.657E-04 1.409E+03 7.935E-01 1.765E+01 2.000E+00
2.636E+07 4.198E+02 7.409E-01 1.663E-04 6.246E-04 1.870E+03 7.949E-01 1.765E+01 2.000E+00
2.983E+07 9.186E+02 5.766E-01 1.663E-04 7.325E-04 1.273E+03 7.975E-01 1.766E+01 2.000E+00
8.184E+07 4.746E+02 7.176E-01 1.663E-04 9.304E-04 1.707E+03 8.022E-01 1.766E+01 2.000E+00
2.502E+07 9.289E+02 5.747E-01 1.663E-04 1.293E-03 1.272E+03 8.110E-01 1.767E+01 2.000E+00
1.266E+07 7.707E+02 6.160E-01 1.663E-04 1.958E-03 1.355E+03 8.264E-01 1.769E+01 2.000E+00
1.726E+07 7.881E+02 6.123E-01 1.663E-04 3.177E-03 1.351E+03 8.483E-01 1.771E+01 2.000E+00
1.078E+08 3.960E+02 7.635E-01 1.663E-04 5.410E-03 1.884E+03 8.824E-01 1.776E+01 2.000E+00
1.280E+07 9.785E+02 5.629E-01 2.104E-04 4.950E-04 1.248E+03 7.919E-01 1.765E+01 2.000E+00
1.290E+07 9.785E+02 5.629E-01 2.104E-04 4.951E-04 1.249E+03 7.919E-01 1.765E+01 2.000E+00
1.308E+07 9.785E+02 5.629E-01 2.104E-04 4.951E-04 1.248E+03 7.919E-01 1.765E+01 2.000E+00
1.343E+07 9.785E+02 5.629E-01 2.104E-04 4.953E-04 1.248E+03 7.919E-01 1.765E+01 2.000E+00
1.414E+07 9.785E+02 5.629E-01 2.104E-04 4.955E-04 1.248E+03 7.919E-01 1.765E+01 2.000E+00
1.791E+08 3.588E+02 7.689E-01 2.104E-04 4.960E-04 2.116E+03 7.920E-01 1.765E+01 2.000E+00
1.969E+07 9.785E+02 5.629E-01 2.104E-04 4.968E-04 1.250E+03 7.920E-01 1.765E+01 2.000E+00
3.898E+07 9.785E+02 5.629E-01 2.104E-04 4.984E-04 1.248E+03 7.920E-01 1.765E+01 2.000E+00
1.502E+07 9.236E+02 5.753E-01 2.104E-04 5.012E-04 1.270E+03 7.921E-01 1.765E+01 2.000E+00
4.116E+07 4.535E+02 7.258E-01 2.104E-04 5.064E-04 1.810E+03 7.922E-01 1.765E+01 2.000E+00
5.147E+07 5.435E+02 6.892E-01 2.104E-04 5.160E-04 1.581E+03 7.924E-01 1.765E+01 2.000E+00
1.478E+08 7.604E+02 6.174E-01 2.104E-04 5.335E-04 1.356E+03 7.929E-01 1.765E+01 2.000E+00
4.165E+08 6.915E+02 6.380E-01 2.104E-04 5.657E-04 1.409E+03 7.936E-01 1.765E+01 2.000E+00
1.112E+07 8.618E+02 5.904E-01 2.104E-04 6.246E-04 1.298E+03 7.950E-01 1.765E+01 2.000E+00
8.222E+07 9.186E+02 5.766E-01 2.104E-04 7.325E-04 1.273E+03 7.976E-01 1.766E+01 2.000E+00
4.374E+07 2.748E+02 8.109E-01 2.104E-04 9.304E-04 2.895E+03 8.024E-01 1.766E+01 2.000E+00
1.203E+07 6.114E+02 6.655E-01 2.104E-04 1.293E-03 1.488E+03 8.111E-01 1.767E+01 2.000E+00
1.021E+07 2.421E+02 8.305E-01 2.104E-04 1.958E-03 3.561E+03 8.265E-01 1.769E+01 2.000E+00
1.705E+08 5.975E+02 6.732E-01 2.104E-04 3.177E-03 1.506E+03 8.485E-01 1.771E+01 2.000E+00
1.461E+07 5.239E+02 7.053E-01 2.104E-04 5.410E-03 1.604E+03 8.825E-01 1.776E+01 2.000E+00
3.365E+07 4.330E+02 7.347E-01 2.661E-04 4.950E-04 1.819E+03 7.922E-01 1.765E+01 2.000E+00
9.908E+08 4.330E+02 7.347E-01 2.661E-04 4.951E-04 1.818E+03 7.922E-01 1.765E+01 2.000E+00
1.417E+07 9.785E+02 5.629E-01 2.661E-04 4.951E-04 1.249E+03 7.922E-01 1.765E+01 2.000E+00
1.459E+07 9.785E+02 5.629E-01 2.661E-04 4.953E-04 1.248E+03 7.922E-01 1.765E+01 2.000E+00
1.544E+07 9.785E+02 5.629E-01 2.661E-04 4.955E-04 1.248E+03 7.922E-01 1.765E+01 2.000E+00
1.133E+08 9.115E+02 5.781E-01 2.661E-04 4.960E-04 1.275E+03 7.922E-01 1.765E+01 2.000E+00
2.248E+07 9.785E+02 5.629E-01 2.661E-04 4.968E-04 1.249E+03 7.922E-01 1.765E+01 2.000E+00
5.281E+07 9.785E+02 5.629E-01 2.661E-04 4.984E-04 1.257E+03 7.922E-01 1.765E+01 2.000E+00
2.318E+07 9.236E+02 5.753E-01 2.661E-04 5.012E-04 1.269E+03 7.923E-01 1.765E+01 2.000E+00
1.905E+07 8.323E+02 5.978E-01 2.661E-04 5.064E-04 1.315E+03 7.924E-01 1.765E+01 2.000E+00
3.522E+06 5.215E+02 6.978E-01 2.661E-04 5.160E-04 1.616E+03 7.927E-01 1.765E+01 2.000E+00
2.575E+08 5.221E+02 6.975E-01 2.661E-04 5.335E-04 1.615E+03 7.931E-01 1.765E+01 2.000E+00
1.303E+09 4.543E+02 7.255E-01 2.661E-04 5.657E-04 1.759E+03 7.939E-01 1.765E+01 2.000E+00
1.834E+08 3.170E+02 7.894E-01 2.661E-04 6.246E-04 2.401E+03 7.953E-01 1.765E+01 2.000E+00
3.880E+07 3.883E+02 7.556E-01 2.661E-04 7.325E-04 1.971E+03 7.979E-01 1.766E+01 2.000E+00
1.719E+07 8.980E+02 5.817E-01 2.661E-04 9.304E-04 1.283E+03 8.026E-01 1.766E+01 2.000E+00
1.852E+07 9.274E+02 5.750E-01 2.661E-04 1.293E-03 1.276E+03 8.114E-01 1.767E+01 2.000E+00
9.186E+07 7.550E+02 6.205E-01 2.661E-04 1.958E-03 1.366E+03 8.267E-01 1.769E+01 2.000E+00
3.666E+06 3.103E+02 8.011E-01 2.661E-04 3.177E-03 2.364E+03 8.487E-01 1.771E+01 2.000E+00
6.788E+06 4.977E+02 7.163E-01 2.661E-04 5.410E-03 1.644E+03 8.827E-01 1.776E+01 2.000E+00
1.543E+07 9.785E+02 5.629E-01 3.366E-04 4.950E-04 1.248E+03 7.924E-01 1.765E+01 2.000E+00
1.558E+07 9.785E+02 5.629E-01 3.366E-04 4.951E-04 1.249E+03 7.924E-01 1.765E+01 2.000E+00
1.586E+07 9.785E+02 5.629E-01 3.366E-04 4.951E-04 1.249E+03 7.924E-01 1.765E+01 2.000E+00
4.126E+07 9.115E+02 5.781E-01 3.366E-04 4.953E-04 1.275E+03 7.924E-01 1.765E+01 2.000E+00
1.896E+08 9.115E+02 5.781E-01 3.366E-04 4.955E-04 1.275E+03 7.924E-01 1.765E+01 2.000E+00
2.003E+07 9.785E+02 5.629E-01 3.366E-04 4.960E-04 1.250E+03 7.925E-01 1.765E+01 2.000E+00
7.932E+07 2.636E+02 8.144E-01 3.366E-04 4.968E-04 3.156E+03 7.925E-01 1.765E+01 2.000E+00
2.886E+07 9.453E+02 5.703E-01 3.366E-04 4.984E-04 1.261E+03 7.925E-01 1.765E+01 2.000E+00
8.702E+07 9.236E+02 5.753E-01 3.366E-04 5.012E-04 1.270E+03 7.926E-01 1.765E+01 2.000E+00
7.316E+06 8.433E+02 5.950E-01 3.366E-04 5.064E-04 1.307E+03 7.927E-01 1.765E+01 2.000E+00
1.628E+08 5.215E+02 6.978E-01 3.366E-04 5.160E-04 1.624E+03 7.929E-01 1.765E+01 2.000E+00
1.318E+08 5.287E+02 6.950E-01 3.366E-04 5.335E-04 1.603E+03 7.934E-01 1.765E+01 2.000E+00
1.922E+07 8.279E+02 5.990E-01 3.366E-04 5.657E-04 1.316E+03 7.941E-01 1.765E+01 2.000E+00
7.877E+07 4.539E+02 7.258E-01 3.366E-04 6.246E-04 1.759E+03 7.956E-01 1.765E+01 2.000E+00
3.597E+07 9.234E+02 5.755E-01 3.366E-04 7.325E-04 1.271E+03 7.981E-01 1.766E+01 2.000E+00
4.284E+07 7.147E+02 6.313E-01 3.366E-04 9.304E-04 1.392E+03 8.029E-01 1.766E+01 2.000E+00
3.969E+07 9.274E+02 5.750E-01 3.366E-04 1.293E-03 1.273E+03 8.116E-01 1.767E+01 2.000E+00
5.683E+07 4.132E+02 7.470E-01 3.366E-04 1.958E-03 1.865E+03 8.270E-01 1.769E+01 2.000E+00
5.151E+08 8.193E+02 6.038E-01 3.366E-04 3.177E-03 1.334E+03 8.490E-01 1.771E+01 2.000E+00
6.301E+07 2.341E+02 8.500E-01 3.366E-04 5.410E-03 3.358E+03 8.829E-01 1.776E+01 2.000E+00
1.816E+07 9.785E+02 5.629E-01 4.257E-04 4.950E-04 1.284E+03 7.928E-01 1.765E+01 2.000E+00
1.837E+07 9.785E+02 5.629E-01 4.257E-04 4.951E-04 1.248E+03 7.928E-01 1.765E+01 2.000E+00
5.058E+07 4.014E+02 7.489E-01 4.257E-04 4.951E-04 1.924E+03 7.928E-01 1.765E+01 2.000E+00
1.956E+07 9.785E+02 5.629E-01 4.257E-04 4.953E-04 1.248E+03 7.928E-01 1.765E+01 2.000E+00
2.120E+07 9.785E+02 5.629E-01 4.257E-04 4.955E-04 1.248E+03 7.928E-01 1.765E+01 2.000E+00
9.824E+07 2.636E+02 8.144E-01 4.257E-04 4.960E-04 3.156E+03 7.928E-01 1.765E+01 2.000E+00
3.863E+07 9.785E+02 5.629E-01 4.257E-04 4.968E-04 1.248E+03 7.928E-01 1.765E+01 2.000E+00
3.810E+07 2.878E+02 8.030E-01 4.257E-04 4.984E-04 2.727E+03 7.929E-01 1.765E+01 2.000E+00
1.034E+07 4.320E+02 7.352E-01 4.257E-04 5.012E-04 1.821E+03 7.929E-01 1.765E+01 2.000E+00
8.023E+07 4.112E+02 7.445E-01 4.257E-04 5.064E-04 1.888E+03 7.931E-01 1.765E+01 2.000E+00
1.616E+07 7.195E+02 6.294E-01 4.257E-04 5.160E-04 1.388E+03 7.933E-01 1.765E+01 2.000E+00
8.966E+07 5.020E+02 7.056E-01 4.257E-04 5.335E-04 1.654E+03 7.937E-01 1.765E+01 2.000E+00
4.252E+07 6.219E+02 6.609E-01 4.257E-04 5.657E-04 1.476E+03 7.945E-01 1.765E+01 2.000E+00
1.592E+07 6.570E+02 6.492E-01 4.257E-04 6.246E-04 1.440E+03 7.959E-01 1.765E+01 2.000E+00
3.266E+07 8.993E+02 5.812E-01 4.257E-04 7.325E-04 1.281E+03 7.985E-01 1.766E+01 2.000E+00
8.985E+07 7.073E+02 6.336E-01 4.257E-04 9.304E-04 1.397E+03 8.033E-01 1.766E+01 2.000E+00
6.218E+07 9.353E+02 5.732E-01 4.257E-04 1.293E-03 1.270E+03 8.120E-01 1.767E+01 2.000E+00
2.510E+07 8.155E+02 6.036E-01 4.257E-04 1.958E-03 1.330E+03 8.273E-01 1.769E+01 2.000E+00
4.873E+06 8.376E+02 5.989E-01 4.257E-04 3.177E-03 1.376E+03 8.493E-01 1.771E+01 2.000E+00
7.922E+06 4.188E+02 7.523E-01 4.257E-04 5.410E-03 1.817E+03 8.832E-01 1.776E+01 2.000E+00
2.359E+07 9.785E+02 5.629E-01 5.385E-04 4.950E-04 1.248E+03 7.932E-01 1.765E+01 2.000E+00
2.396E+07 9.785E+02 5.629E-01 5.385E-04 4.951E-04 1.249E+03 7.932E-01 1.765E+01 2.000E+00
2.467E+07 9.785E+02 5.629E-01 5.385E-04 4.951E-04 1.248E+03 7.932E-01 1.765E+01 2.000E+00
2.610E+07 9.785E+02 5.629E-01 5.385E-04 4.953E-04 1.249E+03 7.933E-01 1.765E+01 2.000E+00
1.198E+08 6.389E+02 6.550E-01 5.385E-04 4.955E-04 1.458E+03 7.933E-01 1.765E+01 2.000E+00
3.763E+07 9.785E+02 5.629E-01 5.385E-04 4.960E-04 1.248E+03 7.933E-01 1.765E+01 2.000E+00
2.560E+07 9.453E+02 5.703E-01 5.385E-04 4.968E-04 1.261E+03 7.933E-01 1.765E+01 2.000E+00
1.074E+07 9.236E+02 5.753E-01 5.385E-04 4.984E-04 1.270E+03 7.933E-01 1.765E+01 2.000E+00
4.361E+07 7.387E+02 6.237E-01 5.385E-04 5.012E-04 1.372E+03 7.934E-01 1.765E+01 2.000E+00
3.663E+06 2.818E+02 8.059E-01 5.385E-04 5.064E-04 2.814E+03 7.935E-01 1.765E+01 2.000E+00
2.462E+07 6.138E+02 6.636E-01 5.385E-04 5.160E-04 1.486E+03 7.938E-01 1.765E+01 2.000E+00
3.290E+09 4.530E+02 7.260E-01 5.385E-04 5.335E-04 1.762E+03 7.942E-01 1.765E+01 2.000E+00
2.953E+07 8.312E+02 5.981E-01 5.385E-04 5.657E-04 1.314E+03 7.949E-01 1.765E+01 2.000E+00
7.343E+07 6.557E+02 6.496E-01 5.385E-04 6.246E-04 1.459E+03 7.964E-01 1.765E+01 2.000E+00
6.941E+06 2.775E+02 8.089E-01 5.385E-04 7.325E-04 2.866E+03 7.990E-01 1.766E+01 2.000E+00
2.660E+07 8.083E+02 6.046E-01 5.385E-04 9.304E-04 1.329E+03 8.037E-01 1.766E+01 2.000E+00
9.296E+06 7.669E+02 6.164E-01 5.385E-04 1.293E-03 1.355E+03 8.124E-01 1.767E+01 2.000E+00
7.166E+06 8.109E+02 6.049E-01 5.385E-04 1.958E-03 1.332E+03 8.277E-01 1.769E+01 2.000E+00
6.592E+07 3.574E+02 7.770E-01 5.385E-04 3.177E-03 2.075E+03 8.497E-01 1.771E+01 2.000E+00
1.884E+07 9.596E+02 5.708E-01 5.385E-04 5.410E-03 1.292E+03 8.835E-01 1.776E+01 2.000E+00
3.889E+07 9.785E+02 5.629E-01 6.811E-04 4.950E-04 1.248E+03 7.938E-01 1.765E+01 2.000E+00
3.996E+07 9.785E+02 5.629E-01 6.811E-04 4.951E-04 1.248E+03 7.938E-01 1.765E+01 2.000E+00
4.208E+07 9.785E+02 5.629E-01 6.811E-04 4.951E-04 1.248E+03 7.938E-01 1.765E+01 2.000E+00
4.663E+07 9.785E+02 5.629E-01 6.811E-04 4.953E-04 1.248E+03 7.938E-01 1.765E+01 2.000E+00
1.175E+07 6.474E+02 6.521E-01 6.811E-04 4.955E-04 1.450E+03 7.938E-01 1.765E+01 2.000E+00
1.915E+07 2.878E+02 8.030E-01 6.811E-04 4.960E-04 2.731E+03 7.938E-01 1.765E+01 2.000E+00
8.330E+06 9.236E+02 5.753E-01 6.811E-04 4.968E-04 1.270E+03 7.939E-01 1.765E+01 2.000E+00
2.901E+07 9.236E+02 5.753E-01 6.811E-04 4.984E-04 1.270E+03 7.939E-01 1.765E+01 2.000E+00
8.052E+08 7.989E+02 6.067E-01 6.811E-04 5.012E-04 1.332E+03 7.940E-01 1.765E+01 2.000E+00
3.426E+07 8.497E+02 5.933E-01 6.811E-04 5.064E-04 1.304E+03 7.941E-01 1.765E+01 2.000E+00
4.430E+07 5.848E+02 6.739E-01 6.811E-04 5.160E-04 1.521E+03 7.943E-01 1.765E+01 2.000E+00
5.583E+06 9.548E+02 5.681E-01 6.811E-04 5.335E-04 1.258E+03 7.947E-01 1.765E+01 2.000E+00
3.361E+07 7.495E+02 6.206E-01 6.811E-04 5.657E-04 1.364E+03 7.955E-01 1.765E+01 2.000E+00
1.138E+07 6.300E+02 6.581E-01 6.811E-04 6.246E-04 1.468E+03 7.969E-01 1.765E+01 2.000E+00
1.681E+07 5.853E+02 6.740E-01 6.811E-04 7.325E-04 1.520E+03 7.995E-01 1.766E+01 2.000E+00
3.743E+07 6.700E+02 6.453E-01 6.811E-04 9.304E-04 1.429E+03 8.043E-01 1.766E+01 2.000E+00
1.364E+07 4.113E+02 7.463E-01 6.811E-04 1.293E-03 1.878E+03 8.130E-01 1.767E+01 2.000E+00
1.477E+07 7.864E+02 6.116E-01 6.811E-04 1.958E-03 1.347E+03 8.282E-01 1.769E+01 2.000E+00
1.728E+07 8.240E+02 6.025E-01 6.811E-04 3.177E-03 1.334E+03 8.502E-01 1.771E+01 2.000E+00
8.035E+06 8.292E+02 6.032E-01 6.811E-04 5.410E-03 1.342E+03 8.840E-01 1.776E+01 2.000E+00
2.020E+07 6.156E+02 6.629E-01 8.615E-04 4.950E-04 1.484E+03 7.945E-01 1.765E+01 2.000E+00
3.071E+07 6.156E+02 6.629E-01 8.615E-04 4.951E-04 1.487E+03 7.945E-01 1.765E+01 2.000E+00
1.763E+09 6.156E+02 6.629E-01 8.615E-04 4.951E-04 1.484E+03 7.945E-01 1.765E+01 2.000E+00
1.813E+08 9.453E+02 5.703E-01 8.615E-04 4.953E-04 1.262E+03 7.945E-01 1.765E+01 2.000E+00
9.625E+06 5.002E+02 7.062E-01 8.615E-04 4.955E-04 1.656E+03 7.946E-01 1.765E+01 2.000E+00
1.031E+07 9.236E+02 5.753E-01 8.615E-04 4.960E-04 1.274E+03 7.946E-01 1.765E+01 2.000E+00
2.011E+07 9.236E+02 5.753E-01 8.615E-04 4.968E-04 1.329E+03 7.946E-01 1.765E+01 2.000E+00
1.310E+07 4.013E+02 7.490E-01 8.615E-04 4.984E-04 1.924E+03 7.946E-01 1.765E+01 2.000E+00
5.155E+07 4.527E+02 7.261E-01 8.615E-04 5.012E-04 1.763E+03 7.947E-01 1.765E+01 2.000E+00
7.918E+07 8.313E+02 5.981E-01 8.615E-04 5.064E-04 1.314E+03 7.948E-01 1.765E+01 2.000E+00
6.799E+06 8.575E+02 5.913E-01 8.615E-04 5.160E-04 1.301E+03 7.950E-01 1.765E+01 2.000E+00
2.968E+06 2.821E+02 8.059E-01 8.615E-04 5.335E-04 2.829E+03 7.955E-01 1.765E+01 2.000E+00
5.819E+07 8.909E+02 5.831E-01 8.615E-04 5.657E-04 1.288E+03 7.962E-01 1.765E+01 2.000E+00
1.024E+08 7.098E+02 6.325E-01 8.615E-04 6.246E-04 1.394E+03 7.977E-01 1.765E+01 2.000E+00
1.691E+07 4.829E+02 7.138E-01 8.615E-04 7.325E-04 1.691E+03 8.003E-01 1.766E+01 2.000E+00
1.799E+09 4.449E+02 7.304E-01 8.615E-04 9.304E-04 1.781E+03 8.050E-01 1.766E+01 2.000E+00
3.388E+07 3.093E+02 7.953E-01 8.615E-04 1.293E-03 2.444E+03 8.137E-01 1.767E+01 2.000E+00
4.701E+07 7.414E+02 6.245E-01 8.615E-04 1.958E-03 1.375E+03 8.289E-01 1.769E+01 2.000E+00
6.995E+06 8.602E+02 5.930E-01 8.615E-04 3.177E-03 1.314E+03 8.508E-01 1.771E+01 2.000E+00
2.204E+07 5.910E+02 6.788E-01 8.615E-04 5.410E-03 1.542E+03 8.845E-01 1.776E+01 2.000E+00
1.673E+07 9.236E+02 5.753E-01 1.090E-03 4.950E-04 1.270E+03 7.955E-01 1.765E+01 2.000E+00
1.743E+07 9.236E+02 5.753E-01 1.090E-03 4.951E-04 1.270E+03 7.955E-01 1.765E+01 2.000E+00
1.887E+07 9.236E+02 5.753E-01 1.090E-03 4.951E-04 1.270E+03 7.955E-01 1.765E+01 2.000E+00
2.229E+07 9.236E+02 5.753E-01 1.090E-03 4.953E-04 1.270E+03 7.955E-01 1.765E+01 2.000E+00
3.390E+07 9.236E+02 5.753E-01 1.090E-03 4.955E-04 1.270E+03 7.955E-01 1.765E+01 2.000E+00
3.853E+07 8.637E+02 5.898E-01 1.090E-03 4.960E-04 1.297E+03 7.955E-01 1.765E+01 2.000E+00
1.859E+07 7.449E+02 6.219E-01 1.090E-03 4.968E-04 1.378E+03 7.955E-01 1.765E+01 2.000E+00
7.087E+07 7.888E+02 6.094E-01 1.090E-03 4.984E-04 1.339E+03 7.955E-01 1.765E+01 2.000E+00
2.695E+07 6.916E+02 6.379E-01 1.090E-03 5.012E-04 1.409E+03 7.956E-01 1.765E+01 2.000E+00
1.808E+07 2.697E+02 8.116E-01 1.090E-03 5.064E-04 3.047E+03 7.957E-01 1.765E+01 2.000E+00
1.023E+08 3.477E+02 7.742E-01 1.090E-03 5.160E-04 2.180E+03 7.960E-01 1.765E+01 2.000E+00
5.295E+06 3.828E+02 7.576E-01 1.090E-03 5.335E-04 1.999E+03 7.964E-01 1.765E+01 2.000E+00
1.215E+08 5.660E+02 6.808E-01 1.090E-03 5.657E-04 1.546E+03 7.972E-01 1.765E+01 2.000E+00
2.251E+07 7.172E+02 6.302E-01 1.090E-03 6.246E-04 1.389E+03 7.986E-01 1.765E+01 2.000E+00
2.288E+07 7.479E+02 6.213E-01 1.090E-03 7.325E-04 1.366E+03 8.012E-01 1.766E+01 2.000E+00
9.315E+05 3.194E+02 7.892E-01 1.090E-03 9.304E-04 2.370E+03 8.059E-01 1.766E+01 2.000E+00
1.091E+08 9.779E+02 5.636E-01 1.090E-03 1.293E-03 1.255E+03 8.147E-01 1.767E+01 2.000E+00
7.300E+07 8.251E+02 6.011E-01 1.090E-03 1.958E-03 1.325E+03 8.297E-01 1.769E+01 2.000E+00
5.716E+06 2.959E+02 8.086E-01 1.090E-03 3.177E-03 2.494E+03 8.517E-01 1.771E+01 2.000E+00
8.972E+06 4.709E+02 7.281E-01 1.090E-03 5.410E-03 1.695E+03 8.852E-01 1.776E+01 2.000E+00
7.765E+07 7.387E+02 6.237E-01 1.378E-03 4.950E-04 1.372E+03 7.966E-01 1.765E+01 2.000E+00
4.779E+08 7.387E+02 6.237E-01 1.378E-03 4.951E-04 1.372E+03 7.966E-01 1.765E+01 2.000E+00
7.951E+07 8.531E+02 5.924E-01 1.378E-03 4.951E-04 1.311E+03 7.966E-01 1.765E+01 2.000E+00
1.247E+07 5.288E+02 6.949E-01 1.378E-03 4.953E-04 1.604E+03 7.966E-01 1.765E+01 2.000E+00
1.299E+07 8.423E+02 5.952E-01 1.378E-03 4.955E-04 1.309E+03 7.966E-01 1.765E+01 2.000E+00
6.617E+07 8.423E+02 5.952E-01 1.378E-03 4.960E-04 1.309E+03 7.966E-01 1.765E+01 2.000E+00
1.189E+08 6.656E+02 6.462E-01 1.378E-03 4.968E-04 1.433E+03 7.967E-01 1.765E+01 2.000E+00
1.098E+07 2.760E+02 8.087E-01 1.378E-03 4.984E-04 2.910E+03 7.967E-01 1.765E+01 2.000E+00
5.624E+06 5.976E+02 6.692E-01 1.378E-03 5.012E-04 1.505E+03 7.968E-01 1.765E+01 2.000E+00
2.478E+07 5.478E+02 6.876E-01 1.378E-03 5.064E-04 1.574E+03 7.969E-01 1.765E+01 2.000E+00
2.029E+07 6.709E+02 6.445E-01 1.378E-03 5.160E-04 1.428E+03 7.971E-01 1.765E+01 2.000E+00
4.297E+07 2.751E+02 8.092E-01 1.378E-03 5.335E-04 2.921E+03 7.975E-01 1.765E+01 2.000E+00
1.963E+07 6.646E+02 6.466E-01 1.378E-03 5.657E-04 1.434E+03 7.983E-01 1.765E+01 2.000E+00
5.618E+07 4.700E+02 7.189E-01 1.378E-03 6.246E-04 1.722E+03 7.997E-01 1.765E+01 2.000E+00
5.991E+06 7.578E+02 6.184E-01 1.378E-03 7.325E-04 1.372E+03 8.023E-01 1.766E+01 2.000E+00
2.399E+08 8.770E+02 5.868E-01 1.378E-03 9.304E-04 1.296E+03 8.071E-01 1.766E+01 2.000E+00
6.143E+07 6.987E+02 6.367E-01 1.378E-03 1.293E-03 1.406E+03 8.158E-01 1.767E+01 2.000E+00
2.681E+07 4.282E+02 7.401E-01 1.378E-03 1.958E-03 1.819E+03 8.307E-01 1.769E+01 2.000E+00
5.446E+08 8.820E+02 5.875E-01 1.378E-03 3.177E-03 1.305E+03 8.527E-01 1.771E+01 2.000E+00
3.904E+07 7.653E+02 6.211E-01 1.378E-03 5.410E-03 1.379E+03 8.861E-01 1.776E+01 2.000E+00
2.269E+07 2.760E+02 8.087E-01 1.743E-03 4.950E-04 2.910E+03 7.981E-01 1.765E+01 2.000E+00
8.246E+07 2.760E+02 8.087E-01 1.743E-03 4.951E-04 2.910E+03 7.981E-01 1.765E+01 2.000E+00
8.111E+06 2.938E+02 8.002E-01 1.743E-03 4.951E-04 2.650E+03 7.981E-01 1.765E+01 2.000E+00
8.733E+07 2.938E+02 8.002E-01 1.743E-03 4.953E-04 2.659E+03 7.981E-01 1.765E+01 2.000E+00
2.589E+07 2.818E+02 8.059E-01 1.743E-03 4.955E-04 2.815E+03 7.981E-01 1.765E+01 2.000E+00
4.108E+08 8.323E+02 5.978E-01 1.743E-03 4.960E-04 1.315E+03 7.981E-01 1.765E+01 2.000E+00
1.516E+07 3.291E+02 7.831E-01 1.743E-03 4.968E-04 2.308E+03 7.981E-01 1.765E+01 2.000E+00
5.344E+06 5.976E+02 6.692E-01 1.743E-03 4.984E-04 1.505E+03 7.982E-01 1.765E+01 2.000E+00
2.504E+07 4.793E+02 7.148E-01 1.743E-03 5.012E-04 1.700E+03 7.982E-01 1.765E+01 2.000E+00
1.299E+07 6.218E+02 6.608E-01 1.743E-03 5.064E-04 1.478E+03 7.983E-01 1.765E+01 2.000E+00
1.198E+08 8.751E+02 5.869E-01 1.743E-03 5.160E-04 1.293E+03 7.986E-01 1.765E+01 2.000E+00
6.685E+06 5.477E+02 6.876E-01 1.743E-03 5.335E-04 1.574E+03 7.990E-01 1.765E+01 2.000E+00
2.856E+07 2.876E+02 8.034E-01 1.743E-03 5.657E-04 2.726E+03 7.998E-01 1.765E+01 2.000E+00
1.635E+07 2.993E+02 7.980E-01 1.743E-03 6.246E-04 2.577E+03 8.012E-01 1.765E+01 2.000E+00
4.251E+07 4.537E+02 7.262E-01 1.743E-03 7.325E-04 1.760E+03 8.038E-01 1.766E+01 2.000E+00
7.024E+06 7.297E+02 6.268E-01 1.743E-03 9.304E-04 1.381E+03 8.085E-01 1.766E+01 2.000E+00
1.538E+07 8.190E+02 6.021E-01 1.743E-03 1.293E-03 1.326E+03 8.173E-01 1.767E+01 2.000E+00
1.742E+07 3.250E+02 7.897E-01 1.743E-03 1.958E-03 2.292E+03 8.320E-01 1.769E+01 2.000E+00
1.998E+07 3.392E+02 7.862E-01 1.743E-03 3.177E-03 2.167E+03 8.540E-01 1.771E+01 2.000E+00
2.884E+06 2.193E+02 8.576E-01 1.743E-03 5.410E-03 3.793E+03 8.873E-01 1.776E+01 2.000E+00
1.056E+07 5.510E+02 6.863E-01 2.205E-03 4.950E-04 1.570E+03 7.999E-01 1.765E+01 2.000E+00
1.336E+07 5.510E+02 6.863E-01 2.205E-03 4.951E-04 1.569E+03 7.999E-01 1.765E+01 2.000E+00
2.683E+07 5.510E+02 6.863E-01 2.205E-03 4.951E-04 1.569E+03 7.999E-01 1.765E+01 2.000E+00
1.758E+09 5.976E+02 6.692E-01 2.205E-03 4.953E-04 1.506E+03 7.999E-01 1.765E+01 2.000E+00
1.183E+07 3.334E+02 7.811E-01 2.205E-03 4.955E-04 2.276E+03 7.999E-01 1.765E+01 2.000E+00
2.127E+07 6.474E+02 6.522E-01 2.205E-03 4.960E-04 1.451E+03 8.000E-01 1.765E+01 2.000E+00
4.943E+06 3.409E+02 7.775E-01 2.205E-03 4.968E-04 2.224E+03 8.000E-01 1.765E+01 2.000E+00
1.622E+07 7.785E+02 6.123E-01 2.205E-03 4.984E-04 1.346E+03 8.000E-01 1.765E+01 2.000E+00
1.013E+08 7.101E+02 6.322E-01 2.205E-03 5.012E-04 1.395E+03 8.001E-01 1.765E+01 2.000E+00
3.814E+07 2.998E+02 7.973E-01 2.205E-03 5.064E-04 2.578E+03 8.002E-01 1.765E+01 2.000E+00
4.017E+07 6.190E+02 6.618E-01 2.205E-03 5.160E-04 1.481E+03 8.004E-01 1.765E+01 2.000E+00
1.181E+07 9.525E+02 5.687E-01 2.205E-03 5.335E-04 1.260E+03 8.009E-01 1.765E+01 2.000E+00
4.590E+07 3.230E+02 7.863E-01 2.205E-03 5.657E-04 2.354E+03 8.016E-01 1.765E+01 2.000E+00
1.342E+07 9.099E+02 5.786E-01 2.205E-03 6.246E-04 1.278E+03 8.030E-01 1.765E+01 2.000E+00
4.299E+06 2.931E+02 8.014E-01 2.205E-03 7.325E-04 2.644E+03 8.056E-01 1.766E+01 2.000E+00
7.089E+06 6.043E+02 6.675E-01 2.205E-03 9.304E-04 1.502E+03 8.104E-01 1.766E+01 2.000E+00
1.678E+08 6.280E+02 6.598E-01 2.205E-03 1.293E-03 1.911E+03 8.191E-01 1.767E+01 2.000E+00
1.354E+07 6.736E+02 6.454E-01 2.205E-03 1.958E-03 1.430E+03 8.337E-01 1.769E+01 2.000E+00
1.104E+07 5.577E+02 6.881E-01 2.205E-03 3.177E-03 1.558E+03 8.557E-01 1.771E+01 2.000E+00
1.571E+07 7.222E+02 6.341E-01 2.205E-03 5.410E-03 1.470E+03 8.887E-01 1.776E+01 2.000E+00
1.765E+07 5.408E+02 6.902E-01 2.789E-03 4.950E-04 1.586E+03 8.023E-01 1.765E+01 2.000E+00
2.839E+07 5.408E+02 6.902E-01 2.789E-03 4.951E-04 1.586E+03 8.023E-01 1.765E+01 2.000E+00
2.770E+07 5.426E+02 6.895E-01 2.789E-03 4.951E-04 1.583E+03 8.023E-01 1.765E+01 2.000E+00
1.184E+07 5.478E+02 6.875E-01 2.789E-03 4.953E-04 1.575E+03 8.023E-01 1.765E+01 2.000E+00
2.868E+07 5.399E+02 6.906E-01 2.789E-03 4.955E-04 1.587E+03 8.023E-01 1.765E+01 2.000E+00
5.103E+06 7.175E+02 6.300E-01 2.789E-03 4.960E-04 1.390E+03 8.023E-01 1.765E+01 2.000E+00
6.081E+07 7.101E+02 6.322E-01 2.789E-03 4.968E-04 1.395E+03 8.023E-01 1.765E+01 2.000E+00
2.030E+07 7.195E+02 6.294E-01 2.789E-03 4.984E-04 1.388E+03 8.024E-01 1.765E+01 2.000E+00
9.018E+08 3.468E+02 7.746E-01 2.789E-03 5.012E-04 2.187E+03 8.024E-01 1.765E+01 2.000E+00
1.871E+08 8.647E+02 5.895E-01 2.789E-03 5.064E-04 1.299E+03 8.025E-01 1.765E+01 2.000E+00
8.628E+07 2.821E+02 8.059E-01 2.789E-03 5.160E-04 2.809E+03 8.028E-01 1.765E+01 2.000E+00
3.473E+07 8.895E+02 5.834E-01 2.789E-03 5.335E-04 1.287E+03 8.032E-01 1.765E+01 2.000E+00
9.319E+06 3.186E+02 7.885E-01 2.789E-03 5.657E-04 2.391E+03 8.040E-01 1.765E+01 2.000E+00
2.939E+07 9.059E+02 5.796E-01 2.789E-03 6.246E-04 1.280E+03 8.054E-01 1.765E+01 2.000E+00
5.352E+07 2.850E+02 8.053E-01 2.789E-03 7.325E-04 2.752E+03 8.080E-01 1.766E+01 2.000E+00
5.336E+06 5.725E+02 6.790E-01 2.789E-03 9.304E-04 1.540E+03 8.127E-01 1.766E+01 2.000E+00
6.173E+08 5.737E+02 6.791E-01 2.789E-03 1.293E-03 1.537E+03 8.215E-01 1.767E+01 2.000E+00
3.792E+07 6.260E+02 6.614E-01 2.789E-03 1.958E-03 1.476E+03 8.358E-01 1.769E+01 2.000E+00
1.279E+07 6.140E+02 6.673E-01 2.789E-03 3.177E-03 1.493E+03 8.578E-01 1.771E+01 2.000E+00
1.271E+07 3.567E+02 7.837E-01 2.789E-03 5.410E-03 2.050E+03 8.905E-01 1.776E+01 2.000E+00
6.787E+06 7.008E+02 6.351E-01 3.528E-03 4.950E-04 1.406E+03 8.052E-01 1.765E+01 2.000E+00
7.299E+06 7.008E+02 6.351E-01 3.528E-03 4.951E-04 1.403E+03 8.052E-01 1.765E+01 2.000E+00
8.505E+06 7.008E+02 6.351E-01 3.528E-03 4.951E-04 1.405E+03 8.052E-01 1.765E+01 2.000E+00
1.532E+07 3.647E+02 7.661E-01 3.528E-03 4.953E-04 2.087E+03 8.052E-01 1.765E+01 2.000E+00
1.712E+08 7.008E+02 6.351E-01 3.528E-03 4.955E-04 1.404E+03 8.052E-01 1.765E+01 2.000E+00
2.273E+07 6.693E+02 6.450E-01 3.528E-03 4.960E-04 1.434E+03 8.053E-01 1.765E+01 2.000E+00
7.511E+06 6.782E+02 6.422E-01 3.528E-03 4.968E-04 1.424E+03 8.053E-01 1.765E+01 2.000E+00
1.057E+07 8.867E+02 5.841E-01 3.528E-03 4.984E-04 1.290E+03 8.053E-01 1.765E+01 2.000E+00
7.372E+06 7.212E+02 6.289E-01 3.528E-03 5.012E-04 1.387E+03 8.054E-01 1.765E+01 2.000E+00
1.198E+07 9.598E+02 5.670E-01 3.528E-03 5.064E-04 1.259E+03 8.055E-01 1.765E+01 2.000E+00
4.115E+07 5.661E+02 6.807E-01 3.528E-03 5.160E-04 1.548E+03 8.057E-01 1.765E+01 2.000E+00
4.020E+08 3.950E+02 7.520E-01 3.528E-03 5.335E-04 1.949E+03 8.062E-01 1.765E+01 2.000E+00
2.455E+07 7.051E+02 6.338E-01 3.528E-03 5.657E-04 1.401E+03 8.069E-01 1.765E+01 2.000E+00
9.718E+07 9.640E+02 5.662E-01 3.528E-03 6.246E-04 1.258E+03 8.083E-01 1.765E+01 2.000E+00
1.702E+07 7.867E+02 6.103E-01 3.528E-03 7.325E-04 1.343E+03 8.109E-01 1.766E+01 2.000E+00
4.030E+08 6.635E+02 6.474E-01 3.528E-03 9.304E-04 1.437E+03 8.157E-01 1.766E+01 2.000E+00
1.859E+07 9.606E+02 5.674E-01 3.528E-03 1.293E-03 1.264E+03 8.244E-01 1.767E+01 2.000E+00
1.260E+07 9.603E+02 5.680E-01 3.528E-03 1.958E-03 1.268E+03 8.385E-01 1.769E+01 2.000E+00
1.149E+07 7.127E+02 6.345E-01 3.528E-03 3.177E-03 1.404E+03 8.605E-01 1.771E+01 2.000E+00
1.730E+07 6.161E+02 6.696E-01 3.528E-03 5.410E-03 1.493E+03 8.928E-01 1.776E+01 2.000E+00
9.215E+06 2.542E+02 8.187E-01 4.462E-03 4.950E-04 3.397E+03 8.090E-01 1.765E+01 2.000E+00
2.136E+07 2.610E+02 8.156E-01 4.462E-03 4.951E-04 3.215E+03 8.090E-01 1.765E+01 2.000E+00
2.763E+07 2.573E+02 8.174E-01 4.462E-03 4.951E-04 3.311E+03 8.090E-01 1.765E+01 2.000E+00
9.608E+06 7.583E+02 6.180E-01 4.462E-03 4.953E-04 1.362E+03 8.090E-01 1.765E+01 2.000E+00
1.976E+07 7.583E+02 6.180E-01 4.462E-03 4.955E-04 1.362E+03 8.090E-01 1.765E+01 2.000E+00
1.880E+07 5.585E+02 6.835E-01 4.462E-03 4.960E-04 1.563E+03 8.090E-01 1.765E+01 2.000E+00
1.598E+07 8.616E+02 5.903E-01 4.462E-03 4.968E-04 1.302E+03 8.090E-01 1.765E+01 2.000E+00
9.428E+06 6.388E+02 6.550E-01 4.462E-03 4.984E-04 1.461E+03 8.091E-01 1.765E+01 2.000E+00
1.534E+08 5.020E+02 7.055E-01 4.462E-03 5.012E-04 1.662E+03 8.091E-01 1.765E+01 2.000E+00
1.099E+07 3.462E+02 7.750E-01 4.462E-03 5.064E-04 2.192E+03 8.093E-01 1.765E+01 2.000E+00
8.233E+06 5.249E+02 6.964E-01 4.462E-03 5.160E-04 1.613E+03 8.095E-01 1.765E+01 2.000E+00
2.555E+07 6.915E+02 6.380E-01 4.462E-03 5.335E-04 1.412E+03 8.099E-01 1.765E+01 2.000E+00
5.096E+07 8.262E+02 5.995E-01 4.462E-03 5.657E-04 1.321E+03 8.107E-01 1.765E+01 2.000E+00
1.880E+07 9.582E+02 5.675E-01 4.462E-03 6.246E-04 1.261E+03 8.121E-01 1.765E+01 2.000E+00
2.904E+07 3.806E+02 7.592E-01 4.462E-03 7.325E-04 2.007E+03 8.147E-01 1.766E+01 2.000E+00
1.208E+07 6.339E+02 6.573E-01 4.462E-03 9.304E-04 1.467E+03 8.195E-01 1.766E+01 2.000E+00
1.670E+07 5.603E+02 6.841E-01 4.462E-03 1.293E-03 1.557E+03 8.282E-01 1.767E+01 2.000E+00
9.615E+06 8.682E+02 5.899E-01 4.462E-03 1.958E-03 1.307E+03 8.419E-01 1.769E+01 2.000E+00
6.580E+06 5.974E+02 6.732E-01 4.462E-03 3.177E-03 1.510E+03 8.638E-01 1.771E+01 2.000E+00
1.122E+07 4.503E+02 7.375E-01 4.462E-03 5.410E-03 1.743E+03 8.957E-01 1.776E+01 2.000E+00
8.380E+06 7.610E+02 6.172E-01 5.644E-03 4.950E-04 1.361E+03 8.137E-01 1.765E+01 2.000E+00
8.981E+06 7.610E+02 6.172E-01 5.644E-03 4.951E-04 1.361E+03 8.137E-01 1.765E+01 2.000E+00
1.037E+07 7.610E+02 6.172E-01 5.644E-03 4.951E-04 1.361E+03 8.137E-01 1.765E+01 2.000E+00
1.473E+07 7.610E+02 6.172E-01 5.644E-03 4.953E-04 1.361E+03 8.137E-01 1.765E+01 2.000E+00
8.638E+07 7.610E+02 6.172E-01 5.644E-03 4.955E-04 1.361E+03 8.137E-01 1.765E+01 2.000E+00
6.182E+06 3.462E+02 7.749E-01 5.644E-03 4.960E-04 2.193E+03 8.137E-01 1.765E+01 2.000E+00
1.478E+08 9.625E+02 5.664E-01 5.644E-03 4.968E-04 1.260E+03 8.138E-01 1.765E+01 2.000E+00
3.465E+07 5.509E+02 6.864E-01 5.644E-03 4.984E-04 1.572E+03 8.138E-01 1.765E+01 2.000E+00
2.521E+07 8.263E+02 5.994E-01 5.644E-03 5.012E-04 1.322E+03 8.139E-01 1.765E+01 2.000E+00
9.756E+07 5.936E+02 6.707E-01 5.644E-03 5.064E-04 1.514E+03 8.140E-01 1.765E+01 2.000E+00
1.033E+07 6.735E+02 6.437E-01 5.644E-03 5.160E-04 1.429E+03 8.142E-01 1.765E+01 2.000E+00
2.103E+07 2.869E+02 8.037E-01 5.644E-03 5.335E-04 2.739E+03 8.146E-01 1.765E+01 2.000E+00
2.884E+07 3.288E+02 7.835E-01 5.644E-03 5.657E-04 2.310E+03 8.154E-01 1.765E+01 2.000E+00
8.318E+06 3.153E+02 7.903E-01 5.644E-03 6.246E-04 2.419E+03 8.168E-01 1.765E+01 2.000E+00
1.149E+07 3.943E+02 7.528E-01 5.644E-03 7.325E-04 1.951E+03 8.194E-01 1.766E+01 2.000E+00
1.398E+07 7.707E+02 6.149E-01 5.644E-03 9.304E-04 1.356E+03 8.242E-01 1.766E+01 2.000E+00
2.464E+07 5.950E+02 6.713E-01 5.644E-03 1.293E-03 1.512E+03 8.329E-01 1.767E+01 2.000E+00
1.560E+07 6.876E+02 6.410E-01 5.644E-03 1.958E-03 1.421E+03 8.461E-01 1.769E+01 2.000E+00
7.019E+06 4.761E+02 7.214E-01 5.644E-03 3.177E-03 1.698E+03 8.681E-01 1.771E+01 2.000E+00
3.970E+07 4.337E+02 7.452E-01 5.644E-03 5.410E-03 1.784E+03 8.994E-01 1.776E+01 2.000E+00
2.352E+07 5.738E+02 6.778E-01 7.139E-03 4.950E-04 1.541E+03 8.197E-01 1.765E+01 2.000E+00
4.374E+07 5.738E+02 6.778E-01 7.139E-03 4.951E-04 1.541E+03 8.197E-01 1.765E+01 2.000E+00
3.866E+07 5.260E+02 6.960E-01 7.139E-03 4.951E-04 1.613E+03 8.197E-01 1.765E+01 2.000E+00
2.970E+07 5.238E+02 6.968E-01 7.139E-03 4.953E-04 1.617E+03 8.197E-01 1.765E+01 2.000E+00
4.000E+07 9.430E+02 5.708E-01 7.139E-03 4.955E-04 1.269E+03 8.197E-01 1.765E+01 2.000E+00
1.474E+07 3.476E+02 7.743E-01 7.139E-03 4.960E-04 2.185E+03 8.197E-01 1.765E+01 2.000E+00
1.634E+07 6.303E+02 6.579E-01 7.139E-03 4.968E-04 1.474E+03 8.198E-01 1.765E+01 2.000E+00
1.302E+07 9.525E+02 5.686E-01 7.139E-03 4.984E-04 1.265E+03 8.198E-01 1.765E+01 2.000E+00
3.715E+07 7.887E+02 6.095E-01 7.139E-03 5.012E-04 1.345E+03 8.199E-01 1.765E+01 2.000E+00
3.171E+07 9.726E+02 5.642E-01 7.139E-03 5.064E-04 1.257E+03 8.200E-01 1.765E+01 2.000E+00
7.792E+06 4.471E+02 7.286E-01 7.139E-03 5.160E-04 1.782E+03 8.202E-01 1.765E+01 2.000E+00
8.325E+06 3.921E+02 7.534E-01 7.139E-03 5.335E-04 1.963E+03 8.206E-01 1.765E+01 2.000E+00
7.374E+06 9.235E+02 5.754E-01 7.139E-03 5.657E-04 1.279E+03 8.214E-01 1.765E+01 2.000E+00
3.195E+07 6.574E+02 6.490E-01 7.139E-03 6.246E-04 1.446E+03 8.228E-01 1.765E+01 2.000E+00
3.591E+07 5.977E+02 6.696E-01 7.139E-03 7.325E-04 1.510E+03 8.254E-01 1.766E+01 2.000E+00
2.459E+07 7.183E+02 6.302E-01 7.139E-03 9.304E-04 1.394E+03 8.302E-01 1.766E+01 2.000E+00
5.869E+07 7.708E+02 6.153E-01 7.139E-03 1.293E-03 1.360E+03 8.389E-01 1.767E+01 2.000E+00
1.118E+07 6.259E+02 6.614E-01 7.139E-03 1.958E-03 1.486E+03 8.515E-01 1.769E+01 2.000E+00
2.691E+07 6.571E+02 6.524E-01 7.139E-03 3.177E-03 1.453E+03 8.735E-01 1.771E+01 2.000E+00
2.881E+07 6.693E+02 6.512E-01 7.139E-03 5.410E-03 1.454E+03 9.040E-01 1.776E+01 2.000E+00
2.172E+07 9.652E+02 5.658E-01 9.029E-03 4.950E-04 1.262E+03 8.273E-01 1.765E+01 2.000E+00
2.223E+07 9.652E+02 5.658E-01 9.029E-03 4.951E-04 1.262E+03 8.273E-01 1.765E+01 2.000E+00
2.325E+07 9.652E+02 5.658E-01 9.029E-03 4.951E-04 1.262E+03 8.273E-01 1.765E+01 2.000E+00
2.538E+07 9.652E+02 5.658E-01 9.029E-03 4.953E-04 1.262E+03 8.273E-01 1.765E+01 2.000E+00
3.060E+07 9.652E+02 5.658E-01 9.029E-03 4.955E-04 1.262E+03 8.273E-01 1.765E+01 2.000E+00
4.990E+07 9.652E+02 5.658E-01 9.029E-03 4.960E-04 1.262E+03 8.273E-01 1.765E+01 2.000E+00
4.225E+08 9.483E+02 5.696E-01 9.029E-03 4.968E-04 1.269E+03 8.273E-01 1.765E+01 2.000E+00
5.475E+07 8.681E+02 5.887E-01 9.029E-03 4.984E-04 1.303E+03 8.274E-01 1.765E+01 2.000E+00
5.026E+06 4.791E+02 7.149E-01 9.029E-03 5.012E-04 1.767E+03 8.274E-01 1.765E+01 2.000E+00
1.147E+07 7.483E+02 6.209E-01 9.029E-03 5.064E-04 1.373E+03 8.276E-01 1.765E+01 2.000E+00
2.556E+06 3.585E+02 7.691E-01 9.029E-03 5.160E-04 2.122E+03 8.278E-01 1.765E+01 2.000E+00
6.190E+07 9.114E+02 5.782E-01 9.029E-03 5.335E-04 1.284E+03 8.282E-01 1.765E+01 2.000E+00
3.710E+06 5.163E+02 6.999E-01 9.029E-03 5.657E-04 1.632E+03 8.290E-01 1.765E+01 2.000E+00
1.076E+07 5.355E+02 6.925E-01 9.029E-03 6.246E-04 1.599E+03 8.304E-01 1.765E+01 2.000E+00
3.925E+07 9.737E+02 5.641E-01 9.029E-03 7.325E-04 1.261E+03 8.330E-01 1.766E+01 2.000E+00
6.700E+08 5.542E+02 6.858E-01 9.029E-03 9.304E-04 1.570E+03 8.378E-01 1.766E+01 2.000E+00
1.792E+07 3.761E+02 7.628E-01 9.029E-03 1.293E-03 2.020E+03 8.463E-01 1.767E+01 2.000E+00
2.474E+08 2.557E+02 8.243E-01 9.029E-03 1.958E-03 3.180E+03 8.583E-01 1.769E+01 2.000E+00
1.418E+08 9.339E+02 5.750E-01 9.029E-03 3.177E-03 1.295E+03 8.803E-01 1.771E+01 2.000E+00
3.885E+07 8.752E+02 5.912E-01 9.029E-03 5.410E-03 1.336E+03 9.099E-01 1.776E+01 2.000E+00
1.446E+08 5.815E+02 6.750E-01 1.142E-02 4.950E-04 1.534E+03 8.369E-01 1.765E+01 2.000E+00
1.219E+07 4.257E+02 7.380E-01 1.142E-02 4.951E-04 1.848E+03 8.369E-01 1.765E+01 2.000E+00
3.274E+07 4.257E+02 7.380E-01 1.142E-02 4.951E-04 1.848E+03 8.369E-01 1.765E+01 2.000E+00
7.235E+07 4.136E+02 7.434E-01 1.142E-02 4.953E-04 1.911E+03 8.369E-01 1.765E+01 2.000E+00
1.147E+08 3.570E+02 7.698E-01 1.142E-02 4.955E-04 2.132E+03 8.369E-01 1.765E+01 2.000E+00
1.211E+07 6.211E+02 6.611E-01 1.142E-02 4.960E-04 1.487E+03 8.369E-01 1.765E+01 2.000E+00
3.494E+07 6.269E+02 6.591E-01 1.142E-02 4.968E-04 1.480E+03 8.369E-01 1.765E+01 2.000E+00
1.504E+08 4.924E+02 7.094E-01 1.142E-02 4.984E-04 1.680E+03 8.370E-01 1.765E+01 2.000E+00
1.757E+08 7.450E+02 6.219E-01 1.142E-02 5.012E-04 1.384E+03 8.370E-01 1.765E+01 2.000E+00
6.937E+06 3.525E+02 7.720E-01 1.142E-02 5.064E-04 2.158E+03 8.371E-01 1.765E+01 2.000E+00
2.808E+07 9.114E+02 5.782E-01 1.142E-02 5.160E-04 1.286E+03 8.374E-01 1.765E+01 2.000E+00
1.582E+07 4.531E+02 7.260E-01 1.142E-02 5.335E-04 1.770E+03 8.378E-01 1.765E+01 2.000E+00
8.489E+07 9.513E+02 5.690E-01 1.142E-02 5.657E-04 1.270E+03 8.386E-01 1.765E+01 2.000E+00
1.129E+07 6.075E+02 6.660E-01 1.142E-02 6.246E-04 1.502E+03 8.400E-01 1.765E+01 2.000E+00
1.953E+08 7.000E+02 6.356E-01 1.142E-02 7.325E-04 1.419E+03 8.426E-01 1.766E+01 2.000E+00
9.996E+06 5.569E+02 6.848E-01 1.142E-02 9.304E-04 1.568E+03 8.473E-01 1.766E+01 2.000E+00
3.876E+06 4.766E+02 7.175E-01 1.142E-02 1.293E-03 1.710E+03 8.550E-01 1.767E+01 2.000E+00
1.212E+08 5.536E+02 6.877E-01 1.142E-02 1.958E-03 1.572E+03 8.669E-01 1.769E+01 2.000E+00
1.601E+07 3.272E+02 7.925E-01 1.142E-02 3.177E-03 2.249E+03 8.889E-01 1.771E+01 2.000E+00
9.102E+06 3.565E+02 7.838E-01 1.142E-02 5.410E-03 2.049E+03 9.173E-01 1.776E+01 2.000E+00
5.878E+06 3.346E+02 7.806E-01 1.445E-02 4.950E-04 2.275E+03 8.490E-01 1.765E+01 2.000E+00
2.657E+06 2.755E+02 8.091E-01 1.445E-02 4.951E-04 2.919E+03 8.490E-01 1.765E+01 2.000E+00
3.040E+06 2.755E+02 8.091E-01 1.445E-02 4.951E-04 2.919E+03 8.490E-01 1.765E+01 2.000E+00
1.197E+07 2.727E+02 8.104E-01 1.445E-02 4.953E-04 2.968E+03 8.490E-01 1.765E+01 2.000E+00
1.911E+07 2.755E+02 8.091E-01 1.445E-02 4.955E-04 2.919E+03 8.490E-01 1.765E+01 2.000E+00
2.937E+06 5.140E+02 7.007E-01 1.445E-02 4.960E-04 1.641E+03 8.490E-01 1.765E+01 2.000E+00
3.353E+07 3.170E+02 7.891E-01 1.445E-02 4.968E-04 2.413E+03 8.491E-01 1.765E+01 2.000E+00
1.825E+07 3.465E+02 7.749E-01 1.445E-02 4.984E-04 2.196E+03 8.491E-01 1.765E+01 2.000E+00
1.600E+09 6.645E+02 6.466E-01 1.445E-02 5.012E-04 1.474E+03 8.492E-01 1.765E+01 2.000E+00
4.906E+07 6.301E+02 6.580E-01 1.445E-02 5.064E-04 1.479E+03 8.493E-01 1.765E+01 2.000E+00
2.996E+07 5.545E+02 6.851E-01 1.445E-02 5.160E-04 1.574E+03 8.495E-01 1.765E+01 2.000E+00
2.627E+08 8.767E+02 5.866E-01 1.445E-02 5.335E-04 1.308E+03 8.499E-01 1.765E+01 2.000E+00
6.895E+07 7.214E+02 6.289E-01 1.445E-02 5.657E-04 1.398E+03 8.507E-01 1.765E+01 2.000E+00
2.283E+07 9.482E+02 5.697E-01 1.445E-02 6.246E-04 1.276E+03 8.521E-01 1.765E+01 2.000E+00
1.888E+07 2.628E+02 8.160E-01 1.445E-02 7.325E-04 3.147E+03 8.547E-01 1.766E+01 2.000E+00
2.271E+07 2.984E+02 7.996E-01 1.445E-02 9.304E-04 2.578E+03 8.593E-01 1.766E+01 2.000E+00
2.089E+07 4.497E+02 7.291E-01 1.445E-02 1.293E-03 1.776E+03 8.659E-01 1.767E+01 2.000E+00
1.148E+07 8.681E+02 5.900E-01 1.445E-02 1.958E-03 1.319E+03 8.779E-01 1.769E+01 2.000E+00
7.765E+06 3.015E+02 8.058E-01 1.445E-02 3.177E-03 2.449E+03 8.990E-01 1.771E+01 2.000E+00
1.304E+07 9.323E+02 5.772E-01 1.445E-02 5.410E-03 1.326E+03 9.267E-01 1.776E+01 2.000E+00
8.516E+06 4.370E+02 7.330E-01 1.827E-02 4.950E-04 1.819E+03 8.643E-01 1.765E+01 2.000E+00
6.852E+06 6.952E+02 6.368E-01 1.827E-02 4.951E-04 1.422E+03 8.643E-01 1.765E+01 2.000E+00
1.656E+07 3.703E+02 7.635E-01 1.827E-02 4.951E-04 2.068E+03 8.643E-01 1.765E+01 2.000E+00
1.128E+07 6.952E+02 6.368E-01 1.827E-02 4.953E-04 1.422E+03 8.643E-01 1.765E+01 2.000E+00
7.440E+07 6.952E+02 6.368E-01 1.827E-02 4.955E-04 1.421E+03 8.643E-01 1.765E+01 2.000E+00
3.557E+07 6.038E+02 6.671E-01 1.827E-02 4.960E-04 1.512E+03 8.644E-01 1.765E+01 2.000E+00
3.563E+07 5.972E+02 6.694E-01 1.827E-02 4.968E-04 1.521E+03 8.644E-01 1.765E+01 2.000E+00
3.079E+07 7.192E+02 6.295E-01 1.827E-02 4.984E-04 1.403E+03 8.644E-01 1.765E+01 2.000E+00
1.121E+07 3.947E+02 7.521E-01 1.827E-02 5.012E-04 1.961E+03 8.645E-01 1.765E+01 2.000E+00
1.041E+07 6.644E+02 6.466E-01 1.827E-02 5.064E-04 1.448E+03 8.646E-01 1.765E+01 2.000E+00
1.185E+07 7.708E+02 6.145E-01 1.827E-02 5.160E-04 1.819E+03 8.648E-01 1.765E+01 2.000E+00
3.012E+07 5.891E+02 6.724E-01 1.827E-02 5.335E-04 1.530E+03 8.653E-01 1.765E+01 2.000E+00
1.125E+07 5.811E+02 6.753E-01 1.827E-02 5.657E-04 1.543E+03 8.660E-01 1.765E+01 2.000E+00
7.043E+06 3.462E+02 7.754E-01 1.827E-02 6.246E-04 2.197E+03 8.675E-01 1.765E+01 2.000E+00
2.407E+07 5.203E+02 6.987E-01 1.827E-02 7.325E-04 1.632E+03 8.695E-01 1.766E+01 2.000E+00
4.630E+07 9.553E+02 5.684E-01 1.827E-02 9.304E-04 1.280E+03 8.731E-01 1.766E+01 2.000E+00
1.092E+08 2.429E+02 8.275E-01 1.827E-02 1.293E-03 3.635E+03 8.797E-01 1.767E+01 2.000E+00
5.308E+07 6.966E+02 6.381E-01 1.827E-02 1.958E-03 1.429E+03 8.916E-01 1.769E+01 2.000E+00
2.735E+06 5.345E+02 6.972E-01 1.827E-02 3.177E-03 1.607E+03 9.108E-01 1.771E+01 2.000E+00
3.964E+07 9.665E+02 5.693E-01 1.827E-02 5.410E-03 1.323E+03 9.368E-01 1.776E+01 2.000E+00
1.386E+07 7.383E+02 6.238E-01 2.311E-02 4.950E-04 1.394E+03 8.827E-01 1.765E+01 2.000E+00
1.603E+07 7.383E+02 6.238E-01 2.311E-02 4.951E-04 1.393E+03 8.827E-01 1.765E+01 2.000E+00
2.270E+07 7.383E+02 6.238E-01 2.311E-02 4.951E-04 1.393E+03 8.827E-01 1.765E+01 2.000E+00
1.118E+08 7.383E+02 6.238E-01 2.311E-02 4.953E-04 1.394E+03 8.827E-01 1.765E+01 2.000E+00
1.001E+09 7.097E+02 6.324E-01 2.311E-02 4.955E-04 1.415E+03 8.827E-01 1.765E+01 2.000E+00
2.248E+07 5.855E+02 6.736E-01 2.311E-02 4.960E-04 1.539E+03 8.827E-01 1.765E+01 2.000E+00
8.718E+07 4.744E+02 7.169E-01 2.311E-02 4.968E-04 1.727E+03 8.827E-01 1.765E+01 2.000E+00
1.952E+07 7.613E+02 6.172E-01 2.311E-02 4.984E-04 1.378E+03 8.828E-01 1.765E+01 2.000E+00
7.506E+06 2.813E+02 8.065E-01 2.311E-02 5.012E-04 2.826E+03 8.828E-01 1.765E+01 2.000E+00
4.951E+06 3.884E+02 7.551E-01 2.311E-02 5.064E-04 1.990E+03 8.829E-01 1.765E+01 2.000E+00
2.406E+07 5.656E+02 6.809E-01 2.311E-02 5.160E-04 1.565E+03 8.831E-01 1.765E+01 2.000E+00
5.144E+06 3.108E+02 7.923E-01 2.311E-02 5.335E-04 2.471E+03 8.834E-01 1.765E+01 2.000E+00
3.041E+07 4.785E+02 7.154E-01 2.311E-02 5.657E-04 1.718E+03 8.840E-01 1.765E+01 2.000E+00
8.926E+06 9.620E+02 5.666E-01 2.311E-02 6.246E-04 1.280E+03 8.851E-01 1.766E+01 2.000E+00
1.847E+07 9.002E+02 5.810E-01 2.311E-02 7.325E-04 1.306E+03 8.870E-01 1.766E+01 2.000E+00
2.046E+07 9.576E+02 5.678E-01 2.311E-02 9.304E-04 1.285E+03 8.906E-01 1.766E+01 2.000E+00
8.052E+06 8.749E+02 5.877E-01 2.311E-02 1.293E-03 1.344E+03 8.971E-01 1.767E+01 2.000E+00
8.961E+07 9.347E+02 5.739E-01 2.311E-02 1.958E-03 1.303E+03 9.091E-01 1.769E+01 2.000E+00
8.628E+06 2.349E+02 8.398E-01 2.311E-02 3.177E-03 3.596E+03 9.259E-01 1.771E+01 2.000E+00
8.905E+06 5.915E+02 6.787E-01 2.311E-02 5.410E-03 1.545E+03 9.489E-01 1.776E+01 2.000E+00
1.238E+08 6.050E+02 6.667E-01 2.923E-02 4.950E-04 1.520E+03 9.048E-01 1.765E+01 2.000E+00
2.180E+07 5.354E+02 6.924E-01 2.923E-02 4.951E-04 1.616E+03 9.048E-01 1.765E+01 2.000E+00
1.905E+08 5.354E+02 6.924E-01 2.923E-02 4.951E-04 1.616E+03 9.048E-01 1.765E+01 2.000E+00
3.077E+07 4.322E+02 7.352E-01 2.923E-02 4.953E-04 1.841E+03 9.048E-01 1.765E+01 2.000E+00
9.488E+06 8.097E+02 6.038E-01 2.923E-02 4.955E-04 1.355E+03 9.048E-01 1.765E+01 2.000E+00
3.151E+07 8.097E+02 6.038E-01 2.923E-02 4.960E-04 1.355E+03 9.048E-01 1.765E+01 2.000E+00
6.295E+06 7.988E+02 6.067E-01 2.923E-02 4.968E-04 1.361E+03 9.048E-01 1.765E+01 2.000E+00
1.312E+07 5.428E+02 6.895E-01 2.923E-02 4.984E-04 1.631E+03 9.048E-01 1.765E+01 2.000E+00
5.841E+07 3.479E+02 7.743E-01 2.923E-02 5.012E-04 2.196E+03 9.049E-01 1.765E+01 2.000E+00
3.627E+08 6.295E+02 6.582E-01 2.923E-02 5.064E-04 1.493E+03 9.050E-01 1.765E+01 2.000E+00
1.224E+07 4.785E+02 7.153E-01 2.923E-02 5.160E-04 1.723E+03 9.052E-01 1.765E+01 2.000E+00
5.036E+07 4.276E+02 7.373E-01 2.923E-02 5.335E-04 1.877E+03 9.055E-01 1.765E+01 2.000E+00
1.098E+07 9.808E+02 5.624E-01 2.923E-02 5.657E-04 1.281E+03 9.061E-01 1.765E+01 2.000E+00
3.755E+06 5.015E+02 7.060E-01 2.923E-02 6.246E-04 1.675E+03 9.071E-01 1.766E+01 2.000E+00
5.359E+06 2.781E+02 8.089E-01 2.923E-02 7.325E-04 2.862E+03 9.091E-01 1.766E+01 2.000E+00
2.705E+07 5.648E+02 6.819E-01 2.923E-02 9.304E-04 1.572E+03 9.126E-01 1.766E+01 2.000E+00
2.993E+07 6.662E+02 6.471E-01 2.923E-02 1.293E-03 1.461E+03 9.192E-01 1.767E+01 2.000E+00
6.539E+06 4.404E+02 7.347E-01 2.923E-02 1.958E-03 1.808E+03 9.297E-01 1.769E+01 2.000E+00
2.615E+07 8.294E+02 6.011E-01 2.923E-02 3.177E-03 1.368E+03 9.449E-01 1.771E+01 2.000E+00
2.875E+07 7.942E+02 6.129E-01 2.923E-02 5.410E-03 1.408E+03 9.642E-01 1.777E+01 2.000E+00
1.906E+07 9.999E+02 5.582E-01 3.697E-02 4.950E-04 1.288E+03 9.327E-01 1.765E+01 2.000E+00
2.335E+07 9.812E+02 5.623E-01 3.697E-02 4.951E-04 1.291E+03 9.327E-01 1.765E+01 2.000E+00
2.393E+07 9.812E+02 5.623E-01 3.697E-02 4.951E-04 1.292E+03 9.327E-01 1.765E+01 2.000E+00
9.805E+06 5.195E+02 6.986E-01 3.697E-02 4.953E-04 1.649E+03 9.327E-01 1.765E+01 2.000E+00
3.745E+06 5.121E+02 7.016E-01 3.697E-02 4.955E-04 1.663E+03 9.327E-01 1.765E+01 2.000E+00
2.981E+07 2.810E+02 8.068E-01 3.697E-02 4.960E-04 2.835E+03 9.327E-01 1.765E+01 2.000E+00
4.344E+07 2.708E+02 8.116E-01 3.697E-02 4.968E-04 3.007E+03 9.327E-01 1.765E+01 2.000E+00
1.607E+07 6.500E+02 6.514E-01 3.697E-02 4.984E-04 1.480E+03 9.328E-01 1.765E+01 2.000E+00
5.022E+06 3.607E+02 7.683E-01 3.697E-02 5.012E-04 2.129E+03 9.328E-01 1.765E+01 2.000E+00
1.583E+07 6.909E+02 6.382E-01 3.697E-02 5.064E-04 1.444E+03 9.329E-01 1.765E+01 2.000E+00
7.489E+06 7.942E+02 6.080E-01 3.697E-02 5.160E-04 1.373E+03 9.331E-01 1.765E+01 2.000E+00
8.579E+08 8.643E+02 5.897E-01 3.697E-02 5.335E-04 1.337E+03 9.334E-01 1.765E+01 2.000E+00
1.272E+07 7.922E+02 6.086E-01 3.697E-02 5.657E-04 1.374E+03 9.340E-01 1.765E+01 2.000E+00
1.469E+07 9.721E+02 5.644E-01 3.697E-02 6.246E-04 1.295E+03 9.350E-01 1.766E+01 2.000E+00
1.096E+07 9.228E+02 5.757E-01 3.697E-02 7.325E-04 1.344E+03 9.370E-01 1.766E+01 2.000E+00
5.508E+07 4.648E+02 7.219E-01 3.697E-02 9.304E-04 1.759E+03 9.405E-01 1.766E+01 2.000E+00
1.339E+07 2.909E+02 8.049E-01 3.697E-02 1.293E-03 2.655E+03 9.455E-01 1.767E+01 2.000E+00
1.278E+07 9.225E+02 5.767E-01 3.697E-02 1.958E-03 1.329E+03 9.538E-01 1.769E+01 2.000E+00
7.682E+06 3.983E+02 7.571E-01 3.697E-02 3.177E-03 1.934E+03 9.668E-01 1.771E+01 2.000E+00
3.434E+07 8.092E+02 6.087E-01 3.697E-02 5.410E-03 1.417E+03 9.810E-01 1.777E+01 2.000E+00
1.646E+08 7.361E+02 6.245E-01 4.677E-02 4.950E-04 1.421E+03 9.660E-01 1.765E+01 2.000E+00
2.229E+07 7.423E+02 6.227E-01 4.677E-02 4.951E-04 1.421E+03 9.660E-01 1.765E+01 2.000E+00
3.779E+07 7.423E+02 6.227E-01 4.677E-02 4.951E-04 1.416E+03 9.660E-01 1.765E+01 2.000E+00
1.529E+07 7.282E+02 6.269E-01 4.677E-02 4.953E-04 1.427E+03 9.660E-01 1.765E+01 2.000E+00
5.117E+07 9.248E+02 5.750E-01 4.677E-02 4.955E-04 1.324E+03 9.660E-01 1.765E+01 2.000E+00
1.637E+07 3.745E+02 7.618E-01 4.677E-02 4.960E-04 2.067E+03 9.660E-01 1.765E+01 2.000E+00
9.092E+06 5.931E+02 6.710E-01 4.677E-02 4.968E-04 1.552E+03 9.661E-01 1.765E+01 2.000E+00
7.293E+07 7.612E+02 6.172E-01 4.677E-02 4.984E-04 1.405E+03 9.661E-01 1.765E+01 2.000E+00
2.111E+07 7.676E+02 6.154E-01 4.677E-02 5.012E-04 1.400E+03 9.661E-01 1.765E+01 2.000E+00
1.803E+07 7.149E+02 6.309E-01 4.677E-02 5.064E-04 1.436E+03 9.662E-01 1.765E+01 2.000E+00
8.613E+06 8.159E+02 6.022E-01 4.677E-02 5.160E-04 1.373E+03 9.663E-01 1.765E+01 2.000E+00
6.151E+07 9.725E+02 5.642E-01 4.677E-02 5.335E-04 1.473E+03 9.665E-01 1.765E+01 2.000E+00
9.080E+06 5.201E+02 6.985E-01 4.677E-02 5.657E-04 1.658E+03 9.669E-01 1.765E+01 2.000E+00
5.029E+07 3.146E+02 7.910E-01 4.677E-02 6.246E-04 2.450E+03 9.676E-01 1.766E+01 2.000E+00
1.762E+07 4.773E+02 7.163E-01 4.677E-02 7.325E-04 1.743E+03 9.690E-01 1.766E+01 2.000E+00
4.183E+06 2.556E+02 8.206E-01 4.677E-02 9.304E-04 3.292E+03 9.714E-01 1.766E+01 2.000E+00
1.162E+07 8.715E+02 5.886E-01 4.677E-02 1.293E-03 1.355E+03 9.760E-01 1.767E+01 2.000E+00
1.458E+07 8.903E+02 5.845E-01 4.677E-02 1.958E-03 1.357E+03 9.821E-01 1.769E+01 2.000E+00
1.134E+07 7.617E+02 6.199E-01 4.677E-02 3.177E-03 1.432E+03 9.905E-01 1.771E+01 2.000E+00
6.908E+06 4.007E+02 7.615E-01 4.677E-02 5.410E-03 1.930E+03 9.967E-01 1.777E+01 2.000E+00
1.040E+08 8.443E+02 5.948E-01 5.915E-02 4.950E-04 1.377E+03 1.000E+00 1.765E+01 3.000E+00
2.631E+08 8.443E+02 5.948E-01 5.915E-02 4.951E-04 1.379E+03 1.000E+00 1.765E+01 3.000E+00
2.902E+08 8.329E+02 5.977E-01 5.915E-02 4.951E-04 1.381E+03 1.000E+00 1.765E+01 3.000E+00
6.485E+07 8.504E+02 5.932E-01 5.915E-02 4.953E-04 1.373E+03 1.000E+00 1.765E+01 3.000E+00
1.922E+07 8.487E+02 5.936E-01 5.915E-02 4.955E-04 1.374E+03 1.000E+00 1.765E+01 3.000E+00
1.059E+07 5.962E+02 6.699E-01 5.915E-02 4.960E-04 1.562E+03 1.000E+00 1.765E+01 3.000E+00
8.216E+07 4.186E+02 7.415E-01 5.915E-02 4.968E-04 1.908E+03 1.000E+00 1.765E+01 3.000E+00
6.069E+07 7.879E+02 6.098E-01 5.915E-02 4.984E-04 1.404E+03 1.000E+00 1.765E+01 3.000E+00
8.928E+06 4.642E+02 7.214E-01 5.915E-02 5.012E-04 1.782E+03 1.000E+00 1.765E+01 3.000E+00
1.917E+08 3.276E+02 7.844E-01 5.915E-02 5.064E-04 2.352E+03 1.000E+00 1.765E+01 3.000E+00
1.797E+07 7.643E+02 6.164E-01 5.915E-02 5.160E-04 1.419E+03 1.000E+00 1.765E+01 3.000E+00
8.586E+06 9.195E+02 5.763E-01 5.915E-02 5.335E-04 1.346E+03 1.000E+00 1.765E+01 3.000E+00
1.656E+07 7.088E+02 6.328E-01 5.915E-02 5.657E-04 1.456E+03 1.000E+00 1.765E+01 3.000E+00
7.176E+07 8.100E+02 6.039E-01 5.915E-02 6.246E-04 1.394E+03 1.000E+00 1.766E+01 3.000E+00
2.084E+08 9.407E+02 5.716E-01 5.915E-02 7.325E-04 1.342E+03 1.000E+00 1.766E+01 3.000E+00
2.567E+07 4.561E+02 7.258E-01 5.915E-02 9.304E-04 1.814E+03 1.000E+00 1.766E+01 0.000E+00
3.339E+06 4.908E+02 7.118E-01 5.915E-02 1.293E-03 1.724E+03 1.000E+00 1.767E+01 0.000E+00
3.234E+08 3.178E+02 7.939E-01 5.915E-02 1.958E-03 2.385E+03 1.000E+00 1.769E+01 0.000E+00
2.553E+07 7.615E+02 6.200E-01 5.915E-02 3.177E-03 1.455E+03 1.000E+00 1.771E+01 0.000E+00
6.859E+07 8.685E+02 5.930E-01 5.915E-02 5.410E-03 1.454E+03 1.000E+00 1.777E+01 0.000E+00
2.750E+07 8.431E+02 5.951E-01 7.482E-02 4.950E-04 1.412E+03 1.000E+00 1.765E+01 0.000E+00
3.244E+07 8.431E+02 5.951E-01 7.482E-02 4.951E-04 1.401E+03 1.000E+00 1.765E+01 0.000E+00
4.880E+07 8.431E+02 5.951E-01 7.482E-02 4.951E-04 1.401E+03 1.000E+00 1.765E+01 0.000E+00
1.022E+09 8.431E+02 5.951E-01 7.482E-02 4.953E-04 1.401E+03 1.000E+00 1.765E+01 0.000E+00
1.214E+08 8.475E+02 5.940E-01 7.482E-02 4.955E-04 1.400E+03 1.000E+00 1.765E+01 0.000E+00
7.108E+06 2.920E+02 8.019E-01 7.482E-02 4.960E-04 2.700E+03 1.000E+00 1.765E+01 0.000E+00
6.438E+07 5.342E+02 6.930E-01 7.482E-02 4.968E-04 1.663E+03 1.000E+00 1.765E+01 0.000E+00
1.580E+07 4.504E+02 7.274E-01 7.482E-02 4.984E-04 1.831E+03 1.000E+00 1.765E+01 0.000E+00
8.246E+06 6.002E+02 6.685E-01 7.482E-02 5.012E-04 1.575E+03 1.000E+00 1.765E+01 0.000E+00
3.321E+07 2.559E+02 8.192E-01 7.482E-02 5.064E-04 3.332E+03 1.000E+00 1.765E+01 0.000E+00
2.804E+07 4.910E+02 7.103E-01 7.482E-02 5.160E-04 1.739E+03 1.000E+00 1.765E+01 0.000E+00
1.742E+07 2.860E+02 8.050E-01 7.482E-02 5.335E-04 2.775E+03 1.000E+00 1.765E+01 0.000E+00
1.995E+07 9.765E+02 5.634E-01 7.482E-02 5.657E-04 1.358E+03 1.000E+00 1.765E+01 0.000E+00
1.144E+08 5.412E+02 6.905E-01 7.482E-02 6.246E-04 1.653E+03 1.000E+00 1.766E+01 0.000E+00
6.162E+07 2.809E+02 8.082E-01 7.482E-02 7.325E-04 2.835E+03 1.000E+00 1.766E+01 0.000E+00
4.835E+07 9.003E+02 5.812E-01 7.482E-02 9.304E-04 1.387E+03 1.000E+00 1.766E+01 0.000E+00
1.422E+07 5.316E+02 6.954E-01 7.482E-02 1.293E-03 1.672E+03 1.000E+00 1.767E+01 0.000E+00
2.228E+07 2.464E+02 8.298E-01 7.482E-02 1.958E-03 3.406E+03 1.000E+00 1.769E+01 0.000E+00
3.134E+09 8.839E+02 5.871E-01 7.482E-02 3.177E-03 1.442E+03 1.000E+00 1.771E+01 0.000E+00
1.877E+07 5.054E+02 7.133E-01 7.482E-02 5.410E-03 1.743E+03 1.000E+00 1.777E+01 0.000E+00
5.434E+07 2.436E+02 8.251E-01 9.464E-02 4.950E-04 3.703E+03 1.000E+00 1.765E+01 0.000E+00
6.283E+06 7.610E+02 6.174E-01 9.464E-02 4.951E-04 1.476E+03 1.000E+00 1.765E+01 0.000E+00
6.867E+06 7.610E+02 6.174E-01 9.464E-02 4.951E-04 1.479E+03 1.000E+00 1.765E+01 0.000E+00
8.354E+06 7.486E+02 6.209E-01 9.464E-02 4.953E-04 1.483E+03 1.000E+00 1.765E+01 0.000E+00
1.543E+07 7.486E+02 6.209E-01 9.464E-02 4.955E-04 1.483E+03 1.000E+00 1.765E+01 0.000E+00
3.490E+08 7.477E+02 6.212E-01 9.464E-02 4.960E-04 1.483E+03 1.000E+00 1.765E+01 0.000E+00
1.177E+07 9.145E+02 5.775E-01 9.464E-02 4.968E-04 1.416E+03 1.000E+00 1.765E+01 0.000E+00
1.122E+08 5.411E+02 6.904E-01 9.464E-02 4.984E-04 1.677E+03 1.000E+00 1.765E+01 0.000E+00
6.768E+07 9.193E+02 5.764E-01 9.464E-02 5.012E-04 1.415E+03 1.000E+00 1.765E+01 0.000E+00
1.746E+07 4.176E+02 7.421E-01 9.464E-02 5.064E-04 1.945E+03 1.000E+00 1.765E+01 0.000E+00
1.177E+08 5.118E+02 7.019E-01 9.464E-02 5.160E-04 1.728E+03 1.000E+00 1.765E+01 0.000E+00
2.360E+07 3.731E+02 7.629E-01 9.464E-02 5.335E-04 2.114E+03 1.000E+00 1.765E+01 0.000E+00
1.792E+07 6.514E+02 6.511E-01 9.464E-02 5.657E-04 1.552E+03 1.000E+00 1.766E+01 0.000E+00
1.761E+07 8.095E+02 6.041E-01 9.464E-02 6.246E-04 1.455E+03 1.000E+00 1.766E+01 0.000E+00
4.217E+07 4.898E+02 7.113E-01 9.464E-02 7.325E-04 1.766E+03 1.000E+00 1.766E+01 0.000E+00
3.785E+06 5.702E+02 6.801E-01 9.464E-02 9.304E-04 1.641E+03 1.000E+00 1.766E+01 0.000E+00
1.124E+08 7.857E+02 6.112E-01 9.464E-02 1.293E-03 1.480E+03 1.000E+00 1.767E+01 0.000E+00
1.996E+07 9.135E+02 5.789E-01 9.464E-02 1.958E-03 1.461E+03 1.000E+00 1.769E+01 0.000E+00
9.308E+06 8.635E+02 5.923E-01 9.464E-02 3.177E-03 1.510E+03 1.000E+00 1.772E+01 0.000E+00
2.238E+07 8.678E+02 5.932E-01 9.464E-02 5.410E-03 1.609E+03 1.000E+00 1.777E+01 0.000E+00
3.514E+07 8.576E+02 5.914E-01 1.197E-01 4.950E-04 1.497E+03 1.000E+00 1.765E+01 0.000E+00
4.266E+07 8.576E+02 5.914E-01 1.197E-01 4.951E-04 1.500E+03 1.000E+00 1.765E+01 0.000E+00
7.087E+07 8.576E+02 5.914E-01 1.197E-01 4.951E-04 1.497E+03 1.000E+00 1.765E+01 0.000E+00
4.831E+07 8.521E+02 5.928E-01 1.197E-01 4.953E-04 1.498E+03 1.000E+00 1.765E+01 0.000E+00
4.277E+07 6.193E+02 6.619E-01 1.197E-01 4.955E-04 1.658E+03 1.000E+00 1.765E+01 0.000E+00
2.936E+07 3.213E+02 7.881E-01 1.197E-01 4.960E-04 2.447E+03 1.000E+00 1.765E+01 0.000E+00
5.944E+06 6.711E+02 6.446E-01 1.197E-01 4.968E-04 1.582E+03 1.000E+00 1.765E+01 0.000E+00
6.885E+06 8.878E+02 5.839E-01 1.197E-01 4.984E-04 1.491E+03 1.000E+00 1.765E+01 0.000E+00
3.355E+07 4.761E+02 7.166E-01 1.197E-01 5.012E-04 1.824E+03 1.000E+00 1.765E+01 0.000E+00
2.902E+08 7.204E+02 6.293E-01 1.197E-01 5.064E-04 1.550E+03 1.000E+00 1.765E+01 0.000E+00
1.382E+07 6.531E+02 6.505E-01 1.197E-01 5.160E-04 1.610E+03 1.000E+00 1.765E+01 0.000E+00
1.056E+07 6.811E+02 6.415E-01 1.197E-01 5.335E-04 1.597E+03 1.000E+00 1.766E+01 0.000E+00
1.245E+07 9.451E+02 5.705E-01 1.197E-01 5.657E-04 1.488E+03 1.000E+00 1.766E+01 0.000E+00
1.991E+07 8.519E+02 5.930E-01 1.197E-01 6.246E-04 1.503E+03 1.000E+00 1.766E+01 0.000E+00
4.496E+07 3.944E+02 7.535E-01 1.197E-01 7.325E-04 2.052E+03 1.000E+00 1.766E+01 0.000E+00
1.081E+07 9.047E+02 5.802E-01 1.197E-01 9.304E-04 1.507E+03 1.000E+00 1.766E+01 0.000E+00
1.226E+07 5.086E+02 7.047E-01 1.197E-01 1.293E-03 1.811E+03 1.000E+00 1.767E+01 0.000E+00
1.732E+07 5.509E+02 6.891E-01 1.197E-01 1.958E-03 1.723E+03 1.000E+00 1.769E+01 0.000E+00
1.775E+07 2.377E+02 8.403E-01 1.197E-01 3.177E-03 3.499E+03 1.000E+00 1.772E+01 0.000E+00
4.945E+06 4.477E+02 7.392E-01 1.197E-01 5.410E-03 1.947E+03 1.000E+00 1.777E+01 0.000E+00
2.138E+07 7.887E+02 6.097E-01 1.514E-01 4.950E-04 1.621E+03 1.000E+00 1.766E+01 0.000E+00
3.269E+07 7.833E+02 6.111E-01 1.514E-01 4.951E-04 1.622E+03 1.000E+00 1.766E+01 0.000E+00
4.041E+07 7.887E+02 6.097E-01 1.514E-01 4.951E-04 1.621E+03 1.000E+00 1.766E+01 0.000E+00
2.408E+07 3.010E+02 7.984E-01 1.514E-01 4.953E-04 2.660E+03 1.000E+00 1.766E+01 0.000E+00
1.860E+07 2.965E+02 8.007E-01 1.514E-01 4.955E-04 2.703E+03 1.000E+00 1.766E+01 0.000E+00
1.218E+08 2.961E+02 8.008E-01 1.514E-01 4.960E-04 2.707E+03 1.000E+00 1.766E+01 0.000E+00
1.625E+07 7.126E+02 6.317E-01 1.514E-01 4.968E-04 1.638E+03 1.000E+00 1.766E+01 0.000E+00
1.342E+07 5.937E+02 6.710E-01 1.514E-01 4.984E-04 1.712E+03 1.000E+00 1.766E+01 0.000E+00
4.875E+06 2.483E+02 8.240E-01 1.514E-01 5.012E-04 3.536E+03 1.000E+00 1.766E+01 0.000E+00
6.148E+06 4.550E+02 7.258E-01 1.514E-01 5.064E-04 1.919E+03 1.000E+00 1.766E+01 0.000E+00
1.507E+07 5.103E+02 7.027E-01 1.514E-01 5.160E-04 1.814E+03 1.000E+00 1.766E+01 0.000E+00
7.274E+06 7.918E+02 6.088E-01 1.514E-01 5.335E-04 1.628E+03 1.000E+00 1.766E+01 0.000E+00
7.743E+06 4.969E+02 7.082E-01 1.514E-01 5.657E-04 1.837E+03 1.000E+00 1.766E+01 0.000E+00
6.684E+07 8.061E+02 6.050E-01 1.514E-01 6.246E-04 1.627E+03 1.000E+00 1.766E+01 0.000E+00
3.464E+07 8.569E+02 5.919E-01 1.514E-01 7.325E-04 1.639E+03 1.000E+00 1.766E+01 0.000E+00
8.816E+07 4.490E+02 7.293E-01 1.514E-01 9.304E-04 1.938E+03 1.000E+00 1.767E+01 0.000E+00
6.881E+07 6.767E+02 6.439E-01 1.514E-01 1.293E-03 1.687E+03 1.000E+00 1.767E+01 0.000E+00
7.124E+07 8.085E+02 6.057E-01 1.514E-01 1.958E-03 1.727E+03 1.000E+00 1.769E+01 0.000E+00
9.097E+07 9.204E+02 5.783E-01 1.514E-01 3.177E-03 2.100E+03 1.000E+00 1.772E+01 0.000E+00
2.806E+07 5.633E+02 6.899E-01 1.514E-01 5.410E-03 1.955E+03 1.000E+00 1.777E+01 0.000E+00
5.251E+06 2.835E+02 8.076E-01 1.915E-01 4.950E-04 2.937E+03 1.000E+00 1.766E+01 0.000E+00
6.178E+06 2.835E+02 8.076E-01 1.915E-01 4.951E-04 2.894E+03 1.000E+00 1.766E+01 0.000E+00
9.277E+06 2.835E+02 8.076E-01 1.915E-01 4.951E-04 2.894E+03 1.000E+00 1.766E+01 0.000E+00
3.855E+08 2.835E+02 8.076E-01 1.915E-01 4.953E-04 2.894E+03 1.000E+00 1.766E+01 0.000E+00
3.721E+07 4.880E+02 7.119E-01 1.915E-01 4.955E-04 1.937E+03 1.000E+00 1.766E+01 0.000E+00
4.675E+07 8.110E+02 6.036E-01 1.915E-01 4.960E-04 1.917E+03 1.000E+00 1.766E+01 0.000E+00
1.172E+07 5.579E+02 6.843E-01 1.915E-01 4.968E-04 1.856E+03 1.000E+00 1.766E+01 0.000E+00
3.741E+07 4.087E+02 7.467E-01 1.915E-01 4.984E-04 2.112E+03 1.000E+00 1.766E+01 0.000E+00
2.781E+07 6.176E+02 6.627E-01 1.915E-01 5.012E-04 1.822E+03 1.000E+00 1.766E+01 0.000E+00
2.435E+07 2.744E+02 8.121E-01 1.915E-01 5.064E-04 3.020E+03 1.000E+00 1.766E+01 0.000E+00
6.908E+08 8.627E+02 5.902E-01 1.915E-01 5.160E-04 2.041E+03 1.000E+00 1.766E+01 0.000E+00
2.442E+08 6.969E+02 6.367E-01 1.915E-01 5.335E-04 1.832E+03 1.000E+00 1.766E+01 0.000E+00
5.381E+06 5.647E+02 6.818E-01 1.915E-01 5.657E-04 1.854E+03 1.000E+00 1.766E+01 0.000E+00
1.414E+07 3.153E+02 7.922E-01 1.915E-01 6.246E-04 2.572E+03 1.000E+00 1.766E+01 0.000E+00
6.004E+07 4.400E+02 7.331E-01 1.915E-01 7.325E-04 2.035E+03 1.000E+00 1.766E+01 0.000E+00
8.266E+06 4.173E+02 7.438E-01 1.915E-01 9.304E-04 2.096E+03 1.000E+00 1.767E+01 0.000E+00
9.568E+06 6.966E+02 6.377E-01 1.915E-01 1.293E-03 1.909E+03 1.000E+00 1.767E+01 0.000E+00
1.197E+08 4.431E+02 7.343E-01 1.915E-01 1.958E-03 2.067E+03 1.000E+00 1.769E+01 0.000E+00
2.957E+07 6.714E+02 6.480E-01 1.915E-01 3.177E-03 2.205E+03 1.000E+00 1.772E+01 0.000E+00
1.959E+07 6.252E+02 6.668E-01 1.915E-01 5.410E-03 2.855E+03 1.000E+00 1.777E+01 0.000E+00
3.446E+07 5.283E+02 6.958E-01 2.422E-01 4.950E-04 2.106E+03 1.000E+00 1.766E+01 0.000E+00
1.459E+08 5.283E+02 6.958E-01 2.422E-01 4.951E-04 2.105E+03 1.000E+00 1.766E+01 0.000E+00
1.067E+07 5.225E+02 6.981E-01 2.422E-01 4.951E-04 2.105E+03 1.000E+00 1.766E+01 0.000E+00
4.763E+07 5.225E+02 6.981E-01 2.422E-01 4.953E-04 2.128E+03 1.000E+00 1.766E+01 0.000E+00
1.187E+07 6.957E+02 6.371E-01 2.422E-01 4.955E-04 2.676E+03 1.000E+00 1.766E+01 0.000E+00
3.774E+06 4.526E+02 7.272E-01 2.422E-01 4.960E-04 2.154E+03 1.000E+00 1.766E+01 0.000E+00
1.177E+07 6.895E+02 6.390E-01 2.422E-01 4.968E-04 2.605E+03 1.000E+00 1.766E+01 0.000E+00
1.977E+07 3.992E+02 7.514E-01 2.422E-01 4.984E-04 2.265E+03 1.000E+00 1.766E+01 0.000E+00
1.874E+07 5.808E+02 6.759E-01 2.422E-01 5.012E-04 2.141E+03 1.000E+00 1.766E+01 0.000E+00
6.118E+06 3.704E+02 7.651E-01 2.422E-01 5.064E-04 2.358E+03 1.000E+00 1.766E+01 0.000E+00
1.089E+08 5.231E+02 6.979E-01 2.422E-01 5.160E-04 2.127E+03 1.000E+00 1.766E+01 0.000E+00
1.248E+07 5.870E+02 6.737E-01 2.422E-01 5.335E-04 2.155E+03 1.000E+00 1.766E+01 0.000E+00
6.300E+07 5.972E+02 6.701E-01 2.422E-01 5.657E-04 2.179E+03 1.000E+00 1.766E+01 0.000E+00
9.831E+06 3.761E+02 7.627E-01 2.422E-01 6.246E-04 2.342E+03 1.000E+00 1.766E+01 0.000E+00
1.158E+07 4.929E+02 7.105E-01 2.422E-01 7.325E-04 2.136E+03 1.000E+00 1.766E+01 0.000E+00
5.123E+07 6.264E+02 6.603E-01 2.422E-01 9.304E-04 2.377E+03 1.000E+00 1.767E+01 0.000E+00
5.107E+06 6.368E+02 6.573E-01 2.422E-01 1.293E-03 2.637E+03 1.000E+00 1.768E+01 0.000E+00
1.681E+07 2.123E+02 8.492E-01 2.422E-01 1.958E-03 4.789E+03 1.000E+00 1.769E+01 0.000E+00
3.176E+06 2.712E+02 8.247E-01 2.422E-01 3.177E-03 3.069E+03 1.000E+00 1.772E+01 0.000E+00
7.305E+06 3.446E+02 7.921E-01 2.422E-01 5.410E-03 2.792E+03 1.000E+00 1.777E+01 0.000E+00
9.567E+06 3.996E+02 7.516E-01 3.064E-01 4.950E-04 2.563E+03 1.000E+00 1.766E+01 0.000E+00
1.298E+07 3.996E+02 7.516E-01 3.064E-01 4.951E-04 2.563E+03 1.000E+00 1.766E+01 0.000E+00
3.966E+07 3.996E+02 7.516E-01 3.064E-01 4.951E-04 2.563E+03 1.000E+00 1.766E+01 0.000E+00
3.303E+07 3.932E+02 7.546E-01 3.064E-01 4.953E-04 2.567E+03 1.000E+00 1.766E+01 0.000E+00
6.869E+06 4.507E+02 7.284E-01 3.064E-01 4.955E-04 2.627E+03 1.000E+00 1.766E+01 0.000E+00
3.364E+07 4.582E+02 7.251E-01 3.064E-01 4.960E-04 2.655E+03 1.000E+00 1.766E+01 0.000E+00
1.694E+07 3.902E+02 7.561E-01 3.064E-01 4.968E-04 2.570E+03 1.000E+00 1.766E+01 0.000E+00
7.612E+06 3.809E+02 7.605E-01 3.064E-01 4.984E-04 2.583E+03 1.000E+00 1.766E+01 0.000E+00
2.088E+07 2.010E+02 8.480E-01 3.064E-01 5.012E-04 4.622E+03 1.000E+00 1.766E+01 0.000E+00
2.220E+07 3.870E+02 7.576E-01 3.064E-01 5.064E-04 2.579E+03 1.000E+00 1.766E+01 0.000E+00
3.781E+06 3.099E+02 7.957E-01 3.064E-01 5.160E-04 2.864E+03 1.000E+00 1.766E+01 0.000E+00
1.656E+07 4.754E+02 7.178E-01 3.064E-01 5.335E-04 2.768E+03 1.000E+00 1.766E+01 0.000E+00
1.069E+07 3.807E+02 7.608E-01 3.064E-01 5.657E-04 3.078E+03 1.000E+00 1.766E+01 0.000E+00
1.398E+07 3.695E+02 7.664E-01 3.064E-01 6.246E-04 2.618E+03 1.000E+00 1.766E+01 0.000E+00
1.202E+08 3.908E+02 7.564E-01 3.064E-01 7.325E-04 2.604E+03 1.000E+00 1.766E+01 0.000E+00
1.016E+07 4.951E+02 7.102E-01 3.064E-01 9.304E-04 3.417E+03 1.000E+00 1.767E+01 0.000E+00
4.898E+06 4.484E+02 7.311E-01 3.064E-01 1.293E-03 2.943E+03 1.000E+00 1.768E+01 0.000E+00
1.171E+06 2.780E+02 8.174E-01 3.064E-01 1.958E-03 3.190E+03 1.000E+00 1.769E+01 0.000E+00
1.836E+06 4.031E+02 7.564E-01 3.064E-01 3.177E-03 3.954E+03 1.000E+00 1.772E+01 0.000E+00
9.824E+06 2.151E+02 8.668E-01 3.064E-01 5.410E-03 4.308E+03 1.000E+00 1.777E+01 0.000E+00
7.123E+06 2.794E+02 8.122E-01 3.875E-01 4.950E-04 3.491E+03 1.000E+00 1.766E+01 0.000E+00
8.987E+06 2.794E+02 8.122E-01 3.875E-01 4.951E-04 3.491E+03 1.000E+00 1.766E+01 0.000E+00
1.770E+07 2.794E+02 8.122E-01 3.875E-01 4.951E-04 3.494E+03 1.000E+00 1.766E+01 0.000E+00
6.671E+06 3.036E+02 7.998E-01 3.875E-01 4.953E-04 3.373E+03 1.000E+00 1.766E+01 0.000E+00
8.655E+06 2.968E+02 8.033E-01 3.875E-01 4.955E-04 3.393E+03 1.000E+00 1.766E+01 0.000E+00
3.335E+06 2.933E+02 8.051E-01 3.875E-01 4.960E-04 3.407E+03 1.000E+00 1.766E+01 0.000E+00
1.119E+07 3.008E+02 8.012E-01 3.875E-01 4.968E-04 3.380E+03 1.000E+00 1.766E+01 0.000E+00
5.051E+06 3.006E+02 8.013E-01 3.875E-01 4.984E-04 3.381E+03 1.000E+00 1.766E+01 0.000E+00
2.568E+08 2.888E+02 8.074E-01 3.875E-01 5.012E-04 3.430E+03 1.000E+00 1.766E+01 0.000E+00
2.365E+07 3.254E+02 7.887E-01 3.875E-01 5.064E-04 3.413E+03 1.000E+00 1.766E+01 0.000E+00
3.912E+06 3.090E+02 7.971E-01 3.875E-01 5.160E-04 3.370E+03 1.000E+00 1.766E+01 0.000E+00
4.472E+06 3.016E+02 8.010E-01 3.875E-01 5.335E-04 3.398E+03 1.000E+00 1.766E+01 0.000E+00
6.444E+06 2.326E+02 8.361E-01 3.875E-01 5.657E-04 4.252E+03 1.000E+00 1.766E+01 0.000E+00
3.030E+06 2.258E+02 8.396E-01 3.875E-01 6.246E-04 4.470E+03 1.000E+00 1.766E+01 0.000E+00
1.823E+06 2.765E+02 8.146E-01 3.875E-01 7.325E-04 3.553E+03 1.000E+00 1.767E+01 0.000E+00
1.316E+06 2.478E+02 8.302E-01 3.875E-01 9.304E-04 3.913E+03 1.000E+00 1.767E+01 0.000E+00
1.926E+07 3.068E+02 8.009E-01 3.875E-01 1.293E-03 3.651E+03 1.000E+00 1.768E+01 0.000E+00
4.924E+06 2.218E+02 8.480E-01 3.875E-01 1.958E-03 4.549E+03 1.000E+00 1.769E+01 0.000E+00
3.155E+06 2.742E+02 8.252E-01 3.875E-01 3.177E-03 4.743E+03 1.000E+00 1.772E+01 0.000E+00
6.468E+07 2.058E+02 8.741E-01 3.875E-01 5.410E-03 5.874E+03 1.000E+00 1.777E+01 0.000E+00
2.177E+07 2.255E+02 8.413E-01 4.902E-01 4.950E-04 5.244E+03 1.000E+00 1.766E+01 0.000E+00
2.900E+06 2.463E+02 8.308E-01 4.902E-01 4.951E-04 5.245E+03 1.000E+00 1.766E+01 0.000E+00
1.702E+06 2.330E+02 8.376E-01 4.902E-01 4.951E-04 5.148E+03 1.000E+00 1.766E+01 0.000E+00
1.861E+06 2.330E+02 8.376E-01 4.902E-01 4.953E-04 5.148E+03 1.000E+00 1.766E+01 0.000E+00
2.274E+06 2.330E+02 8.376E-01 4.902E-01 4.955E-04 5.148E+03 1.000E+00 1.766E+01 0.000E+00
4.206E+06 2.330E+02 8.376E-01 4.902E-01 4.960E-04 5.149E+03 1.000E+00 1.766E+01 0.000E+00
2.819E+06 2.303E+02 8.389E-01 4.902E-01 4.968E-04 5.168E+03 1.000E+00 1.766E+01 0.000E+00
4.991E+06 2.312E+02 8.385E-01 4.902E-01 4.984E-04 5.169E+03 1.000E+00 1.766E+01 0.000E+00
7.715E+06 2.294E+02 8.394E-01 4.902E-01 5.012E-04 5.179E+03 1.000E+00 1.766E+01 0.000E+00
2.591E+06 2.241E+02 8.421E-01 4.902E-01 5.064E-04 5.340E+03 1.000E+00 1.766E+01 0.000E+00
4.467E+06 2.217E+02 8.433E-01 4.902E-01 5.160E-04 5.308E+03 1.000E+00 1.766E+01 0.000E+00
4.735E+06 2.073E+02 8.502E-01 4.902E-01 5.335E-04 5.818E+03 1.000E+00 1.766E+01 0.000E+00
2.909E+06 2.002E+02 8.537E-01 4.902E-01 5.657E-04 6.272E+03 1.000E+00 1.766E+01 0.000E+00
1.218E+08 2.258E+02 8.418E-01 4.902E-01 6.246E-04 5.283E+03 1.000E+00 1.767E+01 0.000E+00
2.266E+06 2.134E+02 8.484E-01 4.902E-01 7.325E-04 5.599E+03 1.000E+00 1.767E+01 0.000E+00
6.366E+07 2.194E+02 8.465E-01 4.902E-01 9.304E-04 5.533E+03 1.000E+00 1.767E+01 0.000E+00
1.166E+07 2.035E+02 8.561E-01 4.902E-01 1.293E-03 6.124E+03 1.000E+00 1.768E+01 0.000E+00
3.778E+06 2.057E+02 8.585E-01 4.902E-01 1.958E-03 6.468E+03 1.000E+00 1.770E+01 0.000E+00
NAN NAN NAN 4.902E-01 3.177E-03 NAN 1.000E+00 1.772E+01 0.000E+00
NAN NAN NAN 4.902E-01 5.410E-03 NAN 1.000E+00 1.778E+01 0.000E+00
NAN NAN NAN 6.200E-01 4.950E-04 NAN 1.000E+00 1.767E+01 0.000E+00
NAN NAN NAN 6.200E-01 4.951E-04 NAN 1.000E+00 1.767E+01 0.000E+00
NAN NAN NAN 6.200E-01 4.951E-04 NAN 1.000E+00 1.767E+01 0.000E+00
NAN NAN NAN 6.200E-01 4.953E-04 NAN 1.000E+00 1.767E+01 0.000E+00
NAN NAN NAN 6.200E-01 4.955E-04 NAN 1.000E+00 1.767E+01 0.000E+00
NAN NAN NAN 6.200E-01 4.960E-04 NAN 1.000E+00 1.767E+01 0.000E+00
NAN NAN NAN 6.200E-01 4.968E-04 NAN 1.000E+00 1.767E+01 0.000E+00
NAN NAN NAN 6.200E-01 4.984E-04 NAN 1.000E+00 1.767E+01 0.000E+00
NAN NAN NAN 6.200E-01 5.012E-04 NAN 1.000E+00 1.767E+01 0.000E+00
NAN NAN NAN 6.200E-01 5.064E-04 NAN 1.000E+00 1.767E+01 0.000E+00
NAN NAN NAN 6.200E-01 5.160E-04 NAN 1.000E+00 1.767E+01 0.000E+00
NAN NAN NAN 6.200E-01 5.335E-04 NAN 1.000E+00 1.767E+01 0.000E+00
NAN NAN NAN 6.200E-01 5.657E-04 NAN 1.000E+00 1.767E+01 0.000E+00
NAN NAN NAN 6.200E-01 6.246E-04 NAN 1.000E+00 1.767E+01 0.000E+00
NAN NAN NAN 6.200E-01 7.325E-04 NAN 1.000E+00 1.767E+01 0.000E+00
NAN NAN NAN 6.200E-01 9.304E-04 NAN 1.000E+00 1.768E+01 0.000E+00
NAN NAN NAN 6.200E-01 1.293E-03 NAN 1.000E+00 1.768E+01 0.000E+00
NAN NAN NAN 6.200E-01 1.958E-03 NAN 1.000E+00 1.770E+01 0.000E+00
NAN NAN NAN 6.200E-01 3.177E-03 NAN 1.000E+00 1.773E+01 0.000E+00
NAN NAN NAN 6.200E-01 5.410E-03 NAN 1.000E+00 1.778E+01 0.000E+00
NAN NAN NAN 7.842E-01 4.950E-04 NAN 1.000E+00 1.767E+01 0.000E+00
NAN NAN NAN 7.842E-01 4.951E-04 NAN 1.000E+00 1.767E+01 0.000E+00
NAN NAN NAN 7.842E-01 4.951E-04 NAN 1.000E+00 1.767E+01 0.000E+00
NAN NAN NAN 7.842E-01 4.953E-04 NAN 1.000E+00 1.767E+01 0.000E+00
NAN NAN NAN 7.842E-01 4.955E-04 NAN 1.000E+00 1.767E+01 0.000E+00
NAN NAN NAN 7.842E-01 4.960E-04 NAN 1.000E+00 1.767E+01 0.000E+00
NAN NAN NAN 7.842E-01 4.968E-04 NAN 1.000E+00 1.767E+01 0.000E+00
NAN NAN NAN 7.842E-01 4.984E-04 NAN 1.000E+00 1.767E+01 0.000E+00
NAN NAN NAN 7.842E-01 5.012E-04 NAN 1.000E+00 1.767E+01 0.000E+00
NAN NAN NAN 7.842E-01 5.064E-04 NAN 1.000E+00 1.767E+01 0.000E+00
NAN NAN NAN 7.842E-01 5.160E-04 NAN 1.000E+00 1.767E+01 0.000E+00
NAN NAN NAN 7.842E-01 5.335E-04 NAN 1.000E+00 1.767E+01 0.000E+00
NAN NAN NAN 7.842E-01 5.657E-04 NAN 1.000E+00 1.767E+01 0.000E+00
NAN NAN NAN 7.842E-01 6.246E-04 NAN 1.000E+00 1.767E+01 0.000E+00
NAN NAN NAN 7.842E-01 7.325E-04 NAN 1.000E+00 1.768E+01 0.000E+00
NAN NAN NAN 7.842E-01 9.304E-04 NAN 1.000E+00 1.768E+01 0.000E+00
NAN NAN NAN 7.842E-01 1.293E-03 NAN 1.000E+00 1.769E+01 0.000E+00
NAN NAN NAN 7.842E-01 1.958E-03 NAN 1.000E+00 1.770E+01 0.000E+00
NAN NAN NAN 7.842E-01 3.177E-03 NAN 1.000E+00 1.773E+01 0.000E+00
NAN NAN NAN 7.842E-01 5.410E-03 NAN 1.000E+00 1.778E+01 0.000E+00
NAN NAN NAN 9.919E-01 4.950E-04 NAN 1.000E+00 1.767E+01 0.000E+00
NAN NAN NAN 9.919E-01 4.951E-04 NAN 1.000E+00 1.767E+01 0.000E+00
NAN NAN NAN 9.919E-01 4.951E-04 NAN 1.000E+00 1.767E+01 0.000E+00
NAN NAN NAN 9.919E-01 4.953E-04 NAN 1.000E+00 1.767E+01 0.000E+00
NAN NAN NAN 9.919E-01 4.955E-04 NAN 1.000E+00 1.767E+01 0.000E+00
NAN NAN NAN 9.919E-01 4.960E-04 NAN 1.000E+00 1.767E+01 0.000E+00
NAN NAN NAN 9.919E-01 4.968E-04 NAN 1.000E+00 1.767E+01 0.000E+00
NAN NAN NAN 9.919E-01 4.984E-04 NAN 1.000E+00 1.767E+01 0.000E+00
NAN NAN NAN 9.919E-01 5.012E-04 NAN 1.000E+00 1.767E+01 0.000E+00
NAN NAN NAN 9.919E-01 5.064E-04 NAN 1.000E+00 1.767E+01 0.000E+00
NAN NAN NAN 9.919E-01 5.160E-04 NAN 1.000E+00 1.767E+01 0.000E+00
NAN NAN NAN 9.919E-01 5.335E-04 NAN 1.000E+00 1.768E+01 0.000E+00
NAN NAN NAN 9.919E-01 5.657E-04 NAN 1.000E+00 1.768E+01 0.000E+00
NAN NAN NAN 9.919E-01 6.246E-04 NAN 1.000E+00 1.768E+01 0.000E+00
NAN NAN NAN 9.919E-01 7.325E-04 NAN 1.000E+00 1.768E+01 0.000E+00
NAN NAN NAN 9.919E-01 9.304E-04 NAN 1.000E+00 1.768E+01 0.000E+00
NAN NAN NAN 9.919E-01 1.293E-03 NAN 1.000E+00 1.769E+01 0.000E+00
NAN NAN NAN 9.919E-01 1.958E-03 NAN 1.000E+00 1.771E+01 0.000E+00
NAN NAN NAN 9.919E-01 3.177E-03 NAN 1.000E+00 1.774E+01 0.000E+00
NAN NAN NAN 9.919E-01 5.410E-03 NAN 1.000E+00 1.779E+01 0.000E+00
NAN NAN NAN 1.255E+00 4.950E-04 NAN 1.000E+00 1.768E+01 3.000E+00
NAN NAN NAN 1.255E+00 4.951E-04 NAN 1.000E+00 1.768E+01 3.000E+00
NAN NAN NAN 1.255E+00 4.951E-04 NAN 1.000E+00 1.768E+01 3.000E+00
NAN NAN NAN 1.255E+00 4.953E-04 NAN 1.000E+00 1.768E+01 3.000E+00
NAN NAN NAN 1.255E+00 4.955E-04 NAN 1.000E+00 1.768E+01 3.000E+00
NAN NAN NAN 1.255E+00 4.960E-04 NAN 1.000E+00 1.768E+01 3.000E+00
NAN NAN NAN 1.255E+00 4.968E-04 NAN 1.000E+00 1.768E+01 3.000E+00
NAN NAN NAN 1.255E+00 4.984E-04 NAN 1.000E+00 1.768E+01 3.000E+00
NAN NAN NAN 1.255E+00 5.012E-04 NAN 1.000E+00 1.768E+01 3.000E+00
NAN NAN NAN 1.255E+00 5.064E-04 NAN 1.000E+00 1.768E+01 3.000E+00
NAN NAN NAN 1.255E+00 5.160E-04 NAN 1.000E+00 1.768E+01 3.000E+00
NAN NAN NAN 1.255E+00 5.335E-04 NAN 1.000E+00 1.768E+01 3.000E+00
NAN NAN NAN 1.255E+00 5.657E-04 NAN 1.000E+00 1.768E+01 3.000E+00
NAN NAN NAN 1.255E+00 6.246E-04 NAN 1.000E+00 1.768E+01 3.000E+00
NAN NAN NAN 1.255E+00 7.325E-04 NAN 1.000E+00 1.769E+01 3.000E+00
NAN NAN NAN 1.255E+00 9.304E-04 NAN 1.000E+00 1.769E+01 3.000E+00
NAN NAN NAN 1.255E+00 1.293E-03 NAN 1.000E+00 1.770E+01 3.000E+00
NAN NAN NAN 1.255E+00 1.958E-03 NAN 1.000E+00 1.771E+01 3.000E+00
NAN NAN NAN 1.255E+00 3.177E-03 NAN 1.000E+00 1.774E+01 3.000E+00
NAN NAN NAN 1.255E+00 5.410E-03 NAN 1.000E+00 1.779E+01 3.000E+00
NAN NAN NAN 1.587E+00 4.950E-04 NAN 1.000E+00 1.769E+01 3.000E+00
NAN NAN NAN 1.587E+00 4.951E-04 NAN 1.000E+00 1.769E+01 3.000E+00
NAN NAN NAN 1.587E+00 4.951E-04 NAN 1.000E+00 1.769E+01 3.000E+00
NAN NAN NAN 1.587E+00 4.953E-04 NAN 1.000E+00 1.769E+01 3.000E+00
NAN NAN NAN 1.587E+00 4.955E-04 NAN 1.000E+00 1.769E+01 3.000E+00
NAN NAN NAN 1.587E+00 4.960E-04 NAN 1.000E+00 1.769E+01 3.000E+00
NAN NAN NAN 1.587E+00 4.968E-04 NAN 1.000E+00 1.769E+01 3.000E+00
NAN NAN NAN 1.587E+00 4.984E-04 NAN 1.000E+00 1.769E+01 3.000E+00
NAN NAN NAN 1.587E+00 5.012E-04 NAN 1.000E+00 1.769E+01 3.000E+00
NAN NAN NAN 1.587E+00 5.064E-04 NAN 1.000E+00 1.769E+01 3.000E+00
NAN NAN NAN 1.587E+00 5.160E-04 NAN 1.000E+00 1.769E+01 3.000E+00
NAN NAN NAN 1.587E+00 5.335E-04 NAN 1.000E+00 1.769E+01 3.000E+00
NAN NAN NAN 1.587E+00 5.657E-04 NAN 1.000E+00 1.769E+01 3.000E+00
NAN NAN NAN 1.587E+00 6.246E-04 NAN 1.000E+00 1.769E+01 3.000E+00
NAN NAN NAN 1.587E+00 7.325E-04 NAN 1.000E+00 1.769E+01 3.000E+00
NAN NAN NAN 1.587E+00 9.304E-04 NAN 1.000E+00 1.770E+01 3.000E+00
NAN NAN NAN 1.587E+00 1.293E-03 NAN 1.000E+00 1.771E+01 3.000E+00
NAN NAN NAN 1.587E+00 1.958E-03 NAN 1.000E+00 1.772E+01 3.000E+00
NAN NAN NAN 1.587E+00 3.177E-03 NAN 1.000E+00 1.775E+01 3.000E+00
NAN NAN NAN 1.587E+00 5.410E-03 NAN 1.000E+00 1.780E+01 3.000E+00
NAN NAN NAN 2.007E+00 4.950E-04 NAN 1.000E+00 1.770E+01 3.000E+00
NAN NAN NAN 2.007E+00 4.951E-04 NAN 1.000E+00 1.770E+01 3.000E+00
NAN NAN NAN 2.007E+00 4.951E-04 NAN 1.000E+00 1.770E+01 3.000E+00
NAN NAN NAN 2.007E+00 4.953E-04 NAN 1.000E+00 1.770E+01 3.000E+00
NAN NAN NAN 2.007E+00 4.955E-04 NAN 1.000E+00 1.770E+01 3.000E+00
NAN NAN NAN 2.007E+00 4.960E-04 NAN 1.000E+00 1.770E+01 3.000E+00
NAN NAN NAN 2.007E+00 4.968E-04 NAN 1.000E+00 1.770E+01 3.000E+00
NAN NAN NAN 2.007E+00 4.984E-04 NAN 1.000E+00 1.770E+01 3.000E+00
NAN NAN NAN 2.007E+00 5.012E-04 NAN 1.000E+00 1.770E+01 3.000E+00
NAN NAN NAN 2.007E+00 5.064E-04 NAN 1.000E+00 1.770E+01 3.000E+00
NAN NAN NAN 2.007E+00 5.160E-04 NAN 1.000E+00 1.770E+01 3.000E+00
NAN NAN NAN 2.007E+00 5.335E-04 NAN 1.000E+00 1.770E+01 3.000E+00
NAN NAN NAN 2.007E+00 5.657E-04 NAN 1.000E+00 1.770E+01 3.000E+00
NAN NAN NAN 2.007E+00 6.246E-04 NAN 1.000E+00 1.770E+01 3.000E+00
NAN NAN NAN 2.007E+00 7.325E-04 NAN 1.000E+00 1.770E+01 3.000E+00
NAN NAN NAN 2.007E+00 9.304E-04 NAN 1.000E+00 1.771E+01 3.000E+00
NAN NAN NAN 2.007E+00 1.293E-03 NAN 1.000E+00 1.772E+01 3.000E+00
NAN NAN NAN 2.007E+00 1.958E-03 NAN 1.000E+00 1.773E+01 3.000E+00
NAN NAN NAN 2.007E+00 3.177E-03 NAN 1.000E+00 1.776E+01 3.000E+00
NAN NAN NAN 2.007E+00 5.410E-03 NAN 1.000E+00 1.781E+01 3.000E+00
NAN NAN NAN 2.539E+00 4.950E-04 NAN 1.000E+00 1.771E+01 3.000E+00
NAN NAN NAN 2.539E+00 4.951E-04 NAN 1.000E+00 1.771E+01 3.000E+00
NAN NAN NAN 2.539E+00 4.951E-04 NAN 1.000E+00 1.771E+01 3.000E+00
NAN NAN NAN 2.539E+00 4.953E-04 NAN 1.000E+00 1.771E+01 3.000E+00
NAN NAN NAN 2.539E+00 4.955E-04 NAN 1.000E+00 1.771E+01 3.000E+00
NAN NAN NAN 2.539E+00 4.960E-04 NAN 1.000E+00 1.771E+01 3.000E+00
NAN NAN NAN 2.539E+00 4.968E-04 NAN 1.000E+00 1.771E+01 3.000E+00
NAN NAN NAN 2.539E+00 4.984E-04 NAN 1.000E+00 1.771E+01 3.000E+00
NAN NAN NAN 2.539E+00 5.012E-04 NAN 1.000E+00 1.771E+01 3.000E+00
NAN NAN NAN 2.539E+00 5.064E-04 NAN 1.000E+00 1.771E+01 3.000E+00
NAN NAN NAN 2.539E+00 5.160E-04 NAN 1.000E+00 1.771E+01 3.000E+00
NAN NAN NAN 2.539E+00 5.335E-04 NAN 1.000E+00 1.771E+01 3.000E+00
NAN NAN NAN 2.539E+00 5.657E-04 NAN 1.000E+00 1.771E+01 3.000E+00
NAN NAN NAN 2.539E+00 6.246E-04 NAN 1.000E+00 1.771E+01 3.000E+00
NAN NAN NAN 2.539E+00 7.325E-04 NAN 1.000E+00 1.772E+01 3.000E+00
NAN NAN NAN 2.539E+00 9.304E-04 NAN 1.000E+00 1.772E+01 3.000E+00
NAN NAN NAN 2.539E+00 1.293E-03 NAN 1.000E+00 1.773E+01 3.000E+00
NAN NAN NAN 2.539E+00 1.958E-03 NAN 1.000E+00 1.774E+01 3.000E+00
NAN NAN NAN 2.539E+00 3.177E-03 NAN 1.000E+00 1.777E+01 3.000E+00
NAN NAN NAN 2.539E+00 5.410E-03 NAN 1.000E+00 1.782E+01 3.000E+00
NAN NAN NAN 3.211E+00 4.950E-04 NAN 1.000E+00 1.773E+01 3.000E+00
NAN NAN NAN 3.211E+00 4.951E-04 NAN 1.000E+00 1.773E+01 3.000E+00
NAN NAN NAN 3.211E+00 4.951E-04 NAN 1.000E+00 1.773E+01 3.000E+00
NAN NAN NAN 3.211E+00 4.953E-04 NAN 1.000E+00 1.773E+01 3.000E+00
NAN NAN NAN 3.211E+00 4.955E-04 NAN 1.000E+00 1.773E+01 3.000E+00
NAN NAN NAN 3.211E+00 4.960E-04 NAN 1.000E+00 1.773E+01 3.000E+00
NAN NAN NAN 3.211E+00 4.968E-04 NAN 1.000E+00 1.773E+01 3.000E+00
NAN NAN NAN 3.211E+00 4.984E-04 NAN 1.000E+00 1.773E+01 3.000E+00
NAN NAN NAN 3.211E+00 5.012E-04 NAN 1.000E+00 1.773E+01 3.000E+00
NAN NAN NAN 3.211E+00 5.064E-04 NAN 1.000E+00 1.773E+01 3.000E+00
NAN NAN NAN 3.211E+00 5.160E-04 NAN 1.000E+00 1.773E+01 3.000E+00
NAN NAN NAN 3.211E+00 5.335E-04 NAN 1.000E+00 1.773E+01 3.000E+00
NAN NAN NAN 3.211E+00 5.657E-04 NAN 1.000E+00 1.773E+01 3.000E+00
NAN NAN NAN 3.211E+00 6.246E-04 NAN 1.000E+00 1.773E+01 3.000E+00
NAN NAN NAN 3.211E+00 7.325E-04 NAN 1.000E+00 1.773E+01 3.000E+00
NAN NAN NAN 3.211E+00 9.304E-04 NAN 1.000E+00 1.774E+01 3.000E+00
NAN NAN NAN 3.211E+00 1.293E-03 NAN 1.000E+00 1.774E+01 3.000E+00
NAN NAN NAN 3.211E+00 1.958E-03 NAN 1.000E+00 1.776E+01 3.000E+00
NAN NAN NAN 3.211E+00 3.177E-03 NAN 1.000E+00 1.779E+01 3.000E+00
NAN NAN NAN 3.211E+00 5.410E-03 NAN 1.000E+00 1.784E+01 3.000E+00
NAN NAN NAN 4.062E+00 4.950E-04 NAN 1.000E+00 2.142E+01 3.000E+00
NAN NAN NAN 4.062E+00 4.951E-04 NAN 1.000E+00 2.142E+01 3.000E+00
NAN NAN NAN 4.062E+00 4.951E-04 NAN 1.000E+00 2.142E+01 3.000E+00
NAN NAN NAN 4.062E+00 4.953E-04 NAN 1.000E+00 2.142E+01 3.000E+00
NAN NAN NAN 4.062E+00 4.955E-04 NAN 1.000E+00 2.142E+01 3.000E+00
NAN NAN NAN 4.062E+00 4.960E-04 NAN 1.000E+00 2.142E+01 3.000E+00
NAN NAN NAN 4.062E+00 4.968E-04 NAN 1.000E+00 2.142E+01 3.000E+00
NAN NAN NAN 4.062E+00 4.984E-04 NAN 1.000E+00 2.142E+01 3.000E+00
NAN NAN NAN 4.062E+00 5.012E-04 NAN 1.000E+00 2.142E+01 3.000E+00
NAN NAN NAN 4.062E+00 5.064E-04 NAN 1.000E+00 2.142E+01 3.000E+00
NAN NAN NAN 4.062E+00 5.160E-04 NAN 1.000E+00 2.142E+01 3.000E+00
NAN NAN NAN 4.062E+00 5.335E-04 NAN 1.000E+00 2.142E+01 3.000E+00
NAN NAN NAN 4.062E+00 5.657E-04 NAN 1.000E+00 2.142E+01 3.000E+00
NAN NAN NAN 4.062E+00 6.246E-04 NAN 1.000E+00 2.143E+01 3.000E+00
NAN NAN NAN 4.062E+00 7.325E-04 NAN 1.000E+00 2.144E+01 3.000E+00
NAN NAN NAN 4.062E+00 9.304E-04 NAN 1.000E+00 2.145E+01 3.000E+00
NAN NAN NAN 4.062E+00 1.293E-03 NAN 1.000E+00 2.147E+01 3.000E+00
NAN NAN NAN 4.062E+00 1.958E-03 NAN 1.000E+00 2.152E+01 3.000E+00
NAN NAN NAN 4.062E+00 3.177E-03 NAN 1.000E+00 2.161E+01 3.000E+00
NAN NAN NAN 4.062E+00 5.410E-03 NAN 1.000E+00 2.176E+01 3.000E+00
NAN NAN NAN 5.138E+00 4.950E-04 NAN 1.000E+00 2.679E+01 3.000E+00
NAN NAN NAN 5.138E+00 4.951E-04 NAN 1.000E+00 2.679E+01 3.000E+00
NAN NAN NAN 5.138E+00 4.951E-04 NAN 1.000E+00 2.679E+01 3.000E+00
NAN NAN NAN 5.138E+00 4.953E-04 NAN 1.000E+00 2.679E+01 3.000E+00
NAN NAN NAN 5.138E+00 4.955E-04 NAN 1.000E+00 2.679E+01 3.000E+00
NAN NAN NAN 5.138E+00 4.960E-04 NAN 1.000E+00 2.679E+01 3.000E+00
NAN NAN NAN 5.138E+00 4.968E-04 NAN 1.000E+00 2.679E+01 3.000E+00
NAN NAN NAN 5.138E+00 4.984E-04 NAN 1.000E+00 2.679E+01 3.000E+00
NAN NAN NAN 5.138E+00 5.012E-04 NAN 1.000E+00 2.679E+01 3.000E+00
NAN NAN NAN 5.138E+00 5.064E-04 NAN 1.000E+00 2.679E+01 3.000E+00
NAN NAN NAN 5.138E+00 5.160E-04 NAN 1.000E+00 2.679E+01 3.000E+00
NAN NAN NAN 5.138E+00 5.335E-04 NAN 1.000E+00 2.679E+01 3.000E+00
NAN NAN NAN 5.138E+00 5.657E-04 NAN 1.000E+00 2.679E+01 3.000E+00
NAN NAN NAN 5.138E+00 6.246E-04 NAN 1.000E+00 2.680E+01 3.000E+00
NAN NAN NAN 5.138E+00 7.325E-04 NAN 1.000E+00 2.681E+01 3.000E+00
NAN NAN NAN 5.138E+00 9.304E-04 NAN 1.000E+00 2.682E+01 3.000E+00
NAN NAN NAN 5.138E+00 1.293E-03 NAN 1.000E+00 2.685E+01 3.000E+00
NAN NAN NAN 5.138E+00 1.958E-03 NAN 1.000E+00 2.689E+01 3.000E+00
NAN NAN NAN 5.138E+00 3.177E-03 NAN 1.000E+00 2.698E+01 3.000E+00
NAN NAN NAN 5.138E+00 5.410E-03 NAN 1.000E+00 2.713E+01 3.000E+00
