1.269E+07 7.404E+02 3.956E-01 5.137E-05 2.481E-03 1.420E+03 7.963E-01 1.119E+01 2.000E+00
1.421E+07 7.404E+02 3.956E-01 5.137E-05 2.481E-03 1.420E+03 7.963E-01 1.119E+01 2.000E+00
1.838E+07 7.404E+02 3.956E-01 5.137E-05 2.481E-03 1.420E+03 7.963E-01 1.119E+01 2.000E+00
4.303E+07 7.404E+02 3.956E-01 5.137E-05 2.481E-03 1.420E+03 7.963E-01 1.119E+01 2.000E+00
8.688E+06 3.547E+02 4.925E-01 5.137E-05 2.481E-03 2.085E+03 7.963E-01 1.119E+01 2.000E+00
2.031E+07 6.663E+02 4.103E-01 5.137E-05 2.482E-03 1.471E+03 7.964E-01 1.119E+01 2.000E+00
2.495E+07 8.312E+02 3.794E-01 5.137E-05 2.483E-03 1.377E+03 7.964E-01 1.119E+01 2.000E+00
1.102E+08 6.551E+02 4.127E-01 5.137E-05 2.484E-03 1.480E+03 7.964E-01 1.119E+01 2.000E+00
2.506E+07 7.817E+02 3.880E-01 5.137E-05 2.487E-03 1.398E+03 7.965E-01 1.119E+01 2.000E+00
5.721E+07 3.909E+02 4.811E-01 5.137E-05 2.492E-03 1.936E+03 7.967E-01 1.119E+01 2.000E+00
8.249E+09 6.084E+02 4.230E-01 5.137E-05 2.502E-03 1.523E+03 7.970E-01 1.119E+01 2.000E+00
9.989E+06 6.922E+02 4.050E-01 5.137E-05 2.519E-03 1.452E+03 7.975E-01 1.119E+01 2.000E+00
6.523E+08 7.203E+02 3.995E-01 5.137E-05 2.551E-03 1.434E+03 7.985E-01 1.119E+01 2.000E+00
2.043E+08 9.255E+02 3.645E-01 5.137E-05 2.610E-03 1.347E+03 8.003E-01 1.119E+01 2.000E+00
3.707E+07 6.064E+02 4.237E-01 5.137E-05 2.718E-03 1.527E+03 8.035E-01 1.119E+01 2.000E+00
8.459E+06 2.886E+02 5.158E-01 5.137E-05 2.916E-03 2.518E+03 8.086E-01 1.120E+01 2.000E+00
4.087E+08 7.275E+02 3.989E-01 5.137E-05 3.279E-03 1.442E+03 8.173E-01 1.121E+01 2.000E+00
2.492E+07 7.521E+02 3.949E-01 5.137E-05 3.944E-03 1.443E+03 8.333E-01 1.122E+01 2.000E+00
2.547E+07 4.837E+02 4.591E-01 5.137E-05 5.162E-03 1.702E+03 8.581E-01 1.125E+01 2.000E+00
8.030E+06 3.422E+02 5.110E-01 5.137E-05 7.396E-03 2.036E+03 8.926E-01 1.130E+01 2.000E+00
1.746E+07 7.404E+02 3.956E-01 6.498E-05 2.481E-03 1.420E+03 7.964E-01 1.119E+01 2.000E+00
2.069E+07 7.404E+02 3.956E-01 6.498E-05 2.481E-03 1.421E+03 7.964E-01 1.119E+01 2.000E+00
3.188E+07 7.404E+02 3.956E-01 6.498E-05 2.481E-03 1.420E+03 7.964E-01 1.119E+01 2.000E+00
2.625E+07 6.249E+02 4.192E-01 6.498E-05 2.481E-03 1.507E+03 7.964E-01 1.119E+01 2.000E+00
3.061E+07 3.547E+02 4.925E-01 6.498E-05 2.481E-03 2.085E+03 7.964E-01 1.119E+01 2.000E+00
6.316E+07 6.663E+02 4.103E-01 6.498E-05 2.482E-03 1.471E+03 7.964E-01 1.119E+01 2.000E+00
3.355E+06 2.171E+02 5.372E-01 6.498E-05 2.483E-03 4.272E+03 7.965E-01 1.119E+01 2.000E+00
3.695E+07 7.924E+02 3.861E-01 6.498E-05 2.484E-03 1.395E+03 7.965E-01 1.119E+01 2.000E+00
4.780E+07 7.817E+02 3.880E-01 6.498E-05 2.487E-03 1.398E+03 7.966E-01 1.119E+01 2.000E+00
1.232E+08 3.846E+02 4.830E-01 6.498E-05 2.492E-03 1.959E+03 7.967E-01 1.119E+01 2.000E+00
4.070E+07 4.156E+02 4.736E-01 6.498E-05 2.502E-03 1.857E+03 7.970E-01 1.119E+01 2.000E+00
1.353E+07 6.922E+02 4.050E-01 6.498E-05 2.519E-03 1.452E+03 7.976E-01 1.119E+01 2.000E+00
5.183E+07 5.194E+02 4.447E-01 6.498E-05 2.551E-03 1.651E+03 7.985E-01 1.119E+01 2.000E+00
2.151E+07 9.205E+02 3.653E-01 6.498E-05 2.610E-03 1.347E+03 8.003E-01 1.119E+01 2.000E+00
1.320E+08 6.097E+02 4.230E-01 6.498E-05 2.718E-03 1.524E+03 8.036E-01 1.119E+01 2.000E+00
4.561E+07 2.886E+02 5.158E-01 6.498E-05 2.916E-03 2.518E+03 8.086E-01 1.120E+01 2.000E+00
1.114E+08 3.225E+02 5.055E-01 6.498E-05 3.279E-03 2.236E+03 8.174E-01 1.121E+01 2.000E+00
5.481E+07 7.521E+02 3.949E-01 6.498E-05 3.944E-03 1.443E+03 8.334E-01 1.122E+01 2.000E+00
1.485E+07 4.699E+02 4.631E-01 6.498E-05 5.162E-03 1.727E+03 8.582E-01 1.125E+01 2.000E+00
2.143E+07 3.422E+02 5.110E-01 6.498E-05 7.396E-03 2.036E+03 8.926E-01 1.130E+01 2.000E+00
3.554E+07 7.404E+02 3.956E-01 8.219E-05 2.481E-03 1.420E+03 7.965E-01 1.119E+01 2.000E+00
5.410E+07 7.404E+02 3.956E-01 8.219E-05 2.481E-03 1.421E+03 7.965E-01 1.119E+01 2.000E+00
6.580E+09 7.404E+02 3.956E-01 8.219E-05 2.481E-03 1.421E+03 7.965E-01 1.119E+01 2.000E+00
9.933E+06 3.547E+02 4.925E-01 8.219E-05 2.481E-03 2.085E+03 7.965E-01 1.119E+01 2.000E+00
3.711E+08 6.417E+02 4.156E-01 8.219E-05 2.481E-03 1.492E+03 7.965E-01 1.119E+01 2.000E+00
1.205E+08 6.721E+02 4.091E-01 8.219E-05 2.482E-03 1.508E+03 7.965E-01 1.119E+01 2.000E+00
1.216E+08 8.312E+02 3.794E-01 8.219E-05 2.483E-03 1.375E+03 7.965E-01 1.119E+01 2.000E+00
2.825E+08 7.924E+02 3.861E-01 8.219E-05 2.484E-03 1.392E+03 7.966E-01 1.119E+01 2.000E+00
8.718E+07 9.408E+02 3.622E-01 8.219E-05 2.487E-03 1.341E+03 7.967E-01 1.119E+01 2.000E+00
5.014E+07 8.673E+02 3.735E-01 8.219E-05 2.492E-03 1.361E+03 7.968E-01 1.119E+01 2.000E+00
2.224E+07 6.117E+02 4.222E-01 8.219E-05 2.502E-03 1.520E+03 7.971E-01 1.119E+01 2.000E+00
2.613E+07 6.922E+02 4.050E-01 8.219E-05 2.519E-03 1.452E+03 7.976E-01 1.119E+01 2.000E+00
5.282E+07 3.981E+02 4.790E-01 8.219E-05 2.551E-03 1.911E+03 7.986E-01 1.119E+01 2.000E+00
2.533E+07 9.205E+02 3.653E-01 8.219E-05 2.610E-03 1.347E+03 8.004E-01 1.119E+01 2.000E+00
7.969E+07 5.941E+02 4.266E-01 8.219E-05 2.718E-03 1.540E+03 8.037E-01 1.119E+01 2.000E+00
1.242E+07 3.888E+02 4.828E-01 8.219E-05 2.916E-03 1.939E+03 8.087E-01 1.120E+01 2.000E+00
7.309E+07 7.900E+02 3.873E-01 8.219E-05 3.279E-03 1.410E+03 8.174E-01 1.121E+01 2.000E+00
1.084E+08 7.610E+02 3.933E-01 8.219E-05 3.944E-03 1.439E+03 8.334E-01 1.122E+01 2.000E+00
1.457E+07 4.599E+02 4.661E-01 8.219E-05 5.162E-03 1.743E+03 8.582E-01 1.125E+01 2.000E+00
1.181E+07 2.721E+02 5.388E-01 8.219E-05 7.396E-03 2.413E+03 8.927E-01 1.130E+01 2.000E+00
7.165E+06 3.547E+02 4.925E-01 1.040E-04 2.481E-03 2.085E+03 7.966E-01 1.119E+01 2.000E+00
8.836E+06 3.547E+02 4.925E-01 1.040E-04 2.481E-03 2.085E+03 7.966E-01 1.119E+01 2.000E+00
1.593E+07 3.547E+02 4.925E-01 1.040E-04 2.481E-03 2.085E+03 7.966E-01 1.119E+01 2.000E+00
1.188E+08 6.322E+02 4.176E-01 1.040E-04 2.481E-03 1.500E+03 7.966E-01 1.119E+01 2.000E+00
1.499E+07 6.663E+02 4.103E-01 1.040E-04 2.481E-03 1.471E+03 7.966E-01 1.119E+01 2.000E+00
8.182E+07 6.674E+02 4.101E-01 1.040E-04 2.482E-03 1.470E+03 7.966E-01 1.119E+01 2.000E+00
7.535E+07 8.419E+02 3.776E-01 1.040E-04 2.483E-03 1.371E+03 7.966E-01 1.119E+01 2.000E+00
6.241E+07 3.606E+02 4.906E-01 1.040E-04 2.484E-03 2.058E+03 7.967E-01 1.119E+01 2.000E+00
2.447E+08 9.408E+02 3.622E-01 1.040E-04 2.487E-03 1.339E+03 7.968E-01 1.119E+01 2.000E+00
1.400E+07 7.108E+02 4.013E-01 1.040E-04 2.492E-03 1.439E+03 7.969E-01 1.119E+01 2.000E+00
1.357E+07 5.250E+02 4.431E-01 1.040E-04 2.502E-03 1.627E+03 7.972E-01 1.119E+01 2.000E+00
1.775E+08 6.942E+02 4.046E-01 1.040E-04 2.519E-03 1.451E+03 7.977E-01 1.119E+01 2.000E+00
2.591E+08 6.915E+02 4.052E-01 1.040E-04 2.551E-03 1.453E+03 7.987E-01 1.119E+01 2.000E+00
3.296E+07 9.205E+02 3.653E-01 1.040E-04 2.610E-03 1.348E+03 8.005E-01 1.119E+01 2.000E+00
1.118E+07 6.452E+02 4.151E-01 1.040E-04 2.718E-03 1.491E+03 8.038E-01 1.119E+01 2.000E+00
2.523E+06 2.388E+02 5.326E-01 1.040E-04 2.916E-03 3.307E+03 8.088E-01 1.120E+01 2.000E+00
4.471E+07 6.961E+02 4.052E-01 1.040E-04 3.279E-03 1.461E+03 8.175E-01 1.121E+01 2.000E+00
5.520E+07 7.626E+02 3.930E-01 1.040E-04 3.944E-03 1.440E+03 8.335E-01 1.122E+01 2.000E+00
5.309E+06 3.048E+02 5.179E-01 1.040E-04 5.162E-03 2.280E+03 8.583E-01 1.125E+01 2.000E+00
8.843E+06 2.413E+02 5.516E-01 1.040E-04 7.396E-03 2.708E+03 8.927E-01 1.130E+01 2.000E+00
4.279E+07 6.322E+02 4.176E-01 1.315E-04 2.481E-03 1.501E+03 7.967E-01 1.119E+01 2.000E+00
1.257E+08 6.322E+02 4.176E-01 1.315E-04 2.481E-03 1.500E+03 7.967E-01 1.119E+01 2.000E+00
1.771E+08 6.417E+02 4.156E-01 1.315E-04 2.481E-03 1.492E+03 7.967E-01 1.119E+01 2.000E+00
6.440E+08 5.251E+02 4.431E-01 1.315E-04 2.481E-03 1.628E+03 7.967E-01 1.119E+01 2.000E+00
2.856E+07 6.721E+02 4.091E-01 1.315E-04 2.481E-03 1.467E+03 7.967E-01 1.119E+01 2.000E+00
1.888E+07 6.641E+02 4.108E-01 1.315E-04 2.482E-03 1.474E+03 7.967E-01 1.119E+01 2.000E+00
1.047E+07 8.584E+02 3.749E-01 1.315E-04 2.483E-03 1.364E+03 7.968E-01 1.119E+01 2.000E+00
1.206E+08 8.367E+02 3.785E-01 1.315E-04 2.484E-03 1.373E+03 7.968E-01 1.119E+01 2.000E+00
1.106E+09 9.365E+02 3.628E-01 1.315E-04 2.487E-03 1.340E+03 7.969E-01 1.119E+01 2.000E+00
5.642E+07 7.108E+02 4.013E-01 1.315E-04 2.492E-03 1.439E+03 7.970E-01 1.119E+01 2.000E+00
1.283E+07 9.153E+02 3.660E-01 1.315E-04 2.502E-03 1.347E+03 7.973E-01 1.119E+01 2.000E+00
1.042E+07 3.388E+02 4.978E-01 1.315E-04 2.519E-03 2.166E+03 7.978E-01 1.119E+01 2.000E+00
8.029E+06 5.347E+02 4.407E-01 1.315E-04 2.551E-03 1.613E+03 7.988E-01 1.119E+01 2.000E+00
5.464E+07 9.205E+02 3.653E-01 1.315E-04 2.610E-03 1.350E+03 8.006E-01 1.119E+01 2.000E+00
5.168E+07 6.452E+02 4.151E-01 1.315E-04 2.718E-03 1.492E+03 8.039E-01 1.119E+01 2.000E+00
5.243E+07 2.159E+02 5.397E-01 1.315E-04 2.916E-03 4.152E+03 8.089E-01 1.120E+01 2.000E+00
7.146E+08 5.661E+02 4.341E-01 1.315E-04 3.279E-03 1.578E+03 8.176E-01 1.121E+01 2.000E+00
5.504E+06 3.556E+02 4.963E-01 1.315E-04 3.944E-03 2.048E+03 8.336E-01 1.122E+01 2.000E+00
7.407E+07 3.048E+02 5.180E-01 1.315E-04 5.162E-03 2.280E+03 8.584E-01 1.125E+01 2.000E+00
1.965E+07 3.855E+02 4.952E-01 1.315E-04 7.396E-03 1.900E+03 8.928E-01 1.130E+01 2.000E+00
1.345E+07 6.663E+02 4.103E-01 1.663E-04 2.481E-03 1.473E+03 7.968E-01 1.119E+01 2.000E+00
1.605E+07 6.663E+02 4.103E-01 1.663E-04 2.481E-03 1.471E+03 7.968E-01 1.119E+01 2.000E+00
2.547E+07 6.663E+02 4.103E-01 1.663E-04 2.481E-03 1.471E+03 7.968E-01 1.119E+01 2.000E+00
5.586E+06 2.702E+02 5.204E-01 1.663E-04 2.481E-03 2.768E+03 7.968E-01 1.119E+01 2.000E+00
1.548E+08 6.674E+02 4.101E-01 1.663E-04 2.481E-03 1.470E+03 7.968E-01 1.119E+01 2.000E+00
2.533E+07 8.312E+02 3.794E-01 1.663E-04 2.482E-03 1.375E+03 7.969E-01 1.119E+01 2.000E+00
5.671E+07 8.049E+02 3.839E-01 1.663E-04 2.483E-03 1.387E+03 7.969E-01 1.119E+01 2.000E+00
4.565E+07 7.413E+02 3.954E-01 1.663E-04 2.484E-03 1.420E+03 7.969E-01 1.119E+01 2.000E+00
1.756E+07 4.105E+02 4.751E-01 1.663E-04 2.487E-03 1.876E+03 7.970E-01 1.119E+01 2.000E+00
3.694E+07 2.268E+02 5.343E-01 1.663E-04 2.492E-03 3.783E+03 7.972E-01 1.119E+01 2.000E+00
8.683E+07 7.762E+02 3.890E-01 1.663E-04 2.502E-03 1.401E+03 7.975E-01 1.119E+01 2.000E+00
7.587E+06 3.312E+02 5.002E-01 1.663E-04 2.519E-03 2.254E+03 7.980E-01 1.119E+01 2.000E+00
1.185E+07 5.322E+02 4.414E-01 1.663E-04 2.551E-03 1.617E+03 7.990E-01 1.119E+01 2.000E+00
4.380E+08 9.205E+02 3.653E-01 1.663E-04 2.610E-03 1.349E+03 8.008E-01 1.119E+01 2.000E+00
8.767E+07 6.579E+02 4.124E-01 1.663E-04 2.718E-03 1.481E+03 8.040E-01 1.119E+01 2.000E+00
4.650E+07 3.875E+02 4.832E-01 1.663E-04 2.916E-03 1.942E+03 8.090E-01 1.120E+01 2.000E+00
3.301E+07 5.673E+02 4.338E-01 1.663E-04 3.279E-03 1.577E+03 8.178E-01 1.121E+01 2.000E+00
1.534E+08 3.572E+02 4.958E-01 1.663E-04 3.944E-03 2.042E+03 8.338E-01 1.122E+01 2.000E+00
6.456E+06 6.032E+02 4.280E-01 1.663E-04 5.162E-03 1.561E+03 8.586E-01 1.125E+01 2.000E+00
8.339E+06 5.222E+02 4.523E-01 1.663E-04 7.396E-03 1.667E+03 8.929E-01 1.130E+01 2.000E+00
3.438E+08 6.721E+02 4.091E-01 2.104E-04 2.481E-03 1.467E+03 7.970E-01 1.119E+01 2.000E+00
5.354E+07 6.600E+02 4.116E-01 2.104E-04 2.481E-03 1.476E+03 7.970E-01 1.119E+01 2.000E+00
4.287E+07 6.674E+02 4.101E-01 2.104E-04 2.481E-03 1.472E+03 7.970E-01 1.119E+01 2.000E+00
1.178E+07 6.641E+02 4.108E-01 2.104E-04 2.481E-03 1.473E+03 7.970E-01 1.119E+01 2.000E+00
1.656E+08 6.641E+02 4.108E-01 2.104E-04 2.481E-03 1.473E+03 7.970E-01 1.119E+01 2.000E+00
4.710E+07 8.419E+02 3.776E-01 2.104E-04 2.482E-03 1.371E+03 7.971E-01 1.119E+01 2.000E+00
1.557E+07 8.006E+02 3.846E-01 2.104E-04 2.483E-03 1.389E+03 7.971E-01 1.119E+01 2.000E+00
5.231E+09 7.286E+02 3.978E-01 2.104E-04 2.484E-03 1.428E+03 7.971E-01 1.119E+01 2.000E+00
2.537E+07 9.703E+02 3.579E-01 2.104E-04 2.487E-03 1.331E+03 7.972E-01 1.119E+01 2.000E+00
1.973E+07 4.220E+02 4.716E-01 2.104E-04 2.492E-03 1.839E+03 7.974E-01 1.119E+01 2.000E+00
1.974E+07 7.794E+02 3.884E-01 2.104E-04 2.502E-03 1.400E+03 7.977E-01 1.119E+01 2.000E+00
3.052E+07 5.730E+02 4.313E-01 2.104E-04 2.519E-03 1.564E+03 7.982E-01 1.119E+01 2.000E+00
1.702E+07 4.028E+02 4.775E-01 2.104E-04 2.551E-03 1.897E+03 7.992E-01 1.119E+01 2.000E+00
7.446E+06 6.225E+02 4.199E-01 2.104E-04 2.610E-03 1.531E+03 8.009E-01 1.119E+01 2.000E+00
2.348E+07 3.715E+02 4.877E-01 2.104E-04 2.718E-03 2.006E+03 8.042E-01 1.119E+01 2.000E+00
6.366E+07 5.456E+02 4.386E-01 2.104E-04 2.916E-03 1.600E+03 8.092E-01 1.120E+01 2.000E+00
4.566E+07 5.439E+02 4.396E-01 2.104E-04 3.279E-03 1.604E+03 8.180E-01 1.121E+01 2.000E+00
4.859E+06 3.134E+02 5.108E-01 2.104E-04 3.944E-03 2.271E+03 8.339E-01 1.122E+01 2.000E+00
2.730E+07 6.032E+02 4.280E-01 2.104E-04 5.162E-03 1.561E+03 8.587E-01 1.125E+01 2.000E+00
3.024E+07 5.299E+02 4.502E-01 2.104E-04 7.396E-03 1.660E+03 8.931E-01 1.130E+01 2.000E+00
3.166E+07 6.641E+02 4.108E-01 2.661E-04 2.481E-03 1.473E+03 7.973E-01 1.119E+01 2.000E+00
5.504E+07 6.641E+02 4.108E-01 2.661E-04 2.481E-03 1.473E+03 7.973E-01 1.119E+01 2.000E+00
1.848E+07 8.312E+02 3.794E-01 2.661E-04 2.481E-03 1.376E+03 7.973E-01 1.119E+01 2.000E+00
2.767E+07 8.312E+02 3.794E-01 2.661E-04 2.481E-03 1.375E+03 7.973E-01 1.119E+01 2.000E+00
3.183E+09 8.312E+02 3.794E-01 2.661E-04 2.481E-03 1.375E+03 7.973E-01 1.119E+01 2.000E+00
7.950E+06 3.141E+02 5.058E-01 2.661E-04 2.482E-03 2.326E+03 7.973E-01 1.119E+01 2.000E+00
2.774E+07 7.924E+02 3.861E-01 2.661E-04 2.483E-03 1.454E+03 7.973E-01 1.119E+01 2.000E+00
2.045E+07 3.488E+02 4.944E-01 2.661E-04 2.484E-03 2.114E+03 7.974E-01 1.119E+01 2.000E+00
4.756E+07 6.462E+02 4.146E-01 2.661E-04 2.487E-03 1.488E+03 7.975E-01 1.119E+01 2.000E+00
1.202E+07 8.847E+02 3.707E-01 2.661E-04 2.492E-03 1.356E+03 7.976E-01 1.119E+01 2.000E+00
1.127E+08 3.255E+02 5.021E-01 2.661E-04 2.502E-03 2.247E+03 7.979E-01 1.119E+01 2.000E+00
1.125E+07 3.841E+02 4.832E-01 2.661E-04 2.519E-03 1.962E+03 7.984E-01 1.119E+01 2.000E+00
4.833E+07 6.813E+02 4.073E-01 2.661E-04 2.551E-03 1.461E+03 7.994E-01 1.119E+01 2.000E+00
2.117E+07 6.112E+02 4.225E-01 2.661E-04 2.610E-03 1.522E+03 8.012E-01 1.119E+01 2.000E+00
1.273E+07 8.618E+02 3.746E-01 2.661E-04 2.718E-03 1.370E+03 8.045E-01 1.119E+01 2.000E+00
2.224E+07 5.533E+02 4.367E-01 2.661E-04 2.916E-03 1.590E+03 8.094E-01 1.120E+01 2.000E+00
1.268E+07 6.082E+02 4.241E-01 2.661E-04 3.279E-03 1.533E+03 8.182E-01 1.121E+01 2.000E+00
1.888E+07 7.044E+02 4.043E-01 2.661E-04 3.944E-03 1.469E+03 8.342E-01 1.122E+01 2.000E+00
7.456E+07 6.001E+02 4.287E-01 2.661E-04 5.162E-03 1.564E+03 8.589E-01 1.125E+01 2.000E+00
2.451E+07 6.450E+02 4.213E-01 2.661E-04 7.396E-03 1.584E+03 8.932E-01 1.130E+01 2.000E+00
3.888E+07 8.419E+02 3.776E-01 3.366E-04 2.481E-03 1.371E+03 7.976E-01 1.119E+01 2.000E+00
4.901E+07 8.419E+02 3.776E-01 3.366E-04 2.481E-03 1.371E+03 7.976E-01 1.119E+01 2.000E+00
9.589E+07 8.419E+02 3.776E-01 3.366E-04 2.481E-03 1.371E+03 7.976E-01 1.119E+01 2.000E+00
1.910E+08 3.174E+02 5.047E-01 3.366E-04 2.481E-03 2.302E+03 7.976E-01 1.119E+01 2.000E+00
4.070E+07 8.049E+02 3.839E-01 3.366E-04 2.481E-03 1.388E+03 7.976E-01 1.119E+01 2.000E+00
6.174E+07 6.696E+02 4.096E-01 3.366E-04 2.482E-03 1.470E+03 7.976E-01 1.119E+01 2.000E+00
1.059E+09 8.538E+02 3.757E-01 3.366E-04 2.483E-03 1.367E+03 7.976E-01 1.119E+01 2.000E+00
2.084E+07 7.416E+02 3.953E-01 3.366E-04 2.484E-03 1.431E+03 7.977E-01 1.119E+01 2.000E+00
4.912E+07 9.703E+02 3.579E-01 3.366E-04 2.487E-03 1.332E+03 7.978E-01 1.119E+01 2.000E+00
5.043E+07 7.012E+02 4.032E-01 3.366E-04 2.492E-03 1.448E+03 7.979E-01 1.119E+01 2.000E+00
5.884E+07 6.287E+02 4.184E-01 3.366E-04 2.502E-03 1.504E+03 7.982E-01 1.119E+01 2.000E+00
1.087E+07 2.403E+02 5.303E-01 3.366E-04 2.519E-03 3.332E+03 7.987E-01 1.119E+01 2.000E+00
2.161E+07 3.253E+02 5.023E-01 3.366E-04 2.551E-03 2.246E+03 7.997E-01 1.119E+01 2.000E+00
2.078E+07 6.904E+02 4.055E-01 3.366E-04 2.610E-03 1.456E+03 8.015E-01 1.119E+01 2.000E+00
3.746E+07 8.618E+02 3.746E-01 3.366E-04 2.718E-03 1.369E+03 8.048E-01 1.119E+01 2.000E+00
2.536E+07 6.714E+02 4.098E-01 3.366E-04 2.916E-03 1.475E+03 8.097E-01 1.120E+01 2.000E+00
1.581E+07 3.995E+02 4.803E-01 3.366E-04 3.279E-03 1.898E+03 8.185E-01 1.121E+01 2.000E+00
3.139E+07 6.886E+02 4.075E-01 3.366E-04 3.944E-03 1.479E+03 8.345E-01 1.122E+01 2.000E+00
1.919E+07 5.510E+02 4.409E-01 3.366E-04 5.162E-03 1.612E+03 8.592E-01 1.125E+01 2.000E+00
8.503E+06 5.306E+02 4.500E-01 3.366E-04 7.396E-03 1.661E+03 8.935E-01 1.130E+01 2.000E+00
4.311E+07 7.872E+02 3.870E-01 4.257E-04 2.481E-03 1.396E+03 7.980E-01 1.119E+01 2.000E+00
6.426E+07 7.872E+02 3.870E-01 4.257E-04 2.481E-03 1.396E+03 7.980E-01 1.119E+01 2.000E+00
8.836E+08 7.872E+02 3.870E-01 4.257E-04 2.481E-03 1.396E+03 7.980E-01 1.119E+01 2.000E+00
1.967E+08 6.489E+02 4.140E-01 4.257E-04 2.481E-03 1.486E+03 7.980E-01 1.119E+01 2.000E+00
1.254E+10 6.551E+02 4.127E-01 4.257E-04 2.481E-03 1.481E+03 7.980E-01 1.119E+01 2.000E+00
4.140E+07 8.538E+02 3.757E-01 4.257E-04 2.482E-03 1.367E+03 7.980E-01 1.119E+01 2.000E+00
8.844E+07 7.301E+02 3.975E-01 4.257E-04 2.483E-03 1.427E+03 7.980E-01 1.119E+01 2.000E+00
2.081E+07 7.817E+02 3.880E-01 4.257E-04 2.484E-03 1.400E+03 7.981E-01 1.119E+01 2.000E+00
1.679E+08 9.703E+02 3.579E-01 4.257E-04 2.487E-03 1.332E+03 7.981E-01 1.119E+01 2.000E+00
1.227E+08 8.980E+02 3.686E-01 4.257E-04 2.492E-03 1.352E+03 7.983E-01 1.119E+01 2.000E+00
1.045E+07 3.026E+02 5.097E-01 4.257E-04 2.502E-03 2.416E+03 7.986E-01 1.119E+01 2.000E+00
4.776E+08 8.516E+02 3.760E-01 4.257E-04 2.519E-03 1.369E+03 7.991E-01 1.119E+01 2.000E+00
2.466E+08 2.492E+02 5.276E-01 4.257E-04 2.551E-03 3.117E+03 8.001E-01 1.119E+01 2.000E+00
7.286E+07 5.704E+02 4.320E-01 4.257E-04 2.610E-03 1.602E+03 8.019E-01 1.119E+01 2.000E+00
1.161E+08 9.759E+02 3.573E-01 4.257E-04 2.718E-03 1.338E+03 8.051E-01 1.119E+01 2.000E+00
3.710E+09 5.230E+02 4.444E-01 4.257E-04 2.916E-03 1.637E+03 8.101E-01 1.120E+01 2.000E+00
1.152E+07 5.575E+02 4.362E-01 4.257E-04 3.279E-03 1.588E+03 8.188E-01 1.121E+01 2.000E+00
2.797E+07 3.604E+02 4.947E-01 4.257E-04 3.944E-03 2.029E+03 8.348E-01 1.122E+01 2.000E+00
2.816E+07 8.833E+02 3.732E-01 4.257E-04 5.162E-03 1.450E+03 8.595E-01 1.125E+01 2.000E+00
1.688E+07 7.755E+02 3.941E-01 4.257E-04 7.396E-03 1.572E+03 8.937E-01 1.130E+01 2.000E+00
2.513E+07 8.538E+02 3.757E-01 5.385E-04 2.481E-03 1.367E+03 7.985E-01 1.119E+01 2.000E+00
2.844E+07 8.538E+02 3.757E-01 5.385E-04 2.481E-03 1.367E+03 7.985E-01 1.119E+01 2.000E+00
3.775E+07 8.538E+02 3.757E-01 5.385E-04 2.481E-03 1.367E+03 7.985E-01 1.119E+01 2.000E+00
1.008E+08 8.538E+02 3.757E-01 5.385E-04 2.481E-03 1.367E+03 7.985E-01 1.119E+01 2.000E+00
2.917E+07 7.413E+02 3.954E-01 5.385E-04 2.481E-03 1.438E+03 7.985E-01 1.119E+01 2.000E+00
3.421E+07 3.488E+02 4.944E-01 5.385E-04 2.482E-03 2.115E+03 7.985E-01 1.119E+01 2.000E+00
1.841E+07 7.416E+02 3.953E-01 5.385E-04 2.483E-03 1.421E+03 7.985E-01 1.119E+01 2.000E+00
2.056E+07 9.703E+02 3.579E-01 5.385E-04 2.484E-03 1.332E+03 7.985E-01 1.119E+01 2.000E+00
1.940E+07 4.349E+02 4.678E-01 5.385E-04 2.487E-03 1.805E+03 7.986E-01 1.119E+01 2.000E+00
2.162E+07 8.223E+02 3.809E-01 5.385E-04 2.492E-03 1.380E+03 7.988E-01 1.119E+01 2.000E+00
3.507E+07 2.997E+02 5.107E-01 5.385E-04 2.502E-03 2.441E+03 7.991E-01 1.119E+01 2.000E+00
7.733E+06 5.950E+02 4.261E-01 5.385E-04 2.519E-03 1.538E+03 7.996E-01 1.119E+01 2.000E+00
1.264E+09 5.628E+02 4.338E-01 5.385E-04 2.551E-03 1.845E+03 8.006E-01 1.119E+01 2.000E+00
1.135E+07 3.136E+02 5.064E-01 5.385E-04 2.610E-03 2.327E+03 8.024E-01 1.119E+01 2.000E+00
2.901E+07 4.739E+02 4.572E-01 5.385E-04 2.718E-03 1.717E+03 8.056E-01 1.119E+01 2.000E+00
4.000E+07 9.563E+02 3.603E-01 5.385E-04 2.916E-03 1.350E+03 8.105E-01 1.120E+01 2.000E+00
3.517E+07 9.412E+02 3.627E-01 5.385E-04 3.279E-03 1.367E+03 8.193E-01 1.121E+01 2.000E+00
2.533E+07 7.408E+02 3.971E-01 5.385E-04 3.944E-03 1.450E+03 8.353E-01 1.122E+01 2.000E+00
7.097E+07 5.054E+02 4.531E-01 5.385E-04 5.162E-03 1.670E+03 8.599E-01 1.125E+01 2.000E+00
1.308E+07 3.914E+02 4.932E-01 5.385E-04 7.396E-03 1.886E+03 8.941E-01 1.130E+01 2.000E+00
7.820E+07 7.304E+02 3.975E-01 6.811E-04 2.481E-03 1.429E+03 7.991E-01 1.119E+01 2.000E+00
4.424E+08 7.304E+02 3.975E-01 6.811E-04 2.481E-03 1.428E+03 7.991E-01 1.119E+01 2.000E+00
9.883E+06 3.969E+02 4.792E-01 6.811E-04 2.481E-03 1.917E+03 7.991E-01 1.119E+01 2.000E+00
1.065E+08 3.969E+02 4.792E-01 6.811E-04 2.481E-03 1.917E+03 7.991E-01 1.119E+01 2.000E+00
9.881E+06 7.416E+02 3.953E-01 6.811E-04 2.481E-03 1.421E+03 7.991E-01 1.119E+01 2.000E+00
7.874E+08 7.416E+02 3.953E-01 6.811E-04 2.482E-03 1.421E+03 7.991E-01 1.119E+01 2.000E+00
2.119E+07 4.031E+02 4.773E-01 6.811E-04 2.483E-03 1.897E+03 7.991E-01 1.119E+01 2.000E+00
3.593E+07 9.703E+02 3.579E-01 6.811E-04 2.484E-03 1.333E+03 7.992E-01 1.119E+01 2.000E+00
5.879E+07 9.463E+02 3.614E-01 6.811E-04 2.487E-03 1.340E+03 7.993E-01 1.119E+01 2.000E+00
6.363E+07 4.500E+02 4.634E-01 6.811E-04 2.492E-03 1.768E+03 7.994E-01 1.119E+01 2.000E+00
2.302E+08 9.172E+02 3.657E-01 6.811E-04 2.502E-03 1.347E+03 7.997E-01 1.119E+01 2.000E+00
7.688E+07 8.418E+02 3.777E-01 6.811E-04 2.519E-03 1.373E+03 8.002E-01 1.119E+01 2.000E+00
1.066E+08 3.485E+02 4.947E-01 6.811E-04 2.551E-03 2.115E+03 8.012E-01 1.119E+01 2.000E+00
2.019E+07 7.842E+02 3.877E-01 6.811E-04 2.610E-03 1.400E+03 8.030E-01 1.119E+01 2.000E+00
6.750E+06 8.529E+02 3.760E-01 6.811E-04 2.718E-03 1.374E+03 8.062E-01 1.119E+01 2.000E+00
1.848E+07 7.204E+02 3.999E-01 6.811E-04 2.916E-03 1.441E+03 8.111E-01 1.120E+01 2.000E+00
2.477E+07 7.792E+02 3.892E-01 6.811E-04 3.279E-03 1.418E+03 8.198E-01 1.121E+01 2.000E+00
3.487E+07 5.200E+02 4.469E-01 6.811E-04 3.944E-03 1.643E+03 8.358E-01 1.122E+01 2.000E+00
9.807E+06 8.663E+02 3.760E-01 6.811E-04 5.162E-03 1.453E+03 8.604E-01 1.125E+01 2.000E+00
1.549E+07 7.886E+02 3.917E-01 6.811E-04 7.396E-03 1.578E+03 8.945E-01 1.130E+01 2.000E+00
1.501E+07 7.817E+02 3.880E-01 8.615E-04 2.481E-03 1.400E+03 7.999E-01 1.119E+01 2.000E+00
1.676E+07 7.817E+02 3.880E-01 8.615E-04 2.481E-03 1.400E+03 7.999E-01 1.119E+01 2.000E+00
2.148E+07 7.817E+02 3.880E-01 8.615E-04 2.481E-03 1.400E+03 7.999E-01 1.119E+01 2.000E+00
4.726E+07 7.817E+02 3.880E-01 8.615E-04 2.481E-03 1.400E+03 7.999E-01 1.119E+01 2.000E+00
7.562E+07 9.408E+02 3.622E-01 8.615E-04 2.481E-03 1.341E+03 7.999E-01 1.119E+01 2.000E+00
2.012E+07 9.703E+02 3.579E-01 8.615E-04 2.482E-03 1.333E+03 7.999E-01 1.119E+01 2.000E+00
3.037E+07 9.703E+02 3.579E-01 8.615E-04 2.483E-03 1.333E+03 7.999E-01 1.119E+01 2.000E+00
1.375E+07 9.463E+02 3.614E-01 8.615E-04 2.484E-03 1.346E+03 7.999E-01 1.119E+01 2.000E+00
3.432E+07 8.559E+02 3.753E-01 8.615E-04 2.487E-03 1.368E+03 8.000E-01 1.119E+01 2.000E+00
2.084E+07 7.205E+02 3.994E-01 8.615E-04 2.492E-03 1.435E+03 8.002E-01 1.119E+01 2.000E+00
5.868E+08 6.784E+02 4.078E-01 8.615E-04 2.502E-03 1.464E+03 8.005E-01 1.119E+01 2.000E+00
1.878E+07 4.680E+02 4.584E-01 8.615E-04 2.519E-03 1.729E+03 8.010E-01 1.119E+01 2.000E+00
7.959E+06 6.117E+02 4.223E-01 8.615E-04 2.551E-03 1.560E+03 8.020E-01 1.119E+01 2.000E+00
9.290E+06 5.098E+02 4.473E-01 8.615E-04 2.610E-03 1.653E+03 8.038E-01 1.119E+01 2.000E+00
4.941E+07 8.323E+02 3.794E-01 8.615E-04 2.718E-03 1.382E+03 8.070E-01 1.119E+01 2.000E+00
2.401E+07 9.567E+02 3.602E-01 8.615E-04 2.916E-03 1.351E+03 8.118E-01 1.120E+01 2.000E+00
3.385E+09 9.325E+02 3.640E-01 8.615E-04 3.279E-03 1.369E+03 8.206E-01 1.121E+01 2.000E+00
1.389E+07 2.362E+02 5.380E-01 8.615E-04 3.944E-03 3.181E+03 8.366E-01 1.122E+01 2.000E+00
1.571E+07 2.505E+02 5.382E-01 8.615E-04 5.162E-03 2.785E+03 8.611E-01 1.125E+01 2.000E+00
1.789E+07 6.447E+02 4.214E-01 8.615E-04 7.396E-03 1.591E+03 8.951E-01 1.130E+01 2.000E+00
2.758E+07 9.703E+02 3.579E-01 1.090E-03 2.481E-03 1.334E+03 8.008E-01 1.119E+01 2.000E+00
2.823E+07 9.703E+02 3.579E-01 1.090E-03 2.481E-03 1.335E+03 8.008E-01 1.119E+01 2.000E+00
2.951E+07 9.703E+02 3.579E-01 1.090E-03 2.481E-03 1.334E+03 8.008E-01 1.119E+01 2.000E+00
3.220E+07 9.703E+02 3.579E-01 1.090E-03 2.481E-03 1.334E+03 8.008E-01 1.119E+01 2.000E+00
3.881E+07 9.703E+02 3.579E-01 1.090E-03 2.481E-03 1.401E+03 8.008E-01 1.119E+01 2.000E+00
6.342E+07 9.703E+02 3.579E-01 1.090E-03 2.482E-03 1.334E+03 8.009E-01 1.119E+01 2.000E+00
1.420E+07 2.268E+02 5.343E-01 1.090E-03 2.483E-03 3.785E+03 8.009E-01 1.119E+01 2.000E+00
8.388E+07 9.463E+02 3.614E-01 1.090E-03 2.484E-03 1.340E+03 8.009E-01 1.119E+01 2.000E+00
1.028E+08 5.400E+02 4.393E-01 1.090E-03 2.487E-03 1.607E+03 8.010E-01 1.119E+01 2.000E+00
2.197E+08 8.698E+02 3.731E-01 1.090E-03 2.492E-03 1.364E+03 8.012E-01 1.119E+01 2.000E+00
2.190E+07 5.196E+02 4.445E-01 1.090E-03 2.502E-03 1.637E+03 8.015E-01 1.119E+01 2.000E+00
1.156E+07 3.254E+02 5.022E-01 1.090E-03 2.519E-03 2.248E+03 8.020E-01 1.119E+01 2.000E+00
2.744E+07 8.480E+02 3.767E-01 1.090E-03 2.551E-03 1.373E+03 8.030E-01 1.119E+01 2.000E+00
4.515E+07 5.625E+02 4.339E-01 1.090E-03 2.610E-03 1.578E+03 8.047E-01 1.119E+01 2.000E+00
6.777E+07 6.908E+02 4.056E-01 1.090E-03 2.718E-03 1.458E+03 8.080E-01 1.119E+01 2.000E+00
5.639E+07 8.902E+02 3.702E-01 1.090E-03 2.916E-03 1.368E+03 8.127E-01 1.120E+01 2.000E+00
1.210E+08 8.463E+02 3.776E-01 1.090E-03 3.279E-03 1.392E+03 8.215E-01 1.121E+01 2.000E+00
1.260E+07 7.814E+02 3.895E-01 1.090E-03 3.944E-03 1.434E+03 8.375E-01 1.122E+01 2.000E+00
9.186E+06 4.294E+02 4.754E-01 1.090E-03 5.162E-03 1.808E+03 8.619E-01 1.125E+01 2.000E+00
5.207E+07 8.495E+02 3.808E-01 1.090E-03 7.396E-03 1.610E+03 8.958E-01 1.130E+01 2.000E+00
1.649E+08 3.883E+02 4.818E-01 1.378E-03 2.481E-03 1.956E+03 8.021E-01 1.119E+01 2.000E+00
1.715E+07 9.463E+02 3.614E-01 1.378E-03 2.481E-03 1.341E+03 8.021E-01 1.119E+01 2.000E+00
1.795E+07 9.463E+02 3.614E-01 1.378E-03 2.481E-03 1.341E+03 8.021E-01 1.119E+01 2.000E+00
1.966E+07 9.463E+02 3.614E-01 1.378E-03 2.481E-03 1.341E+03 8.021E-01 1.119E+01 2.000E+00
2.395E+07 9.463E+02 3.614E-01 1.378E-03 2.481E-03 1.344E+03 8.021E-01 1.119E+01 2.000E+00
4.145E+07 9.463E+02 3.614E-01 1.378E-03 2.482E-03 1.341E+03 8.021E-01 1.119E+01 2.000E+00
1.854E+07 7.108E+02 4.013E-01 1.378E-03 2.483E-03 1.442E+03 8.021E-01 1.119E+01 2.000E+00
6.100E+07 7.070E+02 4.020E-01 1.378E-03 2.484E-03 1.446E+03 8.022E-01 1.119E+01 2.000E+00
2.684E+07 8.346E+02 3.788E-01 1.378E-03 2.487E-03 1.377E+03 8.023E-01 1.119E+01 2.000E+00
1.448E+08 9.006E+02 3.682E-01 1.378E-03 2.492E-03 1.355E+03 8.024E-01 1.119E+01 2.000E+00
2.734E+07 5.031E+02 4.489E-01 1.378E-03 2.502E-03 1.664E+03 8.027E-01 1.119E+01 2.000E+00
2.090E+07 6.672E+02 4.102E-01 1.378E-03 2.519E-03 1.474E+03 8.032E-01 1.119E+01 2.000E+00
7.270E+06 2.449E+02 5.290E-01 1.378E-03 2.551E-03 3.211E+03 8.042E-01 1.119E+01 2.000E+00
7.115E+06 4.813E+02 4.549E-01 1.378E-03 2.610E-03 1.704E+03 8.060E-01 1.119E+01 2.000E+00
8.305E+06 6.277E+02 4.189E-01 1.378E-03 2.718E-03 1.581E+03 8.091E-01 1.119E+01 2.000E+00
1.315E+07 7.062E+02 4.027E-01 1.378E-03 2.916E-03 1.452E+03 8.139E-01 1.120E+01 2.000E+00
6.622E+07 8.347E+02 3.795E-01 1.378E-03 3.279E-03 1.446E+03 8.226E-01 1.121E+01 2.000E+00
1.184E+07 3.476E+02 4.990E-01 1.378E-03 3.944E-03 2.086E+03 8.386E-01 1.122E+01 2.000E+00
7.227E+07 7.005E+02 4.065E-01 1.378E-03 5.162E-03 1.503E+03 8.629E-01 1.125E+01 2.000E+00
5.053E+07 4.536E+02 4.726E-01 1.378E-03 7.396E-03 1.763E+03 8.967E-01 1.130E+01 2.000E+00
1.905E+08 8.598E+02 3.747E-01 1.743E-03 2.481E-03 1.369E+03 8.037E-01 1.119E+01 2.000E+00
3.215E+09 8.598E+02 3.747E-01 1.743E-03 2.481E-03 1.369E+03 8.037E-01 1.119E+01 2.000E+00
6.973E+07 2.139E+02 5.381E-01 1.743E-03 2.481E-03 4.478E+03 8.037E-01 1.119E+01 2.000E+00
9.894E+06 7.070E+02 4.020E-01 1.743E-03 2.481E-03 1.466E+03 8.037E-01 1.119E+01 2.000E+00
2.541E+07 7.070E+02 4.020E-01 1.743E-03 2.481E-03 1.445E+03 8.037E-01 1.119E+01 2.000E+00
4.435E+08 5.546E+02 4.357E-01 1.743E-03 2.482E-03 1.588E+03 8.037E-01 1.119E+01 2.000E+00
1.906E+08 8.980E+02 3.686E-01 1.743E-03 2.483E-03 1.357E+03 8.037E-01 1.119E+01 2.000E+00
1.802E+07 8.346E+02 3.788E-01 1.743E-03 2.484E-03 1.378E+03 8.038E-01 1.119E+01 2.000E+00
2.155E+07 8.698E+02 3.731E-01 1.743E-03 2.487E-03 1.365E+03 8.038E-01 1.119E+01 2.000E+00
2.153E+07 4.546E+02 4.621E-01 1.743E-03 2.492E-03 1.760E+03 8.040E-01 1.119E+01 2.000E+00
5.661E+07 3.244E+02 5.025E-01 1.743E-03 2.502E-03 2.256E+03 8.043E-01 1.119E+01 2.000E+00
2.789E+07 6.730E+02 4.090E-01 1.743E-03 2.519E-03 1.470E+03 8.048E-01 1.119E+01 2.000E+00
2.756E+07 9.271E+02 3.643E-01 1.743E-03 2.551E-03 1.350E+03 8.058E-01 1.119E+01 2.000E+00
2.512E+07 6.704E+02 4.096E-01 1.743E-03 2.610E-03 1.473E+03 8.076E-01 1.119E+01 2.000E+00
2.506E+08 9.944E+02 3.547E-01 1.743E-03 2.718E-03 1.339E+03 8.106E-01 1.119E+01 2.000E+00
4.022E+07 6.014E+02 4.252E-01 1.743E-03 2.916E-03 1.538E+03 8.154E-01 1.120E+01 2.000E+00
1.924E+07 4.183E+02 4.745E-01 1.743E-03 3.279E-03 1.846E+03 8.241E-01 1.121E+01 2.000E+00
1.847E+08 5.148E+02 4.483E-01 1.743E-03 3.944E-03 1.668E+03 8.401E-01 1.122E+01 2.000E+00
4.798E+07 6.641E+02 4.142E-01 1.743E-03 5.162E-03 1.524E+03 8.642E-01 1.125E+01 2.000E+00
1.837E+07 5.997E+02 4.321E-01 1.743E-03 7.396E-03 1.614E+03 8.978E-01 1.130E+01 2.000E+00
2.037E+07 8.346E+02 3.788E-01 2.205E-03 2.481E-03 1.380E+03 8.057E-01 1.119E+01 2.000E+00
2.278E+07 8.346E+02 3.788E-01 2.205E-03 2.481E-03 1.380E+03 8.057E-01 1.119E+01 2.000E+00
2.929E+07 8.346E+02 3.788E-01 2.205E-03 2.481E-03 1.380E+03 8.057E-01 1.119E+01 2.000E+00
6.478E+07 8.346E+02 3.788E-01 2.205E-03 2.481E-03 1.380E+03 8.057E-01 1.119E+01 2.000E+00
2.302E+07 8.142E+02 3.823E-01 2.205E-03 2.481E-03 1.388E+03 8.057E-01 1.119E+01 2.000E+00
1.984E+08 4.135E+02 4.742E-01 2.205E-03 2.482E-03 1.867E+03 8.057E-01 1.119E+01 2.000E+00
7.511E+07 5.789E+02 4.298E-01 2.205E-03 2.483E-03 1.560E+03 8.057E-01 1.119E+01 2.000E+00
5.097E+07 8.891E+02 3.700E-01 2.205E-03 2.484E-03 1.360E+03 8.058E-01 1.119E+01 2.000E+00
5.925E+07 6.456E+02 4.147E-01 2.205E-03 2.487E-03 1.535E+03 8.058E-01 1.119E+01 2.000E+00
1.010E+07 7.403E+02 3.956E-01 2.205E-03 2.492E-03 1.426E+03 8.060E-01 1.119E+01 2.000E+00
6.669E+07 8.380E+02 3.783E-01 2.205E-03 2.502E-03 1.379E+03 8.063E-01 1.119E+01 2.000E+00
7.076E+07 9.206E+02 3.652E-01 2.205E-03 2.519E-03 1.352E+03 8.068E-01 1.119E+01 2.000E+00
5.569E+08 9.879E+02 3.555E-01 2.205E-03 2.551E-03 1.337E+03 8.078E-01 1.119E+01 2.000E+00
4.142E+07 4.838E+02 4.542E-01 2.205E-03 2.610E-03 1.700E+03 8.096E-01 1.119E+01 2.000E+00
3.140E+08 3.835E+02 4.840E-01 2.205E-03 2.718E-03 1.963E+03 8.125E-01 1.119E+01 2.000E+00
3.610E+08 9.459E+02 3.618E-01 2.205E-03 2.916E-03 1.359E+03 8.172E-01 1.120E+01 2.000E+00
2.166E+09 7.477E+02 3.951E-01 2.205E-03 3.279E-03 1.442E+03 8.259E-01 1.121E+01 2.000E+00
2.629E+08 8.809E+02 3.726E-01 2.205E-03 3.944E-03 1.408E+03 8.419E-01 1.122E+01 2.000E+00
4.240E+07 7.626E+02 3.943E-01 2.205E-03 5.162E-03 1.482E+03 8.659E-01 1.125E+01 2.000E+00
1.406E+07 2.638E+02 5.422E-01 2.205E-03 7.396E-03 2.489E+03 8.993E-01 1.130E+01 2.000E+00
1.299E+07 3.083E+02 5.077E-01 2.789E-03 2.481E-03 2.373E+03 8.082E-01 1.119E+01 2.000E+00
2.112E+07 3.083E+02 5.077E-01 2.789E-03 2.481E-03 2.374E+03 8.082E-01 1.119E+01 2.000E+00
1.755E+07 6.980E+02 4.038E-01 2.789E-03 2.481E-03 1.454E+03 8.082E-01 1.119E+01 2.000E+00
5.264E+07 6.980E+02 4.038E-01 2.789E-03 2.481E-03 1.454E+03 8.082E-01 1.119E+01 2.000E+00
2.234E+07 8.965E+02 3.689E-01 2.789E-03 2.481E-03 1.359E+03 8.082E-01 1.119E+01 2.000E+00
6.498E+07 7.651E+02 3.910E-01 2.789E-03 2.482E-03 1.413E+03 8.082E-01 1.119E+01 2.000E+00
2.467E+07 6.321E+02 4.177E-01 2.789E-03 2.483E-03 1.508E+03 8.083E-01 1.119E+01 2.000E+00
1.647E+06 2.149E+02 5.379E-01 2.789E-03 2.484E-03 4.405E+03 8.083E-01 1.119E+01 2.000E+00
3.392E+08 6.784E+02 4.078E-01 2.789E-03 2.487E-03 1.468E+03 8.084E-01 1.119E+01 2.000E+00
7.171E+08 3.197E+02 5.040E-01 2.789E-03 2.492E-03 2.289E+03 8.085E-01 1.119E+01 2.000E+00
1.642E+07 5.898E+02 4.273E-01 2.789E-03 2.502E-03 1.549E+03 8.088E-01 1.119E+01 2.000E+00
9.214E+06 6.343E+02 4.172E-01 2.789E-03 2.519E-03 1.521E+03 8.093E-01 1.119E+01 2.000E+00
1.215E+07 7.502E+02 3.938E-01 2.789E-03 2.551E-03 1.423E+03 8.103E-01 1.119E+01 2.000E+00
3.105E+08 6.297E+02 4.184E-01 2.789E-03 2.610E-03 1.510E+03 8.121E-01 1.119E+01 2.000E+00
2.488E+07 8.025E+02 3.845E-01 2.789E-03 2.718E-03 1.401E+03 8.148E-01 1.119E+01 2.000E+00
5.449E+06 6.273E+02 4.193E-01 2.789E-03 2.916E-03 1.516E+03 8.196E-01 1.120E+01 2.000E+00
3.316E+07 9.196E+02 3.660E-01 2.789E-03 3.279E-03 1.378E+03 8.283E-01 1.121E+01 2.000E+00
1.347E+07 7.771E+02 3.903E-01 2.789E-03 3.944E-03 1.442E+03 8.443E-01 1.122E+01 2.000E+00
3.219E+07 8.921E+02 3.718E-01 2.789E-03 5.162E-03 1.466E+03 8.680E-01 1.125E+01 2.000E+00
3.072E+07 7.609E+02 3.969E-01 2.789E-03 7.396E-03 1.592E+03 9.011E-01 1.130E+01 2.000E+00
5.601E+07 9.172E+02 3.657E-01 3.528E-03 2.481E-03 1.356E+03 8.114E-01 1.119E+01 2.000E+00
6.573E+07 9.172E+02 3.657E-01 3.528E-03 2.481E-03 1.356E+03 8.114E-01 1.119E+01 2.000E+00
9.702E+07 9.172E+02 3.657E-01 3.528E-03 2.481E-03 1.356E+03 8.114E-01 1.119E+01 2.000E+00
9.228E+08 9.172E+02 3.657E-01 3.528E-03 2.481E-03 1.411E+03 8.114E-01 1.119E+01 2.000E+00
3.077E+08 3.545E+02 4.925E-01 3.528E-03 2.481E-03 2.091E+03 8.114E-01 1.119E+01 2.000E+00
2.207E+09 7.529E+02 3.932E-01 3.528E-03 2.482E-03 1.422E+03 8.114E-01 1.119E+01 2.000E+00
5.091E+07 7.403E+02 3.956E-01 3.528E-03 2.483E-03 1.430E+03 8.115E-01 1.119E+01 2.000E+00
2.526E+07 3.845E+02 4.831E-01 3.528E-03 2.484E-03 1.965E+03 8.115E-01 1.119E+01 2.000E+00
1.528E+08 3.893E+02 4.816E-01 3.528E-03 2.487E-03 1.947E+03 8.116E-01 1.119E+01 2.000E+00
4.218E+07 7.107E+02 4.013E-01 3.528E-03 2.492E-03 1.447E+03 8.117E-01 1.119E+01 2.000E+00
1.209E+08 2.996E+02 5.107E-01 3.528E-03 2.502E-03 2.445E+03 8.120E-01 1.119E+01 2.000E+00
5.876E+08 8.968E+02 3.688E-01 3.528E-03 2.519E-03 1.363E+03 8.125E-01 1.119E+01 2.000E+00
2.451E+08 7.137E+02 4.008E-01 3.528E-03 2.551E-03 1.446E+03 8.135E-01 1.119E+01 2.000E+00
1.979E+07 6.923E+02 4.051E-01 3.528E-03 2.610E-03 1.462E+03 8.152E-01 1.119E+01 2.000E+00
5.249E+07 9.331E+02 3.635E-01 3.528E-03 2.718E-03 1.359E+03 8.178E-01 1.119E+01 2.000E+00
3.160E+08 5.822E+02 4.297E-01 3.528E-03 2.916E-03 1.566E+03 8.225E-01 1.120E+01 2.000E+00
3.199E+07 5.259E+02 4.443E-01 3.528E-03 3.279E-03 1.637E+03 8.313E-01 1.121E+01 2.000E+00
9.746E+06 3.313E+02 5.046E-01 3.528E-03 3.944E-03 2.171E+03 8.472E-01 1.122E+01 2.000E+00
5.390E+07 3.976E+02 4.856E-01 3.528E-03 5.162E-03 1.895E+03 8.707E-01 1.125E+01 2.000E+00
1.952E+07 2.208E+02 5.602E-01 3.528E-03 7.396E-03 3.007E+03 9.034E-01 1.130E+01 2.000E+00
1.974E+08 9.711E+02 3.578E-01 4.462E-03 2.481E-03 1.346E+03 8.154E-01 1.119E+01 2.000E+00
5.684E+07 6.916E+02 4.051E-01 4.462E-03 2.481E-03 1.462E+03 8.154E-01 1.119E+01 2.000E+00
4.068E+08 9.711E+02 3.578E-01 4.462E-03 2.481E-03 1.346E+03 8.154E-01 1.119E+01 2.000E+00
2.801E+07 9.578E+02 3.597E-01 4.462E-03 2.481E-03 1.349E+03 8.154E-01 1.119E+01 2.000E+00
9.369E+07 6.823E+02 4.070E-01 4.462E-03 2.481E-03 1.480E+03 8.154E-01 1.119E+01 2.000E+00
1.981E+07 7.504E+02 3.937E-01 4.462E-03 2.482E-03 1.426E+03 8.155E-01 1.119E+01 2.000E+00
2.595E+07 5.475E+02 4.374E-01 4.462E-03 2.483E-03 1.603E+03 8.155E-01 1.119E+01 2.000E+00
3.967E+07 7.923E+02 3.861E-01 4.462E-03 2.484E-03 1.405E+03 8.155E-01 1.119E+01 2.000E+00
2.010E+07 2.782E+02 5.178E-01 4.462E-03 2.487E-03 2.667E+03 8.156E-01 1.119E+01 2.000E+00
5.372E+07 6.831E+02 4.069E-01 4.462E-03 2.492E-03 1.469E+03 8.158E-01 1.119E+01 2.000E+00
1.995E+07 4.282E+02 4.698E-01 4.462E-03 2.502E-03 1.829E+03 8.161E-01 1.119E+01 2.000E+00
7.046E+07 6.813E+02 4.073E-01 4.462E-03 2.519E-03 1.471E+03 8.166E-01 1.119E+01 2.000E+00
3.845E+07 8.596E+02 3.748E-01 4.462E-03 2.551E-03 1.380E+03 8.175E-01 1.119E+01 2.000E+00
1.121E+08 8.457E+02 3.771E-01 4.462E-03 2.610E-03 1.385E+03 8.189E-01 1.119E+01 2.000E+00
1.291E+07 7.098E+02 4.018E-01 4.462E-03 2.718E-03 1.455E+03 8.215E-01 1.119E+01 2.000E+00
8.231E+08 8.531E+02 3.762E-01 4.462E-03 2.916E-03 1.392E+03 8.263E-01 1.120E+01 2.000E+00
2.662E+07 4.441E+02 4.668E-01 4.462E-03 3.279E-03 1.787E+03 8.350E-01 1.121E+01 2.000E+00
3.702E+07 6.643E+02 4.126E-01 4.462E-03 3.944E-03 1.508E+03 8.510E-01 1.122E+01 2.000E+00
1.580E+07 6.428E+02 4.189E-01 4.462E-03 5.162E-03 1.548E+03 8.740E-01 1.125E+01 2.000E+00
1.658E+07 4.758E+02 4.658E-01 4.462E-03 7.396E-03 1.742E+03 9.063E-01 1.130E+01 2.000E+00
4.518E+06 3.082E+02 5.078E-01 5.644E-03 2.481E-03 2.377E+03 8.205E-01 1.119E+01 2.000E+00
5.110E+06 3.082E+02 5.078E-01 5.644E-03 2.481E-03 2.378E+03 8.205E-01 1.119E+01 2.000E+00
6.809E+06 3.082E+02 5.078E-01 5.644E-03 2.481E-03 2.377E+03 8.205E-01 1.119E+01 2.000E+00
1.970E+07 3.082E+02 5.078E-01 5.644E-03 2.481E-03 2.377E+03 8.205E-01 1.119E+01 2.000E+00
9.458E+06 8.335E+02 3.790E-01 5.644E-03 2.481E-03 1.390E+03 8.205E-01 1.119E+01 2.000E+00
6.334E+06 2.996E+02 5.107E-01 5.644E-03 2.482E-03 2.450E+03 8.206E-01 1.119E+01 2.000E+00
1.457E+08 8.523E+02 3.759E-01 5.644E-03 2.483E-03 1.383E+03 8.206E-01 1.119E+01 2.000E+00
1.102E+08 5.708E+02 4.317E-01 5.644E-03 2.484E-03 1.576E+03 8.206E-01 1.119E+01 2.000E+00
1.134E+07 6.568E+02 4.123E-01 5.644E-03 2.487E-03 1.491E+03 8.207E-01 1.119E+01 2.000E+00
2.809E+07 6.231E+02 4.197E-01 5.644E-03 2.492E-03 1.521E+03 8.208E-01 1.119E+01 2.000E+00
2.229E+07 4.957E+02 4.508E-01 5.644E-03 2.502E-03 1.685E+03 8.210E-01 1.119E+01 2.000E+00
4.850E+07 5.786E+02 4.299E-01 5.644E-03 2.519E-03 1.568E+03 8.215E-01 1.119E+01 2.000E+00
2.438E+07 2.477E+02 5.282E-01 5.644E-03 2.551E-03 3.154E+03 8.222E-01 1.119E+01 2.000E+00
4.544E+07 4.811E+02 4.550E-01 5.644E-03 2.610E-03 1.713E+03 8.236E-01 1.119E+01 2.000E+00
3.227E+07 4.285E+02 4.702E-01 5.644E-03 2.718E-03 1.829E+03 8.262E-01 1.119E+01 2.000E+00
7.179E+06 6.293E+02 4.189E-01 5.644E-03 2.916E-03 1.522E+03 8.310E-01 1.120E+01 2.000E+00
1.295E+07 6.165E+02 4.222E-01 5.644E-03 3.279E-03 1.538E+03 8.397E-01 1.121E+01 2.000E+00
1.851E+07 7.949E+02 3.871E-01 5.644E-03 3.944E-03 1.447E+03 8.557E-01 1.122E+01 2.000E+00
9.135E+07 2.504E+02 5.384E-01 5.644E-03 5.162E-03 2.794E+03 8.783E-01 1.125E+01 2.000E+00
3.362E+07 5.042E+02 4.575E-01 5.644E-03 7.396E-03 1.711E+03 9.099E-01 1.130E+01 2.000E+00
2.619E+07 3.341E+02 4.992E-01 7.139E-03 2.481E-03 2.204E+03 8.265E-01 1.119E+01 2.000E+00
1.150E+08 3.341E+02 4.992E-01 7.139E-03 2.481E-03 2.204E+03 8.265E-01 1.119E+01 2.000E+00
3.354E+07 3.311E+02 5.002E-01 7.139E-03 2.481E-03 2.222E+03 8.265E-01 1.119E+01 2.000E+00
2.008E+07 7.851E+02 3.874E-01 7.139E-03 2.481E-03 1.415E+03 8.265E-01 1.119E+01 2.000E+00
2.511E+08 5.551E+02 4.356E-01 7.139E-03 2.481E-03 1.599E+03 8.265E-01 1.119E+01 2.000E+00
9.250E+07 3.840E+02 4.832E-01 7.139E-03 2.482E-03 1.972E+03 8.266E-01 1.119E+01 2.000E+00
1.853E+07 9.206E+02 3.652E-01 7.139E-03 2.483E-03 1.368E+03 8.266E-01 1.119E+01 2.000E+00
2.069E+08 4.154E+02 4.736E-01 7.139E-03 2.484E-03 1.869E+03 8.266E-01 1.119E+01 2.000E+00
9.651E+07 9.719E+02 3.577E-01 7.139E-03 2.487E-03 1.357E+03 8.267E-01 1.119E+01 2.000E+00
2.513E+07 9.772E+02 3.570E-01 7.139E-03 2.492E-03 1.356E+03 8.268E-01 1.119E+01 2.000E+00
2.427E+07 3.662E+02 4.889E-01 7.139E-03 2.502E-03 2.043E+03 8.270E-01 1.119E+01 2.000E+00
2.667E+07 8.975E+02 3.687E-01 7.139E-03 2.519E-03 1.375E+03 8.274E-01 1.119E+01 2.000E+00
4.140E+07 5.094E+02 4.473E-01 7.139E-03 2.551E-03 1.665E+03 8.282E-01 1.119E+01 2.000E+00
3.491E+08 5.362E+02 4.405E-01 7.139E-03 2.610E-03 1.625E+03 8.296E-01 1.119E+01 2.000E+00
3.010E+07 6.648E+02 4.109E-01 7.139E-03 2.718E-03 1.493E+03 8.322E-01 1.119E+01 2.000E+00
6.093E+06 2.260E+02 5.368E-01 7.139E-03 2.916E-03 3.682E+03 8.370E-01 1.120E+01 2.000E+00
1.320E+07 3.559E+02 4.944E-01 7.139E-03 3.279E-03 2.073E+03 8.457E-01 1.121E+01 2.000E+00
7.487E+07 9.187E+02 3.667E-01 7.139E-03 3.944E-03 1.429E+03 8.617E-01 1.122E+01 2.000E+00
2.591E+07 6.310E+02 4.215E-01 7.139E-03 5.162E-03 1.567E+03 8.837E-01 1.125E+01 2.000E+00
3.480E+08 7.449E+02 4.001E-01 7.139E-03 7.396E-03 1.634E+03 9.146E-01 1.130E+01 2.000E+00
2.294E+07 4.234E+02 4.712E-01 9.029E-03 2.481E-03 1.850E+03 8.341E-01 1.119E+01 2.000E+00
1.879E+07 4.163E+02 4.733E-01 9.029E-03 2.481E-03 1.870E+03 8.341E-01 1.119E+01 2.000E+00
3.145E+08 4.163E+02 4.733E-01 9.029E-03 2.481E-03 1.870E+03 8.341E-01 1.119E+01 2.000E+00
3.242E+07 8.773E+02 3.719E-01 9.029E-03 2.481E-03 1.386E+03 8.341E-01 1.119E+01 2.000E+00
9.406E+07 2.910E+02 5.136E-01 9.029E-03 2.481E-03 2.533E+03 8.341E-01 1.119E+01 2.000E+00
1.950E+07 3.673E+02 4.885E-01 9.029E-03 2.482E-03 2.042E+03 8.341E-01 1.119E+01 2.000E+00
6.858E+07 9.054E+02 3.675E-01 9.029E-03 2.483E-03 1.379E+03 8.342E-01 1.119E+01 2.000E+00
3.199E+07 6.638E+02 4.109E-01 9.029E-03 2.484E-03 1.495E+03 8.342E-01 1.119E+01 2.000E+00
1.024E+08 3.426E+02 4.965E-01 9.029E-03 2.487E-03 2.159E+03 8.343E-01 1.119E+01 2.000E+00
1.148E+07 2.152E+02 5.380E-01 9.029E-03 2.492E-03 4.360E+03 8.344E-01 1.119E+01 2.000E+00
2.116E+08 9.879E+02 3.555E-01 9.029E-03 2.502E-03 1.365E+03 8.346E-01 1.119E+01 2.000E+00
2.372E+08 6.945E+02 4.046E-01 9.029E-03 2.519E-03 1.473E+03 8.350E-01 1.119E+01 2.000E+00
2.163E+07 6.028E+02 4.243E-01 9.029E-03 2.551E-03 1.549E+03 8.358E-01 1.119E+01 2.000E+00
1.288E+08 8.137E+02 3.825E-01 9.029E-03 2.610E-03 1.412E+03 8.372E-01 1.119E+01 2.000E+00
3.699E+07 8.134E+02 3.827E-01 9.029E-03 2.718E-03 1.415E+03 8.398E-01 1.119E+01 2.000E+00
1.330E+07 7.386E+02 3.964E-01 9.029E-03 2.916E-03 1.455E+03 8.446E-01 1.120E+01 2.000E+00
1.174E+07 2.314E+02 5.368E-01 9.029E-03 3.279E-03 3.422E+03 8.533E-01 1.121E+01 2.000E+00
1.532E+07 9.835E+02 3.571E-01 9.029E-03 3.944E-03 1.438E+03 8.685E-01 1.122E+01 2.000E+00
7.642E+06 8.229E+02 3.833E-01 9.029E-03 5.162E-03 1.511E+03 8.905E-01 1.125E+01 2.000E+00
5.444E+07 6.408E+02 4.223E-01 9.029E-03 7.396E-03 1.645E+03 9.205E-01 1.130E+01 2.000E+00
3.416E+08 7.456E+02 3.946E-01 1.142E-02 2.481E-03 1.452E+03 8.437E-01 1.119E+01 2.000E+00
2.673E+07 9.271E+02 3.642E-01 1.142E-02 2.481E-03 1.386E+03 8.437E-01 1.119E+01 2.000E+00
2.987E+07 9.271E+02 3.642E-01 1.142E-02 2.481E-03 1.384E+03 8.437E-01 1.119E+01 2.000E+00
3.828E+07 9.271E+02 3.642E-01 1.142E-02 2.481E-03 1.383E+03 8.437E-01 1.119E+01 2.000E+00
8.267E+07 9.271E+02 3.642E-01 1.142E-02 2.481E-03 1.383E+03 8.437E-01 1.119E+01 2.000E+00
7.281E+07 2.328E+02 5.327E-01 1.142E-02 2.482E-03 3.557E+03 8.437E-01 1.119E+01 2.000E+00
4.637E+07 9.879E+02 3.555E-01 1.142E-02 2.483E-03 1.376E+03 8.437E-01 1.119E+01 2.000E+00
1.282E+08 9.879E+02 3.555E-01 1.142E-02 2.484E-03 1.372E+03 8.438E-01 1.119E+01 2.000E+00
3.122E+07 9.298E+02 3.638E-01 1.142E-02 2.487E-03 1.383E+03 8.438E-01 1.119E+01 2.000E+00
1.542E+07 3.425E+02 4.966E-01 1.142E-02 2.492E-03 2.163E+03 8.440E-01 1.119E+01 2.000E+00
1.411E+07 5.705E+02 4.319E-01 1.142E-02 2.502E-03 1.590E+03 8.442E-01 1.119E+01 2.000E+00
1.825E+07 8.493E+02 3.764E-01 1.142E-02 2.519E-03 1.405E+03 8.446E-01 1.119E+01 2.000E+00
6.652E+07 3.718E+02 4.873E-01 1.142E-02 2.551E-03 2.026E+03 8.454E-01 1.119E+01 2.000E+00
3.008E+07 7.033E+02 4.029E-01 1.142E-02 2.610E-03 1.492E+03 8.468E-01 1.119E+01 2.000E+00
4.264E+07 9.484E+02 3.613E-01 1.142E-02 2.718E-03 1.389E+03 8.494E-01 1.119E+01 2.000E+00
5.794E+06 8.278E+02 3.804E-01 1.142E-02 2.916E-03 1.425E+03 8.542E-01 1.120E+01 2.000E+00
1.961E+07 8.597E+02 3.754E-01 1.142E-02 3.279E-03 1.429E+03 8.629E-01 1.121E+01 2.000E+00
3.818E+08 5.178E+02 4.476E-01 1.142E-02 3.944E-03 1.676E+03 8.772E-01 1.122E+01 2.000E+00
8.870E+07 3.495E+02 5.020E-01 1.142E-02 5.162E-03 2.077E+03 8.991E-01 1.125E+01 2.000E+00
7.941E+06 6.555E+02 4.189E-01 1.142E-02 7.396E-03 1.662E+03 9.279E-01 1.130E+01 2.000E+00
3.043E+07 4.491E+02 4.637E-01 1.445E-02 2.481E-03 1.796E+03 8.558E-01 1.119E+01 2.000E+00
1.435E+08 4.491E+02 4.637E-01 1.445E-02 2.481E-03 1.796E+03 8.558E-01 1.119E+01 2.000E+00
9.637E+06 4.493E+02 4.637E-01 1.445E-02 2.481E-03 1.796E+03 8.558E-01 1.119E+01 2.000E+00
4.586E+07 4.493E+02 4.637E-01 1.445E-02 2.481E-03 1.796E+03 8.558E-01 1.119E+01 2.000E+00
5.243E+07 4.495E+02 4.636E-01 1.445E-02 2.481E-03 1.795E+03 8.558E-01 1.119E+01 2.000E+00
3.682E+07 6.283E+02 4.185E-01 1.445E-02 2.482E-03 1.537E+03 8.559E-01 1.119E+01 2.000E+00
9.258E+06 5.724E+02 4.314E-01 1.445E-02 2.483E-03 1.598E+03 8.559E-01 1.119E+01 2.000E+00
5.463E+07 5.969E+02 4.256E-01 1.445E-02 2.484E-03 1.567E+03 8.559E-01 1.119E+01 2.000E+00
1.072E+07 6.029E+02 4.242E-01 1.445E-02 2.487E-03 1.561E+03 8.560E-01 1.119E+01 2.000E+00
1.570E+07 2.851E+02 5.157E-01 1.445E-02 2.492E-03 2.627E+03 8.561E-01 1.119E+01 2.000E+00
1.783E+07 4.241E+02 4.711E-01 1.445E-02 2.502E-03 1.858E+03 8.563E-01 1.119E+01 2.000E+00
1.200E+07 6.542E+02 4.129E-01 1.445E-02 2.519E-03 1.517E+03 8.568E-01 1.119E+01 2.000E+00
2.540E+08 9.747E+02 3.574E-01 1.445E-02 2.551E-03 1.391E+03 8.575E-01 1.119E+01 2.000E+00
1.760E+07 2.644E+02 5.231E-01 1.445E-02 2.610E-03 2.850E+03 8.589E-01 1.119E+01 2.000E+00
2.321E+07 2.616E+02 5.244E-01 1.445E-02 2.718E-03 2.886E+03 8.615E-01 1.119E+01 2.000E+00
2.271E+07 7.710E+02 3.904E-01 1.445E-02 2.916E-03 1.458E+03 8.663E-01 1.120E+01 2.000E+00
1.662E+08 4.812E+02 4.563E-01 1.445E-02 3.279E-03 1.733E+03 8.750E-01 1.121E+01 2.000E+00
9.640E+06 8.213E+02 3.825E-01 1.445E-02 3.944E-03 1.481E+03 8.881E-01 1.122E+01 2.000E+00
2.073E+07 8.676E+02 3.758E-01 1.445E-02 5.162E-03 1.560E+03 9.095E-01 1.125E+01 2.000E+00
1.712E+07 7.667E+02 3.958E-01 1.445E-02 7.396E-03 1.753E+03 9.357E-01 1.130E+01 2.000E+00
8.885E+06 2.907E+02 5.138E-01 1.827E-02 2.481E-03 2.547E+03 8.712E-01 1.119E+01 2.000E+00
1.196E+07 2.907E+02 5.138E-01 1.827E-02 2.481E-03 2.547E+03 8.712E-01 1.119E+01 2.000E+00
3.520E+07 2.907E+02 5.138E-01 1.827E-02 2.481E-03 2.547E+03 8.712E-01 1.119E+01 2.000E+00
1.367E+07 4.953E+02 4.509E-01 1.827E-02 2.481E-03 1.712E+03 8.712E-01 1.119E+01 2.000E+00
1.413E+07 7.036E+02 4.027E-01 1.827E-02 2.481E-03 1.507E+03 8.712E-01 1.119E+01 2.000E+00
5.100E+07 3.962E+02 4.795E-01 1.827E-02 2.482E-03 1.949E+03 8.712E-01 1.119E+01 2.000E+00
1.743E+08 7.399E+02 3.957E-01 1.827E-02 2.483E-03 1.472E+03 8.712E-01 1.119E+01 2.000E+00
4.004E+07 7.771E+02 3.888E-01 1.827E-02 2.484E-03 1.455E+03 8.712E-01 1.119E+01 2.000E+00
4.864E+07 2.206E+02 5.366E-01 1.827E-02 2.487E-03 4.036E+03 8.713E-01 1.119E+01 2.000E+00
2.090E+08 4.812E+02 4.548E-01 1.827E-02 2.492E-03 1.737E+03 8.714E-01 1.119E+01 2.000E+00
2.611E+07 2.621E+02 5.234E-01 1.827E-02 2.502E-03 2.899E+03 8.717E-01 1.119E+01 2.000E+00
8.143E+08 9.170E+02 3.658E-01 1.827E-02 2.519E-03 1.416E+03 8.721E-01 1.119E+01 2.000E+00
9.287E+07 5.388E+02 4.398E-01 1.827E-02 2.551E-03 1.646E+03 8.728E-01 1.119E+01 2.000E+00
5.324E+07 9.334E+02 3.634E-01 1.827E-02 2.610E-03 1.418E+03 8.743E-01 1.119E+01 2.000E+00
4.315E+08 6.809E+02 4.076E-01 1.827E-02 2.718E-03 1.513E+03 8.769E-01 1.119E+01 2.000E+00
6.713E+07 7.754E+02 3.896E-01 1.827E-02 2.916E-03 1.470E+03 8.816E-01 1.120E+01 2.000E+00
4.569E+07 2.107E+02 5.435E-01 1.827E-02 3.279E-03 4.242E+03 8.899E-01 1.121E+01 2.000E+00
8.984E+06 4.648E+02 4.623E-01 1.827E-02 3.944E-03 1.778E+03 9.019E-01 1.122E+01 2.000E+00
1.246E+07 5.995E+02 4.289E-01 1.827E-02 5.162E-03 1.637E+03 9.214E-01 1.125E+01 2.000E+00
9.701E+06 7.246E+02 4.042E-01 1.827E-02 7.396E-03 1.801E+03 9.453E-01 1.130E+01 2.000E+00
2.143E+07 3.407E+02 4.972E-01 2.311E-02 2.481E-03 2.201E+03 8.906E-01 1.119E+01 2.000E+00
5.659E+07 3.407E+02 4.972E-01 2.311E-02 2.481E-03 2.192E+03 8.906E-01 1.119E+01 2.000E+00
8.624E+07 3.363E+02 4.987E-01 2.311E-02 2.481E-03 2.216E+03 8.906E-01 1.119E+01 2.000E+00
2.266E+07 9.375E+02 3.627E-01 2.311E-02 2.481E-03 1.446E+03 8.906E-01 1.119E+01 2.000E+00
5.903E+06 6.280E+02 4.186E-01 2.311E-02 2.481E-03 1.562E+03 8.906E-01 1.119E+01 2.000E+00
4.831E+07 6.280E+02 4.186E-01 2.311E-02 2.482E-03 1.561E+03 8.906E-01 1.119E+01 2.000E+00
1.744E+07 8.929E+02 3.694E-01 2.311E-02 2.483E-03 1.442E+03 8.906E-01 1.119E+01 2.000E+00
2.814E+07 8.955E+02 3.690E-01 2.311E-02 2.484E-03 1.442E+03 8.906E-01 1.119E+01 2.000E+00
5.982E+07 9.533E+02 3.604E-01 2.311E-02 2.487E-03 1.436E+03 8.907E-01 1.119E+01 2.000E+00
9.337E+06 6.543E+02 4.129E-01 2.311E-02 2.492E-03 1.541E+03 8.908E-01 1.119E+01 2.000E+00
2.949E+08 7.397E+02 3.958E-01 2.311E-02 2.502E-03 1.490E+03 8.911E-01 1.119E+01 2.000E+00
7.715E+06 5.695E+02 4.322E-01 2.311E-02 2.519E-03 1.620E+03 8.915E-01 1.119E+01 2.000E+00
2.553E+07 9.729E+02 3.576E-01 2.311E-02 2.551E-03 1.441E+03 8.922E-01 1.119E+01 2.000E+00
2.705E+07 9.726E+02 3.577E-01 2.311E-02 2.610E-03 1.444E+03 8.937E-01 1.119E+01 2.000E+00
3.838E+07 7.286E+02 3.981E-01 2.311E-02 2.718E-03 1.502E+03 8.963E-01 1.119E+01 2.000E+00
5.997E+07 8.535E+02 3.761E-01 2.311E-02 2.916E-03 1.471E+03 9.008E-01 1.120E+01 2.000E+00
1.916E+07 8.357E+02 3.794E-01 2.311E-02 3.279E-03 1.502E+03 9.073E-01 1.121E+01 2.000E+00
5.134E+07 6.045E+02 4.260E-01 2.311E-02 3.944E-03 1.618E+03 9.193E-01 1.122E+01 2.000E+00
8.798E+07 9.190E+02 3.676E-01 2.311E-02 5.162E-03 1.723E+03 9.364E-01 1.125E+01 2.000E+00
5.565E+06 5.824E+02 4.364E-01 2.311E-02 7.396E-03 1.777E+03 9.574E-01 1.130E+01 2.000E+00
4.410E+07 8.832E+02 3.710E-01 2.923E-02 2.481E-03 1.476E+03 9.150E-01 1.119E+01 2.000E+00
1.278E+07 5.166E+02 4.454E-01 2.923E-02 2.481E-03 1.705E+03 9.150E-01 1.119E+01 2.000E+00
2.475E+07 5.166E+02 4.454E-01 2.923E-02 2.481E-03 1.704E+03 9.150E-01 1.119E+01 2.000E+00
2.407E+07 4.469E+02 4.644E-01 2.923E-02 2.481E-03 1.832E+03 9.150E-01 1.119E+01 2.000E+00
1.909E+07 5.031E+02 4.489E-01 2.923E-02 2.481E-03 1.725E+03 9.150E-01 1.119E+01 2.000E+00
2.417E+07 8.712E+02 3.729E-01 2.923E-02 2.482E-03 1.477E+03 9.150E-01 1.119E+01 2.000E+00
1.392E+07 4.236E+02 4.713E-01 2.923E-02 2.483E-03 1.962E+03 9.150E-01 1.119E+01 2.000E+00
8.260E+07 3.846E+02 4.832E-01 2.923E-02 2.484E-03 2.010E+03 9.151E-01 1.119E+01 2.000E+00
1.176E+07 2.444E+02 5.293E-01 2.923E-02 2.487E-03 3.242E+03 9.151E-01 1.119E+01 2.000E+00
4.481E+08 9.078E+02 3.672E-01 2.923E-02 2.492E-03 1.475E+03 9.152E-01 1.119E+01 2.000E+00
1.346E+07 4.738E+02 4.569E-01 2.923E-02 2.502E-03 1.776E+03 9.154E-01 1.119E+01 2.000E+00
2.048E+08 9.944E+02 3.546E-01 2.923E-02 2.519E-03 1.499E+03 9.157E-01 1.119E+01 2.000E+00
9.262E+07 9.665E+02 3.585E-01 2.923E-02 2.551E-03 1.484E+03 9.163E-01 1.119E+01 2.000E+00
2.800E+07 6.359E+02 4.170E-01 2.923E-02 2.610E-03 1.578E+03 9.173E-01 1.119E+01 2.000E+00
5.543E+07 2.704E+02 5.217E-01 2.923E-02 2.718E-03 2.788E+03 9.193E-01 1.119E+01 2.000E+00
1.877E+07 8.791E+02 3.720E-01 2.923E-02 2.916E-03 1.505E+03 9.229E-01 1.120E+01 2.000E+00
1.258E+07 4.109E+02 4.770E-01 2.923E-02 3.279E-03 1.926E+03 9.294E-01 1.121E+01 2.000E+00
3.614E+07 9.448E+02 3.628E-01 2.923E-02 3.944E-03 1.636E+03 9.403E-01 1.122E+01 2.000E+00
9.319E+07 8.197E+02 3.839E-01 2.923E-02 5.162E-03 1.724E+03 9.554E-01 1.125E+01 2.000E+00
2.317E+07 3.357E+02 5.137E-01 2.923E-02 7.396E-03 2.169E+03 9.723E-01 1.130E+01 2.000E+00
1.048E+08 9.880E+02 3.555E-01 3.697E-02 2.481E-03 1.549E+03 9.429E-01 1.119E+01 2.000E+00
1.090E+08 9.880E+02 3.555E-01 3.697E-02 2.481E-03 1.549E+03 9.429E-01 1.119E+01 2.000E+00
8.580E+07 4.270E+02 4.703E-01 3.697E-02 2.481E-03 1.898E+03 9.429E-01 1.119E+01 2.000E+00
6.809E+07 4.875E+02 4.531E-01 3.697E-02 2.481E-03 1.771E+03 9.429E-01 1.119E+01 2.000E+00
2.009E+08 9.880E+02 3.555E-01 3.697E-02 2.481E-03 1.560E+03 9.429E-01 1.119E+01 2.000E+00
1.362E+09 9.880E+02 3.555E-01 3.697E-02 2.482E-03 1.549E+03 9.429E-01 1.119E+01 2.000E+00
8.905E+07 9.789E+02 3.567E-01 3.697E-02 2.483E-03 1.545E+03 9.430E-01 1.119E+01 2.000E+00
4.625E+07 5.241E+02 4.435E-01 3.697E-02 2.484E-03 1.722E+03 9.430E-01 1.119E+01 2.000E+00
2.020E+07 2.069E+02 5.410E-01 3.697E-02 2.487E-03 4.871E+03 9.430E-01 1.119E+01 2.000E+00
5.480E+07 9.323E+02 3.635E-01 3.697E-02 2.492E-03 1.533E+03 9.431E-01 1.119E+01 2.000E+00
6.718E+07 9.077E+02 3.672E-01 3.697E-02 2.502E-03 1.530E+03 9.433E-01 1.119E+01 2.000E+00
1.072E+07 2.843E+02 5.163E-01 3.697E-02 2.519E-03 2.635E+03 9.436E-01 1.119E+01 2.000E+00
2.609E+07 9.685E+02 3.583E-01 3.697E-02 2.551E-03 1.550E+03 9.442E-01 1.119E+01 2.000E+00
3.690E+07 7.547E+02 3.931E-01 3.697E-02 2.610E-03 1.549E+03 9.452E-01 1.119E+01 2.000E+00
1.323E+07 3.761E+02 4.865E-01 3.697E-02 2.718E-03 2.056E+03 9.472E-01 1.119E+01 2.000E+00
1.740E+07 4.579E+02 4.622E-01 3.697E-02 2.916E-03 1.832E+03 9.508E-01 1.120E+01 2.000E+00
4.827E+06 2.425E+02 5.336E-01 3.697E-02 3.279E-03 3.179E+03 9.561E-01 1.121E+01 2.000E+00
5.076E+06 2.738E+02 5.254E-01 3.697E-02 3.944E-03 2.661E+03 9.643E-01 1.122E+01 2.000E+00
1.685E+07 6.745E+02 4.120E-01 3.697E-02 5.162E-03 1.745E+03 9.753E-01 1.125E+01 2.000E+00
1.662E+07 4.524E+02 4.732E-01 3.697E-02 7.396E-03 1.970E+03 9.861E-01 1.130E+01 2.000E+00
4.358E+07 9.460E+02 3.615E-01 4.677E-02 2.481E-03 1.649E+03 9.766E-01 1.119E+01 2.000E+00
4.691E+07 9.460E+02 3.615E-01 4.677E-02 2.481E-03 1.648E+03 9.766E-01 1.119E+01 2.000E+00
5.462E+07 9.460E+02 3.615E-01 4.677E-02 2.481E-03 1.649E+03 9.766E-01 1.119E+01 2.000E+00
7.873E+07 9.460E+02 3.615E-01 4.677E-02 2.481E-03 1.648E+03 9.766E-01 1.119E+01 2.000E+00
4.751E+08 9.460E+02 3.615E-01 4.677E-02 2.481E-03 1.649E+03 9.766E-01 1.119E+01 2.000E+00
2.549E+07 4.732E+02 4.571E-01 4.677E-02 2.482E-03 1.825E+03 9.766E-01 1.119E+01 2.000E+00
6.386E+06 6.319E+02 4.178E-01 4.677E-02 2.483E-03 1.645E+03 9.766E-01 1.119E+01 2.000E+00
7.995E+06 5.159E+02 4.456E-01 4.677E-02 2.484E-03 1.756E+03 9.766E-01 1.119E+01 2.000E+00
2.299E+08 2.841E+02 5.164E-01 4.677E-02 2.487E-03 2.655E+03 9.767E-01 1.119E+01 2.000E+00
4.184E+07 4.663E+02 4.590E-01 4.677E-02 2.492E-03 1.837E+03 9.767E-01 1.119E+01 2.000E+00
2.573E+07 4.201E+02 4.725E-01 4.677E-02 2.502E-03 1.941E+03 9.769E-01 1.119E+01 2.000E+00
1.962E+07 5.691E+02 4.323E-01 4.677E-02 2.519E-03 1.696E+03 9.771E-01 1.119E+01 2.000E+00
7.603E+06 5.261E+02 4.431E-01 4.677E-02 2.551E-03 1.745E+03 9.775E-01 1.119E+01 2.000E+00
5.117E+07 2.837E+02 5.170E-01 4.677E-02 2.610E-03 2.651E+03 9.782E-01 1.119E+01 2.000E+00
3.632E+07 4.191E+02 4.733E-01 4.677E-02 2.718E-03 1.952E+03 9.796E-01 1.119E+01 2.000E+00
7.980E+07 6.036E+02 4.248E-01 4.677E-02 2.916E-03 1.683E+03 9.820E-01 1.120E+01 2.000E+00
1.016E+07 3.011E+02 5.134E-01 4.677E-02 3.279E-03 2.472E+03 9.856E-01 1.121E+01 2.000E+00
4.937E+07 5.315E+02 4.441E-01 4.677E-02 3.944E-03 1.790E+03 9.906E-01 1.122E+01 2.000E+00
2.360E+07 7.255E+02 4.015E-01 4.677E-02 5.162E-03 1.952E+03 9.956E-01 1.125E+01 2.000E+00
1.980E+07 4.496E+02 4.741E-01 4.677E-02 7.396E-03 2.056E+03 9.983E-01 1.130E+01 2.000E+00
2.544E+07 6.036E+02 4.242E-01 5.915E-02 2.481E-03 1.722E+03 1.000E+00 1.119E+01 0.000E+00
4.358E+07 6.036E+02 4.242E-01 5.915E-02 2.481E-03 1.723E+03 1.000E+00 1.119E+01 0.000E+00
1.011E+08 6.097E+02 4.228E-01 5.915E-02 2.481E-03 1.718E+03 1.000E+00 1.119E+01 0.000E+00
8.378E+07 5.693E+02 4.322E-01 5.915E-02 2.481E-03 1.746E+03 1.000E+00 1.119E+01 0.000E+00
4.462E+07 5.768E+02 4.304E-01 5.915E-02 2.481E-03 1.740E+03 1.000E+00 1.119E+01 0.000E+00
3.639E+07 9.259E+02 3.644E-01 5.915E-02 2.482E-03 1.880E+03 1.000E+00 1.119E+01 0.000E+00
1.723E+07 9.201E+02 3.653E-01 5.915E-02 2.483E-03 1.866E+03 1.000E+00 1.119E+01 0.000E+00
2.119E+07 8.363E+02 3.786E-01 5.915E-02 2.484E-03 1.741E+03 1.000E+00 1.119E+01 0.000E+00
7.103E+07 2.724E+02 5.205E-01 5.915E-02 2.487E-03 2.808E+03 1.000E+00 1.119E+01 0.000E+00
1.666E+08 5.935E+02 4.265E-01 5.915E-02 2.492E-03 1.729E+03 1.000E+00 1.119E+01 0.000E+00
2.331E+07 2.133E+02 5.398E-01 5.915E-02 2.502E-03 4.338E+03 1.000E+00 1.119E+01 0.000E+00
1.014E+08 7.744E+02 3.894E-01 5.915E-02 2.519E-03 1.708E+03 1.000E+00 1.119E+01 0.000E+00
5.319E+07 7.801E+02 3.884E-01 5.915E-02 2.551E-03 1.715E+03 1.000E+00 1.119E+01 0.000E+00
1.852E+07 4.411E+02 4.666E-01 5.915E-02 2.610E-03 1.936E+03 1.000E+00 1.119E+01 0.000E+00
1.310E+07 8.562E+02 3.755E-01 5.915E-02 2.718E-03 1.819E+03 1.000E+00 1.119E+01 0.000E+00
3.276E+06 2.727E+02 5.221E-01 5.915E-02 2.916E-03 2.777E+03 1.000E+00 1.120E+01 0.000E+00
2.966E+07 8.503E+02 3.770E-01 5.915E-02 3.279E-03 2.013E+03 1.000E+00 1.121E+01 0.000E+00
2.804E+08 3.466E+02 4.998E-01 5.915E-02 3.944E-03 2.238E+03 1.000E+00 1.122E+01 0.000E+00
5.481E+06 3.537E+02 5.009E-01 5.915E-02 5.162E-03 2.230E+03 1.000E+00 1.125E+01 0.000E+00
5.533E+06 3.611E+02 5.044E-01 5.915E-02 7.396E-03 2.293E+03 1.000E+00 1.130E+01 0.000E+00
4.079E+07 4.302E+02 4.696E-01 7.482E-02 2.481E-03 2.007E+03 1.000E+00 1.119E+01 0.000E+00
2.157E+07 4.383E+02 4.672E-01 7.482E-02 2.481E-03 1.991E+03 1.000E+00 1.119E+01 0.000E+00
1.492E+07 4.255E+02 4.710E-01 7.482E-02 2.481E-03 2.020E+03 1.000E+00 1.119E+01 0.000E+00
4.315E+07 5.372E+02 4.402E-01 7.482E-02 2.481E-03 1.856E+03 1.000E+00 1.119E+01 0.000E+00
1.894E+07 5.231E+02 4.438E-01 7.482E-02 2.481E-03 1.868E+03 1.000E+00 1.119E+01 0.000E+00
1.723E+08 3.462E+02 4.959E-01 7.482E-02 2.482E-03 2.281E+03 1.000E+00 1.119E+01 0.000E+00
2.965E+07 5.843E+02 4.287E-01 7.482E-02 2.483E-03 1.829E+03 1.000E+00 1.119E+01 0.000E+00
2.151E+07 3.344E+02 4.998E-01 7.482E-02 2.484E-03 2.340E+03 1.000E+00 1.119E+01 0.000E+00
4.576E+06 2.511E+02 5.279E-01 7.482E-02 2.487E-03 3.150E+03 1.000E+00 1.119E+01 0.000E+00
8.465E+06 7.874E+02 3.871E-01 7.482E-02 2.492E-03 2.066E+03 1.000E+00 1.119E+01 0.000E+00
1.052E+07 7.383E+02 3.961E-01 7.482E-02 2.502E-03 1.896E+03 1.000E+00 1.119E+01 0.000E+00
1.842E+07 2.944E+02 5.134E-01 7.482E-02 2.519E-03 3.119E+03 1.000E+00 1.119E+01 0.000E+00
6.147E+07 8.051E+02 3.840E-01 7.482E-02 2.551E-03 2.079E+03 1.000E+00 1.119E+01 0.000E+00
2.188E+07 2.498E+02 5.289E-01 7.482E-02 2.610E-03 3.161E+03 1.000E+00 1.119E+01 0.000E+00
1.384E+07 3.627E+02 4.911E-01 7.482E-02 2.718E-03 2.212E+03 1.000E+00 1.119E+01 0.000E+00
9.142E+07 3.478E+02 4.966E-01 7.482E-02 2.916E-03 2.277E+03 1.000E+00 1.120E+01 0.000E+00
6.385E+07 6.718E+02 4.103E-01 7.482E-02 3.279E-03 1.993E+03 1.000E+00 1.121E+01 0.000E+00
7.835E+06 3.877E+02 4.862E-01 7.482E-02 3.944E-03 2.170E+03 1.000E+00 1.122E+01 0.000E+00
1.928E+07 3.026E+02 5.196E-01 7.482E-02 5.162E-03 2.536E+03 1.000E+00 1.125E+01 0.000E+00
4.943E+06 4.023E+02 4.899E-01 7.482E-02 7.396E-03 2.505E+03 1.000E+00 1.130E+01 0.000E+00
1.535E+08 6.702E+02 4.097E-01 9.464E-02 2.481E-03 2.290E+03 1.000E+00 1.119E+01 0.000E+00
2.392E+07 4.923E+02 4.520E-01 9.464E-02 2.481E-03 2.026E+03 1.000E+00 1.119E+01 0.000E+00
8.574E+07 3.337E+02 5.002E-01 9.464E-02 2.481E-03 2.409E+03 1.000E+00 1.119E+01 0.000E+00
1.148E+07 2.192E+02 5.387E-01 9.464E-02 2.481E-03 4.021E+03 1.000E+00 1.119E+01 0.000E+00
2.424E+06 3.283E+02 5.020E-01 9.464E-02 2.481E-03 2.437E+03 1.000E+00 1.119E+01 0.000E+00
1.428E+07 5.596E+02 4.347E-01 9.464E-02 2.482E-03 2.015E+03 1.000E+00 1.119E+01 0.000E+00
1.317E+07 2.586E+02 5.257E-01 9.464E-02 2.483E-03 3.066E+03 1.000E+00 1.119E+01 0.000E+00
9.287E+06 4.379E+02 4.674E-01 9.464E-02 2.484E-03 2.089E+03 1.000E+00 1.119E+01 0.000E+00
8.885E+06 3.749E+02 4.867E-01 9.464E-02 2.487E-03 2.240E+03 1.000E+00 1.119E+01 0.000E+00
7.401E+06 3.511E+02 4.944E-01 9.464E-02 2.492E-03 2.328E+03 1.000E+00 1.119E+01 0.000E+00
7.528E+06 2.882E+02 5.157E-01 9.464E-02 2.502E-03 2.720E+03 1.000E+00 1.119E+01 0.000E+00
1.599E+07 5.941E+02 4.265E-01 9.464E-02 2.519E-03 2.051E+03 1.000E+00 1.119E+01 0.000E+00
2.840E+07 3.385E+02 4.988E-01 9.464E-02 2.551E-03 2.388E+03 1.000E+00 1.119E+01 0.000E+00
6.063E+07 5.877E+02 4.282E-01 9.464E-02 2.610E-03 2.067E+03 1.000E+00 1.119E+01 0.000E+00
9.467E+06 6.303E+02 4.186E-01 9.464E-02 2.718E-03 2.187E+03 1.000E+00 1.119E+01 0.000E+00
1.475E+07 2.295E+02 5.374E-01 9.464E-02 2.916E-03 3.592E+03 1.000E+00 1.120E+01 0.000E+00
2.479E+07 2.870E+02 5.189E-01 9.464E-02 3.279E-03 2.720E+03 1.000E+00 1.121E+01 0.000E+00
1.204E+07 5.660E+02 4.354E-01 9.464E-02 3.944E-03 2.531E+03 1.000E+00 1.122E+01 0.000E+00
8.873E+06 2.550E+02 5.381E-01 9.464E-02 5.162E-03 3.087E+03 1.000E+00 1.125E+01 0.000E+00
2.704E+08 3.012E+02 5.280E-01 9.464E-02 7.396E-03 2.943E+03 1.000E+00 1.130E+01 0.000E+00
7.280E+06 2.579E+02 5.263E-01 1.197E-01 2.481E-03 3.145E+03 1.000E+00 1.119E+01 0.000E+00
8.988E+06 2.579E+02 5.263E-01 1.197E-01 2.481E-03 3.145E+03 1.000E+00 1.119E+01 0.000E+00
6.201E+06 3.604E+02 4.916E-01 1.197E-01 2.481E-03 2.421E+03 1.000E+00 1.119E+01 0.000E+00
1.349E+07 3.604E+02 4.916E-01 1.197E-01 2.481E-03 2.421E+03 1.000E+00 1.119E+01 0.000E+00
5.874E+07 3.649E+02 4.901E-01 1.197E-01 2.481E-03 2.407E+03 1.000E+00 1.119E+01 0.000E+00
9.723E+06 4.349E+02 4.684E-01 1.197E-01 2.482E-03 2.293E+03 1.000E+00 1.119E+01 0.000E+00
3.146E+06 2.483E+02 5.296E-01 1.197E-01 2.483E-03 3.296E+03 1.000E+00 1.119E+01 0.000E+00
7.909E+07 2.356E+02 5.339E-01 1.197E-01 2.484E-03 3.551E+03 1.000E+00 1.119E+01 0.000E+00
1.309E+08 3.502E+02 4.949E-01 1.197E-01 2.487E-03 2.455E+03 1.000E+00 1.119E+01 0.000E+00
1.318E+07 4.842E+02 4.544E-01 1.197E-01 2.492E-03 2.321E+03 1.000E+00 1.119E+01 0.000E+00
9.218E+06 3.399E+02 4.984E-01 1.197E-01 2.502E-03 2.531E+03 1.000E+00 1.119E+01 0.000E+00
3.887E+06 5.664E+02 4.332E-01 1.197E-01 2.519E-03 2.784E+03 1.000E+00 1.119E+01 0.000E+00
1.256E+07 3.123E+02 5.079E-01 1.197E-01 2.551E-03 2.637E+03 1.000E+00 1.119E+01 0.000E+00
7.204E+06 3.613E+02 4.916E-01 1.197E-01 2.610E-03 2.429E+03 1.000E+00 1.119E+01 0.000E+00
6.817E+07 3.849E+02 4.843E-01 1.197E-01 2.718E-03 2.384E+03 1.000E+00 1.120E+01 0.000E+00
1.405E+07 2.259E+02 5.392E-01 1.197E-01 2.916E-03 3.735E+03 1.000E+00 1.120E+01 0.000E+00
1.635E+07 5.074E+02 4.495E-01 1.197E-01 3.279E-03 2.879E+03 1.000E+00 1.121E+01 0.000E+00
3.434E+06 2.589E+02 5.320E-01 1.197E-01 3.944E-03 3.111E+03 1.000E+00 1.122E+01 0.000E+00
8.255E+06 2.039E+02 5.583E-01 1.197E-01 5.162E-03 4.047E+03 1.000E+00 1.125E+01 0.000E+00
2.051E+07 2.844E+02 5.353E-01 1.197E-01 7.396E-03 3.812E+03 1.000E+00 1.130E+01 0.000E+00
9.107E+06 4.449E+02 4.656E-01 1.514E-01 2.481E-03 3.254E+03 1.000E+00 1.119E+01 0.000E+00
8.562E+07 4.274E+02 4.708E-01 1.514E-01 2.481E-03 2.988E+03 1.000E+00 1.119E+01 0.000E+00
8.032E+06 4.192E+02 4.733E-01 1.514E-01 2.481E-03 2.909E+03 1.000E+00 1.119E+01 0.000E+00
2.411E+07 4.192E+02 4.733E-01 1.514E-01 2.481E-03 2.909E+03 1.000E+00 1.119E+01 0.000E+00
8.248E+06 4.161E+02 4.742E-01 1.514E-01 2.481E-03 2.886E+03 1.000E+00 1.119E+01 0.000E+00
6.417E+07 2.977E+02 5.130E-01 1.514E-01 2.482E-03 2.921E+03 1.000E+00 1.119E+01 0.000E+00
3.139E+07 4.225E+02 4.723E-01 1.514E-01 2.483E-03 2.939E+03 1.000E+00 1.119E+01 0.000E+00
5.912E+06 3.033E+02 5.111E-01 1.514E-01 2.484E-03 2.889E+03 1.000E+00 1.119E+01 0.000E+00
1.372E+07 4.479E+02 4.648E-01 1.514E-01 2.487E-03 3.336E+03 1.000E+00 1.119E+01 0.000E+00
1.605E+07 2.246E+02 5.382E-01 1.514E-01 2.492E-03 3.919E+03 1.000E+00 1.119E+01 0.000E+00
4.045E+07 4.358E+02 4.683E-01 1.514E-01 2.502E-03 3.116E+03 1.000E+00 1.119E+01 0.000E+00
9.012E+06 2.450E+02 5.315E-01 1.514E-01 2.519E-03 3.472E+03 1.000E+00 1.119E+01 0.000E+00
9.830E+06 3.168E+02 5.067E-01 1.514E-01 2.551E-03 2.842E+03 1.000E+00 1.119E+01 0.000E+00
9.029E+06 4.363E+02 4.684E-01 1.514E-01 2.610E-03 3.287E+03 1.000E+00 1.119E+01 0.000E+00
5.433E+06 4.279E+02 4.712E-01 1.514E-01 2.718E-03 3.278E+03 1.000E+00 1.120E+01 0.000E+00
2.365E+07 2.673E+02 5.253E-01 1.514E-01 2.916E-03 3.193E+03 1.000E+00 1.120E+01 0.000E+00
4.722E+06 2.372E+02 5.376E-01 1.514E-01 3.279E-03 3.595E+03 1.000E+00 1.121E+01 0.000E+00
2.057E+07 2.768E+02 5.258E-01 1.514E-01 3.944E-03 3.268E+03 1.000E+00 1.122E+01 0.000E+00
9.574E+06 2.632E+02 5.358E-01 1.514E-01 5.162E-03 3.740E+03 1.000E+00 1.125E+01 0.000E+00
2.289E+06 2.115E+02 5.676E-01 1.514E-01 7.396E-03 5.494E+03 1.000E+00 1.130E+01 0.000E+00
8.333E+06 3.207E+02 5.055E-01 1.915E-01 2.481E-03 3.711E+03 1.000E+00 1.119E+01 0.000E+00
1.073E+07 3.207E+02 5.055E-01 1.915E-01 2.481E-03 3.691E+03 1.000E+00 1.119E+01 0.000E+00
2.374E+07 3.207E+02 5.055E-01 1.915E-01 2.481E-03 3.691E+03 1.000E+00 1.119E+01 0.000E+00
1.286E+07 3.157E+02 5.072E-01 1.915E-01 2.481E-03 3.626E+03 1.000E+00 1.119E+01 0.000E+00
7.765E+06 3.198E+02 5.058E-01 1.915E-01 2.481E-03 3.680E+03 1.000E+00 1.119E+01 0.000E+00
6.330E+07 3.258E+02 5.038E-01 1.915E-01 2.482E-03 3.783E+03 1.000E+00 1.119E+01 0.000E+00
5.025E+06 2.362E+02 5.351E-01 1.915E-01 2.483E-03 3.899E+03 1.000E+00 1.119E+01 0.000E+00
4.061E+06 2.387E+02 5.342E-01 1.915E-01 2.484E-03 3.861E+03 1.000E+00 1.119E+01 0.000E+00
1.026E+07 2.394E+02 5.340E-01 1.915E-01 2.487E-03 3.852E+03 1.000E+00 1.119E+01 0.000E+00
4.534E+06 2.453E+02 5.320E-01 1.915E-01 2.492E-03 3.765E+03 1.000E+00 1.119E+01 0.000E+00
5.702E+06 2.645E+02 5.253E-01 1.915E-01 2.502E-03 3.582E+03 1.000E+00 1.119E+01 0.000E+00
1.634E+07 2.468E+02 5.316E-01 1.915E-01 2.519E-03 3.750E+03 1.000E+00 1.119E+01 0.000E+00
6.987E+07 2.330E+02 5.365E-01 1.915E-01 2.551E-03 3.962E+03 1.000E+00 1.119E+01 0.000E+00
5.274E+07 3.074E+02 5.105E-01 1.915E-01 2.610E-03 3.663E+03 1.000E+00 1.119E+01 0.000E+00
3.387E+06 2.895E+02 5.172E-01 1.915E-01 2.718E-03 3.628E+03 1.000E+00 1.120E+01 0.000E+00
2.693E+07 2.346E+02 5.376E-01 1.915E-01 2.916E-03 3.983E+03 1.000E+00 1.120E+01 0.000E+00
1.065E+08 2.187E+02 5.450E-01 1.915E-01 3.279E-03 4.321E+03 1.000E+00 1.121E+01 0.000E+00
2.133E+07 2.518E+02 5.358E-01 1.915E-01 3.944E-03 4.467E+03 1.000E+00 1.123E+01 0.000E+00
3.894E+07 2.107E+02 5.575E-01 1.915E-01 5.162E-03 5.645E+03 1.000E+00 1.125E+01 0.000E+00
NAN NAN NAN 1.915E-01 7.396E-03 NAN 1.000E+00 1.130E+01 0.000E+00
7.371E+08 2.146E+02 5.436E-01 2.422E-01 2.481E-03 5.167E+03 1.000E+00 1.119E+01 0.000E+00
2.870E+07 2.156E+02 5.432E-01 2.422E-01 2.481E-03 5.154E+03 1.000E+00 1.119E+01 0.000E+00
8.364E+07 2.156E+02 5.432E-01 2.422E-01 2.481E-03 5.154E+03 1.000E+00 1.119E+01 0.000E+00
1.656E+07 2.273E+02 5.392E-01 2.422E-01 2.481E-03 5.126E+03 1.000E+00 1.119E+01 0.000E+00
7.038E+06 2.216E+02 5.412E-01 2.422E-01 2.481E-03 5.111E+03 1.000E+00 1.119E+01 0.000E+00
9.482E+05 2.418E+02 5.341E-01 2.422E-01 2.482E-03 5.502E+03 1.000E+00 1.119E+01 0.000E+00
1.990E+06 2.145E+02 5.436E-01 2.422E-01 2.483E-03 5.168E+03 1.000E+00 1.119E+01 0.000E+00
4.012E+07 2.299E+02 5.383E-01 2.422E-01 2.484E-03 5.151E+03 1.000E+00 1.119E+01 0.000E+00
3.233E+06 2.259E+02 5.397E-01 2.422E-01 2.487E-03 5.122E+03 1.000E+00 1.119E+01 0.000E+00
1.518E+07 2.253E+02 5.400E-01 2.422E-01 2.492E-03 5.125E+03 1.000E+00 1.119E+01 0.000E+00
2.239E+07 2.399E+02 5.348E-01 2.422E-01 2.502E-03 5.468E+03 1.000E+00 1.119E+01 0.000E+00
5.268E+07 2.089E+02 5.457E-01 2.422E-01 2.519E-03 5.286E+03 1.000E+00 1.119E+01 0.000E+00
1.111E+07 2.073E+02 5.464E-01 2.422E-01 2.551E-03 5.340E+03 1.000E+00 1.119E+01 0.000E+00
3.898E+06 2.357E+02 5.368E-01 2.422E-01 2.610E-03 5.589E+03 1.000E+00 1.120E+01 0.000E+00
1.110E+07 2.097E+02 5.465E-01 2.422E-01 2.718E-03 5.414E+03 1.000E+00 1.120E+01 0.000E+00
3.363E+06 2.132E+02 5.463E-01 2.422E-01 2.916E-03 5.643E+03 1.000E+00 1.120E+01 0.000E+00
1.210E+07 2.014E+02 5.523E-01 2.422E-01 3.279E-03 6.163E+03 1.000E+00 1.121E+01 0.000E+00
NAN NAN NAN 2.422E-01 3.944E-03 NAN 1.000E+00 1.123E+01 0.000E+00
NAN NAN NAN 2.422E-01 5.162E-03 NAN 1.000E+00 1.125E+01 0.000E+00
NAN NAN NAN 2.422E-01 7.396E-03 NAN 1.000E+00 1.131E+01 0.000E+00
NAN NAN NAN 3.064E-01 2.481E-03 NAN 1.000E+00 1.119E+01 0.000E+00
NAN NAN NAN 3.064E-01 2.481E-03 NAN 1.000E+00 1.119E+01 0.000E+00
NAN NAN NAN 3.064E-01 2.481E-03 NAN 1.000E+00 1.119E+01 0.000E+00
NAN NAN NAN 3.064E-01 2.481E-03 NAN 1.000E+00 1.119E+01 0.000E+00
NAN NAN NAN 3.064E-01 2.481E-03 NAN 1.000E+00 1.119E+01 0.000E+00
NAN NAN NAN 3.064E-01 2.482E-03 NAN 1.000E+00 1.119E+01 0.000E+00
NAN NAN NAN 3.064E-01 2.483E-03 NAN 1.000E+00 1.119E+01 0.000E+00
NAN NAN NAN 3.064E-01 2.484E-03 NAN 1.000E+00 1.119E+01 0.000E+00
NAN NAN NAN 3.064E-01 2.487E-03 NAN 1.000E+00 1.119E+01 0.000E+00
NAN NAN NAN 3.064E-01 2.492E-03 NAN 1.000E+00 1.119E+01 0.000E+00
NAN NAN NAN 3.064E-01 2.502E-03 NAN 1.000E+00 1.119E+01 0.000E+00
NAN NAN NAN 3.064E-01 2.519E-03 NAN 1.000E+00 1.120E+01 0.000E+00
NAN NAN NAN 3.064E-01 2.551E-03 NAN 1.000E+00 1.120E+01 0.000E+00
NAN NAN NAN 3.064E-01 2.610E-03 NAN 1.000E+00 1.120E+01 0.000E+00
NAN NAN NAN 3.064E-01 2.718E-03 NAN 1.000E+00 1.120E+01 0.000E+00
NAN NAN NAN 3.064E-01 2.916E-03 NAN 1.000E+00 1.120E+01 0.000E+00
NAN NAN NAN 3.064E-01 3.279E-03 NAN 1.000E+00 1.121E+01 0.000E+00
NAN NAN NAN 3.064E-01 3.944E-03 NAN 1.000E+00 1.123E+01 0.000E+00
NAN NAN NAN 3.064E-01 5.162E-03 NAN 1.000E+00 1.126E+01 0.000E+00
NAN NAN NAN 3.064E-01 7.396E-03 NAN 1.000E+00 1.131E+01 0.000E+00
NAN NAN NAN 3.875E-01 2.481E-03 NAN 1.000E+00 1.120E+01 0.000E+00
NAN NAN NAN 3.875E-01 2.481E-03 NAN 1.000E+00 1.120E+01 0.000E+00
NAN NAN NAN 3.875E-01 2.481E-03 NAN 1.000E+00 1.120E+01 0.000E+00
NAN NAN NAN 3.875E-01 2.481E-03 NAN 1.000E+00 1.120E+01 0.000E+00
NAN NAN NAN 3.875E-01 2.481E-03 NAN 1.000E+00 1.120E+01 0.000E+00
NAN NAN NAN 3.875E-01 2.482E-03 NAN 1.000E+00 1.120E+01 0.000E+00
NAN NAN NAN 3.875E-01 2.483E-03 NAN 1.000E+00 1.120E+01 0.000E+00
NAN NAN NAN 3.875E-01 2.484E-03 NAN 1.000E+00 1.120E+01 0.000E+00
NAN NAN NAN 3.875E-01 2.487E-03 NAN 1.000E+00 1.120E+01 0.000E+00
NAN NAN NAN 3.875E-01 2.492E-03 NAN 1.000E+00 1.120E+01 0.000E+00
NAN NAN NAN 3.875E-01 2.502E-03 NAN 1.000E+00 1.120E+01 0.000E+00
NAN NAN NAN 3.875E-01 2.519E-03 NAN 1.000E+00 1.120E+01 0.000E+00
NAN NAN NAN 3.875E-01 2.551E-03 NAN 1.000E+00 1.120E+01 0.000E+00
NAN NAN NAN 3.875E-01 2.610E-03 NAN 1.000E+00 1.120E+01 0.000E+00
NAN NAN NAN 3.875E-01 2.718E-03 NAN 1.000E+00 1.120E+01 0.000E+00
NAN NAN NAN 3.875E-01 2.916E-03 NAN 1.000E+00 1.121E+01 0.000E+00
NAN NAN NAN 3.875E-01 3.279E-03 NAN 1.000E+00 1.121E+01 0.000E+00
NAN NAN NAN 3.875E-01 3.944E-03 NAN 1.000E+00 1.123E+01 0.000E+00
NAN NAN NAN 3.875E-01 5.162E-03 NAN 1.000E+00 1.126E+01 0.000E+00
NAN NAN NAN 3.875E-01 7.396E-03 NAN 1.000E+00 1.131E+01 0.000E+00
NAN NAN NAN 4.902E-01 2.481E-03 NAN 1.000E+00 1.120E+01 0.000E+00
NAN NAN NAN 4.902E-01 2.481E-03 NAN 1.000E+00 1.120E+01 0.000E+00
NAN NAN NAN 4.902E-01 2.481E-03 NAN 1.000E+00 1.120E+01 0.000E+00
NAN NAN NAN 4.902E-01 2.481E-03 NAN 1.000E+00 1.120E+01 0.000E+00
NAN NAN NAN 4.902E-01 2.481E-03 NAN 1.000E+00 1.120E+01 0.000E+00
NAN NAN NAN 4.902E-01 2.482E-03 NAN 1.000E+00 1.120E+01 0.000E+00
NAN NAN NAN 4.902E-01 2.483E-03 NAN 1.000E+00 1.120E+01 0.000E+00
NAN NAN NAN 4.902E-01 2.484E-03 NAN 1.000E+00 1.120E+01 0.000E+00
NAN NAN NAN 4.902E-01 2.487E-03 NAN 1.000E+00 1.120E+01 0.000E+00
NAN NAN NAN 4.902E-01 2.492E-03 NAN 1.000E+00 1.120E+01 0.000E+00
NAN NAN NAN 4.902E-01 2.502E-03 NAN 1.000E+00 1.120E+01 0.000E+00
NAN NAN NAN 4.902E-01 2.519E-03 NAN 1.000E+00 1.120E+01 0.000E+00
NAN NAN NAN 4.902E-01 2.551E-03 NAN 1.000E+00 1.120E+01 0.000E+00
NAN NAN NAN 4.902E-01 2.610E-03 NAN 1.000E+00 1.120E+01 0.000E+00
NAN NAN NAN 4.902E-01 2.718E-03 NAN 1.000E+00 1.120E+01 0.000E+00
NAN NAN NAN 4.902E-01 2.916E-03 NAN 1.000E+00 1.121E+01 0.000E+00
NAN NAN NAN 4.902E-01 3.279E-03 NAN 1.000E+00 1.122E+01 0.000E+00
NAN NAN NAN 4.902E-01 3.944E-03 NAN 1.000E+00 1.123E+01 0.000E+00
NAN NAN NAN 4.902E-01 5.162E-03 NAN 1.000E+00 1.126E+01 0.000E+00
NAN NAN NAN 4.902E-01 7.396E-03 NAN 1.000E+00 1.131E+01 0.000E+00
NAN NAN NAN 6.200E-01 2.481E-03 NAN 1.000E+00 1.120E+01 0.000E+00
NAN NAN NAN 6.200E-01 2.481E-03 NAN 1.000E+00 1.120E+01 0.000E+00
NAN NAN NAN 6.200E-01 2.481E-03 NAN 1.000E+00 1.120E+01 0.000E+00
NAN NAN NAN 6.200E-01 2.481E-03 NAN 1.000E+00 1.120E+01 0.000E+00
NAN NAN NAN 6.200E-01 2.481E-03 NAN 1.000E+00 1.120E+01 0.000E+00
NAN NAN NAN 6.200E-01 2.482E-03 NAN 1.000E+00 1.120E+01 0.000E+00
NAN NAN NAN 6.200E-01 2.483E-03 NAN 1.000E+00 1.120E+01 0.000E+00
NAN NAN NAN 6.200E-01 2.484E-03 NAN 1.000E+00 1.120E+01 0.000E+00
NAN NAN NAN 6.200E-01 2.487E-03 NAN 1.000E+00 1.120E+01 0.000E+00
NAN NAN NAN 6.200E-01 2.492E-03 NAN 1.000E+00 1.120E+01 0.000E+00
NAN NAN NAN 6.200E-01 2.502E-03 NAN 1.000E+00 1.120E+01 0.000E+00
NAN NAN NAN 6.200E-01 2.519E-03 NAN 1.000E+00 1.120E+01 0.000E+00
NAN NAN NAN 6.200E-01 2.551E-03 NAN 1.000E+00 1.120E+01 0.000E+00
NAN NAN NAN 6.200E-01 2.610E-03 NAN 1.000E+00 1.120E+01 0.000E+00
NAN NAN NAN 6.200E-01 2.718E-03 NAN 1.000E+00 1.121E+01 0.000E+00
NAN NAN NAN 6.200E-01 2.916E-03 NAN 1.000E+00 1.121E+01 0.000E+00
NAN NAN NAN 6.200E-01 3.279E-03 NAN 1.000E+00 1.122E+01 0.000E+00
NAN NAN NAN 6.200E-01 3.944E-03 NAN 1.000E+00 1.123E+01 0.000E+00
NAN NAN NAN 6.200E-01 5.162E-03 NAN 1.000E+00 1.126E+01 0.000E+00
NAN NAN NAN 6.200E-01 7.396E-03 NAN 1.000E+00 1.131E+01 0.000E+00
NAN NAN NAN 7.842E-01 2.481E-03 NAN 1.000E+00 1.121E+01 3.000E+00
NAN NAN NAN 7.842E-01 2.481E-03 NAN 1.000E+00 1.121E+01 3.000E+00
NAN NAN NAN 7.842E-01 2.481E-03 NAN 1.000E+00 1.121E+01 3.000E+00
NAN NAN NAN 7.842E-01 2.481E-03 NAN 1.000E+00 1.121E+01 3.000E+00
NAN NAN NAN 7.842E-01 2.481E-03 NAN 1.000E+00 1.121E+01 3.000E+00
NAN NAN NAN 7.842E-01 2.482E-03 NAN 1.000E+00 1.121E+01 3.000E+00
NAN NAN NAN 7.842E-01 2.483E-03 NAN 1.000E+00 1.121E+01 3.000E+00
NAN NAN NAN 7.842E-01 2.484E-03 NAN 1.000E+00 1.121E+01 3.000E+00
NAN NAN NAN 7.842E-01 2.487E-03 NAN 1.000E+00 1.121E+01 3.000E+00
NAN NAN NAN 7.842E-01 2.492E-03 NAN 1.000E+00 1.121E+01 3.000E+00
NAN NAN NAN 7.842E-01 2.502E-03 NAN 1.000E+00 1.121E+01 3.000E+00
NAN NAN NAN 7.842E-01 2.519E-03 NAN 1.000E+00 1.121E+01 3.000E+00
NAN NAN NAN 7.842E-01 2.551E-03 NAN 1.000E+00 1.121E+01 3.000E+00
NAN NAN NAN 7.842E-01 2.610E-03 NAN 1.000E+00 1.121E+01 3.000E+00
NAN NAN NAN 7.842E-01 2.718E-03 NAN 1.000E+00 1.121E+01 3.000E+00
NAN NAN NAN 7.842E-01 2.916E-03 NAN 1.000E+00 1.122E+01 3.000E+00
NAN NAN NAN 7.842E-01 3.279E-03 NAN 1.000E+00 1.122E+01 3.000E+00
NAN NAN NAN 7.842E-01 3.944E-03 NAN 1.000E+00 1.124E+01 3.000E+00
NAN NAN NAN 7.842E-01 5.162E-03 NAN 1.000E+00 1.127E+01 3.000E+00
NAN NAN NAN 7.842E-01 7.396E-03 NAN 1.000E+00 1.132E+01 0.000E+00
NAN NAN NAN 9.919E-01 2.481E-03 NAN 1.000E+00 1.121E+01 3.000E+00
NAN NAN NAN 9.919E-01 2.481E-03 NAN 1.000E+00 1.121E+01 3.000E+00
NAN NAN NAN 9.919E-01 2.481E-03 NAN 1.000E+00 1.121E+01 3.000E+00
NAN NAN NAN 9.919E-01 2.481E-03 NAN 1.000E+00 1.121E+01 3.000E+00
NAN NAN NAN 9.919E-01 2.481E-03 NAN 1.000E+00 1.121E+01 3.000E+00
NAN NAN NAN 9.919E-01 2.482E-03 NAN 1.000E+00 1.121E+01 3.000E+00
NAN NAN NAN 9.919E-01 2.483E-03 NAN 1.000E+00 1.121E+01 3.000E+00
NAN NAN NAN 9.919E-01 2.484E-03 NAN 1.000E+00 1.121E+01 3.000E+00
NAN NAN NAN 9.919E-01 2.487E-03 NAN 1.000E+00 1.121E+01 3.000E+00
NAN NAN NAN 9.919E-01 2.492E-03 NAN 1.000E+00 1.121E+01 3.000E+00
NAN NAN NAN 9.919E-01 2.502E-03 NAN 1.000E+00 1.121E+01 3.000E+00
NAN NAN NAN 9.919E-01 2.519E-03 NAN 1.000E+00 1.121E+01 3.000E+00
NAN NAN NAN 9.919E-01 2.551E-03 NAN 1.000E+00 1.121E+01 3.000E+00
NAN NAN NAN 9.919E-01 2.610E-03 NAN 1.000E+00 1.121E+01 3.000E+00
NAN NAN NAN 9.919E-01 2.718E-03 NAN 1.000E+00 1.122E+01 3.000E+00
NAN NAN NAN 9.919E-01 2.916E-03 NAN 1.000E+00 1.122E+01 3.000E+00
NAN NAN NAN 9.919E-01 3.279E-03 NAN 1.000E+00 1.123E+01 3.000E+00
NAN NAN NAN 9.919E-01 3.944E-03 NAN 1.000E+00 1.124E+01 3.000E+00
NAN NAN NAN 9.919E-01 5.162E-03 NAN 1.000E+00 1.127E+01 3.000E+00
NAN NAN NAN 9.919E-01 7.396E-03 NAN 1.000E+00 1.132E+01 3.000E+00
NAN NAN NAN 1.255E+00 2.481E-03 NAN 1.000E+00 1.122E+01 3.000E+00
NAN NAN NAN 1.255E+00 2.481E-03 NAN 1.000E+00 1.122E+01 3.000E+00
NAN NAN NAN 1.255E+00 2.481E-03 NAN 1.000E+00 1.122E+01 3.000E+00
NAN NAN NAN 1.255E+00 2.481E-03 NAN 1.000E+00 1.122E+01 3.000E+00
NAN NAN NAN 1.255E+00 2.481E-03 NAN 1.000E+00 1.122E+01 3.000E+00
NAN NAN NAN 1.255E+00 2.482E-03 NAN 1.000E+00 1.122E+01 3.000E+00
NAN NAN NAN 1.255E+00 2.483E-03 NAN 1.000E+00 1.122E+01 3.000E+00
NAN NAN NAN 1.255E+00 2.484E-03 NAN 1.000E+00 1.122E+01 3.000E+00
NAN NAN NAN 1.255E+00 2.487E-03 NAN 1.000E+00 1.122E+01 3.000E+00
NAN NAN NAN 1.255E+00 2.492E-03 NAN 1.000E+00 1.122E+01 3.000E+00
NAN NAN NAN 1.255E+00 2.502E-03 NAN 1.000E+00 1.122E+01 3.000E+00
NAN NAN NAN 1.255E+00 2.519E-03 NAN 1.000E+00 1.122E+01 3.000E+00
NAN NAN NAN 1.255E+00 2.551E-03 NAN 1.000E+00 1.122E+01 3.000E+00
NAN NAN NAN 1.255E+00 2.610E-03 NAN 1.000E+00 1.122E+01 3.000E+00
NAN NAN NAN 1.255E+00 2.718E-03 NAN 1.000E+00 1.122E+01 3.000E+00
NAN NAN NAN 1.255E+00 2.916E-03 NAN 1.000E+00 1.123E+01 3.000E+00
NAN NAN NAN 1.255E+00 3.279E-03 NAN 1.000E+00 1.123E+01 3.000E+00
NAN NAN NAN 1.255E+00 3.944E-03 NAN 1.000E+00 1.125E+01 3.000E+00
NAN NAN NAN 1.255E+00 5.162E-03 NAN 1.000E+00 1.128E+01 3.000E+00
NAN NAN NAN 1.255E+00 7.396E-03 NAN 1.000E+00 1.133E+01 3.000E+00
NAN NAN NAN 1.587E+00 2.481E-03 NAN 1.000E+00 1.122E+01 3.000E+00
NAN NAN NAN 1.587E+00 2.481E-03 NAN 1.000E+00 1.122E+01 3.000E+00
NAN NAN NAN 1.587E+00 2.481E-03 NAN 1.000E+00 1.122E+01 3.000E+00
NAN NAN NAN 1.587E+00 2.481E-03 NAN 1.000E+00 1.122E+01 3.000E+00
NAN NAN NAN 1.587E+00 2.481E-03 NAN 1.000E+00 1.122E+01 3.000E+00
NAN NAN NAN 1.587E+00 2.482E-03 NAN 1.000E+00 1.122E+01 3.000E+00
NAN NAN NAN 1.587E+00 2.483E-03 NAN 1.000E+00 1.122E+01 3.000E+00
NAN NAN NAN 1.587E+00 2.484E-03 NAN 1.000E+00 1.122E+01 3.000E+00
NAN NAN NAN 1.587E+00 2.487E-03 NAN 1.000E+00 1.122E+01 3.000E+00
NAN NAN NAN 1.587E+00 2.492E-03 NAN 1.000E+00 1.122E+01 3.000E+00
NAN NAN NAN 1.587E+00 2.502E-03 NAN 1.000E+00 1.122E+01 3.000E+00
NAN NAN NAN 1.587E+00 2.519E-03 NAN 1.000E+00 1.122E+01 3.000E+00
NAN NAN NAN 1.587E+00 2.551E-03 NAN 1.000E+00 1.123E+01 3.000E+00
NAN NAN NAN 1.587E+00 2.610E-03 NAN 1.000E+00 1.123E+01 3.000E+00
NAN NAN NAN 1.587E+00 2.718E-03 NAN 1.000E+00 1.123E+01 3.000E+00
NAN NAN NAN 1.587E+00 2.916E-03 NAN 1.000E+00 1.123E+01 3.000E+00
NAN NAN NAN 1.587E+00 3.279E-03 NAN 1.000E+00 1.124E+01 3.000E+00
NAN NAN NAN 1.587E+00 3.944E-03 NAN 1.000E+00 1.126E+01 3.000E+00
NAN NAN NAN 1.587E+00 5.162E-03 NAN 1.000E+00 1.129E+01 3.000E+00
NAN NAN NAN 1.587E+00 7.396E-03 NAN 1.000E+00 1.134E+01 3.000E+00
NAN NAN NAN 2.007E+00 2.481E-03 NAN 1.000E+00 1.123E+01 3.000E+00
NAN NAN NAN 2.007E+00 2.481E-03 NAN 1.000E+00 1.123E+01 3.000E+00
NAN NAN NAN 2.007E+00 2.481E-03 NAN 1.000E+00 1.123E+01 3.000E+00
NAN NAN NAN 2.007E+00 2.481E-03 NAN 1.000E+00 1.123E+01 3.000E+00
NAN NAN NAN 2.007E+00 2.481E-03 NAN 1.000E+00 1.123E+01 3.000E+00
NAN NAN NAN 2.007E+00 2.482E-03 NAN 1.000E+00 1.123E+01 3.000E+00
NAN NAN NAN 2.007E+00 2.483E-03 NAN 1.000E+00 1.123E+01 3.000E+00
NAN NAN NAN 2.007E+00 2.484E-03 NAN 1.000E+00 1.123E+01 3.000E+00
NAN NAN NAN 2.007E+00 2.487E-03 NAN 1.000E+00 1.123E+01 3.000E+00
NAN NAN NAN 2.007E+00 2.492E-03 NAN 1.000E+00 1.123E+01 3.000E+00
NAN NAN NAN 2.007E+00 2.502E-03 NAN 1.000E+00 1.123E+01 3.000E+00
NAN NAN NAN 2.007E+00 2.519E-03 NAN 1.000E+00 1.123E+01 3.000E+00
NAN NAN NAN 2.007E+00 2.551E-03 NAN 1.000E+00 1.123E+01 3.000E+00
NAN NAN NAN 2.007E+00 2.610E-03 NAN 1.000E+00 1.124E+01 3.000E+00
NAN NAN NAN 2.007E+00 2.718E-03 NAN 1.000E+00 1.124E+01 3.000E+00
NAN NAN NAN 2.007E+00 2.916E-03 NAN 1.000E+00 1.124E+01 3.000E+00
NAN NAN NAN 2.007E+00 3.279E-03 NAN 1.000E+00 1.125E+01 3.000E+00
NAN NAN NAN 2.007E+00 3.944E-03 NAN 1.000E+00 1.127E+01 3.000E+00
NAN NAN NAN 2.007E+00 5.162E-03 NAN 1.000E+00 1.129E+01 3.000E+00
NAN NAN NAN 2.007E+00 7.396E-03 NAN 1.000E+00 1.137E+01 3.000E+00
NAN NAN NAN 2.539E+00 2.481E-03 NAN 1.000E+00 1.368E+01 3.000E+00
NAN NAN NAN 2.539E+00 2.481E-03 NAN 1.000E+00 1.368E+01 3.000E+00
NAN NAN NAN 2.539E+00 2.481E-03 NAN 1.000E+00 1.368E+01 3.000E+00
NAN NAN NAN 2.539E+00 2.481E-03 NAN 1.000E+00 1.368E+01 3.000E+00
NAN NAN NAN 2.539E+00 2.481E-03 NAN 1.000E+00 1.368E+01 3.000E+00
NAN NAN NAN 2.539E+00 2.482E-03 NAN 1.000E+00 1.368E+01 3.000E+00
NAN NAN NAN 2.539E+00 2.483E-03 NAN 1.000E+00 1.368E+01 3.000E+00
NAN NAN NAN 2.539E+00 2.484E-03 NAN 1.000E+00 1.368E+01 3.000E+00
NAN NAN NAN 2.539E+00 2.487E-03 NAN 1.000E+00 1.368E+01 3.000E+00
NAN NAN NAN 2.539E+00 2.492E-03 NAN 1.000E+00 1.368E+01 3.000E+00
NAN NAN NAN 2.539E+00 2.502E-03 NAN 1.000E+00 1.368E+01 3.000E+00
NAN NAN NAN 2.539E+00 2.519E-03 NAN 1.000E+00 1.368E+01 3.000E+00
NAN NAN NAN 2.539E+00 2.551E-03 NAN 1.000E+00 1.368E+01 3.000E+00
NAN NAN NAN 2.539E+00 2.610E-03 NAN 1.000E+00 1.369E+01 3.000E+00
NAN NAN NAN 2.539E+00 2.718E-03 NAN 1.000E+00 1.369E+01 3.000E+00
NAN NAN NAN 2.539E+00 2.916E-03 NAN 1.000E+00 1.371E+01 3.000E+00
NAN NAN NAN 2.539E+00 3.279E-03 NAN 1.000E+00 1.373E+01 3.000E+00
NAN NAN NAN 2.539E+00 3.944E-03 NAN 1.000E+00 1.378E+01 3.000E+00
NAN NAN NAN 2.539E+00 5.162E-03 NAN 1.000E+00 1.387E+01 3.000E+00
NAN NAN NAN 2.539E+00 7.396E-03 NAN 1.000E+00 1.402E+01 3.000E+00
NAN NAN NAN 3.211E+00 2.481E-03 NAN 1.000E+00 1.703E+01 3.000E+00
NAN NAN NAN 3.211E+00 2.481E-03 NAN 1.000E+00 1.703E+01 3.000E+00
NAN NAN NAN 3.211E+00 2.481E-03 NAN 1.000E+00 1.703E+01 3.000E+00
NAN NAN NAN 3.211E+00 2.481E-03 NAN 1.000E+00 1.703E+01 3.000E+00
NAN NAN NAN 3.211E+00 2.481E-03 NAN 1.000E+00 1.703E+01 3.000E+00
NAN NAN NAN 3.211E+00 2.482E-03 NAN 1.000E+00 1.703E+01 3.000E+00
NAN NAN NAN 3.211E+00 2.483E-03 NAN 1.000E+00 1.703E+01 3.000E+00
NAN NAN NAN 3.211E+00 2.484E-03 NAN 1.000E+00 1.703E+01 3.000E+00
NAN NAN NAN 3.211E+00 2.487E-03 NAN 1.000E+00 1.703E+01 3.000E+00
NAN NAN NAN 3.211E+00 2.492E-03 NAN 1.000E+00 1.703E+01 3.000E+00
NAN NAN NAN 3.211E+00 2.502E-03 NAN 1.000E+00 1.703E+01 3.000E+00
NAN NAN NAN 3.211E+00 2.519E-03 NAN 1.000E+00 1.703E+01 3.000E+00
NAN NAN NAN 3.211E+00 2.551E-03 NAN 1.000E+00 1.704E+01 3.000E+00
NAN NAN NAN 3.211E+00 2.610E-03 NAN 1.000E+00 1.704E+01 3.000E+00
NAN NAN NAN 3.211E+00 2.718E-03 NAN 1.000E+00 1.705E+01 3.000E+00
NAN NAN NAN 3.211E+00 2.916E-03 NAN 1.000E+00 1.706E+01 3.000E+00
NAN NAN NAN 3.211E+00 3.279E-03 NAN 1.000E+00 1.709E+01 3.000E+00
NAN NAN NAN 3.211E+00 3.944E-03 NAN 1.000E+00 1.713E+01 3.000E+00
NAN NAN NAN 3.211E+00 5.162E-03 NAN 1.000E+00 1.722E+01 3.000E+00
NAN NAN NAN 3.211E+00 7.396E-03 NAN 1.000E+00 1.738E+01 3.000E+00
NAN NAN NAN 4.062E+00 2.481E-03 NAN 1.000E+00 2.129E+01 3.000E+00
NAN NAN NAN 4.062E+00 2.481E-03 NAN 1.000E+00 2.129E+01 3.000E+00
NAN NAN NAN 4.062E+00 2.481E-03 NAN 1.000E+00 2.129E+01 3.000E+00
NAN NAN NAN 4.062E+00 2.481E-03 NAN 1.000E+00 2.129E+01 3.000E+00
NAN NAN NAN 4.062E+00 2.481E-03 NAN 1.000E+00 2.129E+01 3.000E+00
NAN NAN NAN 4.062E+00 2.482E-03 NAN 1.000E+00 2.129E+01 3.000E+00
NAN NAN NAN 4.062E+00 2.483E-03 NAN 1.000E+00 2.129E+01 3.000E+00
NAN NAN NAN 4.062E+00 2.484E-03 NAN 1.000E+00 2.129E+01 3.000E+00
NAN NAN NAN 4.062E+00 2.487E-03 NAN 1.000E+00 2.129E+01 3.000E+00
NAN NAN NAN 4.062E+00 2.492E-03 NAN 1.000E+00 2.129E+01 3.000E+00
NAN NAN NAN 4.062E+00 2.502E-03 NAN 1.000E+00 2.129E+01 3.000E+00
NAN NAN NAN 4.062E+00 2.519E-03 NAN 1.000E+00 2.129E+01 3.000E+00
NAN NAN NAN 4.062E+00 2.551E-03 NAN 1.000E+00 2.129E+01 3.000E+00
NAN NAN NAN 4.062E+00 2.610E-03 NAN 1.000E+00 2.130E+01 3.000E+00
NAN NAN NAN 4.062E+00 2.718E-03 NAN 1.000E+00 2.130E+01 3.000E+00
NAN NAN NAN 4.062E+00 2.916E-03 NAN 1.000E+00 2.132E+01 3.000E+00
NAN NAN NAN 4.062E+00 3.279E-03 NAN 1.000E+00 2.134E+01 3.000E+00
NAN NAN NAN 4.062E+00 3.944E-03 NAN 1.000E+00 2.138E+01 3.000E+00
NAN NAN NAN 4.062E+00 5.162E-03 NAN 1.000E+00 2.147E+01 3.000E+00
NAN NAN NAN 4.062E+00 7.396E-03 NAN 1.000E+00 2.162E+01 3.000E+00
NAN NAN NAN 5.138E+00 2.481E-03 NAN 1.000E+00 2.667E+01 3.000E+00
NAN NAN NAN 5.138E+00 2.481E-03 NAN 1.000E+00 2.667E+01 3.000E+00
NAN NAN NAN 5.138E+00 2.481E-03 NAN 1.000E+00 2.667E+01 3.000E+00
NAN NAN NAN 5.138E+00 2.481E-03 NAN 1.000E+00 2.667E+01 3.000E+00
NAN NAN NAN 5.138E+00 2.481E-03 NAN 1.000E+00 2.667E+01 3.000E+00
NAN NAN NAN 5.138E+00 2.482E-03 NAN 1.000E+00 2.667E+01 3.000E+00
NAN NAN NAN 5.138E+00 2.483E-03 NAN 1.000E+00 2.667E+01 3.000E+00
NAN NAN NAN 5.138E+00 2.484E-03 NAN 1.000E+00 2.667E+01 3.000E+00
NAN NAN NAN 5.138E+00 2.487E-03 NAN 1.000E+00 2.667E+01 3.000E+00
NAN NAN NAN 5.138E+00 2.492E-03 NAN 1.000E+00 2.667E+01 3.000E+00
NAN NAN NAN 5.138E+00 2.502E-03 NAN 1.000E+00 2.667E+01 3.000E+00
NAN NAN NAN 5.138E+00 2.519E-03 NAN 1.000E+00 2.668E+01 3.000E+00
NAN NAN NAN 5.138E+00 2.551E-03 NAN 1.000E+00 2.668E+01 3.000E+00
NAN NAN NAN 5.138E+00 2.610E-03 NAN 1.000E+00 2.668E+01 3.000E+00
NAN NAN NAN 5.138E+00 2.718E-03 NAN 1.000E+00 2.669E+01 3.000E+00
NAN NAN NAN 5.138E+00 2.916E-03 NAN 1.000E+00 2.670E+01 3.000E+00
NAN NAN NAN 5.138E+00 3.279E-03 NAN 1.000E+00 2.673E+01 3.000E+00
NAN NAN NAN 5.138E+00 3.944E-03 NAN 1.000E+00 2.677E+01 3.000E+00
NAN NAN NAN 5.138E+00 5.162E-03 NAN 1.000E+00 2.685E+01 3.000E+00
NAN NAN NAN 5.138E+00 7.396E-03 NAN 1.000E+00 2.699E+01 3.000E+00
