6.993E+07 9.344E+02 2.287E-01 5.137E-05 9.876E-04 1.415E+03 6.848E-01 7.045E+00 2.000E+00
8.176E+07 9.344E+02 2.287E-01 5.137E-05 9.877E-04 1.415E+03 6.848E-01 7.045E+00 2.000E+00
1.195E+08 9.344E+02 2.287E-01 5.137E-05 9.877E-04 1.423E+03 6.848E-01 7.045E+00 2.000E+00
9.509E+08 9.344E+02 2.287E-01 5.137E-05 9.879E-04 1.415E+03 6.848E-01 7.045E+00 2.000E+00
6.120E+07 2.605E+02 3.281E-01 5.137E-05 9.881E-04 3.051E+03 6.848E-01 7.045E+00 2.000E+00
1.379E+07 8.685E+02 2.350E-01 5.137E-05 9.886E-04 1.423E+03 6.849E-01 7.045E+00 2.000E+00
3.831E+08 8.604E+02 2.358E-01 5.137E-05 9.894E-04 1.425E+03 6.849E-01 7.045E+00 2.000E+00
1.829E+07 9.013E+02 2.318E-01 5.137E-05 9.910E-04 1.418E+03 6.850E-01 7.045E+00 2.000E+00
7.031E+07 6.889E+02 2.553E-01 5.137E-05 9.938E-04 1.496E+03 6.851E-01 7.046E+00 2.000E+00
1.112E+08 5.596E+02 2.732E-01 5.137E-05 9.991E-04 1.614E+03 6.854E-01 7.046E+00 2.000E+00
6.710E+07 6.950E+02 2.545E-01 5.137E-05 1.009E-03 1.510E+03 6.859E-01 7.046E+00 2.000E+00
2.659E+08 5.750E+02 2.709E-01 5.137E-05 1.026E-03 1.596E+03 6.867E-01 7.046E+00 2.000E+00
2.954E+07 6.765E+02 2.569E-01 5.137E-05 1.058E-03 1.507E+03 6.882E-01 7.047E+00 2.000E+00
5.119E+07 5.211E+02 2.794E-01 5.137E-05 1.117E-03 1.669E+03 6.911E-01 7.048E+00 2.000E+00
7.889E+08 7.033E+02 2.537E-01 5.137E-05 1.225E-03 1.499E+03 6.964E-01 7.051E+00 2.000E+00
1.079E+08 5.582E+02 2.741E-01 5.137E-05 1.423E-03 1.627E+03 7.060E-01 7.055E+00 2.000E+00
1.752E+08 4.942E+02 2.851E-01 5.137E-05 1.786E-03 1.725E+03 7.219E-01 7.064E+00 2.000E+00
4.371E+07 3.145E+02 3.219E-01 5.137E-05 2.451E-03 2.302E+03 7.503E-01 7.079E+00 2.000E+00
1.251E+07 7.084E+02 2.559E-01 5.137E-05 3.669E-03 1.885E+03 7.944E-01 7.107E+00 2.000E+00
2.862E+07 2.703E+02 3.452E-01 5.137E-05 5.903E-03 2.458E+03 8.546E-01 7.158E+00 2.000E+00
1.079E+08 9.344E+02 2.287E-01 6.498E-05 9.876E-04 1.415E+03 6.849E-01 7.045E+00 2.000E+00
1.401E+08 9.344E+02 2.287E-01 6.498E-05 9.877E-04 1.415E+03 6.849E-01 7.045E+00 2.000E+00
3.168E+08 9.344E+02 2.287E-01 6.498E-05 9.877E-04 1.415E+03 6.849E-01 7.045E+00 2.000E+00
2.641E+07 2.646E+02 3.272E-01 6.498E-05 9.879E-04 2.975E+03 6.849E-01 7.045E+00 2.000E+00
7.911E+07 3.586E+02 3.083E-01 6.498E-05 9.881E-04 2.125E+03 6.849E-01 7.045E+00 2.000E+00
1.549E+07 8.597E+02 2.359E-01 6.498E-05 9.886E-04 1.428E+03 6.849E-01 7.045E+00 2.000E+00
4.346E+07 8.503E+02 2.369E-01 6.498E-05 9.894E-04 1.427E+03 6.850E-01 7.045E+00 2.000E+00
9.911E+06 5.221E+02 2.791E-01 6.498E-05 9.910E-04 1.666E+03 6.850E-01 7.045E+00 2.000E+00
2.555E+08 6.861E+02 2.556E-01 6.498E-05 9.938E-04 1.498E+03 6.852E-01 7.046E+00 2.000E+00
1.401E+07 6.769E+02 2.568E-01 6.498E-05 9.991E-04 1.505E+03 6.854E-01 7.046E+00 2.000E+00
1.597E+08 6.874E+02 2.555E-01 6.498E-05 1.009E-03 1.498E+03 6.859E-01 7.046E+00 2.000E+00
1.175E+08 8.057E+02 2.416E-01 6.498E-05 1.026E-03 1.454E+03 6.868E-01 7.046E+00 2.000E+00
9.063E+08 6.765E+02 2.569E-01 6.498E-05 1.058E-03 1.507E+03 6.883E-01 7.047E+00 2.000E+00
1.339E+07 6.836E+02 2.561E-01 6.498E-05 1.117E-03 1.505E+03 6.912E-01 7.048E+00 2.000E+00
4.970E+07 6.663E+02 2.585E-01 6.498E-05 1.225E-03 1.522E+03 6.964E-01 7.051E+00 2.000E+00
5.484E+07 2.690E+02 3.281E-01 6.498E-05 1.423E-03 2.828E+03 7.061E-01 7.055E+00 2.000E+00
9.008E+07 7.021E+02 2.545E-01 6.498E-05 1.786E-03 1.536E+03 7.220E-01 7.064E+00 2.000E+00
1.148E+07 3.078E+02 3.234E-01 6.498E-05 2.451E-03 2.346E+03 7.504E-01 7.079E+00 2.000E+00
1.719E+07 7.084E+02 2.559E-01 6.498E-05 3.669E-03 1.886E+03 7.944E-01 7.107E+00 2.000E+00
2.788E+07 4.616E+02 2.991E-01 6.498E-05 5.903E-03 2.196E+03 8.547E-01 7.158E+00 2.000E+00
3.720E+08 9.344E+02 2.287E-01 8.219E-05 9.876E-04 1.415E+03 6.850E-01 7.045E+00 2.000E+00
2.128E+09 9.344E+02 2.287E-01 8.219E-05 9.877E-04 1.415E+03 6.850E-01 7.045E+00 2.000E+00
5.836E+07 2.646E+02 3.272E-01 8.219E-05 9.877E-04 2.976E+03 6.850E-01 7.045E+00 2.000E+00
2.796E+07 2.653E+02 3.271E-01 8.219E-05 9.879E-04 2.967E+03 6.850E-01 7.045E+00 2.000E+00
1.114E+07 8.685E+02 2.350E-01 8.219E-05 9.881E-04 1.424E+03 6.850E-01 7.045E+00 2.000E+00
7.627E+07 3.949E+02 3.013E-01 8.219E-05 9.886E-04 1.963E+03 6.850E-01 7.045E+00 2.000E+00
2.328E+08 4.658E+02 2.884E-01 8.219E-05 9.894E-04 1.768E+03 6.851E-01 7.045E+00 2.000E+00
2.772E+07 5.221E+02 2.791E-01 8.219E-05 9.910E-04 1.666E+03 6.851E-01 7.045E+00 2.000E+00
3.703E+08 5.674E+02 2.720E-01 8.219E-05 9.938E-04 1.604E+03 6.853E-01 7.046E+00 2.000E+00
2.846E+07 6.769E+02 2.568E-01 8.219E-05 9.991E-04 1.504E+03 6.855E-01 7.046E+00 2.000E+00
3.858E+07 6.860E+02 2.556E-01 8.219E-05 1.009E-03 1.499E+03 6.860E-01 7.046E+00 2.000E+00
5.714E+07 9.286E+02 2.292E-01 8.219E-05 1.026E-03 1.420E+03 6.868E-01 7.046E+00 2.000E+00
5.132E+07 6.238E+02 2.640E-01 8.219E-05 1.058E-03 1.548E+03 6.884E-01 7.047E+00 2.000E+00
3.241E+07 5.434E+02 2.759E-01 8.219E-05 1.117E-03 1.638E+03 6.913E-01 7.048E+00 2.000E+00
5.319E+07 8.411E+02 2.380E-01 8.219E-05 1.225E-03 1.466E+03 6.965E-01 7.051E+00 2.000E+00
9.740E+07 2.168E+02 3.383E-01 8.219E-05 1.423E-03 4.412E+03 7.062E-01 7.055E+00 2.000E+00
2.188E+07 7.150E+02 2.529E-01 8.219E-05 1.786E-03 1.530E+03 7.220E-01 7.064E+00 2.000E+00
6.256E+07 3.686E+02 3.103E-01 8.219E-05 2.451E-03 2.041E+03 7.505E-01 7.079E+00 2.000E+00
3.602E+07 7.084E+02 2.559E-01 8.219E-05 3.669E-03 1.887E+03 7.945E-01 7.107E+00 2.000E+00
7.764E+07 4.669E+02 2.981E-01 8.219E-05 5.903E-03 2.223E+03 8.547E-01 7.158E+00 2.000E+00
7.936E+07 2.605E+02 3.280E-01 1.040E-04 9.876E-04 3.053E+03 6.851E-01 7.045E+00 2.000E+00
2.665E+07 2.653E+02 3.271E-01 1.040E-04 9.877E-04 2.962E+03 6.851E-01 7.045E+00 2.000E+00
2.138E+07 3.234E+02 3.154E-01 1.040E-04 9.877E-04 2.322E+03 6.851E-01 7.045E+00 2.000E+00
6.346E+07 3.176E+02 3.165E-01 1.040E-04 9.879E-04 2.365E+03 6.851E-01 7.045E+00 2.000E+00
1.276E+07 8.685E+02 2.350E-01 1.040E-04 9.881E-04 1.424E+03 6.851E-01 7.045E+00 2.000E+00
3.539E+07 6.159E+02 2.650E-01 1.040E-04 9.886E-04 1.553E+03 6.851E-01 7.045E+00 2.000E+00
1.792E+08 8.576E+02 2.361E-01 1.040E-04 9.894E-04 1.427E+03 6.852E-01 7.045E+00 2.000E+00
2.114E+07 9.080E+02 2.311E-01 1.040E-04 9.910E-04 1.418E+03 6.852E-01 7.045E+00 2.000E+00
6.563E+07 5.263E+02 2.784E-01 1.040E-04 9.938E-04 1.660E+03 6.854E-01 7.046E+00 2.000E+00
2.004E+07 8.177E+02 2.403E-01 1.040E-04 9.991E-04 1.437E+03 6.856E-01 7.046E+00 2.000E+00
1.364E+07 3.704E+02 3.061E-01 1.040E-04 1.009E-03 2.061E+03 6.861E-01 7.046E+00 2.000E+00
1.140E+08 9.286E+02 2.292E-01 1.040E-04 1.026E-03 1.420E+03 6.869E-01 7.046E+00 2.000E+00
2.151E+08 9.293E+02 2.292E-01 1.040E-04 1.058E-03 1.465E+03 6.885E-01 7.047E+00 2.000E+00
1.125E+07 5.984E+02 2.677E-01 1.040E-04 1.117E-03 1.574E+03 6.914E-01 7.048E+00 2.000E+00
5.070E+07 3.510E+02 3.105E-01 1.040E-04 1.225E-03 2.144E+03 6.966E-01 7.051E+00 2.000E+00
5.928E+07 4.124E+02 2.990E-01 1.040E-04 1.423E-03 1.902E+03 7.063E-01 7.055E+00 2.000E+00
2.607E+08 7.150E+02 2.529E-01 1.040E-04 1.786E-03 1.530E+03 7.221E-01 7.064E+00 2.000E+00
9.048E+06 3.488E+02 3.145E-01 1.040E-04 2.451E-03 2.121E+03 7.506E-01 7.079E+00 2.000E+00
2.037E+07 4.672E+02 2.935E-01 1.040E-04 3.669E-03 1.842E+03 7.946E-01 7.107E+00 2.000E+00
2.129E+07 4.462E+02 3.023E-01 1.040E-04 5.903E-03 2.157E+03 8.548E-01 7.158E+00 2.000E+00
5.625E+07 3.176E+02 3.165E-01 1.315E-04 9.876E-04 2.365E+03 6.852E-01 7.045E+00 2.000E+00
2.024E+08 4.849E+02 2.852E-01 1.315E-04 9.877E-04 1.729E+03 6.852E-01 7.045E+00 2.000E+00
1.090E+07 8.685E+02 2.350E-01 1.315E-04 9.877E-04 1.424E+03 6.852E-01 7.045E+00 2.000E+00
1.218E+07 8.685E+02 2.350E-01 1.315E-04 9.879E-04 1.424E+03 6.852E-01 7.045E+00 2.000E+00
7.573E+07 4.026E+02 2.999E-01 1.315E-04 9.881E-04 1.937E+03 6.852E-01 7.045E+00 2.000E+00
6.252E+07 8.597E+02 2.359E-01 1.315E-04 9.886E-04 1.426E+03 6.853E-01 7.045E+00 2.000E+00
3.579E+08 8.724E+02 2.346E-01 1.315E-04 9.894E-04 1.426E+03 6.853E-01 7.045E+00 2.000E+00
2.857E+07 9.080E+02 2.311E-01 1.315E-04 9.910E-04 1.419E+03 6.854E-01 7.045E+00 2.000E+00
2.579E+07 3.297E+02 3.141E-01 1.315E-04 9.938E-04 2.279E+03 6.855E-01 7.046E+00 2.000E+00
4.718E+07 8.177E+02 2.403E-01 1.315E-04 9.991E-04 1.438E+03 6.858E-01 7.046E+00 2.000E+00
3.727E+07 4.391E+02 2.932E-01 1.315E-04 1.009E-03 1.830E+03 6.862E-01 7.046E+00 2.000E+00
5.355E+07 9.068E+02 2.313E-01 1.315E-04 1.026E-03 1.421E+03 6.871E-01 7.046E+00 2.000E+00
1.660E+07 9.385E+02 2.283E-01 1.315E-04 1.058E-03 1.455E+03 6.886E-01 7.047E+00 2.000E+00
1.529E+08 5.984E+02 2.677E-01 1.315E-04 1.117E-03 1.574E+03 6.915E-01 7.048E+00 2.000E+00
1.517E+07 5.330E+02 2.777E-01 1.315E-04 1.225E-03 1.655E+03 6.968E-01 7.051E+00 2.000E+00
1.269E+08 5.335E+02 2.780E-01 1.315E-04 1.423E-03 1.659E+03 7.064E-01 7.055E+00 2.000E+00
9.202E+06 6.374E+02 2.631E-01 1.315E-04 1.786E-03 1.571E+03 7.223E-01 7.064E+00 2.000E+00
2.660E+08 3.423E+02 3.159E-01 1.315E-04 2.451E-03 2.151E+03 7.507E-01 7.079E+00 2.000E+00
1.291E+07 4.221E+02 3.023E-01 1.315E-04 3.669E-03 1.915E+03 7.947E-01 7.107E+00 2.000E+00
1.518E+07 2.799E+02 3.426E-01 1.315E-04 5.903E-03 2.422E+03 8.549E-01 7.158E+00 2.000E+00
1.220E+07 8.685E+02 2.350E-01 1.663E-04 9.876E-04 1.424E+03 6.854E-01 7.045E+00 2.000E+00
1.266E+07 8.685E+02 2.350E-01 1.663E-04 9.877E-04 1.424E+03 6.854E-01 7.045E+00 2.000E+00
4.784E+07 3.917E+02 3.019E-01 1.663E-04 9.877E-04 1.975E+03 6.854E-01 7.045E+00 2.000E+00
1.183E+08 3.949E+02 3.013E-01 1.663E-04 9.879E-04 1.964E+03 6.854E-01 7.045E+00 2.000E+00
5.029E+07 6.159E+02 2.650E-01 1.663E-04 9.881E-04 1.553E+03 6.854E-01 7.045E+00 2.000E+00
3.178E+08 8.604E+02 2.358E-01 1.663E-04 9.886E-04 1.429E+03 6.854E-01 7.045E+00 2.000E+00
4.355E+07 2.411E+02 3.318E-01 1.663E-04 9.894E-04 3.530E+03 6.855E-01 7.045E+00 2.000E+00
5.571E+07 9.080E+02 2.311E-01 1.663E-04 9.910E-04 1.419E+03 6.855E-01 7.045E+00 2.000E+00
1.217E+08 7.536E+02 2.474E-01 1.663E-04 9.938E-04 1.461E+03 6.857E-01 7.046E+00 2.000E+00
6.445E+07 8.227E+02 2.397E-01 1.663E-04 9.991E-04 1.436E+03 6.859E-01 7.046E+00 2.000E+00
3.159E+07 8.759E+02 2.343E-01 1.663E-04 1.009E-03 1.424E+03 6.864E-01 7.046E+00 2.000E+00
5.651E+07 9.248E+02 2.296E-01 1.663E-04 1.026E-03 1.420E+03 6.872E-01 7.046E+00 2.000E+00
5.728E+07 8.085E+02 2.413E-01 1.663E-04 1.058E-03 1.445E+03 6.888E-01 7.047E+00 2.000E+00
6.375E+07 9.848E+02 2.242E-01 1.663E-04 1.117E-03 1.434E+03 6.917E-01 7.048E+00 2.000E+00
2.206E+07 8.645E+02 2.356E-01 1.663E-04 1.225E-03 1.446E+03 6.969E-01 7.051E+00 2.000E+00
2.381E+07 6.127E+02 2.660E-01 1.663E-04 1.423E-03 1.572E+03 7.066E-01 7.055E+00 2.000E+00
3.550E+07 6.374E+02 2.631E-01 1.663E-04 1.786E-03 1.571E+03 7.224E-01 7.064E+00 2.000E+00
7.524E+07 2.476E+02 3.368E-01 1.663E-04 2.451E-03 2.994E+03 7.509E-01 7.079E+00 2.000E+00
8.150E+06 4.266E+02 3.014E-01 1.663E-04 3.669E-03 1.903E+03 7.949E-01 7.107E+00 2.000E+00
5.704E+07 2.811E+02 3.422E-01 1.663E-04 5.903E-03 2.397E+03 8.551E-01 7.158E+00 2.000E+00
5.803E+08 6.238E+02 2.639E-01 2.104E-04 9.876E-04 1.546E+03 6.856E-01 7.045E+00 2.000E+00
4.996E+07 6.106E+02 2.657E-01 2.104E-04 9.877E-04 1.558E+03 6.856E-01 7.045E+00 2.000E+00
1.256E+08 6.292E+02 2.631E-01 2.104E-04 9.877E-04 1.579E+03 6.856E-01 7.045E+00 2.000E+00
3.228E+07 8.597E+02 2.359E-01 2.104E-04 9.879E-04 1.427E+03 6.856E-01 7.045E+00 2.000E+00
7.958E+07 5.672E+02 2.721E-01 2.104E-04 9.881E-04 1.605E+03 6.856E-01 7.045E+00 2.000E+00
2.023E+07 3.118E+02 3.177E-01 2.104E-04 9.886E-04 2.411E+03 6.856E-01 7.045E+00 2.000E+00
5.849E+07 4.524E+02 2.908E-01 2.104E-04 9.894E-04 1.798E+03 6.857E-01 7.045E+00 2.000E+00
5.717E+08 6.328E+02 2.626E-01 2.104E-04 9.910E-04 1.538E+03 6.858E-01 7.045E+00 2.000E+00
1.115E+08 7.607E+02 2.466E-01 2.104E-04 9.938E-04 1.459E+03 6.859E-01 7.046E+00 2.000E+00
2.456E+07 7.536E+02 2.474E-01 2.104E-04 9.991E-04 1.462E+03 6.861E-01 7.046E+00 2.000E+00
7.772E+07 4.917E+02 2.840E-01 2.104E-04 1.009E-03 1.717E+03 6.866E-01 7.046E+00 2.000E+00
9.913E+07 6.073E+02 2.663E-01 2.104E-04 1.026E-03 1.563E+03 6.875E-01 7.046E+00 2.000E+00
2.155E+07 7.874E+02 2.436E-01 2.104E-04 1.058E-03 1.452E+03 6.890E-01 7.047E+00 2.000E+00
2.323E+07 3.696E+02 3.065E-01 2.104E-04 1.117E-03 2.076E+03 6.919E-01 7.048E+00 2.000E+00
6.688E+07 4.374E+02 2.940E-01 2.104E-04 1.225E-03 1.835E+03 6.972E-01 7.051E+00 2.000E+00
2.073E+07 8.840E+02 2.338E-01 2.104E-04 1.423E-03 1.466E+03 7.068E-01 7.055E+00 2.000E+00
3.682E+07 6.489E+02 2.615E-01 2.104E-04 1.786E-03 1.564E+03 7.226E-01 7.064E+00 2.000E+00
2.116E+07 4.418E+02 2.958E-01 2.104E-04 2.451E-03 1.837E+03 7.511E-01 7.079E+00 2.000E+00
1.569E+07 2.704E+02 3.365E-01 2.104E-04 3.669E-03 2.566E+03 7.951E-01 7.107E+00 2.000E+00
1.131E+07 2.386E+02 3.543E-01 2.104E-04 5.903E-03 2.698E+03 8.552E-01 7.158E+00 2.000E+00
7.068E+07 5.490E+02 2.748E-01 2.661E-04 9.876E-04 1.628E+03 6.859E-01 7.045E+00 2.000E+00
4.078E+07 5.672E+02 2.721E-01 2.661E-04 9.877E-04 1.605E+03 6.859E-01 7.045E+00 2.000E+00
4.170E+08 8.590E+02 2.360E-01 2.661E-04 9.877E-04 1.427E+03 6.859E-01 7.045E+00 2.000E+00
9.599E+08 8.604E+02 2.358E-01 2.661E-04 9.879E-04 1.426E+03 6.859E-01 7.045E+00 2.000E+00
5.190E+08 8.503E+02 2.369E-01 2.661E-04 9.881E-04 1.429E+03 6.859E-01 7.045E+00 2.000E+00
8.264E+07 8.618E+02 2.357E-01 2.661E-04 9.886E-04 1.446E+03 6.859E-01 7.045E+00 2.000E+00
1.349E+07 5.221E+02 2.791E-01 2.661E-04 9.894E-04 1.667E+03 6.859E-01 7.045E+00 2.000E+00
5.102E+07 2.424E+02 3.316E-01 2.661E-04 9.910E-04 3.488E+03 6.860E-01 7.045E+00 2.000E+00
4.327E+08 7.521E+02 2.476E-01 2.661E-04 9.938E-04 1.463E+03 6.862E-01 7.046E+00 2.000E+00
1.241E+09 4.848E+02 2.852E-01 2.661E-04 9.991E-04 1.733E+03 6.864E-01 7.046E+00 2.000E+00
4.422E+07 4.326E+02 2.944E-01 2.661E-04 1.009E-03 1.847E+03 6.869E-01 7.046E+00 2.000E+00
4.269E+08 4.455E+02 2.921E-01 2.661E-04 1.026E-03 1.816E+03 6.877E-01 7.046E+00 2.000E+00
1.166E+08 4.858E+02 2.851E-01 2.661E-04 1.058E-03 1.729E+03 6.893E-01 7.047E+00 2.000E+00
6.121E+07 7.855E+02 2.439E-01 2.661E-04 1.117E-03 1.457E+03 6.922E-01 7.048E+00 2.000E+00
3.019E+08 8.592E+02 2.362E-01 2.661E-04 1.225E-03 1.459E+03 6.974E-01 7.051E+00 2.000E+00
7.055E+07 8.840E+02 2.338E-01 2.661E-04 1.423E-03 1.467E+03 7.071E-01 7.055E+00 2.000E+00
3.091E+07 8.132E+02 2.415E-01 2.661E-04 1.786E-03 1.511E+03 7.229E-01 7.064E+00 2.000E+00
1.658E+07 4.822E+02 2.884E-01 2.661E-04 2.451E-03 1.786E+03 7.513E-01 7.079E+00 2.000E+00
1.586E+07 7.139E+02 2.552E-01 2.661E-04 3.669E-03 1.909E+03 7.953E-01 7.107E+00 2.000E+00
6.153E+06 4.145E+02 3.091E-01 2.661E-04 5.903E-03 2.122E+03 8.555E-01 7.158E+00 2.000E+00
2.965E+09 8.503E+02 2.369E-01 3.366E-04 9.876E-04 1.429E+03 6.862E-01 7.045E+00 2.000E+00
3.959E+07 4.458E+02 2.919E-01 3.366E-04 9.877E-04 1.814E+03 6.862E-01 7.045E+00 2.000E+00
4.486E+07 2.411E+02 3.318E-01 3.366E-04 9.877E-04 3.530E+03 6.862E-01 7.045E+00 2.000E+00
1.062E+08 8.724E+02 2.346E-01 3.366E-04 9.879E-04 1.425E+03 6.862E-01 7.045E+00 2.000E+00
1.744E+08 8.618E+02 2.357E-01 3.366E-04 9.881E-04 1.427E+03 6.862E-01 7.045E+00 2.000E+00
1.721E+08 6.971E+02 2.542E-01 3.366E-04 9.886E-04 1.492E+03 6.863E-01 7.045E+00 2.000E+00
2.573E+07 9.080E+02 2.311E-01 3.366E-04 9.894E-04 1.419E+03 6.863E-01 7.045E+00 2.000E+00
4.041E+08 9.106E+02 2.309E-01 3.366E-04 9.910E-04 1.419E+03 6.864E-01 7.045E+00 2.000E+00
4.616E+07 2.873E+02 3.227E-01 3.366E-04 9.938E-04 2.651E+03 6.865E-01 7.046E+00 2.000E+00
5.846E+07 7.980E+02 2.424E-01 3.366E-04 9.991E-04 1.446E+03 6.868E-01 7.046E+00 2.000E+00
9.970E+07 6.618E+02 2.588E-01 3.366E-04 1.009E-03 1.517E+03 6.872E-01 7.046E+00 2.000E+00
5.801E+07 4.521E+02 2.909E-01 3.366E-04 1.026E-03 1.799E+03 6.881E-01 7.046E+00 2.000E+00
4.363E+07 7.769E+02 2.448E-01 3.366E-04 1.058E-03 1.456E+03 6.896E-01 7.047E+00 2.000E+00
5.956E+08 9.848E+02 2.242E-01 3.366E-04 1.117E-03 1.433E+03 6.925E-01 7.048E+00 2.000E+00
5.127E+07 8.380E+02 2.383E-01 3.366E-04 1.225E-03 1.451E+03 6.978E-01 7.051E+00 2.000E+00
3.171E+07 4.220E+02 2.972E-01 3.366E-04 1.423E-03 1.879E+03 7.074E-01 7.055E+00 2.000E+00
7.345E+07 8.590E+02 2.367E-01 3.366E-04 1.786E-03 1.514E+03 7.232E-01 7.064E+00 2.000E+00
2.725E+08 7.431E+02 2.502E-01 3.366E-04 2.451E-03 1.599E+03 7.517E-01 7.079E+00 2.000E+00
1.794E+07 6.972E+02 2.574E-01 3.366E-04 3.669E-03 1.870E+03 7.956E-01 7.107E+00 2.000E+00
2.819E+07 4.671E+02 2.980E-01 3.366E-04 5.903E-03 2.229E+03 8.557E-01 7.158E+00 2.000E+00
2.916E+08 6.197E+02 2.645E-01 4.257E-04 9.876E-04 1.551E+03 6.866E-01 7.045E+00 2.000E+00
2.616E+08 6.243E+02 2.638E-01 4.257E-04 9.877E-04 1.547E+03 6.866E-01 7.045E+00 2.000E+00
1.456E+08 9.043E+02 2.315E-01 4.257E-04 9.877E-04 1.422E+03 6.866E-01 7.045E+00 2.000E+00
4.068E+08 8.799E+02 2.339E-01 4.257E-04 9.879E-04 1.424E+03 6.867E-01 7.045E+00 2.000E+00
1.143E+07 5.221E+02 2.791E-01 4.257E-04 9.881E-04 1.673E+03 6.867E-01 7.045E+00 2.000E+00
6.165E+07 6.660E+02 2.582E-01 4.257E-04 9.886E-04 1.513E+03 6.867E-01 7.045E+00 2.000E+00
3.152E+07 2.348E+02 3.330E-01 4.257E-04 9.894E-04 3.754E+03 6.867E-01 7.045E+00 2.000E+00
6.779E+07 6.889E+02 2.553E-01 4.257E-04 9.910E-04 1.508E+03 6.868E-01 7.045E+00 2.000E+00
4.558E+07 6.525E+02 2.600E-01 4.257E-04 9.938E-04 1.523E+03 6.869E-01 7.046E+00 2.000E+00
3.596E+07 8.032E+02 2.418E-01 4.257E-04 9.991E-04 1.444E+03 6.872E-01 7.046E+00 2.000E+00
9.453E+06 5.992E+02 2.674E-01 4.257E-04 1.009E-03 1.571E+03 6.877E-01 7.046E+00 2.000E+00
4.401E+07 8.388E+02 2.381E-01 4.257E-04 1.026E-03 1.436E+03 6.885E-01 7.046E+00 2.000E+00
6.493E+07 9.138E+02 2.306E-01 4.257E-04 1.058E-03 1.426E+03 6.901E-01 7.047E+00 2.000E+00
1.688E+07 9.779E+02 2.248E-01 4.257E-04 1.117E-03 1.433E+03 6.929E-01 7.048E+00 2.000E+00
8.654E+06 3.451E+02 3.117E-01 4.257E-04 1.225E-03 2.176E+03 6.982E-01 7.051E+00 2.000E+00
5.546E+08 5.882E+02 2.696E-01 4.257E-04 1.423E-03 1.600E+03 7.079E-01 7.055E+00 2.000E+00
1.427E+08 7.548E+02 2.481E-01 4.257E-04 1.786E-03 1.521E+03 7.237E-01 7.064E+00 2.000E+00
7.351E+07 7.522E+02 2.491E-01 4.257E-04 2.451E-03 1.602E+03 7.521E-01 7.079E+00 2.000E+00
3.180E+07 2.118E+02 3.507E-01 4.257E-04 3.669E-03 3.489E+03 7.960E-01 7.107E+00 2.000E+00
6.221E+08 2.903E+02 3.397E-01 4.257E-04 5.903E-03 2.421E+03 8.561E-01 7.158E+00 2.000E+00
1.690E+07 9.080E+02 2.311E-01 5.385E-04 9.876E-04 1.421E+03 6.872E-01 7.045E+00 2.000E+00
1.757E+07 9.080E+02 2.311E-01 5.385E-04 9.877E-04 1.421E+03 6.872E-01 7.045E+00 2.000E+00
1.899E+07 9.080E+02 2.311E-01 5.385E-04 9.877E-04 1.420E+03 6.872E-01 7.045E+00 2.000E+00
2.244E+07 9.080E+02 2.311E-01 5.385E-04 9.879E-04 1.425E+03 6.872E-01 7.045E+00 2.000E+00
4.122E+08 2.419E+02 3.317E-01 5.385E-04 9.881E-04 3.518E+03 6.872E-01 7.045E+00 2.000E+00
1.640E+07 9.106E+02 2.309E-01 5.385E-04 9.886E-04 1.421E+03 6.872E-01 7.045E+00 2.000E+00
1.148E+08 9.106E+02 2.309E-01 5.385E-04 9.894E-04 1.666E+03 6.873E-01 7.045E+00 2.000E+00
3.046E+07 4.794E+02 2.861E-01 5.385E-04 9.910E-04 1.741E+03 6.874E-01 7.045E+00 2.000E+00
6.218E+07 3.492E+02 3.102E-01 5.385E-04 9.938E-04 2.164E+03 6.875E-01 7.046E+00 2.000E+00
4.482E+07 5.032E+02 2.821E-01 5.385E-04 9.991E-04 1.698E+03 6.877E-01 7.046E+00 2.000E+00
7.417E+07 7.435E+02 2.486E-01 5.385E-04 1.009E-03 1.469E+03 6.882E-01 7.046E+00 2.000E+00
3.815E+07 8.972E+02 2.322E-01 5.385E-04 1.026E-03 1.426E+03 6.891E-01 7.046E+00 2.000E+00
3.881E+08 7.505E+02 2.478E-01 5.385E-04 1.058E-03 1.468E+03 6.906E-01 7.047E+00 2.000E+00
2.214E+08 7.945E+02 2.429E-01 5.385E-04 1.117E-03 1.507E+03 6.935E-01 7.048E+00 2.000E+00
1.260E+07 7.137E+02 2.524E-01 5.385E-04 1.225E-03 1.496E+03 6.988E-01 7.051E+00 2.000E+00
8.162E+07 8.476E+02 2.375E-01 5.385E-04 1.423E-03 1.471E+03 7.084E-01 7.055E+00 2.000E+00
2.560E+08 6.625E+02 2.597E-01 5.385E-04 1.786E-03 1.557E+03 7.242E-01 7.064E+00 2.000E+00
2.468E+09 7.054E+02 2.549E-01 5.385E-04 2.451E-03 1.602E+03 7.526E-01 7.079E+00 2.000E+00
3.375E+08 5.267E+02 2.829E-01 5.385E-04 3.669E-03 1.790E+03 7.965E-01 7.107E+00 2.000E+00
5.751E+08 4.322E+02 3.052E-01 5.385E-04 5.903E-03 2.146E+03 8.565E-01 7.158E+00 2.000E+00
2.000E+07 4.300E+02 2.948E-01 6.811E-04 9.876E-04 1.856E+03 6.879E-01 7.045E+00 2.000E+00
4.211E+07 4.300E+02 2.948E-01 6.811E-04 9.877E-04 1.856E+03 6.879E-01 7.045E+00 2.000E+00
1.964E+07 9.106E+02 2.309E-01 6.811E-04 9.877E-04 1.421E+03 6.879E-01 7.045E+00 2.000E+00
2.326E+07 9.106E+02 2.309E-01 6.811E-04 9.879E-04 1.421E+03 6.879E-01 7.045E+00 2.000E+00
3.653E+07 9.106E+02 2.309E-01 6.811E-04 9.881E-04 1.424E+03 6.879E-01 7.045E+00 2.000E+00
6.323E+07 8.973E+02 2.322E-01 6.811E-04 9.886E-04 1.424E+03 6.879E-01 7.045E+00 2.000E+00
5.451E+08 7.741E+02 2.451E-01 6.811E-04 9.894E-04 1.455E+03 6.880E-01 7.045E+00 2.000E+00
3.358E+08 3.614E+02 3.078E-01 6.811E-04 9.910E-04 2.132E+03 6.880E-01 7.045E+00 2.000E+00
2.911E+07 7.922E+02 2.430E-01 6.811E-04 9.938E-04 1.449E+03 6.882E-01 7.046E+00 2.000E+00
3.964E+07 6.309E+02 2.629E-01 6.811E-04 9.991E-04 1.542E+03 6.884E-01 7.046E+00 2.000E+00
7.705E+08 9.436E+02 2.278E-01 6.811E-04 1.009E-03 1.423E+03 6.889E-01 7.046E+00 2.000E+00
3.576E+07 8.276E+02 2.393E-01 6.811E-04 1.026E-03 1.440E+03 6.898E-01 7.046E+00 2.000E+00
1.436E+08 4.822E+02 2.857E-01 6.811E-04 1.058E-03 1.738E+03 6.913E-01 7.047E+00 2.000E+00
3.467E+07 9.599E+02 2.264E-01 6.811E-04 1.117E-03 1.435E+03 6.942E-01 7.048E+00 2.000E+00
1.254E+08 7.329E+02 2.501E-01 6.811E-04 1.225E-03 1.487E+03 6.994E-01 7.051E+00 2.000E+00
2.687E+08 7.979E+02 2.428E-01 6.811E-04 1.423E-03 1.480E+03 7.091E-01 7.055E+00 2.000E+00
8.536E+07 5.108E+02 2.823E-01 6.811E-04 1.786E-03 1.702E+03 7.249E-01 7.064E+00 2.000E+00
1.199E+08 9.087E+02 2.323E-01 6.811E-04 2.451E-03 1.741E+03 7.533E-01 7.079E+00 2.000E+00
1.019E+08 2.223E+02 3.482E-01 6.811E-04 3.669E-03 3.234E+03 7.971E-01 7.107E+00 2.000E+00
5.530E+07 3.487E+02 3.245E-01 6.811E-04 5.903E-03 2.177E+03 8.571E-01 7.158E+00 2.000E+00
2.750E+07 5.674E+02 2.720E-01 8.615E-04 9.876E-04 1.607E+03 6.888E-01 7.045E+00 2.000E+00
5.648E+07 5.674E+02 2.720E-01 8.615E-04 9.877E-04 1.610E+03 6.888E-01 7.045E+00 2.000E+00
5.940E+07 6.861E+02 2.556E-01 8.615E-04 9.877E-04 1.502E+03 6.888E-01 7.045E+00 2.000E+00
4.590E+07 7.638E+02 2.462E-01 8.615E-04 9.879E-04 1.460E+03 6.888E-01 7.045E+00 2.000E+00
6.439E+07 4.199E+02 2.966E-01 8.615E-04 9.881E-04 1.885E+03 6.888E-01 7.045E+00 2.000E+00
2.486E+07 7.343E+02 2.497E-01 8.615E-04 9.886E-04 1.474E+03 6.888E-01 7.045E+00 2.000E+00
2.686E+08 3.645E+02 3.072E-01 8.615E-04 9.894E-04 2.089E+03 6.888E-01 7.045E+00 2.000E+00
2.429E+08 3.492E+02 3.102E-01 8.615E-04 9.910E-04 2.164E+03 6.889E-01 7.045E+00 2.000E+00
5.917E+07 5.897E+02 2.687E-01 8.615E-04 9.938E-04 1.583E+03 6.891E-01 7.046E+00 2.000E+00
8.636E+07 8.058E+02 2.416E-01 8.615E-04 9.991E-04 1.460E+03 6.893E-01 7.046E+00 2.000E+00
1.432E+08 9.218E+02 2.298E-01 8.615E-04 1.009E-03 1.424E+03 6.898E-01 7.046E+00 2.000E+00
2.580E+07 9.600E+02 2.263E-01 8.615E-04 1.026E-03 1.429E+03 6.906E-01 7.046E+00 2.000E+00
5.067E+07 4.652E+02 2.887E-01 8.615E-04 1.058E-03 1.774E+03 6.922E-01 7.047E+00 2.000E+00
5.835E+07 9.010E+02 2.319E-01 8.615E-04 1.117E-03 1.436E+03 6.951E-01 7.048E+00 2.000E+00
4.042E+07 7.795E+02 2.447E-01 8.615E-04 1.225E-03 1.470E+03 7.003E-01 7.051E+00 2.000E+00
6.973E+07 6.484E+02 2.611E-01 8.615E-04 1.423E-03 1.548E+03 7.100E-01 7.055E+00 2.000E+00
3.181E+07 7.281E+02 2.513E-01 8.615E-04 1.786E-03 1.531E+03 7.257E-01 7.064E+00 2.000E+00
6.731E+07 3.267E+02 3.193E-01 8.615E-04 2.451E-03 2.233E+03 7.542E-01 7.079E+00 2.000E+00
3.301E+07 2.428E+02 3.433E-01 8.615E-04 3.669E-03 2.878E+03 7.979E-01 7.107E+00 2.000E+00
4.894E+06 3.563E+02 3.226E-01 8.615E-04 5.903E-03 2.206E+03 8.578E-01 7.158E+00 2.000E+00
7.481E+07 7.337E+02 2.498E-01 1.090E-03 9.876E-04 1.475E+03 6.899E-01 7.045E+00 2.000E+00
3.436E+08 7.337E+02 2.498E-01 1.090E-03 9.877E-04 1.483E+03 6.899E-01 7.045E+00 2.000E+00
6.483E+06 4.392E+02 2.931E-01 1.090E-03 9.877E-04 1.833E+03 6.899E-01 7.045E+00 2.000E+00
1.224E+07 4.392E+02 2.931E-01 1.090E-03 9.879E-04 1.833E+03 6.899E-01 7.045E+00 2.000E+00
2.499E+08 9.804E+02 2.245E-01 1.090E-03 9.881E-04 1.424E+03 6.899E-01 7.045E+00 2.000E+00
1.433E+07 6.525E+02 2.600E-01 1.090E-03 9.886E-04 1.526E+03 6.899E-01 7.045E+00 2.000E+00
1.532E+07 5.357E+02 2.769E-01 1.090E-03 9.894E-04 1.649E+03 6.900E-01 7.045E+00 2.000E+00
1.875E+09 7.922E+02 2.430E-01 1.090E-03 9.910E-04 1.451E+03 6.900E-01 7.045E+00 2.000E+00
1.480E+08 5.466E+02 2.752E-01 1.090E-03 9.938E-04 1.634E+03 6.902E-01 7.046E+00 2.000E+00
3.555E+08 9.359E+02 2.285E-01 1.090E-03 9.991E-04 1.424E+03 6.904E-01 7.046E+00 2.000E+00
2.503E+09 7.159E+02 2.519E-01 1.090E-03 1.009E-03 1.486E+03 6.909E-01 7.046E+00 2.000E+00
4.640E+07 3.363E+02 3.129E-01 1.090E-03 1.026E-03 2.237E+03 6.917E-01 7.046E+00 2.000E+00
2.404E+08 5.438E+02 2.757E-01 1.090E-03 1.058E-03 1.639E+03 6.933E-01 7.047E+00 2.000E+00
2.283E+07 2.214E+02 3.360E-01 1.090E-03 1.117E-03 4.348E+03 6.962E-01 7.048E+00 2.000E+00
2.859E+07 7.290E+02 2.506E-01 1.090E-03 1.225E-03 1.492E+03 7.014E-01 7.051E+00 2.000E+00
2.157E+08 8.276E+02 2.396E-01 1.090E-03 1.423E-03 1.477E+03 7.111E-01 7.055E+00 2.000E+00
6.679E+07 3.183E+02 3.190E-01 1.090E-03 1.786E-03 2.313E+03 7.268E-01 7.064E+00 2.000E+00
1.935E+07 8.567E+02 2.375E-01 1.090E-03 2.451E-03 1.673E+03 7.552E-01 7.079E+00 2.000E+00
4.589E+08 6.505E+02 2.637E-01 1.090E-03 3.669E-03 1.820E+03 7.989E-01 7.107E+00 2.000E+00
9.691E+07 3.945E+02 3.136E-01 1.090E-03 5.903E-03 2.138E+03 8.588E-01 7.158E+00 2.000E+00
2.574E+07 8.042E+02 2.417E-01 1.378E-03 9.876E-04 1.449E+03 6.913E-01 7.045E+00 2.000E+00
1.922E+07 2.544E+02 3.293E-01 1.378E-03 9.877E-04 3.177E+03 6.913E-01 7.045E+00 2.000E+00
9.772E+08 2.544E+02 3.293E-01 1.378E-03 9.877E-04 3.177E+03 6.913E-01 7.045E+00 2.000E+00
2.952E+07 3.765E+02 3.049E-01 1.378E-03 9.879E-04 2.054E+03 6.913E-01 7.045E+00 2.000E+00
2.005E+07 6.133E+02 2.654E-01 1.378E-03 9.881E-04 1.561E+03 6.913E-01 7.045E+00 2.000E+00
2.188E+07 7.922E+02 2.430E-01 1.378E-03 9.886E-04 1.452E+03 6.913E-01 7.045E+00 2.000E+00
3.859E+07 4.061E+02 2.992E-01 1.378E-03 9.894E-04 1.928E+03 6.914E-01 7.045E+00 2.000E+00
5.235E+07 6.589E+02 2.591E-01 1.378E-03 9.910E-04 1.523E+03 6.914E-01 7.045E+00 2.000E+00
5.508E+07 6.242E+02 2.638E-01 1.378E-03 9.938E-04 1.567E+03 6.916E-01 7.046E+00 2.000E+00
6.965E+07 4.981E+02 2.830E-01 1.378E-03 9.991E-04 1.709E+03 6.918E-01 7.046E+00 2.000E+00
1.425E+08 8.617E+02 2.357E-01 1.378E-03 1.009E-03 1.436E+03 6.923E-01 7.046E+00 2.000E+00
4.027E+07 3.642E+02 3.074E-01 1.378E-03 1.026E-03 2.090E+03 6.931E-01 7.046E+00 2.000E+00
4.467E+07 7.043E+02 2.534E-01 1.378E-03 1.058E-03 1.498E+03 6.947E-01 7.047E+00 2.000E+00
2.407E+07 2.730E+02 3.261E-01 1.378E-03 1.117E-03 2.820E+03 6.976E-01 7.048E+00 2.000E+00
1.528E+08 3.869E+02 3.034E-01 1.378E-03 1.225E-03 1.994E+03 7.028E-01 7.051E+00 2.000E+00
2.375E+07 7.311E+02 2.505E-01 1.378E-03 1.423E-03 1.505E+03 7.125E-01 7.055E+00 2.000E+00
1.810E+07 2.334E+02 3.369E-01 1.378E-03 1.786E-03 3.481E+03 7.282E-01 7.064E+00 2.000E+00
4.195E+07 8.096E+02 2.426E-01 1.378E-03 2.451E-03 1.638E+03 7.566E-01 7.079E+00 2.000E+00
8.764E+06 6.788E+02 2.598E-01 1.378E-03 3.669E-03 1.868E+03 8.001E-01 7.107E+00 2.000E+00
8.853E+07 4.197E+02 3.079E-01 1.378E-03 5.903E-03 2.155E+03 8.599E-01 7.158E+00 2.000E+00
4.973E+07 7.239E+02 2.509E-01 1.743E-03 9.876E-04 1.483E+03 6.931E-01 7.045E+00 2.000E+00
1.058E+08 7.239E+02 2.509E-01 1.743E-03 9.877E-04 1.483E+03 6.931E-01 7.045E+00 2.000E+00
1.570E+08 7.536E+02 2.474E-01 1.743E-03 9.877E-04 1.470E+03 6.931E-01 7.045E+00 2.000E+00
3.291E+07 8.167E+02 2.404E-01 1.743E-03 9.879E-04 1.446E+03 6.931E-01 7.045E+00 2.000E+00
2.464E+07 6.589E+02 2.591E-01 1.743E-03 9.881E-04 1.524E+03 6.931E-01 7.045E+00 2.000E+00
6.024E+07 4.457E+02 2.920E-01 1.743E-03 9.886E-04 1.818E+03 6.931E-01 7.045E+00 2.000E+00
3.555E+07 2.674E+02 3.267E-01 1.743E-03 9.894E-04 2.930E+03 6.931E-01 7.045E+00 2.000E+00
3.766E+07 6.242E+02 2.638E-01 1.743E-03 9.910E-04 1.552E+03 6.932E-01 7.045E+00 2.000E+00
7.235E+08 9.557E+02 2.267E-01 1.743E-03 9.938E-04 1.429E+03 6.934E-01 7.046E+00 2.000E+00
5.033E+07 7.339E+02 2.497E-01 1.743E-03 9.991E-04 1.479E+03 6.936E-01 7.046E+00 2.000E+00
5.913E+08 4.980E+02 2.830E-01 1.743E-03 1.009E-03 1.726E+03 6.941E-01 7.046E+00 2.000E+00
2.559E+08 5.365E+02 2.768E-01 1.743E-03 1.026E-03 1.651E+03 6.949E-01 7.046E+00 2.000E+00
4.847E+07 7.668E+02 2.460E-01 1.743E-03 1.058E-03 1.468E+03 6.965E-01 7.047E+00 2.000E+00
4.114E+07 8.698E+02 2.350E-01 1.743E-03 1.117E-03 1.446E+03 6.994E-01 7.048E+00 2.000E+00
5.491E+08 2.757E+02 3.259E-01 1.743E-03 1.225E-03 2.766E+03 7.046E-01 7.051E+00 2.000E+00
6.232E+07 4.293E+02 2.959E-01 1.743E-03 1.423E-03 1.861E+03 7.143E-01 7.055E+00 2.000E+00
3.540E+07 6.902E+02 2.561E-01 1.743E-03 1.786E-03 1.551E+03 7.299E-01 7.064E+00 2.000E+00
1.806E+08 2.865E+02 3.282E-01 1.743E-03 2.451E-03 2.524E+03 7.583E-01 7.079E+00 2.000E+00
1.897E+07 3.191E+02 3.249E-01 1.743E-03 3.669E-03 2.246E+03 8.017E-01 7.107E+00 2.000E+00
2.507E+08 3.090E+02 3.347E-01 1.743E-03 5.903E-03 2.294E+03 8.614E-01 7.158E+00 2.000E+00
7.794E+07 4.299E+02 2.948E-01 2.205E-03 9.876E-04 1.860E+03 6.953E-01 7.045E+00 2.000E+00
6.140E+08 4.262E+02 2.955E-01 2.205E-03 9.877E-04 1.870E+03 6.953E-01 7.045E+00 2.000E+00
2.066E+08 8.607E+02 2.358E-01 2.205E-03 9.877E-04 1.439E+03 6.953E-01 7.045E+00 2.000E+00
7.903E+07 8.572E+02 2.362E-01 2.205E-03 9.879E-04 1.440E+03 6.953E-01 7.045E+00 2.000E+00
8.272E+07 8.294E+02 2.390E-01 2.205E-03 9.881E-04 1.446E+03 6.953E-01 7.045E+00 2.000E+00
1.353E+08 8.137E+02 2.407E-01 2.205E-03 9.886E-04 1.451E+03 6.954E-01 7.045E+00 2.000E+00
5.535E+07 4.456E+02 2.920E-01 2.205E-03 9.894E-04 1.819E+03 6.954E-01 7.045E+00 2.000E+00
5.260E+08 9.359E+02 2.285E-01 2.205E-03 9.910E-04 1.442E+03 6.955E-01 7.045E+00 2.000E+00
5.175E+07 8.759E+02 2.343E-01 2.205E-03 9.938E-04 1.451E+03 6.956E-01 7.046E+00 2.000E+00
2.583E+07 5.219E+02 2.791E-01 2.205E-03 9.991E-04 1.673E+03 6.959E-01 7.046E+00 2.000E+00
6.249E+07 6.531E+02 2.599E-01 2.205E-03 1.009E-03 1.531E+03 6.964E-01 7.046E+00 2.000E+00
5.754E+08 6.107E+02 2.658E-01 2.205E-03 1.026E-03 1.567E+03 6.972E-01 7.046E+00 2.000E+00
5.932E+08 9.727E+02 2.252E-01 2.205E-03 1.058E-03 1.443E+03 6.987E-01 7.047E+00 2.000E+00
2.368E+07 8.275E+02 2.394E-01 2.205E-03 1.117E-03 1.457E+03 7.016E-01 7.048E+00 2.000E+00
1.132E+08 3.102E+02 3.189E-01 2.205E-03 1.225E-03 2.410E+03 7.069E-01 7.051E+00 2.000E+00
3.836E+07 5.485E+02 2.756E-01 2.205E-03 1.423E-03 1.648E+03 7.165E-01 7.055E+00 2.000E+00
2.706E+07 6.299E+02 2.641E-01 2.205E-03 1.786E-03 1.588E+03 7.321E-01 7.064E+00 2.000E+00
1.582E+08 4.655E+02 2.914E-01 2.205E-03 2.451E-03 1.801E+03 7.604E-01 7.079E+00 2.000E+00
7.864E+06 2.789E+02 3.345E-01 2.205E-03 3.669E-03 2.502E+03 8.037E-01 7.107E+00 2.000E+00
9.641E+07 3.143E+02 3.333E-01 2.205E-03 5.903E-03 2.283E+03 8.631E-01 7.158E+00 2.000E+00
7.022E+07 4.981E+02 2.830E-01 2.789E-03 9.876E-04 1.713E+03 6.982E-01 7.045E+00 2.000E+00
1.659E+08 4.862E+02 2.849E-01 2.789E-03 9.877E-04 1.735E+03 6.982E-01 7.045E+00 2.000E+00
1.174E+08 9.624E+02 2.261E-01 2.789E-03 9.877E-04 1.497E+03 6.982E-01 7.045E+00 2.000E+00
2.234E+08 9.624E+02 2.261E-01 2.789E-03 9.879E-04 1.438E+03 6.982E-01 7.045E+00 2.000E+00
6.035E+07 3.466E+02 3.107E-01 2.789E-03 9.881E-04 2.184E+03 6.982E-01 7.045E+00 2.000E+00
3.835E+07 7.142E+02 2.521E-01 2.789E-03 9.886E-04 1.494E+03 6.982E-01 7.045E+00 2.000E+00
4.723E+09 8.802E+02 2.338E-01 2.789E-03 9.894E-04 1.441E+03 6.982E-01 7.045E+00 2.000E+00
2.873E+07 7.429E+02 2.487E-01 2.789E-03 9.910E-04 1.480E+03 6.983E-01 7.046E+00 2.000E+00
1.984E+07 9.218E+02 2.298E-01 2.789E-03 9.938E-04 1.438E+03 6.985E-01 7.046E+00 2.000E+00
1.664E+07 4.390E+02 2.932E-01 2.789E-03 9.991E-04 1.838E+03 6.987E-01 7.046E+00 2.000E+00
2.570E+07 8.388E+02 2.381E-01 2.789E-03 1.009E-03 1.449E+03 6.992E-01 7.046E+00 2.000E+00
8.766E+09 3.809E+02 3.041E-01 2.789E-03 1.026E-03 2.022E+03 7.000E-01 7.046E+00 2.000E+00
9.302E+07 8.386E+02 2.381E-01 2.789E-03 1.058E-03 1.454E+03 7.016E-01 7.047E+00 2.000E+00
1.054E+08 3.457E+02 3.113E-01 2.789E-03 1.117E-03 2.183E+03 7.045E-01 7.048E+00 2.000E+00
2.258E+08 2.276E+02 3.354E-01 2.789E-03 1.225E-03 3.935E+03 7.097E-01 7.051E+00 2.000E+00
1.436E+08 4.690E+02 2.887E-01 2.789E-03 1.423E-03 1.774E+03 7.194E-01 7.055E+00 2.000E+00
1.235E+08 5.404E+02 2.775E-01 2.789E-03 1.786E-03 1.673E+03 7.349E-01 7.064E+00 2.000E+00
5.801E+07 7.455E+02 2.499E-01 2.789E-03 2.451E-03 1.632E+03 7.631E-01 7.079E+00 2.000E+00
5.107E+07 5.482E+02 2.793E-01 2.789E-03 3.669E-03 1.808E+03 8.062E-01 7.107E+00 2.000E+00
1.563E+08 2.542E+02 3.499E-01 2.789E-03 5.903E-03 2.586E+03 8.652E-01 7.158E+00 2.000E+00
7.586E+08 6.768E+02 2.568E-01 3.528E-03 9.876E-04 1.519E+03 7.018E-01 7.045E+00 2.000E+00
5.948E+07 9.436E+02 2.278E-01 3.528E-03 9.877E-04 1.444E+03 7.018E-01 7.045E+00 2.000E+00
3.364E+07 4.434E+02 2.924E-01 3.528E-03 9.877E-04 1.830E+03 7.018E-01 7.045E+00 2.000E+00
1.315E+08 9.436E+02 2.278E-01 3.528E-03 9.879E-04 1.444E+03 7.018E-01 7.045E+00 2.000E+00
3.214E+08 5.442E+02 2.756E-01 3.528E-03 9.881E-04 1.646E+03 7.018E-01 7.045E+00 2.000E+00
2.242E+07 9.218E+02 2.298E-01 3.528E-03 9.886E-04 1.443E+03 7.018E-01 7.045E+00 2.000E+00
1.004E+07 8.464E+02 2.373E-01 3.528E-03 9.894E-04 1.453E+03 7.018E-01 7.045E+00 2.000E+00
3.768E+08 5.048E+02 2.819E-01 3.528E-03 9.910E-04 1.705E+03 7.019E-01 7.046E+00 2.000E+00
1.527E+07 4.384E+02 2.933E-01 3.528E-03 9.938E-04 1.841E+03 7.021E-01 7.046E+00 2.000E+00
2.088E+07 5.448E+02 2.755E-01 3.528E-03 9.991E-04 1.645E+03 7.023E-01 7.046E+00 2.000E+00
7.810E+07 6.822E+02 2.561E-01 3.528E-03 1.009E-03 1.517E+03 7.028E-01 7.046E+00 2.000E+00
5.457E+07 5.439E+02 2.757E-01 3.528E-03 1.026E-03 1.647E+03 7.036E-01 7.046E+00 2.000E+00
4.732E+07 4.583E+02 2.899E-01 3.528E-03 1.058E-03 1.795E+03 7.052E-01 7.047E+00 2.000E+00
5.447E+07 4.782E+02 2.866E-01 3.528E-03 1.117E-03 1.756E+03 7.081E-01 7.048E+00 2.000E+00
5.670E+07 9.160E+02 2.306E-01 3.528E-03 1.225E-03 1.474E+03 7.133E-01 7.051E+00 2.000E+00
3.875E+07 7.848E+02 2.443E-01 3.528E-03 1.423E-03 1.504E+03 7.229E-01 7.055E+00 2.000E+00
2.198E+08 2.499E+02 3.336E-01 3.528E-03 1.786E-03 3.086E+03 7.384E-01 7.064E+00 2.000E+00
2.771E+08 3.762E+02 3.088E-01 3.528E-03 2.451E-03 2.027E+03 7.665E-01 7.079E+00 2.000E+00
4.676E+07 5.578E+02 2.778E-01 3.528E-03 3.669E-03 1.826E+03 8.094E-01 7.107E+00 2.000E+00
2.295E+08 2.844E+02 3.414E-01 3.528E-03 5.903E-03 2.414E+03 8.679E-01 7.158E+00 2.000E+00
1.626E+08 4.588E+02 2.897E-01 4.462E-03 9.876E-04 1.796E+03 7.063E-01 7.045E+00 2.000E+00
9.908E+08 7.006E+02 2.538E-01 4.462E-03 9.877E-04 1.511E+03 7.063E-01 7.045E+00 2.000E+00
5.842E+07 5.389E+02 2.764E-01 4.462E-03 9.877E-04 1.656E+03 7.063E-01 7.045E+00 2.000E+00
5.457E+06 2.969E+02 3.208E-01 4.462E-03 9.879E-04 2.553E+03 7.063E-01 7.045E+00 2.000E+00
5.778E+07 6.412E+02 2.615E-01 4.462E-03 9.881E-04 1.549E+03 7.063E-01 7.045E+00 2.000E+00
5.893E+07 7.992E+02 2.423E-01 4.462E-03 9.886E-04 1.468E+03 7.064E-01 7.045E+00 2.000E+00
2.435E+08 8.176E+02 2.403E-01 4.462E-03 9.894E-04 1.463E+03 7.064E-01 7.046E+00 2.000E+00
6.853E+07 9.020E+02 2.317E-01 4.462E-03 9.910E-04 1.453E+03 7.065E-01 7.046E+00 2.000E+00
2.083E+08 9.267E+02 2.294E-01 4.462E-03 9.938E-04 1.453E+03 7.066E-01 7.046E+00 2.000E+00
2.033E+07 3.347E+02 3.132E-01 4.462E-03 9.991E-04 2.265E+03 7.069E-01 7.046E+00 2.000E+00
1.089E+08 8.733E+02 2.346E-01 4.462E-03 1.009E-03 1.456E+03 7.073E-01 7.046E+00 2.000E+00
1.150E+08 2.635E+02 3.277E-01 4.462E-03 1.026E-03 2.990E+03 7.082E-01 7.046E+00 2.000E+00
3.622E+07 4.255E+02 2.958E-01 4.462E-03 1.058E-03 1.878E+03 7.097E-01 7.047E+00 2.000E+00
6.466E+07 3.574E+02 3.090E-01 4.462E-03 1.117E-03 2.131E+03 7.126E-01 7.048E+00 2.000E+00
3.106E+08 6.190E+02 2.649E-01 4.462E-03 1.225E-03 1.578E+03 7.179E-01 7.051E+00 2.000E+00
2.354E+07 9.925E+02 2.238E-01 4.462E-03 1.423E-03 1.552E+03 7.273E-01 7.055E+00 2.000E+00
9.570E+07 5.380E+02 2.779E-01 4.462E-03 1.786E-03 1.683E+03 7.428E-01 7.064E+00 2.000E+00
3.484E+08 2.698E+02 3.320E-01 4.462E-03 2.451E-03 2.695E+03 7.707E-01 7.079E+00 2.000E+00
1.218E+08 6.007E+02 2.710E-01 4.462E-03 3.669E-03 1.862E+03 8.135E-01 7.107E+00 2.000E+00
1.134E+07 4.423E+02 3.031E-01 4.462E-03 5.903E-03 2.326E+03 8.713E-01 7.158E+00 2.000E+00
6.074E+07 3.702E+02 3.061E-01 5.644E-03 9.876E-04 2.074E+03 7.121E-01 7.045E+00 2.000E+00
3.218E+07 8.388E+02 2.381E-01 5.644E-03 9.877E-04 1.467E+03 7.121E-01 7.045E+00 2.000E+00
4.651E+07 8.388E+02 2.381E-01 5.644E-03 9.877E-04 1.467E+03 7.121E-01 7.045E+00 2.000E+00
3.781E+08 8.388E+02 2.381E-01 5.644E-03 9.879E-04 1.467E+03 7.121E-01 7.046E+00 2.000E+00
3.260E+07 9.135E+02 2.306E-01 5.644E-03 9.881E-04 1.462E+03 7.121E-01 7.046E+00 2.000E+00
9.812E+07 7.636E+02 2.463E-01 5.644E-03 9.886E-04 1.488E+03 7.121E-01 7.046E+00 2.000E+00
1.389E+08 8.303E+02 2.389E-01 5.644E-03 9.894E-04 1.470E+03 7.122E-01 7.046E+00 2.000E+00
1.863E+07 9.600E+02 2.263E-01 5.644E-03 9.910E-04 1.555E+03 7.122E-01 7.046E+00 2.000E+00
4.739E+08 7.534E+02 2.474E-01 5.644E-03 9.938E-04 1.492E+03 7.124E-01 7.046E+00 2.000E+00
2.841E+08 5.072E+02 2.815E-01 5.644E-03 9.991E-04 1.713E+03 7.126E-01 7.046E+00 2.000E+00
2.018E+07 5.515E+02 2.745E-01 5.644E-03 1.009E-03 1.904E+03 7.131E-01 7.046E+00 2.000E+00
1.450E+07 6.870E+02 2.556E-01 5.644E-03 1.026E-03 1.525E+03 7.139E-01 7.046E+00 2.000E+00
1.343E+08 9.497E+02 2.273E-01 5.644E-03 1.058E-03 1.484E+03 7.155E-01 7.047E+00 2.000E+00
5.137E+08 7.682E+02 2.459E-01 5.644E-03 1.117E-03 1.496E+03 7.184E-01 7.048E+00 2.000E+00
3.283E+07 9.339E+02 2.289E-01 5.644E-03 1.225E-03 1.501E+03 7.236E-01 7.051E+00 2.000E+00
2.641E+07 3.088E+02 3.198E-01 5.644E-03 1.423E-03 2.414E+03 7.329E-01 7.055E+00 2.000E+00
6.672E+07 3.826E+02 3.058E-01 5.644E-03 1.786E-03 2.014E+03 7.485E-01 7.064E+00 2.000E+00
1.260E+07 4.477E+02 2.947E-01 5.644E-03 2.451E-03 1.853E+03 7.761E-01 7.079E+00 2.000E+00
4.402E+07 2.916E+02 3.314E-01 5.644E-03 3.669E-03 2.424E+03 8.186E-01 7.107E+00 2.000E+00
2.754E+07 3.781E+02 3.174E-01 5.644E-03 5.903E-03 2.236E+03 8.755E-01 7.158E+00 2.000E+00
6.184E+09 2.825E+02 3.237E-01 7.139E-03 9.876E-04 2.955E+03 7.194E-01 7.046E+00 2.000E+00
1.730E+07 3.883E+02 3.026E-01 7.139E-03 9.877E-04 2.031E+03 7.194E-01 7.046E+00 2.000E+00
1.664E+08 3.883E+02 3.026E-01 7.139E-03 9.877E-04 2.005E+03 7.194E-01 7.046E+00 2.000E+00
2.908E+08 6.155E+02 2.651E-01 7.139E-03 9.879E-04 1.582E+03 7.194E-01 7.046E+00 2.000E+00
1.011E+09 7.789E+02 2.445E-01 7.139E-03 9.881E-04 1.491E+03 7.194E-01 7.046E+00 2.000E+00
4.139E+07 5.828E+02 2.698E-01 7.139E-03 9.886E-04 1.613E+03 7.194E-01 7.046E+00 2.000E+00
3.255E+07 3.641E+02 3.073E-01 7.139E-03 9.894E-04 2.105E+03 7.194E-01 7.046E+00 2.000E+00
1.018E+08 9.592E+02 2.264E-01 7.139E-03 9.910E-04 1.484E+03 7.195E-01 7.046E+00 2.000E+00
2.215E+07 3.944E+02 3.015E-01 7.139E-03 9.938E-04 1.983E+03 7.197E-01 7.046E+00 2.000E+00
7.651E+07 7.183E+02 2.516E-01 7.139E-03 9.991E-04 1.515E+03 7.199E-01 7.046E+00 2.000E+00
1.572E+08 7.414E+02 2.489E-01 7.139E-03 1.009E-03 1.506E+03 7.204E-01 7.046E+00 2.000E+00
4.360E+07 8.386E+02 2.381E-01 7.139E-03 1.026E-03 1.483E+03 7.212E-01 7.046E+00 2.000E+00
1.166E+09 9.092E+02 2.311E-01 7.139E-03 1.058E-03 1.487E+03 7.228E-01 7.047E+00 2.000E+00
6.786E+06 2.663E+02 3.275E-01 7.139E-03 1.117E-03 2.929E+03 7.257E-01 7.049E+00 2.000E+00
3.372E+07 7.222E+02 2.514E-01 7.139E-03 1.225E-03 1.530E+03 7.309E-01 7.051E+00 2.000E+00
5.069E+08 2.977E+02 3.222E-01 7.139E-03 1.423E-03 2.517E+03 7.400E-01 7.056E+00 2.000E+00
2.304E+07 6.713E+02 2.585E-01 7.139E-03 1.786E-03 1.598E+03 7.555E-01 7.064E+00 2.000E+00
2.626E+07 7.051E+02 2.549E-01 7.139E-03 2.451E-03 1.683E+03 7.830E-01 7.079E+00 2.000E+00
6.224E+07 4.875E+02 2.898E-01 7.139E-03 3.669E-03 1.887E+03 8.250E-01 7.107E+00 2.000E+00
3.475E+07 3.141E+02 3.334E-01 7.139E-03 5.903E-03 2.373E+03 8.809E-01 7.158E+00 2.000E+00
7.743E+08 4.585E+02 2.897E-01 9.029E-03 9.876E-04 1.811E+03 7.286E-01 7.046E+00 2.000E+00
1.722E+09 8.387E+02 2.381E-01 9.029E-03 9.877E-04 1.495E+03 7.286E-01 7.046E+00 2.000E+00
1.995E+07 8.275E+02 2.392E-01 9.029E-03 9.877E-04 1.496E+03 7.286E-01 7.046E+00 2.000E+00
3.074E+07 8.275E+02 2.392E-01 9.029E-03 9.879E-04 1.500E+03 7.286E-01 7.046E+00 2.000E+00
2.165E+08 8.754E+02 2.343E-01 9.029E-03 9.881E-04 1.493E+03 7.286E-01 7.046E+00 2.000E+00
3.283E+07 2.309E+02 3.339E-01 9.029E-03 9.886E-04 4.223E+03 7.286E-01 7.046E+00 2.000E+00
4.708E+07 6.710E+02 2.576E-01 9.029E-03 9.894E-04 1.550E+03 7.286E-01 7.046E+00 2.000E+00
3.464E+07 4.652E+02 2.886E-01 9.029E-03 9.910E-04 1.797E+03 7.287E-01 7.046E+00 2.000E+00
7.476E+07 2.285E+02 3.343E-01 9.029E-03 9.938E-04 4.034E+03 7.289E-01 7.046E+00 2.000E+00
2.393E+08 3.699E+02 3.062E-01 9.029E-03 9.991E-04 2.084E+03 7.291E-01 7.046E+00 2.000E+00
6.298E+07 6.387E+02 2.619E-01 9.029E-03 1.009E-03 1.573E+03 7.296E-01 7.046E+00 2.000E+00
5.998E+08 2.528E+02 3.299E-01 9.029E-03 1.026E-03 3.205E+03 7.304E-01 7.046E+00 2.000E+00
1.056E+07 5.509E+02 2.747E-01 9.029E-03 1.058E-03 1.660E+03 7.320E-01 7.047E+00 2.000E+00
3.011E+07 2.868E+02 3.234E-01 9.029E-03 1.117E-03 2.655E+03 7.349E-01 7.049E+00 2.000E+00
3.911E+07 5.124E+02 2.811E-01 9.029E-03 1.225E-03 1.719E+03 7.401E-01 7.051E+00 2.000E+00
5.406E+08 7.927E+02 2.434E-01 9.029E-03 1.423E-03 1.551E+03 7.490E-01 7.056E+00 2.000E+00
9.113E+07 4.457E+02 2.937E-01 9.029E-03 1.786E-03 1.853E+03 7.645E-01 7.064E+00 2.000E+00
4.915E+07 3.513E+02 3.140E-01 9.029E-03 2.451E-03 2.144E+03 7.916E-01 7.079E+00 2.000E+00
5.064E+07 5.940E+02 2.721E-01 9.029E-03 3.669E-03 1.951E+03 8.332E-01 7.107E+00 2.000E+00
5.987E+06 2.982E+02 3.376E-01 9.029E-03 5.903E-03 2.429E+03 8.877E-01 7.158E+00 2.000E+00
1.844E+07 8.732E+02 2.346E-01 1.142E-02 9.876E-04 1.518E+03 7.402E-01 7.046E+00 2.000E+00
1.968E+07 8.732E+02 2.346E-01 1.142E-02 9.877E-04 1.517E+03 7.402E-01 7.046E+00 2.000E+00
2.252E+07 8.732E+02 2.346E-01 1.142E-02 9.877E-04 1.518E+03 7.402E-01 7.046E+00 2.000E+00
3.124E+07 8.732E+02 2.346E-01 1.142E-02 9.879E-04 1.517E+03 7.402E-01 7.046E+00 2.000E+00
1.471E+08 8.732E+02 2.346E-01 1.142E-02 9.881E-04 1.534E+03 7.402E-01 7.046E+00 2.000E+00
6.640E+07 9.719E+02 2.253E-01 1.142E-02 9.886E-04 1.550E+03 7.403E-01 7.046E+00 2.000E+00
4.715E+07 9.723E+02 2.252E-01 1.142E-02 9.894E-04 1.552E+03 7.403E-01 7.046E+00 2.000E+00
7.309E+07 8.538E+02 2.365E-01 1.142E-02 9.910E-04 1.516E+03 7.404E-01 7.046E+00 2.000E+00
7.112E+07 9.667E+02 2.257E-01 1.142E-02 9.938E-04 1.551E+03 7.405E-01 7.046E+00 2.000E+00
2.397E+07 2.386E+02 3.325E-01 1.142E-02 9.991E-04 4.405E+03 7.408E-01 7.046E+00 2.000E+00
1.135E+07 3.768E+02 3.049E-01 1.142E-02 1.009E-03 2.062E+03 7.413E-01 7.046E+00 2.000E+00
7.758E+07 9.216E+02 2.299E-01 1.142E-02 1.026E-03 1.542E+03 7.421E-01 7.047E+00 2.000E+00
1.495E+07 5.282E+02 2.782E-01 1.142E-02 1.058E-03 1.699E+03 7.436E-01 7.047E+00 2.000E+00
6.346E+07 8.138E+02 2.408E-01 1.142E-02 1.117E-03 1.533E+03 7.465E-01 7.049E+00 2.000E+00
8.267E+06 7.167E+02 2.521E-01 1.142E-02 1.225E-03 1.561E+03 7.518E-01 7.051E+00 2.000E+00
2.656E+07 4.995E+02 2.836E-01 1.142E-02 1.423E-03 1.754E+03 7.604E-01 7.056E+00 2.000E+00
1.124E+07 5.607E+02 2.743E-01 1.142E-02 1.786E-03 1.697E+03 7.759E-01 7.064E+00 2.000E+00
2.045E+08 3.083E+02 3.234E-01 1.142E-02 2.451E-03 2.381E+03 8.025E-01 7.079E+00 2.000E+00
1.293E+07 4.731E+02 2.925E-01 1.142E-02 3.669E-03 1.949E+03 8.436E-01 7.107E+00 2.000E+00
3.118E+07 4.036E+02 3.116E-01 1.142E-02 5.903E-03 2.508E+03 8.964E-01 7.158E+00 2.000E+00
3.542E+07 6.396E+02 2.617E-01 1.445E-02 9.876E-04 1.599E+03 7.550E-01 7.046E+00 2.000E+00
7.408E+07 6.396E+02 2.617E-01 1.445E-02 9.877E-04 1.599E+03 7.550E-01 7.046E+00 2.000E+00
1.907E+07 6.253E+02 2.637E-01 1.445E-02 9.877E-04 1.609E+03 7.550E-01 7.046E+00 2.000E+00
7.615E+08 6.253E+02 2.637E-01 1.445E-02 9.879E-04 1.609E+03 7.550E-01 7.046E+00 2.000E+00
4.218E+09 5.931E+02 2.683E-01 1.445E-02 9.881E-04 1.636E+03 7.550E-01 7.046E+00 2.000E+00
1.922E+07 8.499E+02 2.369E-01 1.445E-02 9.886E-04 1.550E+03 7.550E-01 7.046E+00 2.000E+00
1.864E+08 6.854E+02 2.557E-01 1.445E-02 9.894E-04 1.573E+03 7.551E-01 7.046E+00 2.000E+00
1.666E+09 6.582E+02 2.593E-01 1.445E-02 9.910E-04 1.588E+03 7.551E-01 7.046E+00 2.000E+00
1.022E+09 9.458E+02 2.276E-01 1.445E-02 9.938E-04 1.588E+03 7.553E-01 7.046E+00 2.000E+00
7.835E+07 4.949E+02 2.836E-01 1.445E-02 9.991E-04 1.760E+03 7.555E-01 7.046E+00 2.000E+00
3.457E+07 2.820E+02 3.240E-01 1.445E-02 1.009E-03 2.733E+03 7.560E-01 7.046E+00 2.000E+00
2.063E+08 5.585E+02 2.735E-01 1.445E-02 1.026E-03 1.673E+03 7.568E-01 7.047E+00 2.000E+00
8.596E+07 3.899E+02 3.025E-01 1.445E-02 1.058E-03 2.166E+03 7.584E-01 7.047E+00 2.000E+00
3.463E+07 3.930E+02 3.021E-01 1.445E-02 1.117E-03 2.011E+03 7.613E-01 7.049E+00 2.000E+00
2.048E+07 9.917E+02 2.237E-01 1.445E-02 1.225E-03 1.746E+03 7.663E-01 7.051E+00 2.000E+00
4.097E+07 8.599E+02 2.363E-01 1.445E-02 1.423E-03 1.661E+03 7.748E-01 7.056E+00 2.000E+00
8.060E+07 7.957E+02 2.435E-01 1.445E-02 1.786E-03 1.703E+03 7.903E-01 7.064E+00 2.000E+00
1.681E+08 6.218E+02 2.662E-01 1.445E-02 2.451E-03 1.770E+03 8.164E-01 7.079E+00 2.000E+00
1.220E+07 4.021E+02 3.065E-01 1.445E-02 3.669E-03 2.069E+03 8.567E-01 7.107E+00 2.000E+00
2.594E+07 3.100E+02 3.346E-01 1.445E-02 5.903E-03 2.481E+03 9.073E-01 7.158E+00 2.000E+00
1.651E+08 9.848E+02 2.241E-01 1.827E-02 9.876E-04 1.735E+03 7.736E-01 7.046E+00 2.000E+00
1.792E+08 9.848E+02 2.241E-01 1.827E-02 9.877E-04 1.735E+03 7.736E-01 7.046E+00 2.000E+00
9.223E+06 3.250E+02 3.152E-01 1.827E-02 9.877E-04 2.352E+03 7.736E-01 7.046E+00 2.000E+00
3.245E+08 9.848E+02 2.241E-01 1.827E-02 9.879E-04 1.735E+03 7.736E-01 7.046E+00 2.000E+00
1.531E+10 9.848E+02 2.241E-01 1.827E-02 9.881E-04 1.735E+03 7.736E-01 7.046E+00 2.000E+00
1.707E+07 9.779E+02 2.247E-01 1.827E-02 9.886E-04 1.722E+03 7.736E-01 7.046E+00 2.000E+00
2.265E+07 9.599E+02 2.263E-01 1.827E-02 9.894E-04 1.692E+03 7.737E-01 7.046E+00 2.000E+00
2.238E+09 9.599E+02 2.263E-01 1.827E-02 9.910E-04 1.693E+03 7.738E-01 7.046E+00 2.000E+00
1.119E+08 4.120E+02 2.982E-01 1.827E-02 9.938E-04 1.960E+03 7.739E-01 7.046E+00 2.000E+00
1.835E+08 8.161E+02 2.405E-01 1.827E-02 9.991E-04 1.589E+03 7.742E-01 7.046E+00 2.000E+00
4.721E+07 5.714E+02 2.715E-01 1.827E-02 1.009E-03 1.677E+03 7.746E-01 7.046E+00 2.000E+00
4.227E+07 7.229E+02 2.511E-01 1.827E-02 1.026E-03 1.593E+03 7.755E-01 7.047E+00 2.000E+00
2.668E+07 7.627E+02 2.465E-01 1.827E-02 1.058E-03 1.593E+03 7.770E-01 7.047E+00 2.000E+00
2.630E+07 8.966E+02 2.324E-01 1.827E-02 1.117E-03 1.666E+03 7.798E-01 7.049E+00 2.000E+00
2.935E+08 8.489E+02 2.372E-01 1.827E-02 1.225E-03 1.657E+03 7.844E-01 7.051E+00 2.000E+00
4.357E+07 3.205E+02 3.175E-01 1.827E-02 1.423E-03 2.363E+03 7.929E-01 7.056E+00 2.000E+00
1.010E+08 4.065E+02 3.011E-01 1.827E-02 1.786E-03 1.988E+03 8.084E-01 7.064E+00 2.000E+00
3.640E+07 3.834E+02 3.074E-01 1.827E-02 2.451E-03 2.074E+03 8.338E-01 7.079E+00 2.000E+00
3.170E+07 4.325E+02 3.003E-01 1.827E-02 3.669E-03 2.070E+03 8.732E-01 7.107E+00 2.000E+00
3.308E+06 2.963E+02 3.383E-01 1.827E-02 5.903E-03 2.590E+03 9.210E-01 7.159E+00 2.000E+00
4.895E+07 9.395E+02 2.282E-01 2.311E-02 9.876E-04 1.829E+03 7.972E-01 7.046E+00 2.000E+00
5.367E+07 9.395E+02 2.282E-01 2.311E-02 9.877E-04 1.831E+03 7.972E-01 7.046E+00 2.000E+00
6.549E+07 9.395E+02 2.282E-01 2.311E-02 9.877E-04 1.830E+03 7.972E-01 7.046E+00 2.000E+00
6.439E+07 3.720E+02 3.059E-01 2.311E-02 9.879E-04 2.116E+03 7.972E-01 7.046E+00 2.000E+00
9.338E+07 2.932E+02 3.218E-01 2.311E-02 9.881E-04 2.627E+03 7.972E-01 7.046E+00 2.000E+00
3.835E+09 9.215E+02 2.299E-01 2.311E-02 9.886E-04 1.800E+03 7.972E-01 7.046E+00 2.000E+00
9.708E+07 4.167E+02 2.974E-01 2.311E-02 9.894E-04 1.963E+03 7.973E-01 7.046E+00 2.000E+00
5.983E+07 7.710E+02 2.454E-01 2.311E-02 9.910E-04 1.638E+03 7.973E-01 7.046E+00 2.000E+00
1.613E+08 8.672E+02 2.352E-01 2.311E-02 9.938E-04 1.700E+03 7.975E-01 7.046E+00 2.000E+00
5.083E+07 2.402E+02 3.324E-01 2.311E-02 9.991E-04 3.542E+03 7.977E-01 7.046E+00 2.000E+00
1.972E+08 8.968E+02 2.323E-01 2.311E-02 1.009E-03 1.748E+03 7.982E-01 7.046E+00 2.000E+00
2.824E+07 2.367E+02 3.332E-01 2.311E-02 1.026E-03 3.640E+03 7.989E-01 7.047E+00 2.000E+00
3.229E+07 2.208E+02 3.363E-01 2.311E-02 1.058E-03 4.334E+03 8.003E-01 7.048E+00 2.000E+00
2.730E+07 6.472E+02 2.609E-01 2.311E-02 1.117E-03 1.666E+03 8.028E-01 7.049E+00 2.000E+00
1.048E+08 5.881E+02 2.694E-01 2.311E-02 1.225E-03 1.708E+03 8.074E-01 7.051E+00 2.000E+00
1.351E+09 2.070E+02 3.406E-01 2.311E-02 1.423E-03 5.013E+03 8.159E-01 7.056E+00 2.000E+00
2.265E+07 3.576E+02 3.109E-01 2.311E-02 1.786E-03 2.177E+03 8.314E-01 7.064E+00 2.000E+00
5.482E+06 2.872E+02 3.283E-01 2.311E-02 2.451E-03 2.585E+03 8.559E-01 7.079E+00 2.000E+00
4.282E+07 4.469E+02 2.975E-01 2.311E-02 3.669E-03 2.144E+03 8.933E-01 7.107E+00 2.000E+00
3.098E+07 3.061E+02 3.357E-01 2.311E-02 5.903E-03 2.712E+03 9.367E-01 7.159E+00 2.000E+00
3.750E+07 5.502E+02 2.747E-01 2.923E-02 9.876E-04 1.760E+03 8.263E-01 7.046E+00 2.000E+00
1.517E+08 5.502E+02 2.747E-01 2.923E-02 9.877E-04 1.760E+03 8.263E-01 7.046E+00 2.000E+00
4.793E+07 6.991E+02 2.540E-01 2.923E-02 9.877E-04 1.701E+03 8.263E-01 7.046E+00 2.000E+00
3.910E+07 7.034E+02 2.535E-01 2.923E-02 9.879E-04 1.701E+03 8.263E-01 7.046E+00 2.000E+00
1.985E+07 2.481E+02 3.310E-01 2.923E-02 9.881E-04 3.339E+03 8.263E-01 7.046E+00 2.000E+00
1.389E+08 2.521E+02 3.302E-01 2.923E-02 9.886E-04 3.244E+03 8.264E-01 7.046E+00 2.000E+00
1.091E+07 4.058E+02 2.994E-01 2.923E-02 9.894E-04 2.025E+03 8.264E-01 7.046E+00 2.000E+00
1.293E+08 5.895E+02 2.688E-01 2.923E-02 9.910E-04 1.728E+03 8.265E-01 7.046E+00 2.000E+00
2.820E+07 7.524E+02 2.476E-01 2.923E-02 9.938E-04 1.721E+03 8.266E-01 7.046E+00 2.000E+00
2.800E+08 5.522E+02 2.744E-01 2.923E-02 9.991E-04 1.759E+03 8.268E-01 7.046E+00 2.000E+00
2.880E+10 7.175E+02 2.518E-01 2.923E-02 1.009E-03 1.708E+03 8.272E-01 7.047E+00 2.000E+00
1.109E+08 2.869E+02 3.233E-01 2.923E-02 1.026E-03 2.705E+03 8.280E-01 7.047E+00 2.000E+00
4.133E+08 8.608E+02 2.359E-01 2.923E-02 1.058E-03 1.939E+03 8.293E-01 7.048E+00 2.000E+00
9.555E+07 4.495E+02 2.917E-01 2.923E-02 1.117E-03 1.914E+03 8.319E-01 7.049E+00 2.000E+00
1.389E+07 7.413E+02 2.492E-01 2.923E-02 1.225E-03 1.782E+03 8.365E-01 7.051E+00 2.000E+00
4.404E+07 7.463E+02 2.488E-01 2.923E-02 1.423E-03 1.869E+03 8.449E-01 7.056E+00 2.000E+00
1.130E+08 5.938E+02 2.694E-01 2.923E-02 1.786E-03 1.845E+03 8.596E-01 7.064E+00 2.000E+00
2.477E+07 2.589E+02 3.348E-01 2.923E-02 2.451E-03 2.904E+03 8.837E-01 7.080E+00 2.000E+00
1.423E+07 4.721E+02 2.928E-01 2.923E-02 3.669E-03 2.366E+03 9.178E-01 7.108E+00 2.000E+00
1.678E+07 2.695E+02 3.459E-01 2.923E-02 5.903E-03 2.934E+03 9.558E-01 7.159E+00 2.000E+00
1.889E+08 4.434E+02 2.925E-01 3.697E-02 9.876E-04 1.959E+03 8.631E-01 7.046E+00 2.000E+00
6.464E+06 7.951E+02 2.428E-01 3.697E-02 9.877E-04 2.032E+03 8.631E-01 7.046E+00 2.000E+00
1.837E+07 3.383E+02 3.127E-01 3.697E-02 9.877E-04 2.327E+03 8.631E-01 7.046E+00 2.000E+00
1.875E+07 3.321E+02 3.140E-01 3.697E-02 9.879E-04 2.362E+03 8.631E-01 7.046E+00 2.000E+00
9.054E+06 7.951E+02 2.428E-01 3.697E-02 9.881E-04 2.040E+03 8.631E-01 7.046E+00 2.000E+00
1.943E+07 7.951E+02 2.428E-01 3.697E-02 9.886E-04 2.033E+03 8.631E-01 7.046E+00 2.000E+00
2.666E+08 4.053E+02 2.996E-01 3.697E-02 9.894E-04 2.054E+03 8.632E-01 7.046E+00 2.000E+00
1.065E+08 6.297E+02 2.632E-01 3.697E-02 9.910E-04 1.789E+03 8.632E-01 7.046E+00 2.000E+00
7.560E+06 3.039E+02 3.198E-01 3.697E-02 9.938E-04 2.564E+03 8.633E-01 7.046E+00 2.000E+00
2.422E+07 5.208E+02 2.794E-01 3.697E-02 9.991E-04 1.843E+03 8.636E-01 7.046E+00 2.000E+00
1.393E+07 7.837E+02 2.441E-01 3.697E-02 1.009E-03 2.003E+03 8.640E-01 7.047E+00 2.000E+00
2.031E+08 4.483E+02 2.917E-01 3.697E-02 1.026E-03 1.952E+03 8.647E-01 7.047E+00 2.000E+00
3.287E+08 4.809E+02 2.861E-01 3.697E-02 1.058E-03 1.899E+03 8.661E-01 7.048E+00 2.000E+00
1.793E+07 7.132E+02 2.524E-01 3.697E-02 1.117E-03 1.887E+03 8.686E-01 7.049E+00 2.000E+00
3.668E+07 4.700E+02 2.883E-01 3.697E-02 1.225E-03 1.928E+03 8.732E-01 7.052E+00 2.000E+00
1.378E+07 4.806E+02 2.869E-01 3.697E-02 1.423E-03 1.932E+03 8.817E-01 7.056E+00 2.000E+00
5.101E+07 5.285E+02 2.795E-01 3.697E-02 1.786E-03 1.954E+03 8.950E-01 7.065E+00 2.000E+00
1.374E+07 4.279E+02 2.986E-01 3.697E-02 2.451E-03 2.131E+03 9.172E-01 7.080E+00 2.000E+00
3.196E+07 4.275E+02 3.014E-01 3.697E-02 3.669E-03 2.537E+03 9.482E-01 7.108E+00 2.000E+00
2.912E+07 2.260E+02 3.588E-01 3.697E-02 5.903E-03 3.334E+03 9.768E-01 7.159E+00 2.000E+00
7.224E+07 6.951E+02 2.546E-01 4.677E-02 9.876E-04 2.110E+03 9.096E-01 7.046E+00 2.000E+00
6.292E+08 6.951E+02 2.546E-01 4.677E-02 9.877E-04 2.110E+03 9.096E-01 7.046E+00 2.000E+00
1.208E+07 4.043E+02 2.998E-01 4.677E-02 9.877E-04 2.119E+03 9.096E-01 7.046E+00 2.000E+00
7.546E+07 4.123E+02 2.983E-01 4.677E-02 9.879E-04 2.098E+03 9.096E-01 7.046E+00 2.000E+00
4.664E+07 5.367E+02 2.769E-01 4.677E-02 9.881E-04 1.917E+03 9.096E-01 7.046E+00 2.000E+00
2.679E+08 6.931E+02 2.548E-01 4.677E-02 9.886E-04 2.103E+03 9.097E-01 7.046E+00 2.000E+00
1.294E+07 4.974E+02 2.832E-01 4.677E-02 9.894E-04 1.944E+03 9.097E-01 7.046E+00 2.000E+00
1.011E+07 6.250E+02 2.638E-01 4.677E-02 9.910E-04 1.944E+03 9.098E-01 7.047E+00 2.000E+00
8.835E+06 4.770E+02 2.867E-01 4.677E-02 9.938E-04 1.967E+03 9.099E-01 7.047E+00 2.000E+00
2.526E+07 2.148E+02 3.376E-01 4.677E-02 9.991E-04 4.664E+03 9.101E-01 7.047E+00 2.000E+00
3.520E+07 3.895E+02 3.027E-01 4.677E-02 1.009E-03 2.153E+03 9.105E-01 7.047E+00 2.000E+00
1.434E+07 5.782E+02 2.706E-01 4.677E-02 1.026E-03 1.922E+03 9.113E-01 7.047E+00 2.000E+00
2.025E+07 3.797E+02 3.047E-01 4.677E-02 1.058E-03 2.188E+03 9.126E-01 7.048E+00 2.000E+00
1.170E+07 6.776E+02 2.569E-01 4.677E-02 1.117E-03 2.150E+03 9.151E-01 7.049E+00 2.000E+00
1.021E+07 2.963E+02 3.222E-01 4.677E-02 1.225E-03 2.653E+03 9.192E-01 7.052E+00 2.000E+00
1.646E+08 3.009E+02 3.220E-01 4.677E-02 1.423E-03 2.612E+03 9.265E-01 7.056E+00 2.000E+00
4.463E+06 3.131E+02 3.206E-01 4.677E-02 1.786E-03 2.523E+03 9.395E-01 7.065E+00 2.000E+00
4.075E+06 3.347E+02 3.179E-01 4.677E-02 2.451E-03 2.450E+03 9.589E-01 7.080E+00 2.000E+00
8.932E+06 2.730E+02 3.365E-01 4.677E-02 3.669E-03 2.889E+03 9.825E-01 7.108E+00 2.000E+00
5.890E+06 2.103E+02 3.637E-01 4.677E-02 5.903E-03 3.785E+03 9.968E-01 7.159E+00 2.000E+00
3.251E+07 5.271E+02 2.784E-01 5.915E-02 9.876E-04 2.096E+03 9.671E-01 7.047E+00 3.000E+00
1.033E+08 5.271E+02 2.784E-01 5.915E-02 9.877E-04 2.095E+03 9.671E-01 7.047E+00 3.000E+00
7.385E+06 3.911E+02 3.024E-01 5.915E-02 9.877E-04 2.226E+03 9.671E-01 7.047E+00 3.000E+00
1.996E+07 3.877E+02 3.031E-01 5.915E-02 9.879E-04 2.746E+03 9.671E-01 7.047E+00 3.000E+00
1.857E+08 3.373E+02 3.131E-01 5.915E-02 9.881E-04 2.432E+03 9.672E-01 7.047E+00 3.000E+00
9.325E+06 4.035E+02 3.000E-01 5.915E-02 9.886E-04 2.194E+03 9.672E-01 7.047E+00 3.000E+00
2.040E+07 4.354E+02 2.941E-01 5.915E-02 9.894E-04 2.136E+03 9.672E-01 7.047E+00 3.000E+00
2.282E+08 5.414E+02 2.762E-01 5.915E-02 9.910E-04 2.163E+03 9.673E-01 7.047E+00 3.000E+00
1.028E+07 3.053E+02 3.197E-01 5.915E-02 9.938E-04 2.637E+03 9.674E-01 7.047E+00 3.000E+00
1.018E+07 4.261E+02 2.958E-01 5.915E-02 9.991E-04 2.149E+03 9.676E-01 7.047E+00 3.000E+00
1.047E+08 4.468E+02 2.921E-01 5.915E-02 1.009E-03 2.120E+03 9.679E-01 7.047E+00 3.000E+00
3.265E+08 3.858E+02 3.035E-01 5.915E-02 1.026E-03 2.244E+03 9.685E-01 7.048E+00 3.000E+00
8.529E+06 5.079E+02 2.817E-01 5.915E-02 1.058E-03 2.107E+03 9.697E-01 7.048E+00 3.000E+00
1.992E+08 5.462E+02 2.756E-01 5.915E-02 1.117E-03 2.179E+03 9.719E-01 7.050E+00 3.000E+00
9.738E+06 4.242E+02 2.967E-01 5.915E-02 1.225E-03 2.187E+03 9.758E-01 7.052E+00 3.000E+00
1.415E+08 3.758E+02 3.065E-01 5.915E-02 1.423E-03 2.345E+03 9.821E-01 7.057E+00 3.000E+00
7.504E+06 5.197E+02 2.810E-01 5.915E-02 1.786E-03 2.648E+03 9.925E-01 7.065E+00 3.000E+00
1.552E+07 3.026E+02 3.253E-01 5.915E-02 2.451E-03 2.725E+03 1.000E+00 7.080E+00 3.000E+00
9.149E+06 3.444E+02 3.195E-01 5.915E-02 3.669E-03 3.409E+03 1.000E+00 7.108E+00 0.000E+00
7.403E+06 2.094E+02 3.643E-01 5.915E-02 5.903E-03 4.912E+03 1.000E+00 7.160E+00 0.000E+00
2.472E+07 3.536E+02 3.099E-01 7.482E-02 9.876E-04 2.472E+03 1.000E+00 7.047E+00 3.000E+00
1.478E+08 2.775E+02 3.257E-01 7.482E-02 9.877E-04 2.977E+03 1.000E+00 7.047E+00 3.000E+00
1.054E+08 4.993E+02 2.830E-01 7.482E-02 9.877E-04 2.487E+03 1.000E+00 7.047E+00 3.000E+00
9.237E+06 3.399E+02 3.127E-01 7.482E-02 9.879E-04 2.527E+03 1.000E+00 7.047E+00 3.000E+00
4.813E+07 3.422E+02 3.122E-01 7.482E-02 9.881E-04 2.516E+03 1.000E+00 7.047E+00 3.000E+00
4.029E+07 2.697E+02 3.273E-01 7.482E-02 9.886E-04 3.073E+03 1.000E+00 7.047E+00 3.000E+00
1.692E+07 4.589E+02 2.900E-01 7.482E-02 9.894E-04 2.359E+03 1.000E+00 7.047E+00 3.000E+00
6.341E+06 5.035E+02 2.823E-01 7.482E-02 9.910E-04 2.515E+03 1.000E+00 7.047E+00 3.000E+00
1.227E+07 4.752E+02 2.871E-01 7.482E-02 9.938E-04 2.455E+03 1.000E+00 7.047E+00 3.000E+00
4.494E+07 2.618E+02 3.290E-01 7.482E-02 9.991E-04 3.228E+03 1.000E+00 7.047E+00 3.000E+00
8.134E+06 3.651E+02 3.077E-01 7.482E-02 1.009E-03 2.438E+03 1.000E+00 7.048E+00 3.000E+00
1.397E+08 2.584E+02 3.298E-01 7.482E-02 1.026E-03 3.234E+03 1.000E+00 7.048E+00 0.000E+00
4.045E+07 4.910E+02 2.845E-01 7.482E-02 1.058E-03 2.508E+03 1.000E+00 7.049E+00 0.000E+00
5.270E+07 2.670E+02 3.284E-01 7.482E-02 1.117E-03 3.102E+03 1.000E+00 7.050E+00 0.000E+00
4.055E+07 4.938E+02 2.844E-01 7.482E-02 1.225E-03 2.742E+03 1.000E+00 7.053E+00 0.000E+00
1.289E+07 4.688E+02 2.891E-01 7.482E-02 1.423E-03 2.774E+03 1.000E+00 7.057E+00 0.000E+00
9.719E+06 2.173E+02 3.417E-01 7.482E-02 1.786E-03 4.068E+03 1.000E+00 7.065E+00 0.000E+00
1.149E+08 2.537E+02 3.367E-01 7.482E-02 2.451E-03 3.285E+03 1.000E+00 7.081E+00 0.000E+00
7.661E+06 2.394E+02 3.455E-01 7.482E-02 3.669E-03 3.736E+03 1.000E+00 7.109E+00 0.000E+00
NAN NAN NAN 7.482E-02 5.903E-03 NAN 1.000E+00 7.160E+00 0.000E+00
1.857E+08 2.724E+02 3.270E-01 9.464E-02 9.876E-04 3.167E+03 1.000E+00 7.048E+00 0.000E+00
1.243E+08 2.678E+02 3.280E-01 9.464E-02 9.877E-04 3.222E+03 1.000E+00 7.048E+00 0.000E+00
2.894E+06 2.667E+02 3.282E-01 9.464E-02 9.877E-04 3.234E+03 1.000E+00 7.048E+00 0.000E+00
3.498E+06 2.667E+02 3.282E-01 9.464E-02 9.879E-04 3.236E+03 1.000E+00 7.048E+00 0.000E+00
6.428E+06 2.667E+02 3.282E-01 9.464E-02 9.881E-04 3.239E+03 1.000E+00 7.048E+00 0.000E+00
2.513E+07 2.951E+02 3.222E-01 9.464E-02 9.886E-04 2.962E+03 1.000E+00 7.048E+00 0.000E+00
1.235E+07 3.373E+02 3.134E-01 9.464E-02 9.894E-04 2.762E+03 1.000E+00 7.048E+00 0.000E+00
1.027E+07 3.686E+02 3.071E-01 9.464E-02 9.910E-04 2.788E+03 1.000E+00 7.048E+00 0.000E+00
2.653E+07 4.325E+02 2.948E-01 9.464E-02 9.938E-04 3.191E+03 1.000E+00 7.048E+00 0.000E+00
1.360E+08 3.468E+02 3.115E-01 9.464E-02 9.991E-04 2.746E+03 1.000E+00 7.048E+00 0.000E+00
9.991E+06 3.994E+02 3.011E-01 9.464E-02 1.009E-03 2.827E+03 1.000E+00 7.048E+00 0.000E+00
3.390E+07 3.525E+02 3.104E-01 9.464E-02 1.026E-03 2.749E+03 1.000E+00 7.048E+00 0.000E+00
9.707E+06 4.139E+02 2.984E-01 9.464E-02 1.058E-03 3.014E+03 1.000E+00 7.049E+00 0.000E+00
7.667E+07 3.264E+02 3.161E-01 9.464E-02 1.117E-03 2.833E+03 1.000E+00 7.051E+00 0.000E+00
8.235E+06 4.077E+02 3.000E-01 9.464E-02 1.225E-03 3.252E+03 1.000E+00 7.053E+00 0.000E+00
4.048E+06 2.089E+02 3.421E-01 9.464E-02 1.423E-03 4.630E+03 1.000E+00 7.058E+00 0.000E+00
2.383E+07 3.432E+02 3.145E-01 9.464E-02 1.786E-03 3.309E+03 1.000E+00 7.066E+00 0.000E+00
6.654E+07 2.499E+02 3.379E-01 9.464E-02 2.451E-03 3.681E+03 1.000E+00 7.081E+00 0.000E+00
5.480E+06 2.126E+02 3.528E-01 9.464E-02 3.669E-03 4.925E+03 1.000E+00 7.109E+00 0.000E+00
NAN NAN NAN 9.464E-02 5.903E-03 NAN 1.000E+00 7.160E+00 0.000E+00
5.611E+06 2.309E+02 3.361E-01 1.197E-01 9.876E-04 4.108E+03 1.000E+00 7.048E+00 0.000E+00
6.188E+06 2.309E+02 3.361E-01 1.197E-01 9.877E-04 4.089E+03 1.000E+00 7.048E+00 0.000E+00
1.340E+07 2.454E+02 3.331E-01 1.197E-01 9.877E-04 3.791E+03 1.000E+00 7.048E+00 0.000E+00
2.772E+07 2.560E+02 3.309E-01 1.197E-01 9.879E-04 3.641E+03 1.000E+00 7.048E+00 0.000E+00
1.070E+07 2.860E+02 3.245E-01 1.197E-01 9.881E-04 3.408E+03 1.000E+00 7.048E+00 0.000E+00
9.282E+06 3.086E+02 3.197E-01 1.197E-01 9.886E-04 3.401E+03 1.000E+00 7.048E+00 0.000E+00
4.531E+07 2.435E+02 3.335E-01 1.197E-01 9.894E-04 3.827E+03 1.000E+00 7.048E+00 0.000E+00
1.115E+07 2.582E+02 3.304E-01 1.197E-01 9.910E-04 3.616E+03 1.000E+00 7.048E+00 0.000E+00
2.297E+07 2.497E+02 3.322E-01 1.197E-01 9.938E-04 3.725E+03 1.000E+00 7.048E+00 0.000E+00
1.162E+07 2.885E+02 3.240E-01 1.197E-01 9.991E-04 3.406E+03 1.000E+00 7.048E+00 0.000E+00
1.719E+08 2.040E+02 3.414E-01 1.197E-01 1.009E-03 5.214E+03 1.000E+00 7.049E+00 0.000E+00
6.094E+06 2.880E+02 3.242E-01 1.197E-01 1.026E-03 3.423E+03 1.000E+00 7.049E+00 0.000E+00
8.351E+07 2.300E+02 3.366E-01 1.197E-01 1.058E-03 4.110E+03 1.000E+00 7.050E+00 0.000E+00
4.108E+07 2.188E+02 3.391E-01 1.197E-01 1.117E-03 4.435E+03 1.000E+00 7.051E+00 0.000E+00
9.433E+06 2.506E+02 3.330E-01 1.197E-01 1.225E-03 3.766E+03 1.000E+00 7.054E+00 0.000E+00
2.059E+07 2.068E+02 3.431E-01 1.197E-01 1.423E-03 4.852E+03 1.000E+00 7.058E+00 0.000E+00
2.814E+06 2.824E+02 3.282E-01 1.197E-01 1.786E-03 4.571E+03 1.000E+00 7.066E+00 0.000E+00
3.786E+06 2.024E+02 3.495E-01 1.197E-01 2.451E-03 5.106E+03 1.000E+00 7.082E+00 0.000E+00
NAN NAN NAN 1.197E-01 3.669E-03 NAN 1.000E+00 7.110E+00 0.000E+00
NAN NAN NAN 1.197E-01 5.903E-03 NAN 1.000E+00 7.161E+00 0.000E+00
9.908E+06 2.212E+02 3.387E-01 1.514E-01 9.876E-04 4.880E+03 1.000E+00 7.049E+00 0.000E+00
6.284E+07 2.062E+02 3.417E-01 1.514E-01 9.877E-04 5.352E+03 1.000E+00 7.049E+00 0.000E+00
1.705E+07 2.212E+02 3.387E-01 1.514E-01 9.877E-04 4.881E+03 1.000E+00 7.049E+00 0.000E+00
2.615E+08 2.212E+02 3.387E-01 1.514E-01 9.879E-04 4.881E+03 1.000E+00 7.049E+00 0.000E+00
5.047E+06 2.128E+02 3.404E-01 1.514E-01 9.881E-04 5.102E+03 1.000E+00 7.049E+00 0.000E+00
3.073E+06 2.591E+02 3.307E-01 1.514E-01 9.886E-04 5.032E+03 1.000E+00 7.049E+00 0.000E+00
8.727E+06 2.118E+02 3.406E-01 1.514E-01 9.894E-04 5.136E+03 1.000E+00 7.049E+00 0.000E+00
2.677E+06 2.533E+02 3.320E-01 1.514E-01 9.910E-04 4.843E+03 1.000E+00 7.049E+00 0.000E+00
5.920E+06 2.281E+02 3.373E-01 1.514E-01 9.938E-04 5.014E+03 1.000E+00 7.049E+00 0.000E+00
2.954E+06 2.124E+02 3.406E-01 1.514E-01 9.991E-04 5.118E+03 1.000E+00 7.049E+00 0.000E+00
2.411E+07 2.476E+02 3.333E-01 1.514E-01 1.009E-03 4.787E+03 1.000E+00 7.049E+00 0.000E+00
2.130E+08 2.460E+02 3.337E-01 1.514E-01 1.026E-03 4.797E+03 1.000E+00 7.050E+00 0.000E+00
1.830E+07 2.508E+02 3.328E-01 1.514E-01 1.058E-03 4.989E+03 1.000E+00 7.050E+00 0.000E+00
8.079E+06 2.466E+02 3.340E-01 1.514E-01 1.117E-03 5.059E+03 1.000E+00 7.052E+00 0.000E+00
3.113E+07 2.198E+02 3.402E-01 1.514E-01 1.225E-03 5.106E+03 1.000E+00 7.054E+00 0.000E+00
1.872E+07 2.098E+02 3.433E-01 1.514E-01 1.423E-03 5.489E+03 1.000E+00 7.059E+00 0.000E+00
5.441E+06 2.000E+02 3.473E-01 1.514E-01 1.786E-03 6.242E+03 1.000E+00 7.067E+00 0.000E+00
NAN NAN NAN 1.514E-01 2.451E-03 NAN 1.000E+00 7.082E+00 0.000E+00
NAN NAN NAN 1.514E-01 3.669E-03 NAN 1.000E+00 7.110E+00 0.000E+00
NAN NAN NAN 1.514E-01 5.903E-03 NAN 1.000E+00 7.162E+00 0.000E+00
NAN NAN NAN 1.915E-01 9.876E-04 NAN 1.000E+00 7.050E+00 0.000E+00
NAN NAN NAN 1.915E-01 9.877E-04 NAN 1.000E+00 7.050E+00 0.000E+00
NAN NAN NAN 1.915E-01 9.877E-04 NAN 1.000E+00 7.050E+00 0.000E+00
NAN NAN NAN 1.915E-01 9.879E-04 NAN 1.000E+00 7.050E+00 0.000E+00
NAN NAN NAN 1.915E-01 9.881E-04 NAN 1.000E+00 7.050E+00 0.000E+00
NAN NAN NAN 1.915E-01 9.886E-04 NAN 1.000E+00 7.050E+00 0.000E+00
NAN NAN NAN 1.915E-01 9.894E-04 NAN 1.000E+00 7.050E+00 0.000E+00
NAN NAN NAN 1.915E-01 9.910E-04 NAN 1.000E+00 7.050E+00 0.000E+00
NAN NAN NAN 1.915E-01 9.938E-04 NAN 1.000E+00 7.050E+00 0.000E+00
NAN NAN NAN 1.915E-01 9.991E-04 NAN 1.000E+00 7.050E+00 0.000E+00
NAN NAN NAN 1.915E-01 1.009E-03 NAN 1.000E+00 7.050E+00 0.000E+00
NAN NAN NAN 1.915E-01 1.026E-03 NAN 1.000E+00 7.051E+00 0.000E+00
NAN NAN NAN 1.915E-01 1.058E-03 NAN 1.000E+00 7.051E+00 0.000E+00
NAN NAN NAN 1.915E-01 1.117E-03 NAN 1.000E+00 7.053E+00 0.000E+00
NAN NAN NAN 1.915E-01 1.225E-03 NAN 1.000E+00 7.055E+00 0.000E+00
NAN NAN NAN 1.915E-01 1.423E-03 NAN 1.000E+00 7.060E+00 0.000E+00
NAN NAN NAN 1.915E-01 1.786E-03 NAN 1.000E+00 7.068E+00 0.000E+00
NAN NAN NAN 1.915E-01 2.451E-03 NAN 1.000E+00 7.083E+00 0.000E+00
NAN NAN NAN 1.915E-01 3.669E-03 NAN 1.000E+00 7.111E+00 0.000E+00
NAN NAN NAN 1.915E-01 5.903E-03 NAN 1.000E+00 7.163E+00 0.000E+00
NAN NAN NAN 2.422E-01 9.876E-04 NAN 1.000E+00 7.051E+00 0.000E+00
NAN NAN NAN 2.422E-01 9.877E-04 NAN 1.000E+00 7.051E+00 0.000E+00
NAN NAN NAN 2.422E-01 9.877E-04 NAN 1.000E+00 7.051E+00 0.000E+00
NAN NAN NAN 2.422E-01 9.879E-04 NAN 1.000E+00 7.051E+00 0.000E+00
NAN NAN NAN 2.422E-01 9.881E-04 NAN 1.000E+00 7.051E+00 0.000E+00
NAN NAN NAN 2.422E-01 9.886E-04 NAN 1.000E+00 7.051E+00 0.000E+00
NAN NAN NAN 2.422E-01 9.894E-04 NAN 1.000E+00 7.051E+00 0.000E+00
NAN NAN NAN 2.422E-01 9.910E-04 NAN 1.000E+00 7.051E+00 0.000E+00
NAN NAN NAN 2.422E-01 9.938E-04 NAN 1.000E+00 7.051E+00 0.000E+00
NAN NAN NAN 2.422E-01 9.991E-04 NAN 1.000E+00 7.051E+00 0.000E+00
NAN NAN NAN 2.422E-01 1.009E-03 NAN 1.000E+00 7.051E+00 0.000E+00
NAN NAN NAN 2.422E-01 1.026E-03 NAN 1.000E+00 7.052E+00 0.000E+00
NAN NAN NAN 2.422E-01 1.058E-03 NAN 1.000E+00 7.053E+00 0.000E+00
NAN NAN NAN 2.422E-01 1.117E-03 NAN 1.000E+00 7.054E+00 0.000E+00
NAN NAN NAN 2.422E-01 1.225E-03 NAN 1.000E+00 7.056E+00 0.000E+00
NAN NAN NAN 2.422E-01 1.423E-03 NAN 1.000E+00 7.061E+00 0.000E+00
NAN NAN NAN 2.422E-01 1.786E-03 NAN 1.000E+00 7.069E+00 0.000E+00
NAN NAN NAN 2.422E-01 2.451E-03 NAN 1.000E+00 7.085E+00 0.000E+00
NAN NAN NAN 2.422E-01 3.669E-03 NAN 1.000E+00 7.112E+00 0.000E+00
NAN NAN NAN 2.422E-01 5.903E-03 NAN 1.000E+00 7.164E+00 0.000E+00
NAN NAN NAN 3.064E-01 9.876E-04 NAN 1.000E+00 7.052E+00 0.000E+00
NAN NAN NAN 3.064E-01 9.877E-04 NAN 1.000E+00 7.052E+00 0.000E+00
NAN NAN NAN 3.064E-01 9.877E-04 NAN 1.000E+00 7.052E+00 0.000E+00
NAN NAN NAN 3.064E-01 9.879E-04 NAN 1.000E+00 7.052E+00 0.000E+00
NAN NAN NAN 3.064E-01 9.881E-04 NAN 1.000E+00 7.052E+00 0.000E+00
NAN NAN NAN 3.064E-01 9.886E-04 NAN 1.000E+00 7.052E+00 0.000E+00
NAN NAN NAN 3.064E-01 9.894E-04 NAN 1.000E+00 7.052E+00 0.000E+00
NAN NAN NAN 3.064E-01 9.910E-04 NAN 1.000E+00 7.052E+00 0.000E+00
NAN NAN NAN 3.064E-01 9.938E-04 NAN 1.000E+00 7.053E+00 0.000E+00
NAN NAN NAN 3.064E-01 9.991E-04 NAN 1.000E+00 7.053E+00 0.000E+00
NAN NAN NAN 3.064E-01 1.009E-03 NAN 1.000E+00 7.053E+00 0.000E+00
NAN NAN NAN 3.064E-01 1.026E-03 NAN 1.000E+00 7.053E+00 0.000E+00
NAN NAN NAN 3.064E-01 1.058E-03 NAN 1.000E+00 7.054E+00 0.000E+00
NAN NAN NAN 3.064E-01 1.117E-03 NAN 1.000E+00 7.055E+00 0.000E+00
NAN NAN NAN 3.064E-01 1.225E-03 NAN 1.000E+00 7.058E+00 0.000E+00
NAN NAN NAN 3.064E-01 1.423E-03 NAN 1.000E+00 7.062E+00 0.000E+00
NAN NAN NAN 3.064E-01 1.786E-03 NAN 1.000E+00 7.071E+00 0.000E+00
NAN NAN NAN 3.064E-01 2.451E-03 NAN 1.000E+00 7.086E+00 0.000E+00
NAN NAN NAN 3.064E-01 3.669E-03 NAN 1.000E+00 7.114E+00 0.000E+00
NAN NAN NAN 3.064E-01 5.903E-03 NAN 1.000E+00 7.165E+00 0.000E+00
NAN NAN NAN 3.875E-01 9.876E-04 NAN 1.000E+00 7.054E+00 3.000E+00
NAN NAN NAN 3.875E-01 9.877E-04 NAN 1.000E+00 7.054E+00 3.000E+00
NAN NAN NAN 3.875E-01 9.877E-04 NAN 1.000E+00 7.054E+00 3.000E+00
NAN NAN NAN 3.875E-01 9.879E-04 NAN 1.000E+00 7.054E+00 3.000E+00
NAN NAN NAN 3.875E-01 9.881E-04 NAN 1.000E+00 7.054E+00 3.000E+00
NAN NAN NAN 3.875E-01 9.886E-04 NAN 1.000E+00 7.054E+00 3.000E+00
NAN NAN NAN 3.875E-01 9.894E-04 NAN 1.000E+00 7.054E+00 3.000E+00
NAN NAN NAN 3.875E-01 9.910E-04 NAN 1.000E+00 7.054E+00 3.000E+00
NAN NAN NAN 3.875E-01 9.938E-04 NAN 1.000E+00 7.054E+00 3.000E+00
NAN NAN NAN 3.875E-01 9.991E-04 NAN 1.000E+00 7.055E+00 3.000E+00
NAN NAN NAN 3.875E-01 1.009E-03 NAN 1.000E+00 7.055E+00 3.000E+00
NAN NAN NAN 3.875E-01 1.026E-03 NAN 1.000E+00 7.055E+00 3.000E+00
NAN NAN NAN 3.875E-01 1.058E-03 NAN 1.000E+00 7.056E+00 3.000E+00
NAN NAN NAN 3.875E-01 1.117E-03 NAN 1.000E+00 7.057E+00 0.000E+00
NAN NAN NAN 3.875E-01 1.225E-03 NAN 1.000E+00 7.060E+00 0.000E+00
NAN NAN NAN 3.875E-01 1.423E-03 NAN 1.000E+00 7.064E+00 0.000E+00
NAN NAN NAN 3.875E-01 1.786E-03 NAN 1.000E+00 7.073E+00 0.000E+00
NAN NAN NAN 3.875E-01 2.451E-03 NAN 1.000E+00 7.088E+00 0.000E+00
NAN NAN NAN 3.875E-01 3.669E-03 NAN 1.000E+00 7.116E+00 0.000E+00
NAN NAN NAN 3.875E-01 5.903E-03 NAN 1.000E+00 7.167E+00 0.000E+00
NAN NAN NAN 4.902E-01 9.876E-04 NAN 1.000E+00 7.057E+00 3.000E+00
NAN NAN NAN 4.902E-01 9.877E-04 NAN 1.000E+00 7.057E+00 3.000E+00
NAN NAN NAN 4.902E-01 9.877E-04 NAN 1.000E+00 7.057E+00 3.000E+00
NAN NAN NAN 4.902E-01 9.879E-04 NAN 1.000E+00 7.057E+00 3.000E+00
NAN NAN NAN 4.902E-01 9.881E-04 NAN 1.000E+00 7.057E+00 3.000E+00
NAN NAN NAN 4.902E-01 9.886E-04 NAN 1.000E+00 7.057E+00 3.000E+00
NAN NAN NAN 4.902E-01 9.894E-04 NAN 1.000E+00 7.057E+00 3.000E+00
NAN NAN NAN 4.902E-01 9.910E-04 NAN 1.000E+00 7.057E+00 3.000E+00
NAN NAN NAN 4.902E-01 9.938E-04 NAN 1.000E+00 7.057E+00 3.000E+00
NAN NAN NAN 4.902E-01 9.991E-04 NAN 1.000E+00 7.057E+00 3.000E+00
NAN NAN NAN 4.902E-01 1.009E-03 NAN 1.000E+00 7.057E+00 3.000E+00
NAN NAN NAN 4.902E-01 1.026E-03 NAN 1.000E+00 7.057E+00 3.000E+00
NAN NAN NAN 4.902E-01 1.058E-03 NAN 1.000E+00 7.058E+00 3.000E+00
NAN NAN NAN 4.902E-01 1.117E-03 NAN 1.000E+00 7.060E+00 3.000E+00
NAN NAN NAN 4.902E-01 1.225E-03 NAN 1.000E+00 7.062E+00 3.000E+00
NAN NAN NAN 4.902E-01 1.423E-03 NAN 1.000E+00 7.067E+00 3.000E+00
NAN NAN NAN 4.902E-01 1.786E-03 NAN 1.000E+00 7.075E+00 3.000E+00
NAN NAN NAN 4.902E-01 2.451E-03 NAN 1.000E+00 7.090E+00 3.000E+00
NAN NAN NAN 4.902E-01 3.669E-03 NAN 1.000E+00 7.118E+00 3.000E+00
NAN NAN NAN 4.902E-01 5.903E-03 NAN 1.000E+00 7.169E+00 0.000E+00
NAN NAN NAN 6.200E-01 9.876E-04 NAN 1.000E+00 7.060E+00 3.000E+00
NAN NAN NAN 6.200E-01 9.877E-04 NAN 1.000E+00 7.060E+00 3.000E+00
NAN NAN NAN 6.200E-01 9.877E-04 NAN 1.000E+00 7.060E+00 3.000E+00
NAN NAN NAN 6.200E-01 9.879E-04 NAN 1.000E+00 7.060E+00 3.000E+00
NAN NAN NAN 6.200E-01 9.881E-04 NAN 1.000E+00 7.060E+00 3.000E+00
NAN NAN NAN 6.200E-01 9.886E-04 NAN 1.000E+00 7.060E+00 3.000E+00
NAN NAN NAN 6.200E-01 9.894E-04 NAN 1.000E+00 7.060E+00 3.000E+00
NAN NAN NAN 6.200E-01 9.910E-04 NAN 1.000E+00 7.060E+00 3.000E+00
NAN NAN NAN 6.200E-01 9.938E-04 NAN 1.000E+00 7.060E+00 3.000E+00
NAN NAN NAN 6.200E-01 9.991E-04 NAN 1.000E+00 7.060E+00 3.000E+00
NAN NAN NAN 6.200E-01 1.009E-03 NAN 1.000E+00 7.060E+00 3.000E+00
NAN NAN NAN 6.200E-01 1.026E-03 NAN 1.000E+00 7.060E+00 3.000E+00
NAN NAN NAN 6.200E-01 1.058E-03 NAN 1.000E+00 7.061E+00 3.000E+00
NAN NAN NAN 6.200E-01 1.117E-03 NAN 1.000E+00 7.063E+00 3.000E+00
NAN NAN NAN 6.200E-01 1.225E-03 NAN 1.000E+00 7.065E+00 3.000E+00
NAN NAN NAN 6.200E-01 1.423E-03 NAN 1.000E+00 7.070E+00 3.000E+00
NAN NAN NAN 6.200E-01 1.786E-03 NAN 1.000E+00 7.078E+00 3.000E+00
NAN NAN NAN 6.200E-01 2.451E-03 NAN 1.000E+00 7.093E+00 3.000E+00
NAN NAN NAN 6.200E-01 3.669E-03 NAN 1.000E+00 7.121E+00 3.000E+00
NAN NAN NAN 6.200E-01 5.903E-03 NAN 1.000E+00 7.172E+00 3.000E+00
NAN NAN NAN 7.842E-01 9.876E-04 NAN 1.000E+00 7.063E+00 3.000E+00
NAN NAN NAN 7.842E-01 9.877E-04 NAN 1.000E+00 7.063E+00 3.000E+00
NAN NAN NAN 7.842E-01 9.877E-04 NAN 1.000E+00 7.063E+00 3.000E+00
NAN NAN NAN 7.842E-01 9.879E-04 NAN 1.000E+00 7.063E+00 3.000E+00
NAN NAN NAN 7.842E-01 9.881E-04 NAN 1.000E+00 7.063E+00 3.000E+00
NAN NAN NAN 7.842E-01 9.886E-04 NAN 1.000E+00 7.063E+00 3.000E+00
NAN NAN NAN 7.842E-01 9.894E-04 NAN 1.000E+00 7.063E+00 3.000E+00
NAN NAN NAN 7.842E-01 9.910E-04 NAN 1.000E+00 7.063E+00 3.000E+00
NAN NAN NAN 7.842E-01 9.938E-04 NAN 1.000E+00 7.064E+00 3.000E+00
NAN NAN NAN 7.842E-01 9.991E-04 NAN 1.000E+00 7.064E+00 3.000E+00
NAN NAN NAN 7.842E-01 1.009E-03 NAN 1.000E+00 7.064E+00 3.000E+00
NAN NAN NAN 7.842E-01 1.026E-03 NAN 1.000E+00 7.064E+00 3.000E+00
NAN NAN NAN 7.842E-01 1.058E-03 NAN 1.000E+00 7.065E+00 3.000E+00
NAN NAN NAN 7.842E-01 1.117E-03 NAN 1.000E+00 7.066E+00 3.000E+00
NAN NAN NAN 7.842E-01 1.225E-03 NAN 1.000E+00 7.069E+00 3.000E+00
NAN NAN NAN 7.842E-01 1.423E-03 NAN 1.000E+00 7.073E+00 3.000E+00
NAN NAN NAN 7.842E-01 1.786E-03 NAN 1.000E+00 7.082E+00 3.000E+00
NAN NAN NAN 7.842E-01 2.451E-03 NAN 1.000E+00 7.097E+00 3.000E+00
NAN NAN NAN 7.842E-01 3.669E-03 NAN 1.000E+00 7.125E+00 3.000E+00
NAN NAN NAN 7.842E-01 5.903E-03 NAN 1.000E+00 7.176E+00 3.000E+00
NAN NAN NAN 9.919E-01 9.876E-04 NAN 1.000E+00 7.068E+00 3.000E+00
NAN NAN NAN 9.919E-01 9.877E-04 NAN 1.000E+00 7.068E+00 3.000E+00
NAN NAN NAN 9.919E-01 9.877E-04 NAN 1.000E+00 7.068E+00 3.000E+00
NAN NAN NAN 9.919E-01 9.879E-04 NAN 1.000E+00 7.068E+00 3.000E+00
NAN NAN NAN 9.919E-01 9.881E-04 NAN 1.000E+00 7.068E+00 3.000E+00
NAN NAN NAN 9.919E-01 9.886E-04 NAN 1.000E+00 7.068E+00 3.000E+00
NAN NAN NAN 9.919E-01 9.894E-04 NAN 1.000E+00 7.068E+00 3.000E+00
NAN NAN NAN 9.919E-01 9.910E-04 NAN 1.000E+00 7.068E+00 3.000E+00
NAN NAN NAN 9.919E-01 9.938E-04 NAN 1.000E+00 7.068E+00 3.000E+00
NAN NAN NAN 9.919E-01 9.991E-04 NAN 1.000E+00 7.068E+00 3.000E+00
NAN NAN NAN 9.919E-01 1.009E-03 NAN 1.000E+00 7.069E+00 3.000E+00
NAN NAN NAN 9.919E-01 1.026E-03 NAN 1.000E+00 7.069E+00 3.000E+00
NAN NAN NAN 9.919E-01 1.058E-03 NAN 1.000E+00 7.070E+00 3.000E+00
NAN NAN NAN 9.919E-01 1.117E-03 NAN 1.000E+00 7.071E+00 3.000E+00
NAN NAN NAN 9.919E-01 1.225E-03 NAN 1.000E+00 7.074E+00 3.000E+00
NAN NAN NAN 9.919E-01 1.423E-03 NAN 1.000E+00 7.078E+00 3.000E+00
NAN NAN NAN 9.919E-01 1.786E-03 NAN 1.000E+00 7.086E+00 3.000E+00
NAN NAN NAN 9.919E-01 2.451E-03 NAN 1.000E+00 7.102E+00 3.000E+00
NAN NAN NAN 9.919E-01 3.669E-03 NAN 1.000E+00 7.130E+00 3.000E+00
NAN NAN NAN 9.919E-01 5.903E-03 NAN 1.000E+00 7.181E+00 3.000E+00
NAN NAN NAN 1.255E+00 9.876E-04 NAN 1.000E+00 7.074E+00 3.000E+00
NAN NAN NAN 1.255E+00 9.877E-04 NAN 1.000E+00 7.074E+00 3.000E+00
NAN NAN NAN 1.255E+00 9.877E-04 NAN 1.000E+00 7.074E+00 3.000E+00
NAN NAN NAN 1.255E+00 9.879E-04 NAN 1.000E+00 7.074E+00 3.000E+00
NAN NAN NAN 1.255E+00 9.881E-04 NAN 1.000E+00 7.074E+00 3.000E+00
NAN NAN NAN 1.255E+00 9.886E-04 NAN 1.000E+00 7.074E+00 3.000E+00
NAN NAN NAN 1.255E+00 9.894E-04 NAN 1.000E+00 7.074E+00 3.000E+00
NAN NAN NAN 1.255E+00 9.910E-04 NAN 1.000E+00 7.074E+00 3.000E+00
NAN NAN NAN 1.255E+00 9.938E-04 NAN 1.000E+00 7.074E+00 3.000E+00
NAN NAN NAN 1.255E+00 9.991E-04 NAN 1.000E+00 7.074E+00 3.000E+00
NAN NAN NAN 1.255E+00 1.009E-03 NAN 1.000E+00 7.075E+00 3.000E+00
NAN NAN NAN 1.255E+00 1.026E-03 NAN 1.000E+00 7.075E+00 3.000E+00
NAN NAN NAN 1.255E+00 1.058E-03 NAN 1.000E+00 7.076E+00 3.000E+00
NAN NAN NAN 1.255E+00 1.117E-03 NAN 1.000E+00 7.077E+00 3.000E+00
NAN NAN NAN 1.255E+00 1.225E-03 NAN 1.000E+00 7.080E+00 3.000E+00
NAN NAN NAN 1.255E+00 1.423E-03 NAN 1.000E+00 7.084E+00 3.000E+00
NAN NAN NAN 1.255E+00 1.786E-03 NAN 1.000E+00 7.092E+00 3.000E+00
NAN NAN NAN 1.255E+00 2.451E-03 NAN 1.000E+00 7.108E+00 3.000E+00
NAN NAN NAN 1.255E+00 3.669E-03 NAN 1.000E+00 7.177E+00 3.000E+00
NAN NAN NAN 1.255E+00 5.903E-03 NAN 1.000E+00 7.333E+00 3.000E+00
NAN NAN NAN 1.587E+00 9.876E-04 NAN 1.000E+00 8.651E+00 3.000E+00
NAN NAN NAN 1.587E+00 9.877E-04 NAN 1.000E+00 8.651E+00 3.000E+00
NAN NAN NAN 1.587E+00 9.877E-04 NAN 1.000E+00 8.651E+00 3.000E+00
NAN NAN NAN 1.587E+00 9.879E-04 NAN 1.000E+00 8.651E+00 3.000E+00
NAN NAN NAN 1.587E+00 9.881E-04 NAN 1.000E+00 8.651E+00 3.000E+00
NAN NAN NAN 1.587E+00 9.886E-04 NAN 1.000E+00 8.651E+00 3.000E+00
NAN NAN NAN 1.587E+00 9.894E-04 NAN 1.000E+00 8.651E+00 3.000E+00
NAN NAN NAN 1.587E+00 9.910E-04 NAN 1.000E+00 8.652E+00 3.000E+00
NAN NAN NAN 1.587E+00 9.938E-04 NAN 1.000E+00 8.652E+00 3.000E+00
NAN NAN NAN 1.587E+00 9.991E-04 NAN 1.000E+00 8.652E+00 3.000E+00
NAN NAN NAN 1.587E+00 1.009E-03 NAN 1.000E+00 8.653E+00 3.000E+00
NAN NAN NAN 1.587E+00 1.026E-03 NAN 1.000E+00 8.654E+00 3.000E+00
NAN NAN NAN 1.587E+00 1.058E-03 NAN 1.000E+00 8.656E+00 3.000E+00
NAN NAN NAN 1.587E+00 1.117E-03 NAN 1.000E+00 8.660E+00 3.000E+00
NAN NAN NAN 1.587E+00 1.225E-03 NAN 1.000E+00 8.667E+00 3.000E+00
NAN NAN NAN 1.587E+00 1.423E-03 NAN 1.000E+00 8.680E+00 3.000E+00
NAN NAN NAN 1.587E+00 1.786E-03 NAN 1.000E+00 8.703E+00 3.000E+00
NAN NAN NAN 1.587E+00 2.451E-03 NAN 1.000E+00 8.749E+00 3.000E+00
NAN NAN NAN 1.587E+00 3.669E-03 NAN 1.000E+00 8.834E+00 3.000E+00
NAN NAN NAN 1.587E+00 5.903E-03 NAN 1.000E+00 8.990E+00 3.000E+00
NAN NAN NAN 2.007E+00 9.876E-04 NAN 1.000E+00 1.075E+01 3.000E+00
NAN NAN NAN 2.007E+00 9.877E-04 NAN 1.000E+00 1.075E+01 3.000E+00
NAN NAN NAN 2.007E+00 9.877E-04 NAN 1.000E+00 1.075E+01 3.000E+00
NAN NAN NAN 2.007E+00 9.879E-04 NAN 1.000E+00 1.075E+01 3.000E+00
NAN NAN NAN 2.007E+00 9.881E-04 NAN 1.000E+00 1.075E+01 3.000E+00
NAN NAN NAN 2.007E+00 9.886E-04 NAN 1.000E+00 1.075E+01 3.000E+00
NAN NAN NAN 2.007E+00 9.894E-04 NAN 1.000E+00 1.075E+01 3.000E+00
NAN NAN NAN 2.007E+00 9.910E-04 NAN 1.000E+00 1.075E+01 3.000E+00
NAN NAN NAN 2.007E+00 9.938E-04 NAN 1.000E+00 1.075E+01 3.000E+00
NAN NAN NAN 2.007E+00 9.991E-04 NAN 1.000E+00 1.075E+01 3.000E+00
NAN NAN NAN 2.007E+00 1.009E-03 NAN 1.000E+00 1.075E+01 3.000E+00
NAN NAN NAN 2.007E+00 1.026E-03 NAN 1.000E+00 1.076E+01 3.000E+00
NAN NAN NAN 2.007E+00 1.058E-03 NAN 1.000E+00 1.076E+01 3.000E+00
NAN NAN NAN 2.007E+00 1.117E-03 NAN 1.000E+00 1.076E+01 3.000E+00
NAN NAN NAN 2.007E+00 1.225E-03 NAN 1.000E+00 1.077E+01 3.000E+00
NAN NAN NAN 2.007E+00 1.423E-03 NAN 1.000E+00 1.078E+01 3.000E+00
NAN NAN NAN 2.007E+00 1.786E-03 NAN 1.000E+00 1.081E+01 3.000E+00
NAN NAN NAN 2.007E+00 2.451E-03 NAN 1.000E+00 1.085E+01 3.000E+00
NAN NAN NAN 2.007E+00 3.669E-03 NAN 1.000E+00 1.093E+01 3.000E+00
NAN NAN NAN 2.007E+00 5.903E-03 NAN 1.000E+00 1.109E+01 3.000E+00
NAN NAN NAN 2.539E+00 9.876E-04 NAN 1.000E+00 1.342E+01 3.000E+00
NAN NAN NAN 2.539E+00 9.877E-04 NAN 1.000E+00 1.342E+01 3.000E+00
NAN NAN NAN 2.539E+00 9.877E-04 NAN 1.000E+00 1.342E+01 3.000E+00
NAN NAN NAN 2.539E+00 9.879E-04 NAN 1.000E+00 1.342E+01 3.000E+00
NAN NAN NAN 2.539E+00 9.881E-04 NAN 1.000E+00 1.342E+01 3.000E+00
NAN NAN NAN 2.539E+00 9.886E-04 NAN 1.000E+00 1.342E+01 3.000E+00
NAN NAN NAN 2.539E+00 9.894E-04 NAN 1.000E+00 1.342E+01 3.000E+00
NAN NAN NAN 2.539E+00 9.910E-04 NAN 1.000E+00 1.342E+01 3.000E+00
NAN NAN NAN 2.539E+00 9.938E-04 NAN 1.000E+00 1.342E+01 3.000E+00
NAN NAN NAN 2.539E+00 9.991E-04 NAN 1.000E+00 1.342E+01 3.000E+00
NAN NAN NAN 2.539E+00 1.009E-03 NAN 1.000E+00 1.342E+01 3.000E+00
NAN NAN NAN 2.539E+00 1.026E-03 NAN 1.000E+00 1.342E+01 3.000E+00
NAN NAN NAN 2.539E+00 1.058E-03 NAN 1.000E+00 1.342E+01 3.000E+00
NAN NAN NAN 2.539E+00 1.117E-03 NAN 1.000E+00 1.342E+01 3.000E+00
NAN NAN NAN 2.539E+00 1.225E-03 NAN 1.000E+00 1.343E+01 3.000E+00
NAN NAN NAN 2.539E+00 1.423E-03 NAN 1.000E+00 1.344E+01 3.000E+00
NAN NAN NAN 2.539E+00 1.786E-03 NAN 1.000E+00 1.347E+01 3.000E+00
NAN NAN NAN 2.539E+00 2.451E-03 NAN 1.000E+00 1.351E+01 3.000E+00
NAN NAN NAN 2.539E+00 3.669E-03 NAN 1.000E+00 1.359E+01 3.000E+00
NAN NAN NAN 2.539E+00 5.903E-03 NAN 1.000E+00 1.374E+01 3.000E+00
NAN NAN NAN 3.211E+00 9.876E-04 NAN 1.000E+00 1.678E+01 3.000E+00
NAN NAN NAN 3.211E+00 9.877E-04 NAN 1.000E+00 1.678E+01 3.000E+00
NAN NAN NAN 3.211E+00 9.877E-04 NAN 1.000E+00 1.678E+01 3.000E+00
NAN NAN NAN 3.211E+00 9.879E-04 NAN 1.000E+00 1.678E+01 3.000E+00
NAN NAN NAN 3.211E+00 9.881E-04 NAN 1.000E+00 1.678E+01 3.000E+00
NAN NAN NAN 3.211E+00 9.886E-04 NAN 1.000E+00 1.678E+01 3.000E+00
NAN NAN NAN 3.211E+00 9.894E-04 NAN 1.000E+00 1.678E+01 3.000E+00
NAN NAN NAN 3.211E+00 9.910E-04 NAN 1.000E+00 1.678E+01 3.000E+00
NAN NAN NAN 3.211E+00 9.938E-04 NAN 1.000E+00 1.678E+01 3.000E+00
NAN NAN NAN 3.211E+00 9.991E-04 NAN 1.000E+00 1.678E+01 3.000E+00
NAN NAN NAN 3.211E+00 1.009E-03 NAN 1.000E+00 1.678E+01 3.000E+00
NAN NAN NAN 3.211E+00 1.026E-03 NAN 1.000E+00 1.678E+01 3.000E+00
NAN NAN NAN 3.211E+00 1.058E-03 NAN 1.000E+00 1.678E+01 3.000E+00
NAN NAN NAN 3.211E+00 1.117E-03 NAN 1.000E+00 1.679E+01 3.000E+00
NAN NAN NAN 3.211E+00 1.225E-03 NAN 1.000E+00 1.680E+01 3.000E+00
NAN NAN NAN 3.211E+00 1.423E-03 NAN 1.000E+00 1.681E+01 3.000E+00
NAN NAN NAN 3.211E+00 1.786E-03 NAN 1.000E+00 1.683E+01 3.000E+00
NAN NAN NAN 3.211E+00 2.451E-03 NAN 1.000E+00 1.687E+01 3.000E+00
NAN NAN NAN 3.211E+00 3.669E-03 NAN 1.000E+00 1.695E+01 3.000E+00
NAN NAN NAN 3.211E+00 5.903E-03 NAN 1.000E+00 1.710E+01 3.000E+00
NAN NAN NAN 4.062E+00 9.876E-04 NAN 1.000E+00 2.104E+01 3.000E+00
NAN NAN NAN 4.062E+00 9.877E-04 NAN 1.000E+00 2.104E+01 3.000E+00
NAN NAN NAN 4.062E+00 9.877E-04 NAN 1.000E+00 2.104E+01 3.000E+00
NAN NAN NAN 4.062E+00 9.879E-04 NAN 1.000E+00 2.104E+01 3.000E+00
NAN NAN NAN 4.062E+00 9.881E-04 NAN 1.000E+00 2.104E+01 3.000E+00
NAN NAN NAN 4.062E+00 9.886E-04 NAN 1.000E+00 2.104E+01 3.000E+00
NAN NAN NAN 4.062E+00 9.894E-04 NAN 1.000E+00 2.104E+01 3.000E+00
NAN NAN NAN 4.062E+00 9.910E-04 NAN 1.000E+00 2.104E+01 3.000E+00
NAN NAN NAN 4.062E+00 9.938E-04 NAN 1.000E+00 2.104E+01 3.000E+00
NAN NAN NAN 4.062E+00 9.991E-04 NAN 1.000E+00 2.104E+01 3.000E+00
NAN NAN NAN 4.062E+00 1.009E-03 NAN 1.000E+00 2.104E+01 3.000E+00
NAN NAN NAN 4.062E+00 1.026E-03 NAN 1.000E+00 2.104E+01 3.000E+00
NAN NAN NAN 4.062E+00 1.058E-03 NAN 1.000E+00 2.104E+01 3.000E+00
NAN NAN NAN 4.062E+00 1.117E-03 NAN 1.000E+00 2.105E+01 3.000E+00
NAN NAN NAN 4.062E+00 1.225E-03 NAN 1.000E+00 2.105E+01 3.000E+00
NAN NAN NAN 4.062E+00 1.423E-03 NAN 1.000E+00 2.107E+01 3.000E+00
NAN NAN NAN 4.062E+00 1.786E-03 NAN 1.000E+00 2.109E+01 3.000E+00
NAN NAN NAN 4.062E+00 2.451E-03 NAN 1.000E+00 2.113E+01 3.000E+00
NAN NAN NAN 4.062E+00 3.669E-03 NAN 1.000E+00 2.121E+01 3.000E+00
NAN NAN NAN 4.062E+00 5.903E-03 NAN 1.000E+00 2.136E+01 3.000E+00
NAN NAN NAN 5.138E+00 9.876E-04 NAN 1.000E+00 2.642E+01 3.000E+00
NAN NAN NAN 5.138E+00 9.877E-04 NAN 1.000E+00 2.642E+01 3.000E+00
NAN NAN NAN 5.138E+00 9.877E-04 NAN 1.000E+00 2.642E+01 3.000E+00
NAN NAN NAN 5.138E+00 9.879E-04 NAN 1.000E+00 2.642E+01 3.000E+00
NAN NAN NAN 5.138E+00 9.881E-04 NAN 1.000E+00 2.642E+01 3.000E+00
NAN NAN NAN 5.138E+00 9.886E-04 NAN 1.000E+00 2.642E+01 3.000E+00
NAN NAN NAN 5.138E+00 9.894E-04 NAN 1.000E+00 2.642E+01 3.000E+00
NAN NAN NAN 5.138E+00 9.910E-04 NAN 1.000E+00 2.642E+01 3.000E+00
NAN NAN NAN 5.138E+00 9.938E-04 NAN 1.000E+00 2.643E+01 3.000E+00
NAN NAN NAN 5.138E+00 9.991E-04 NAN 1.000E+00 2.643E+01 3.000E+00
NAN NAN NAN 5.138E+00 1.009E-03 NAN 1.000E+00 2.643E+01 3.000E+00
NAN NAN NAN 5.138E+00 1.026E-03 NAN 1.000E+00 2.643E+01 3.000E+00
NAN NAN NAN 5.138E+00 1.058E-03 NAN 1.000E+00 2.643E+01 3.000E+00
NAN NAN NAN 5.138E+00 1.117E-03 NAN 1.000E+00 2.643E+01 3.000E+00
NAN NAN NAN 5.138E+00 1.225E-03 NAN 1.000E+00 2.644E+01 3.000E+00
NAN NAN NAN 5.138E+00 1.423E-03 NAN 1.000E+00 2.645E+01 3.000E+00
NAN NAN NAN 5.138E+00 1.786E-03 NAN 1.000E+00 2.648E+01 3.000E+00
NAN NAN NAN 5.138E+00 2.451E-03 NAN 1.000E+00 2.652E+01 3.000E+00
NAN NAN NAN 5.138E+00 3.669E-03 NAN 1.000E+00 2.660E+01 3.000E+00
NAN NAN NAN 5.138E+00 5.903E-03 NAN 1.000E+00 2.674E+01 3.000E+00
