2.177E+06 6.155E+02 1.664E+00 5.137E-05 1.248E-05 1.468E+03 8.727E-01 4.431E+01 2.000E+00
2.246E+06 6.155E+02 1.664E+00 5.137E-05 1.252E-05 1.468E+03 8.727E-01 4.431E+01 2.000E+00
2.388E+06 6.155E+02 1.664E+00 5.137E-05 1.260E-05 1.468E+03 8.727E-01 4.431E+01 2.000E+00
2.706E+06 6.155E+02 1.664E+00 5.137E-05 1.274E-05 1.468E+03 8.727E-01 4.431E+01 2.000E+00
3.629E+06 6.155E+02 1.664E+00 5.137E-05 1.299E-05 1.468E+03 8.727E-01 4.431E+01 2.000E+00
1.106E+07 6.155E+02 1.664E+00 5.137E-05 1.345E-05 1.468E+03 8.727E-01 4.431E+01 2.000E+00
4.804E+06 7.530E+02 1.555E+00 5.137E-05 1.430E-05 1.342E+03 8.727E-01 4.431E+01 2.000E+00
5.052E+08 7.362E+02 1.567E+00 5.137E-05 1.585E-05 1.354E+03 8.727E-01 4.431E+01 2.000E+00
6.043E+06 5.993E+02 1.678E+00 5.137E-05 1.870E-05 1.487E+03 8.728E-01 4.431E+01 2.000E+00
4.914E+06 3.366E+02 1.954E+00 5.137E-05 2.391E-05 2.259E+03 8.728E-01 4.431E+01 2.000E+00
2.727E+06 4.609E+02 1.813E+00 5.137E-05 3.348E-05 1.733E+03 8.730E-01 4.431E+01 2.000E+00
3.045E+06 3.664E+02 1.919E+00 5.137E-05 5.101E-05 2.075E+03 8.732E-01 4.431E+01 2.000E+00
1.838E+07 7.827E+02 1.534E+00 5.137E-05 8.314E-05 1.321E+03 8.736E-01 4.431E+01 2.000E+00
2.440E+06 6.319E+02 1.650E+00 5.137E-05 1.420E-04 1.449E+03 8.743E-01 4.431E+01 2.000E+00
1.864E+06 3.482E+02 1.941E+00 5.137E-05 2.500E-04 2.177E+03 8.757E-01 4.432E+01 2.000E+00
1.482E+07 5.454E+02 1.728E+00 5.137E-05 4.479E-04 1.563E+03 8.781E-01 4.432E+01 2.000E+00
3.927E+06 6.145E+02 1.666E+00 5.137E-05 8.106E-04 1.468E+03 8.826E-01 4.433E+01 2.000E+00
3.833E+08 8.775E+02 1.473E+00 5.137E-05 1.475E-03 1.268E+03 8.879E-01 4.434E+01 2.000E+00
2.796E+06 5.722E+02 1.706E+00 5.137E-05 2.694E-03 1.520E+03 8.970E-01 4.437E+01 2.000E+00
1.660E+06 3.193E+02 1.991E+00 5.137E-05 4.928E-03 2.322E+03 9.138E-01 4.442E+01 2.000E+00
2.364E+06 6.155E+02 1.664E+00 6.498E-05 1.248E-05 1.468E+03 8.728E-01 4.431E+01 2.000E+00
2.448E+06 6.155E+02 1.664E+00 6.498E-05 1.252E-05 1.468E+03 8.728E-01 4.431E+01 2.000E+00
2.621E+06 6.155E+02 1.664E+00 6.498E-05 1.260E-05 1.468E+03 8.728E-01 4.431E+01 2.000E+00
3.019E+06 6.155E+02 1.664E+00 6.498E-05 1.274E-05 1.468E+03 8.728E-01 4.431E+01 2.000E+00
4.250E+06 6.155E+02 1.664E+00 6.498E-05 1.299E-05 1.468E+03 8.728E-01 4.431E+01 2.000E+00
2.167E+07 6.155E+02 1.664E+00 6.498E-05 1.345E-05 1.468E+03 8.728E-01 4.431E+01 2.000E+00
5.375E+06 7.530E+02 1.555E+00 6.498E-05 1.430E-05 1.342E+03 8.728E-01 4.431E+01 2.000E+00
6.461E+06 5.444E+02 1.728E+00 6.498E-05 1.585E-05 1.565E+03 8.728E-01 4.431E+01 2.000E+00
8.324E+06 5.993E+02 1.678E+00 6.498E-05 1.870E-05 1.488E+03 8.728E-01 4.431E+01 2.000E+00
8.444E+06 3.366E+02 1.954E+00 6.498E-05 2.391E-05 2.258E+03 8.729E-01 4.431E+01 2.000E+00
3.332E+06 4.609E+02 1.813E+00 6.498E-05 3.348E-05 1.733E+03 8.730E-01 4.431E+01 2.000E+00
4.093E+06 3.664E+02 1.919E+00 6.498E-05 5.101E-05 2.075E+03 8.732E-01 4.431E+01 2.000E+00
2.984E+07 7.827E+02 1.534E+00 6.498E-05 8.314E-05 1.322E+03 8.736E-01 4.431E+01 2.000E+00
2.668E+06 6.319E+02 1.650E+00 6.498E-05 1.420E-04 1.450E+03 8.744E-01 4.431E+01 2.000E+00
2.195E+06 3.482E+02 1.941E+00 6.498E-05 2.500E-04 2.177E+03 8.757E-01 4.432E+01 2.000E+00
9.863E+07 5.454E+02 1.728E+00 6.498E-05 4.479E-04 1.563E+03 8.782E-01 4.432E+01 2.000E+00
4.674E+06 6.145E+02 1.666E+00 6.498E-05 8.106E-04 1.468E+03 8.827E-01 4.433E+01 2.000E+00
5.586E+07 8.768E+02 1.473E+00 6.498E-05 1.475E-03 1.268E+03 8.879E-01 4.434E+01 2.000E+00
3.201E+06 5.722E+02 1.706E+00 6.498E-05 2.694E-03 1.520E+03 8.970E-01 4.437E+01 2.000E+00
1.924E+06 3.193E+02 1.991E+00 6.498E-05 4.928E-03 2.322E+03 9.138E-01 4.442E+01 2.000E+00
2.661E+06 6.155E+02 1.664E+00 8.219E-05 1.248E-05 1.468E+03 8.728E-01 4.431E+01 2.000E+00
2.771E+06 6.155E+02 1.664E+00 8.219E-05 1.252E-05 1.468E+03 8.728E-01 4.431E+01 2.000E+00
3.001E+06 6.155E+02 1.664E+00 8.219E-05 1.260E-05 1.468E+03 8.728E-01 4.431E+01 2.000E+00
3.551E+06 6.155E+02 1.664E+00 8.219E-05 1.274E-05 1.468E+03 8.728E-01 4.431E+01 2.000E+00
5.461E+06 6.155E+02 1.664E+00 8.219E-05 1.299E-05 1.468E+03 8.728E-01 4.431E+01 2.000E+00
1.214E+07 6.490E+02 1.635E+00 8.219E-05 1.345E-05 1.431E+03 8.728E-01 4.431E+01 2.000E+00
6.347E+06 7.530E+02 1.555E+00 8.219E-05 1.430E-05 1.342E+03 8.728E-01 4.431E+01 2.000E+00
1.186E+07 5.444E+02 1.728E+00 8.219E-05 1.585E-05 1.565E+03 8.728E-01 4.431E+01 2.000E+00
1.632E+07 5.993E+02 1.678E+00 8.219E-05 1.870E-05 1.487E+03 8.729E-01 4.431E+01 2.000E+00
3.148E+08 3.366E+02 1.954E+00 8.219E-05 2.391E-05 2.258E+03 8.729E-01 4.431E+01 2.000E+00
4.684E+06 4.609E+02 1.813E+00 8.219E-05 3.348E-05 1.733E+03 8.731E-01 4.431E+01 2.000E+00
7.412E+06 3.664E+02 1.919E+00 8.219E-05 5.101E-05 2.075E+03 8.733E-01 4.431E+01 2.000E+00
1.510E+08 7.827E+02 1.534E+00 8.219E-05 8.314E-05 1.321E+03 8.737E-01 4.431E+01 2.000E+00
3.033E+06 6.319E+02 1.650E+00 8.219E-05 1.420E-04 1.449E+03 8.744E-01 4.431E+01 2.000E+00
2.853E+06 3.482E+02 1.941E+00 8.219E-05 2.500E-04 2.376E+03 8.758E-01 4.432E+01 2.000E+00
1.158E+07 5.522E+02 1.722E+00 8.219E-05 4.479E-04 1.553E+03 8.782E-01 4.432E+01 2.000E+00
6.203E+06 6.145E+02 1.666E+00 8.219E-05 8.106E-04 1.469E+03 8.827E-01 4.433E+01 2.000E+00
2.431E+08 8.768E+02 1.473E+00 8.219E-05 1.475E-03 1.269E+03 8.879E-01 4.434E+01 2.000E+00
3.940E+06 5.722E+02 1.706E+00 8.219E-05 2.694E-03 1.521E+03 8.971E-01 4.437E+01 2.000E+00
2.427E+06 3.193E+02 1.991E+00 8.219E-05 4.928E-03 2.324E+03 9.138E-01 4.442E+01 2.000E+00
3.182E+06 6.155E+02 1.664E+00 1.040E-04 1.248E-05 1.468E+03 8.729E-01 4.431E+01 2.000E+00
3.345E+06 6.155E+02 1.664E+00 1.040E-04 1.252E-05 1.468E+03 8.729E-01 4.431E+01 2.000E+00
3.698E+06 6.155E+02 1.664E+00 1.040E-04 1.260E-05 1.471E+03 8.729E-01 4.431E+01 2.000E+00
4.609E+06 6.155E+02 1.664E+00 1.040E-04 1.274E-05 1.468E+03 8.729E-01 4.431E+01 2.000E+00
8.690E+06 6.155E+02 1.664E+00 1.040E-04 1.299E-05 1.468E+03 8.729E-01 4.431E+01 2.000E+00
5.106E+07 6.490E+02 1.635E+00 1.040E-04 1.345E-05 1.431E+03 8.729E-01 4.431E+01 2.000E+00
8.285E+06 7.530E+02 1.555E+00 1.040E-04 1.430E-05 1.342E+03 8.729E-01 4.431E+01 2.000E+00
8.931E+06 5.435E+02 1.729E+00 1.040E-04 1.585E-05 1.567E+03 8.729E-01 4.431E+01 2.000E+00
7.662E+06 9.570E+02 1.425E+00 1.040E-04 1.870E-05 1.230E+03 8.729E-01 4.431E+01 2.000E+00
1.461E+07 7.843E+02 1.533E+00 1.040E-04 2.391E-05 1.321E+03 8.730E-01 4.431E+01 2.000E+00
1.001E+07 4.609E+02 1.813E+00 1.040E-04 3.348E-05 1.733E+03 8.731E-01 4.431E+01 2.000E+00
4.141E+06 9.662E+02 1.420E+00 1.040E-04 5.101E-05 1.227E+03 8.734E-01 4.431E+01 2.000E+00
5.527E+07 7.695E+02 1.543E+00 1.040E-04 8.314E-05 1.330E+03 8.737E-01 4.431E+01 2.000E+00
3.690E+06 6.319E+02 1.650E+00 1.040E-04 1.420E-04 1.449E+03 8.745E-01 4.431E+01 2.000E+00
4.701E+06 3.482E+02 1.941E+00 1.040E-04 2.500E-04 2.177E+03 8.758E-01 4.432E+01 2.000E+00
5.933E+06 5.829E+02 1.693E+00 1.040E-04 4.479E-04 1.508E+03 8.783E-01 4.432E+01 2.000E+00
1.082E+07 6.145E+02 1.666E+00 1.040E-04 8.106E-04 1.469E+03 8.828E-01 4.433E+01 2.000E+00
1.790E+07 8.782E+02 1.473E+00 1.040E-04 1.475E-03 1.268E+03 8.880E-01 4.434E+01 2.000E+00
9.724E+07 5.750E+02 1.704E+00 1.040E-04 2.694E-03 1.517E+03 8.971E-01 4.437E+01 2.000E+00
3.686E+06 3.193E+02 1.991E+00 1.040E-04 4.928E-03 2.322E+03 9.139E-01 4.442E+01 2.000E+00
4.281E+06 6.155E+02 1.664E+00 1.315E-04 1.248E-05 1.468E+03 8.730E-01 4.431E+01 2.000E+00
4.596E+06 6.155E+02 1.664E+00 1.315E-04 1.252E-05 1.470E+03 8.730E-01 4.431E+01 2.000E+00
5.325E+06 6.155E+02 1.664E+00 1.315E-04 1.260E-05 1.492E+03 8.730E-01 4.431E+01 2.000E+00
7.575E+06 6.155E+02 1.664E+00 1.315E-04 1.274E-05 1.468E+03 8.730E-01 4.431E+01 2.000E+00
3.917E+07 6.155E+02 1.664E+00 1.315E-04 1.299E-05 1.468E+03 8.730E-01 4.431E+01 2.000E+00
3.811E+06 7.530E+02 1.555E+00 1.315E-04 1.345E-05 1.372E+03 8.730E-01 4.431E+01 2.000E+00
1.375E+07 7.530E+02 1.555E+00 1.315E-04 1.430E-05 1.342E+03 8.730E-01 4.431E+01 2.000E+00
5.802E+06 5.578E+02 1.716E+00 1.315E-04 1.585E-05 1.545E+03 8.730E-01 4.431E+01 2.000E+00
8.055E+06 9.570E+02 1.425E+00 1.315E-04 1.870E-05 1.230E+03 8.730E-01 4.431E+01 2.000E+00
3.755E+07 7.843E+02 1.533E+00 1.315E-04 2.391E-05 1.320E+03 8.731E-01 4.431E+01 2.000E+00
5.250E+07 4.031E+02 1.876E+00 1.315E-04 3.348E-05 1.912E+03 8.732E-01 4.431E+01 2.000E+00
4.218E+06 9.662E+02 1.420E+00 1.315E-04 5.101E-05 1.227E+03 8.734E-01 4.431E+01 2.000E+00
3.310E+06 8.937E+02 1.462E+00 1.315E-04 8.314E-05 1.259E+03 8.738E-01 4.431E+01 2.000E+00
5.158E+06 6.319E+02 1.650E+00 1.315E-04 1.420E-04 1.463E+03 8.746E-01 4.431E+01 2.000E+00
3.289E+07 3.482E+02 1.941E+00 1.315E-04 2.500E-04 2.181E+03 8.759E-01 4.432E+01 2.000E+00
1.426E+07 5.829E+02 1.693E+00 1.315E-04 4.479E-04 1.508E+03 8.784E-01 4.432E+01 2.000E+00
5.428E+08 6.145E+02 1.666E+00 1.315E-04 8.106E-04 1.469E+03 8.829E-01 4.433E+01 2.000E+00
2.880E+07 8.782E+02 1.473E+00 1.315E-04 1.475E-03 1.268E+03 8.881E-01 4.434E+01 2.000E+00
1.307E+07 5.722E+02 1.706E+00 1.315E-04 2.694E-03 1.521E+03 8.972E-01 4.437E+01 2.000E+00
1.171E+07 3.193E+02 1.991E+00 1.315E-04 4.928E-03 2.322E+03 9.140E-01 4.442E+01 2.000E+00
7.907E+06 6.155E+02 1.664E+00 1.663E-04 1.248E-05 1.468E+03 8.731E-01 4.431E+01 2.000E+00
9.131E+06 6.155E+02 1.664E+00 1.663E-04 1.252E-05 1.468E+03 8.731E-01 4.431E+01 2.000E+00
1.281E+07 6.155E+02 1.664E+00 1.663E-04 1.260E-05 1.468E+03 8.731E-01 4.431E+01 2.000E+00
5.244E+07 6.155E+02 1.664E+00 1.663E-04 1.274E-05 1.468E+03 8.731E-01 4.431E+01 2.000E+00
6.589E+07 6.490E+02 1.635E+00 1.663E-04 1.299E-05 1.432E+03 8.731E-01 4.431E+01 2.000E+00
4.825E+06 7.530E+02 1.555E+00 1.663E-04 1.345E-05 1.342E+03 8.731E-01 4.431E+01 2.000E+00
1.033E+08 7.530E+02 1.555E+00 1.663E-04 1.430E-05 1.342E+03 8.731E-01 4.431E+01 2.000E+00
2.845E+07 5.578E+02 1.716E+00 1.663E-04 1.585E-05 1.545E+03 8.731E-01 4.431E+01 2.000E+00
8.618E+06 9.570E+02 1.425E+00 1.663E-04 1.870E-05 1.230E+03 8.731E-01 4.431E+01 2.000E+00
1.364E+07 7.946E+02 1.526E+00 1.663E-04 2.391E-05 1.363E+03 8.732E-01 4.431E+01 2.000E+00
4.081E+07 3.969E+02 1.883E+00 1.663E-04 3.348E-05 1.936E+03 8.733E-01 4.431E+01 2.000E+00
4.320E+06 9.662E+02 1.420E+00 1.663E-04 5.101E-05 1.227E+03 8.735E-01 4.431E+01 2.000E+00
3.525E+06 8.937E+02 1.462E+00 1.663E-04 8.314E-05 1.259E+03 8.739E-01 4.431E+01 2.000E+00
1.092E+07 6.319E+02 1.650E+00 1.663E-04 1.420E-04 1.449E+03 8.747E-01 4.431E+01 2.000E+00
1.120E+07 6.401E+02 1.643E+00 1.663E-04 2.500E-04 1.442E+03 8.760E-01 4.432E+01 2.000E+00
4.448E+07 6.836E+02 1.608E+00 1.663E-04 4.479E-04 1.398E+03 8.785E-01 4.432E+01 2.000E+00
8.356E+07 5.101E+02 1.763E+00 1.663E-04 8.106E-04 1.624E+03 8.830E-01 4.433E+01 2.000E+00
1.349E+08 8.782E+02 1.473E+00 1.663E-04 1.475E-03 1.268E+03 8.881E-01 4.434E+01 2.000E+00
8.191E+06 7.053E+02 1.593E+00 1.663E-04 2.694E-03 1.379E+03 8.973E-01 4.437E+01 2.000E+00
7.871E+06 7.358E+02 1.573E+00 1.663E-04 4.928E-03 1.357E+03 9.140E-01 4.442E+01 2.000E+00
1.246E+07 6.490E+02 1.635E+00 2.104E-04 1.248E-05 1.431E+03 8.732E-01 4.431E+01 2.000E+00
1.541E+07 6.490E+02 1.635E+00 2.104E-04 1.252E-05 1.431E+03 8.732E-01 4.431E+01 2.000E+00
2.747E+07 6.490E+02 1.635E+00 2.104E-04 1.260E-05 1.431E+03 8.732E-01 4.431E+01 2.000E+00
3.456E+06 7.530E+02 1.555E+00 2.104E-04 1.274E-05 1.350E+03 8.732E-01 4.431E+01 2.000E+00
4.227E+06 7.530E+02 1.555E+00 2.104E-04 1.299E-05 1.342E+03 8.732E-01 4.431E+01 2.000E+00
7.447E+06 7.530E+02 1.555E+00 2.104E-04 1.345E-05 1.342E+03 8.732E-01 4.431E+01 2.000E+00
1.623E+06 3.401E+02 1.950E+00 2.104E-04 1.430E-05 2.234E+03 8.732E-01 4.431E+01 2.000E+00
5.199E+06 7.301E+02 1.572E+00 2.104E-04 1.585E-05 1.359E+03 8.732E-01 4.431E+01 2.000E+00
9.462E+06 9.570E+02 1.425E+00 2.104E-04 1.870E-05 1.230E+03 8.733E-01 4.431E+01 2.000E+00
9.938E+07 7.946E+02 1.526E+00 2.104E-04 2.391E-05 1.314E+03 8.733E-01 4.431E+01 2.000E+00
2.312E+06 9.853E+02 1.409E+00 2.104E-04 3.348E-05 1.219E+03 8.735E-01 4.431E+01 2.000E+00
4.456E+06 9.662E+02 1.420E+00 2.104E-04 5.101E-05 1.227E+03 8.737E-01 4.431E+01 2.000E+00
3.846E+06 8.937E+02 1.462E+00 2.104E-04 8.314E-05 1.260E+03 8.741E-01 4.431E+01 2.000E+00
2.889E+06 7.811E+02 1.535E+00 2.104E-04 1.420E-04 1.323E+03 8.748E-01 4.431E+01 2.000E+00
5.125E+06 4.409E+02 1.835E+00 2.104E-04 2.500E-04 1.787E+03 8.762E-01 4.432E+01 2.000E+00
7.122E+06 7.018E+02 1.594E+00 2.104E-04 4.479E-04 1.384E+03 8.786E-01 4.432E+01 2.000E+00
1.047E+06 5.129E+02 1.760E+00 2.104E-04 8.106E-04 1.618E+03 8.831E-01 4.433E+01 2.000E+00
2.067E+07 8.761E+02 1.474E+00 2.104E-04 1.475E-03 1.269E+03 8.883E-01 4.434E+01 2.000E+00
4.020E+07 7.053E+02 1.593E+00 2.104E-04 2.694E-03 1.379E+03 8.974E-01 4.437E+01 2.000E+00
2.245E+07 7.358E+02 1.573E+00 2.104E-04 4.928E-03 1.356E+03 9.142E-01 4.442E+01 2.000E+00
3.902E+06 7.530E+02 1.555E+00 2.661E-04 1.248E-05 1.342E+03 8.734E-01 4.431E+01 2.000E+00
4.038E+06 7.530E+02 1.555E+00 2.661E-04 1.252E-05 1.342E+03 8.734E-01 4.431E+01 2.000E+00
4.317E+06 7.530E+02 1.555E+00 2.661E-04 1.260E-05 1.342E+03 8.734E-01 4.431E+01 2.000E+00
4.954E+06 7.530E+02 1.555E+00 2.661E-04 1.274E-05 1.344E+03 8.734E-01 4.431E+01 2.000E+00
6.869E+06 7.530E+02 1.555E+00 2.661E-04 1.299E-05 1.342E+03 8.734E-01 4.431E+01 2.000E+00
2.746E+07 7.530E+02 1.555E+00 2.661E-04 1.345E-05 1.342E+03 8.734E-01 4.431E+01 2.000E+00
7.075E+06 5.444E+02 1.728E+00 2.661E-04 1.430E-05 1.566E+03 8.734E-01 4.431E+01 2.000E+00
4.645E+07 4.676E+02 1.805E+00 2.661E-04 1.585E-05 1.717E+03 8.734E-01 4.431E+01 2.000E+00
1.082E+07 9.570E+02 1.425E+00 2.661E-04 1.870E-05 1.231E+03 8.735E-01 4.431E+01 2.000E+00
4.146E+06 7.899E+02 1.529E+00 2.661E-04 2.391E-05 1.317E+03 8.735E-01 4.431E+01 2.000E+00
2.041E+07 6.469E+02 1.637E+00 2.661E-04 3.348E-05 1.446E+03 8.736E-01 4.431E+01 2.000E+00
4.644E+06 9.662E+02 1.420E+00 2.661E-04 5.101E-05 1.227E+03 8.739E-01 4.431E+01 2.000E+00
4.363E+06 8.937E+02 1.462E+00 2.661E-04 8.314E-05 1.259E+03 8.743E-01 4.431E+01 2.000E+00
3.630E+06 7.811E+02 1.535E+00 2.661E-04 1.420E-04 1.322E+03 8.750E-01 4.431E+01 2.000E+00
4.427E+06 6.105E+02 1.668E+00 2.661E-04 2.500E-04 1.474E+03 8.763E-01 4.432E+01 2.000E+00
6.937E+07 7.018E+02 1.594E+00 2.661E-04 4.479E-04 1.382E+03 8.788E-01 4.432E+01 2.000E+00
1.296E+06 5.129E+02 1.760E+00 2.661E-04 8.106E-04 1.618E+03 8.833E-01 4.433E+01 2.000E+00
2.472E+08 8.761E+02 1.474E+00 2.661E-04 1.475E-03 1.269E+03 8.884E-01 4.434E+01 2.000E+00
3.239E+06 7.087E+02 1.591E+00 2.661E-04 2.694E-03 1.376E+03 8.975E-01 4.437E+01 2.000E+00
3.453E+06 7.511E+02 1.561E+00 2.661E-04 4.928E-03 1.394E+03 9.143E-01 4.442E+01 2.000E+00
7.050E+06 7.530E+02 1.555E+00 3.366E-04 1.248E-05 1.342E+03 8.736E-01 4.431E+01 2.000E+00
7.548E+06 7.530E+02 1.555E+00 3.366E-04 1.252E-05 1.342E+03 8.736E-01 4.431E+01 2.000E+00
8.685E+06 7.530E+02 1.555E+00 3.366E-04 1.260E-05 1.343E+03 8.736E-01 4.431E+01 2.000E+00
1.207E+07 7.530E+02 1.555E+00 3.366E-04 1.274E-05 1.342E+03 8.736E-01 4.431E+01 2.000E+00
4.614E+07 7.530E+02 1.555E+00 3.366E-04 1.299E-05 1.363E+03 8.736E-01 4.431E+01 2.000E+00
1.297E+08 7.330E+02 1.569E+00 3.366E-04 1.345E-05 1.367E+03 8.736E-01 4.431E+01 2.000E+00
6.807E+06 5.578E+02 1.716E+00 3.366E-04 1.430E-05 1.545E+03 8.736E-01 4.431E+01 2.000E+00
7.788E+06 2.917E+02 2.008E+00 3.366E-04 1.585E-05 2.696E+03 8.736E-01 4.431E+01 2.000E+00
1.326E+07 9.570E+02 1.425E+00 3.366E-04 1.870E-05 1.231E+03 8.737E-01 4.431E+01 2.000E+00
6.741E+06 7.899E+02 1.529E+00 3.366E-04 2.391E-05 1.415E+03 8.737E-01 4.431E+01 2.000E+00
1.289E+07 5.740E+02 1.701E+00 3.366E-04 3.348E-05 1.583E+03 8.739E-01 4.431E+01 2.000E+00
4.908E+06 9.662E+02 1.420E+00 3.366E-04 5.101E-05 1.227E+03 8.741E-01 4.431E+01 2.000E+00
4.088E+06 2.871E+02 2.014E+00 3.366E-04 8.314E-05 2.759E+03 8.745E-01 4.431E+01 2.000E+00
5.092E+06 5.755E+02 1.699E+00 3.366E-04 1.420E-04 1.519E+03 8.752E-01 4.431E+01 2.000E+00
1.383E+07 6.152E+02 1.664E+00 3.366E-04 2.500E-04 1.468E+03 8.765E-01 4.432E+01 2.000E+00
3.693E+07 5.903E+02 1.686E+00 3.366E-04 4.479E-04 1.499E+03 8.790E-01 4.432E+01 2.000E+00
1.051E+06 2.743E+02 2.031E+00 3.366E-04 8.106E-04 2.946E+03 8.835E-01 4.433E+01 2.000E+00
3.502E+06 7.991E+02 1.524E+00 3.366E-04 1.475E-03 1.313E+03 8.886E-01 4.434E+01 2.000E+00
5.858E+06 7.087E+02 1.591E+00 3.366E-04 2.694E-03 1.376E+03 8.977E-01 4.437E+01 2.000E+00
5.577E+06 7.511E+02 1.561E+00 3.366E-04 4.928E-03 1.345E+03 9.145E-01 4.442E+01 2.000E+00
1.120E+07 7.330E+02 1.569E+00 4.257E-04 1.248E-05 1.357E+03 8.739E-01 4.431E+01 2.000E+00
1.273E+07 7.330E+02 1.569E+00 4.257E-04 1.252E-05 1.358E+03 8.739E-01 4.431E+01 2.000E+00
1.702E+07 7.330E+02 1.569E+00 4.257E-04 1.260E-05 1.357E+03 8.739E-01 4.431E+01 2.000E+00
4.606E+07 7.330E+02 1.569E+00 4.257E-04 1.274E-05 1.357E+03 8.739E-01 4.431E+01 2.000E+00
5.875E+06 5.444E+02 1.728E+00 4.257E-04 1.299E-05 1.565E+03 8.739E-01 4.431E+01 2.000E+00
2.250E+07 5.435E+02 1.729E+00 4.257E-04 1.345E-05 1.567E+03 8.739E-01 4.431E+01 2.000E+00
5.329E+06 4.676E+02 1.805E+00 4.257E-04 1.430E-05 1.718E+03 8.739E-01 4.431E+01 2.000E+00
6.705E+06 5.993E+02 1.678E+00 4.257E-04 1.585E-05 1.488E+03 8.739E-01 4.431E+01 2.000E+00
2.233E+06 8.044E+02 1.519E+00 4.257E-04 1.870E-05 1.308E+03 8.739E-01 4.431E+01 2.000E+00
4.788E+07 7.899E+02 1.529E+00 4.257E-04 2.391E-05 1.317E+03 8.740E-01 4.431E+01 2.000E+00
1.971E+07 5.146E+02 1.757E+00 4.257E-04 3.348E-05 1.617E+03 8.741E-01 4.431E+01 2.000E+00
5.295E+06 9.662E+02 1.420E+00 4.257E-04 5.101E-05 1.227E+03 8.743E-01 4.431E+01 2.000E+00
2.428E+06 3.569E+02 1.930E+00 4.257E-04 8.314E-05 2.127E+03 8.747E-01 4.431E+01 2.000E+00
2.045E+07 7.811E+02 1.535E+00 4.257E-04 1.420E-04 1.322E+03 8.755E-01 4.431E+01 2.000E+00
9.093E+06 7.495E+02 1.558E+00 4.257E-04 2.500E-04 1.345E+03 8.768E-01 4.432E+01 2.000E+00
1.952E+08 9.287E+02 1.441E+00 4.257E-04 4.479E-04 1.246E+03 8.793E-01 4.432E+01 2.000E+00
7.810E+06 5.009E+02 1.772E+00 4.257E-04 8.106E-04 1.642E+03 8.838E-01 4.433E+01 2.000E+00
5.599E+06 7.991E+02 1.524E+00 4.257E-04 1.475E-03 1.312E+03 8.888E-01 4.434E+01 2.000E+00
1.019E+07 5.492E+02 1.728E+00 4.257E-04 2.694E-03 1.554E+03 8.979E-01 4.437E+01 2.000E+00
3.736E+07 7.511E+02 1.561E+00 4.257E-04 4.928E-03 1.345E+03 9.147E-01 4.442E+01 2.000E+00
1.130E+07 5.435E+02 1.729E+00 5.385E-04 1.248E-05 1.567E+03 8.742E-01 4.431E+01 2.000E+00
1.499E+07 5.435E+02 1.729E+00 5.385E-04 1.252E-05 1.567E+03 8.742E-01 4.431E+01 2.000E+00
3.814E+07 5.435E+02 1.729E+00 5.385E-04 1.260E-05 1.567E+03 8.742E-01 4.431E+01 2.000E+00
7.147E+06 5.578E+02 1.716E+00 5.385E-04 1.274E-05 1.545E+03 8.742E-01 4.431E+01 2.000E+00
8.699E+07 5.578E+02 1.716E+00 5.385E-04 1.299E-05 1.545E+03 8.742E-01 4.431E+01 2.000E+00
6.878E+06 4.676E+02 1.805E+00 5.385E-04 1.345E-05 1.720E+03 8.742E-01 4.431E+01 2.000E+00
3.797E+06 5.935E+02 1.683E+00 5.385E-04 1.430E-05 1.495E+03 8.742E-01 4.431E+01 2.000E+00
8.195E+06 9.570E+02 1.425E+00 5.385E-04 1.585E-05 1.231E+03 8.743E-01 4.431E+01 2.000E+00
3.011E+06 8.044E+02 1.519E+00 5.385E-04 1.870E-05 1.308E+03 8.743E-01 4.431E+01 2.000E+00
1.704E+06 6.738E+02 1.615E+00 5.385E-04 2.391E-05 1.407E+03 8.744E-01 4.431E+01 2.000E+00
5.255E+07 5.090E+02 1.763E+00 5.385E-04 3.348E-05 1.628E+03 8.745E-01 4.431E+01 2.000E+00
5.894E+06 9.662E+02 1.420E+00 5.385E-04 5.101E-05 1.227E+03 8.747E-01 4.431E+01 2.000E+00
2.966E+06 3.484E+02 1.940E+00 5.385E-04 8.314E-05 2.178E+03 8.751E-01 4.431E+01 2.000E+00
7.615E+06 7.499E+02 1.557E+00 5.385E-04 1.420E-04 1.344E+03 8.758E-01 4.431E+01 2.000E+00
3.907E+06 4.606E+02 1.813E+00 5.385E-04 2.500E-04 1.733E+03 8.772E-01 4.432E+01 2.000E+00
6.109E+06 9.395E+02 1.435E+00 5.385E-04 4.479E-04 1.238E+03 8.796E-01 4.432E+01 2.000E+00
1.825E+06 4.163E+02 1.863E+00 5.385E-04 8.106E-04 1.861E+03 8.841E-01 4.433E+01 2.000E+00
4.266E+07 7.783E+02 1.538E+00 5.385E-04 1.475E-03 1.326E+03 8.891E-01 4.434E+01 2.000E+00
1.358E+07 3.159E+02 1.988E+00 5.385E-04 2.694E-03 2.383E+03 8.982E-01 4.437E+01 2.000E+00
4.601E+06 7.355E+02 1.573E+00 5.385E-04 4.928E-03 1.356E+03 9.150E-01 4.442E+01 2.000E+00
4.310E+07 4.676E+02 1.805E+00 6.811E-04 1.248E-05 1.717E+03 8.747E-01 4.431E+01 2.000E+00
2.065E+07 4.949E+02 1.777E+00 6.811E-04 1.252E-05 1.656E+03 8.747E-01 4.431E+01 2.000E+00
5.314E+08 4.949E+02 1.777E+00 6.811E-04 1.260E-05 1.656E+03 8.747E-01 4.431E+01 2.000E+00
2.137E+07 5.379E+02 1.734E+00 6.811E-04 1.274E-05 1.576E+03 8.747E-01 4.431E+01 2.000E+00
4.002E+07 7.301E+02 1.572E+00 6.811E-04 1.299E-05 1.359E+03 8.747E-01 4.431E+01 2.000E+00
6.455E+06 5.935E+02 1.683E+00 6.811E-04 1.345E-05 1.495E+03 8.747E-01 4.431E+01 2.000E+00
7.186E+06 9.570E+02 1.425E+00 6.811E-04 1.430E-05 1.231E+03 8.747E-01 4.431E+01 2.000E+00
1.133E+07 9.570E+02 1.425E+00 6.811E-04 1.585E-05 1.231E+03 8.747E-01 4.431E+01 2.000E+00
5.948E+06 8.044E+02 1.519E+00 6.811E-04 1.870E-05 1.308E+03 8.747E-01 4.431E+01 2.000E+00
3.476E+06 6.576E+02 1.628E+00 6.811E-04 2.391E-05 1.423E+03 8.748E-01 4.431E+01 2.000E+00
1.146E+07 4.811E+02 1.791E+00 6.811E-04 3.348E-05 1.685E+03 8.749E-01 4.431E+01 2.000E+00
4.475E+06 2.951E+02 2.004E+00 6.811E-04 5.101E-05 2.651E+03 8.751E-01 4.431E+01 2.000E+00
3.474E+06 8.891E+02 1.465E+00 6.811E-04 8.314E-05 1.261E+03 8.755E-01 4.431E+01 2.000E+00
9.968E+06 5.431E+02 1.730E+00 6.811E-04 1.420E-04 1.567E+03 8.763E-01 4.431E+01 2.000E+00
1.854E+06 5.230E+02 1.749E+00 6.811E-04 2.500E-04 1.602E+03 8.776E-01 4.432E+01 2.000E+00
8.739E+06 9.395E+02 1.435E+00 6.811E-04 4.479E-04 1.239E+03 8.801E-01 4.432E+01 2.000E+00
3.526E+06 5.375E+02 1.736E+00 6.811E-04 8.106E-04 1.575E+03 8.845E-01 4.433E+01 2.000E+00
3.624E+07 8.486E+02 1.491E+00 6.811E-04 1.475E-03 1.283E+03 8.894E-01 4.434E+01 2.000E+00
9.269E+06 8.441E+02 1.495E+00 6.811E-04 2.694E-03 1.286E+03 8.986E-01 4.437E+01 2.000E+00
5.151E+06 4.848E+02 1.797E+00 6.811E-04 4.928E-03 1.665E+03 9.153E-01 4.442E+01 2.000E+00
6.512E+06 5.993E+02 1.678E+00 8.615E-04 1.248E-05 1.488E+03 8.752E-01 4.431E+01 2.000E+00
7.361E+06 5.993E+02 1.678E+00 8.615E-04 1.252E-05 1.488E+03 8.752E-01 4.431E+01 2.000E+00
9.707E+06 5.993E+02 1.678E+00 8.615E-04 1.260E-05 1.488E+03 8.752E-01 4.431E+01 2.000E+00
2.415E+07 5.993E+02 1.678E+00 8.615E-04 1.274E-05 1.488E+03 8.752E-01 4.431E+01 2.000E+00
7.155E+06 9.570E+02 1.425E+00 8.615E-04 1.299E-05 1.231E+03 8.752E-01 4.431E+01 2.000E+00
8.006E+06 9.570E+02 1.425E+00 8.615E-04 1.345E-05 1.231E+03 8.752E-01 4.431E+01 2.000E+00
1.030E+07 9.570E+02 1.425E+00 8.615E-04 1.430E-05 1.231E+03 8.752E-01 4.431E+01 2.000E+00
2.497E+06 8.044E+02 1.519E+00 8.615E-04 1.585E-05 1.312E+03 8.753E-01 4.431E+01 2.000E+00
1.061E+07 7.946E+02 1.526E+00 8.615E-04 1.870E-05 1.314E+03 8.753E-01 4.431E+01 2.000E+00
2.134E+06 9.853E+02 1.409E+00 8.615E-04 2.391E-05 1.219E+03 8.754E-01 4.431E+01 2.000E+00
8.497E+07 6.300E+02 1.651E+00 8.615E-04 3.348E-05 1.452E+03 8.755E-01 4.431E+01 2.000E+00
1.842E+08 3.497E+02 1.939E+00 8.615E-04 5.101E-05 2.170E+03 8.757E-01 4.431E+01 2.000E+00
5.620E+06 3.251E+02 1.968E+00 8.615E-04 8.314E-05 2.345E+03 8.761E-01 4.431E+01 2.000E+00
3.125E+06 7.496E+02 1.557E+00 8.615E-04 1.420E-04 1.344E+03 8.768E-01 4.431E+01 2.000E+00
9.673E+06 5.169E+02 1.755E+00 8.615E-04 2.500E-04 1.612E+03 8.782E-01 4.432E+01 2.000E+00
1.560E+07 6.068E+02 1.672E+00 8.615E-04 4.479E-04 1.478E+03 8.806E-01 4.432E+01 2.000E+00
2.263E+07 3.836E+02 1.901E+00 8.615E-04 8.106E-04 1.987E+03 8.849E-01 4.433E+01 2.000E+00
2.400E+07 2.817E+02 2.025E+00 8.615E-04 1.475E-03 2.801E+03 8.899E-01 4.434E+01 2.000E+00
1.396E+07 8.414E+02 1.497E+00 8.615E-04 2.694E-03 1.288E+03 8.990E-01 4.437E+01 2.000E+00
1.057E+07 3.545E+02 1.947E+00 8.615E-04 4.928E-03 2.096E+03 9.158E-01 4.442E+01 2.000E+00
9.696E+06 9.570E+02 1.425E+00 1.090E-03 1.248E-05 1.231E+03 8.759E-01 4.431E+01 2.000E+00
9.826E+06 9.570E+02 1.425E+00 1.090E-03 1.252E-05 1.231E+03 8.759E-01 4.431E+01 2.000E+00
1.007E+07 9.570E+02 1.425E+00 1.090E-03 1.260E-05 1.231E+03 8.759E-01 4.431E+01 2.000E+00
1.056E+07 9.570E+02 1.425E+00 1.090E-03 1.274E-05 1.231E+03 8.759E-01 4.431E+01 2.000E+00
1.160E+07 9.570E+02 1.425E+00 1.090E-03 1.299E-05 1.462E+03 8.759E-01 4.431E+01 2.000E+00
2.011E+06 8.044E+02 1.519E+00 1.090E-03 1.345E-05 1.309E+03 8.759E-01 4.431E+01 2.000E+00
1.872E+06 3.366E+02 1.954E+00 1.090E-03 1.430E-05 2.262E+03 8.760E-01 4.431E+01 2.000E+00
7.001E+06 8.044E+02 1.519E+00 1.090E-03 1.585E-05 1.308E+03 8.760E-01 4.431E+01 2.000E+00
1.141E+07 7.899E+02 1.529E+00 1.090E-03 1.870E-05 1.317E+03 8.760E-01 4.431E+01 2.000E+00
2.189E+06 9.853E+02 1.409E+00 1.090E-03 2.391E-05 1.219E+03 8.761E-01 4.431E+01 2.000E+00
3.501E+06 9.012E+02 1.457E+00 1.090E-03 3.348E-05 1.255E+03 8.762E-01 4.431E+01 2.000E+00
1.430E+07 9.662E+02 1.420E+00 1.090E-03 5.101E-05 1.227E+03 8.764E-01 4.431E+01 2.000E+00
9.021E+06 5.452E+02 1.728E+00 1.090E-03 8.314E-05 1.564E+03 8.768E-01 4.431E+01 2.000E+00
8.622E+06 9.145E+02 1.449E+00 1.090E-03 1.420E-04 1.250E+03 8.775E-01 4.431E+01 2.000E+00
7.174E+06 4.808E+02 1.792E+00 1.090E-03 2.500E-04 1.685E+03 8.789E-01 4.432E+01 2.000E+00
2.039E+06 7.643E+02 1.547E+00 1.090E-03 4.479E-04 1.352E+03 8.813E-01 4.432E+01 2.000E+00
2.366E+06 2.936E+02 2.009E+00 1.090E-03 8.106E-04 2.653E+03 8.855E-01 4.433E+01 2.000E+00
1.311E+07 8.422E+02 1.495E+00 1.090E-03 1.475E-03 1.287E+03 8.905E-01 4.434E+01 2.000E+00
4.972E+06 2.958E+02 2.013E+00 1.090E-03 2.694E-03 2.584E+03 8.996E-01 4.437E+01 2.000E+00
1.002E+08 7.352E+02 1.573E+00 1.090E-03 4.928E-03 1.356E+03 9.164E-01 4.442E+01 2.000E+00
1.159E+08 3.366E+02 1.954E+00 1.378E-03 1.248E-05 2.258E+03 8.768E-01 4.431E+01 2.000E+00
2.990E+06 8.044E+02 1.519E+00 1.378E-03 1.252E-05 1.308E+03 8.768E-01 4.431E+01 2.000E+00
3.092E+06 8.044E+02 1.519E+00 1.378E-03 1.260E-05 1.308E+03 8.768E-01 4.431E+01 2.000E+00
3.301E+06 8.044E+02 1.519E+00 1.378E-03 1.274E-05 1.308E+03 8.768E-01 4.431E+01 2.000E+00
3.783E+06 8.044E+02 1.519E+00 1.378E-03 1.299E-05 1.308E+03 8.768E-01 4.431E+01 2.000E+00
5.251E+06 8.044E+02 1.519E+00 1.378E-03 1.345E-05 1.308E+03 8.768E-01 4.431E+01 2.000E+00
1.060E+07 3.721E+02 1.912E+00 1.378E-03 1.430E-05 2.047E+03 8.769E-01 4.431E+01 2.000E+00
4.517E+06 7.899E+02 1.529E+00 1.378E-03 1.585E-05 1.317E+03 8.769E-01 4.431E+01 2.000E+00
3.758E+06 6.576E+02 1.628E+00 1.378E-03 1.870E-05 1.423E+03 8.769E-01 4.431E+01 2.000E+00
2.264E+06 9.853E+02 1.409E+00 1.378E-03 2.391E-05 1.220E+03 8.770E-01 4.431E+01 2.000E+00
1.034E+08 7.115E+02 1.586E+00 1.378E-03 3.348E-05 1.374E+03 8.771E-01 4.431E+01 2.000E+00
7.509E+07 9.662E+02 1.420E+00 1.378E-03 5.101E-05 1.243E+03 8.773E-01 4.431E+01 2.000E+00
3.699E+06 6.840E+02 1.607E+00 1.378E-03 8.314E-05 1.398E+03 8.777E-01 4.431E+01 2.000E+00
3.276E+06 9.325E+02 1.439E+00 1.378E-03 1.420E-04 1.241E+03 8.784E-01 4.431E+01 2.000E+00
3.341E+07 4.028E+02 1.877E+00 1.378E-03 2.500E-04 1.912E+03 8.798E-01 4.432E+01 2.000E+00
2.092E+06 4.545E+02 1.820E+00 1.378E-03 4.479E-04 1.749E+03 8.822E-01 4.432E+01 2.000E+00
1.833E+07 6.509E+02 1.635E+00 1.378E-03 8.106E-04 1.429E+03 8.862E-01 4.433E+01 2.000E+00
2.343E+07 3.568E+02 1.934E+00 1.378E-03 1.475E-03 2.114E+03 8.912E-01 4.434E+01 2.000E+00
3.611E+07 4.515E+02 1.828E+00 1.378E-03 2.694E-03 1.748E+03 9.003E-01 4.437E+01 2.000E+00
1.454E+07 6.453E+02 1.645E+00 1.378E-03 4.928E-03 1.433E+03 9.171E-01 4.442E+01 2.000E+00
2.284E+07 7.946E+02 1.526E+00 1.743E-03 1.248E-05 1.316E+03 8.780E-01 4.431E+01 2.000E+00
2.796E+07 7.946E+02 1.526E+00 1.743E-03 1.252E-05 1.314E+03 8.780E-01 4.431E+01 2.000E+00
4.770E+07 7.946E+02 1.526E+00 1.743E-03 1.260E-05 1.318E+03 8.780E-01 4.431E+01 2.000E+00
3.391E+06 7.899E+02 1.529E+00 1.743E-03 1.274E-05 1.317E+03 8.780E-01 4.431E+01 2.000E+00
3.963E+06 7.899E+02 1.529E+00 1.743E-03 1.299E-05 1.327E+03 8.780E-01 4.431E+01 2.000E+00
5.863E+06 7.899E+02 1.529E+00 1.743E-03 1.345E-05 1.317E+03 8.780E-01 4.431E+01 2.000E+00
1.585E+08 7.899E+02 1.529E+00 1.743E-03 1.430E-05 1.317E+03 8.780E-01 4.431E+01 2.000E+00
5.973E+06 4.412E+02 1.834E+00 1.743E-03 1.585E-05 1.787E+03 8.780E-01 4.431E+01 2.000E+00
2.190E+06 9.853E+02 1.409E+00 1.743E-03 1.870E-05 1.220E+03 8.780E-01 4.431E+01 2.000E+00
5.240E+08 5.090E+02 1.763E+00 1.743E-03 2.391E-05 1.628E+03 8.781E-01 4.431E+01 2.000E+00
7.905E+06 9.120E+02 1.451E+00 1.743E-03 3.348E-05 1.251E+03 8.782E-01 4.431E+01 2.000E+00
3.014E+07 9.612E+02 1.423E+00 1.743E-03 5.101E-05 1.229E+03 8.784E-01 4.431E+01 2.000E+00
7.140E+07 5.934E+02 1.683E+00 1.743E-03 8.314E-05 1.501E+03 8.788E-01 4.431E+01 2.000E+00
2.748E+06 3.187E+02 1.976E+00 1.743E-03 1.420E-04 2.405E+03 8.796E-01 4.431E+01 2.000E+00
4.382E+06 7.897E+02 1.529E+00 1.743E-03 2.500E-04 1.317E+03 8.809E-01 4.432E+01 2.000E+00
7.497E+06 7.493E+02 1.558E+00 1.743E-03 4.479E-04 1.374E+03 8.834E-01 4.432E+01 2.000E+00
2.012E+07 5.903E+02 1.687E+00 1.743E-03 8.106E-04 1.499E+03 8.871E-01 4.433E+01 2.000E+00
7.419E+06 7.032E+02 1.594E+00 1.743E-03 1.475E-03 1.381E+03 8.921E-01 4.434E+01 2.000E+00
1.158E+07 6.492E+02 1.639E+00 1.743E-03 2.694E-03 1.572E+03 9.012E-01 4.437E+01 2.000E+00
1.027E+07 4.994E+02 1.781E+00 1.743E-03 4.928E-03 1.635E+03 9.180E-01 4.442E+01 2.000E+00
3.996E+06 6.576E+02 1.628E+00 2.205E-03 1.248E-05 1.423E+03 8.794E-01 4.431E+01 2.000E+00
4.223E+06 6.576E+02 1.628E+00 2.205E-03 1.252E-05 1.423E+03 8.794E-01 4.431E+01 2.000E+00
4.722E+06 6.576E+02 1.628E+00 2.205E-03 1.260E-05 1.423E+03 8.794E-01 4.431E+01 2.000E+00
6.062E+06 6.576E+02 1.628E+00 2.205E-03 1.274E-05 1.423E+03 8.794E-01 4.431E+01 2.000E+00
1.318E+07 6.576E+02 1.628E+00 2.205E-03 1.299E-05 1.474E+03 8.794E-01 4.431E+01 2.000E+00
2.109E+06 9.853E+02 1.409E+00 2.205E-03 1.345E-05 1.220E+03 8.794E-01 4.431E+01 2.000E+00
2.136E+06 9.853E+02 1.409E+00 2.205E-03 1.430E-05 1.220E+03 8.794E-01 4.431E+01 2.000E+00
3.772E+07 3.984E+02 1.882E+00 2.205E-03 1.585E-05 1.931E+03 8.794E-01 4.431E+01 2.000E+00
4.948E+06 5.740E+02 1.701E+00 2.205E-03 1.870E-05 1.522E+03 8.795E-01 4.431E+01 2.000E+00
2.608E+06 9.012E+02 1.457E+00 2.205E-03 2.391E-05 1.256E+03 8.795E-01 4.431E+01 2.000E+00
3.382E+06 9.662E+02 1.420E+00 2.205E-03 3.348E-05 1.227E+03 8.797E-01 4.431E+01 2.000E+00
9.591E+06 6.751E+02 1.614E+00 2.205E-03 5.101E-05 1.406E+03 8.799E-01 4.431E+01 2.000E+00
7.310E+06 9.062E+02 1.454E+00 2.205E-03 8.314E-05 1.254E+03 8.803E-01 4.431E+01 2.000E+00
1.498E+08 9.325E+02 1.439E+00 2.205E-03 1.420E-04 1.242E+03 8.810E-01 4.431E+01 2.000E+00
4.105E+06 8.541E+02 1.487E+00 2.205E-03 2.500E-04 1.280E+03 8.823E-01 4.432E+01 2.000E+00
2.694E+06 5.420E+02 1.731E+00 2.205E-03 4.479E-04 1.569E+03 8.848E-01 4.432E+01 2.000E+00
1.376E+06 4.540E+02 1.822E+00 2.205E-03 8.106E-04 1.749E+03 8.883E-01 4.433E+01 2.000E+00
6.829E+06 8.312E+02 1.503E+00 2.205E-03 1.475E-03 1.296E+03 8.932E-01 4.434E+01 2.000E+00
1.650E+06 3.691E+02 1.923E+00 2.205E-03 2.694E-03 2.045E+03 9.024E-01 4.437E+01 2.000E+00
1.093E+07 2.987E+02 2.017E+00 2.205E-03 4.928E-03 2.508E+03 9.191E-01 4.442E+01 2.000E+00
1.505E+07 5.233E+02 1.749E+00 2.789E-03 1.248E-05 1.602E+03 8.812E-01 4.431E+01 2.000E+00
2.319E+07 5.233E+02 1.749E+00 2.789E-03 1.252E-05 1.602E+03 8.812E-01 4.431E+01 2.000E+00
2.218E+06 9.853E+02 1.409E+00 2.789E-03 1.260E-05 1.220E+03 8.812E-01 4.431E+01 2.000E+00
2.223E+06 9.853E+02 1.409E+00 2.789E-03 1.274E-05 1.221E+03 8.812E-01 4.431E+01 2.000E+00
2.232E+06 9.853E+02 1.409E+00 2.789E-03 1.299E-05 1.220E+03 8.812E-01 4.431E+01 2.000E+00
1.029E+07 5.677E+02 1.706E+00 2.789E-03 1.345E-05 1.531E+03 8.812E-01 4.431E+01 2.000E+00
7.251E+06 5.740E+02 1.701E+00 2.789E-03 1.430E-05 1.522E+03 8.812E-01 4.431E+01 2.000E+00
9.179E+07 4.934E+02 1.779E+00 2.789E-03 1.585E-05 1.659E+03 8.813E-01 4.431E+01 2.000E+00
3.151E+08 8.107E+02 1.515E+00 2.789E-03 1.870E-05 1.304E+03 8.813E-01 4.431E+01 2.000E+00
1.176E+07 9.012E+02 1.457E+00 2.789E-03 2.391E-05 1.256E+03 8.814E-01 4.431E+01 2.000E+00
4.907E+06 9.662E+02 1.420E+00 2.789E-03 3.348E-05 1.228E+03 8.815E-01 4.431E+01 2.000E+00
2.887E+07 5.502E+02 1.723E+00 2.789E-03 5.101E-05 1.561E+03 8.817E-01 4.431E+01 2.000E+00
6.963E+07 7.595E+02 1.550E+00 2.789E-03 8.314E-05 1.399E+03 8.821E-01 4.431E+01 2.000E+00
1.075E+07 4.985E+02 1.774E+00 2.789E-03 1.420E-04 1.648E+03 8.828E-01 4.431E+01 2.000E+00
7.771E+06 7.006E+02 1.594E+00 2.789E-03 2.500E-04 1.384E+03 8.842E-01 4.432E+01 2.000E+00
4.946E+06 8.921E+02 1.463E+00 2.789E-03 4.479E-04 1.261E+03 8.866E-01 4.432E+01 2.000E+00
1.158E+07 5.855E+02 1.691E+00 2.789E-03 8.106E-04 1.505E+03 8.897E-01 4.433E+01 2.000E+00
8.084E+06 7.495E+02 1.559E+00 2.789E-03 1.475E-03 1.346E+03 8.947E-01 4.434E+01 2.000E+00
2.422E+06 9.553E+02 1.428E+00 2.789E-03 2.694E-03 1.235E+03 9.038E-01 4.437E+01 2.000E+00
3.211E+06 3.251E+02 1.983E+00 2.789E-03 4.928E-03 2.279E+03 9.206E-01 4.442E+01 2.000E+00
2.706E+06 4.477E+02 1.827E+00 3.528E-03 1.248E-05 1.769E+03 8.835E-01 4.431E+01 2.000E+00
2.900E+06 4.477E+02 1.827E+00 3.528E-03 1.252E-05 1.769E+03 8.835E-01 4.431E+01 2.000E+00
3.345E+06 4.477E+02 1.827E+00 3.528E-03 1.260E-05 1.769E+03 8.835E-01 4.431E+01 2.000E+00
4.710E+06 4.477E+02 1.827E+00 3.528E-03 1.274E-05 1.793E+03 8.835E-01 4.431E+01 2.000E+00
2.206E+07 4.477E+02 1.827E+00 3.528E-03 1.299E-05 1.769E+03 8.835E-01 4.431E+01 2.000E+00
3.010E+07 6.237E+02 1.657E+00 3.528E-03 1.345E-05 1.459E+03 8.835E-01 4.431E+01 2.000E+00
2.637E+06 4.696E+02 1.803E+00 3.528E-03 1.430E-05 1.713E+03 8.835E-01 4.431E+01 2.000E+00
3.468E+06 9.012E+02 1.457E+00 3.528E-03 1.585E-05 1.256E+03 8.835E-01 4.431E+01 2.000E+00
1.318E+07 9.012E+02 1.457E+00 3.528E-03 1.870E-05 1.256E+03 8.836E-01 4.431E+01 2.000E+00
3.355E+06 9.662E+02 1.420E+00 3.528E-03 2.391E-05 1.228E+03 8.836E-01 4.431E+01 2.000E+00
1.375E+07 9.662E+02 1.420E+00 3.528E-03 3.348E-05 1.228E+03 8.838E-01 4.431E+01 2.000E+00
2.889E+06 9.019E+02 1.457E+00 3.528E-03 5.101E-05 1.256E+03 8.840E-01 4.431E+01 2.000E+00
2.033E+07 5.089E+02 1.763E+00 3.528E-03 8.314E-05 1.629E+03 8.844E-01 4.431E+01 2.000E+00
2.374E+07 8.873E+02 1.466E+00 3.528E-03 1.420E-04 1.269E+03 8.851E-01 4.431E+01 2.000E+00
3.049E+06 8.929E+02 1.463E+00 3.528E-03 2.500E-04 1.260E+03 8.865E-01 4.432E+01 2.000E+00
4.516E+07 6.674E+02 1.621E+00 3.528E-03 4.479E-04 1.414E+03 8.888E-01 4.432E+01 2.000E+00
6.482E+06 5.510E+02 1.723E+00 3.528E-03 8.106E-04 1.555E+03 8.916E-01 4.433E+01 2.000E+00
4.295E+07 9.020E+02 1.458E+00 3.528E-03 1.475E-03 1.257E+03 8.966E-01 4.434E+01 2.000E+00
5.847E+06 6.204E+02 1.663E+00 3.528E-03 2.694E-03 1.465E+03 9.057E-01 4.437E+01 2.000E+00
1.669E+06 7.820E+02 1.539E+00 3.528E-03 4.928E-03 1.332E+03 9.224E-01 4.442E+01 2.000E+00
5.584E+07 7.432E+02 1.562E+00 4.462E-03 1.248E-05 1.350E+03 8.864E-01 4.431E+01 2.000E+00
1.386E+08 7.432E+02 1.562E+00 4.462E-03 1.252E-05 1.361E+03 8.864E-01 4.431E+01 2.000E+00
1.356E+07 7.668E+02 1.545E+00 4.462E-03 1.260E-05 1.335E+03 8.864E-01 4.431E+01 2.000E+00
2.336E+07 7.668E+02 1.545E+00 4.462E-03 1.274E-05 1.333E+03 8.864E-01 4.431E+01 2.000E+00
6.895E+07 7.497E+02 1.557E+00 4.462E-03 1.299E-05 1.393E+03 8.864E-01 4.431E+01 2.000E+00
8.980E+07 3.664E+02 1.919E+00 4.462E-03 1.345E-05 2.077E+03 8.864E-01 4.431E+01 2.000E+00
1.177E+07 3.110E+02 1.985E+00 4.462E-03 1.430E-05 2.477E+03 8.864E-01 4.431E+01 2.000E+00
3.085E+06 9.662E+02 1.420E+00 4.462E-03 1.585E-05 1.234E+03 8.864E-01 4.431E+01 2.000E+00
3.753E+06 9.662E+02 1.420E+00 4.462E-03 1.870E-05 1.228E+03 8.865E-01 4.431E+01 2.000E+00
6.825E+06 9.662E+02 1.420E+00 4.462E-03 2.391E-05 1.228E+03 8.865E-01 4.431E+01 2.000E+00
1.314E+07 6.805E+02 1.610E+00 4.462E-03 3.348E-05 1.402E+03 8.867E-01 4.431E+01 2.000E+00
1.290E+08 7.695E+02 1.543E+00 4.462E-03 5.101E-05 1.331E+03 8.869E-01 4.431E+01 2.000E+00
2.302E+07 7.535E+02 1.555E+00 4.462E-03 8.314E-05 1.343E+03 8.873E-01 4.431E+01 2.000E+00
3.892E+06 8.880E+02 1.465E+00 4.462E-03 1.420E-04 1.268E+03 8.880E-01 4.431E+01 2.000E+00
7.132E+06 8.883E+02 1.465E+00 4.462E-03 2.500E-04 1.264E+03 8.894E-01 4.432E+01 2.000E+00
2.086E+07 4.690E+02 1.805E+00 4.462E-03 4.479E-04 1.713E+03 8.912E-01 4.432E+01 2.000E+00
2.132E+06 6.157E+02 1.665E+00 4.462E-03 8.106E-04 1.468E+03 8.939E-01 4.433E+01 2.000E+00
1.027E+07 5.660E+02 1.710E+00 4.462E-03 1.475E-03 1.532E+03 8.989E-01 4.434E+01 2.000E+00
7.373E+07 3.075E+02 1.998E+00 4.462E-03 2.694E-03 2.460E+03 9.080E-01 4.437E+01 2.000E+00
3.065E+06 8.218E+02 1.512E+00 4.462E-03 4.928E-03 1.302E+03 9.248E-01 4.442E+01 2.000E+00
4.600E+06 9.662E+02 1.420E+00 5.644E-03 1.248E-05 1.229E+03 8.901E-01 4.431E+01 2.000E+00
4.620E+06 9.662E+02 1.420E+00 5.644E-03 1.252E-05 1.229E+03 8.901E-01 4.431E+01 2.000E+00
4.657E+06 9.662E+02 1.420E+00 5.644E-03 1.260E-05 1.237E+03 8.901E-01 4.431E+01 2.000E+00
4.727E+06 9.662E+02 1.420E+00 5.644E-03 1.274E-05 1.228E+03 8.901E-01 4.431E+01 2.000E+00
4.860E+06 9.662E+02 1.420E+00 5.644E-03 1.299E-05 1.228E+03 8.901E-01 4.431E+01 2.000E+00
5.128E+06 9.662E+02 1.420E+00 5.644E-03 1.345E-05 1.228E+03 8.901E-01 4.431E+01 2.000E+00
5.715E+06 9.662E+02 1.420E+00 5.644E-03 1.430E-05 1.228E+03 8.901E-01 4.431E+01 2.000E+00
1.468E+07 5.679E+02 1.706E+00 5.644E-03 1.585E-05 1.531E+03 8.901E-01 4.431E+01 2.000E+00
1.573E+07 9.662E+02 1.420E+00 5.644E-03 1.870E-05 1.228E+03 8.902E-01 4.431E+01 2.000E+00
1.386E+08 9.612E+02 1.423E+00 5.644E-03 2.391E-05 1.231E+03 8.902E-01 4.431E+01 2.000E+00
8.178E+06 4.879E+02 1.784E+00 5.644E-03 3.348E-05 1.672E+03 8.903E-01 4.431E+01 2.000E+00
3.595E+06 6.840E+02 1.607E+00 5.644E-03 5.101E-05 1.399E+03 8.906E-01 4.431E+01 2.000E+00
6.965E+07 8.431E+02 1.494E+00 5.644E-03 8.314E-05 1.287E+03 8.910E-01 4.431E+01 2.000E+00
1.622E+06 4.475E+02 1.827E+00 5.644E-03 1.420E-04 1.770E+03 8.917E-01 4.431E+01 2.000E+00
9.324E+06 5.958E+02 1.681E+00 5.644E-03 2.500E-04 1.504E+03 8.927E-01 4.432E+01 2.000E+00
3.367E+06 6.149E+02 1.665E+00 5.644E-03 4.479E-04 1.470E+03 8.941E-01 4.432E+01 2.000E+00
4.778E+06 7.588E+02 1.552E+00 5.644E-03 8.106E-04 1.340E+03 8.969E-01 4.433E+01 2.000E+00
2.481E+06 6.824E+02 1.610E+00 5.644E-03 1.475E-03 1.400E+03 9.018E-01 4.434E+01 2.000E+00
9.369E+07 8.871E+02 1.468E+00 5.644E-03 2.694E-03 1.266E+03 9.110E-01 4.437E+01 2.000E+00
1.749E+08 2.601E+02 2.065E+00 5.644E-03 4.928E-03 3.076E+03 9.277E-01 4.442E+01 2.000E+00
3.205E+07 9.612E+02 1.423E+00 7.139E-03 1.248E-05 1.231E+03 8.946E-01 4.431E+01 2.000E+00
3.345E+07 9.612E+02 1.423E+00 7.139E-03 1.252E-05 1.231E+03 8.946E-01 4.431E+01 2.000E+00
3.638E+07 9.612E+02 1.423E+00 7.139E-03 1.260E-05 1.231E+03 8.946E-01 4.431E+01 2.000E+00
4.336E+07 9.612E+02 1.423E+00 7.139E-03 1.274E-05 1.231E+03 8.946E-01 4.431E+01 2.000E+00
6.711E+07 9.612E+02 1.423E+00 7.139E-03 1.299E-05 1.231E+03 8.946E-01 4.431E+01 2.000E+00
2.052E+08 8.322E+02 1.501E+00 7.139E-03 1.345E-05 1.293E+03 8.946E-01 4.431E+01 2.000E+00
6.415E+06 8.159E+02 1.511E+00 7.139E-03 1.430E-05 1.303E+03 8.946E-01 4.431E+01 2.000E+00
2.629E+06 3.337E+02 1.958E+00 7.139E-03 1.585E-05 2.280E+03 8.946E-01 4.431E+01 2.000E+00
2.832E+06 8.418E+02 1.494E+00 7.139E-03 1.870E-05 1.288E+03 8.947E-01 4.431E+01 2.000E+00
2.438E+06 9.019E+02 1.457E+00 7.139E-03 2.391E-05 1.257E+03 8.947E-01 4.431E+01 2.000E+00
3.494E+07 4.554E+02 1.818E+00 7.139E-03 3.348E-05 1.750E+03 8.948E-01 4.431E+01 2.000E+00
4.163E+08 7.595E+02 1.550E+00 7.139E-03 5.101E-05 1.339E+03 8.949E-01 4.431E+01 2.000E+00
1.062E+07 8.107E+02 1.515E+00 7.139E-03 8.314E-05 1.306E+03 8.951E-01 4.431E+01 2.000E+00
8.047E+06 9.437E+02 1.433E+00 7.139E-03 1.420E-04 1.238E+03 8.956E-01 4.431E+01 2.000E+00
7.211E+06 6.607E+02 1.626E+00 7.139E-03 2.500E-04 1.421E+03 8.964E-01 4.432E+01 2.000E+00
1.334E+07 7.811E+02 1.535E+00 7.139E-03 4.479E-04 1.340E+03 8.979E-01 4.432E+01 2.000E+00
5.129E+06 8.602E+02 1.483E+00 7.139E-03 8.106E-04 1.279E+03 9.006E-01 4.433E+01 2.000E+00
1.330E+07 5.141E+02 1.760E+00 7.139E-03 1.475E-03 1.617E+03 9.056E-01 4.434E+01 2.000E+00
7.855E+06 2.624E+02 2.053E+00 7.139E-03 2.694E-03 3.113E+03 9.147E-01 4.437E+01 2.000E+00
3.003E+07 7.547E+02 1.559E+00 7.139E-03 4.928E-03 1.344E+03 9.315E-01 4.442E+01 2.000E+00
3.710E+06 8.884E+02 1.465E+00 9.029E-03 1.248E-05 1.270E+03 8.993E-01 4.431E+01 2.000E+00
3.755E+06 8.884E+02 1.465E+00 9.029E-03 1.252E-05 1.266E+03 8.993E-01 4.431E+01 2.000E+00
3.841E+06 8.884E+02 1.465E+00 9.029E-03 1.260E-05 1.264E+03 8.993E-01 4.431E+01 2.000E+00
4.010E+06 8.884E+02 1.465E+00 9.029E-03 1.274E-05 1.264E+03 8.993E-01 4.431E+01 2.000E+00
4.370E+06 8.884E+02 1.465E+00 9.029E-03 1.299E-05 1.264E+03 8.993E-01 4.431E+01 2.000E+00
7.470E+06 7.022E+02 1.593E+00 9.029E-03 1.345E-05 1.386E+03 8.993E-01 4.431E+01 2.000E+00
8.651E+06 8.884E+02 1.465E+00 9.029E-03 1.430E-05 1.794E+03 8.993E-01 4.431E+01 2.000E+00
3.590E+06 7.827E+02 1.534E+00 9.029E-03 1.585E-05 1.324E+03 8.994E-01 4.431E+01 2.000E+00
8.384E+06 4.986E+02 1.773E+00 9.029E-03 1.870E-05 1.650E+03 8.994E-01 4.431E+01 2.000E+00
3.692E+06 3.023E+02 1.996E+00 9.029E-03 2.391E-05 2.568E+03 8.994E-01 4.431E+01 2.000E+00
5.864E+06 9.062E+02 1.454E+00 9.029E-03 3.348E-05 1.263E+03 8.995E-01 4.431E+01 2.000E+00
1.472E+07 3.069E+02 1.990E+00 9.029E-03 5.101E-05 2.516E+03 8.996E-01 4.431E+01 2.000E+00
4.404E+06 9.145E+02 1.449E+00 9.029E-03 8.314E-05 1.252E+03 8.999E-01 4.431E+01 2.000E+00
7.287E+06 8.213E+02 1.508E+00 9.029E-03 1.420E-04 1.300E+03 9.003E-01 4.431E+01 2.000E+00
8.932E+07 7.590E+02 1.551E+00 9.029E-03 2.500E-04 1.340E+03 9.011E-01 4.432E+01 2.000E+00
1.339E+07 5.299E+02 1.743E+00 9.029E-03 4.479E-04 1.595E+03 9.026E-01 4.432E+01 2.000E+00
4.008E+07 7.489E+02 1.559E+00 9.029E-03 8.106E-04 1.348E+03 9.053E-01 4.433E+01 2.000E+00
4.065E+06 4.327E+02 1.846E+00 9.029E-03 1.475E-03 1.808E+03 9.103E-01 4.434E+01 2.000E+00
1.516E+07 7.486E+02 1.561E+00 9.029E-03 2.694E-03 1.348E+03 9.194E-01 4.437E+01 2.000E+00
1.475E+07 7.963E+02 1.529E+00 9.029E-03 4.928E-03 1.318E+03 9.362E-01 4.442E+01 2.000E+00
2.449E+06 9.062E+02 1.454E+00 1.142E-02 1.248E-05 1.256E+03 9.053E-01 4.431E+01 2.000E+00
2.462E+06 9.062E+02 1.454E+00 1.142E-02 1.252E-05 1.256E+03 9.053E-01 4.431E+01 2.000E+00
2.488E+06 9.062E+02 1.454E+00 1.142E-02 1.260E-05 1.256E+03 9.053E-01 4.431E+01 2.000E+00
2.538E+06 9.062E+02 1.454E+00 1.142E-02 1.274E-05 1.280E+03 9.053E-01 4.431E+01 2.000E+00
2.635E+06 9.062E+02 1.454E+00 1.142E-02 1.299E-05 1.256E+03 9.053E-01 4.431E+01 2.000E+00
2.120E+06 3.983E+02 1.882E+00 1.142E-02 1.345E-05 1.960E+03 9.053E-01 4.431E+01 2.000E+00
4.716E+06 3.968E+02 1.884E+00 1.142E-02 1.430E-05 1.939E+03 9.053E-01 4.431E+01 2.000E+00
5.055E+06 9.062E+02 1.454E+00 1.142E-02 1.585E-05 1.256E+03 9.053E-01 4.431E+01 2.000E+00
4.152E+07 7.592E+02 1.550E+00 1.142E-02 1.870E-05 1.341E+03 9.054E-01 4.431E+01 2.000E+00
8.251E+07 4.282E+02 1.848E+00 1.142E-02 2.391E-05 1.828E+03 9.054E-01 4.431E+01 2.000E+00
1.964E+08 6.181E+02 1.661E+00 1.142E-02 3.348E-05 1.468E+03 9.055E-01 4.431E+01 2.000E+00
1.298E+07 6.072E+02 1.671E+00 1.142E-02 5.101E-05 1.481E+03 9.056E-01 4.431E+01 2.000E+00
9.203E+07 9.196E+02 1.446E+00 1.142E-02 8.314E-05 1.251E+03 9.058E-01 4.431E+01 2.000E+00
4.902E+06 9.362E+02 1.437E+00 1.142E-02 1.420E-04 1.243E+03 9.063E-01 4.431E+01 2.000E+00
1.343E+07 5.242E+02 1.748E+00 1.142E-02 2.500E-04 1.860E+03 9.071E-01 4.432E+01 2.000E+00
5.530E+06 5.489E+02 1.725E+00 1.142E-02 4.479E-04 1.561E+03 9.086E-01 4.432E+01 2.000E+00
1.723E+07 8.880E+02 1.466E+00 1.142E-02 8.106E-04 1.266E+03 9.113E-01 4.433E+01 2.000E+00
1.787E+07 7.297E+02 1.574E+00 1.142E-02 1.475E-03 1.363E+03 9.163E-01 4.434E+01 2.000E+00
6.272E+06 3.630E+02 1.930E+00 1.142E-02 2.694E-03 2.073E+03 9.254E-01 4.437E+01 2.000E+00
3.084E+06 5.024E+02 1.778E+00 1.142E-02 4.928E-03 1.633E+03 9.421E-01 4.442E+01 2.000E+00
7.950E+06 5.857E+02 1.690E+00 1.445E-02 1.248E-05 1.509E+03 9.129E-01 4.431E+01 2.000E+00
9.344E+06 5.857E+02 1.690E+00 1.445E-02 1.252E-05 1.514E+03 9.129E-01 4.431E+01 2.000E+00
1.386E+07 5.857E+02 1.690E+00 1.445E-02 1.260E-05 1.509E+03 9.129E-01 4.431E+01 2.000E+00
1.471E+08 5.857E+02 1.690E+00 1.445E-02 1.274E-05 1.509E+03 9.129E-01 4.431E+01 2.000E+00
9.499E+06 5.912E+02 1.685E+00 1.445E-02 1.299E-05 1.502E+03 9.129E-01 4.431E+01 2.000E+00
2.179E+08 3.543E+02 1.933E+00 1.445E-02 1.345E-05 2.146E+03 9.129E-01 4.431E+01 2.000E+00
5.331E+06 8.348E+02 1.499E+00 1.445E-02 1.430E-05 1.294E+03 9.129E-01 4.431E+01 2.000E+00
3.536E+06 8.421E+02 1.494E+00 1.445E-02 1.585E-05 1.290E+03 9.129E-01 4.431E+01 2.000E+00
1.064E+08 8.586E+02 1.484E+00 1.445E-02 1.870E-05 1.281E+03 9.129E-01 4.431E+01 2.000E+00
2.090E+06 8.091E+02 1.516E+00 1.445E-02 2.391E-05 1.309E+03 9.130E-01 4.431E+01 2.000E+00
6.849E+06 5.440E+02 1.729E+00 1.445E-02 3.348E-05 1.570E+03 9.130E-01 4.431E+01 2.000E+00
5.727E+06 9.325E+02 1.439E+00 1.445E-02 5.101E-05 1.246E+03 9.132E-01 4.431E+01 2.000E+00
1.130E+07 9.392E+02 1.435E+00 1.445E-02 8.314E-05 1.243E+03 9.134E-01 4.431E+01 2.000E+00
5.966E+06 5.990E+02 1.678E+00 1.445E-02 1.420E-04 1.492E+03 9.139E-01 4.431E+01 2.000E+00
1.343E+07 7.494E+02 1.558E+00 1.445E-02 2.500E-04 1.350E+03 9.147E-01 4.432E+01 2.000E+00
1.003E+08 9.118E+02 1.451E+00 1.445E-02 4.479E-04 1.255E+03 9.162E-01 4.432E+01 2.000E+00
9.254E+06 3.001E+02 2.001E+00 1.445E-02 8.106E-04 2.576E+03 9.189E-01 4.433E+01 2.000E+00
5.088E+06 4.391E+02 1.839E+00 1.445E-02 1.475E-03 1.790E+03 9.239E-01 4.434E+01 2.000E+00
8.906E+06 9.499E+02 1.431E+00 1.445E-02 2.694E-03 1.241E+03 9.330E-01 4.437E+01 2.000E+00
6.691E+06 9.560E+02 1.429E+00 1.445E-02 4.928E-03 1.241E+03 9.475E-01 4.442E+01 2.000E+00
9.057E+06 7.661E+02 1.545E+00 1.827E-02 1.248E-05 1.338E+03 9.224E-01 4.431E+01 2.000E+00
9.855E+06 7.661E+02 1.545E+00 1.827E-02 1.252E-05 1.338E+03 9.224E-01 4.431E+01 2.000E+00
1.177E+07 7.661E+02 1.545E+00 1.827E-02 1.260E-05 1.339E+03 9.224E-01 4.431E+01 2.000E+00
1.847E+07 7.661E+02 1.545E+00 1.827E-02 1.274E-05 1.338E+03 9.224E-01 4.431E+01 2.000E+00
3.208E+06 7.496E+02 1.557E+00 1.827E-02 1.299E-05 1.364E+03 9.224E-01 4.431E+01 2.000E+00
4.691E+06 7.496E+02 1.557E+00 1.827E-02 1.345E-05 1.350E+03 9.224E-01 4.431E+01 2.000E+00
7.723E+07 7.496E+02 1.557E+00 1.827E-02 1.430E-05 1.350E+03 9.224E-01 4.431E+01 2.000E+00
1.051E+07 4.547E+02 1.819E+00 1.827E-02 1.585E-05 1.754E+03 9.225E-01 4.431E+01 2.000E+00
1.113E+07 9.145E+02 1.449E+00 1.827E-02 1.870E-05 1.255E+03 9.225E-01 4.431E+01 2.000E+00
6.437E+06 9.325E+02 1.439E+00 1.827E-02 2.391E-05 1.254E+03 9.225E-01 4.431E+01 2.000E+00
2.754E+07 9.196E+02 1.446E+00 1.827E-02 3.348E-05 1.252E+03 9.226E-01 4.431E+01 2.000E+00
1.590E+06 3.096E+02 1.987E+00 1.827E-02 5.101E-05 2.488E+03 9.227E-01 4.431E+01 2.000E+00
4.743E+06 9.452E+02 1.432E+00 1.827E-02 8.314E-05 1.242E+03 9.230E-01 4.431E+01 2.000E+00
1.244E+07 8.961E+02 1.461E+00 1.827E-02 1.420E-04 1.263E+03 9.234E-01 4.431E+01 2.000E+00
1.083E+07 6.675E+02 1.620E+00 1.827E-02 2.500E-04 1.424E+03 9.242E-01 4.432E+01 2.000E+00
2.994E+06 6.032E+02 1.675E+00 1.827E-02 4.479E-04 1.488E+03 9.257E-01 4.432E+01 2.000E+00
4.521E+07 9.830E+02 1.411E+00 1.827E-02 8.106E-04 1.227E+03 9.284E-01 4.433E+01 2.000E+00
3.934E+07 6.419E+02 1.643E+00 1.827E-02 1.475E-03 1.443E+03 9.334E-01 4.434E+01 2.000E+00
4.937E+06 9.242E+02 1.446E+00 1.827E-02 2.694E-03 1.255E+03 9.425E-01 4.437E+01 2.000E+00
4.255E+06 8.682E+02 1.482E+00 1.827E-02 4.928E-03 1.282E+03 9.543E-01 4.442E+01 2.000E+00
2.002E+07 3.432E+02 1.947E+00 2.311E-02 1.248E-05 2.217E+03 9.345E-01 4.431E+01 2.000E+00
5.500E+07 3.432E+02 1.947E+00 2.311E-02 1.252E-05 2.216E+03 9.345E-01 4.431E+01 2.000E+00
6.955E+06 3.423E+02 1.948E+00 2.311E-02 1.260E-05 2.222E+03 9.345E-01 4.431E+01 2.000E+00
2.586E+07 3.423E+02 1.948E+00 2.311E-02 1.274E-05 2.223E+03 9.345E-01 4.431E+01 2.000E+00
1.822E+08 4.457E+02 1.829E+00 2.311E-02 1.299E-05 1.779E+03 9.345E-01 4.431E+01 2.000E+00
1.922E+07 4.308E+02 1.845E+00 2.311E-02 1.345E-05 1.823E+03 9.345E-01 4.431E+01 2.000E+00
1.474E+07 9.407E+02 1.434E+00 2.311E-02 1.430E-05 1.245E+03 9.345E-01 4.431E+01 2.000E+00
1.614E+07 9.505E+02 1.429E+00 2.311E-02 1.585E-05 1.241E+03 9.346E-01 4.431E+01 2.000E+00
5.196E+06 9.392E+02 1.435E+00 2.311E-02 1.870E-05 1.246E+03 9.346E-01 4.431E+01 2.000E+00
6.331E+06 6.331E+02 1.649E+00 2.311E-02 2.391E-05 1.455E+03 9.346E-01 4.431E+01 2.000E+00
5.252E+06 9.562E+02 1.425E+00 2.311E-02 3.348E-05 1.239E+03 9.347E-01 4.431E+01 2.000E+00
5.924E+06 2.829E+02 2.019E+00 2.311E-02 5.101E-05 2.828E+03 9.348E-01 4.431E+01 2.000E+00
1.192E+06 3.782E+02 1.905E+00 2.311E-02 8.314E-05 2.022E+03 9.351E-01 4.431E+01 2.000E+00
1.391E+06 4.027E+02 1.877E+00 2.311E-02 1.420E-04 1.918E+03 9.355E-01 4.431E+01 2.000E+00
4.157E+07 9.782E+02 1.413E+00 2.311E-02 2.500E-04 1.230E+03 9.363E-01 4.432E+01 2.000E+00
5.345E+07 7.841E+02 1.533E+00 2.311E-02 4.479E-04 1.349E+03 9.378E-01 4.432E+01 2.000E+00
1.248E+07 5.822E+02 1.694E+00 2.311E-02 8.106E-04 1.516E+03 9.405E-01 4.433E+01 2.000E+00
4.143E+07 7.098E+02 1.589E+00 2.311E-02 1.475E-03 1.382E+03 9.455E-01 4.434E+01 2.000E+00
1.456E+07 6.730E+02 1.619E+00 2.311E-02 2.694E-03 1.415E+03 9.546E-01 4.437E+01 2.000E+00
8.045E+06 8.069E+02 1.522E+00 2.311E-02 4.928E-03 1.317E+03 9.629E-01 4.442E+01 2.000E+00
2.811E+07 7.082E+02 1.588E+00 2.923E-02 1.248E-05 1.385E+03 9.498E-01 4.431E+01 2.000E+00
4.309E+07 7.082E+02 1.588E+00 2.923E-02 1.252E-05 1.386E+03 9.498E-01 4.431E+01 2.000E+00
3.711E+09 7.082E+02 1.588E+00 2.923E-02 1.260E-05 1.386E+03 9.498E-01 4.431E+01 2.000E+00
1.019E+07 7.113E+02 1.586E+00 2.923E-02 1.274E-05 1.406E+03 9.498E-01 4.431E+01 2.000E+00
4.109E+07 7.113E+02 1.586E+00 2.923E-02 1.299E-05 1.382E+03 9.498E-01 4.431E+01 2.000E+00
4.222E+06 9.362E+02 1.437E+00 2.923E-02 1.345E-05 1.249E+03 9.498E-01 4.431E+01 2.000E+00
5.025E+06 9.362E+02 1.437E+00 2.923E-02 1.430E-05 1.249E+03 9.498E-01 4.431E+01 2.000E+00
1.327E+08 4.028E+02 1.877E+00 2.923E-02 1.585E-05 1.920E+03 9.499E-01 4.431E+01 2.000E+00
1.052E+08 6.852E+02 1.606E+00 2.923E-02 1.870E-05 1.405E+03 9.499E-01 4.431E+01 2.000E+00
2.101E+06 8.148E+02 1.512E+00 2.923E-02 2.391E-05 1.310E+03 9.499E-01 4.431E+01 2.000E+00
6.809E+06 2.707E+02 2.033E+00 2.923E-02 3.348E-05 3.045E+03 9.500E-01 4.431E+01 2.000E+00
5.452E+06 6.838E+02 1.607E+00 2.923E-02 5.101E-05 1.406E+03 9.501E-01 4.431E+01 2.000E+00
1.085E+07 6.660E+02 1.621E+00 2.923E-02 8.314E-05 1.423E+03 9.504E-01 4.431E+01 2.000E+00
3.967E+06 8.918E+02 1.463E+00 2.923E-02 1.420E-04 1.269E+03 9.508E-01 4.431E+01 2.000E+00
6.804E+07 9.003E+02 1.458E+00 2.923E-02 2.500E-04 1.265E+03 9.516E-01 4.432E+01 2.000E+00
8.400E+06 7.878E+02 1.531E+00 2.923E-02 4.479E-04 1.327E+03 9.531E-01 4.432E+01 2.000E+00
3.052E+06 8.355E+02 1.499E+00 2.923E-02 8.106E-04 1.299E+03 9.558E-01 4.433E+01 2.000E+00
3.764E+06 7.885E+02 1.531E+00 2.923E-02 1.475E-03 1.327E+03 9.608E-01 4.434E+01 2.000E+00
9.221E+06 2.683E+02 2.046E+00 2.923E-02 2.694E-03 2.992E+03 9.658E-01 4.437E+01 2.000E+00
1.516E+07 4.710E+02 1.812E+00 2.923E-02 4.928E-03 1.702E+03 9.738E-01 4.442E+01 2.000E+00
2.972E+06 8.883E+02 1.465E+00 3.697E-02 1.248E-05 1.273E+03 9.692E-01 4.431E+01 2.000E+00
3.000E+06 8.883E+02 1.465E+00 3.697E-02 1.252E-05 1.273E+03 9.692E-01 4.431E+01 2.000E+00
3.051E+06 8.883E+02 1.465E+00 3.697E-02 1.260E-05 1.273E+03 9.692E-01 4.431E+01 2.000E+00
3.150E+06 8.883E+02 1.465E+00 3.697E-02 1.274E-05 1.273E+03 9.692E-01 4.431E+01 2.000E+00
3.352E+06 8.883E+02 1.465E+00 3.697E-02 1.299E-05 1.274E+03 9.692E-01 4.431E+01 2.000E+00
3.814E+06 8.883E+02 1.465E+00 3.697E-02 1.345E-05 1.273E+03 9.692E-01 4.431E+01 2.000E+00
5.193E+06 8.883E+02 1.465E+00 3.697E-02 1.430E-05 1.274E+03 9.692E-01 4.431E+01 2.000E+00
1.920E+07 8.883E+02 1.465E+00 3.697E-02 1.585E-05 1.273E+03 9.692E-01 4.431E+01 2.000E+00
1.844E+06 7.494E+02 1.557E+00 3.697E-02 1.870E-05 1.363E+03 9.692E-01 4.431E+01 2.000E+00
8.231E+07 6.317E+02 1.650E+00 3.697E-02 2.391E-05 1.460E+03 9.693E-01 4.431E+01 2.000E+00
5.440E+06 4.473E+02 1.827E+00 3.697E-02 3.348E-05 1.812E+03 9.693E-01 4.431E+01 2.000E+00
9.601E+06 7.794E+02 1.536E+00 3.697E-02 5.101E-05 1.335E+03 9.695E-01 4.431E+01 2.000E+00
8.040E+07 7.494E+02 1.558E+00 3.697E-02 8.314E-05 1.357E+03 9.697E-01 4.431E+01 2.000E+00
3.144E+06 7.111E+02 1.586E+00 3.697E-02 1.420E-04 1.385E+03 9.702E-01 4.431E+01 2.000E+00
4.754E+06 5.446E+02 1.729E+00 3.697E-02 2.500E-04 1.575E+03 9.709E-01 4.432E+01 2.000E+00
1.492E+07 7.393E+02 1.565E+00 3.697E-02 4.479E-04 1.363E+03 9.716E-01 4.432E+01 2.000E+00
3.796E+06 7.487E+02 1.559E+00 3.697E-02 8.106E-04 1.357E+03 9.729E-01 4.433E+01 2.000E+00
2.373E+07 5.867E+02 1.691E+00 3.697E-02 1.475E-03 1.513E+03 9.753E-01 4.434E+01 2.000E+00
6.397E+06 9.249E+02 1.445E+00 3.697E-02 2.694E-03 1.261E+03 9.796E-01 4.437E+01 2.000E+00
1.957E+06 6.091E+02 1.676E+00 3.697E-02 4.928E-03 1.484E+03 9.876E-01 4.442E+01 2.000E+00
4.548E+06 6.517E+02 1.633E+00 4.677E-02 1.248E-05 1.442E+03 9.875E-01 4.431E+01 2.000E+00
4.859E+06 6.517E+02 1.633E+00 4.677E-02 1.252E-05 1.442E+03 9.875E-01 4.431E+01 2.000E+00
5.563E+06 6.517E+02 1.633E+00 4.677E-02 1.260E-05 1.442E+03 9.875E-01 4.431E+01 2.000E+00
7.631E+06 6.517E+02 1.633E+00 4.677E-02 1.274E-05 1.442E+03 9.875E-01 4.431E+01 2.000E+00
2.616E+07 6.517E+02 1.633E+00 4.677E-02 1.299E-05 1.442E+03 9.875E-01 4.431E+01 2.000E+00
1.326E+08 6.572E+02 1.629E+00 4.677E-02 1.345E-05 1.436E+03 9.875E-01 4.431E+01 2.000E+00
3.061E+06 8.918E+02 1.463E+00 4.677E-02 1.430E-05 1.275E+03 9.875E-01 4.431E+01 2.000E+00
4.378E+07 6.069E+02 1.671E+00 4.677E-02 1.585E-05 1.491E+03 9.875E-01 4.431E+01 2.000E+00
1.510E+07 8.767E+02 1.472E+00 4.677E-02 1.870E-05 1.282E+03 9.875E-01 4.431E+01 2.000E+00
7.934E+06 9.948E+02 1.404E+00 4.677E-02 2.391E-05 1.232E+03 9.876E-01 4.431E+01 2.000E+00
5.946E+06 5.336E+02 1.739E+00 4.677E-02 3.348E-05 1.596E+03 9.876E-01 4.431E+01 2.000E+00
7.049E+06 7.461E+02 1.560E+00 4.677E-02 5.101E-05 1.361E+03 9.877E-01 4.431E+01 2.000E+00
1.970E+07 3.124E+02 1.984E+00 4.677E-02 8.314E-05 2.465E+03 9.878E-01 4.431E+01 2.000E+00
4.445E+06 8.172E+02 1.511E+00 4.677E-02 1.420E-04 1.315E+03 9.880E-01 4.431E+01 2.000E+00
2.506E+08 7.298E+02 1.572E+00 4.677E-02 2.500E-04 1.409E+03 9.884E-01 4.432E+01 2.000E+00
6.078E+06 9.260E+02 1.443E+00 4.677E-02 4.479E-04 1.260E+03 9.891E-01 4.432E+01 2.000E+00
3.205E+06 6.658E+02 1.623E+00 4.677E-02 8.106E-04 1.428E+03 9.904E-01 4.433E+01 2.000E+00
5.381E+06 4.132E+02 1.869E+00 4.677E-02 1.475E-03 1.880E+03 9.927E-01 4.435E+01 2.000E+00
1.776E+08 6.898E+02 1.606E+00 4.677E-02 2.694E-03 1.407E+03 9.953E-01 4.437E+01 2.000E+00
3.304E+06 3.780E+02 1.918E+00 4.677E-02 4.928E-03 1.995E+03 9.974E-01 4.442E+01 2.000E+00
3.708E+08 9.944E+02 1.404E+00 5.915E-02 1.248E-05 1.236E+03 1.000E+00 4.431E+01 0.000E+00
3.987E+08 9.944E+02 1.404E+00 5.915E-02 1.252E-05 1.236E+03 1.000E+00 4.431E+01 0.000E+00
4.625E+08 9.944E+02 1.404E+00 5.915E-02 1.260E-05 1.236E+03 1.000E+00 4.431E+01 0.000E+00
1.584E+07 3.598E+02 1.927E+00 5.915E-02 1.274E-05 2.148E+03 1.000E+00 4.431E+01 0.000E+00
2.743E+09 9.944E+02 1.404E+00 5.915E-02 1.299E-05 1.239E+03 1.000E+00 4.431E+01 0.000E+00
2.164E+08 9.704E+02 1.417E+00 5.915E-02 1.345E-05 1.245E+03 1.000E+00 4.431E+01 0.000E+00
1.100E+07 9.739E+02 1.415E+00 5.915E-02 1.430E-05 1.244E+03 1.000E+00 4.431E+01 0.000E+00
1.716E+07 9.619E+02 1.422E+00 5.915E-02 1.585E-05 1.249E+03 1.000E+00 4.431E+01 0.000E+00
1.324E+07 9.184E+02 1.447E+00 5.915E-02 1.870E-05 1.267E+03 1.000E+00 4.431E+01 0.000E+00
9.093E+06 9.287E+02 1.441E+00 5.915E-02 2.391E-05 1.263E+03 1.000E+00 4.431E+01 0.000E+00
4.409E+06 8.306E+02 1.502E+00 5.915E-02 3.348E-05 1.311E+03 1.000E+00 4.431E+01 0.000E+00
1.100E+07 5.379E+02 1.735E+00 5.915E-02 5.101E-05 1.593E+03 1.000E+00 4.431E+01 0.000E+00
3.780E+06 3.051E+02 1.993E+00 5.915E-02 8.314E-05 2.541E+03 1.000E+00 4.431E+01 0.000E+00
8.298E+06 9.361E+02 1.437E+00 5.915E-02 1.420E-04 1.260E+03 1.000E+00 4.431E+01 0.000E+00
4.488E+06 8.920E+02 1.463E+00 5.915E-02 2.500E-04 1.280E+03 1.000E+00 4.432E+01 0.000E+00
1.149E+07 6.831E+02 1.608E+00 5.915E-02 4.479E-04 1.416E+03 1.000E+00 4.432E+01 0.000E+00
5.487E+06 9.664E+02 1.420E+00 5.915E-02 8.106E-04 1.248E+03 1.000E+00 4.433E+01 0.000E+00
7.684E+06 9.186E+02 1.448E+00 5.915E-02 1.475E-03 1.270E+03 1.000E+00 4.435E+01 0.000E+00
9.931E+06 8.071E+02 1.520E+00 5.915E-02 2.694E-03 1.328E+03 1.000E+00 4.437E+01 0.000E+00
1.827E+06 6.713E+02 1.623E+00 5.915E-02 4.928E-03 1.430E+03 1.000E+00 4.442E+01 0.000E+00
3.693E+07 9.118E+02 1.451E+00 7.482E-02 1.248E-05 1.276E+03 1.000E+00 4.431E+01 0.000E+00
4.173E+07 9.118E+02 1.451E+00 7.482E-02 1.252E-05 1.276E+03 1.000E+00 4.431E+01 0.000E+00
5.486E+07 9.118E+02 1.451E+00 7.482E-02 1.260E-05 1.276E+03 1.000E+00 4.431E+01 0.000E+00
1.309E+08 9.118E+02 1.451E+00 7.482E-02 1.274E-05 1.276E+03 1.000E+00 4.431E+01 0.000E+00
5.610E+06 3.961E+02 1.885E+00 7.482E-02 1.299E-05 1.958E+03 1.000E+00 4.431E+01 0.000E+00
9.706E+07 4.680E+02 1.805E+00 7.482E-02 1.345E-05 1.736E+03 1.000E+00 4.431E+01 0.000E+00
1.106E+07 8.999E+02 1.458E+00 7.482E-02 1.430E-05 1.281E+03 1.000E+00 4.431E+01 0.000E+00
7.032E+06 3.033E+02 1.995E+00 7.482E-02 1.585E-05 2.565E+03 1.000E+00 4.431E+01 0.000E+00
4.995E+06 4.469E+02 1.828E+00 7.482E-02 1.870E-05 1.790E+03 1.000E+00 4.431E+01 0.000E+00
1.066E+09 9.246E+02 1.444E+00 7.482E-02 2.391E-05 1.270E+03 1.000E+00 4.431E+01 0.000E+00
3.689E+07 3.358E+02 1.956E+00 7.482E-02 3.348E-05 2.280E+03 1.000E+00 4.431E+01 0.000E+00
4.284E+06 9.588E+02 1.424E+00 7.482E-02 5.101E-05 1.256E+03 1.000E+00 4.431E+01 0.000E+00
6.084E+07 7.690E+02 1.544E+00 7.482E-02 8.314E-05 1.354E+03 1.000E+00 4.431E+01 0.000E+00
1.217E+07 6.312E+02 1.650E+00 7.482E-02 1.420E-04 1.472E+03 1.000E+00 4.432E+01 0.000E+00
4.147E+06 2.701E+02 2.035E+00 7.482E-02 2.500E-04 3.047E+03 1.000E+00 4.432E+01 0.000E+00
1.410E+07 6.478E+02 1.637E+00 7.482E-02 4.479E-04 1.455E+03 1.000E+00 4.432E+01 0.000E+00
3.375E+06 7.067E+02 1.590E+00 7.482E-02 8.106E-04 1.401E+03 1.000E+00 4.433E+01 0.000E+00
6.292E+06 9.808E+02 1.413E+00 7.482E-02 1.475E-03 1.250E+03 1.000E+00 4.435E+01 0.000E+00
1.616E+07 7.850E+02 1.535E+00 7.482E-02 2.694E-03 1.350E+03 1.000E+00 4.437E+01 0.000E+00
2.964E+06 4.603E+02 1.823E+00 7.482E-02 4.928E-03 1.742E+03 1.000E+00 4.442E+01 0.000E+00
2.242E+06 6.057E+02 1.672E+00 9.464E-02 1.248E-05 1.508E+03 1.000E+00 4.431E+01 0.000E+00
2.318E+06 6.057E+02 1.672E+00 9.464E-02 1.252E-05 1.508E+03 1.000E+00 4.431E+01 0.000E+00
2.475E+06 6.057E+02 1.672E+00 9.464E-02 1.260E-05 1.508E+03 1.000E+00 4.431E+01 0.000E+00
2.834E+06 6.057E+02 1.672E+00 9.464E-02 1.274E-05 1.509E+03 1.000E+00 4.431E+01 0.000E+00
4.019E+06 5.892E+02 1.687E+00 9.464E-02 1.299E-05 1.529E+03 1.000E+00 4.431E+01 0.000E+00
2.314E+07 5.892E+02 1.687E+00 9.464E-02 1.345E-05 1.529E+03 1.000E+00 4.431E+01 0.000E+00
4.254E+06 7.029E+02 1.592E+00 9.464E-02 1.430E-05 1.411E+03 1.000E+00 4.431E+01 0.000E+00
6.431E+06 3.297E+02 1.963E+00 9.464E-02 1.585E-05 2.344E+03 1.000E+00 4.431E+01 0.000E+00
9.714E+06 6.396E+02 1.643E+00 9.464E-02 1.870E-05 1.470E+03 1.000E+00 4.431E+01 0.000E+00
1.344E+06 5.223E+02 1.750E+00 9.464E-02 2.391E-05 1.630E+03 1.000E+00 4.431E+01 0.000E+00
8.416E+06 8.528E+02 1.487E+00 9.464E-02 3.348E-05 1.312E+03 1.000E+00 4.431E+01 0.000E+00
1.910E+09 6.770E+02 1.613E+00 9.464E-02 5.101E-05 1.433E+03 1.000E+00 4.431E+01 0.000E+00
2.170E+07 7.707E+02 1.542E+00 9.464E-02 8.314E-05 1.638E+03 1.000E+00 4.431E+01 0.000E+00
5.239E+07 5.228E+02 1.750E+00 9.464E-02 1.420E-04 1.629E+03 1.000E+00 4.432E+01 0.000E+00
1.395E+08 5.865E+02 1.690E+00 9.464E-02 2.500E-04 1.532E+03 1.000E+00 4.432E+01 0.000E+00
1.058E+08 6.828E+02 1.609E+00 9.464E-02 4.479E-04 1.428E+03 1.000E+00 4.432E+01 0.000E+00
1.122E+07 3.128E+02 1.987E+00 9.464E-02 8.106E-04 2.458E+03 1.000E+00 4.433E+01 0.000E+00
9.287E+06 6.046E+02 1.675E+00 9.464E-02 1.475E-03 1.509E+03 1.000E+00 4.435E+01 0.000E+00
2.008E+07 7.465E+02 1.563E+00 9.464E-02 2.694E-03 1.381E+03 1.000E+00 4.437E+01 0.000E+00
3.060E+07 8.395E+02 1.500E+00 9.464E-02 4.928E-03 1.328E+03 1.000E+00 4.443E+01 0.000E+00
8.016E+06 7.789E+02 1.537E+00 1.197E-01 1.248E-05 1.364E+03 1.000E+00 4.431E+01 0.000E+00
8.580E+06 7.789E+02 1.537E+00 1.197E-01 1.252E-05 1.364E+03 1.000E+00 4.431E+01 0.000E+00
9.863E+06 7.789E+02 1.537E+00 1.197E-01 1.260E-05 1.364E+03 1.000E+00 4.431E+01 0.000E+00
1.367E+07 7.789E+02 1.537E+00 1.197E-01 1.274E-05 1.364E+03 1.000E+00 4.431E+01 0.000E+00
5.028E+07 7.789E+02 1.537E+00 1.197E-01 1.299E-05 1.364E+03 1.000E+00 4.431E+01 0.000E+00
1.390E+07 4.991E+02 1.773E+00 1.197E-01 1.345E-05 1.681E+03 1.000E+00 4.431E+01 0.000E+00
6.808E+06 4.936E+02 1.779E+00 1.197E-01 1.430E-05 1.692E+03 1.000E+00 4.431E+01 0.000E+00
1.367E+07 4.722E+02 1.801E+00 1.197E-01 1.585E-05 1.739E+03 1.000E+00 4.431E+01 0.000E+00
2.180E+06 8.919E+02 1.463E+00 1.197E-01 1.870E-05 1.303E+03 1.000E+00 4.431E+01 0.000E+00
2.892E+07 3.472E+02 1.943E+00 1.197E-01 2.391E-05 2.247E+03 1.000E+00 4.431E+01 0.000E+00
3.518E+07 7.350E+02 1.568E+00 1.197E-01 3.348E-05 1.395E+03 1.000E+00 4.431E+01 0.000E+00
3.443E+06 3.651E+02 1.921E+00 1.197E-01 5.101E-05 2.110E+03 1.000E+00 4.431E+01 0.000E+00
5.089E+07 7.687E+02 1.544E+00 1.197E-01 8.314E-05 1.371E+03 1.000E+00 4.431E+01 0.000E+00
6.103E+06 8.385E+02 1.497E+00 1.197E-01 1.420E-04 1.332E+03 1.000E+00 4.432E+01 0.000E+00
2.221E+06 4.795E+02 1.794E+00 1.197E-01 2.500E-04 1.722E+03 1.000E+00 4.432E+01 0.000E+00
4.247E+06 9.785E+02 1.413E+00 1.197E-01 4.479E-04 1.268E+03 1.000E+00 4.432E+01 0.000E+00
3.750E+06 9.220E+02 1.446E+00 1.197E-01 8.106E-04 1.291E+03 1.000E+00 4.433E+01 0.000E+00
3.524E+06 8.306E+02 1.503E+00 1.197E-01 1.475E-03 1.337E+03 1.000E+00 4.435E+01 0.000E+00
6.081E+06 6.856E+02 1.609E+00 1.197E-01 2.694E-03 1.438E+03 1.000E+00 4.437E+01 0.000E+00
1.287E+07 3.415E+02 1.964E+00 1.197E-01 4.928E-03 2.200E+03 1.000E+00 4.443E+01 0.000E+00
1.015E+07 9.564E+02 1.425E+00 1.514E-01 1.248E-05 1.290E+03 1.000E+00 4.431E+01 0.000E+00
1.029E+07 9.564E+02 1.425E+00 1.514E-01 1.252E-05 1.290E+03 1.000E+00 4.431E+01 0.000E+00
1.057E+07 9.564E+02 1.425E+00 1.514E-01 1.260E-05 1.292E+03 1.000E+00 4.431E+01 0.000E+00
8.385E+06 3.291E+02 1.965E+00 1.514E-01 1.274E-05 2.344E+03 1.000E+00 4.431E+01 0.000E+00
1.228E+07 9.564E+02 1.425E+00 1.514E-01 1.299E-05 1.290E+03 1.000E+00 4.431E+01 0.000E+00
2.428E+06 5.528E+02 1.721E+00 1.514E-01 1.345E-05 1.599E+03 1.000E+00 4.431E+01 0.000E+00
8.262E+08 5.528E+02 1.721E+00 1.514E-01 1.430E-05 1.599E+03 1.000E+00 4.431E+01 0.000E+00
2.816E+07 5.512E+02 1.722E+00 1.514E-01 1.585E-05 1.609E+03 1.000E+00 4.431E+01 0.000E+00
2.022E+07 6.725E+02 1.616E+00 1.514E-01 1.870E-05 1.460E+03 1.000E+00 4.431E+01 0.000E+00
3.534E+06 6.113E+02 1.668E+00 1.514E-01 2.391E-05 1.522E+03 1.000E+00 4.431E+01 0.000E+00
1.261E+07 9.797E+02 1.412E+00 1.514E-01 3.348E-05 1.281E+03 1.000E+00 4.431E+01 0.000E+00
3.850E+06 2.877E+02 2.015E+00 1.514E-01 5.101E-05 2.766E+03 1.000E+00 4.431E+01 0.000E+00
1.304E+08 9.843E+02 1.410E+00 1.514E-01 8.314E-05 1.280E+03 1.000E+00 4.432E+01 0.000E+00
7.635E+06 4.847E+02 1.788E+00 1.514E-01 1.420E-04 1.742E+03 1.000E+00 4.432E+01 0.000E+00
2.277E+06 2.937E+02 2.008E+00 1.514E-01 2.500E-04 2.684E+03 1.000E+00 4.432E+01 0.000E+00
2.057E+06 8.533E+02 1.487E+00 1.514E-01 4.479E-04 1.337E+03 1.000E+00 4.432E+01 0.000E+00
1.206E+07 9.186E+02 1.448E+00 1.514E-01 8.106E-04 1.307E+03 1.000E+00 4.433E+01 0.000E+00
3.520E+07 3.143E+02 1.987E+00 1.514E-01 1.475E-03 2.446E+03 1.000E+00 4.435E+01 0.000E+00
1.296E+07 7.464E+02 1.563E+00 1.514E-01 2.694E-03 1.416E+03 1.000E+00 4.438E+01 0.000E+00
2.018E+07 7.849E+02 1.537E+00 1.514E-01 4.928E-03 1.386E+03 1.000E+00 4.443E+01 0.000E+00
1.925E+06 5.674E+02 1.707E+00 1.915E-01 1.248E-05 1.593E+03 1.000E+00 4.431E+01 0.000E+00
2.106E+06 6.174E+02 1.662E+00 1.915E-01 1.252E-05 1.530E+03 1.000E+00 4.431E+01 0.000E+00
3.825E+06 5.798E+02 1.696E+00 1.915E-01 1.260E-05 1.576E+03 1.000E+00 4.431E+01 0.000E+00
2.405E+06 5.674E+02 1.707E+00 1.915E-01 1.274E-05 1.592E+03 1.000E+00 4.431E+01 0.000E+00
2.214E+06 4.482E+02 1.827E+00 1.915E-01 1.299E-05 1.822E+03 1.000E+00 4.431E+01 0.000E+00
6.040E+06 4.482E+02 1.827E+00 1.915E-01 1.345E-05 1.822E+03 1.000E+00 4.431E+01 0.000E+00
2.927E+07 5.660E+02 1.708E+00 1.915E-01 1.430E-05 1.594E+03 1.000E+00 4.431E+01 0.000E+00
1.253E+07 3.524E+02 1.937E+00 1.915E-01 1.585E-05 2.199E+03 1.000E+00 4.431E+01 0.000E+00
6.995E+06 3.228E+02 1.973E+00 1.915E-01 1.870E-05 2.403E+03 1.000E+00 4.431E+01 0.000E+00
9.551E+06 8.240E+02 1.506E+00 1.915E-01 2.391E-05 1.369E+03 1.000E+00 4.432E+01 0.000E+00
2.611E+07 4.135E+02 1.866E+00 1.915E-01 3.348E-05 1.927E+03 1.000E+00 4.432E+01 0.000E+00
1.237E+06 7.784E+02 1.537E+00 1.915E-01 5.101E-05 1.396E+03 1.000E+00 4.432E+01 0.000E+00
1.244E+07 8.459E+02 1.492E+00 1.915E-01 8.314E-05 1.358E+03 1.000E+00 4.432E+01 0.000E+00
3.866E+06 8.698E+02 1.477E+00 1.915E-01 1.420E-04 1.347E+03 1.000E+00 4.432E+01 0.000E+00
2.549E+07 6.910E+02 1.602E+00 1.915E-01 2.500E-04 1.461E+03 1.000E+00 4.432E+01 0.000E+00
1.675E+06 3.373E+02 1.956E+00 1.915E-01 4.479E-04 2.290E+03 1.000E+00 4.432E+01 0.000E+00
4.729E+06 5.059E+02 1.768E+00 1.915E-01 8.106E-04 1.693E+03 1.000E+00 4.433E+01 0.000E+00
7.603E+06 3.566E+02 1.936E+00 1.915E-01 1.475E-03 2.164E+03 1.000E+00 4.435E+01 0.000E+00
2.369E+06 6.483E+02 1.640E+00 1.915E-01 2.694E-03 1.504E+03 1.000E+00 4.438E+01 0.000E+00
1.932E+07 4.726E+02 1.811E+00 1.915E-01 4.928E-03 1.759E+03 1.000E+00 4.443E+01 0.000E+00
4.766E+06 6.468E+02 1.638E+00 2.422E-01 1.248E-05 1.523E+03 1.000E+00 4.432E+01 0.000E+00
5.113E+06 6.468E+02 1.638E+00 2.422E-01 1.252E-05 1.522E+03 1.000E+00 4.432E+01 0.000E+00
5.909E+06 6.468E+02 1.638E+00 2.422E-01 1.260E-05 1.522E+03 1.000E+00 4.432E+01 0.000E+00
8.340E+06 6.468E+02 1.638E+00 2.422E-01 1.274E-05 1.522E+03 1.000E+00 4.432E+01 0.000E+00
3.879E+07 6.468E+02 1.638E+00 2.422E-01 1.299E-05 1.522E+03 1.000E+00 4.432E+01 0.000E+00
4.926E+06 8.518E+02 1.488E+00 2.422E-01 1.345E-05 1.383E+03 1.000E+00 4.432E+01 0.000E+00
9.913E+06 8.518E+02 1.488E+00 2.422E-01 1.430E-05 1.383E+03 1.000E+00 4.432E+01 0.000E+00
1.068E+07 3.759E+02 1.909E+00 2.422E-01 1.585E-05 2.093E+03 1.000E+00 4.432E+01 0.000E+00
1.599E+07 7.003E+02 1.595E+00 2.422E-01 1.870E-05 1.475E+03 1.000E+00 4.432E+01 0.000E+00
6.683E+06 7.579E+02 1.552E+00 2.422E-01 2.391E-05 1.435E+03 1.000E+00 4.432E+01 0.000E+00
3.668E+07 5.969E+02 1.680E+00 2.422E-01 3.348E-05 1.576E+03 1.000E+00 4.432E+01 0.000E+00
4.274E+07 6.364E+02 1.646E+00 2.422E-01 5.101E-05 1.532E+03 1.000E+00 4.432E+01 0.000E+00
4.079E+07 3.349E+02 1.959E+00 2.422E-01 8.314E-05 2.324E+03 1.000E+00 4.432E+01 0.000E+00
2.338E+07 5.426E+02 1.731E+00 2.422E-01 1.420E-04 1.650E+03 1.000E+00 4.432E+01 0.000E+00
2.395E+06 2.437E+02 2.068E+00 2.422E-01 2.500E-04 3.760E+03 1.000E+00 4.432E+01 0.000E+00
6.248E+06 9.259E+02 1.443E+00 2.422E-01 4.479E-04 1.354E+03 1.000E+00 4.433E+01 0.000E+00
3.452E+06 5.045E+02 1.770E+00 2.422E-01 8.106E-04 1.715E+03 1.000E+00 4.433E+01 0.000E+00
1.302E+07 3.299E+02 1.969E+00 2.422E-01 1.475E-03 2.345E+03 1.000E+00 4.435E+01 0.000E+00
7.878E+06 6.857E+02 1.609E+00 2.422E-01 2.694E-03 1.497E+03 1.000E+00 4.438E+01 0.000E+00
8.845E+06 8.388E+02 1.501E+00 2.422E-01 4.928E-03 1.416E+03 1.000E+00 4.443E+01 0.000E+00
8.127E+06 5.646E+02 1.710E+00 3.064E-01 1.248E-05 1.648E+03 1.000E+00 4.432E+01 0.000E+00
9.687E+06 5.646E+02 1.710E+00 3.064E-01 1.252E-05 1.648E+03 1.000E+00 4.432E+01 0.000E+00
1.505E+07 5.646E+02 1.710E+00 3.064E-01 1.260E-05 1.648E+03 1.000E+00 4.432E+01 0.000E+00
4.998E+06 5.581E+02 1.716E+00 3.064E-01 1.274E-05 1.657E+03 1.000E+00 4.432E+01 0.000E+00
1.300E+07 5.581E+02 1.716E+00 3.064E-01 1.299E-05 1.657E+03 1.000E+00 4.432E+01 0.000E+00
5.552E+06 7.057E+02 1.591E+00 3.064E-01 1.345E-05 1.561E+03 1.000E+00 4.432E+01 0.000E+00
1.688E+07 7.091E+02 1.588E+00 3.064E-01 1.430E-05 1.506E+03 1.000E+00 4.432E+01 0.000E+00
4.046E+06 8.785E+02 1.471E+00 3.064E-01 1.585E-05 1.415E+03 1.000E+00 4.432E+01 0.000E+00
2.664E+07 8.580E+02 1.484E+00 3.064E-01 1.870E-05 1.435E+03 1.000E+00 4.432E+01 0.000E+00
2.715E+07 7.780E+02 1.538E+00 3.064E-01 2.391E-05 1.462E+03 1.000E+00 4.432E+01 0.000E+00
5.887E+06 3.393E+02 1.954E+00 3.064E-01 3.348E-05 2.315E+03 1.000E+00 4.432E+01 0.000E+00
4.347E+06 9.788E+02 1.413E+00 3.064E-01 5.101E-05 1.414E+03 1.000E+00 4.432E+01 0.000E+00
1.095E+07 6.633E+02 1.624E+00 3.064E-01 8.314E-05 1.542E+03 1.000E+00 4.432E+01 0.000E+00
9.604E+06 8.991E+02 1.459E+00 3.064E-01 1.420E-04 1.409E+03 1.000E+00 4.432E+01 0.000E+00
2.190E+07 6.004E+02 1.678E+00 3.064E-01 2.500E-04 1.605E+03 1.000E+00 4.432E+01 0.000E+00
3.472E+06 4.420E+02 1.835E+00 3.064E-01 4.479E-04 1.883E+03 1.000E+00 4.433E+01 0.000E+00
3.799E+06 4.565E+02 1.820E+00 3.064E-01 8.106E-04 1.849E+03 1.000E+00 4.434E+01 0.000E+00
2.390E+06 9.735E+02 1.417E+00 3.064E-01 1.475E-03 1.400E+03 1.000E+00 4.435E+01 0.000E+00
5.670E+07 5.614E+02 1.717E+00 3.064E-01 2.694E-03 1.662E+03 1.000E+00 4.438E+01 0.000E+00
1.277E+07 8.523E+02 1.492E+00 3.064E-01 4.928E-03 1.465E+03 1.000E+00 4.443E+01 0.000E+00
2.254E+06 6.036E+02 1.675E+00 3.875E-01 1.248E-05 1.651E+03 1.000E+00 4.432E+01 0.000E+00
2.332E+06 6.036E+02 1.675E+00 3.875E-01 1.252E-05 1.651E+03 1.000E+00 4.432E+01 0.000E+00
2.491E+06 6.036E+02 1.675E+00 3.875E-01 1.260E-05 1.651E+03 1.000E+00 4.432E+01 0.000E+00
2.854E+06 6.036E+02 1.675E+00 3.875E-01 1.274E-05 1.652E+03 1.000E+00 4.432E+01 0.000E+00
3.953E+06 6.036E+02 1.675E+00 3.875E-01 1.299E-05 1.651E+03 1.000E+00 4.432E+01 0.000E+00
1.635E+07 6.036E+02 1.675E+00 3.875E-01 1.345E-05 1.651E+03 1.000E+00 4.432E+01 0.000E+00
6.504E+06 5.803E+02 1.696E+00 3.875E-01 1.430E-05 1.677E+03 1.000E+00 4.432E+01 0.000E+00
3.288E+06 8.376E+02 1.497E+00 3.875E-01 1.585E-05 1.505E+03 1.000E+00 4.432E+01 0.000E+00
1.741E+07 7.156E+02 1.583E+00 3.875E-01 1.870E-05 1.562E+03 1.000E+00 4.432E+01 0.000E+00
1.063E+07 7.569E+02 1.553E+00 3.875E-01 2.391E-05 1.554E+03 1.000E+00 4.432E+01 0.000E+00
7.304E+06 9.607E+02 1.423E+00 3.875E-01 3.348E-05 1.477E+03 1.000E+00 4.432E+01 0.000E+00
9.221E+06 9.765E+02 1.414E+00 3.875E-01 5.101E-05 1.478E+03 1.000E+00 4.432E+01 0.000E+00
1.779E+07 6.117E+02 1.668E+00 3.875E-01 8.314E-05 1.644E+03 1.000E+00 4.432E+01 0.000E+00
1.897E+08 9.757E+02 1.415E+00 3.875E-01 1.420E-04 1.539E+03 1.000E+00 4.432E+01 0.000E+00
6.561E+06 5.800E+02 1.696E+00 3.875E-01 2.500E-04 1.679E+03 1.000E+00 4.432E+01 0.000E+00
1.094E+07 4.561E+02 1.820E+00 3.875E-01 4.479E-04 1.888E+03 1.000E+00 4.433E+01 0.000E+00
3.457E+06 8.746E+02 1.475E+00 3.875E-01 8.106E-04 1.505E+03 1.000E+00 4.434E+01 0.000E+00
6.066E+06 8.968E+02 1.462E+00 3.875E-01 1.475E-03 1.511E+03 1.000E+00 4.435E+01 0.000E+00
5.998E+06 6.003E+02 1.682E+00 3.875E-01 2.694E-03 1.675E+03 1.000E+00 4.438E+01 0.000E+00
2.710E+06 6.322E+02 1.657E+00 3.875E-01 4.928E-03 1.666E+03 1.000E+00 4.443E+01 0.000E+00
1.952E+07 8.371E+02 1.498E+00 4.902E-01 1.248E-05 1.659E+03 1.000E+00 4.432E+01 0.000E+00
2.208E+07 8.371E+02 1.498E+00 4.902E-01 1.252E-05 1.661E+03 1.000E+00 4.432E+01 0.000E+00
2.910E+07 8.371E+02 1.498E+00 4.902E-01 1.260E-05 1.659E+03 1.000E+00 4.432E+01 0.000E+00
7.107E+07 8.371E+02 1.498E+00 4.902E-01 1.274E-05 1.659E+03 1.000E+00 4.432E+01 0.000E+00
1.809E+07 8.188E+02 1.510E+00 4.902E-01 1.299E-05 1.660E+03 1.000E+00 4.432E+01 0.000E+00
3.011E+06 5.402E+02 1.734E+00 4.902E-01 1.345E-05 1.807E+03 1.000E+00 4.432E+01 0.000E+00
6.947E+06 5.553E+02 1.719E+00 4.902E-01 1.430E-05 1.789E+03 1.000E+00 4.432E+01 0.000E+00
1.331E+07 7.267E+02 1.575E+00 4.902E-01 1.585E-05 1.674E+03 1.000E+00 4.432E+01 0.000E+00
1.798E+07 4.622E+02 1.813E+00 4.902E-01 1.870E-05 1.938E+03 1.000E+00 4.432E+01 0.000E+00
5.118E+06 7.364E+02 1.568E+00 4.902E-01 2.391E-05 1.670E+03 1.000E+00 4.432E+01 0.000E+00
3.212E+06 3.552E+02 1.936E+00 4.902E-01 3.348E-05 2.303E+03 1.000E+00 4.432E+01 0.000E+00
1.659E+07 4.622E+02 1.813E+00 4.902E-01 5.101E-05 1.938E+03 1.000E+00 4.432E+01 0.000E+00
3.934E+06 4.165E+02 1.864E+00 4.902E-01 8.314E-05 2.078E+03 1.000E+00 4.432E+01 0.000E+00
6.377E+06 5.326E+02 1.741E+00 4.902E-01 1.420E-04 1.819E+03 1.000E+00 4.432E+01 0.000E+00
2.579E+07 2.662E+02 2.046E+00 4.902E-01 2.500E-04 3.165E+03 1.000E+00 4.433E+01 0.000E+00
4.100E+06 9.317E+02 1.440E+00 4.902E-01 4.479E-04 1.693E+03 1.000E+00 4.433E+01 0.000E+00
4.955E+06 9.350E+02 1.438E+00 4.902E-01 8.106E-04 1.708E+03 1.000E+00 4.434E+01 0.000E+00
4.852E+06 4.947E+02 1.782E+00 4.902E-01 1.475E-03 1.889E+03 1.000E+00 4.436E+01 0.000E+00
4.580E+06 8.577E+02 1.487E+00 4.902E-01 2.694E-03 1.745E+03 1.000E+00 4.438E+01 0.000E+00
1.701E+07 5.819E+02 1.702E+00 4.902E-01 4.928E-03 1.834E+03 1.000E+00 4.443E+01 0.000E+00
8.899E+06 9.742E+02 1.416E+00 6.200E-01 1.248E-05 4.696E+03 1.000E+00 4.432E+01 0.000E+00
8.960E+06 9.742E+02 1.416E+00 6.200E-01 1.252E-05 4.695E+03 1.000E+00 4.432E+01 0.000E+00
9.075E+06 9.742E+02 1.416E+00 6.200E-01 1.260E-05 4.695E+03 1.000E+00 4.432E+01 0.000E+00
9.293E+06 9.742E+02 1.416E+00 6.200E-01 1.274E-05 4.696E+03 1.000E+00 4.432E+01 0.000E+00
9.724E+06 9.742E+02 1.416E+00 6.200E-01 1.299E-05 4.697E+03 1.000E+00 4.432E+01 0.000E+00
1.063E+07 9.742E+02 1.416E+00 6.200E-01 1.345E-05 4.697E+03 1.000E+00 4.432E+01 0.000E+00
1.287E+07 9.742E+02 1.416E+00 6.200E-01 1.430E-05 4.699E+03 1.000E+00 4.432E+01 0.000E+00
3.958E+07 8.112E+02 1.515E+00 6.200E-01 1.585E-05 2.187E+03 1.000E+00 4.432E+01 0.000E+00
1.954E+08 6.880E+02 1.605E+00 6.200E-01 1.870E-05 1.969E+03 1.000E+00 4.432E+01 0.000E+00
1.164E+07 9.604E+02 1.423E+00 6.200E-01 2.391E-05 4.018E+03 1.000E+00 4.432E+01 0.000E+00
1.533E+07 7.089E+02 1.589E+00 6.200E-01 3.348E-05 1.989E+03 1.000E+00 4.433E+01 0.000E+00
2.705E+06 2.350E+02 2.084E+00 6.200E-01 5.101E-05 4.044E+03 1.000E+00 4.433E+01 0.000E+00
3.444E+06 6.115E+02 1.669E+00 6.200E-01 8.314E-05 1.943E+03 1.000E+00 4.433E+01 0.000E+00
7.773E+06 5.387E+02 1.736E+00 6.200E-01 1.420E-04 1.971E+03 1.000E+00 4.433E+01 0.000E+00
7.759E+06 6.118E+02 1.669E+00 6.200E-01 2.500E-04 1.949E+03 1.000E+00 4.433E+01 0.000E+00
4.211E+07 6.968E+02 1.598E+00 6.200E-01 4.479E-04 2.005E+03 1.000E+00 4.433E+01 0.000E+00
1.856E+07 9.505E+02 1.430E+00 6.200E-01 8.106E-04 4.592E+03 1.000E+00 4.434E+01 0.000E+00
9.114E+06 3.033E+02 2.006E+00 6.200E-01 1.475E-03 2.734E+03 1.000E+00 4.436E+01 0.000E+00
1.181E+07 5.280E+02 1.751E+00 6.200E-01 2.694E-03 2.050E+03 1.000E+00 4.439E+01 0.000E+00
1.708E+06 6.291E+02 1.660E+00 6.200E-01 4.928E-03 2.212E+03 1.000E+00 4.444E+01 0.000E+00
1.406E+06 2.620E+02 2.055E+00 7.842E-01 1.248E-05 3.378E+03 1.000E+00 4.433E+01 0.000E+00
2.262E+06 2.657E+02 2.050E+00 7.842E-01 1.252E-05 3.313E+03 1.000E+00 4.433E+01 0.000E+00
9.650E+05 3.253E+02 1.975E+00 7.842E-01 1.260E-05 2.710E+03 1.000E+00 4.433E+01 0.000E+00
1.260E+07 6.003E+02 1.679E+00 7.842E-01 1.274E-05 3.113E+03 1.000E+00 4.433E+01 0.000E+00
2.838E+06 5.956E+02 1.683E+00 7.842E-01 1.299E-05 3.030E+03 1.000E+00 4.433E+01 0.000E+00
5.918E+06 5.956E+02 1.683E+00 7.842E-01 1.345E-05 3.030E+03 1.000E+00 4.433E+01 0.000E+00
2.929E+06 6.010E+02 1.678E+00 7.842E-01 1.430E-05 3.128E+03 1.000E+00 4.433E+01 0.000E+00
1.050E+07 3.522E+02 1.942E+00 7.842E-01 1.585E-05 2.573E+03 1.000E+00 4.433E+01 0.000E+00
3.677E+06 4.935E+02 1.781E+00 7.842E-01 1.870E-05 2.409E+03 1.000E+00 4.433E+01 0.000E+00
3.171E+06 5.431E+02 1.732E+00 7.842E-01 2.391E-05 2.554E+03 1.000E+00 4.433E+01 0.000E+00
2.477E+07 5.600E+02 1.716E+00 7.842E-01 3.348E-05 2.665E+03 1.000E+00 4.433E+01 0.000E+00
2.988E+06 4.747E+02 1.801E+00 7.842E-01 5.101E-05 2.463E+03 1.000E+00 4.433E+01 0.000E+00
3.440E+06 4.977E+02 1.777E+00 7.842E-01 8.314E-05 2.419E+03 1.000E+00 4.433E+01 0.000E+00
1.071E+07 3.640E+02 1.928E+00 7.842E-01 1.420E-04 2.530E+03 1.000E+00 4.433E+01 0.000E+00
1.558E+07 4.588E+02 1.819E+00 7.842E-01 2.500E-04 2.391E+03 1.000E+00 4.433E+01 0.000E+00
3.964E+06 4.154E+02 1.868E+00 7.842E-01 4.479E-04 2.424E+03 1.000E+00 4.434E+01 0.000E+00
1.900E+06 5.906E+02 1.689E+00 7.842E-01 8.106E-04 3.327E+03 1.000E+00 4.435E+01 0.000E+00
5.495E+06 4.644E+02 1.815E+00 7.842E-01 1.475E-03 2.482E+03 1.000E+00 4.436E+01 0.000E+00
5.332E+06 2.936E+02 2.025E+00 7.842E-01 2.694E-03 2.976E+03 1.000E+00 4.439E+01 0.000E+00
3.841E+06 5.200E+02 1.763E+00 7.842E-01 4.928E-03 3.941E+03 1.000E+00 4.444E+01 0.000E+00
3.113E+06 2.062E+02 2.124E+00 9.919E-01 1.248E-05 5.817E+03 1.000E+00 4.433E+01 0.000E+00
1.690E+06 2.287E+02 2.098E+00 9.919E-01 1.252E-05 4.391E+03 1.000E+00 4.433E+01 0.000E+00
1.788E+06 2.287E+02 2.098E+00 9.919E-01 1.260E-05 4.391E+03 1.000E+00 4.433E+01 0.000E+00
2.005E+06 2.287E+02 2.098E+00 9.919E-01 1.274E-05 4.391E+03 1.000E+00 4.433E+01 0.000E+00
2.596E+06 2.287E+02 2.098E+00 9.919E-01 1.299E-05 4.391E+03 1.000E+00 4.433E+01 0.000E+00
5.961E+06 2.287E+02 2.099E+00 9.919E-01 1.345E-05 4.391E+03 1.000E+00 4.433E+01 0.000E+00
6.066E+06 2.416E+02 2.083E+00 9.919E-01 1.430E-05 3.998E+03 1.000E+00 4.433E+01 0.000E+00
1.477E+06 2.439E+02 2.080E+00 9.919E-01 1.585E-05 3.940E+03 1.000E+00 4.433E+01 0.000E+00
1.092E+06 2.430E+02 2.081E+00 9.919E-01 1.870E-05 3.962E+03 1.000E+00 4.433E+01 0.000E+00
3.630E+06 2.954E+02 2.015E+00 9.919E-01 2.391E-05 3.261E+03 1.000E+00 4.433E+01 0.000E+00
1.021E+07 2.921E+02 2.020E+00 9.919E-01 3.348E-05 3.285E+03 1.000E+00 4.433E+01 0.000E+00
1.829E+06 2.192E+02 2.110E+00 9.919E-01 5.101E-05 4.813E+03 1.000E+00 4.433E+01 0.000E+00
1.410E+06 2.152E+02 2.114E+00 9.919E-01 8.314E-05 5.044E+03 1.000E+00 4.433E+01 0.000E+00
3.841E+06 2.922E+02 2.020E+00 9.919E-01 1.420E-04 3.288E+03 1.000E+00 4.434E+01 0.000E+00
5.182E+06 2.926E+02 2.020E+00 9.919E-01 2.500E-04 3.295E+03 1.000E+00 4.434E+01 0.000E+00
2.768E+07 2.121E+02 2.120E+00 9.919E-01 4.479E-04 5.213E+03 1.000E+00 4.434E+01 0.000E+00
4.162E+06 2.257E+02 2.106E+00 9.919E-01 8.106E-04 4.470E+03 1.000E+00 4.435E+01 0.000E+00
8.530E+06 2.792E+02 2.042E+00 9.919E-01 1.475E-03 3.450E+03 1.000E+00 4.437E+01 0.000E+00
2.165E+06 2.314E+02 2.108E+00 9.919E-01 2.694E-03 4.235E+03 1.000E+00 4.439E+01 0.000E+00
9.409E+05 2.223E+02 2.130E+00 9.919E-01 4.928E-03 4.483E+03 1.000E+00 4.445E+01 0.000E+00
8.027E+07 2.465E+02 2.082E+00 1.255E+00 1.248E-05 4.718E+03 1.000E+00 4.434E+01 0.000E+00
1.175E+06 2.404E+02 2.089E+00 1.255E+00 1.252E-05 4.759E+03 1.000E+00 4.434E+01 0.000E+00
1.225E+06 2.404E+02 2.089E+00 1.255E+00 1.260E-05 4.758E+03 1.000E+00 4.434E+01 0.000E+00
1.333E+06 2.404E+02 2.089E+00 1.255E+00 1.274E-05 4.758E+03 1.000E+00 4.434E+01 0.000E+00
1.598E+06 2.404E+02 2.089E+00 1.255E+00 1.299E-05 4.758E+03 1.000E+00 4.434E+01 0.000E+00
2.607E+06 2.404E+02 2.089E+00 1.255E+00 1.345E-05 4.758E+03 1.000E+00 4.434E+01 0.000E+00
1.085E+06 2.253E+02 2.108E+00 1.255E+00 1.430E-05 5.025E+03 1.000E+00 4.434E+01 0.000E+00
7.574E+05 2.498E+02 2.077E+00 1.255E+00 1.585E-05 4.712E+03 1.000E+00 4.434E+01 0.000E+00
2.534E+06 2.271E+02 2.106E+00 1.255E+00 1.870E-05 4.978E+03 1.000E+00 4.434E+01 0.000E+00
6.581E+05 2.668E+02 2.056E+00 1.255E+00 2.391E-05 4.921E+03 1.000E+00 4.434E+01 0.000E+00
2.471E+05 2.722E+02 2.049E+00 1.255E+00 3.348E-05 5.125E+03 1.000E+00 4.434E+01 0.000E+00
2.626E+07 2.567E+02 2.069E+00 1.255E+00 5.101E-05 4.752E+03 1.000E+00 4.434E+01 0.000E+00
5.699E+06 2.284E+02 2.105E+00 1.255E+00 8.314E-05 4.955E+03 1.000E+00 4.434E+01 0.000E+00
8.619E+05 2.715E+02 2.050E+00 1.255E+00 1.420E-04 5.180E+03 1.000E+00 4.434E+01 0.000E+00
4.214E+06 2.463E+02 2.083E+00 1.255E+00 2.500E-04 4.770E+03 1.000E+00 4.434E+01 0.000E+00
1.538E+06 2.266E+02 2.109E+00 1.255E+00 4.479E-04 5.055E+03 1.000E+00 4.435E+01 0.000E+00
1.188E+06 2.181E+02 2.121E+00 1.255E+00 8.106E-04 5.292E+03 1.000E+00 4.436E+01 0.000E+00
9.704E+05 2.284E+02 2.111E+00 1.255E+00 1.475E-03 5.144E+03 1.000E+00 4.437E+01 0.000E+00
6.388E+06 2.311E+02 2.113E+00 1.255E+00 2.694E-03 5.466E+03 1.000E+00 4.440E+01 0.000E+00
NAN NAN NAN 1.255E+00 4.928E-03 NAN 1.000E+00 4.445E+01 0.000E+00
NAN NAN NAN 1.587E+00 1.248E-05 NAN 1.000E+00 4.435E+01 0.000E+00
NAN NAN NAN 1.587E+00 1.252E-05 NAN 1.000E+00 4.435E+01 0.000E+00
NAN NAN NAN 1.587E+00 1.260E-05 NAN 1.000E+00 4.435E+01 0.000E+00
NAN NAN NAN 1.587E+00 1.274E-05 NAN 1.000E+00 4.435E+01 0.000E+00
NAN NAN NAN 1.587E+00 1.299E-05 NAN 1.000E+00 4.435E+01 0.000E+00
NAN NAN NAN 1.587E+00 1.345E-05 NAN 1.000E+00 4.435E+01 0.000E+00
NAN NAN NAN 1.587E+00 1.430E-05 NAN 1.000E+00 4.435E+01 0.000E+00
NAN NAN NAN 1.587E+00 1.585E-05 NAN 1.000E+00 4.435E+01 0.000E+00
NAN NAN NAN 1.587E+00 1.870E-05 NAN 1.000E+00 4.435E+01 0.000E+00
NAN NAN NAN 1.587E+00 2.391E-05 NAN 1.000E+00 4.435E+01 0.000E+00
NAN NAN NAN 1.587E+00 3.348E-05 NAN 1.000E+00 4.435E+01 0.000E+00
NAN NAN NAN 1.587E+00 5.101E-05 NAN 1.000E+00 4.435E+01 0.000E+00
NAN NAN NAN 1.587E+00 8.314E-05 NAN 1.000E+00 4.435E+01 0.000E+00
NAN NAN NAN 1.587E+00 1.420E-04 NAN 1.000E+00 4.435E+01 0.000E+00
NAN NAN NAN 1.587E+00 2.500E-04 NAN 1.000E+00 4.435E+01 0.000E+00
NAN NAN NAN 1.587E+00 4.479E-04 NAN 1.000E+00 4.436E+01 0.000E+00
NAN NAN NAN 1.587E+00 8.106E-04 NAN 1.000E+00 4.437E+01 0.000E+00
NAN NAN NAN 1.587E+00 1.475E-03 NAN 1.000E+00 4.438E+01 0.000E+00
NAN NAN NAN 1.587E+00 2.694E-03 NAN 1.000E+00 4.441E+01 0.000E+00
NAN NAN NAN 1.587E+00 4.928E-03 NAN 1.000E+00 4.446E+01 0.000E+00
NAN NAN NAN 2.007E+00 1.248E-05 NAN 1.000E+00 4.436E+01 0.000E+00
NAN NAN NAN 2.007E+00 1.252E-05 NAN 1.000E+00 4.436E+01 0.000E+00
NAN NAN NAN 2.007E+00 1.260E-05 NAN 1.000E+00 4.436E+01 0.000E+00
NAN NAN NAN 2.007E+00 1.274E-05 NAN 1.000E+00 4.436E+01 0.000E+00
NAN NAN NAN 2.007E+00 1.299E-05 NAN 1.000E+00 4.436E+01 0.000E+00
NAN NAN NAN 2.007E+00 1.345E-05 NAN 1.000E+00 4.436E+01 0.000E+00
NAN NAN NAN 2.007E+00 1.430E-05 NAN 1.000E+00 4.436E+01 0.000E+00
NAN NAN NAN 2.007E+00 1.585E-05 NAN 1.000E+00 4.436E+01 0.000E+00
NAN NAN NAN 2.007E+00 1.870E-05 NAN 1.000E+00 4.436E+01 0.000E+00
NAN NAN NAN 2.007E+00 2.391E-05 NAN 1.000E+00 4.436E+01 0.000E+00
NAN NAN NAN 2.007E+00 3.348E-05 NAN 1.000E+00 4.436E+01 0.000E+00
NAN NAN NAN 2.007E+00 5.101E-05 NAN 1.000E+00 4.436E+01 0.000E+00
NAN NAN NAN 2.007E+00 8.314E-05 NAN 1.000E+00 4.436E+01 0.000E+00
NAN NAN NAN 2.007E+00 1.420E-04 NAN 1.000E+00 4.436E+01 0.000E+00
NAN NAN NAN 2.007E+00 2.500E-04 NAN 1.000E+00 4.436E+01 0.000E+00
NAN NAN NAN 2.007E+00 4.479E-04 NAN 1.000E+00 4.437E+01 0.000E+00
NAN NAN NAN 2.007E+00 8.106E-04 NAN 1.000E+00 4.437E+01 0.000E+00
NAN NAN NAN 2.007E+00 1.475E-03 NAN 1.000E+00 4.439E+01 0.000E+00
NAN NAN NAN 2.007E+00 2.694E-03 NAN 1.000E+00 4.442E+01 0.000E+00
NAN NAN NAN 2.007E+00 4.928E-03 NAN 1.000E+00 4.447E+01 0.000E+00
NAN NAN NAN 2.539E+00 1.248E-05 NAN 1.000E+00 4.437E+01 0.000E+00
NAN NAN NAN 2.539E+00 1.252E-05 NAN 1.000E+00 4.437E+01 0.000E+00
NAN NAN NAN 2.539E+00 1.260E-05 NAN 1.000E+00 4.437E+01 0.000E+00
NAN NAN NAN 2.539E+00 1.274E-05 NAN 1.000E+00 4.437E+01 0.000E+00
NAN NAN NAN 2.539E+00 1.299E-05 NAN 1.000E+00 4.437E+01 0.000E+00
NAN NAN NAN 2.539E+00 1.345E-05 NAN 1.000E+00 4.437E+01 0.000E+00
NAN NAN NAN 2.539E+00 1.430E-05 NAN 1.000E+00 4.437E+01 0.000E+00
NAN NAN NAN 2.539E+00 1.585E-05 NAN 1.000E+00 4.437E+01 0.000E+00
NAN NAN NAN 2.539E+00 1.870E-05 NAN 1.000E+00 4.437E+01 0.000E+00
NAN NAN NAN 2.539E+00 2.391E-05 NAN 1.000E+00 4.437E+01 0.000E+00
NAN NAN NAN 2.539E+00 3.348E-05 NAN 1.000E+00 4.437E+01 0.000E+00
NAN NAN NAN 2.539E+00 5.101E-05 NAN 1.000E+00 4.437E+01 0.000E+00
NAN NAN NAN 2.539E+00 8.314E-05 NAN 1.000E+00 4.437E+01 0.000E+00
NAN NAN NAN 2.539E+00 1.420E-04 NAN 1.000E+00 4.437E+01 0.000E+00
NAN NAN NAN 2.539E+00 2.500E-04 NAN 1.000E+00 4.437E+01 0.000E+00
NAN NAN NAN 2.539E+00 4.479E-04 NAN 1.000E+00 4.438E+01 0.000E+00
NAN NAN NAN 2.539E+00 8.106E-04 NAN 1.000E+00 4.439E+01 0.000E+00
NAN NAN NAN 2.539E+00 1.475E-03 NAN 1.000E+00 4.440E+01 0.000E+00
NAN NAN NAN 2.539E+00 2.694E-03 NAN 1.000E+00 4.443E+01 0.000E+00
NAN NAN NAN 2.539E+00 4.928E-03 NAN 1.000E+00 4.448E+01 0.000E+00
NAN NAN NAN 3.211E+00 1.248E-05 NAN 1.000E+00 4.438E+01 3.000E+00
NAN NAN NAN 3.211E+00 1.252E-05 NAN 1.000E+00 4.438E+01 3.000E+00
NAN NAN NAN 3.211E+00 1.260E-05 NAN 1.000E+00 4.438E+01 3.000E+00
NAN NAN NAN 3.211E+00 1.274E-05 NAN 1.000E+00 4.438E+01 3.000E+00
NAN NAN NAN 3.211E+00 1.299E-05 NAN 1.000E+00 4.438E+01 3.000E+00
NAN NAN NAN 3.211E+00 1.345E-05 NAN 1.000E+00 4.438E+01 3.000E+00
NAN NAN NAN 3.211E+00 1.430E-05 NAN 1.000E+00 4.438E+01 3.000E+00
NAN NAN NAN 3.211E+00 1.585E-05 NAN 1.000E+00 4.438E+01 3.000E+00
NAN NAN NAN 3.211E+00 1.870E-05 NAN 1.000E+00 4.438E+01 3.000E+00
NAN NAN NAN 3.211E+00 2.391E-05 NAN 1.000E+00 4.438E+01 3.000E+00
NAN NAN NAN 3.211E+00 3.348E-05 NAN 1.000E+00 4.438E+01 3.000E+00
NAN NAN NAN 3.211E+00 5.101E-05 NAN 1.000E+00 4.439E+01 3.000E+00
NAN NAN NAN 3.211E+00 8.314E-05 NAN 1.000E+00 4.439E+01 3.000E+00
NAN NAN NAN 3.211E+00 1.420E-04 NAN 1.000E+00 4.439E+01 3.000E+00
NAN NAN NAN 3.211E+00 2.500E-04 NAN 1.000E+00 4.439E+01 3.000E+00
NAN NAN NAN 3.211E+00 4.479E-04 NAN 1.000E+00 4.439E+01 3.000E+00
NAN NAN NAN 3.211E+00 8.106E-04 NAN 1.000E+00 4.440E+01 3.000E+00
NAN NAN NAN 3.211E+00 1.475E-03 NAN 1.000E+00 4.442E+01 3.000E+00
NAN NAN NAN 3.211E+00 2.694E-03 NAN 1.000E+00 4.445E+01 3.000E+00
NAN NAN NAN 3.211E+00 4.928E-03 NAN 1.000E+00 4.450E+01 3.000E+00
NAN NAN NAN 4.062E+00 1.248E-05 NAN 1.000E+00 4.440E+01 3.000E+00
NAN NAN NAN 4.062E+00 1.252E-05 NAN 1.000E+00 4.440E+01 3.000E+00
NAN NAN NAN 4.062E+00 1.260E-05 NAN 1.000E+00 4.440E+01 3.000E+00
NAN NAN NAN 4.062E+00 1.274E-05 NAN 1.000E+00 4.440E+01 3.000E+00
NAN NAN NAN 4.062E+00 1.299E-05 NAN 1.000E+00 4.440E+01 3.000E+00
NAN NAN NAN 4.062E+00 1.345E-05 NAN 1.000E+00 4.440E+01 3.000E+00
NAN NAN NAN 4.062E+00 1.430E-05 NAN 1.000E+00 4.440E+01 3.000E+00
NAN NAN NAN 4.062E+00 1.585E-05 NAN 1.000E+00 4.440E+01 3.000E+00
NAN NAN NAN 4.062E+00 1.870E-05 NAN 1.000E+00 4.440E+01 3.000E+00
NAN NAN NAN 4.062E+00 2.391E-05 NAN 1.000E+00 4.440E+01 3.000E+00
NAN NAN NAN 4.062E+00 3.348E-05 NAN 1.000E+00 4.440E+01 3.000E+00
NAN NAN NAN 4.062E+00 5.101E-05 NAN 1.000E+00 4.440E+01 3.000E+00
NAN NAN NAN 4.062E+00 8.314E-05 NAN 1.000E+00 4.441E+01 3.000E+00
NAN NAN NAN 4.062E+00 1.420E-04 NAN 1.000E+00 4.441E+01 3.000E+00
NAN NAN NAN 4.062E+00 2.500E-04 NAN 1.000E+00 4.441E+01 3.000E+00
NAN NAN NAN 4.062E+00 4.479E-04 NAN 1.000E+00 4.441E+01 3.000E+00
NAN NAN NAN 4.062E+00 8.106E-04 NAN 1.000E+00 4.442E+01 3.000E+00
NAN NAN NAN 4.062E+00 1.475E-03 NAN 1.000E+00 4.444E+01 3.000E+00
NAN NAN NAN 4.062E+00 2.694E-03 NAN 1.000E+00 4.447E+01 3.000E+00
NAN NAN NAN 4.062E+00 4.928E-03 NAN 1.000E+00 4.452E+01 3.000E+00
NAN NAN NAN 5.138E+00 1.248E-05 NAN 1.000E+00 4.443E+01 3.000E+00
NAN NAN NAN 5.138E+00 1.252E-05 NAN 1.000E+00 4.443E+01 3.000E+00
NAN NAN NAN 5.138E+00 1.260E-05 NAN 1.000E+00 4.443E+01 3.000E+00
NAN NAN NAN 5.138E+00 1.274E-05 NAN 1.000E+00 4.443E+01 3.000E+00
NAN NAN NAN 5.138E+00 1.299E-05 NAN 1.000E+00 4.443E+01 3.000E+00
NAN NAN NAN 5.138E+00 1.345E-05 NAN 1.000E+00 4.443E+01 3.000E+00
NAN NAN NAN 5.138E+00 1.430E-05 NAN 1.000E+00 4.443E+01 3.000E+00
NAN NAN NAN 5.138E+00 1.585E-05 NAN 1.000E+00 4.443E+01 3.000E+00
NAN NAN NAN 5.138E+00 1.870E-05 NAN 1.000E+00 4.443E+01 3.000E+00
NAN NAN NAN 5.138E+00 2.391E-05 NAN 1.000E+00 4.443E+01 3.000E+00
NAN NAN NAN 5.138E+00 3.348E-05 NAN 1.000E+00 4.443E+01 3.000E+00
NAN NAN NAN 5.138E+00 5.101E-05 NAN 1.000E+00 4.443E+01 3.000E+00
NAN NAN NAN 5.138E+00 8.314E-05 NAN 1.000E+00 4.443E+01 3.000E+00
NAN NAN NAN 5.138E+00 1.420E-04 NAN 1.000E+00 4.443E+01 3.000E+00
NAN NAN NAN 5.138E+00 2.500E-04 NAN 1.000E+00 4.443E+01 3.000E+00
NAN NAN NAN 5.138E+00 4.479E-04 NAN 1.000E+00 4.444E+01 3.000E+00
NAN NAN NAN 5.138E+00 8.106E-04 NAN 1.000E+00 4.445E+01 3.000E+00
NAN NAN NAN 5.138E+00 1.475E-03 NAN 1.000E+00 4.446E+01 3.000E+00
NAN NAN NAN 5.138E+00 2.694E-03 NAN 1.000E+00 4.449E+01 3.000E+00
NAN NAN NAN 5.138E+00 4.928E-03 NAN 1.000E+00 4.454E+01 3.000E+00
