3.139E+06 6.729E+02 1.021E+00 5.137E-05 1.243E-03 1.416E+03 8.526E-01 2.799E+01 2.000E+00
3.248E+06 6.729E+02 1.021E+00 5.137E-05 1.243E-03 1.414E+03 8.526E-01 2.799E+01 2.000E+00
3.474E+06 6.729E+02 1.021E+00 5.137E-05 1.243E-03 1.414E+03 8.526E-01 2.799E+01 2.000E+00
3.997E+06 6.729E+02 1.021E+00 5.137E-05 1.244E-03 1.414E+03 8.526E-01 2.799E+01 2.000E+00
5.640E+06 6.729E+02 1.021E+00 5.137E-05 1.244E-03 1.414E+03 8.526E-01 2.799E+01 2.000E+00
3.412E+07 6.729E+02 1.021E+00 5.137E-05 1.244E-03 1.414E+03 8.526E-01 2.799E+01 2.000E+00
2.029E+07 4.423E+02 1.159E+00 5.137E-05 1.245E-03 1.780E+03 8.526E-01 2.799E+01 2.000E+00
8.454E+06 4.853E+02 1.130E+00 5.137E-05 1.247E-03 1.676E+03 8.526E-01 2.799E+01 2.000E+00
9.957E+07 9.741E+02 8.939E-01 5.137E-05 1.250E-03 1.235E+03 8.527E-01 2.799E+01 2.000E+00
4.603E+06 3.166E+02 1.252E+00 5.137E-05 1.255E-03 2.392E+03 8.527E-01 2.799E+01 2.000E+00
3.733E+08 7.094E+02 1.003E+00 5.137E-05 1.264E-03 1.397E+03 8.528E-01 2.799E+01 2.000E+00
9.673E+06 6.818E+02 1.017E+00 5.137E-05 1.282E-03 1.406E+03 8.531E-01 2.799E+01 2.000E+00
1.326E+07 8.381E+02 9.455E-01 5.137E-05 1.314E-03 1.298E+03 8.535E-01 2.799E+01 2.000E+00
5.917E+06 8.424E+02 9.438E-01 5.137E-05 1.373E-03 1.295E+03 8.542E-01 2.799E+01 2.000E+00
2.245E+06 8.220E+02 9.524E-01 5.137E-05 1.481E-03 1.306E+03 8.555E-01 2.799E+01 2.000E+00
1.079E+07 4.312E+02 1.168E+00 5.137E-05 1.679E-03 1.810E+03 8.580E-01 2.800E+01 2.000E+00
1.231E+07 5.190E+02 1.110E+00 5.137E-05 2.041E-03 1.608E+03 8.625E-01 2.800E+01 2.000E+00
1.135E+07 3.611E+02 1.222E+00 5.137E-05 2.706E-03 2.071E+03 8.708E-01 2.802E+01 2.000E+00
5.332E+06 8.912E+02 9.266E-01 5.137E-05 3.925E-03 1.276E+03 8.859E-01 2.805E+01 2.000E+00
9.576E+06 6.335E+02 1.048E+00 5.137E-05 6.159E-03 1.453E+03 9.070E-01 2.810E+01 2.000E+00
1.494E+07 6.772E+02 1.019E+00 6.498E-05 1.243E-03 1.410E+03 8.526E-01 2.799E+01 2.000E+00
3.568E+06 6.729E+02 1.021E+00 6.498E-05 1.243E-03 1.414E+03 8.526E-01 2.799E+01 2.000E+00
3.850E+06 6.729E+02 1.021E+00 6.498E-05 1.243E-03 1.414E+03 8.526E-01 2.799E+01 2.000E+00
4.525E+06 6.729E+02 1.021E+00 6.498E-05 1.244E-03 1.414E+03 8.526E-01 2.799E+01 2.000E+00
6.849E+06 6.729E+02 1.021E+00 6.498E-05 1.244E-03 1.414E+03 8.526E-01 2.799E+01 2.000E+00
9.480E+06 3.882E+02 1.198E+00 6.498E-05 1.244E-03 1.964E+03 8.526E-01 2.799E+01 2.000E+00
7.464E+06 4.286E+02 1.169E+00 6.498E-05 1.245E-03 1.820E+03 8.526E-01 2.799E+01 2.000E+00
1.918E+07 4.853E+02 1.130E+00 6.498E-05 1.247E-03 1.676E+03 8.527E-01 2.799E+01 2.000E+00
1.253E+08 9.741E+02 8.939E-01 6.498E-05 1.250E-03 1.235E+03 8.527E-01 2.799E+01 2.000E+00
7.937E+06 3.166E+02 1.252E+00 6.498E-05 1.255E-03 2.392E+03 8.528E-01 2.799E+01 2.000E+00
2.246E+07 2.710E+02 1.287E+00 6.498E-05 1.264E-03 2.970E+03 8.529E-01 2.799E+01 2.000E+00
1.405E+07 6.818E+02 1.017E+00 6.498E-05 1.282E-03 1.429E+03 8.531E-01 2.799E+01 2.000E+00
1.621E+07 8.381E+02 9.455E-01 6.498E-05 1.314E-03 1.297E+03 8.535E-01 2.799E+01 2.000E+00
6.358E+06 8.424E+02 9.438E-01 6.498E-05 1.373E-03 1.295E+03 8.542E-01 2.799E+01 2.000E+00
1.402E+07 4.320E+02 1.167E+00 6.498E-05 1.481E-03 1.808E+03 8.556E-01 2.799E+01 2.000E+00
6.663E+07 4.312E+02 1.168E+00 6.498E-05 1.679E-03 1.809E+03 8.580E-01 2.800E+01 2.000E+00
4.833E+07 5.190E+02 1.110E+00 6.498E-05 2.041E-03 1.608E+03 8.625E-01 2.800E+01 2.000E+00
5.416E+06 6.703E+02 1.024E+00 6.498E-05 2.706E-03 1.417E+03 8.708E-01 2.802E+01 2.000E+00
5.545E+06 8.912E+02 9.266E-01 6.498E-05 3.925E-03 1.276E+03 8.859E-01 2.805E+01 2.000E+00
1.510E+07 6.335E+02 1.048E+00 6.498E-05 6.159E-03 1.452E+03 9.070E-01 2.810E+01 2.000E+00
3.909E+06 6.729E+02 1.021E+00 8.219E-05 1.243E-03 1.414E+03 8.527E-01 2.799E+01 2.000E+00
4.092E+06 6.729E+02 1.021E+00 8.219E-05 1.243E-03 1.414E+03 8.527E-01 2.799E+01 2.000E+00
4.483E+06 6.729E+02 1.021E+00 8.219E-05 1.243E-03 1.414E+03 8.527E-01 2.799E+01 2.000E+00
5.467E+06 6.729E+02 1.021E+00 8.219E-05 1.244E-03 1.414E+03 8.527E-01 2.799E+01 2.000E+00
9.516E+06 6.729E+02 1.021E+00 8.219E-05 1.244E-03 1.414E+03 8.527E-01 2.799E+01 2.000E+00
9.920E+06 5.852E+02 1.068E+00 8.219E-05 1.244E-03 1.510E+03 8.527E-01 2.799E+01 2.000E+00
2.748E+07 4.286E+02 1.169E+00 8.219E-05 1.245E-03 1.824E+03 8.527E-01 2.799E+01 2.000E+00
2.134E+06 4.992E+02 1.121E+00 8.219E-05 1.247E-03 1.647E+03 8.527E-01 2.799E+01 2.000E+00
1.865E+08 9.741E+02 8.939E-01 8.219E-05 1.250E-03 1.235E+03 8.528E-01 2.799E+01 2.000E+00
1.894E+08 3.166E+02 1.252E+00 8.219E-05 1.255E-03 2.391E+03 8.528E-01 2.799E+01 2.000E+00
3.166E+06 9.804E+02 8.918E-01 8.219E-05 1.264E-03 1.233E+03 8.529E-01 2.799E+01 2.000E+00
3.450E+07 6.818E+02 1.017E+00 8.219E-05 1.282E-03 1.410E+03 8.532E-01 2.799E+01 2.000E+00
6.608E+06 6.128E+02 1.053E+00 8.219E-05 1.314E-03 1.476E+03 8.536E-01 2.799E+01 2.000E+00
7.035E+06 8.424E+02 9.438E-01 8.219E-05 1.373E-03 1.295E+03 8.543E-01 2.799E+01 2.000E+00
2.356E+06 8.220E+02 9.524E-01 8.219E-05 1.481E-03 1.306E+03 8.556E-01 2.799E+01 2.000E+00
7.840E+06 8.458E+02 9.427E-01 8.219E-05 1.679E-03 1.296E+03 8.581E-01 2.800E+01 2.000E+00
2.368E+07 9.100E+02 9.179E-01 8.219E-05 2.041E-03 1.264E+03 8.626E-01 2.800E+01 2.000E+00
6.890E+06 6.703E+02 1.024E+00 8.219E-05 2.706E-03 1.417E+03 8.709E-01 2.802E+01 2.000E+00
5.016E+06 5.649E+02 1.084E+00 8.219E-05 3.925E-03 1.534E+03 8.860E-01 2.805E+01 2.000E+00
6.176E+07 6.335E+02 1.048E+00 8.219E-05 6.159E-03 1.452E+03 9.070E-01 2.810E+01 2.000E+00
4.785E+06 6.729E+02 1.021E+00 1.040E-04 1.243E-03 1.414E+03 8.527E-01 2.799E+01 2.000E+00
5.075E+06 6.729E+02 1.021E+00 1.040E-04 1.243E-03 1.414E+03 8.527E-01 2.799E+01 2.000E+00
5.722E+06 6.729E+02 1.021E+00 1.040E-04 1.243E-03 1.414E+03 8.527E-01 2.799E+01 2.000E+00
7.537E+06 6.729E+02 1.021E+00 1.040E-04 1.244E-03 1.414E+03 8.528E-01 2.799E+01 2.000E+00
1.960E+07 6.729E+02 1.021E+00 1.040E-04 1.244E-03 1.414E+03 8.528E-01 2.799E+01 2.000E+00
4.265E+07 5.852E+02 1.068E+00 1.040E-04 1.244E-03 1.510E+03 8.528E-01 2.799E+01 2.000E+00
4.361E+06 4.321E+02 1.166E+00 1.040E-04 1.245E-03 1.810E+03 8.528E-01 2.799E+01 2.000E+00
2.584E+06 4.992E+02 1.121E+00 1.040E-04 1.247E-03 1.647E+03 8.528E-01 2.799E+01 2.000E+00
4.920E+08 9.741E+02 8.939E-01 1.040E-04 1.250E-03 1.235E+03 8.528E-01 2.799E+01 2.000E+00
1.549E+07 4.880E+02 1.128E+00 1.040E-04 1.255E-03 1.670E+03 8.529E-01 2.799E+01 2.000E+00
3.180E+06 9.804E+02 8.918E-01 1.040E-04 1.264E-03 1.233E+03 8.530E-01 2.799E+01 2.000E+00
1.045E+07 3.699E+02 1.212E+00 1.040E-04 1.282E-03 2.046E+03 8.532E-01 2.799E+01 2.000E+00
4.788E+07 8.381E+02 9.455E-01 1.040E-04 1.314E-03 1.297E+03 8.536E-01 2.799E+01 2.000E+00
8.160E+06 8.424E+02 9.438E-01 1.040E-04 1.373E-03 1.295E+03 8.544E-01 2.799E+01 2.000E+00
2.443E+06 8.220E+02 9.524E-01 1.040E-04 1.481E-03 1.306E+03 8.557E-01 2.799E+01 2.000E+00
9.247E+06 8.458E+02 9.427E-01 1.040E-04 1.679E-03 1.294E+03 8.582E-01 2.800E+01 2.000E+00
3.274E+07 9.100E+02 9.179E-01 1.040E-04 2.041E-03 1.265E+03 8.627E-01 2.800E+01 2.000E+00
2.952E+07 4.227E+02 1.176E+00 1.040E-04 2.706E-03 1.828E+03 8.709E-01 2.802E+01 2.000E+00
8.113E+06 5.649E+02 1.084E+00 1.040E-04 3.925E-03 1.534E+03 8.861E-01 2.805E+01 2.000E+00
1.497E+07 6.187E+02 1.056E+00 1.040E-04 6.159E-03 1.467E+03 9.071E-01 2.810E+01 2.000E+00
6.819E+06 6.729E+02 1.021E+00 1.315E-04 1.243E-03 1.414E+03 8.528E-01 2.799E+01 2.000E+00
7.465E+06 6.729E+02 1.021E+00 1.315E-04 1.243E-03 1.419E+03 8.528E-01 2.799E+01 2.000E+00
9.065E+06 6.729E+02 1.021E+00 1.315E-04 1.243E-03 1.414E+03 8.528E-01 2.799E+01 2.000E+00
1.524E+07 6.729E+02 1.021E+00 1.315E-04 1.244E-03 1.414E+03 8.528E-01 2.799E+01 2.000E+00
3.460E+07 3.882E+02 1.198E+00 1.315E-04 1.244E-03 1.964E+03 8.528E-01 2.799E+01 2.000E+00
9.829E+06 9.741E+02 8.939E-01 1.315E-04 1.244E-03 1.235E+03 8.528E-01 2.799E+01 2.000E+00
1.250E+07 4.321E+02 1.166E+00 1.315E-04 1.245E-03 1.810E+03 8.529E-01 2.799E+01 2.000E+00
3.611E+06 4.992E+02 1.121E+00 1.315E-04 1.247E-03 1.647E+03 8.529E-01 2.799E+01 2.000E+00
6.767E+06 9.808E+02 8.916E-01 1.315E-04 1.250E-03 1.232E+03 8.529E-01 2.799E+01 2.000E+00
2.664E+07 5.012E+02 1.120E+00 1.315E-04 1.255E-03 1.644E+03 8.530E-01 2.799E+01 2.000E+00
3.199E+06 9.804E+02 8.918E-01 1.315E-04 1.264E-03 1.233E+03 8.531E-01 2.799E+01 2.000E+00
9.227E+06 9.737E+02 8.941E-01 1.315E-04 1.282E-03 1.235E+03 8.533E-01 2.799E+01 2.000E+00
8.683E+08 8.095E+02 9.575E-01 1.315E-04 1.314E-03 1.313E+03 8.537E-01 2.799E+01 2.000E+00
1.031E+07 8.424E+02 9.438E-01 1.315E-04 1.373E-03 1.295E+03 8.544E-01 2.799E+01 2.000E+00
2.567E+06 8.220E+02 9.524E-01 1.315E-04 1.481E-03 1.308E+03 8.558E-01 2.799E+01 2.000E+00
3.996E+06 6.040E+02 1.058E+00 1.315E-04 1.679E-03 1.486E+03 8.582E-01 2.800E+01 2.000E+00
6.470E+07 9.100E+02 9.179E-01 1.315E-04 2.041E-03 1.263E+03 8.627E-01 2.800E+01 2.000E+00
4.277E+07 6.703E+02 1.024E+00 1.315E-04 2.706E-03 1.417E+03 8.710E-01 2.802E+01 2.000E+00
4.804E+07 5.649E+02 1.084E+00 1.315E-04 3.925E-03 1.534E+03 8.861E-01 2.805E+01 2.000E+00
8.038E+06 6.205E+02 1.055E+00 1.315E-04 6.159E-03 1.465E+03 9.072E-01 2.810E+01 2.000E+00
1.607E+07 6.729E+02 1.021E+00 1.663E-04 1.243E-03 1.415E+03 8.529E-01 2.799E+01 2.000E+00
2.061E+07 6.729E+02 1.021E+00 1.663E-04 1.243E-03 1.414E+03 8.529E-01 2.799E+01 2.000E+00
4.358E+07 6.729E+02 1.021E+00 1.663E-04 1.243E-03 1.414E+03 8.529E-01 2.799E+01 2.000E+00
8.572E+06 5.909E+02 1.065E+00 1.663E-04 1.244E-03 1.502E+03 8.529E-01 2.799E+01 2.000E+00
7.739E+07 5.852E+02 1.068E+00 1.663E-04 1.244E-03 1.510E+03 8.529E-01 2.799E+01 2.000E+00
2.003E+06 3.304E+02 1.242E+00 1.663E-04 1.244E-03 2.282E+03 8.529E-01 2.799E+01 2.000E+00
6.010E+06 5.809E+02 1.071E+00 1.663E-04 1.245E-03 1.515E+03 8.530E-01 2.799E+01 2.000E+00
7.952E+06 4.992E+02 1.121E+00 1.663E-04 1.247E-03 1.647E+03 8.530E-01 2.799E+01 2.000E+00
6.911E+06 9.808E+02 8.916E-01 1.663E-04 1.250E-03 1.237E+03 8.530E-01 2.799E+01 2.000E+00
3.019E+07 4.702E+02 1.140E+00 1.663E-04 1.255E-03 1.709E+03 8.531E-01 2.799E+01 2.000E+00
3.222E+06 9.804E+02 8.918E-01 1.663E-04 1.264E-03 1.233E+03 8.532E-01 2.799E+01 2.000E+00
9.633E+06 9.737E+02 8.941E-01 1.663E-04 1.282E-03 1.235E+03 8.534E-01 2.799E+01 2.000E+00
6.082E+06 8.199E+02 9.531E-01 1.663E-04 1.314E-03 1.308E+03 8.538E-01 2.799E+01 2.000E+00
7.576E+07 5.379E+02 1.097E+00 1.663E-04 1.373E-03 1.579E+03 8.546E-01 2.799E+01 2.000E+00
2.488E+06 3.655E+02 1.215E+00 1.663E-04 1.481E-03 2.066E+03 8.559E-01 2.799E+01 2.000E+00
6.811E+06 6.040E+02 1.058E+00 1.663E-04 1.679E-03 1.486E+03 8.584E-01 2.800E+01 2.000E+00
1.915E+07 6.065E+02 1.057E+00 1.663E-04 2.041E-03 1.483E+03 8.629E-01 2.800E+01 2.000E+00
9.797E+07 6.614E+02 1.029E+00 1.663E-04 2.706E-03 1.425E+03 8.711E-01 2.802E+01 2.000E+00
3.187E+07 4.594E+02 1.153E+00 1.663E-04 3.925E-03 1.723E+03 8.863E-01 2.805E+01 2.000E+00
4.881E+07 6.205E+02 1.055E+00 1.663E-04 6.159E-03 1.465E+03 9.072E-01 2.810E+01 2.000E+00
1.132E+07 5.852E+02 1.068E+00 2.104E-04 1.243E-03 1.510E+03 8.531E-01 2.799E+01 2.000E+00
1.432E+07 5.852E+02 1.068E+00 2.104E-04 1.243E-03 1.510E+03 8.531E-01 2.799E+01 2.000E+00
2.836E+07 5.852E+02 1.068E+00 2.104E-04 1.243E-03 1.510E+03 8.531E-01 2.799E+01 2.000E+00
3.591E+07 5.888E+02 1.066E+00 2.104E-04 1.244E-03 1.512E+03 8.531E-01 2.799E+01 2.000E+00
2.092E+07 4.423E+02 1.159E+00 2.104E-04 1.244E-03 1.780E+03 8.531E-01 2.799E+01 2.000E+00
4.834E+06 4.321E+02 1.166E+00 2.104E-04 1.244E-03 1.810E+03 8.531E-01 2.799E+01 2.000E+00
9.506E+07 5.809E+02 1.071E+00 2.104E-04 1.245E-03 1.516E+03 8.531E-01 2.799E+01 2.000E+00
2.639E+07 9.694E+02 8.956E-01 2.104E-04 1.247E-03 1.237E+03 8.531E-01 2.799E+01 2.000E+00
7.104E+06 9.808E+02 8.916E-01 2.104E-04 1.250E-03 1.233E+03 8.532E-01 2.799E+01 2.000E+00
1.025E+07 6.195E+02 1.049E+00 2.104E-04 1.255E-03 1.473E+03 8.532E-01 2.799E+01 2.000E+00
3.253E+06 9.804E+02 8.918E-01 2.104E-04 1.264E-03 1.233E+03 8.533E-01 2.799E+01 2.000E+00
1.021E+07 9.737E+02 8.941E-01 2.104E-04 1.282E-03 1.235E+03 8.536E-01 2.799E+01 2.000E+00
2.491E+07 6.295E+02 1.044E+00 2.104E-04 1.314E-03 1.458E+03 8.540E-01 2.799E+01 2.000E+00
5.320E+07 8.424E+02 9.438E-01 2.104E-04 1.373E-03 1.295E+03 8.547E-01 2.799E+01 2.000E+00
6.876E+06 3.655E+02 1.215E+00 2.104E-04 1.481E-03 2.065E+03 8.560E-01 2.799E+01 2.000E+00
3.782E+08 6.040E+02 1.058E+00 2.104E-04 1.679E-03 1.486E+03 8.585E-01 2.800E+01 2.000E+00
4.412E+06 5.996E+02 1.061E+00 2.104E-04 2.041E-03 1.493E+03 8.630E-01 2.800E+01 2.000E+00
1.172E+07 8.547E+02 9.400E-01 2.104E-04 2.706E-03 1.291E+03 8.712E-01 2.802E+01 2.000E+00
1.020E+07 8.912E+02 9.266E-01 2.104E-04 3.925E-03 1.277E+03 8.864E-01 2.805E+01 2.000E+00
1.111E+07 5.967E+02 1.069E+00 2.104E-04 6.159E-03 1.492E+03 9.074E-01 2.810E+01 2.000E+00
1.270E+07 4.423E+02 1.159E+00 2.661E-04 1.243E-03 1.780E+03 8.532E-01 2.799E+01 2.000E+00
1.950E+07 4.423E+02 1.159E+00 2.661E-04 1.243E-03 1.780E+03 8.532E-01 2.799E+01 2.000E+00
6.567E+06 4.286E+02 1.169E+00 2.661E-04 1.243E-03 1.821E+03 8.532E-01 2.799E+01 2.000E+00
1.684E+07 4.286E+02 1.169E+00 2.661E-04 1.244E-03 1.821E+03 8.533E-01 2.799E+01 2.000E+00
4.834E+06 4.321E+02 1.166E+00 2.661E-04 1.244E-03 1.810E+03 8.533E-01 2.799E+01 2.000E+00
5.088E+06 5.809E+02 1.071E+00 2.661E-04 1.244E-03 1.515E+03 8.533E-01 2.799E+01 2.000E+00
1.268E+08 4.853E+02 1.130E+00 2.661E-04 1.245E-03 1.676E+03 8.533E-01 2.799E+01 2.000E+00
3.543E+07 9.694E+02 8.956E-01 2.661E-04 1.247E-03 1.237E+03 8.533E-01 2.799E+01 2.000E+00
7.366E+06 9.808E+02 8.916E-01 2.661E-04 1.250E-03 1.233E+03 8.533E-01 2.799E+01 2.000E+00
6.689E+07 6.073E+02 1.056E+00 2.661E-04 1.255E-03 1.482E+03 8.534E-01 2.799E+01 2.000E+00
4.211E+06 6.632E+02 1.026E+00 2.661E-04 1.264E-03 1.423E+03 8.535E-01 2.799E+01 2.000E+00
1.105E+07 9.737E+02 8.941E-01 2.661E-04 1.282E-03 1.235E+03 8.537E-01 2.799E+01 2.000E+00
1.799E+07 8.199E+02 9.531E-01 2.661E-04 1.314E-03 1.307E+03 8.541E-01 2.799E+01 2.000E+00
8.271E+08 8.529E+02 9.396E-01 2.661E-04 1.373E-03 1.290E+03 8.549E-01 2.799E+01 2.000E+00
2.769E+07 3.635E+02 1.217E+00 2.661E-04 1.481E-03 2.078E+03 8.562E-01 2.799E+01 2.000E+00
9.940E+06 7.571E+02 9.810E-01 2.661E-04 1.679E-03 1.347E+03 8.587E-01 2.800E+01 2.000E+00
1.962E+07 5.996E+02 1.061E+00 2.661E-04 2.041E-03 1.491E+03 8.632E-01 2.800E+01 2.000E+00
2.796E+07 8.547E+02 9.400E-01 2.661E-04 2.706E-03 1.291E+03 8.714E-01 2.802E+01 2.000E+00
1.561E+07 8.912E+02 9.266E-01 2.661E-04 3.925E-03 1.276E+03 8.866E-01 2.805E+01 2.000E+00
3.763E+06 4.766E+02 1.145E+00 2.661E-04 6.159E-03 1.676E+03 9.075E-01 2.810E+01 2.000E+00
6.411E+06 4.321E+02 1.166E+00 3.366E-04 1.243E-03 1.810E+03 8.535E-01 2.799E+01 2.000E+00
7.749E+06 4.321E+02 1.166E+00 3.366E-04 1.243E-03 1.810E+03 8.535E-01 2.799E+01 2.000E+00
1.271E+07 4.321E+02 1.166E+00 3.366E-04 1.243E-03 1.810E+03 8.535E-01 2.799E+01 2.000E+00
1.405E+07 5.929E+02 1.064E+00 3.366E-04 1.244E-03 1.501E+03 8.535E-01 2.799E+01 2.000E+00
6.255E+06 5.809E+02 1.071E+00 3.366E-04 1.244E-03 1.516E+03 8.535E-01 2.799E+01 2.000E+00
5.727E+06 4.853E+02 1.130E+00 3.366E-04 1.244E-03 1.678E+03 8.535E-01 2.799E+01 2.000E+00
4.416E+06 4.992E+02 1.121E+00 3.366E-04 1.245E-03 1.648E+03 8.535E-01 2.799E+01 2.000E+00
6.332E+07 9.694E+02 8.956E-01 3.366E-04 1.247E-03 1.253E+03 8.535E-01 2.799E+01 2.000E+00
7.730E+06 9.808E+02 8.916E-01 3.366E-04 1.250E-03 1.233E+03 8.536E-01 2.799E+01 2.000E+00
2.477E+07 9.655E+02 8.970E-01 3.366E-04 1.255E-03 1.239E+03 8.536E-01 2.799E+01 2.000E+00
1.490E+07 6.632E+02 1.026E+00 3.366E-04 1.264E-03 1.423E+03 8.537E-01 2.799E+01 2.000E+00
1.236E+07 9.737E+02 8.941E-01 3.366E-04 1.282E-03 1.235E+03 8.540E-01 2.799E+01 2.000E+00
1.006E+07 3.942E+02 1.194E+00 3.366E-04 1.314E-03 1.939E+03 8.543E-01 2.799E+01 2.000E+00
5.394E+06 6.046E+02 1.058E+00 3.366E-04 1.373E-03 1.486E+03 8.551E-01 2.799E+01 2.000E+00
1.138E+07 4.252E+02 1.171E+00 3.366E-04 1.481E-03 1.829E+03 8.564E-01 2.799E+01 2.000E+00
1.149E+07 8.730E+02 9.318E-01 3.366E-04 1.679E-03 1.280E+03 8.589E-01 2.800E+01 2.000E+00
4.940E+07 5.336E+02 1.100E+00 3.366E-04 2.041E-03 1.584E+03 8.634E-01 2.800E+01 2.000E+00
2.305E+07 8.434E+02 9.446E-01 3.366E-04 2.706E-03 1.297E+03 8.716E-01 2.802E+01 2.000E+00
1.164E+07 3.769E+02 1.213E+00 3.366E-04 3.925E-03 1.984E+03 8.868E-01 2.805E+01 2.000E+00
2.903E+07 4.810E+02 1.142E+00 3.366E-04 6.159E-03 1.667E+03 9.077E-01 2.810E+01 2.000E+00
1.311E+07 5.809E+02 1.071E+00 4.257E-04 1.243E-03 1.516E+03 8.537E-01 2.799E+01 2.000E+00
1.744E+07 5.809E+02 1.071E+00 4.257E-04 1.243E-03 1.516E+03 8.537E-01 2.799E+01 2.000E+00
4.559E+07 5.809E+02 1.071E+00 4.257E-04 1.243E-03 1.516E+03 8.537E-01 2.799E+01 2.000E+00
5.832E+06 4.853E+02 1.130E+00 4.257E-04 1.244E-03 1.676E+03 8.538E-01 2.799E+01 2.000E+00
4.838E+07 4.853E+02 1.130E+00 4.257E-04 1.244E-03 1.676E+03 8.538E-01 2.799E+01 2.000E+00
3.391E+06 4.992E+02 1.121E+00 4.257E-04 1.244E-03 1.647E+03 8.538E-01 2.799E+01 2.000E+00
2.622E+07 9.694E+02 8.956E-01 4.257E-04 1.245E-03 1.237E+03 8.538E-01 2.799E+01 2.000E+00
7.375E+07 9.741E+02 8.939E-01 4.257E-04 1.247E-03 1.235E+03 8.538E-01 2.799E+01 2.000E+00
1.125E+07 3.760E+02 1.207E+00 4.257E-04 1.250E-03 2.017E+03 8.538E-01 2.799E+01 2.000E+00
4.379E+07 9.655E+02 8.970E-01 4.257E-04 1.255E-03 1.239E+03 8.539E-01 2.799E+01 2.000E+00
3.414E+06 9.804E+02 8.918E-01 4.257E-04 1.264E-03 1.233E+03 8.540E-01 2.799E+01 2.000E+00
1.458E+07 9.737E+02 8.941E-01 4.257E-04 1.282E-03 1.237E+03 8.542E-01 2.799E+01 2.000E+00
1.034E+07 6.465E+02 1.035E+00 4.257E-04 1.314E-03 1.440E+03 8.546E-01 2.799E+01 2.000E+00
1.827E+07 6.561E+02 1.030E+00 4.257E-04 1.373E-03 1.448E+03 8.554E-01 2.799E+01 2.000E+00
3.047E+07 3.276E+02 1.244E+00 4.257E-04 1.481E-03 2.298E+03 8.567E-01 2.799E+01 2.000E+00
7.239E+07 8.526E+02 9.400E-01 4.257E-04 1.679E-03 1.290E+03 8.592E-01 2.800E+01 2.000E+00
4.534E+07 4.767E+02 1.137E+00 4.257E-04 2.041E-03 1.691E+03 8.637E-01 2.800E+01 2.000E+00
5.541E+06 4.686E+02 1.144E+00 4.257E-04 2.706E-03 1.707E+03 8.719E-01 2.802E+01 2.000E+00
1.273E+07 8.985E+02 9.238E-01 4.257E-04 3.925E-03 1.273E+03 8.871E-01 2.805E+01 2.000E+00
3.871E+06 6.090E+02 1.062E+00 4.257E-04 6.159E-03 1.478E+03 9.079E-01 2.810E+01 2.000E+00
3.058E+06 4.992E+02 1.121E+00 5.385E-04 1.243E-03 1.647E+03 8.541E-01 2.799E+01 2.000E+00
3.261E+06 4.992E+02 1.121E+00 5.385E-04 1.243E-03 1.647E+03 8.541E-01 2.799E+01 2.000E+00
3.724E+06 4.992E+02 1.121E+00 5.385E-04 1.243E-03 1.647E+03 8.541E-01 2.799E+01 2.000E+00
5.100E+06 4.992E+02 1.121E+00 5.385E-04 1.244E-03 1.647E+03 8.541E-01 2.799E+01 2.000E+00
1.864E+07 4.992E+02 1.121E+00 5.385E-04 1.244E-03 1.648E+03 8.541E-01 2.799E+01 2.000E+00
2.564E+07 9.694E+02 8.956E-01 5.385E-04 1.244E-03 1.237E+03 8.541E-01 2.799E+01 2.000E+00
5.426E+07 9.694E+02 8.956E-01 5.385E-04 1.245E-03 1.237E+03 8.541E-01 2.799E+01 2.000E+00
6.803E+06 9.808E+02 8.916E-01 5.385E-04 1.247E-03 1.396E+03 8.541E-01 2.799E+01 2.000E+00
2.475E+07 3.484E+02 1.228E+00 5.385E-04 1.250E-03 2.162E+03 8.542E-01 2.799E+01 2.000E+00
2.143E+07 4.109E+02 1.181E+00 5.385E-04 1.255E-03 1.878E+03 8.542E-01 2.799E+01 2.000E+00
5.026E+07 6.959E+02 1.010E+00 5.385E-04 1.264E-03 1.394E+03 8.544E-01 2.799E+01 2.000E+00
1.901E+07 9.737E+02 8.941E-01 5.385E-04 1.282E-03 1.235E+03 8.546E-01 2.799E+01 2.000E+00
4.870E+06 9.079E+02 9.181E-01 5.385E-04 1.314E-03 1.263E+03 8.550E-01 2.799E+01 2.000E+00
3.401E+07 2.750E+02 1.285E+00 5.385E-04 1.373E-03 2.892E+03 8.557E-01 2.799E+01 2.000E+00
1.722E+07 4.987E+02 1.121E+00 5.385E-04 1.481E-03 1.648E+03 8.570E-01 2.799E+01 2.000E+00
6.234E+07 4.913E+02 1.127E+00 5.385E-04 1.679E-03 1.663E+03 8.595E-01 2.800E+01 2.000E+00
4.300E+07 9.078E+02 9.187E-01 5.385E-04 2.041E-03 1.265E+03 8.640E-01 2.800E+01 2.000E+00
2.263E+07 4.552E+02 1.153E+00 5.385E-04 2.706E-03 1.739E+03 8.723E-01 2.802E+01 2.000E+00
8.910E+07 8.985E+02 9.238E-01 5.385E-04 3.925E-03 1.273E+03 8.874E-01 2.805E+01 2.000E+00
4.956E+07 5.092E+02 1.123E+00 5.385E-04 6.159E-03 1.615E+03 9.082E-01 2.810E+01 2.000E+00
2.647E+07 9.694E+02 8.956E-01 6.811E-04 1.243E-03 1.237E+03 8.545E-01 2.799E+01 2.000E+00
2.718E+07 9.694E+02 8.956E-01 6.811E-04 1.243E-03 1.237E+03 8.545E-01 2.799E+01 2.000E+00
2.858E+07 9.694E+02 8.956E-01 6.811E-04 1.243E-03 1.237E+03 8.545E-01 2.799E+01 2.000E+00
6.136E+06 3.401E+02 1.234E+00 6.811E-04 1.244E-03 2.215E+03 8.545E-01 2.799E+01 2.000E+00
3.919E+07 9.694E+02 8.956E-01 6.811E-04 1.244E-03 1.237E+03 8.545E-01 2.799E+01 2.000E+00
7.093E+07 9.694E+02 8.956E-01 6.811E-04 1.244E-03 1.240E+03 8.545E-01 2.799E+01 2.000E+00
6.321E+06 4.199E+02 1.175E+00 6.811E-04 1.245E-03 1.848E+03 8.546E-01 2.799E+01 2.000E+00
7.450E+06 9.808E+02 8.916E-01 6.811E-04 1.247E-03 1.233E+03 8.546E-01 2.799E+01 2.000E+00
1.031E+07 9.808E+02 8.916E-01 6.811E-04 1.250E-03 1.233E+03 8.546E-01 2.799E+01 2.000E+00
4.530E+07 9.808E+02 8.916E-01 6.811E-04 1.255E-03 1.236E+03 8.547E-01 2.799E+01 2.000E+00
3.991E+07 6.909E+02 1.012E+00 6.811E-04 1.264E-03 1.398E+03 8.548E-01 2.799E+01 2.000E+00
3.149E+07 9.737E+02 8.941E-01 6.811E-04 1.282E-03 1.236E+03 8.550E-01 2.799E+01 2.000E+00
2.601E+07 5.062E+02 1.116E+00 6.811E-04 1.314E-03 1.634E+03 8.554E-01 2.799E+01 2.000E+00
1.251E+07 8.091E+02 9.577E-01 6.811E-04 1.373E-03 1.317E+03 8.562E-01 2.799E+01 2.000E+00
3.394E+06 3.695E+02 1.212E+00 6.811E-04 1.481E-03 2.045E+03 8.575E-01 2.799E+01 2.000E+00
5.537E+06 7.274E+02 9.948E-01 6.811E-04 1.679E-03 1.369E+03 8.600E-01 2.800E+01 2.000E+00
9.999E+06 3.866E+02 1.201E+00 6.811E-04 2.041E-03 1.962E+03 8.644E-01 2.800E+01 2.000E+00
1.442E+08 8.516E+02 9.413E-01 6.811E-04 2.706E-03 1.293E+03 8.727E-01 2.802E+01 2.000E+00
1.029E+08 8.996E+02 9.234E-01 6.811E-04 3.925E-03 1.275E+03 8.879E-01 2.805E+01 2.000E+00
1.034E+07 5.873E+02 1.075E+00 6.811E-04 6.159E-03 1.503E+03 9.085E-01 2.810E+01 2.000E+00
1.679E+08 9.694E+02 8.956E-01 8.615E-04 1.243E-03 1.237E+03 8.551E-01 2.799E+01 2.000E+00
2.032E+08 9.694E+02 8.956E-01 8.615E-04 1.243E-03 1.238E+03 8.551E-01 2.799E+01 2.000E+00
3.311E+08 9.694E+02 8.956E-01 8.615E-04 1.243E-03 1.237E+03 8.551E-01 2.799E+01 2.000E+00
7.436E+07 9.741E+02 8.939E-01 8.615E-04 1.244E-03 1.236E+03 8.551E-01 2.799E+01 2.000E+00
1.232E+08 9.741E+02 8.939E-01 8.615E-04 1.244E-03 1.236E+03 8.551E-01 2.799E+01 2.000E+00
6.752E+06 9.808E+02 8.916E-01 8.615E-04 1.244E-03 1.233E+03 8.551E-01 2.799E+01 2.000E+00
7.271E+06 9.808E+02 8.916E-01 8.615E-04 1.245E-03 1.233E+03 8.551E-01 2.799E+01 2.000E+00
1.991E+07 3.484E+02 1.228E+00 8.615E-04 1.247E-03 2.162E+03 8.551E-01 2.799E+01 2.000E+00
5.582E+06 6.195E+02 1.049E+00 8.615E-04 1.250E-03 1.469E+03 8.552E-01 2.799E+01 2.000E+00
2.884E+06 3.236E+02 1.247E+00 8.615E-04 1.255E-03 2.334E+03 8.552E-01 2.799E+01 2.000E+00
2.935E+07 7.577E+02 9.802E-01 8.615E-04 1.264E-03 1.347E+03 8.554E-01 2.799E+01 2.000E+00
2.292E+08 9.737E+02 8.941E-01 8.615E-04 1.282E-03 1.236E+03 8.556E-01 2.799E+01 2.000E+00
2.025E+07 9.079E+02 9.181E-01 8.615E-04 1.314E-03 1.263E+03 8.560E-01 2.799E+01 2.000E+00
1.613E+07 8.307E+02 9.487E-01 8.615E-04 1.373E-03 1.302E+03 8.567E-01 2.799E+01 2.000E+00
6.541E+06 8.406E+02 9.447E-01 8.615E-04 1.481E-03 1.297E+03 8.581E-01 2.799E+01 2.000E+00
5.011E+07 7.053E+02 1.005E+00 8.615E-04 1.679E-03 1.388E+03 8.605E-01 2.800E+01 2.000E+00
2.224E+07 5.485E+02 1.091E+00 8.615E-04 2.041E-03 1.561E+03 8.650E-01 2.800E+01 2.000E+00
3.864E+06 3.552E+02 1.227E+00 8.615E-04 2.706E-03 2.102E+03 8.733E-01 2.802E+01 2.000E+00
9.190E+06 8.818E+02 9.303E-01 8.615E-04 3.925E-03 1.281E+03 8.884E-01 2.805E+01 2.000E+00
1.395E+07 6.430E+02 1.043E+00 8.615E-04 6.159E-03 1.443E+03 9.090E-01 2.810E+01 2.000E+00
7.543E+06 3.749E+02 1.208E+00 1.090E-03 1.243E-03 2.022E+03 8.558E-01 2.799E+01 2.000E+00
9.723E+06 3.749E+02 1.208E+00 1.090E-03 1.243E-03 2.044E+03 8.558E-01 2.799E+01 2.000E+00
2.114E+07 3.749E+02 1.208E+00 1.090E-03 1.243E-03 2.023E+03 8.558E-01 2.799E+01 2.000E+00
1.592E+08 3.738E+02 1.209E+00 1.090E-03 1.244E-03 2.028E+03 8.558E-01 2.799E+01 2.000E+00
1.087E+07 3.760E+02 1.207E+00 1.090E-03 1.244E-03 2.018E+03 8.558E-01 2.799E+01 2.000E+00
7.838E+06 9.808E+02 8.916E-01 1.090E-03 1.244E-03 1.233E+03 8.558E-01 2.799E+01 2.000E+00
2.530E+06 3.166E+02 1.252E+00 1.090E-03 1.245E-03 2.392E+03 8.558E-01 2.799E+01 2.000E+00
2.363E+07 4.857E+02 1.130E+00 1.090E-03 1.247E-03 1.675E+03 8.559E-01 2.799E+01 2.000E+00
3.538E+06 3.072E+02 1.260E+00 1.090E-03 1.250E-03 2.480E+03 8.559E-01 2.799E+01 2.000E+00
5.613E+07 7.001E+02 1.007E+00 1.090E-03 1.255E-03 1.391E+03 8.560E-01 2.799E+01 2.000E+00
2.061E+07 8.530E+02 9.394E-01 1.090E-03 1.264E-03 1.290E+03 8.561E-01 2.799E+01 2.000E+00
1.088E+07 6.380E+02 1.039E+00 1.090E-03 1.282E-03 1.449E+03 8.563E-01 2.799E+01 2.000E+00
1.524E+07 8.874E+02 9.259E-01 1.090E-03 1.314E-03 1.273E+03 8.567E-01 2.799E+01 2.000E+00
1.003E+09 9.792E+02 8.923E-01 1.090E-03 1.373E-03 1.234E+03 8.574E-01 2.799E+01 2.000E+00
5.207E+06 2.688E+02 1.290E+00 1.090E-03 1.481E-03 2.999E+03 8.588E-01 2.799E+01 2.000E+00
5.090E+06 5.368E+02 1.098E+00 1.090E-03 1.679E-03 1.580E+03 8.612E-01 2.800E+01 2.000E+00
1.580E+07 7.371E+02 9.906E-01 1.090E-03 2.041E-03 1.362E+03 8.657E-01 2.800E+01 2.000E+00
4.179E+06 3.141E+02 1.259E+00 1.090E-03 2.706E-03 2.378E+03 8.740E-01 2.802E+01 2.000E+00
8.912E+06 7.743E+02 9.755E-01 1.090E-03 3.925E-03 1.339E+03 8.891E-01 2.805E+01 2.000E+00
7.809E+07 7.467E+02 9.906E-01 1.090E-03 6.159E-03 1.360E+03 9.095E-01 2.810E+01 2.000E+00
1.193E+07 5.554E+02 1.086E+00 1.378E-03 1.243E-03 1.552E+03 8.567E-01 2.799E+01 2.000E+00
1.576E+07 5.554E+02 1.086E+00 1.378E-03 1.243E-03 1.552E+03 8.567E-01 2.799E+01 2.000E+00
3.959E+07 5.554E+02 1.086E+00 1.378E-03 1.243E-03 1.552E+03 8.567E-01 2.799E+01 2.000E+00
6.564E+06 5.577E+02 1.084E+00 1.378E-03 1.244E-03 1.548E+03 8.567E-01 2.799E+01 2.000E+00
3.449E+07 5.577E+02 1.084E+00 1.378E-03 1.244E-03 1.549E+03 8.567E-01 2.799E+01 2.000E+00
2.482E+07 5.012E+02 1.120E+00 1.378E-03 1.244E-03 1.644E+03 8.567E-01 2.799E+01 2.000E+00
1.123E+07 9.808E+02 8.916E-01 1.378E-03 1.245E-03 1.237E+03 8.567E-01 2.799E+01 2.000E+00
1.775E+07 9.655E+02 8.970E-01 1.378E-03 1.247E-03 1.239E+03 8.567E-01 2.799E+01 2.000E+00
4.626E+06 4.784E+02 1.134E+00 1.378E-03 1.250E-03 1.691E+03 8.568E-01 2.799E+01 2.000E+00
3.162E+06 9.804E+02 8.917E-01 1.378E-03 1.255E-03 1.234E+03 8.568E-01 2.799E+01 2.000E+00
1.068E+07 2.568E+02 1.298E+00 1.378E-03 1.264E-03 3.283E+03 8.570E-01 2.799E+01 2.000E+00
1.989E+07 9.032E+02 9.198E-01 1.378E-03 1.282E-03 1.265E+03 8.572E-01 2.799E+01 2.000E+00
1.497E+07 7.076E+02 1.004E+00 1.378E-03 1.314E-03 1.385E+03 8.576E-01 2.799E+01 2.000E+00
1.937E+07 3.673E+02 1.214E+00 1.378E-03 1.373E-03 2.058E+03 8.583E-01 2.799E+01 2.000E+00
2.299E+07 4.936E+02 1.125E+00 1.378E-03 1.481E-03 1.658E+03 8.597E-01 2.799E+01 2.000E+00
1.847E+07 8.414E+02 9.445E-01 1.378E-03 1.679E-03 1.297E+03 8.621E-01 2.800E+01 2.000E+00
1.411E+07 7.315E+02 9.932E-01 1.378E-03 2.041E-03 1.380E+03 8.666E-01 2.800E+01 2.000E+00
2.044E+08 7.214E+02 9.988E-01 1.378E-03 2.706E-03 1.375E+03 8.749E-01 2.802E+01 2.000E+00
3.660E+06 7.696E+02 9.776E-01 1.378E-03 3.925E-03 1.343E+03 8.900E-01 2.805E+01 2.000E+00
1.617E+07 8.396E+02 9.494E-01 1.378E-03 6.159E-03 1.309E+03 9.103E-01 2.810E+01 2.000E+00
7.111E+07 5.279E+02 1.103E+00 1.743E-03 1.243E-03 1.596E+03 8.578E-01 2.799E+01 2.000E+00
7.703E+07 6.073E+02 1.056E+00 1.743E-03 1.243E-03 1.486E+03 8.578E-01 2.799E+01 2.000E+00
7.079E+06 6.130E+02 1.053E+00 1.743E-03 1.243E-03 1.476E+03 8.578E-01 2.799E+01 2.000E+00
1.159E+07 6.130E+02 1.053E+00 1.743E-03 1.244E-03 1.477E+03 8.578E-01 2.799E+01 2.000E+00
1.593E+07 9.655E+02 8.970E-01 1.743E-03 1.244E-03 1.258E+03 8.578E-01 2.799E+01 2.000E+00
1.976E+07 9.655E+02 8.970E-01 1.743E-03 1.244E-03 1.239E+03 8.578E-01 2.799E+01 2.000E+00
1.010E+07 4.528E+02 1.152E+00 1.743E-03 1.245E-03 1.755E+03 8.579E-01 2.799E+01 2.000E+00
3.430E+07 9.808E+02 8.916E-01 1.743E-03 1.247E-03 1.233E+03 8.579E-01 2.799E+01 2.000E+00
5.957E+07 7.131E+02 1.001E+00 1.743E-03 1.250E-03 1.380E+03 8.579E-01 2.799E+01 2.000E+00
4.079E+06 3.107E+02 1.257E+00 1.743E-03 1.255E-03 2.445E+03 8.580E-01 2.799E+01 2.000E+00
2.571E+07 5.426E+02 1.094E+00 1.743E-03 1.264E-03 1.572E+03 8.581E-01 2.799E+01 2.000E+00
8.269E+06 8.643E+02 9.349E-01 1.743E-03 1.282E-03 1.285E+03 8.583E-01 2.799E+01 2.000E+00
1.930E+07 6.908E+02 1.012E+00 1.743E-03 1.314E-03 1.399E+03 8.587E-01 2.799E+01 2.000E+00
5.046E+06 8.656E+02 9.345E-01 1.743E-03 1.373E-03 1.284E+03 8.594E-01 2.799E+01 2.000E+00
2.585E+07 7.936E+02 9.645E-01 1.743E-03 1.481E-03 1.324E+03 8.608E-01 2.799E+01 2.000E+00
1.671E+09 5.568E+02 1.086E+00 1.743E-03 1.679E-03 1.549E+03 8.632E-01 2.800E+01 2.000E+00
4.042E+06 4.859E+02 1.131E+00 1.743E-03 2.041E-03 1.672E+03 8.677E-01 2.800E+01 2.000E+00
2.115E+07 5.231E+02 1.108E+00 1.743E-03 2.706E-03 1.607E+03 8.760E-01 2.802E+01 2.000E+00
5.083E+07 7.606E+02 9.817E-01 1.743E-03 3.925E-03 1.349E+03 8.912E-01 2.805E+01 2.000E+00
1.262E+07 8.483E+02 9.458E-01 1.743E-03 6.159E-03 1.303E+03 9.112E-01 2.810E+01 2.000E+00
3.318E+07 9.808E+02 8.916E-01 2.205E-03 1.243E-03 1.234E+03 8.593E-01 2.799E+01 2.000E+00
3.387E+07 9.808E+02 8.916E-01 2.205E-03 1.243E-03 1.234E+03 8.593E-01 2.799E+01 2.000E+00
3.522E+07 9.808E+02 8.916E-01 2.205E-03 1.243E-03 1.234E+03 8.593E-01 2.799E+01 2.000E+00
7.439E+06 4.170E+02 1.177E+00 2.205E-03 1.244E-03 1.898E+03 8.593E-01 2.799E+01 2.000E+00
7.622E+08 4.245E+02 1.171E+00 2.205E-03 1.244E-03 1.839E+03 8.593E-01 2.799E+01 2.000E+00
6.512E+07 9.808E+02 8.916E-01 2.205E-03 1.244E-03 1.234E+03 8.593E-01 2.799E+01 2.000E+00
3.853E+06 7.131E+02 1.001E+00 2.205E-03 1.245E-03 1.381E+03 8.593E-01 2.799E+01 2.000E+00
8.091E+06 6.571E+02 1.029E+00 2.205E-03 1.247E-03 1.430E+03 8.593E-01 2.799E+01 2.000E+00
3.921E+06 6.632E+02 1.026E+00 2.205E-03 1.250E-03 1.424E+03 8.594E-01 2.799E+01 2.000E+00
1.005E+07 8.751E+02 9.306E-01 2.205E-03 1.255E-03 1.279E+03 8.594E-01 2.799E+01 2.000E+00
1.970E+08 3.048E+02 1.261E+00 2.205E-03 1.264E-03 2.503E+03 8.595E-01 2.799E+01 2.000E+00
1.197E+07 7.421E+02 9.874E-01 2.205E-03 1.282E-03 1.359E+03 8.598E-01 2.799E+01 2.000E+00
8.207E+06 7.477E+02 9.849E-01 2.205E-03 1.314E-03 1.355E+03 8.602E-01 2.799E+01 2.000E+00
7.727E+06 7.985E+02 9.623E-01 2.205E-03 1.373E-03 1.322E+03 8.609E-01 2.799E+01 2.000E+00
2.239E+07 4.240E+02 1.172E+00 2.205E-03 1.481E-03 1.833E+03 8.622E-01 2.799E+01 2.000E+00
1.581E+07 4.573E+02 1.149E+00 2.205E-03 1.679E-03 1.739E+03 8.647E-01 2.800E+01 2.000E+00
5.664E+06 7.362E+02 9.910E-01 2.205E-03 2.041E-03 1.364E+03 8.692E-01 2.800E+01 2.000E+00
6.031E+06 2.550E+02 1.305E+00 2.205E-03 2.706E-03 3.217E+03 8.774E-01 2.802E+01 2.000E+00
9.382E+06 5.859E+02 1.072E+00 2.205E-03 3.925E-03 1.507E+03 8.926E-01 2.805E+01 2.000E+00
2.702E+06 4.299E+02 1.179E+00 2.205E-03 6.159E-03 1.788E+03 9.123E-01 2.810E+01 2.000E+00
1.544E+07 7.562E+02 9.809E-01 2.789E-03 1.243E-03 1.349E+03 8.611E-01 2.799E+01 2.000E+00
1.805E+07 7.562E+02 9.809E-01 2.789E-03 1.243E-03 1.349E+03 8.611E-01 2.799E+01 2.000E+00
1.081E+07 7.077E+02 1.004E+00 2.789E-03 1.243E-03 1.386E+03 8.611E-01 2.799E+01 2.000E+00
1.872E+07 7.077E+02 1.004E+00 2.789E-03 1.244E-03 1.392E+03 8.611E-01 2.799E+01 2.000E+00
1.168E+08 7.478E+02 9.848E-01 2.789E-03 1.244E-03 1.355E+03 8.611E-01 2.799E+01 2.000E+00
3.107E+06 9.804E+02 8.917E-01 2.789E-03 1.244E-03 1.235E+03 8.611E-01 2.799E+01 2.000E+00
3.775E+06 4.582E+02 1.148E+00 2.789E-03 1.245E-03 1.739E+03 8.611E-01 2.799E+01 2.000E+00
3.337E+06 9.804E+02 8.917E-01 2.789E-03 1.247E-03 1.234E+03 8.611E-01 2.799E+01 2.000E+00
4.483E+07 5.533E+02 1.087E+00 2.789E-03 1.250E-03 1.556E+03 8.612E-01 2.799E+01 2.000E+00
1.450E+08 7.380E+02 9.893E-01 2.789E-03 1.255E-03 1.362E+03 8.612E-01 2.799E+01 2.000E+00
1.245E+07 9.737E+02 8.941E-01 2.789E-03 1.264E-03 1.237E+03 8.613E-01 2.799E+01 2.000E+00
4.839E+06 8.557E+02 9.384E-01 2.789E-03 1.282E-03 1.384E+03 8.616E-01 2.799E+01 2.000E+00
3.123E+06 2.870E+02 1.275E+00 2.789E-03 1.314E-03 2.712E+03 8.620E-01 2.799E+01 2.000E+00
7.743E+07 5.885E+02 1.067E+00 2.789E-03 1.373E-03 1.507E+03 8.627E-01 2.799E+01 2.000E+00
1.814E+08 4.269E+02 1.170E+00 2.789E-03 1.481E-03 1.825E+03 8.640E-01 2.799E+01 2.000E+00
1.063E+07 3.571E+02 1.222E+00 2.789E-03 1.679E-03 2.107E+03 8.665E-01 2.800E+01 2.000E+00
8.555E+06 3.135E+02 1.257E+00 2.789E-03 2.041E-03 2.401E+03 8.710E-01 2.800E+01 2.000E+00
9.595E+07 6.353E+02 1.043E+00 2.789E-03 2.706E-03 1.452E+03 8.793E-01 2.802E+01 2.000E+00
8.175E+06 6.592E+02 1.031E+00 2.789E-03 3.925E-03 1.431E+03 8.944E-01 2.805E+01 2.000E+00
6.808E+06 3.432E+02 1.246E+00 2.789E-03 6.159E-03 2.119E+03 9.138E-01 2.810E+01 2.000E+00
5.523E+07 2.851E+02 1.276E+00 3.528E-03 1.243E-03 2.741E+03 8.634E-01 2.799E+01 2.000E+00
7.852E+06 2.871E+02 1.275E+00 3.528E-03 1.243E-03 2.723E+03 8.634E-01 2.799E+01 2.000E+00
1.462E+07 2.871E+02 1.275E+00 3.528E-03 1.243E-03 2.716E+03 8.634E-01 2.799E+01 2.000E+00
9.451E+06 2.568E+02 1.298E+00 3.528E-03 1.244E-03 3.284E+03 8.634E-01 2.799E+01 2.000E+00
5.060E+07 5.063E+02 1.116E+00 3.528E-03 1.244E-03 1.640E+03 8.634E-01 2.799E+01 2.000E+00
1.154E+07 7.577E+02 9.802E-01 3.528E-03 1.244E-03 1.348E+03 8.634E-01 2.799E+01 2.000E+00
9.976E+06 8.751E+02 9.306E-01 3.528E-03 1.245E-03 1.286E+03 8.634E-01 2.799E+01 2.000E+00
3.438E+07 8.530E+02 9.394E-01 3.528E-03 1.247E-03 1.291E+03 8.634E-01 2.799E+01 2.000E+00
6.477E+06 7.779E+02 9.712E-01 3.528E-03 1.250E-03 1.335E+03 8.635E-01 2.799E+01 2.000E+00
1.745E+07 9.620E+02 8.982E-01 3.528E-03 1.255E-03 1.242E+03 8.635E-01 2.799E+01 2.000E+00
1.053E+08 9.167E+02 9.147E-01 3.528E-03 1.264E-03 1.262E+03 8.636E-01 2.799E+01 2.000E+00
1.432E+07 8.050E+02 9.594E-01 3.528E-03 1.282E-03 1.324E+03 8.639E-01 2.799E+01 2.000E+00
3.552E+06 3.977E+02 1.191E+00 3.528E-03 1.314E-03 1.926E+03 8.643E-01 2.799E+01 2.000E+00
3.591E+07 7.334E+02 9.916E-01 3.528E-03 1.373E-03 1.366E+03 8.650E-01 2.799E+01 2.000E+00
3.170E+07 8.735E+02 9.315E-01 3.528E-03 1.481E-03 1.285E+03 8.663E-01 2.799E+01 2.000E+00
9.788E+06 7.981E+02 9.628E-01 3.528E-03 1.679E-03 1.323E+03 8.688E-01 2.800E+01 2.000E+00
5.307E+06 3.564E+02 1.224E+00 3.528E-03 2.041E-03 2.106E+03 8.733E-01 2.800E+01 2.000E+00
1.254E+07 9.350E+02 9.091E-01 3.528E-03 2.706E-03 1.258E+03 8.816E-01 2.802E+01 2.000E+00
7.123E+06 6.956E+02 1.013E+00 3.528E-03 3.925E-03 1.398E+03 8.967E-01 2.805E+01 2.000E+00
4.044E+07 3.258E+02 1.260E+00 3.528E-03 6.159E-03 2.223E+03 9.156E-01 2.810E+01 2.000E+00
5.826E+07 7.779E+02 9.712E-01 4.462E-03 1.243E-03 1.335E+03 8.663E-01 2.799E+01 2.000E+00
1.196E+08 7.779E+02 9.712E-01 4.462E-03 1.243E-03 1.335E+03 8.663E-01 2.799E+01 2.000E+00
3.136E+07 9.233E+02 9.122E-01 4.462E-03 1.243E-03 1.259E+03 8.663E-01 2.799E+01 2.000E+00
1.435E+07 3.116E+02 1.256E+00 4.462E-03 1.244E-03 2.438E+03 8.663E-01 2.799E+01 2.000E+00
5.909E+06 9.620E+02 8.982E-01 4.462E-03 1.244E-03 1.243E+03 8.663E-01 2.799E+01 2.000E+00
1.821E+07 3.699E+02 1.211E+00 4.462E-03 1.244E-03 2.047E+03 8.663E-01 2.799E+01 2.000E+00
5.692E+06 5.134E+02 1.112E+00 4.462E-03 1.245E-03 1.622E+03 8.663E-01 2.799E+01 2.000E+00
1.044E+07 9.620E+02 8.982E-01 4.462E-03 1.247E-03 1.242E+03 8.663E-01 2.799E+01 2.000E+00
7.938E+07 9.620E+02 8.982E-01 4.462E-03 1.250E-03 1.243E+03 8.664E-01 2.799E+01 2.000E+00
3.107E+07 9.737E+02 8.941E-01 4.462E-03 1.255E-03 1.238E+03 8.664E-01 2.799E+01 2.000E+00
1.397E+07 7.616E+02 9.785E-01 4.462E-03 1.264E-03 1.347E+03 8.665E-01 2.799E+01 2.000E+00
1.833E+07 8.095E+02 9.575E-01 4.462E-03 1.282E-03 1.316E+03 8.668E-01 2.799E+01 2.000E+00
4.487E+06 4.769E+02 1.135E+00 4.462E-03 1.314E-03 1.696E+03 8.672E-01 2.799E+01 2.000E+00
1.047E+07 9.788E+02 8.924E-01 4.462E-03 1.373E-03 1.236E+03 8.679E-01 2.799E+01 2.000E+00
4.663E+07 8.707E+02 9.326E-01 4.462E-03 1.481E-03 1.283E+03 8.692E-01 2.799E+01 2.000E+00
2.253E+07 9.366E+02 9.077E-01 4.462E-03 1.679E-03 1.255E+03 8.717E-01 2.800E+01 2.000E+00
4.064E+07 8.471E+02 9.425E-01 4.462E-03 2.041E-03 1.296E+03 8.762E-01 2.800E+01 2.000E+00
1.514E+07 9.192E+02 9.150E-01 4.462E-03 2.706E-03 1.264E+03 8.845E-01 2.802E+01 2.000E+00
1.804E+07 3.829E+02 1.209E+00 4.462E-03 3.925E-03 1.961E+03 8.996E-01 2.805E+01 2.000E+00
2.194E+07 9.007E+02 9.248E-01 4.462E-03 6.159E-03 1.281E+03 9.180E-01 2.810E+01 2.000E+00
1.101E+07 9.737E+02 8.941E-01 5.644E-03 1.243E-03 1.277E+03 8.699E-01 2.799E+01 2.000E+00
1.110E+07 9.737E+02 8.941E-01 5.644E-03 1.243E-03 1.238E+03 8.699E-01 2.799E+01 2.000E+00
1.128E+07 9.737E+02 8.941E-01 5.644E-03 1.243E-03 1.238E+03 8.699E-01 2.799E+01 2.000E+00
1.162E+07 9.737E+02 8.941E-01 5.644E-03 1.244E-03 1.238E+03 8.700E-01 2.799E+01 2.000E+00
8.141E+07 6.033E+02 1.058E+00 5.644E-03 1.244E-03 1.490E+03 8.700E-01 2.799E+01 2.000E+00
1.382E+07 9.737E+02 8.941E-01 5.644E-03 1.244E-03 1.240E+03 8.700E-01 2.799E+01 2.000E+00
1.796E+07 9.737E+02 8.941E-01 5.644E-03 1.245E-03 1.259E+03 8.700E-01 2.799E+01 2.000E+00
4.189E+07 9.737E+02 8.941E-01 5.644E-03 1.247E-03 1.238E+03 8.700E-01 2.799E+01 2.000E+00
6.369E+06 9.032E+02 9.198E-01 5.644E-03 1.250E-03 1.268E+03 8.700E-01 2.799E+01 2.000E+00
2.034E+07 7.720E+02 9.738E-01 5.644E-03 1.255E-03 1.340E+03 8.701E-01 2.799E+01 2.000E+00
7.096E+06 6.194E+02 1.049E+00 5.644E-03 1.264E-03 1.471E+03 8.702E-01 2.799E+01 2.000E+00
1.710E+07 7.271E+02 9.945E-01 5.644E-03 1.282E-03 1.372E+03 8.704E-01 2.799E+01 2.000E+00
4.223E+06 2.625E+02 1.294E+00 5.644E-03 1.314E-03 3.139E+03 8.708E-01 2.799E+01 2.000E+00
1.093E+08 9.678E+02 8.962E-01 5.644E-03 1.373E-03 1.241E+03 8.716E-01 2.799E+01 2.000E+00
7.724E+06 6.638E+02 1.026E+00 5.644E-03 1.481E-03 1.507E+03 8.729E-01 2.799E+01 2.000E+00
1.121E+07 4.247E+02 1.172E+00 5.644E-03 1.679E-03 1.831E+03 8.754E-01 2.800E+01 2.000E+00
3.590E+07 6.490E+02 1.034E+00 5.644E-03 2.041E-03 1.440E+03 8.799E-01 2.800E+01 2.000E+00
7.050E+06 8.437E+02 9.445E-01 5.644E-03 2.706E-03 1.300E+03 8.881E-01 2.802E+01 2.000E+00
1.233E+07 6.245E+02 1.050E+00 5.644E-03 3.925E-03 1.465E+03 9.033E-01 2.805E+01 2.000E+00
1.819E+07 7.694E+02 9.801E-01 5.644E-03 6.159E-03 1.349E+03 9.209E-01 2.810E+01 2.000E+00
2.624E+07 8.643E+02 9.349E-01 7.139E-03 1.243E-03 1.288E+03 8.746E-01 2.799E+01 2.000E+00
3.005E+07 8.643E+02 9.349E-01 7.139E-03 1.243E-03 1.287E+03 8.746E-01 2.799E+01 2.000E+00
4.107E+07 8.643E+02 9.349E-01 7.139E-03 1.243E-03 1.287E+03 8.746E-01 2.799E+01 2.000E+00
1.298E+08 8.643E+02 9.349E-01 7.139E-03 1.244E-03 1.287E+03 8.746E-01 2.799E+01 2.000E+00
5.317E+07 7.720E+02 9.738E-01 7.139E-03 1.244E-03 1.341E+03 8.746E-01 2.799E+01 2.000E+00
9.248E+06 7.616E+02 9.785E-01 7.139E-03 1.244E-03 1.348E+03 8.746E-01 2.799E+01 2.000E+00
6.328E+07 4.129E+02 1.180E+00 7.139E-03 1.245E-03 1.874E+03 8.746E-01 2.799E+01 2.000E+00
2.534E+07 7.318E+02 9.922E-01 7.139E-03 1.247E-03 1.369E+03 8.746E-01 2.799E+01 2.000E+00
3.778E+06 8.557E+02 9.383E-01 7.139E-03 1.250E-03 1.292E+03 8.747E-01 2.799E+01 2.000E+00
6.383E+06 8.050E+02 9.594E-01 7.139E-03 1.255E-03 1.320E+03 8.747E-01 2.799E+01 2.000E+00
1.834E+07 3.106E+02 1.257E+00 7.139E-03 1.264E-03 2.448E+03 8.749E-01 2.799E+01 2.000E+00
7.515E+06 6.116E+02 1.054E+00 7.139E-03 1.282E-03 1.481E+03 8.751E-01 2.799E+01 2.000E+00
6.204E+06 5.204E+02 1.107E+00 7.139E-03 1.314E-03 1.611E+03 8.755E-01 2.799E+01 2.000E+00
3.093E+07 9.255E+02 9.115E-01 7.139E-03 1.373E-03 1.260E+03 8.762E-01 2.799E+01 2.000E+00
2.743E+07 9.221E+02 9.129E-01 7.139E-03 1.481E-03 1.265E+03 8.775E-01 2.799E+01 2.000E+00
4.783E+07 6.901E+02 1.013E+00 7.139E-03 1.679E-03 1.403E+03 8.800E-01 2.800E+01 2.000E+00
1.966E+07 8.190E+02 9.542E-01 7.139E-03 2.041E-03 1.313E+03 8.845E-01 2.800E+01 2.000E+00
5.448E+07 9.924E+02 8.887E-01 7.139E-03 2.706E-03 1.237E+03 8.928E-01 2.802E+01 2.000E+00
4.899E+07 6.474E+02 1.038E+00 7.139E-03 3.925E-03 1.443E+03 9.079E-01 2.805E+01 2.000E+00
4.613E+07 8.599E+02 9.410E-01 7.139E-03 6.159E-03 1.300E+03 9.247E-01 2.810E+01 2.000E+00
3.418E+07 8.186E+02 9.536E-01 9.029E-03 1.243E-03 1.313E+03 8.805E-01 2.799E+01 2.000E+00
4.456E+07 8.186E+02 9.536E-01 9.029E-03 1.243E-03 1.317E+03 8.805E-01 2.799E+01 2.000E+00
1.021E+08 8.186E+02 9.536E-01 9.029E-03 1.243E-03 1.313E+03 8.805E-01 2.799E+01 2.000E+00
5.483E+06 7.986E+02 9.621E-01 9.029E-03 1.244E-03 1.325E+03 8.805E-01 2.799E+01 2.000E+00
7.040E+06 7.986E+02 9.621E-01 9.029E-03 1.244E-03 1.325E+03 8.805E-01 2.799E+01 2.000E+00
1.599E+07 7.986E+02 9.621E-01 9.029E-03 1.244E-03 1.326E+03 8.805E-01 2.799E+01 2.000E+00
2.728E+06 4.715E+02 1.139E+00 9.029E-03 1.245E-03 1.712E+03 8.805E-01 2.799E+01 2.000E+00
1.063E+07 4.459E+02 1.156E+00 9.029E-03 1.247E-03 1.837E+03 8.805E-01 2.799E+01 2.000E+00
1.242E+07 8.199E+02 9.531E-01 9.029E-03 1.250E-03 1.312E+03 8.805E-01 2.799E+01 2.000E+00
3.466E+07 4.851E+02 1.130E+00 9.029E-03 1.255E-03 1.680E+03 8.806E-01 2.799E+01 2.000E+00
4.681E+06 8.992E+02 9.213E-01 9.029E-03 1.264E-03 1.272E+03 8.807E-01 2.799E+01 2.000E+00
7.530E+06 7.778E+02 9.712E-01 9.029E-03 1.282E-03 1.338E+03 8.809E-01 2.799E+01 2.000E+00
2.809E+07 9.792E+02 8.922E-01 9.029E-03 1.314E-03 1.240E+03 8.813E-01 2.799E+01 2.000E+00
3.502E+08 9.721E+02 8.947E-01 9.029E-03 1.373E-03 1.241E+03 8.821E-01 2.799E+01 2.000E+00
7.437E+07 7.983E+02 9.625E-01 9.029E-03 1.481E-03 1.325E+03 8.834E-01 2.799E+01 2.000E+00
4.880E+09 7.086E+02 1.004E+00 9.029E-03 1.679E-03 1.388E+03 8.859E-01 2.800E+01 2.000E+00
2.934E+07 8.299E+02 9.496E-01 9.029E-03 2.041E-03 1.308E+03 8.904E-01 2.800E+01 2.000E+00
6.920E+06 4.844E+02 1.133E+00 9.029E-03 2.706E-03 2.833E+03 8.986E-01 2.802E+01 2.000E+00
5.891E+06 5.841E+02 1.073E+00 9.029E-03 3.925E-03 1.514E+03 9.126E-01 2.805E+01 2.000E+00
5.186E+07 7.534E+02 9.874E-01 9.029E-03 6.159E-03 1.361E+03 9.294E-01 2.810E+01 2.000E+00
2.522E+06 4.255E+02 1.171E+00 1.142E-02 1.243E-03 1.835E+03 8.879E-01 2.799E+01 2.000E+00
2.684E+06 4.255E+02 1.171E+00 1.142E-02 1.243E-03 1.834E+03 8.879E-01 2.799E+01 2.000E+00
3.050E+06 4.255E+02 1.171E+00 1.142E-02 1.243E-03 1.835E+03 8.879E-01 2.799E+01 2.000E+00
4.114E+06 4.255E+02 1.171E+00 1.142E-02 1.244E-03 1.834E+03 8.879E-01 2.799E+01 2.000E+00
1.300E+07 4.255E+02 1.171E+00 1.142E-02 1.244E-03 1.845E+03 8.879E-01 2.799E+01 2.000E+00
6.788E+06 7.480E+02 9.847E-01 1.142E-02 1.244E-03 1.359E+03 8.879E-01 2.799E+01 2.000E+00
4.014E+07 7.555E+02 9.812E-01 1.142E-02 1.245E-03 1.354E+03 8.879E-01 2.799E+01 2.000E+00
4.280E+06 8.992E+02 9.213E-01 1.142E-02 1.247E-03 1.274E+03 8.879E-01 2.799E+01 2.000E+00
4.052E+07 8.992E+02 9.213E-01 1.142E-02 1.250E-03 1.273E+03 8.880E-01 2.799E+01 2.000E+00
1.537E+08 7.332E+02 9.916E-01 1.142E-02 1.255E-03 1.370E+03 8.880E-01 2.799E+01 2.000E+00
9.714E+06 7.778E+02 9.712E-01 1.142E-02 1.264E-03 1.339E+03 8.881E-01 2.799E+01 2.000E+00
1.727E+07 7.615E+02 9.786E-01 1.142E-02 1.282E-03 1.359E+03 8.884E-01 2.799E+01 2.000E+00
5.372E+06 8.539E+02 9.391E-01 1.142E-02 1.314E-03 1.298E+03 8.888E-01 2.799E+01 2.000E+00
3.709E+06 6.126E+02 1.053E+00 1.142E-02 1.373E-03 1.482E+03 8.895E-01 2.799E+01 2.000E+00
3.855E+06 2.543E+02 1.301E+00 1.142E-02 1.481E-03 3.330E+03 8.908E-01 2.799E+01 2.000E+00
3.227E+07 9.179E+02 9.146E-01 1.142E-02 1.679E-03 1.266E+03 8.933E-01 2.800E+01 2.000E+00
2.114E+07 2.557E+02 1.302E+00 1.142E-02 2.041E-03 3.249E+03 8.978E-01 2.800E+01 2.000E+00
2.556E+07 9.734E+02 8.953E-01 1.142E-02 2.706E-03 1.246E+03 9.061E-01 2.802E+01 2.000E+00
2.385E+07 7.695E+02 9.777E-01 1.142E-02 3.925E-03 1.349E+03 9.186E-01 2.805E+01 2.000E+00
1.377E+07 2.518E+02 1.322E+00 1.142E-02 6.159E-03 3.059E+03 9.354E-01 2.810E+01 2.000E+00
3.213E+06 3.941E+02 1.194E+00 1.445E-02 1.243E-03 1.945E+03 8.973E-01 2.799E+01 2.000E+00
3.514E+06 3.941E+02 1.194E+00 1.445E-02 1.243E-03 1.945E+03 8.973E-01 2.799E+01 2.000E+00
4.256E+06 3.941E+02 1.194E+00 1.445E-02 1.243E-03 1.962E+03 8.973E-01 2.799E+01 2.000E+00
7.111E+06 3.941E+02 1.194E+00 1.445E-02 1.244E-03 1.945E+03 8.973E-01 2.799E+01 2.000E+00
7.607E+06 2.629E+02 1.293E+00 1.445E-02 1.244E-03 3.136E+03 8.973E-01 2.799E+01 2.000E+00
1.306E+07 4.578E+02 1.148E+00 1.445E-02 1.244E-03 1.746E+03 8.973E-01 2.799E+01 2.000E+00
9.668E+06 7.941E+02 9.641E-01 1.445E-02 1.245E-03 1.330E+03 8.973E-01 2.799E+01 2.000E+00
1.228E+07 6.727E+02 1.021E+00 1.445E-02 1.247E-03 1.421E+03 8.973E-01 2.799E+01 2.000E+00
4.880E+06 4.383E+02 1.162E+00 1.445E-02 1.250E-03 1.798E+03 8.974E-01 2.799E+01 2.000E+00
6.203E+06 5.350E+02 1.098E+00 1.445E-02 1.255E-03 1.590E+03 8.974E-01 2.799E+01 2.000E+00
6.882E+07 6.046E+02 1.057E+00 1.445E-02 1.264E-03 1.493E+03 8.976E-01 2.799E+01 2.000E+00
1.473E+07 2.987E+02 1.266E+00 1.445E-02 1.282E-03 2.572E+03 8.978E-01 2.799E+01 2.000E+00
1.263E+07 6.463E+02 1.035E+00 1.445E-02 1.314E-03 1.447E+03 8.982E-01 2.799E+01 2.000E+00
6.435E+06 2.621E+02 1.294E+00 1.445E-02 1.373E-03 3.143E+03 8.989E-01 2.799E+01 2.000E+00
1.596E+07 4.186E+02 1.176E+00 1.445E-02 1.481E-03 1.856E+03 9.003E-01 2.799E+01 2.000E+00
2.765E+07 8.525E+02 9.400E-01 1.445E-02 1.679E-03 1.299E+03 9.027E-01 2.800E+01 2.000E+00
4.872E+06 2.879E+02 1.277E+00 1.445E-02 2.041E-03 2.675E+03 9.072E-01 2.800E+01 2.000E+00
3.862E+07 9.862E+02 8.908E-01 1.445E-02 2.706E-03 1.244E+03 9.155E-01 2.802E+01 2.000E+00
1.663E+07 7.770E+02 9.743E-01 1.445E-02 3.925E-03 1.348E+03 9.262E-01 2.805E+01 2.000E+00
3.352E+08 6.203E+02 1.056E+00 1.445E-02 6.159E-03 1.475E+03 9.429E-01 2.810E+01 2.000E+00
8.437E+06 8.091E+02 9.576E-01 1.827E-02 1.243E-03 1.324E+03 9.092E-01 2.799E+01 2.000E+00
8.925E+06 8.091E+02 9.576E-01 1.827E-02 1.243E-03 1.324E+03 9.092E-01 2.799E+01 2.000E+00
1.017E+07 4.989E+02 1.121E+00 1.827E-02 1.243E-03 1.656E+03 9.092E-01 2.799E+01 2.000E+00
5.806E+07 4.989E+02 1.121E+00 1.827E-02 1.244E-03 1.657E+03 9.092E-01 2.799E+01 2.000E+00
2.901E+07 8.091E+02 9.576E-01 1.827E-02 1.244E-03 1.324E+03 9.092E-01 2.799E+01 2.000E+00
1.362E+07 8.264E+02 9.503E-01 1.827E-02 1.244E-03 1.314E+03 9.092E-01 2.799E+01 2.000E+00
1.016E+07 8.307E+02 9.486E-01 1.827E-02 1.245E-03 1.311E+03 9.092E-01 2.799E+01 2.000E+00
1.240E+07 2.987E+02 1.266E+00 1.827E-02 1.247E-03 2.573E+03 9.092E-01 2.799E+01 2.000E+00
4.601E+06 6.258E+02 1.046E+00 1.827E-02 1.250E-03 1.470E+03 9.092E-01 2.799E+01 2.000E+00
1.173E+07 4.190E+02 1.175E+00 1.827E-02 1.255E-03 1.858E+03 9.093E-01 2.799E+01 2.000E+00
5.392E+06 4.030E+02 1.187E+00 1.827E-02 1.264E-03 1.913E+03 9.094E-01 2.799E+01 2.000E+00
4.441E+07 9.678E+02 8.962E-01 1.827E-02 1.282E-03 1.249E+03 9.096E-01 2.799E+01 2.000E+00
4.707E+06 6.892E+02 1.013E+00 1.827E-02 1.314E-03 1.409E+03 9.100E-01 2.799E+01 2.000E+00
1.465E+07 5.129E+02 1.112E+00 1.827E-02 1.373E-03 1.629E+03 9.108E-01 2.799E+01 2.000E+00
2.399E+07 9.132E+02 9.162E-01 1.827E-02 1.481E-03 1.272E+03 9.121E-01 2.799E+01 2.000E+00
2.011E+08 4.910E+02 1.127E+00 1.827E-02 1.679E-03 1.671E+03 9.146E-01 2.800E+01 2.000E+00
3.948E+07 8.635E+02 9.359E-01 1.827E-02 2.041E-03 1.296E+03 9.191E-01 2.801E+01 2.000E+00
3.399E+06 9.870E+02 8.905E-01 1.827E-02 2.706E-03 1.247E+03 9.266E-01 2.802E+01 2.000E+00
7.047E+06 4.591E+02 1.153E+00 1.827E-02 3.925E-03 1.733E+03 9.357E-01 2.805E+01 2.000E+00
1.094E+07 5.251E+02 1.113E+00 1.827E-02 6.159E-03 1.599E+03 9.525E-01 2.810E+01 2.000E+00
2.965E+07 9.788E+02 8.923E-01 2.311E-02 1.243E-03 1.247E+03 9.242E-01 2.799E+01 2.000E+00
3.026E+07 9.788E+02 8.923E-01 2.311E-02 1.243E-03 1.248E+03 9.242E-01 2.799E+01 2.000E+00
3.145E+07 9.788E+02 8.923E-01 2.311E-02 1.243E-03 1.247E+03 9.242E-01 2.799E+01 2.000E+00
3.389E+07 9.788E+02 8.923E-01 2.311E-02 1.244E-03 1.247E+03 9.242E-01 2.799E+01 2.000E+00
3.955E+07 9.788E+02 8.923E-01 2.311E-02 1.244E-03 1.247E+03 9.242E-01 2.799E+01 2.000E+00
6.832E+06 3.457E+02 1.230E+00 2.311E-02 1.244E-03 2.191E+03 9.242E-01 2.799E+01 2.000E+00
3.393E+07 3.280E+02 1.244E+00 2.311E-02 1.245E-03 2.307E+03 9.242E-01 2.799E+01 2.000E+00
2.896E+07 9.678E+02 8.962E-01 2.311E-02 1.247E-03 1.251E+03 9.242E-01 2.799E+01 2.000E+00
6.411E+07 9.608E+02 8.986E-01 2.311E-02 1.250E-03 1.254E+03 9.243E-01 2.799E+01 2.000E+00
5.329E+08 9.443E+02 9.046E-01 2.311E-02 1.255E-03 1.261E+03 9.243E-01 2.799E+01 2.000E+00
9.510E+06 6.209E+02 1.048E+00 2.311E-02 1.264E-03 1.478E+03 9.245E-01 2.799E+01 2.000E+00
1.436E+07 8.760E+02 9.303E-01 2.311E-02 1.282E-03 1.291E+03 9.247E-01 2.799E+01 2.000E+00
3.679E+07 5.804E+02 1.071E+00 2.311E-02 1.314E-03 1.531E+03 9.251E-01 2.799E+01 2.000E+00
1.579E+08 8.282E+02 9.497E-01 2.311E-02 1.373E-03 1.316E+03 9.258E-01 2.799E+01 2.000E+00
7.915E+06 5.564E+02 1.086E+00 2.311E-02 1.481E-03 1.561E+03 9.272E-01 2.799E+01 2.000E+00
2.379E+07 6.201E+02 1.049E+00 2.311E-02 1.679E-03 1.479E+03 9.296E-01 2.800E+01 2.000E+00
1.828E+07 5.013E+02 1.121E+00 2.311E-02 2.041E-03 1.652E+03 9.337E-01 2.801E+01 2.000E+00
1.875E+07 8.304E+02 9.501E-01 2.311E-02 2.706E-03 1.318E+03 9.387E-01 2.802E+01 2.000E+00
1.999E+06 3.941E+02 1.200E+00 2.311E-02 3.925E-03 1.927E+03 9.478E-01 2.805E+01 2.000E+00
4.364E+07 4.819E+02 1.142E+00 2.311E-02 6.159E-03 1.683E+03 9.622E-01 2.810E+01 2.000E+00
4.733E+06 4.316E+02 1.167E+00 2.923E-02 1.243E-03 2.069E+03 9.430E-01 2.799E+01 2.000E+00
5.402E+06 4.316E+02 1.167E+00 2.923E-02 1.243E-03 1.824E+03 9.430E-01 2.799E+01 2.000E+00
7.339E+06 4.316E+02 1.167E+00 2.923E-02 1.243E-03 1.824E+03 9.430E-01 2.799E+01 2.000E+00
2.305E+07 4.316E+02 1.167E+00 2.923E-02 1.244E-03 1.825E+03 9.430E-01 2.799E+01 2.000E+00
1.070E+07 3.456E+02 1.230E+00 2.923E-02 1.244E-03 2.192E+03 9.430E-01 2.799E+01 2.000E+00
6.807E+06 8.273E+02 9.500E-01 2.923E-02 1.244E-03 1.320E+03 9.430E-01 2.799E+01 2.000E+00
4.251E+07 8.273E+02 9.500E-01 2.923E-02 1.245E-03 1.326E+03 9.430E-01 2.799E+01 2.000E+00
3.250E+07 6.405E+02 1.038E+00 2.923E-02 1.247E-03 1.461E+03 9.431E-01 2.799E+01 2.000E+00
5.790E+07 5.804E+02 1.071E+00 2.923E-02 1.250E-03 1.530E+03 9.431E-01 2.799E+01 2.000E+00
2.832E+07 6.462E+02 1.035E+00 2.923E-02 1.255E-03 1.455E+03 9.431E-01 2.799E+01 2.000E+00
9.430E+06 6.628E+02 1.026E+00 2.923E-02 1.264E-03 1.439E+03 9.432E-01 2.799E+01 2.000E+00
2.533E+07 5.347E+02 1.099E+00 2.923E-02 1.282E-03 1.598E+03 9.433E-01 2.799E+01 2.000E+00
7.293E+06 4.576E+02 1.149E+00 2.923E-02 1.314E-03 1.756E+03 9.436E-01 2.799E+01 2.000E+00
2.015E+06 3.218E+02 1.249E+00 2.923E-02 1.373E-03 2.354E+03 9.440E-01 2.799E+01 2.000E+00
6.666E+06 5.417E+02 1.095E+00 2.923E-02 1.481E-03 1.586E+03 9.448E-01 2.799E+01 2.000E+00
4.183E+06 4.978E+02 1.123E+00 2.923E-02 1.679E-03 1.662E+03 9.463E-01 2.800E+01 2.000E+00
1.444E+07 9.084E+02 9.185E-01 2.923E-02 2.041E-03 1.282E+03 9.490E-01 2.801E+01 2.000E+00
9.825E+06 6.530E+02 1.033E+00 2.923E-02 2.706E-03 1.449E+03 9.540E-01 2.802E+01 2.000E+00
4.537E+06 7.142E+02 1.004E+00 2.923E-02 3.925E-03 1.401E+03 9.631E-01 2.805E+01 2.000E+00
1.653E+07 9.711E+02 8.987E-01 2.923E-02 6.159E-03 1.273E+03 9.731E-01 2.810E+01 2.000E+00
2.055E+07 6.781E+02 1.018E+00 3.697E-02 1.243E-03 1.429E+03 9.624E-01 2.799E+01 2.000E+00
2.849E+07 6.781E+02 1.018E+00 3.697E-02 1.243E-03 1.429E+03 9.624E-01 2.799E+01 2.000E+00
1.017E+08 6.781E+02 1.018E+00 3.697E-02 1.243E-03 1.429E+03 9.624E-01 2.799E+01 2.000E+00
1.317E+07 6.724E+02 1.021E+00 3.697E-02 1.244E-03 1.434E+03 9.624E-01 2.799E+01 2.000E+00
1.340E+07 8.707E+02 9.324E-01 3.697E-02 1.244E-03 1.306E+03 9.624E-01 2.799E+01 2.000E+00
4.153E+07 8.707E+02 9.324E-01 3.697E-02 1.244E-03 1.302E+03 9.624E-01 2.799E+01 2.000E+00
2.695E+07 3.043E+02 1.262E+00 3.697E-02 1.245E-03 2.518E+03 9.624E-01 2.799E+01 2.000E+00
6.311E+07 3.496E+02 1.227E+00 3.697E-02 1.247E-03 2.168E+03 9.624E-01 2.799E+01 2.000E+00
1.265E+08 5.380E+02 1.097E+00 3.697E-02 1.250E-03 1.596E+03 9.624E-01 2.799E+01 2.000E+00
5.143E+06 4.379E+02 1.162E+00 3.697E-02 1.255E-03 1.809E+03 9.625E-01 2.799E+01 2.000E+00
8.119E+06 8.203E+02 9.529E-01 3.697E-02 1.264E-03 1.328E+03 9.625E-01 2.799E+01 2.000E+00
2.615E+06 9.232E+02 9.123E-01 3.697E-02 1.282E-03 1.279E+03 9.627E-01 2.799E+01 2.000E+00
1.607E+06 5.199E+02 1.108E+00 3.697E-02 1.314E-03 1.649E+03 9.629E-01 2.799E+01 2.000E+00
6.145E+06 9.355E+02 9.079E-01 3.697E-02 1.373E-03 1.277E+03 9.633E-01 2.799E+01 2.000E+00
5.697E+07 4.507E+02 1.154E+00 3.697E-02 1.481E-03 1.773E+03 9.642E-01 2.799E+01 2.000E+00
1.418E+07 4.157E+02 1.179E+00 3.697E-02 1.679E-03 1.875E+03 9.656E-01 2.800E+01 2.000E+00
4.497E+06 9.735E+02 8.948E-01 3.697E-02 2.041E-03 1.266E+03 9.684E-01 2.801E+01 2.000E+00
9.948E+06 7.146E+02 1.002E+00 3.697E-02 2.706E-03 1.402E+03 9.733E-01 2.802E+01 2.000E+00
1.628E+07 5.559E+02 1.090E+00 3.697E-02 3.925E-03 1.567E+03 9.789E-01 2.805E+01 2.000E+00
1.220E+07 9.206E+02 9.173E-01 3.697E-02 6.159E-03 1.298E+03 9.869E-01 2.810E+01 2.000E+00
5.967E+06 3.394E+02 1.235E+00 4.677E-02 1.243E-03 2.236E+03 9.868E-01 2.799E+01 2.000E+00
7.245E+06 3.394E+02 1.235E+00 4.677E-02 1.243E-03 2.236E+03 9.868E-01 2.799E+01 2.000E+00
1.207E+07 3.394E+02 1.235E+00 4.677E-02 1.243E-03 2.235E+03 9.868E-01 2.799E+01 2.000E+00
1.141E+07 8.338E+02 9.473E-01 4.677E-02 1.244E-03 1.328E+03 9.868E-01 2.799E+01 2.000E+00
1.929E+07 8.338E+02 9.473E-01 4.677E-02 1.244E-03 1.327E+03 9.868E-01 2.799E+01 2.000E+00
5.118E+06 3.986E+02 1.190E+00 4.677E-02 1.244E-03 1.942E+03 9.868E-01 2.799E+01 2.000E+00
2.457E+06 5.542E+02 1.087E+00 4.677E-02 1.245E-03 1.579E+03 9.868E-01 2.799E+01 2.000E+00
3.910E+07 7.479E+02 9.848E-01 4.677E-02 1.247E-03 1.380E+03 9.868E-01 2.799E+01 2.000E+00
1.830E+08 7.375E+02 9.896E-01 4.677E-02 1.250E-03 1.388E+03 9.869E-01 2.799E+01 2.000E+00
2.119E+07 3.081E+02 1.259E+00 4.677E-02 1.255E-03 2.483E+03 9.869E-01 2.799E+01 2.000E+00
2.311E+07 6.967E+02 1.009E+00 4.677E-02 1.264E-03 1.419E+03 9.869E-01 2.799E+01 2.000E+00
1.126E+07 8.822E+02 9.279E-01 4.677E-02 1.282E-03 1.304E+03 9.870E-01 2.799E+01 2.000E+00
4.472E+07 7.526E+02 9.827E-01 4.677E-02 1.314E-03 1.377E+03 9.871E-01 2.799E+01 2.000E+00
2.771E+07 5.053E+02 1.117E+00 4.677E-02 1.373E-03 1.662E+03 9.873E-01 2.799E+01 2.000E+00
9.495E+06 9.863E+02 8.899E-01 4.677E-02 1.481E-03 1.262E+03 9.877E-01 2.799E+01 2.000E+00
2.821E+07 6.988E+02 1.009E+00 4.677E-02 1.679E-03 1.418E+03 9.884E-01 2.800E+01 2.000E+00
1.191E+08 4.106E+02 1.184E+00 4.677E-02 2.041E-03 1.894E+03 9.897E-01 2.801E+01 2.000E+00
3.318E+07 8.383E+02 9.468E-01 4.677E-02 2.706E-03 1.330E+03 9.920E-01 2.802E+01 2.000E+00
3.953E+07 8.662E+02 9.366E-01 4.677E-02 3.925E-03 1.321E+03 9.957E-01 2.805E+01 2.000E+00
4.333E+07 3.903E+02 1.209E+00 4.677E-02 6.159E-03 1.936E+03 9.979E-01 2.810E+01 2.000E+00
2.411E+08 6.651E+02 1.025E+00 5.915E-02 1.243E-03 1.460E+03 1.000E+00 2.799E+01 0.000E+00
3.985E+07 6.841E+02 1.015E+00 5.915E-02 1.243E-03 1.451E+03 1.000E+00 2.799E+01 0.000E+00
3.901E+09 6.841E+02 1.015E+00 5.915E-02 1.243E-03 1.437E+03 1.000E+00 2.799E+01 0.000E+00
2.644E+06 5.363E+02 1.098E+00 5.915E-02 1.244E-03 1.611E+03 1.000E+00 2.799E+01 0.000E+00
3.753E+06 5.363E+02 1.098E+00 5.915E-02 1.244E-03 1.611E+03 1.000E+00 2.799E+01 0.000E+00
2.774E+07 5.363E+02 1.098E+00 5.915E-02 1.244E-03 1.619E+03 1.000E+00 2.799E+01 0.000E+00
5.003E+06 6.326E+02 1.042E+00 5.915E-02 1.245E-03 1.486E+03 1.000E+00 2.799E+01 0.000E+00
3.482E+07 7.647E+02 9.771E-01 5.915E-02 1.247E-03 1.376E+03 1.000E+00 2.799E+01 0.000E+00
1.347E+07 8.526E+02 9.396E-01 5.915E-02 1.250E-03 1.326E+03 1.000E+00 2.799E+01 0.000E+00
5.873E+06 8.441E+02 9.431E-01 5.915E-02 1.255E-03 1.330E+03 1.000E+00 2.799E+01 0.000E+00
3.611E+06 4.743E+02 1.137E+00 5.915E-02 1.264E-03 1.728E+03 1.000E+00 2.799E+01 0.000E+00
8.212E+06 7.671E+02 9.761E-01 5.915E-02 1.282E-03 1.375E+03 1.000E+00 2.799E+01 0.000E+00
1.624E+07 8.698E+02 9.328E-01 5.915E-02 1.314E-03 1.318E+03 1.000E+00 2.799E+01 0.000E+00
1.097E+07 9.681E+02 8.962E-01 5.915E-02 1.373E-03 1.277E+03 1.000E+00 2.799E+01 0.000E+00
6.970E+07 4.922E+02 1.126E+00 5.915E-02 1.481E-03 1.690E+03 1.000E+00 2.799E+01 0.000E+00
1.120E+07 7.270E+02 9.950E-01 5.915E-02 1.679E-03 1.404E+03 1.000E+00 2.800E+01 0.000E+00
8.156E+06 5.037E+02 1.120E+00 5.915E-02 2.041E-03 1.674E+03 1.000E+00 2.801E+01 0.000E+00
1.638E+07 5.930E+02 1.066E+00 5.915E-02 2.706E-03 1.532E+03 1.000E+00 2.802E+01 0.000E+00
1.135E+07 2.345E+02 1.327E+00 5.915E-02 3.925E-03 3.717E+03 1.000E+00 2.805E+01 0.000E+00
6.187E+07 9.356E+02 9.117E-01 5.915E-02 6.159E-03 1.314E+03 1.000E+00 2.810E+01 0.000E+00
1.815E+07 5.051E+02 1.117E+00 7.482E-02 1.243E-03 1.674E+03 1.000E+00 2.799E+01 0.000E+00
3.203E+07 5.051E+02 1.117E+00 7.482E-02 1.243E-03 1.674E+03 1.000E+00 2.799E+01 0.000E+00
3.419E+06 7.085E+02 1.003E+00 7.482E-02 1.243E-03 1.427E+03 1.000E+00 2.799E+01 0.000E+00
3.831E+06 7.085E+02 1.003E+00 7.482E-02 1.244E-03 1.427E+03 1.000E+00 2.799E+01 0.000E+00
4.987E+06 7.085E+02 1.003E+00 7.482E-02 1.244E-03 1.432E+03 1.000E+00 2.799E+01 0.000E+00
1.270E+07 7.085E+02 1.003E+00 7.482E-02 1.244E-03 1.427E+03 1.000E+00 2.799E+01 0.000E+00
3.446E+07 7.313E+02 9.925E-01 7.482E-02 1.245E-03 1.410E+03 1.000E+00 2.799E+01 0.000E+00
5.387E+07 5.802E+02 1.071E+00 7.482E-02 1.247E-03 1.559E+03 1.000E+00 2.799E+01 0.000E+00
3.490E+06 9.736E+02 8.942E-01 7.482E-02 1.250E-03 1.287E+03 1.000E+00 2.799E+01 0.000E+00
4.789E+06 9.681E+02 8.961E-01 7.482E-02 1.255E-03 1.289E+03 1.000E+00 2.799E+01 0.000E+00
2.200E+07 9.736E+02 8.942E-01 7.482E-02 1.264E-03 1.287E+03 1.000E+00 2.799E+01 0.000E+00
6.912E+07 6.455E+02 1.035E+00 7.482E-02 1.282E-03 1.483E+03 1.000E+00 2.799E+01 0.000E+00
5.309E+06 5.413E+02 1.095E+00 7.482E-02 1.314E-03 1.612E+03 1.000E+00 2.799E+01 0.000E+00
4.142E+06 6.540E+02 1.031E+00 7.482E-02 1.373E-03 1.477E+03 1.000E+00 2.799E+01 0.000E+00
7.426E+06 6.509E+02 1.033E+00 7.482E-02 1.481E-03 1.478E+03 1.000E+00 2.799E+01 0.000E+00
3.190E+09 3.922E+02 1.196E+00 7.482E-02 1.679E-03 1.976E+03 1.000E+00 2.800E+01 0.000E+00
7.861E+07 7.069E+02 1.005E+00 7.482E-02 2.041E-03 1.432E+03 1.000E+00 2.801E+01 0.000E+00
2.155E+07 7.752E+02 9.740E-01 7.482E-02 2.706E-03 1.387E+03 1.000E+00 2.802E+01 0.000E+00
3.833E+06 7.840E+02 9.713E-01 7.482E-02 3.925E-03 1.387E+03 1.000E+00 2.805E+01 0.000E+00
5.689E+06 5.709E+02 1.084E+00 7.482E-02 6.159E-03 1.576E+03 1.000E+00 2.810E+01 0.000E+00
1.071E+07 8.068E+02 9.587E-01 9.464E-02 1.243E-03 1.377E+03 1.000E+00 2.799E+01 0.000E+00
1.154E+07 8.068E+02 9.587E-01 9.464E-02 1.243E-03 1.377E+03 1.000E+00 2.799E+01 0.000E+00
1.350E+07 8.068E+02 9.587E-01 9.464E-02 1.243E-03 1.377E+03 1.000E+00 2.799E+01 0.000E+00
1.975E+07 8.068E+02 9.587E-01 9.464E-02 1.244E-03 1.378E+03 1.000E+00 2.799E+01 0.000E+00
1.716E+08 8.068E+02 9.587E-01 9.464E-02 1.244E-03 1.377E+03 1.000E+00 2.799E+01 0.000E+00
1.704E+10 7.978E+02 9.626E-01 9.464E-02 1.244E-03 1.382E+03 1.000E+00 2.799E+01 0.000E+00
6.180E+06 9.316E+02 9.092E-01 9.464E-02 1.245E-03 1.320E+03 1.000E+00 2.799E+01 0.000E+00
1.152E+07 9.316E+02 9.093E-01 9.464E-02 1.247E-03 1.320E+03 1.000E+00 2.799E+01 0.000E+00
8.508E+06 9.178E+02 9.144E-01 9.464E-02 1.250E-03 1.325E+03 1.000E+00 2.799E+01 0.000E+00
2.180E+06 3.386E+02 1.236E+00 9.464E-02 1.255E-03 2.260E+03 1.000E+00 2.799E+01 0.000E+00
4.795E+07 8.830E+02 9.276E-01 9.464E-02 1.264E-03 1.340E+03 1.000E+00 2.799E+01 0.000E+00
9.116E+06 9.042E+02 9.195E-01 9.464E-02 1.282E-03 1.333E+03 1.000E+00 2.799E+01 0.000E+00
2.197E+07 8.247E+02 9.512E-01 9.464E-02 1.314E-03 1.368E+03 1.000E+00 2.799E+01 0.000E+00
6.327E+06 8.560E+02 9.384E-01 9.464E-02 1.373E-03 1.353E+03 1.000E+00 2.799E+01 0.000E+00
7.658E+06 7.975E+02 9.629E-01 9.464E-02 1.481E-03 1.383E+03 1.000E+00 2.799E+01 0.000E+00
1.824E+06 2.693E+02 1.291E+00 9.464E-02 1.679E-03 2.986E+03 1.000E+00 2.800E+01 0.000E+00
1.284E+08 7.759E+02 9.730E-01 9.464E-02 2.041E-03 1.399E+03 1.000E+00 2.801E+01 0.000E+00
2.619E+07 9.290E+02 9.114E-01 9.464E-02 2.706E-03 1.331E+03 1.000E+00 2.802E+01 0.000E+00
1.757E+07 7.428E+02 9.901E-01 9.464E-02 3.925E-03 1.430E+03 1.000E+00 2.805E+01 0.000E+00
8.103E+07 4.535E+02 1.162E+00 9.464E-02 6.159E-03 1.789E+03 1.000E+00 2.810E+01 0.000E+00
3.376E+07 9.177E+02 9.144E-01 1.197E-01 1.243E-03 1.350E+03 1.000E+00 2.799E+01 0.000E+00
3.727E+07 9.177E+02 9.144E-01 1.197E-01 1.243E-03 1.353E+03 1.000E+00 2.799E+01 0.000E+00
4.612E+07 9.177E+02 9.144E-01 1.197E-01 1.243E-03 1.350E+03 1.000E+00 2.799E+01 0.000E+00
8.229E+07 9.177E+02 9.144E-01 1.197E-01 1.244E-03 1.351E+03 1.000E+00 2.799E+01 0.000E+00
1.515E+08 9.368E+02 9.074E-01 1.197E-01 1.244E-03 1.342E+03 1.000E+00 2.799E+01 0.000E+00
1.382E+07 9.229E+02 9.125E-01 1.197E-01 1.244E-03 1.348E+03 1.000E+00 2.799E+01 0.000E+00
5.016E+07 9.229E+02 9.125E-01 1.197E-01 1.245E-03 1.347E+03 1.000E+00 2.799E+01 0.000E+00
7.272E+07 6.195E+02 1.049E+00 1.197E-01 1.247E-03 1.540E+03 1.000E+00 2.799E+01 0.000E+00
6.215E+06 9.606E+02 8.988E-01 1.197E-01 1.250E-03 1.334E+03 1.000E+00 2.799E+01 0.000E+00
7.975E+07 9.606E+02 8.988E-01 1.197E-01 1.255E-03 1.334E+03 1.000E+00 2.799E+01 0.000E+00
2.147E+07 7.792E+02 9.708E-01 1.197E-01 1.264E-03 1.414E+03 1.000E+00 2.799E+01 0.000E+00
5.205E+06 4.197E+02 1.176E+00 1.197E-01 1.282E-03 1.907E+03 1.000E+00 2.799E+01 0.000E+00
1.129E+08 3.983E+02 1.191E+00 1.197E-01 1.314E-03 1.979E+03 1.000E+00 2.799E+01 0.000E+00
3.203E+06 3.321E+02 1.242E+00 1.197E-01 1.373E-03 2.313E+03 1.000E+00 2.799E+01 0.000E+00
9.782E+06 2.551E+02 1.302E+00 1.197E-01 1.481E-03 3.296E+03 1.000E+00 2.799E+01 0.000E+00
4.570E+06 8.473E+02 9.422E-01 1.197E-01 1.679E-03 1.382E+03 1.000E+00 2.800E+01 0.000E+00
3.355E+07 8.514E+02 9.409E-01 1.197E-01 2.041E-03 1.384E+03 1.000E+00 2.801E+01 0.000E+00
1.052E+07 6.649E+02 1.027E+00 1.197E-01 2.706E-03 1.504E+03 1.000E+00 2.802E+01 0.000E+00
2.258E+06 2.672E+02 1.302E+00 1.197E-01 3.925E-03 2.963E+03 1.000E+00 2.805E+01 0.000E+00
2.988E+07 9.669E+02 9.003E-01 1.197E-01 6.159E-03 1.382E+03 1.000E+00 2.810E+01 0.000E+00
3.347E+06 6.359E+02 1.041E+00 1.514E-01 1.243E-03 1.550E+03 1.000E+00 2.799E+01 0.000E+00
3.495E+06 6.359E+02 1.041E+00 1.514E-01 1.243E-03 1.550E+03 1.000E+00 2.799E+01 0.000E+00
3.810E+06 6.359E+02 1.041E+00 1.514E-01 1.243E-03 1.591E+03 1.000E+00 2.799E+01 0.000E+00
4.591E+06 6.359E+02 1.041E+00 1.514E-01 1.244E-03 1.550E+03 1.000E+00 2.799E+01 0.000E+00
7.629E+06 6.359E+02 1.041E+00 1.514E-01 1.244E-03 1.550E+03 1.000E+00 2.799E+01 0.000E+00
1.160E+08 4.338E+02 1.166E+00 1.514E-01 1.244E-03 1.884E+03 1.000E+00 2.799E+01 0.000E+00
1.027E+07 7.030E+02 1.006E+00 1.514E-01 1.245E-03 1.493E+03 1.000E+00 2.799E+01 0.000E+00
1.040E+07 3.402E+02 1.235E+00 1.514E-01 1.247E-03 2.277E+03 1.000E+00 2.799E+01 0.000E+00
2.526E+06 3.376E+02 1.237E+00 1.514E-01 1.250E-03 2.293E+03 1.000E+00 2.799E+01 0.000E+00
1.677E+07 5.254E+02 1.105E+00 1.514E-01 1.255E-03 1.688E+03 1.000E+00 2.799E+01 0.000E+00
9.599E+06 7.585E+02 9.801E-01 1.514E-01 1.264E-03 1.457E+03 1.000E+00 2.799E+01 0.000E+00
8.627E+07 8.647E+02 9.349E-01 1.514E-01 1.282E-03 1.405E+03 1.000E+00 2.799E+01 0.000E+00
1.646E+07 3.673E+02 1.215E+00 1.514E-01 1.314E-03 2.128E+03 1.000E+00 2.799E+01 0.000E+00
1.125E+08 9.711E+02 8.952E-01 1.514E-01 1.373E-03 1.371E+03 1.000E+00 2.799E+01 0.000E+00
2.064E+07 9.328E+02 9.090E-01 1.514E-01 1.481E-03 1.501E+03 1.000E+00 2.800E+01 0.000E+00
2.268E+07 7.932E+02 9.651E-01 1.514E-01 1.679E-03 1.443E+03 1.000E+00 2.800E+01 0.000E+00
2.652E+07 8.817E+02 9.289E-01 1.514E-01 2.041E-03 1.407E+03 1.000E+00 2.801E+01 0.000E+00
1.270E+07 4.395E+02 1.165E+00 1.514E-01 2.706E-03 1.868E+03 1.000E+00 2.802E+01 0.000E+00
1.587E+07 9.104E+02 9.194E-01 1.514E-01 3.925E-03 1.421E+03 1.000E+00 2.805E+01 0.000E+00
1.682E+07 8.061E+02 9.639E-01 1.514E-01 6.159E-03 1.489E+03 1.000E+00 2.810E+01 0.000E+00
3.918E+06 3.429E+02 1.234E+00 1.915E-01 1.243E-03 2.283E+03 1.000E+00 2.799E+01 0.000E+00
3.062E+06 3.460E+02 1.231E+00 1.915E-01 1.243E-03 2.265E+03 1.000E+00 2.799E+01 0.000E+00
2.954E+06 8.438E+02 9.434E-01 1.915E-01 1.243E-03 1.466E+03 1.000E+00 2.799E+01 0.000E+00
3.067E+06 8.438E+02 9.434E-01 1.915E-01 1.244E-03 1.466E+03 1.000E+00 2.799E+01 0.000E+00
3.304E+06 8.438E+02 9.434E-01 1.915E-01 1.244E-03 1.467E+03 1.000E+00 2.799E+01 0.000E+00
3.472E+06 2.442E+02 1.310E+00 1.915E-01 1.244E-03 3.618E+03 1.000E+00 2.799E+01 0.000E+00
3.595E+06 2.357E+02 1.316E+00 1.915E-01 1.245E-03 3.936E+03 1.000E+00 2.799E+01 0.000E+00
2.401E+07 6.774E+02 1.019E+00 1.915E-01 1.247E-03 1.556E+03 1.000E+00 2.799E+01 0.000E+00
3.103E+08 5.623E+02 1.082E+00 1.915E-01 1.250E-03 1.669E+03 1.000E+00 2.799E+01 0.000E+00
2.591E+06 6.418E+02 1.038E+00 1.915E-01 1.255E-03 1.584E+03 1.000E+00 2.799E+01 0.000E+00
1.406E+07 5.546E+02 1.087E+00 1.915E-01 1.264E-03 1.680E+03 1.000E+00 2.799E+01 0.000E+00
5.825E+06 3.488E+02 1.229E+00 1.915E-01 1.282E-03 2.249E+03 1.000E+00 2.799E+01 0.000E+00
6.667E+06 3.077E+02 1.261E+00 1.915E-01 1.314E-03 2.544E+03 1.000E+00 2.799E+01 0.000E+00
1.377E+07 2.533E+02 1.304E+00 1.915E-01 1.373E-03 3.470E+03 1.000E+00 2.799E+01 0.000E+00
6.814E+06 8.898E+02 9.253E-01 1.915E-01 1.481E-03 1.760E+03 1.000E+00 2.800E+01 0.000E+00
1.730E+07 9.101E+02 9.177E-01 1.915E-01 1.679E-03 1.454E+03 1.000E+00 2.800E+01 0.000E+00
1.344E+07 7.442E+02 9.876E-01 1.915E-01 2.041E-03 1.522E+03 1.000E+00 2.801E+01 0.000E+00
2.058E+07 6.672E+02 1.026E+00 1.915E-01 2.706E-03 1.580E+03 1.000E+00 2.802E+01 0.000E+00
6.524E+07 6.401E+02 1.042E+00 1.915E-01 3.925E-03 1.616E+03 1.000E+00 2.805E+01 0.000E+00
7.179E+07 3.174E+02 1.269E+00 1.915E-01 6.159E-03 2.396E+03 1.000E+00 2.810E+01 0.000E+00
7.028E+07 8.289E+02 9.496E-01 2.422E-01 1.243E-03 1.567E+03 1.000E+00 2.799E+01 0.000E+00
1.273E+08 8.289E+02 9.496E-01 2.422E-01 1.243E-03 1.567E+03 1.000E+00 2.799E+01 0.000E+00
9.491E+06 6.680E+02 1.024E+00 2.422E-01 1.243E-03 1.631E+03 1.000E+00 2.799E+01 0.000E+00
1.293E+07 8.336E+02 9.476E-01 2.422E-01 1.244E-03 1.565E+03 1.000E+00 2.799E+01 0.000E+00
3.490E+06 6.519E+02 1.032E+00 2.422E-01 1.244E-03 1.642E+03 1.000E+00 2.799E+01 0.000E+00
6.962E+06 6.519E+02 1.032E+00 2.422E-01 1.244E-03 1.642E+03 1.000E+00 2.799E+01 0.000E+00
6.635E+06 8.143E+02 9.557E-01 2.422E-01 1.245E-03 1.569E+03 1.000E+00 2.799E+01 0.000E+00
2.787E+07 8.407E+02 9.447E-01 2.422E-01 1.247E-03 1.565E+03 1.000E+00 2.799E+01 0.000E+00
1.713E+07 8.861E+02 9.266E-01 2.422E-01 1.250E-03 1.559E+03 1.000E+00 2.799E+01 0.000E+00
1.762E+07 5.515E+02 1.089E+00 2.422E-01 1.255E-03 1.786E+03 1.000E+00 2.799E+01 0.000E+00
4.705E+06 8.356E+02 9.468E-01 2.422E-01 1.264E-03 1.566E+03 1.000E+00 2.799E+01 0.000E+00
8.016E+06 2.719E+02 1.290E+00 2.422E-01 1.282E-03 2.999E+03 1.000E+00 2.799E+01 0.000E+00
1.200E+08 7.729E+02 9.738E-01 2.422E-01 1.314E-03 1.582E+03 1.000E+00 2.799E+01 0.000E+00
2.249E+09 6.724E+02 1.022E+00 2.422E-01 1.373E-03 1.630E+03 1.000E+00 2.799E+01 0.000E+00
7.055E+06 7.758E+02 9.726E-01 2.422E-01 1.481E-03 1.585E+03 1.000E+00 2.800E+01 0.000E+00
1.691E+06 2.393E+02 1.316E+00 2.422E-01 1.679E-03 3.732E+03 1.000E+00 2.800E+01 0.000E+00
2.780E+07 6.284E+02 1.046E+00 2.422E-01 2.041E-03 1.862E+03 1.000E+00 2.801E+01 0.000E+00
6.723E+07 7.601E+02 9.810E-01 2.422E-01 2.706E-03 1.621E+03 1.000E+00 2.803E+01 0.000E+00
1.986E+07 9.085E+02 9.202E-01 2.422E-01 3.925E-03 1.662E+03 1.000E+00 2.805E+01 0.000E+00
3.033E+07 3.167E+02 1.270E+00 2.422E-01 6.159E-03 2.451E+03 1.000E+00 2.810E+01 0.000E+00
2.556E+06 3.589E+02 1.222E+00 3.064E-01 1.243E-03 2.289E+03 1.000E+00 2.799E+01 0.000E+00
2.739E+06 3.589E+02 1.222E+00 3.064E-01 1.243E-03 2.289E+03 1.000E+00 2.799E+01 0.000E+00
3.159E+06 3.589E+02 1.222E+00 3.064E-01 1.243E-03 2.290E+03 1.000E+00 2.799E+01 0.000E+00
4.451E+06 3.589E+02 1.222E+00 3.064E-01 1.244E-03 2.290E+03 1.000E+00 2.799E+01 0.000E+00
2.181E+07 3.589E+02 1.222E+00 3.064E-01 1.244E-03 2.289E+03 1.000E+00 2.799E+01 0.000E+00
3.739E+06 8.908E+02 9.248E-01 3.064E-01 1.244E-03 1.846E+03 1.000E+00 2.799E+01 0.000E+00
2.411E+07 7.426E+02 9.876E-01 3.064E-01 1.245E-03 1.761E+03 1.000E+00 2.799E+01 0.000E+00
6.140E+06 2.770E+02 1.287E+00 3.064E-01 1.247E-03 2.958E+03 1.000E+00 2.799E+01 0.000E+00
9.091E+07 5.528E+02 1.088E+00 3.064E-01 1.250E-03 1.835E+03 1.000E+00 2.799E+01 0.000E+00
2.896E+07 2.761E+02 1.287E+00 3.064E-01 1.255E-03 2.970E+03 1.000E+00 2.799E+01 0.000E+00
2.940E+06 2.711E+02 1.291E+00 3.064E-01 1.264E-03 3.044E+03 1.000E+00 2.799E+01 0.000E+00
1.181E+07 4.268E+02 1.171E+00 3.064E-01 1.282E-03 2.048E+03 1.000E+00 2.799E+01 0.000E+00
2.867E+07 9.602E+02 8.991E-01 3.064E-01 1.314E-03 1.962E+03 1.000E+00 2.800E+01 0.000E+00
8.218E+06 7.851E+02 9.685E-01 3.064E-01 1.373E-03 1.780E+03 1.000E+00 2.800E+01 0.000E+00
6.311E+06 5.079E+02 1.117E+00 3.064E-01 1.481E-03 1.894E+03 1.000E+00 2.800E+01 0.000E+00
5.013E+06 7.969E+02 9.636E-01 3.064E-01 1.679E-03 1.805E+03 1.000E+00 2.800E+01 0.000E+00
2.655E+07 8.616E+02 9.370E-01 3.064E-01 2.041E-03 1.889E+03 1.000E+00 2.801E+01 0.000E+00
1.545E+07 9.606E+02 9.001E-01 3.064E-01 2.706E-03 2.232E+03 1.000E+00 2.803E+01 0.000E+00
1.414E+08 2.136E+02 1.347E+00 3.064E-01 3.925E-03 4.597E+03 1.000E+00 2.805E+01 0.000E+00
9.141E+07 3.604E+02 1.235E+00 3.064E-01 6.159E-03 2.321E+03 1.000E+00 2.811E+01 0.000E+00
4.254E+06 2.276E+02 1.326E+00 3.875E-01 1.243E-03 4.221E+03 1.000E+00 2.800E+01 0.000E+00
4.627E+06 2.276E+02 1.326E+00 3.875E-01 1.243E-03 4.222E+03 1.000E+00 2.800E+01 0.000E+00
5.524E+06 2.276E+02 1.326E+00 3.875E-01 1.243E-03 4.221E+03 1.000E+00 2.800E+01 0.000E+00
8.677E+06 2.276E+02 1.326E+00 3.875E-01 1.244E-03 4.222E+03 1.000E+00 2.800E+01 0.000E+00
6.560E+06 5.916E+02 1.066E+00 3.875E-01 1.244E-03 2.074E+03 1.000E+00 2.800E+01 0.000E+00
5.651E+07 6.100E+02 1.055E+00 3.875E-01 1.244E-03 2.113E+03 1.000E+00 2.800E+01 0.000E+00
1.838E+07 5.990E+02 1.061E+00 3.875E-01 1.245E-03 2.079E+03 1.000E+00 2.800E+01 0.000E+00
7.204E+06 3.793E+02 1.207E+00 3.875E-01 1.247E-03 2.311E+03 1.000E+00 2.800E+01 0.000E+00
1.245E+07 4.855E+02 1.131E+00 3.875E-01 1.250E-03 2.092E+03 1.000E+00 2.800E+01 0.000E+00
4.443E+07 3.893E+02 1.200E+00 3.875E-01 1.255E-03 2.281E+03 1.000E+00 2.800E+01 0.000E+00
2.794E+06 7.693E+02 9.755E-01 3.875E-01 1.264E-03 2.801E+03 1.000E+00 2.800E+01 0.000E+00
1.045E+07 7.273E+02 9.950E-01 3.875E-01 1.282E-03 2.428E+03 1.000E+00 2.800E+01 0.000E+00
1.251E+07 7.097E+02 1.003E+00 3.875E-01 1.314E-03 2.347E+03 1.000E+00 2.800E+01 0.000E+00
3.211E+06 2.482E+02 1.311E+00 3.875E-01 1.373E-03 3.529E+03 1.000E+00 2.800E+01 0.000E+00
4.451E+06 5.756E+02 1.075E+00 3.875E-01 1.481E-03 2.084E+03 1.000E+00 2.800E+01 0.000E+00
5.600E+06 6.760E+02 1.021E+00 3.875E-01 1.679E-03 2.285E+03 1.000E+00 2.801E+01 0.000E+00
2.190E+07 7.019E+02 1.008E+00 3.875E-01 2.041E-03 2.536E+03 1.000E+00 2.801E+01 0.000E+00
9.055E+06 5.754E+02 1.077E+00 3.875E-01 2.706E-03 2.198E+03 1.000E+00 2.803E+01 0.000E+00
2.441E+06 6.274E+02 1.049E+00 3.875E-01 3.925E-03 2.579E+03 1.000E+00 2.806E+01 0.000E+00
5.057E+06 3.912E+02 1.210E+00 3.875E-01 6.159E-03 2.480E+03 1.000E+00 2.811E+01 0.000E+00
1.781E+06 2.396E+02 1.319E+00 4.902E-01 1.243E-03 3.831E+03 1.000E+00 2.800E+01 0.000E+00
1.849E+06 2.396E+02 1.319E+00 4.902E-01 1.243E-03 3.831E+03 1.000E+00 2.800E+01 0.000E+00
1.991E+06 2.396E+02 1.319E+00 4.902E-01 1.243E-03 3.831E+03 1.000E+00 2.800E+01 0.000E+00
6.699E+06 3.093E+02 1.263E+00 4.902E-01 1.244E-03 2.855E+03 1.000E+00 2.800E+01 0.000E+00
1.685E+06 4.591E+02 1.150E+00 4.902E-01 1.244E-03 2.588E+03 1.000E+00 2.800E+01 0.000E+00
2.744E+06 2.935E+02 1.276E+00 4.902E-01 1.244E-03 2.983E+03 1.000E+00 2.800E+01 0.000E+00
5.396E+06 4.634E+02 1.147E+00 4.902E-01 1.245E-03 2.601E+03 1.000E+00 2.800E+01 0.000E+00
1.916E+06 5.069E+02 1.118E+00 4.902E-01 1.247E-03 2.853E+03 1.000E+00 2.800E+01 0.000E+00
8.949E+06 3.867E+02 1.202E+00 4.902E-01 1.250E-03 2.556E+03 1.000E+00 2.800E+01 0.000E+00
7.589E+06 4.989E+02 1.123E+00 4.902E-01 1.255E-03 2.788E+03 1.000E+00 2.800E+01 0.000E+00
7.609E+06 4.925E+02 1.127E+00 4.902E-01 1.264E-03 2.743E+03 1.000E+00 2.800E+01 0.000E+00
5.158E+06 2.991E+02 1.272E+00 4.902E-01 1.282E-03 2.933E+03 1.000E+00 2.800E+01 0.000E+00
4.188E+07 3.720E+02 1.214E+00 4.902E-01 1.314E-03 2.587E+03 1.000E+00 2.800E+01 0.000E+00
1.153E+07 3.588E+02 1.224E+00 4.902E-01 1.373E-03 2.625E+03 1.000E+00 2.800E+01 0.000E+00
3.260E+07 4.617E+02 1.148E+00 4.902E-01 1.481E-03 2.640E+03 1.000E+00 2.800E+01 0.000E+00
4.313E+07 3.114E+02 1.263E+00 4.902E-01 1.679E-03 2.853E+03 1.000E+00 2.801E+01 0.000E+00
6.964E+06 4.869E+02 1.132E+00 4.902E-01 2.041E-03 2.975E+03 1.000E+00 2.802E+01 0.000E+00
3.635E+07 2.811E+02 1.291E+00 4.902E-01 2.706E-03 3.122E+03 1.000E+00 2.803E+01 0.000E+00
1.432E+07 2.370E+02 1.333E+00 4.902E-01 3.925E-03 3.786E+03 1.000E+00 2.806E+01 0.000E+00
1.386E+07 3.214E+02 1.269E+00 4.902E-01 6.159E-03 3.137E+03 1.000E+00 2.811E+01 0.000E+00
3.041E+07 2.652E+02 1.301E+00 6.200E-01 1.243E-03 3.623E+03 1.000E+00 2.800E+01 0.000E+00
5.818E+08 2.652E+02 1.301E+00 6.200E-01 1.243E-03 3.623E+03 1.000E+00 2.800E+01 0.000E+00
2.274E+06 2.672E+02 1.299E+00 6.200E-01 1.243E-03 3.601E+03 1.000E+00 2.800E+01 0.000E+00
3.680E+06 2.724E+02 1.295E+00 6.200E-01 1.244E-03 3.553E+03 1.000E+00 2.800E+01 0.000E+00
1.097E+07 2.724E+02 1.295E+00 6.200E-01 1.244E-03 3.549E+03 1.000E+00 2.800E+01 0.000E+00
4.536E+06 2.633E+02 1.302E+00 6.200E-01 1.244E-03 3.645E+03 1.000E+00 2.800E+01 0.000E+00
4.385E+06 2.663E+02 1.300E+00 6.200E-01 1.245E-03 3.611E+03 1.000E+00 2.800E+01 0.000E+00
9.514E+05 2.673E+02 1.299E+00 6.200E-01 1.247E-03 3.602E+03 1.000E+00 2.800E+01 0.000E+00
9.614E+06 2.902E+02 1.280E+00 6.200E-01 1.250E-03 3.424E+03 1.000E+00 2.800E+01 0.000E+00
3.931E+06 3.156E+02 1.259E+00 6.200E-01 1.255E-03 3.370E+03 1.000E+00 2.800E+01 0.000E+00
1.938E+06 3.421E+02 1.238E+00 6.200E-01 1.264E-03 3.500E+03 1.000E+00 2.800E+01 0.000E+00
6.197E+06 2.730E+02 1.294E+00 6.200E-01 1.282E-03 3.546E+03 1.000E+00 2.800E+01 0.000E+00
4.226E+06 2.894E+02 1.281E+00 6.200E-01 1.314E-03 3.435E+03 1.000E+00 2.800E+01 0.000E+00
1.891E+06 2.162E+02 1.340E+00 6.200E-01 1.373E-03 4.822E+03 1.000E+00 2.800E+01 0.000E+00
1.700E+07 2.376E+02 1.324E+00 6.200E-01 1.481E-03 4.105E+03 1.000E+00 2.801E+01 0.000E+00
2.756E+07 2.067E+02 1.348E+00 6.200E-01 1.679E-03 5.373E+03 1.000E+00 2.801E+01 0.000E+00
1.297E+07 3.472E+02 1.236E+00 6.200E-01 2.041E-03 4.057E+03 1.000E+00 2.802E+01 0.000E+00
4.921E+06 2.485E+02 1.320E+00 6.200E-01 2.706E-03 3.931E+03 1.000E+00 2.803E+01 0.000E+00
5.571E+07 2.529E+02 1.322E+00 6.200E-01 3.925E-03 4.015E+03 1.000E+00 2.806E+01 0.000E+00
1.378E+06 2.505E+02 1.333E+00 6.200E-01 6.159E-03 4.660E+03 1.000E+00 2.811E+01 0.000E+00
2.510E+06 2.028E+02 1.353E+00 7.842E-01 1.243E-03 6.035E+03 1.000E+00 2.800E+01 0.000E+00
2.521E+06 2.028E+02 1.353E+00 7.842E-01 1.243E-03 6.037E+03 1.000E+00 2.800E+01 0.000E+00
2.541E+06 2.028E+02 1.353E+00 7.842E-01 1.243E-03 6.035E+03 1.000E+00 2.800E+01 0.000E+00
7.689E+06 2.146E+02 1.344E+00 7.842E-01 1.244E-03 5.515E+03 1.000E+00 2.800E+01 0.000E+00
2.667E+06 2.028E+02 1.353E+00 7.842E-01 1.244E-03 6.035E+03 1.000E+00 2.800E+01 0.000E+00
5.257E+06 2.411E+02 1.323E+00 7.842E-01 1.244E-03 5.357E+03 1.000E+00 2.800E+01 0.000E+00
1.332E+06 2.447E+02 1.320E+00 7.842E-01 1.245E-03 5.410E+03 1.000E+00 2.800E+01 0.000E+00
7.390E+06 2.447E+02 1.320E+00 7.842E-01 1.247E-03 5.410E+03 1.000E+00 2.800E+01 0.000E+00
2.021E+06 2.452E+02 1.320E+00 7.842E-01 1.250E-03 5.429E+03 1.000E+00 2.800E+01 0.000E+00
1.327E+06 2.462E+02 1.319E+00 7.842E-01 1.255E-03 5.470E+03 1.000E+00 2.800E+01 0.000E+00
3.744E+06 2.244E+02 1.337E+00 7.842E-01 1.264E-03 5.312E+03 1.000E+00 2.800E+01 0.000E+00
1.225E+06 2.317E+02 1.331E+00 7.842E-01 1.282E-03 5.268E+03 1.000E+00 2.801E+01 0.000E+00
8.336E+06 2.209E+02 1.340E+00 7.842E-01 1.314E-03 5.381E+03 1.000E+00 2.801E+01 0.000E+00
4.707E+06 2.101E+02 1.348E+00 7.842E-01 1.373E-03 5.689E+03 1.000E+00 2.801E+01 0.000E+00
5.327E+06 2.364E+02 1.328E+00 7.842E-01 1.481E-03 5.415E+03 1.000E+00 2.801E+01 0.000E+00
8.950E+06 2.404E+02 1.326E+00 7.842E-01 1.679E-03 5.708E+03 1.000E+00 2.801E+01 0.000E+00
6.201E+06 2.061E+02 1.355E+00 7.842E-01 2.041E-03 5.946E+03 1.000E+00 2.802E+01 0.000E+00
1.150E+06 2.134E+02 1.353E+00 7.842E-01 2.706E-03 6.046E+03 1.000E+00 2.804E+01 0.000E+00
1.295E+06 2.020E+02 1.368E+00 7.842E-01 3.925E-03 6.956E+03 1.000E+00 2.807E+01 0.000E+00
NAN NAN NAN 7.842E-01 6.159E-03 NAN 1.000E+00 2.812E+01 0.000E+00
NAN NAN NAN 9.919E-01 1.243E-03 NAN 1.000E+00 2.801E+01 0.000E+00
NAN NAN NAN 9.919E-01 1.243E-03 NAN 1.000E+00 2.801E+01 0.000E+00
NAN NAN NAN 9.919E-01 1.243E-03 NAN 1.000E+00 2.801E+01 0.000E+00
NAN NAN NAN 9.919E-01 1.244E-03 NAN 1.000E+00 2.801E+01 0.000E+00
NAN NAN NAN 9.919E-01 1.244E-03 NAN 1.000E+00 2.801E+01 0.000E+00
NAN NAN NAN 9.919E-01 1.244E-03 NAN 1.000E+00 2.801E+01 0.000E+00
NAN NAN NAN 9.919E-01 1.245E-03 NAN 1.000E+00 2.801E+01 0.000E+00
NAN NAN NAN 9.919E-01 1.247E-03 NAN 1.000E+00 2.801E+01 0.000E+00
NAN NAN NAN 9.919E-01 1.250E-03 NAN 1.000E+00 2.801E+01 0.000E+00
NAN NAN NAN 9.919E-01 1.255E-03 NAN 1.000E+00 2.801E+01 0.000E+00
NAN NAN NAN 9.919E-01 1.264E-03 NAN 1.000E+00 2.801E+01 0.000E+00
NAN NAN NAN 9.919E-01 1.282E-03 NAN 1.000E+00 2.801E+01 0.000E+00
NAN NAN NAN 9.919E-01 1.314E-03 NAN 1.000E+00 2.801E+01 0.000E+00
NAN NAN NAN 9.919E-01 1.373E-03 NAN 1.000E+00 2.801E+01 0.000E+00
NAN NAN NAN 9.919E-01 1.481E-03 NAN 1.000E+00 2.801E+01 0.000E+00
NAN NAN NAN 9.919E-01 1.679E-03 NAN 1.000E+00 2.802E+01 0.000E+00
NAN NAN NAN 9.919E-01 2.041E-03 NAN 1.000E+00 2.803E+01 0.000E+00
NAN NAN NAN 9.919E-01 2.706E-03 NAN 1.000E+00 2.804E+01 0.000E+00
NAN NAN NAN 9.919E-01 3.925E-03 NAN 1.000E+00 2.807E+01 0.000E+00
NAN NAN NAN 9.919E-01 6.159E-03 NAN 1.000E+00 2.812E+01 0.000E+00
NAN NAN NAN 1.255E+00 1.243E-03 NAN 1.000E+00 2.802E+01 0.000E+00
NAN NAN NAN 1.255E+00 1.243E-03 NAN 1.000E+00 2.802E+01 0.000E+00
NAN NAN NAN 1.255E+00 1.243E-03 NAN 1.000E+00 2.802E+01 0.000E+00
NAN NAN NAN 1.255E+00 1.244E-03 NAN 1.000E+00 2.802E+01 0.000E+00
NAN NAN NAN 1.255E+00 1.244E-03 NAN 1.000E+00 2.802E+01 0.000E+00
NAN NAN NAN 1.255E+00 1.244E-03 NAN 1.000E+00 2.802E+01 0.000E+00
NAN NAN NAN 1.255E+00 1.245E-03 NAN 1.000E+00 2.802E+01 0.000E+00
NAN NAN NAN 1.255E+00 1.247E-03 NAN 1.000E+00 2.802E+01 0.000E+00
NAN NAN NAN 1.255E+00 1.250E-03 NAN 1.000E+00 2.802E+01 0.000E+00
NAN NAN NAN 1.255E+00 1.255E-03 NAN 1.000E+00 2.802E+01 0.000E+00
NAN NAN NAN 1.255E+00 1.264E-03 NAN 1.000E+00 2.802E+01 0.000E+00
NAN NAN NAN 1.255E+00 1.282E-03 NAN 1.000E+00 2.802E+01 0.000E+00
NAN NAN NAN 1.255E+00 1.314E-03 NAN 1.000E+00 2.802E+01 0.000E+00
NAN NAN NAN 1.255E+00 1.373E-03 NAN 1.000E+00 2.802E+01 0.000E+00
NAN NAN NAN 1.255E+00 1.481E-03 NAN 1.000E+00 2.802E+01 0.000E+00
NAN NAN NAN 1.255E+00 1.679E-03 NAN 1.000E+00 2.803E+01 0.000E+00
NAN NAN NAN 1.255E+00 2.041E-03 NAN 1.000E+00 2.803E+01 0.000E+00
NAN NAN NAN 1.255E+00 2.706E-03 NAN 1.000E+00 2.805E+01 0.000E+00
NAN NAN NAN 1.255E+00 3.925E-03 NAN 1.000E+00 2.808E+01 0.000E+00
NAN NAN NAN 1.255E+00 6.159E-03 NAN 1.000E+00 2.813E+01 0.000E+00
NAN NAN NAN 1.587E+00 1.243E-03 NAN 1.000E+00 2.802E+01 0.000E+00
NAN NAN NAN 1.587E+00 1.243E-03 NAN 1.000E+00 2.802E+01 0.000E+00
NAN NAN NAN 1.587E+00 1.243E-03 NAN 1.000E+00 2.802E+01 0.000E+00
NAN NAN NAN 1.587E+00 1.244E-03 NAN 1.000E+00 2.802E+01 0.000E+00
NAN NAN NAN 1.587E+00 1.244E-03 NAN 1.000E+00 2.802E+01 0.000E+00
NAN NAN NAN 1.587E+00 1.244E-03 NAN 1.000E+00 2.802E+01 0.000E+00
NAN NAN NAN 1.587E+00 1.245E-03 NAN 1.000E+00 2.802E+01 0.000E+00
NAN NAN NAN 1.587E+00 1.247E-03 NAN 1.000E+00 2.802E+01 0.000E+00
NAN NAN NAN 1.587E+00 1.250E-03 NAN 1.000E+00 2.802E+01 0.000E+00
NAN NAN NAN 1.587E+00 1.255E-03 NAN 1.000E+00 2.802E+01 0.000E+00
NAN NAN NAN 1.587E+00 1.264E-03 NAN 1.000E+00 2.802E+01 0.000E+00
NAN NAN NAN 1.587E+00 1.282E-03 NAN 1.000E+00 2.802E+01 0.000E+00
NAN NAN NAN 1.587E+00 1.314E-03 NAN 1.000E+00 2.802E+01 0.000E+00
NAN NAN NAN 1.587E+00 1.373E-03 NAN 1.000E+00 2.803E+01 0.000E+00
NAN NAN NAN 1.587E+00 1.481E-03 NAN 1.000E+00 2.803E+01 0.000E+00
NAN NAN NAN 1.587E+00 1.679E-03 NAN 1.000E+00 2.803E+01 0.000E+00
NAN NAN NAN 1.587E+00 2.041E-03 NAN 1.000E+00 2.804E+01 0.000E+00
NAN NAN NAN 1.587E+00 2.706E-03 NAN 1.000E+00 2.806E+01 0.000E+00
NAN NAN NAN 1.587E+00 3.925E-03 NAN 1.000E+00 2.808E+01 0.000E+00
NAN NAN NAN 1.587E+00 6.159E-03 NAN 1.000E+00 2.814E+01 0.000E+00
NAN NAN NAN 2.007E+00 1.243E-03 NAN 1.000E+00 2.803E+01 3.000E+00
NAN NAN NAN 2.007E+00 1.243E-03 NAN 1.000E+00 2.803E+01 3.000E+00
NAN NAN NAN 2.007E+00 1.243E-03 NAN 1.000E+00 2.803E+01 3.000E+00
NAN NAN NAN 2.007E+00 1.244E-03 NAN 1.000E+00 2.803E+01 3.000E+00
NAN NAN NAN 2.007E+00 1.244E-03 NAN 1.000E+00 2.803E+01 3.000E+00
NAN NAN NAN 2.007E+00 1.244E-03 NAN 1.000E+00 2.803E+01 3.000E+00
NAN NAN NAN 2.007E+00 1.245E-03 NAN 1.000E+00 2.803E+01 3.000E+00
NAN NAN NAN 2.007E+00 1.247E-03 NAN 1.000E+00 2.803E+01 3.000E+00
NAN NAN NAN 2.007E+00 1.250E-03 NAN 1.000E+00 2.803E+01 3.000E+00
NAN NAN NAN 2.007E+00 1.255E-03 NAN 1.000E+00 2.803E+01 3.000E+00
NAN NAN NAN 2.007E+00 1.264E-03 NAN 1.000E+00 2.803E+01 3.000E+00
NAN NAN NAN 2.007E+00 1.282E-03 NAN 1.000E+00 2.803E+01 3.000E+00
NAN NAN NAN 2.007E+00 1.314E-03 NAN 1.000E+00 2.803E+01 3.000E+00
NAN NAN NAN 2.007E+00 1.373E-03 NAN 1.000E+00 2.804E+01 3.000E+00
NAN NAN NAN 2.007E+00 1.481E-03 NAN 1.000E+00 2.804E+01 3.000E+00
NAN NAN NAN 2.007E+00 1.679E-03 NAN 1.000E+00 2.804E+01 3.000E+00
NAN NAN NAN 2.007E+00 2.041E-03 NAN 1.000E+00 2.805E+01 3.000E+00
NAN NAN NAN 2.007E+00 2.706E-03 NAN 1.000E+00 2.807E+01 3.000E+00
NAN NAN NAN 2.007E+00 3.925E-03 NAN 1.000E+00 2.809E+01 3.000E+00
NAN NAN NAN 2.007E+00 6.159E-03 NAN 1.000E+00 2.815E+01 3.000E+00
NAN NAN NAN 2.539E+00 1.243E-03 NAN 1.000E+00 2.804E+01 3.000E+00
NAN NAN NAN 2.539E+00 1.243E-03 NAN 1.000E+00 2.804E+01 3.000E+00
NAN NAN NAN 2.539E+00 1.243E-03 NAN 1.000E+00 2.804E+01 3.000E+00
NAN NAN NAN 2.539E+00 1.244E-03 NAN 1.000E+00 2.804E+01 3.000E+00
NAN NAN NAN 2.539E+00 1.244E-03 NAN 1.000E+00 2.804E+01 3.000E+00
NAN NAN NAN 2.539E+00 1.244E-03 NAN 1.000E+00 2.804E+01 3.000E+00
NAN NAN NAN 2.539E+00 1.245E-03 NAN 1.000E+00 2.804E+01 3.000E+00
NAN NAN NAN 2.539E+00 1.247E-03 NAN 1.000E+00 2.804E+01 3.000E+00
NAN NAN NAN 2.539E+00 1.250E-03 NAN 1.000E+00 2.804E+01 3.000E+00
NAN NAN NAN 2.539E+00 1.255E-03 NAN 1.000E+00 2.804E+01 3.000E+00
NAN NAN NAN 2.539E+00 1.264E-03 NAN 1.000E+00 2.805E+01 3.000E+00
NAN NAN NAN 2.539E+00 1.282E-03 NAN 1.000E+00 2.805E+01 3.000E+00
NAN NAN NAN 2.539E+00 1.314E-03 NAN 1.000E+00 2.805E+01 3.000E+00
NAN NAN NAN 2.539E+00 1.373E-03 NAN 1.000E+00 2.805E+01 3.000E+00
NAN NAN NAN 2.539E+00 1.481E-03 NAN 1.000E+00 2.805E+01 3.000E+00
NAN NAN NAN 2.539E+00 1.679E-03 NAN 1.000E+00 2.805E+01 3.000E+00
NAN NAN NAN 2.539E+00 2.041E-03 NAN 1.000E+00 2.806E+01 3.000E+00
NAN NAN NAN 2.539E+00 2.706E-03 NAN 1.000E+00 2.808E+01 3.000E+00
NAN NAN NAN 2.539E+00 3.925E-03 NAN 1.000E+00 2.811E+01 3.000E+00
NAN NAN NAN 2.539E+00 6.159E-03 NAN 1.000E+00 2.816E+01 3.000E+00
NAN NAN NAN 3.211E+00 1.243E-03 NAN 1.000E+00 2.806E+01 3.000E+00
NAN NAN NAN 3.211E+00 1.243E-03 NAN 1.000E+00 2.806E+01 3.000E+00
NAN NAN NAN 3.211E+00 1.243E-03 NAN 1.000E+00 2.806E+01 3.000E+00
NAN NAN NAN 3.211E+00 1.244E-03 NAN 1.000E+00 2.806E+01 3.000E+00
NAN NAN NAN 3.211E+00 1.244E-03 NAN 1.000E+00 2.806E+01 3.000E+00
NAN NAN NAN 3.211E+00 1.244E-03 NAN 1.000E+00 2.806E+01 3.000E+00
NAN NAN NAN 3.211E+00 1.245E-03 NAN 1.000E+00 2.806E+01 3.000E+00
NAN NAN NAN 3.211E+00 1.247E-03 NAN 1.000E+00 2.806E+01 3.000E+00
NAN NAN NAN 3.211E+00 1.250E-03 NAN 1.000E+00 2.806E+01 3.000E+00
NAN NAN NAN 3.211E+00 1.255E-03 NAN 1.000E+00 2.806E+01 3.000E+00
NAN NAN NAN 3.211E+00 1.264E-03 NAN 1.000E+00 2.806E+01 3.000E+00
NAN NAN NAN 3.211E+00 1.282E-03 NAN 1.000E+00 2.806E+01 3.000E+00
NAN NAN NAN 3.211E+00 1.314E-03 NAN 1.000E+00 2.806E+01 3.000E+00
NAN NAN NAN 3.211E+00 1.373E-03 NAN 1.000E+00 2.806E+01 3.000E+00
NAN NAN NAN 3.211E+00 1.481E-03 NAN 1.000E+00 2.807E+01 3.000E+00
NAN NAN NAN 3.211E+00 1.679E-03 NAN 1.000E+00 2.807E+01 3.000E+00
NAN NAN NAN 3.211E+00 2.041E-03 NAN 1.000E+00 2.808E+01 3.000E+00
NAN NAN NAN 3.211E+00 2.706E-03 NAN 1.000E+00 2.809E+01 3.000E+00
NAN NAN NAN 3.211E+00 3.925E-03 NAN 1.000E+00 2.812E+01 3.000E+00
NAN NAN NAN 3.211E+00 6.159E-03 NAN 1.000E+00 2.817E+01 3.000E+00
NAN NAN NAN 4.062E+00 1.243E-03 NAN 1.000E+00 2.808E+01 3.000E+00
NAN NAN NAN 4.062E+00 1.243E-03 NAN 1.000E+00 2.808E+01 3.000E+00
NAN NAN NAN 4.062E+00 1.243E-03 NAN 1.000E+00 2.808E+01 3.000E+00
NAN NAN NAN 4.062E+00 1.244E-03 NAN 1.000E+00 2.808E+01 3.000E+00
NAN NAN NAN 4.062E+00 1.244E-03 NAN 1.000E+00 2.808E+01 3.000E+00
NAN NAN NAN 4.062E+00 1.244E-03 NAN 1.000E+00 2.808E+01 3.000E+00
NAN NAN NAN 4.062E+00 1.245E-03 NAN 1.000E+00 2.808E+01 3.000E+00
NAN NAN NAN 4.062E+00 1.247E-03 NAN 1.000E+00 2.808E+01 3.000E+00
NAN NAN NAN 4.062E+00 1.250E-03 NAN 1.000E+00 2.808E+01 3.000E+00
NAN NAN NAN 4.062E+00 1.255E-03 NAN 1.000E+00 2.808E+01 3.000E+00
NAN NAN NAN 4.062E+00 1.264E-03 NAN 1.000E+00 2.808E+01 3.000E+00
NAN NAN NAN 4.062E+00 1.282E-03 NAN 1.000E+00 2.808E+01 3.000E+00
NAN NAN NAN 4.062E+00 1.314E-03 NAN 1.000E+00 2.808E+01 3.000E+00
NAN NAN NAN 4.062E+00 1.373E-03 NAN 1.000E+00 2.808E+01 3.000E+00
NAN NAN NAN 4.062E+00 1.481E-03 NAN 1.000E+00 2.809E+01 3.000E+00
NAN NAN NAN 4.062E+00 1.679E-03 NAN 1.000E+00 2.809E+01 3.000E+00
NAN NAN NAN 4.062E+00 2.041E-03 NAN 1.000E+00 2.810E+01 3.000E+00
NAN NAN NAN 4.062E+00 2.706E-03 NAN 1.000E+00 2.811E+01 3.000E+00
NAN NAN NAN 4.062E+00 3.925E-03 NAN 1.000E+00 2.814E+01 3.000E+00
NAN NAN NAN 4.062E+00 6.159E-03 NAN 1.000E+00 2.819E+01 3.000E+00
NAN NAN NAN 5.138E+00 1.243E-03 NAN 1.000E+00 2.810E+01 3.000E+00
NAN NAN NAN 5.138E+00 1.243E-03 NAN 1.000E+00 2.810E+01 3.000E+00
NAN NAN NAN 5.138E+00 1.243E-03 NAN 1.000E+00 2.810E+01 3.000E+00
NAN NAN NAN 5.138E+00 1.244E-03 NAN 1.000E+00 2.810E+01 3.000E+00
NAN NAN NAN 5.138E+00 1.244E-03 NAN 1.000E+00 2.810E+01 3.000E+00
NAN NAN NAN 5.138E+00 1.244E-03 NAN 1.000E+00 2.810E+01 3.000E+00
NAN NAN NAN 5.138E+00 1.245E-03 NAN 1.000E+00 2.810E+01 3.000E+00
NAN NAN NAN 5.138E+00 1.247E-03 NAN 1.000E+00 2.810E+01 3.000E+00
NAN NAN NAN 5.138E+00 1.250E-03 NAN 1.000E+00 2.810E+01 3.000E+00
NAN NAN NAN 5.138E+00 1.255E-03 NAN 1.000E+00 2.810E+01 3.000E+00
NAN NAN NAN 5.138E+00 1.264E-03 NAN 1.000E+00 2.810E+01 3.000E+00
NAN NAN NAN 5.138E+00 1.282E-03 NAN 1.000E+00 2.811E+01 3.000E+00
NAN NAN NAN 5.138E+00 1.314E-03 NAN 1.000E+00 2.811E+01 3.000E+00
NAN NAN NAN 5.138E+00 1.373E-03 NAN 1.000E+00 2.811E+01 3.000E+00
NAN NAN NAN 5.138E+00 1.481E-03 NAN 1.000E+00 2.811E+01 3.000E+00
NAN NAN NAN 5.138E+00 1.679E-03 NAN 1.000E+00 2.811E+01 3.000E+00
NAN NAN NAN 5.138E+00 2.041E-03 NAN 1.000E+00 2.812E+01 3.000E+00
NAN NAN NAN 5.138E+00 2.706E-03 NAN 1.000E+00 2.814E+01 3.000E+00
NAN NAN NAN 5.138E+00 3.925E-03 NAN 1.000E+00 2.817E+01 3.000E+00
NAN NAN NAN 5.138E+00 6.159E-03 NAN 1.000E+00 2.822E+01 3.000E+00
