7.473E+05 3.578E+02 3.167E+00 5.137E-05 3.932E-02 1.918E+03 9.868E-01 7.113E+01 2.000E+00
7.601E+05 3.578E+02 3.167E+00 5.137E-05 3.932E-02 1.918E+03 9.868E-01 7.113E+01 2.000E+00
7.849E+05 3.578E+02 3.167E+00 5.137E-05 3.932E-02 1.918E+03 9.868E-01 7.113E+01 2.000E+00
8.353E+05 3.578E+02 3.167E+00 5.137E-05 3.932E-02 1.918E+03 9.868E-01 7.113E+01 2.000E+00
9.489E+05 3.578E+02 3.167E+00 5.137E-05 3.932E-02 1.918E+03 9.868E-01 7.113E+01 2.000E+00
1.278E+06 3.578E+02 3.167E+00 5.137E-05 3.932E-02 1.918E+03 9.868E-01 7.113E+01 2.000E+00
3.922E+06 3.578E+02 3.167E+00 5.137E-05 3.932E-02 1.918E+03 9.868E-01 7.113E+01 2.000E+00
3.518E+06 3.520E+02 3.180E+00 5.137E-05 3.932E-02 1.940E+03 9.868E-01 7.113E+01 2.000E+00
9.100E+06 2.220E+02 3.495E+00 5.137E-05 3.932E-02 3.077E+03 9.868E-01 7.113E+01 2.000E+00
2.066E+06 6.808E+02 2.599E+00 5.137E-05 3.933E-02 1.372E+03 9.868E-01 7.113E+01 2.000E+00
1.314E+07 5.846E+02 2.739E+00 5.137E-05 3.934E-02 1.460E+03 9.868E-01 7.113E+01 2.000E+00
1.195E+07 4.061E+02 3.062E+00 5.137E-05 3.935E-02 1.765E+03 9.868E-01 7.113E+01 2.000E+00
5.308E+07 7.487E+02 2.512E+00 5.137E-05 3.939E-02 1.324E+03 9.868E-01 7.113E+01 2.000E+00
1.081E+07 8.519E+02 2.394E+00 5.137E-05 3.945E-02 1.269E+03 9.869E-01 7.113E+01 2.000E+00
6.424E+06 2.855E+02 3.338E+00 5.137E-05 3.955E-02 2.369E+03 9.870E-01 7.113E+01 2.000E+00
4.960E+06 8.466E+02 2.400E+00 5.137E-05 3.975E-02 1.273E+03 9.872E-01 7.114E+01 2.000E+00
1.081E+06 3.068E+02 3.289E+00 5.137E-05 4.011E-02 2.155E+03 9.875E-01 7.115E+01 2.000E+00
3.116E+06 8.236E+02 2.426E+00 5.137E-05 4.078E-02 1.280E+03 9.881E-01 7.116E+01 2.000E+00
3.068E+06 4.910E+02 2.901E+00 5.137E-05 4.200E-02 1.601E+03 9.893E-01 7.119E+01 2.000E+00
2.550E+06 2.836E+02 3.360E+00 5.137E-05 4.423E-02 2.266E+03 9.914E-01 7.124E+01 2.000E+00
7.879E+05 3.578E+02 3.167E+00 6.498E-05 3.932E-02 1.918E+03 9.868E-01 7.113E+01 2.000E+00
8.023E+05 3.578E+02 3.167E+00 6.498E-05 3.932E-02 1.918E+03 9.868E-01 7.113E+01 2.000E+00
8.846E+05 3.677E+02 3.145E+00 6.498E-05 3.932E-02 1.882E+03 9.868E-01 7.113E+01 2.000E+00
8.876E+05 3.578E+02 3.167E+00 6.498E-05 3.932E-02 1.918E+03 9.868E-01 7.113E+01 2.000E+00
1.019E+06 3.578E+02 3.167E+00 6.498E-05 3.932E-02 1.918E+03 9.868E-01 7.113E+01 2.000E+00
1.414E+06 3.578E+02 3.167E+00 6.498E-05 3.932E-02 1.918E+03 9.868E-01 7.113E+01 2.000E+00
5.759E+06 3.578E+02 3.167E+00 6.498E-05 3.932E-02 1.918E+03 9.868E-01 7.113E+01 2.000E+00
4.934E+06 3.520E+02 3.180E+00 6.498E-05 3.932E-02 1.940E+03 9.868E-01 7.113E+01 2.000E+00
1.921E+07 2.220E+02 3.495E+00 6.498E-05 3.932E-02 3.092E+03 9.868E-01 7.113E+01 2.000E+00
2.188E+06 6.808E+02 2.599E+00 6.498E-05 3.933E-02 1.371E+03 9.868E-01 7.113E+01 2.000E+00
3.240E+07 5.846E+02 2.739E+00 6.498E-05 3.934E-02 1.460E+03 9.868E-01 7.113E+01 2.000E+00
1.434E+08 4.061E+02 3.062E+00 6.498E-05 3.935E-02 1.765E+03 9.868E-01 7.113E+01 2.000E+00
9.183E+06 9.586E+02 2.287E+00 6.498E-05 3.939E-02 1.224E+03 9.868E-01 7.113E+01 2.000E+00
1.236E+07 8.519E+02 2.394E+00 6.498E-05 3.945E-02 1.268E+03 9.869E-01 7.113E+01 2.000E+00
1.624E+07 2.855E+02 3.338E+00 6.498E-05 3.955E-02 2.297E+03 9.870E-01 7.113E+01 2.000E+00
5.260E+06 8.466E+02 2.400E+00 6.498E-05 3.975E-02 1.270E+03 9.872E-01 7.114E+01 2.000E+00
1.187E+06 3.068E+02 3.289E+00 6.498E-05 4.011E-02 2.152E+03 9.875E-01 7.115E+01 2.000E+00
3.246E+06 8.236E+02 2.426E+00 6.498E-05 4.078E-02 1.280E+03 9.882E-01 7.116E+01 2.000E+00
2.148E+06 4.919E+02 2.900E+00 6.498E-05 4.200E-02 1.577E+03 9.893E-01 7.119E+01 2.000E+00
3.319E+06 2.836E+02 3.360E+00 6.498E-05 4.423E-02 2.268E+03 9.914E-01 7.124E+01 2.000E+00
8.469E+05 3.578E+02 3.167E+00 8.219E-05 3.932E-02 1.918E+03 9.868E-01 7.113E+01 2.000E+00
8.638E+05 3.578E+02 3.167E+00 8.219E-05 3.932E-02 1.918E+03 9.868E-01 7.113E+01 2.000E+00
8.968E+05 3.578E+02 3.167E+00 8.219E-05 3.932E-02 1.918E+03 9.868E-01 7.113E+01 2.000E+00
9.650E+05 3.578E+02 3.167E+00 8.219E-05 3.932E-02 1.918E+03 9.868E-01 7.113E+01 2.000E+00
1.124E+06 3.578E+02 3.167E+00 8.219E-05 3.932E-02 1.918E+03 9.868E-01 7.113E+01 2.000E+00
1.636E+06 3.578E+02 3.167E+00 8.219E-05 3.932E-02 1.918E+03 9.868E-01 7.113E+01 2.000E+00
1.441E+07 3.578E+02 3.167E+00 8.219E-05 3.932E-02 1.918E+03 9.868E-01 7.113E+01 2.000E+00
1.019E+07 3.520E+02 3.180E+00 8.219E-05 3.932E-02 1.940E+03 9.868E-01 7.113E+01 2.000E+00
1.735E+06 6.220E+02 2.682E+00 8.219E-05 3.932E-02 1.422E+03 9.868E-01 7.113E+01 2.000E+00
2.366E+06 6.808E+02 2.599E+00 8.219E-05 3.933E-02 1.371E+03 9.868E-01 7.113E+01 2.000E+00
3.652E+08 5.951E+02 2.722E+00 8.219E-05 3.934E-02 1.449E+03 9.868E-01 7.113E+01 2.000E+00
1.859E+06 9.031E+02 2.341E+00 8.219E-05 3.935E-02 1.245E+03 9.868E-01 7.113E+01 2.000E+00
9.499E+06 9.586E+02 2.287E+00 8.219E-05 3.939E-02 1.238E+03 9.869E-01 7.113E+01 2.000E+00
1.514E+07 8.519E+02 2.394E+00 8.219E-05 3.945E-02 1.268E+03 9.869E-01 7.113E+01 2.000E+00
5.000E+06 4.935E+02 2.892E+00 8.219E-05 3.955E-02 1.582E+03 9.870E-01 7.113E+01 2.000E+00
5.700E+06 8.466E+02 2.400E+00 8.219E-05 3.975E-02 1.270E+03 9.872E-01 7.114E+01 2.000E+00
1.357E+06 3.068E+02 3.289E+00 8.219E-05 4.011E-02 2.152E+03 9.875E-01 7.115E+01 2.000E+00
3.428E+06 8.236E+02 2.426E+00 8.219E-05 4.078E-02 1.280E+03 9.882E-01 7.116E+01 2.000E+00
2.536E+06 4.919E+02 2.900E+00 8.219E-05 4.200E-02 1.577E+03 9.893E-01 7.119E+01 2.000E+00
5.405E+06 2.836E+02 3.360E+00 8.219E-05 4.423E-02 2.268E+03 9.914E-01 7.124E+01 2.000E+00
2.653E+06 3.556E+02 3.172E+00 1.040E-04 3.932E-02 1.926E+03 9.868E-01 7.113E+01 2.000E+00
3.019E+07 3.537E+02 3.176E+00 1.040E-04 3.932E-02 1.933E+03 9.868E-01 7.113E+01 2.000E+00
9.996E+05 3.578E+02 3.167E+00 1.040E-04 3.932E-02 1.918E+03 9.868E-01 7.113E+01 2.000E+00
1.087E+06 3.578E+02 3.167E+00 1.040E-04 3.932E-02 1.918E+03 9.868E-01 7.113E+01 2.000E+00
1.298E+06 3.578E+02 3.167E+00 1.040E-04 3.932E-02 1.918E+03 9.868E-01 7.113E+01 2.000E+00
2.053E+06 3.578E+02 3.167E+00 1.040E-04 3.932E-02 1.918E+03 9.868E-01 7.113E+01 2.000E+00
4.708E+06 4.274E+02 3.018E+00 1.040E-04 3.932E-02 1.712E+03 9.868E-01 7.113E+01 2.000E+00
1.014E+08 4.188E+02 3.036E+00 1.040E-04 3.932E-02 1.732E+03 9.868E-01 7.113E+01 2.000E+00
1.916E+06 6.220E+02 2.682E+00 1.040E-04 3.932E-02 1.421E+03 9.868E-01 7.113E+01 2.000E+00
2.642E+06 6.808E+02 2.599E+00 1.040E-04 3.933E-02 1.374E+03 9.868E-01 7.113E+01 2.000E+00
6.373E+08 5.874E+02 2.734E+00 1.040E-04 3.934E-02 1.457E+03 9.868E-01 7.113E+01 2.000E+00
1.891E+06 9.031E+02 2.341E+00 1.040E-04 3.935E-02 1.246E+03 9.868E-01 7.113E+01 2.000E+00
9.932E+06 9.586E+02 2.287E+00 1.040E-04 3.939E-02 1.226E+03 9.869E-01 7.113E+01 2.000E+00
2.122E+07 8.519E+02 2.394E+00 1.040E-04 3.945E-02 1.268E+03 9.869E-01 7.113E+01 2.000E+00
9.572E+06 4.935E+02 2.892E+00 1.040E-04 3.955E-02 1.583E+03 9.870E-01 7.113E+01 2.000E+00
6.379E+06 8.466E+02 2.400E+00 1.040E-04 3.975E-02 1.270E+03 9.872E-01 7.114E+01 2.000E+00
1.663E+06 3.068E+02 3.289E+00 1.040E-04 4.011E-02 2.151E+03 9.876E-01 7.115E+01 2.000E+00
2.228E+06 3.930E+02 3.093E+00 1.040E-04 4.078E-02 1.795E+03 9.882E-01 7.116E+01 2.000E+00
3.303E+06 4.919E+02 2.900E+00 1.040E-04 4.200E-02 1.588E+03 9.894E-01 7.119E+01 2.000E+00
2.803E+07 2.836E+02 3.360E+00 1.040E-04 4.423E-02 2.266E+03 9.915E-01 7.124E+01 2.000E+00
1.086E+06 3.578E+02 3.167E+00 1.315E-04 3.932E-02 1.918E+03 9.868E-01 7.113E+01 2.000E+00
1.115E+06 3.578E+02 3.167E+00 1.315E-04 3.932E-02 1.918E+03 9.868E-01 7.113E+01 2.000E+00
1.173E+06 3.578E+02 3.167E+00 1.315E-04 3.932E-02 1.918E+03 9.868E-01 7.113E+01 2.000E+00
1.298E+06 3.578E+02 3.167E+00 1.315E-04 3.932E-02 1.921E+03 9.868E-01 7.113E+01 2.000E+00
1.620E+06 3.578E+02 3.167E+00 1.315E-04 3.932E-02 1.918E+03 9.868E-01 7.113E+01 2.000E+00
3.056E+06 3.578E+02 3.167E+00 1.315E-04 3.932E-02 1.918E+03 9.868E-01 7.113E+01 2.000E+00
1.493E+07 4.274E+02 3.018E+00 1.315E-04 3.932E-02 1.712E+03 9.868E-01 7.113E+01 2.000E+00
1.177E+06 2.220E+02 3.495E+00 1.315E-04 3.932E-02 3.079E+03 9.868E-01 7.113E+01 2.000E+00
2.214E+06 6.220E+02 2.682E+00 1.315E-04 3.932E-02 1.422E+03 9.868E-01 7.113E+01 2.000E+00
3.109E+06 6.808E+02 2.599E+00 1.315E-04 3.933E-02 1.371E+03 9.869E-01 7.113E+01 2.000E+00
2.568E+06 7.748E+02 2.480E+00 1.315E-04 3.934E-02 1.309E+03 9.869E-01 7.113E+01 2.000E+00
1.933E+06 9.031E+02 2.341E+00 1.315E-04 3.935E-02 1.246E+03 9.869E-01 7.113E+01 2.000E+00
1.054E+07 9.586E+02 2.287E+00 1.315E-04 3.939E-02 1.224E+03 9.869E-01 7.113E+01 2.000E+00
4.362E+07 8.519E+02 2.394E+00 1.315E-04 3.945E-02 1.271E+03 9.870E-01 7.113E+01 2.000E+00
3.721E+06 8.130E+02 2.436E+00 1.315E-04 3.955E-02 1.287E+03 9.871E-01 7.113E+01 2.000E+00
7.526E+06 8.466E+02 2.400E+00 1.315E-04 3.975E-02 1.270E+03 9.872E-01 7.114E+01 2.000E+00
2.347E+06 3.068E+02 3.289E+00 1.315E-04 4.011E-02 2.151E+03 9.876E-01 7.115E+01 2.000E+00
3.357E+06 3.930E+02 3.093E+00 1.315E-04 4.078E-02 1.798E+03 9.882E-01 7.116E+01 2.000E+00
5.427E+06 4.919E+02 2.900E+00 1.315E-04 4.200E-02 1.577E+03 9.894E-01 7.119E+01 2.000E+00
1.964E+06 6.128E+02 2.703E+00 1.315E-04 4.423E-02 1.420E+03 9.915E-01 7.124E+01 2.000E+00
1.369E+06 3.578E+02 3.167E+00 1.663E-04 3.932E-02 1.918E+03 9.869E-01 7.113E+01 2.000E+00
1.417E+06 3.578E+02 3.167E+00 1.663E-04 3.932E-02 1.924E+03 9.869E-01 7.113E+01 2.000E+00
1.515E+06 3.578E+02 3.167E+00 1.663E-04 3.932E-02 1.918E+03 9.869E-01 7.113E+01 2.000E+00
1.737E+06 3.578E+02 3.167E+00 1.663E-04 3.932E-02 1.930E+03 9.869E-01 7.113E+01 2.000E+00
2.392E+06 3.578E+02 3.167E+00 1.663E-04 3.932E-02 1.918E+03 9.869E-01 7.113E+01 2.000E+00
8.383E+06 3.578E+02 3.167E+00 1.663E-04 3.932E-02 1.918E+03 9.869E-01 7.113E+01 2.000E+00
1.826E+06 4.188E+02 3.036E+00 1.663E-04 3.932E-02 1.732E+03 9.869E-01 7.113E+01 2.000E+00
1.402E+06 2.220E+02 3.495E+00 1.663E-04 3.932E-02 3.089E+03 9.869E-01 7.113E+01 2.000E+00
2.773E+06 6.220E+02 2.682E+00 1.663E-04 3.932E-02 1.422E+03 9.869E-01 7.113E+01 2.000E+00
4.030E+06 6.808E+02 2.599E+00 1.663E-04 3.933E-02 1.371E+03 9.869E-01 7.113E+01 2.000E+00
2.896E+06 7.748E+02 2.480E+00 1.663E-04 3.934E-02 1.308E+03 9.869E-01 7.113E+01 2.000E+00
1.988E+06 9.031E+02 2.341E+00 1.663E-04 3.935E-02 1.246E+03 9.869E-01 7.113E+01 2.000E+00
1.143E+07 9.586E+02 2.287E+00 1.663E-04 3.939E-02 1.230E+03 9.869E-01 7.113E+01 2.000E+00
6.288E+06 3.998E+02 3.076E+00 1.663E-04 3.945E-02 1.782E+03 9.870E-01 7.113E+01 2.000E+00
4.307E+06 8.130E+02 2.436E+00 1.663E-04 3.955E-02 1.287E+03 9.871E-01 7.113E+01 2.000E+00
9.780E+06 8.466E+02 2.400E+00 1.663E-04 3.975E-02 1.270E+03 9.873E-01 7.114E+01 2.000E+00
5.023E+06 3.068E+02 3.289E+00 1.663E-04 4.011E-02 2.151E+03 9.876E-01 7.115E+01 2.000E+00
9.839E+06 3.930E+02 3.093E+00 1.663E-04 4.078E-02 1.795E+03 9.883E-01 7.116E+01 2.000E+00
3.315E+07 4.919E+02 2.900E+00 1.663E-04 4.200E-02 1.577E+03 9.894E-01 7.119E+01 2.000E+00
2.396E+06 6.128E+02 2.703E+00 1.663E-04 4.423E-02 1.792E+03 9.915E-01 7.124E+01 2.000E+00
2.075E+06 3.578E+02 3.167E+00 2.104E-04 3.932E-02 1.918E+03 9.869E-01 7.113E+01 2.000E+00
2.192E+06 3.578E+02 3.167E+00 2.104E-04 3.932E-02 1.918E+03 9.869E-01 7.113E+01 2.000E+00
2.446E+06 3.578E+02 3.167E+00 2.104E-04 3.932E-02 1.930E+03 9.869E-01 7.113E+01 2.000E+00
3.113E+06 3.578E+02 3.167E+00 2.104E-04 3.932E-02 1.918E+03 9.869E-01 7.113E+01 2.000E+00
6.349E+06 3.578E+02 3.167E+00 2.104E-04 3.932E-02 1.921E+03 9.869E-01 7.113E+01 2.000E+00
6.112E+06 4.274E+02 3.018E+00 2.104E-04 3.932E-02 1.712E+03 9.869E-01 7.113E+01 2.000E+00
2.940E+06 3.520E+02 3.180E+00 2.104E-04 3.932E-02 1.940E+03 9.869E-01 7.113E+01 2.000E+00
1.860E+06 2.220E+02 3.495E+00 2.104E-04 3.932E-02 3.082E+03 9.869E-01 7.113E+01 2.000E+00
4.133E+06 6.220E+02 2.682E+00 2.104E-04 3.932E-02 1.422E+03 9.869E-01 7.113E+01 2.000E+00
6.563E+06 6.808E+02 2.599E+00 2.104E-04 3.933E-02 1.380E+03 9.869E-01 7.113E+01 2.000E+00
3.468E+06 7.748E+02 2.480E+00 2.104E-04 3.934E-02 1.308E+03 9.869E-01 7.113E+01 2.000E+00
2.064E+06 9.031E+02 2.341E+00 2.104E-04 3.935E-02 1.247E+03 9.869E-01 7.113E+01 2.000E+00
8.877E+06 5.705E+02 2.761E+00 2.104E-04 3.939E-02 1.476E+03 9.870E-01 7.113E+01 2.000E+00
1.671E+06 9.405E+02 2.304E+00 2.104E-04 3.945E-02 1.231E+03 9.870E-01 7.113E+01 2.000E+00
5.405E+06 8.130E+02 2.436E+00 2.104E-04 3.955E-02 1.287E+03 9.871E-01 7.113E+01 2.000E+00
1.591E+07 8.466E+02 2.400E+00 2.104E-04 3.975E-02 1.270E+03 9.873E-01 7.114E+01 2.000E+00
1.748E+06 6.024E+02 2.712E+00 2.104E-04 4.011E-02 1.442E+03 9.877E-01 7.115E+01 2.000E+00
2.167E+06 3.867E+02 3.107E+00 2.104E-04 4.078E-02 1.814E+03 9.883E-01 7.116E+01 2.000E+00
3.248E+06 6.858E+02 2.595E+00 2.104E-04 4.200E-02 1.363E+03 9.895E-01 7.119E+01 2.000E+00
3.360E+06 6.128E+02 2.703E+00 2.104E-04 4.423E-02 1.421E+03 9.916E-01 7.124E+01 2.000E+00
6.498E+06 3.578E+02 3.167E+00 2.661E-04 3.932E-02 1.918E+03 9.870E-01 7.113E+01 2.000E+00
7.879E+06 3.578E+02 3.167E+00 2.661E-04 3.932E-02 1.918E+03 9.870E-01 7.113E+01 2.000E+00
1.295E+07 3.578E+02 3.167E+00 2.661E-04 3.932E-02 1.918E+03 9.870E-01 7.113E+01 2.000E+00
3.338E+06 4.274E+02 3.018E+00 2.661E-04 3.932E-02 1.712E+03 9.870E-01 7.113E+01 2.000E+00
1.201E+06 3.520E+02 3.180E+00 2.661E-04 3.932E-02 1.940E+03 9.870E-01 7.113E+01 2.000E+00
1.816E+06 3.520E+02 3.180E+00 2.661E-04 3.932E-02 1.940E+03 9.870E-01 7.113E+01 2.000E+00
3.573E+08 3.520E+02 3.180E+00 2.661E-04 3.932E-02 1.940E+03 9.870E-01 7.113E+01 2.000E+00
7.725E+06 3.755E+02 3.128E+00 2.661E-04 3.932E-02 1.856E+03 9.870E-01 7.113E+01 2.000E+00
1.168E+07 6.220E+02 2.682E+00 2.661E-04 3.932E-02 1.427E+03 9.870E-01 7.113E+01 2.000E+00
3.750E+07 6.808E+02 2.599E+00 2.661E-04 3.933E-02 1.371E+03 9.870E-01 7.113E+01 2.000E+00
4.667E+06 7.748E+02 2.480E+00 2.661E-04 3.934E-02 1.308E+03 9.870E-01 7.113E+01 2.000E+00
2.171E+06 9.031E+02 2.341E+00 2.661E-04 3.935E-02 1.245E+03 9.870E-01 7.113E+01 2.000E+00
2.514E+07 5.626E+02 2.774E+00 2.661E-04 3.939E-02 1.486E+03 9.870E-01 7.113E+01 2.000E+00
9.386E+06 9.277E+02 2.317E+00 2.661E-04 3.945E-02 1.236E+03 9.871E-01 7.113E+01 2.000E+00
8.073E+06 8.130E+02 2.436E+00 2.661E-04 3.955E-02 1.287E+03 9.872E-01 7.113E+01 2.000E+00
2.436E+07 3.634E+02 3.156E+00 2.661E-04 3.975E-02 1.908E+03 9.874E-01 7.114E+01 2.000E+00
2.387E+06 6.024E+02 2.712E+00 2.661E-04 4.011E-02 1.440E+03 9.877E-01 7.115E+01 2.000E+00
6.723E+06 3.867E+02 3.107E+00 2.661E-04 4.078E-02 1.814E+03 9.884E-01 7.116E+01 2.000E+00
5.204E+06 6.858E+02 2.595E+00 2.661E-04 4.200E-02 1.362E+03 9.895E-01 7.119E+01 2.000E+00
7.142E+06 6.128E+02 2.703E+00 2.661E-04 4.423E-02 1.420E+03 9.916E-01 7.124E+01 2.000E+00
1.341E+06 3.520E+02 3.180E+00 3.366E-04 3.932E-02 1.940E+03 9.870E-01 7.113E+01 2.000E+00
1.387E+06 3.520E+02 3.180E+00 3.366E-04 3.932E-02 1.940E+03 9.870E-01 7.113E+01 2.000E+00
1.481E+06 3.520E+02 3.180E+00 3.366E-04 3.932E-02 1.940E+03 9.870E-01 7.113E+01 2.000E+00
1.692E+06 3.520E+02 3.180E+00 3.366E-04 3.932E-02 1.940E+03 9.870E-01 7.113E+01 2.000E+00
2.309E+06 3.520E+02 3.180E+00 3.366E-04 3.932E-02 1.940E+03 9.870E-01 7.113E+01 2.000E+00
7.444E+06 3.520E+02 3.180E+00 3.366E-04 3.932E-02 1.940E+03 9.870E-01 7.113E+01 2.000E+00
1.650E+06 2.220E+02 3.495E+00 3.366E-04 3.932E-02 3.078E+03 9.870E-01 7.113E+01 2.000E+00
7.385E+07 2.220E+02 3.495E+00 3.366E-04 3.932E-02 3.078E+03 9.870E-01 7.113E+01 2.000E+00
9.380E+06 6.876E+02 2.590E+00 3.366E-04 3.932E-02 1.367E+03 9.870E-01 7.113E+01 2.000E+00
6.536E+06 6.873E+02 2.590E+00 3.366E-04 3.933E-02 1.366E+03 9.870E-01 7.113E+01 2.000E+00
8.627E+06 7.628E+02 2.494E+00 3.366E-04 3.934E-02 1.315E+03 9.871E-01 7.113E+01 2.000E+00
2.325E+06 9.031E+02 2.341E+00 3.366E-04 3.935E-02 1.245E+03 9.871E-01 7.113E+01 2.000E+00
4.958E+06 4.317E+02 3.010E+00 3.366E-04 3.939E-02 1.702E+03 9.871E-01 7.113E+01 2.000E+00
1.257E+07 9.277E+02 2.317E+00 3.366E-04 3.945E-02 1.235E+03 9.872E-01 7.113E+01 2.000E+00
2.272E+07 8.130E+02 2.436E+00 3.366E-04 3.955E-02 1.288E+03 9.873E-01 7.113E+01 2.000E+00
8.992E+06 5.995E+02 2.716E+00 3.366E-04 3.975E-02 1.443E+03 9.874E-01 7.114E+01 2.000E+00
4.801E+06 4.183E+02 3.039E+00 3.366E-04 4.011E-02 1.731E+03 9.878E-01 7.115E+01 2.000E+00
2.956E+07 8.236E+02 2.426E+00 3.366E-04 4.078E-02 1.281E+03 9.884E-01 7.116E+01 2.000E+00
2.564E+07 6.858E+02 2.595E+00 3.366E-04 4.200E-02 1.362E+03 9.896E-01 7.119E+01 2.000E+00
1.033E+07 6.088E+02 2.709E+00 3.366E-04 4.423E-02 1.424E+03 9.917E-01 7.124E+01 2.000E+00
4.346E+06 3.520E+02 3.180E+00 4.257E-04 3.932E-02 1.940E+03 9.871E-01 7.113E+01 2.000E+00
4.918E+06 3.520E+02 3.180E+00 4.257E-04 3.932E-02 1.940E+03 9.871E-01 7.113E+01 2.000E+00
6.489E+06 3.520E+02 3.180E+00 4.257E-04 3.932E-02 1.940E+03 9.871E-01 7.113E+01 2.000E+00
1.589E+07 3.520E+02 3.180E+00 4.257E-04 3.932E-02 1.951E+03 9.871E-01 7.113E+01 2.000E+00
2.886E+07 4.188E+02 3.036E+00 4.257E-04 3.932E-02 1.732E+03 9.871E-01 7.113E+01 2.000E+00
2.846E+06 2.320E+02 3.470E+00 4.257E-04 3.932E-02 2.891E+03 9.871E-01 7.113E+01 2.000E+00
4.128E+06 2.220E+02 3.495E+00 4.257E-04 3.932E-02 3.080E+03 9.871E-01 7.113E+01 2.000E+00
1.646E+06 6.220E+02 2.682E+00 4.257E-04 3.932E-02 1.422E+03 9.871E-01 7.113E+01 2.000E+00
2.584E+06 7.014E+02 2.571E+00 4.257E-04 3.932E-02 1.356E+03 9.871E-01 7.113E+01 2.000E+00
1.383E+06 9.493E+02 2.296E+00 4.257E-04 3.933E-02 1.228E+03 9.871E-01 7.113E+01 2.000E+00
1.637E+06 7.595E+02 2.498E+00 4.257E-04 3.934E-02 1.317E+03 9.871E-01 7.113E+01 2.000E+00
2.559E+06 9.031E+02 2.341E+00 4.257E-04 3.935E-02 1.246E+03 9.871E-01 7.113E+01 2.000E+00
5.336E+06 2.963E+02 3.311E+00 4.257E-04 3.939E-02 2.223E+03 9.872E-01 7.113E+01 2.000E+00
2.232E+07 9.277E+02 2.317E+00 4.257E-04 3.945E-02 1.235E+03 9.872E-01 7.113E+01 2.000E+00
6.758E+07 8.042E+02 2.446E+00 4.257E-04 3.955E-02 1.291E+03 9.873E-01 7.113E+01 2.000E+00
8.398E+06 8.518E+02 2.394E+00 4.257E-04 3.975E-02 1.268E+03 9.875E-01 7.114E+01 2.000E+00
1.381E+06 5.229E+02 2.842E+00 4.257E-04 4.011E-02 1.535E+03 9.879E-01 7.115E+01 2.000E+00
2.328E+06 8.023E+02 2.450E+00 4.257E-04 4.078E-02 1.293E+03 9.885E-01 7.116E+01 2.000E+00
7.315E+06 3.448E+02 3.204E+00 4.257E-04 4.200E-02 1.954E+03 9.897E-01 7.119E+01 2.000E+00
1.561E+07 6.014E+02 2.720E+00 4.257E-04 4.423E-02 1.431E+03 9.918E-01 7.124E+01 2.000E+00
2.140E+06 2.220E+02 3.495E+00 5.385E-04 3.932E-02 3.078E+03 9.872E-01 7.113E+01 2.000E+00
2.213E+06 2.220E+02 3.495E+00 5.385E-04 3.932E-02 3.078E+03 9.872E-01 7.113E+01 2.000E+00
2.360E+06 2.220E+02 3.495E+00 5.385E-04 3.932E-02 3.079E+03 9.872E-01 7.113E+01 2.000E+00
2.690E+06 2.220E+02 3.495E+00 5.385E-04 3.932E-02 3.078E+03 9.872E-01 7.113E+01 2.000E+00
3.628E+06 2.220E+02 3.495E+00 5.385E-04 3.932E-02 3.078E+03 9.872E-01 7.113E+01 2.000E+00
1.034E+07 2.220E+02 3.495E+00 5.385E-04 3.932E-02 3.078E+03 9.872E-01 7.113E+01 2.000E+00
5.776E+06 6.304E+02 2.670E+00 5.385E-04 3.932E-02 1.415E+03 9.872E-01 7.113E+01 2.000E+00
3.144E+06 6.220E+02 2.682E+00 5.385E-04 3.932E-02 1.422E+03 9.872E-01 7.113E+01 2.000E+00
5.885E+06 7.014E+02 2.571E+00 5.385E-04 3.932E-02 1.359E+03 9.872E-01 7.113E+01 2.000E+00
1.596E+06 6.478E+02 2.645E+00 5.385E-04 3.933E-02 1.398E+03 9.872E-01 7.113E+01 2.000E+00
2.146E+06 7.595E+02 2.498E+00 5.385E-04 3.934E-02 1.317E+03 9.872E-01 7.113E+01 2.000E+00
3.001E+06 8.897E+02 2.354E+00 5.385E-04 3.935E-02 1.253E+03 9.873E-01 7.113E+01 2.000E+00
1.570E+08 9.586E+02 2.287E+00 5.385E-04 3.939E-02 1.228E+03 9.873E-01 7.113E+01 2.000E+00
1.916E+06 9.405E+02 2.304E+00 5.385E-04 3.945E-02 1.231E+03 9.874E-01 7.113E+01 2.000E+00
2.242E+06 6.308E+02 2.669E+00 5.385E-04 3.955E-02 1.413E+03 9.874E-01 7.113E+01 2.000E+00
4.610E+07 8.518E+02 2.394E+00 5.385E-04 3.975E-02 1.268E+03 9.876E-01 7.114E+01 2.000E+00
3.229E+06 5.229E+02 2.842E+00 5.385E-04 4.011E-02 1.535E+03 9.880E-01 7.115E+01 2.000E+00
3.228E+06 8.023E+02 2.450E+00 5.385E-04 4.078E-02 1.291E+03 9.886E-01 7.116E+01 2.000E+00
3.190E+06 9.207E+02 2.325E+00 5.385E-04 4.200E-02 1.236E+03 9.898E-01 7.119E+01 2.000E+00
1.971E+06 2.160E+02 3.534E+00 5.385E-04 4.423E-02 3.085E+03 9.919E-01 7.124E+01 2.000E+00
9.847E+06 5.580E+02 2.781E+00 6.811E-04 3.932E-02 1.491E+03 9.874E-01 7.113E+01 2.000E+00
1.198E+07 5.580E+02 2.781E+00 6.811E-04 3.932E-02 1.491E+03 9.874E-01 7.113E+01 2.000E+00
1.996E+07 5.580E+02 2.781E+00 6.811E-04 3.932E-02 1.495E+03 9.874E-01 7.113E+01 2.000E+00
1.269E+07 5.546E+02 2.787E+00 6.811E-04 3.932E-02 1.496E+03 9.874E-01 7.113E+01 2.000E+00
4.324E+06 6.304E+02 2.670E+00 6.811E-04 3.932E-02 1.414E+03 9.874E-01 7.113E+01 2.000E+00
1.364E+07 6.304E+02 2.670E+00 6.811E-04 3.932E-02 1.414E+03 9.874E-01 7.113E+01 2.000E+00
2.203E+06 6.220E+02 2.682E+00 6.811E-04 3.932E-02 1.422E+03 9.874E-01 7.113E+01 2.000E+00
6.796E+06 6.876E+02 2.590E+00 6.811E-04 3.932E-02 1.366E+03 9.874E-01 7.113E+01 2.000E+00
1.812E+06 6.808E+02 2.599E+00 6.811E-04 3.932E-02 1.372E+03 9.874E-01 7.113E+01 2.000E+00
3.347E+06 6.478E+02 2.645E+00 6.811E-04 3.933E-02 1.398E+03 9.874E-01 7.113E+01 2.000E+00
3.715E+06 7.595E+02 2.498E+00 6.811E-04 3.934E-02 1.320E+03 9.874E-01 7.113E+01 2.000E+00
4.584E+05 2.484E+02 3.430E+00 6.811E-04 3.935E-02 2.655E+03 9.874E-01 7.113E+01 2.000E+00
2.728E+07 9.693E+02 2.277E+00 6.811E-04 3.939E-02 1.220E+03 9.874E-01 7.113E+01 2.000E+00
6.118E+06 4.584E+02 2.958E+00 6.811E-04 3.945E-02 1.645E+03 9.875E-01 7.113E+01 2.000E+00
1.414E+07 6.308E+02 2.669E+00 6.811E-04 3.955E-02 1.413E+03 9.876E-01 7.113E+01 2.000E+00
3.327E+07 9.082E+02 2.336E+00 6.811E-04 3.975E-02 1.243E+03 9.878E-01 7.114E+01 2.000E+00
1.384E+06 7.925E+02 2.460E+00 6.811E-04 4.011E-02 1.297E+03 9.881E-01 7.115E+01 2.000E+00
2.240E+06 5.551E+02 2.788E+00 6.811E-04 4.078E-02 1.492E+03 9.887E-01 7.116E+01 2.000E+00
3.850E+06 9.207E+02 2.325E+00 6.811E-04 4.200E-02 1.237E+03 9.899E-01 7.119E+01 2.000E+00
2.596E+07 2.160E+02 3.534E+00 6.811E-04 4.423E-02 3.078E+03 9.920E-01 7.124E+01 2.000E+00
1.748E+06 6.220E+02 2.682E+00 8.615E-04 3.932E-02 1.422E+03 9.875E-01 7.113E+01 2.000E+00
1.788E+06 6.220E+02 2.682E+00 8.615E-04 3.932E-02 1.422E+03 9.875E-01 7.113E+01 2.000E+00
1.867E+06 6.220E+02 2.682E+00 8.615E-04 3.932E-02 1.422E+03 9.875E-01 7.113E+01 2.000E+00
2.031E+06 6.220E+02 2.682E+00 8.615E-04 3.932E-02 1.424E+03 9.875E-01 7.113E+01 2.000E+00
2.433E+06 6.220E+02 2.682E+00 8.615E-04 3.932E-02 1.422E+03 9.875E-01 7.113E+01 2.000E+00
3.896E+06 6.220E+02 2.682E+00 8.615E-04 3.932E-02 1.422E+03 9.875E-01 7.113E+01 2.000E+00
5.402E+06 6.876E+02 2.590E+00 8.615E-04 3.932E-02 1.366E+03 9.875E-01 7.113E+01 2.000E+00
3.968E+06 7.014E+02 2.571E+00 8.615E-04 3.932E-02 1.356E+03 9.875E-01 7.113E+01 2.000E+00
5.494E+06 6.808E+02 2.599E+00 8.615E-04 3.932E-02 1.372E+03 9.875E-01 7.113E+01 2.000E+00
8.790E+07 3.815E+02 3.115E+00 8.615E-04 3.933E-02 1.923E+03 9.875E-01 7.113E+01 2.000E+00
1.938E+07 6.450E+02 2.649E+00 8.615E-04 3.934E-02 1.401E+03 9.876E-01 7.113E+01 2.000E+00
6.608E+06 8.897E+02 2.354E+00 8.615E-04 3.935E-02 1.251E+03 9.876E-01 7.113E+01 2.000E+00
1.353E+08 9.693E+02 2.277E+00 8.615E-04 3.939E-02 1.220E+03 9.876E-01 7.113E+01 2.000E+00
2.551E+06 6.971E+02 2.577E+00 8.615E-04 3.945E-02 1.359E+03 9.877E-01 7.113E+01 2.000E+00
3.327E+06 4.730E+02 2.930E+00 8.615E-04 3.955E-02 1.617E+03 9.878E-01 7.113E+01 2.000E+00
3.921E+06 4.582E+02 2.959E+00 8.615E-04 3.975E-02 1.645E+03 9.879E-01 7.114E+01 2.000E+00
1.846E+06 7.925E+02 2.460E+00 8.615E-04 4.011E-02 1.298E+03 9.883E-01 7.115E+01 2.000E+00
2.900E+07 8.030E+02 2.449E+00 8.615E-04 4.078E-02 1.291E+03 9.889E-01 7.116E+01 2.000E+00
2.521E+06 4.908E+02 2.902E+00 8.615E-04 4.200E-02 1.579E+03 9.901E-01 7.119E+01 2.000E+00
2.364E+06 7.842E+02 2.474E+00 8.615E-04 4.423E-02 1.297E+03 9.922E-01 7.124E+01 2.000E+00
5.196E+06 6.876E+02 2.590E+00 1.090E-03 3.932E-02 1.369E+03 9.877E-01 7.113E+01 2.000E+00
2.472E+07 9.832E+02 2.264E+00 1.090E-03 3.932E-02 1.216E+03 9.877E-01 7.113E+01 2.000E+00
2.527E+07 9.832E+02 2.264E+00 1.090E-03 3.932E-02 1.216E+03 9.877E-01 7.113E+01 2.000E+00
2.634E+07 9.832E+02 2.264E+00 1.090E-03 3.932E-02 1.216E+03 9.877E-01 7.113E+01 2.000E+00
1.898E+07 6.876E+02 2.590E+00 1.090E-03 3.932E-02 1.368E+03 9.877E-01 7.113E+01 2.000E+00
2.488E+06 7.014E+02 2.571E+00 1.090E-03 3.932E-02 1.356E+03 9.877E-01 7.113E+01 2.000E+00
5.140E+06 7.014E+02 2.571E+00 1.090E-03 3.932E-02 1.356E+03 9.877E-01 7.113E+01 2.000E+00
2.164E+06 6.808E+02 2.599E+00 1.090E-03 3.932E-02 1.372E+03 9.877E-01 7.113E+01 2.000E+00
8.257E+06 8.685E+02 2.376E+00 1.090E-03 3.932E-02 1.261E+03 9.877E-01 7.113E+01 2.000E+00
1.150E+07 5.093E+02 2.864E+00 1.090E-03 3.933E-02 1.557E+03 9.878E-01 7.113E+01 2.000E+00
3.987E+06 7.397E+02 2.523E+00 1.090E-03 3.934E-02 1.329E+03 9.878E-01 7.113E+01 2.000E+00
8.784E+07 8.897E+02 2.354E+00 1.090E-03 3.935E-02 1.252E+03 9.878E-01 7.113E+01 2.000E+00
8.716E+08 9.451E+02 2.300E+00 1.090E-03 3.939E-02 1.231E+03 9.878E-01 7.113E+01 2.000E+00
2.529E+06 5.958E+02 2.722E+00 1.090E-03 3.945E-02 1.451E+03 9.879E-01 7.113E+01 2.000E+00
3.819E+07 4.652E+02 2.945E+00 1.090E-03 3.955E-02 1.632E+03 9.880E-01 7.113E+01 2.000E+00
1.339E+07 9.062E+02 2.338E+00 1.090E-03 3.975E-02 1.244E+03 9.882E-01 7.114E+01 2.000E+00
3.467E+06 7.925E+02 2.460E+00 1.090E-03 4.011E-02 1.297E+03 9.885E-01 7.115E+01 2.000E+00
1.796E+07 8.111E+02 2.440E+00 1.090E-03 4.078E-02 1.287E+03 9.891E-01 7.116E+01 2.000E+00
1.410E+06 3.563E+02 3.178E+00 1.090E-03 4.200E-02 1.910E+03 9.903E-01 7.119E+01 2.000E+00
6.979E+06 7.842E+02 2.474E+00 1.090E-03 4.423E-02 1.295E+03 9.924E-01 7.124E+01 2.000E+00
1.234E+07 7.014E+02 2.571E+00 1.378E-03 3.932E-02 1.356E+03 9.880E-01 7.113E+01 2.000E+00
1.425E+07 7.014E+02 2.571E+00 1.378E-03 3.932E-02 1.359E+03 9.880E-01 7.113E+01 2.000E+00
1.993E+07 7.014E+02 2.571E+00 1.378E-03 3.932E-02 1.356E+03 9.880E-01 7.113E+01 2.000E+00
7.606E+07 7.014E+02 2.571E+00 1.378E-03 3.932E-02 1.356E+03 9.880E-01 7.113E+01 2.000E+00
1.642E+06 6.808E+02 2.599E+00 1.378E-03 3.932E-02 1.371E+03 9.880E-01 7.113E+01 2.000E+00
2.017E+06 6.808E+02 2.599E+00 1.378E-03 3.932E-02 1.372E+03 9.880E-01 7.113E+01 2.000E+00
3.625E+06 6.808E+02 2.599E+00 1.378E-03 3.932E-02 1.371E+03 9.880E-01 7.113E+01 2.000E+00
7.954E+06 6.873E+02 2.590E+00 1.378E-03 3.932E-02 1.366E+03 9.880E-01 7.113E+01 2.000E+00
2.675E+06 3.815E+02 3.115E+00 1.378E-03 3.932E-02 1.846E+03 9.880E-01 7.113E+01 2.000E+00
2.564E+06 7.748E+02 2.480E+00 1.378E-03 3.933E-02 1.308E+03 9.880E-01 7.113E+01 2.000E+00
7.683E+06 7.471E+02 2.514E+00 1.378E-03 3.934E-02 1.325E+03 9.880E-01 7.113E+01 2.000E+00
2.635E+06 2.056E+02 3.534E+00 1.378E-03 3.935E-02 3.497E+03 9.881E-01 7.113E+01 2.000E+00
1.306E+08 3.469E+02 3.192E+00 1.378E-03 3.939E-02 1.960E+03 9.881E-01 7.113E+01 2.000E+00
4.609E+06 8.397E+02 2.407E+00 1.378E-03 3.945E-02 1.274E+03 9.881E-01 7.113E+01 2.000E+00
1.259E+08 9.951E+02 2.254E+00 1.378E-03 3.955E-02 1.221E+03 9.882E-01 7.113E+01 2.000E+00
4.465E+07 9.090E+02 2.335E+00 1.378E-03 3.975E-02 1.243E+03 9.884E-01 7.114E+01 2.000E+00
1.051E+06 6.242E+02 2.680E+00 1.378E-03 4.011E-02 1.419E+03 9.888E-01 7.115E+01 2.000E+00
1.783E+06 5.781E+02 2.751E+00 1.378E-03 4.078E-02 1.464E+03 9.894E-01 7.116E+01 2.000E+00
2.036E+06 2.109E+02 3.535E+00 1.378E-03 4.200E-02 3.256E+03 9.906E-01 7.119E+01 2.000E+00
1.848E+06 5.154E+02 2.862E+00 1.378E-03 4.423E-02 1.535E+03 9.927E-01 7.124E+01 2.000E+00
3.806E+06 6.873E+02 2.590E+00 1.743E-03 3.932E-02 1.368E+03 9.884E-01 7.113E+01 2.000E+00
3.970E+06 6.873E+02 2.590E+00 1.743E-03 3.932E-02 1.368E+03 9.884E-01 7.113E+01 2.000E+00
4.311E+06 6.873E+02 2.590E+00 1.743E-03 3.932E-02 1.400E+03 9.884E-01 7.113E+01 2.000E+00
5.126E+06 6.873E+02 2.590E+00 1.743E-03 3.932E-02 1.368E+03 9.884E-01 7.113E+01 2.000E+00
7.925E+06 6.873E+02 2.590E+00 1.743E-03 3.932E-02 1.366E+03 9.884E-01 7.113E+01 2.000E+00
1.353E+06 9.493E+02 2.296E+00 1.743E-03 3.932E-02 1.229E+03 9.884E-01 7.113E+01 2.000E+00
9.780E+05 3.815E+02 3.115E+00 1.743E-03 3.932E-02 1.837E+03 9.884E-01 7.113E+01 2.000E+00
1.078E+07 3.815E+02 3.115E+00 1.743E-03 3.932E-02 1.837E+03 9.884E-01 7.113E+01 2.000E+00
6.278E+06 5.202E+02 2.845E+00 1.743E-03 3.932E-02 1.542E+03 9.884E-01 7.113E+01 2.000E+00
1.938E+06 7.595E+02 2.498E+00 1.743E-03 3.933E-02 1.318E+03 9.884E-01 7.113E+01 2.000E+00
6.531E+06 4.383E+02 2.997E+00 1.743E-03 3.934E-02 1.687E+03 9.884E-01 7.113E+01 2.000E+00
1.960E+06 9.027E+02 2.341E+00 1.743E-03 3.935E-02 1.246E+03 9.884E-01 7.113E+01 2.000E+00
2.829E+07 3.017E+02 3.298E+00 1.743E-03 3.939E-02 2.189E+03 9.884E-01 7.113E+01 2.000E+00
5.178E+06 7.815E+02 2.472E+00 1.743E-03 3.945E-02 1.304E+03 9.885E-01 7.113E+01 2.000E+00
2.375E+06 9.867E+02 2.261E+00 1.743E-03 3.955E-02 1.216E+03 9.886E-01 7.113E+01 2.000E+00
3.540E+07 6.084E+02 2.703E+00 1.743E-03 3.975E-02 1.435E+03 9.888E-01 7.114E+01 2.000E+00
2.506E+07 6.242E+02 2.680E+00 1.743E-03 4.011E-02 1.418E+03 9.891E-01 7.115E+01 2.000E+00
1.538E+07 8.496E+02 2.397E+00 1.743E-03 4.078E-02 1.268E+03 9.897E-01 7.116E+01 2.000E+00
9.210E+06 6.225E+02 2.685E+00 1.743E-03 4.200E-02 1.417E+03 9.909E-01 7.119E+01 2.000E+00
3.072E+06 2.731E+02 3.387E+00 1.743E-03 4.423E-02 2.347E+03 9.930E-01 7.124E+01 2.000E+00
1.951E+06 4.723E+02 2.931E+00 2.205E-03 3.932E-02 1.622E+03 9.888E-01 7.113E+01 2.000E+00
2.034E+06 4.723E+02 2.931E+00 2.205E-03 3.932E-02 1.620E+03 9.888E-01 7.113E+01 2.000E+00
2.208E+06 4.723E+02 2.931E+00 2.205E-03 3.932E-02 1.620E+03 9.888E-01 7.113E+01 2.000E+00
2.623E+06 4.723E+02 2.931E+00 2.205E-03 3.932E-02 1.619E+03 9.888E-01 7.113E+01 2.000E+00
4.048E+06 4.723E+02 2.931E+00 2.205E-03 3.932E-02 1.619E+03 9.888E-01 7.113E+01 2.000E+00
3.149E+06 6.651E+02 2.620E+00 2.205E-03 3.932E-02 1.384E+03 9.888E-01 7.113E+01 2.000E+00
1.494E+07 6.651E+02 2.620E+00 2.205E-03 3.932E-02 1.388E+03 9.888E-01 7.113E+01 2.000E+00
6.521E+06 5.846E+02 2.739E+00 2.205E-03 3.932E-02 1.460E+03 9.888E-01 7.113E+01 2.000E+00
5.107E+06 7.628E+02 2.494E+00 2.205E-03 3.932E-02 1.316E+03 9.888E-01 7.113E+01 2.000E+00
7.136E+07 6.400E+02 2.656E+00 2.205E-03 3.933E-02 1.405E+03 9.888E-01 7.113E+01 2.000E+00
1.620E+06 9.135E+02 2.330E+00 2.205E-03 3.934E-02 1.242E+03 9.888E-01 7.113E+01 2.000E+00
3.278E+06 9.027E+02 2.341E+00 2.205E-03 3.935E-02 1.246E+03 9.888E-01 7.113E+01 2.000E+00
1.125E+09 7.173E+02 2.551E+00 2.205E-03 3.939E-02 1.345E+03 9.889E-01 7.113E+01 2.000E+00
2.279E+07 9.159E+02 2.328E+00 2.205E-03 3.945E-02 1.242E+03 9.889E-01 7.113E+01 2.000E+00
8.956E+05 3.694E+02 3.142E+00 2.205E-03 3.955E-02 1.875E+03 9.890E-01 7.113E+01 2.000E+00
1.236E+06 5.705E+02 2.762E+00 2.205E-03 3.975E-02 1.478E+03 9.892E-01 7.114E+01 2.000E+00
1.991E+07 4.376E+02 3.000E+00 2.205E-03 4.011E-02 1.692E+03 9.896E-01 7.115E+01 2.000E+00
7.692E+06 5.243E+02 2.840E+00 2.205E-03 4.078E-02 1.534E+03 9.902E-01 7.116E+01 2.000E+00
3.690E+07 8.018E+02 2.451E+00 2.205E-03 4.200E-02 1.307E+03 9.913E-01 7.119E+01 2.000E+00
8.260E+05 5.759E+02 2.760E+00 2.205E-03 4.423E-02 1.459E+03 9.935E-01 7.124E+01 2.000E+00
2.048E+06 7.748E+02 2.480E+00 2.789E-03 3.932E-02 1.309E+03 9.894E-01 7.113E+01 2.000E+00
2.075E+06 7.748E+02 2.480E+00 2.789E-03 3.932E-02 1.309E+03 9.894E-01 7.113E+01 2.000E+00
2.128E+06 7.748E+02 2.480E+00 2.789E-03 3.932E-02 1.309E+03 9.894E-01 7.113E+01 2.000E+00
2.231E+06 7.748E+02 2.480E+00 2.789E-03 3.932E-02 1.309E+03 9.894E-01 7.113E+01 2.000E+00
2.453E+06 7.748E+02 2.480E+00 2.789E-03 3.932E-02 1.310E+03 9.894E-01 7.113E+01 2.000E+00
3.016E+06 7.748E+02 2.480E+00 2.789E-03 3.932E-02 1.309E+03 9.894E-01 7.113E+01 2.000E+00
5.602E+06 7.628E+02 2.494E+00 2.789E-03 3.932E-02 1.316E+03 9.894E-01 7.113E+01 2.000E+00
1.928E+06 7.595E+02 2.498E+00 2.789E-03 3.932E-02 1.318E+03 9.894E-01 7.113E+01 2.000E+00
4.840E+06 6.400E+02 2.656E+00 2.789E-03 3.932E-02 1.406E+03 9.894E-01 7.113E+01 2.000E+00
6.394E+07 7.381E+02 2.525E+00 2.789E-03 3.933E-02 1.332E+03 9.894E-01 7.113E+01 2.000E+00
1.700E+06 2.056E+02 3.534E+00 2.789E-03 3.934E-02 3.496E+03 9.894E-01 7.113E+01 2.000E+00
1.609E+08 9.027E+02 2.341E+00 2.789E-03 3.935E-02 1.247E+03 9.894E-01 7.113E+01 2.000E+00
2.925E+06 5.543E+02 2.787E+00 2.789E-03 3.939E-02 1.496E+03 9.894E-01 7.113E+01 2.000E+00
5.401E+06 9.430E+02 2.302E+00 2.789E-03 3.945E-02 1.230E+03 9.895E-01 7.113E+01 2.000E+00
2.744E+06 9.867E+02 2.261E+00 2.789E-03 3.955E-02 1.237E+03 9.896E-01 7.113E+01 2.000E+00
1.230E+06 7.199E+02 2.548E+00 2.789E-03 3.975E-02 1.343E+03 9.898E-01 7.114E+01 2.000E+00
2.396E+06 7.812E+02 2.473E+00 2.789E-03 4.011E-02 1.304E+03 9.901E-01 7.115E+01 2.000E+00
4.271E+06 5.301E+02 2.830E+00 2.789E-03 4.078E-02 1.524E+03 9.907E-01 7.116E+01 2.000E+00
2.272E+06 9.154E+02 2.331E+00 2.789E-03 4.200E-02 1.239E+03 9.919E-01 7.119E+01 2.000E+00
8.268E+06 8.126E+02 2.441E+00 2.789E-03 4.423E-02 1.282E+03 9.940E-01 7.124E+01 2.000E+00
1.074E+07 7.595E+02 2.498E+00 3.528E-03 3.932E-02 1.319E+03 9.901E-01 7.113E+01 2.000E+00
1.178E+07 7.595E+02 2.498E+00 3.528E-03 3.932E-02 1.318E+03 9.901E-01 7.113E+01 2.000E+00
1.434E+07 7.595E+02 2.498E+00 3.528E-03 3.932E-02 1.318E+03 9.901E-01 7.113E+01 2.000E+00
2.399E+07 7.595E+02 2.498E+00 3.528E-03 3.932E-02 1.318E+03 9.901E-01 7.113E+01 2.000E+00
6.491E+06 6.400E+02 2.656E+00 3.528E-03 3.932E-02 1.406E+03 9.901E-01 7.113E+01 2.000E+00
9.891E+07 5.348E+02 2.820E+00 3.528E-03 3.932E-02 1.522E+03 9.901E-01 7.113E+01 2.000E+00
2.146E+06 5.388E+02 2.813E+00 3.528E-03 3.932E-02 1.516E+03 9.901E-01 7.113E+01 2.000E+00
2.940E+06 7.471E+02 2.513E+00 3.528E-03 3.932E-02 1.326E+03 9.901E-01 7.113E+01 2.000E+00
1.751E+06 2.098E+02 3.524E+00 3.528E-03 3.932E-02 3.375E+03 9.901E-01 7.113E+01 2.000E+00
1.351E+06 2.056E+02 3.534E+00 3.528E-03 3.933E-02 3.496E+03 9.901E-01 7.113E+01 2.000E+00
6.666E+07 9.031E+02 2.341E+00 3.528E-03 3.934E-02 1.246E+03 9.901E-01 7.113E+01 2.000E+00
2.625E+06 8.769E+02 2.367E+00 3.528E-03 3.935E-02 1.257E+03 9.901E-01 7.113E+01 2.000E+00
1.917E+06 8.643E+02 2.380E+00 3.528E-03 3.939E-02 1.264E+03 9.901E-01 7.113E+01 2.000E+00
1.260E+07 5.545E+02 2.787E+00 3.528E-03 3.945E-02 1.496E+03 9.902E-01 7.113E+01 2.000E+00
1.376E+06 3.404E+02 3.207E+00 3.528E-03 3.955E-02 1.991E+03 9.903E-01 7.113E+01 2.000E+00
4.006E+06 7.271E+02 2.539E+00 3.528E-03 3.975E-02 1.338E+03 9.905E-01 7.114E+01 2.000E+00
4.302E+06 7.377E+02 2.526E+00 3.528E-03 4.011E-02 1.330E+03 9.908E-01 7.115E+01 2.000E+00
9.750E+06 8.301E+02 2.419E+00 3.528E-03 4.078E-02 1.277E+03 9.914E-01 7.116E+01 2.000E+00
7.016E+06 9.154E+02 2.331E+00 3.528E-03 4.200E-02 1.244E+03 9.926E-01 7.119E+01 2.000E+00
4.113E+06 8.169E+02 2.436E+00 3.528E-03 4.423E-02 1.279E+03 9.947E-01 7.124E+01 2.000E+00
1.172E+06 2.056E+02 3.534E+00 4.462E-03 3.932E-02 3.598E+03 9.909E-01 7.113E+01 2.000E+00
1.179E+06 2.056E+02 3.534E+00 4.462E-03 3.932E-02 3.504E+03 9.909E-01 7.113E+01 2.000E+00
1.191E+06 2.056E+02 3.534E+00 4.462E-03 3.932E-02 3.497E+03 9.909E-01 7.113E+01 2.000E+00
1.214E+06 2.056E+02 3.534E+00 4.462E-03 3.932E-02 3.498E+03 9.909E-01 7.113E+01 2.000E+00
1.258E+06 2.056E+02 3.534E+00 4.462E-03 3.932E-02 3.502E+03 9.909E-01 7.113E+01 2.000E+00
1.349E+06 2.056E+02 3.534E+00 4.462E-03 3.932E-02 3.497E+03 9.909E-01 7.113E+01 2.000E+00
1.556E+06 2.056E+02 3.534E+00 4.462E-03 3.932E-02 3.497E+03 9.909E-01 7.113E+01 2.000E+00
2.180E+06 2.056E+02 3.534E+00 4.462E-03 3.932E-02 3.507E+03 9.909E-01 7.113E+01 2.000E+00
9.073E+06 2.056E+02 3.534E+00 4.462E-03 3.932E-02 3.496E+03 9.909E-01 7.113E+01 2.000E+00
6.260E+06 8.897E+02 2.354E+00 4.462E-03 3.933E-02 1.253E+03 9.910E-01 7.113E+01 2.000E+00
2.894E+06 9.027E+02 2.341E+00 4.462E-03 3.934E-02 1.248E+03 9.910E-01 7.113E+01 2.000E+00
1.042E+07 9.586E+02 2.287E+00 4.462E-03 3.935E-02 1.226E+03 9.910E-01 7.113E+01 2.000E+00
4.478E+06 7.276E+02 2.538E+00 4.462E-03 3.939E-02 1.338E+03 9.910E-01 7.113E+01 2.000E+00
4.504E+06 6.246E+02 2.678E+00 4.462E-03 3.945E-02 1.420E+03 9.911E-01 7.113E+01 2.000E+00
4.133E+06 7.512E+02 2.509E+00 4.462E-03 3.955E-02 1.323E+03 9.912E-01 7.113E+01 2.000E+00
5.291E+08 5.183E+02 2.849E+00 4.462E-03 3.975E-02 1.544E+03 9.913E-01 7.114E+01 2.000E+00
4.939E+06 8.821E+02 2.363E+00 4.462E-03 4.011E-02 1.255E+03 9.917E-01 7.115E+01 2.000E+00
4.113E+06 7.981E+02 2.454E+00 4.462E-03 4.078E-02 1.294E+03 9.923E-01 7.116E+01 2.000E+00
2.618E+06 8.910E+02 2.355E+00 4.462E-03 4.200E-02 1.249E+03 9.935E-01 7.119E+01 2.000E+00
1.034E+06 3.969E+02 3.094E+00 4.462E-03 4.423E-02 1.771E+03 9.956E-01 7.124E+01 2.000E+00
5.961E+07 4.124E+02 3.049E+00 5.644E-03 3.932E-02 1.750E+03 9.921E-01 7.113E+01 2.000E+00
2.869E+06 8.897E+02 2.354E+00 5.644E-03 3.932E-02 1.253E+03 9.921E-01 7.113E+01 2.000E+00
2.913E+06 8.897E+02 2.354E+00 5.644E-03 3.932E-02 1.253E+03 9.921E-01 7.113E+01 2.000E+00
2.999E+06 8.897E+02 2.354E+00 5.644E-03 3.932E-02 1.280E+03 9.921E-01 7.113E+01 2.000E+00
3.171E+06 8.897E+02 2.354E+00 5.644E-03 3.932E-02 1.253E+03 9.921E-01 7.113E+01 2.000E+00
3.549E+06 8.897E+02 2.354E+00 5.644E-03 3.932E-02 1.253E+03 9.921E-01 7.113E+01 2.000E+00
4.579E+06 8.897E+02 2.354E+00 5.644E-03 3.932E-02 1.253E+03 9.921E-01 7.113E+01 2.000E+00
1.038E+07 8.897E+02 2.354E+00 5.644E-03 3.932E-02 1.253E+03 9.921E-01 7.113E+01 2.000E+00
1.914E+06 3.462E+02 3.193E+00 5.644E-03 3.932E-02 1.965E+03 9.921E-01 7.113E+01 2.000E+00
2.565E+06 9.027E+02 2.341E+00 5.644E-03 3.933E-02 1.247E+03 9.921E-01 7.113E+01 2.000E+00
3.376E+06 9.693E+02 2.277E+00 5.644E-03 3.934E-02 1.222E+03 9.921E-01 7.113E+01 2.000E+00
1.855E+06 4.936E+02 2.892E+00 5.644E-03 3.935E-02 1.583E+03 9.921E-01 7.113E+01 2.000E+00
2.911E+08 5.378E+02 2.815E+00 5.644E-03 3.939E-02 1.518E+03 9.921E-01 7.113E+01 2.000E+00
1.561E+06 5.845E+02 2.739E+00 5.644E-03 3.945E-02 1.461E+03 9.922E-01 7.113E+01 2.000E+00
5.061E+06 9.867E+02 2.261E+00 5.644E-03 3.955E-02 1.216E+03 9.923E-01 7.113E+01 2.000E+00
4.590E+07 7.560E+02 2.503E+00 5.644E-03 3.975E-02 1.320E+03 9.925E-01 7.114E+01 2.000E+00
1.723E+07 7.169E+02 2.552E+00 5.644E-03 4.011E-02 1.345E+03 9.928E-01 7.115E+01 2.000E+00
3.761E+06 4.540E+02 2.969E+00 5.644E-03 4.078E-02 1.651E+03 9.934E-01 7.116E+01 2.000E+00
1.318E+06 9.211E+02 2.325E+00 5.644E-03 4.200E-02 1.237E+03 9.946E-01 7.119E+01 2.000E+00
1.780E+07 9.925E+02 2.260E+00 5.644E-03 4.423E-02 1.212E+03 9.967E-01 7.124E+01 2.000E+00
2.469E+06 9.027E+02 2.341E+00 7.139E-03 3.932E-02 1.249E+03 9.935E-01 7.113E+01 2.000E+00
2.484E+06 9.027E+02 2.341E+00 7.139E-03 3.932E-02 1.248E+03 9.935E-01 7.113E+01 2.000E+00
2.512E+06 9.027E+02 2.341E+00 7.139E-03 3.932E-02 1.248E+03 9.935E-01 7.113E+01 2.000E+00
2.565E+06 9.027E+02 2.341E+00 7.139E-03 3.932E-02 1.248E+03 9.935E-01 7.113E+01 2.000E+00
2.670E+06 9.027E+02 2.341E+00 7.139E-03 3.932E-02 1.248E+03 9.935E-01 7.113E+01 2.000E+00
2.887E+06 9.027E+02 2.341E+00 7.139E-03 3.932E-02 1.248E+03 9.935E-01 7.113E+01 2.000E+00
6.297E+06 4.252E+02 3.023E+00 7.139E-03 3.932E-02 1.720E+03 9.935E-01 7.113E+01 2.000E+00
5.512E+07 5.010E+02 2.879E+00 7.139E-03 3.932E-02 1.572E+03 9.935E-01 7.113E+01 2.000E+00
2.751E+06 9.693E+02 2.277E+00 7.139E-03 3.932E-02 1.227E+03 9.935E-01 7.113E+01 2.000E+00
1.534E+08 4.427E+02 2.988E+00 7.139E-03 3.933E-02 1.688E+03 9.935E-01 7.113E+01 2.000E+00
3.473E+07 9.586E+02 2.287E+00 7.139E-03 3.934E-02 1.227E+03 9.935E-01 7.113E+01 2.000E+00
4.472E+06 8.854E+02 2.359E+00 7.139E-03 3.935E-02 1.266E+03 9.935E-01 7.113E+01 2.000E+00
4.873E+07 8.241E+02 2.424E+00 7.139E-03 3.939E-02 1.283E+03 9.935E-01 7.113E+01 2.000E+00
5.872E+08 6.463E+02 2.647E+00 7.139E-03 3.945E-02 1.401E+03 9.936E-01 7.113E+01 2.000E+00
2.373E+06 5.957E+02 2.722E+00 7.139E-03 3.955E-02 1.450E+03 9.937E-01 7.113E+01 2.000E+00
1.338E+07 7.252E+02 2.541E+00 7.139E-03 3.975E-02 1.340E+03 9.939E-01 7.114E+01 2.000E+00
3.656E+06 5.461E+02 2.802E+00 7.139E-03 4.011E-02 1.506E+03 9.942E-01 7.115E+01 2.000E+00
2.820E+06 4.575E+02 2.962E+00 7.139E-03 4.078E-02 1.644E+03 9.949E-01 7.116E+01 2.000E+00
6.757E+06 6.664E+02 2.622E+00 7.139E-03 4.200E-02 1.435E+03 9.960E-01 7.119E+01 2.000E+00
8.864E+06 4.672E+02 2.950E+00 7.139E-03 4.423E-02 1.614E+03 9.981E-01 7.124E+01 2.000E+00
1.035E+07 3.017E+02 3.298E+00 9.029E-03 3.932E-02 2.191E+03 9.953E-01 7.113E+01 2.000E+00
1.472E+07 3.017E+02 3.298E+00 9.029E-03 3.932E-02 2.191E+03 9.953E-01 7.113E+01 2.000E+00
6.649E+07 3.017E+02 3.298E+00 9.029E-03 3.932E-02 2.191E+03 9.953E-01 7.113E+01 2.000E+00
8.172E+06 8.769E+02 2.367E+00 9.029E-03 3.932E-02 1.296E+03 9.953E-01 7.113E+01 2.000E+00
1.006E+07 8.769E+02 2.367E+00 9.029E-03 3.932E-02 1.260E+03 9.953E-01 7.113E+01 2.000E+00
1.767E+07 8.769E+02 2.367E+00 9.029E-03 3.932E-02 1.259E+03 9.953E-01 7.113E+01 2.000E+00
5.687E+06 9.586E+02 2.287E+00 9.029E-03 3.932E-02 1.227E+03 9.953E-01 7.113E+01 2.000E+00
7.519E+06 9.586E+02 2.287E+00 9.029E-03 3.932E-02 1.227E+03 9.953E-01 7.113E+01 2.000E+00
1.941E+07 9.586E+02 2.287E+00 9.029E-03 3.932E-02 1.227E+03 9.953E-01 7.113E+01 2.000E+00
5.536E+07 8.159E+02 2.433E+00 9.029E-03 3.933E-02 1.288E+03 9.953E-01 7.113E+01 2.000E+00
2.122E+06 8.854E+02 2.359E+00 9.029E-03 3.934E-02 1.256E+03 9.953E-01 7.113E+01 2.000E+00
5.672E+06 5.252E+02 2.836E+00 9.029E-03 3.935E-02 1.538E+03 9.953E-01 7.113E+01 2.000E+00
3.012E+06 8.397E+02 2.407E+00 9.029E-03 3.939E-02 1.276E+03 9.953E-01 7.113E+01 2.000E+00
9.017E+06 4.100E+02 3.054E+00 9.029E-03 3.945E-02 1.757E+03 9.954E-01 7.113E+01 2.000E+00
8.802E+06 6.952E+02 2.580E+00 9.029E-03 3.955E-02 1.362E+03 9.955E-01 7.113E+01 2.000E+00
1.701E+07 2.961E+02 3.313E+00 9.029E-03 3.975E-02 2.224E+03 9.957E-01 7.114E+01 2.000E+00
2.684E+06 7.805E+02 2.474E+00 9.029E-03 4.011E-02 1.306E+03 9.960E-01 7.115E+01 2.000E+00
2.388E+06 5.646E+02 2.773E+00 9.029E-03 4.078E-02 1.482E+03 9.966E-01 7.116E+01 2.000E+00
6.324E+08 9.025E+02 2.344E+00 9.029E-03 4.200E-02 1.245E+03 9.978E-01 7.119E+01 2.000E+00
4.101E+06 3.103E+02 3.294E+00 9.029E-03 4.423E-02 2.103E+03 9.999E-01 7.124E+01 2.000E+00
3.110E+06 5.543E+02 2.787E+00 1.142E-02 3.932E-02 1.499E+03 9.975E-01 7.113E+01 2.000E+00
3.287E+06 5.543E+02 2.787E+00 1.142E-02 3.932E-02 1.498E+03 9.975E-01 7.113E+01 2.000E+00
3.672E+06 5.543E+02 2.787E+00 1.142E-02 3.932E-02 1.499E+03 9.975E-01 7.113E+01 2.000E+00
4.692E+06 5.543E+02 2.787E+00 1.142E-02 3.932E-02 1.501E+03 9.975E-01 7.113E+01 2.000E+00
9.773E+06 5.543E+02 2.787E+00 1.142E-02 3.932E-02 1.498E+03 9.975E-01 7.113E+01 2.000E+00
1.042E+07 5.466E+02 2.800E+00 1.142E-02 3.932E-02 1.508E+03 9.975E-01 7.113E+01 2.000E+00
1.802E+06 8.854E+02 2.359E+00 1.142E-02 3.932E-02 1.256E+03 9.975E-01 7.113E+01 2.000E+00
2.224E+06 8.854E+02 2.359E+00 1.142E-02 3.932E-02 1.258E+03 9.975E-01 7.113E+01 2.000E+00
4.192E+06 8.854E+02 2.359E+00 1.142E-02 3.932E-02 1.262E+03 9.975E-01 7.113E+01 2.000E+00
1.029E+07 4.449E+02 2.984E+00 1.142E-02 3.933E-02 1.676E+03 9.975E-01 7.113E+01 2.000E+00
7.349E+06 5.442E+02 2.804E+00 1.142E-02 3.934E-02 1.512E+03 9.975E-01 7.113E+01 2.000E+00
3.802E+06 6.131E+02 2.695E+00 1.142E-02 3.935E-02 1.433E+03 9.976E-01 7.113E+01 2.000E+00
4.058E+06 7.260E+02 2.540E+00 1.142E-02 3.939E-02 1.342E+03 9.976E-01 7.113E+01 2.000E+00
8.222E+06 4.426E+02 2.988E+00 1.142E-02 3.945E-02 1.681E+03 9.977E-01 7.113E+01 2.000E+00
2.035E+06 6.218E+02 2.683E+00 1.142E-02 3.955E-02 1.425E+03 9.977E-01 7.113E+01 2.000E+00
2.215E+06 6.993E+02 2.575E+00 1.142E-02 3.975E-02 1.360E+03 9.979E-01 7.114E+01 2.000E+00
2.014E+07 7.496E+02 2.511E+00 1.142E-02 4.011E-02 1.325E+03 9.983E-01 7.115E+01 2.000E+00
1.355E+07 5.949E+02 2.725E+00 1.142E-02 4.078E-02 1.450E+03 9.989E-01 7.116E+01 2.000E+00
1.188E+07 8.812E+02 2.365E+00 1.142E-02 4.200E-02 1.257E+03 1.000E+00 7.119E+01 0.000E+00
3.249E+07 4.761E+02 2.934E+00 1.142E-02 4.423E-02 1.600E+03 1.000E+00 7.124E+01 0.000E+00
1.481E+06 7.684E+02 2.488E+00 1.445E-02 3.932E-02 1.316E+03 1.000E+00 7.113E+01 0.000E+00
1.495E+06 7.684E+02 2.488E+00 1.445E-02 3.932E-02 1.317E+03 1.000E+00 7.113E+01 0.000E+00
1.520E+06 7.684E+02 2.488E+00 1.445E-02 3.932E-02 1.316E+03 1.000E+00 7.113E+01 0.000E+00
4.776E+06 2.078E+02 3.529E+00 1.445E-02 3.932E-02 3.429E+03 1.000E+00 7.113E+01 0.000E+00
1.671E+06 7.684E+02 2.488E+00 1.445E-02 3.932E-02 1.316E+03 1.000E+00 7.113E+01 0.000E+00
8.760E+05 3.998E+02 3.075E+00 1.445E-02 3.932E-02 1.786E+03 1.000E+00 7.113E+01 0.000E+00
1.496E+06 3.998E+02 3.075E+00 1.445E-02 3.932E-02 1.786E+03 1.000E+00 7.113E+01 0.000E+00
4.473E+06 2.450E+02 3.438E+00 1.445E-02 3.932E-02 2.702E+03 1.000E+00 7.113E+01 0.000E+00
3.129E+08 6.044E+02 2.708E+00 1.445E-02 3.932E-02 1.443E+03 1.000E+00 7.113E+01 0.000E+00
3.885E+06 4.584E+02 2.957E+00 1.445E-02 3.933E-02 1.649E+03 1.000E+00 7.113E+01 0.000E+00
1.206E+07 8.519E+02 2.394E+00 1.445E-02 3.934E-02 1.273E+03 1.000E+00 7.113E+01 0.000E+00
4.118E+07 9.159E+02 2.328E+00 1.445E-02 3.935E-02 1.245E+03 1.000E+00 7.113E+01 0.000E+00
1.570E+07 6.424E+02 2.652E+00 1.445E-02 3.939E-02 1.409E+03 1.000E+00 7.113E+01 0.000E+00
7.253E+06 8.130E+02 2.436E+00 1.445E-02 3.945E-02 1.291E+03 1.000E+00 7.113E+01 0.000E+00
3.622E+06 6.490E+02 2.643E+00 1.445E-02 3.955E-02 1.408E+03 1.000E+00 7.113E+01 0.000E+00
4.872E+06 7.682E+02 2.488E+00 1.445E-02 3.975E-02 1.316E+03 1.000E+00 7.114E+01 0.000E+00
1.020E+06 5.772E+02 2.752E+00 1.445E-02 4.011E-02 1.471E+03 1.000E+00 7.115E+01 0.000E+00
3.539E+06 2.376E+02 3.463E+00 1.445E-02 4.078E-02 2.779E+03 1.000E+00 7.116E+01 0.000E+00
8.326E+07 9.289E+02 2.317E+00 1.445E-02 4.200E-02 1.236E+03 1.000E+00 7.119E+01 0.000E+00
2.251E+06 5.278E+02 2.840E+00 1.445E-02 4.423E-02 1.576E+03 1.000E+00 7.124E+01 0.000E+00
2.434E+06 8.397E+02 2.407E+00 1.827E-02 3.932E-02 1.279E+03 1.000E+00 7.113E+01 0.000E+00
2.460E+06 8.397E+02 2.407E+00 1.827E-02 3.932E-02 1.280E+03 1.000E+00 7.113E+01 0.000E+00
2.509E+06 8.397E+02 2.407E+00 1.827E-02 3.932E-02 1.279E+03 1.000E+00 7.113E+01 0.000E+00
2.605E+06 8.397E+02 2.407E+00 1.827E-02 3.932E-02 1.279E+03 1.000E+00 7.113E+01 0.000E+00
2.804E+06 8.397E+02 2.407E+00 1.827E-02 3.932E-02 1.281E+03 1.000E+00 7.113E+01 0.000E+00
9.813E+06 3.236E+02 3.246E+00 1.827E-02 3.932E-02 2.071E+03 1.000E+00 7.113E+01 0.000E+00
4.787E+06 8.397E+02 2.407E+00 1.827E-02 3.932E-02 1.279E+03 1.000E+00 7.113E+01 0.000E+00
5.416E+07 8.397E+02 2.407E+00 1.827E-02 3.932E-02 1.280E+03 1.000E+00 7.113E+01 0.000E+00
4.479E+06 9.405E+02 2.304E+00 1.827E-02 3.932E-02 1.236E+03 1.000E+00 7.113E+01 0.000E+00
1.226E+08 9.405E+02 2.304E+00 1.827E-02 3.933E-02 1.236E+03 1.000E+00 7.113E+01 0.000E+00
1.365E+06 6.303E+02 2.670E+00 1.827E-02 3.934E-02 1.419E+03 1.000E+00 7.113E+01 0.000E+00
2.785E+06 4.060E+02 3.063E+00 1.827E-02 3.935E-02 1.770E+03 1.000E+00 7.113E+01 0.000E+00
1.548E+06 4.316E+02 3.010E+00 1.827E-02 3.939E-02 1.707E+03 1.000E+00 7.113E+01 0.000E+00
2.050E+07 7.561E+02 2.503E+00 1.827E-02 3.945E-02 1.325E+03 1.000E+00 7.113E+01 0.000E+00
4.552E+07 9.359E+02 2.309E+00 1.827E-02 3.955E-02 1.238E+03 1.000E+00 7.113E+01 0.000E+00
1.850E+06 8.337E+02 2.414E+00 1.827E-02 3.975E-02 1.283E+03 1.000E+00 7.114E+01 0.000E+00
6.239E+06 8.220E+02 2.427E+00 1.827E-02 4.011E-02 1.287E+03 1.000E+00 7.115E+01 0.000E+00
7.859E+06 9.508E+02 2.296E+00 1.827E-02 4.078E-02 1.231E+03 1.000E+00 7.116E+01 0.000E+00
3.632E+08 4.951E+02 2.894E+00 1.827E-02 4.200E-02 1.578E+03 1.000E+00 7.119E+01 0.000E+00
4.587E+06 4.621E+02 2.960E+00 1.827E-02 4.423E-02 1.628E+03 1.000E+00 7.124E+01 0.000E+00
5.273E+06 6.477E+02 2.645E+00 2.311E-02 3.932E-02 1.405E+03 1.000E+00 7.113E+01 0.000E+00
5.661E+06 6.477E+02 2.645E+00 2.311E-02 3.932E-02 1.406E+03 1.000E+00 7.113E+01 0.000E+00
6.549E+06 6.477E+02 2.645E+00 2.311E-02 3.932E-02 1.405E+03 1.000E+00 7.113E+01 0.000E+00
9.231E+06 6.477E+02 2.645E+00 2.311E-02 3.932E-02 1.405E+03 1.000E+00 7.113E+01 0.000E+00
3.941E+07 6.477E+02 2.645E+00 2.311E-02 3.932E-02 1.405E+03 1.000E+00 7.113E+01 0.000E+00
2.906E+06 6.424E+02 2.652E+00 2.311E-02 3.932E-02 1.410E+03 1.000E+00 7.113E+01 0.000E+00
1.388E+07 6.424E+02 2.652E+00 2.311E-02 3.932E-02 1.410E+03 1.000E+00 7.113E+01 0.000E+00
1.583E+06 5.233E+02 2.840E+00 2.311E-02 3.932E-02 1.547E+03 1.000E+00 7.113E+01 0.000E+00
7.678E+06 4.123E+02 3.049E+00 2.311E-02 3.932E-02 1.755E+03 1.000E+00 7.113E+01 0.000E+00
6.350E+06 9.680E+02 2.278E+00 2.311E-02 3.933E-02 1.229E+03 1.000E+00 7.113E+01 0.000E+00
1.819E+07 4.922E+02 2.894E+00 2.311E-02 3.934E-02 1.591E+03 1.000E+00 7.113E+01 0.000E+00
6.137E+06 6.624E+02 2.624E+00 2.311E-02 3.935E-02 1.392E+03 1.000E+00 7.113E+01 0.000E+00
8.199E+05 5.251E+02 2.837E+00 2.311E-02 3.939E-02 1.540E+03 1.000E+00 7.113E+01 0.000E+00
1.824E+07 2.908E+02 3.325E+00 2.311E-02 3.945E-02 2.265E+03 1.000E+00 7.113E+01 0.000E+00
4.461E+06 9.762E+02 2.271E+00 2.311E-02 3.955E-02 1.226E+03 1.000E+00 7.113E+01 0.000E+00
2.164E+06 9.150E+02 2.329E+00 2.311E-02 3.975E-02 1.247E+03 1.000E+00 7.114E+01 0.000E+00
4.816E+06 9.408E+02 2.304E+00 2.311E-02 4.011E-02 1.237E+03 1.000E+00 7.115E+01 0.000E+00
3.050E+06 8.956E+02 2.349E+00 2.311E-02 4.078E-02 1.255E+03 1.000E+00 7.116E+01 0.000E+00
2.348E+07 6.857E+02 2.596E+00 2.311E-02 4.200E-02 1.370E+03 1.000E+00 7.119E+01 0.000E+00
1.809E+07 8.380E+02 2.413E+00 2.311E-02 4.423E-02 1.286E+03 1.000E+00 7.124E+01 0.000E+00
4.158E+07 7.483E+02 2.512E+00 2.923E-02 3.932E-02 1.333E+03 1.000E+00 7.113E+01 0.000E+00
6.621E+07 7.483E+02 2.512E+00 2.923E-02 3.932E-02 1.333E+03 1.000E+00 7.113E+01 0.000E+00
1.186E+07 7.522E+02 2.507E+00 2.923E-02 3.932E-02 1.337E+03 1.000E+00 7.113E+01 0.000E+00
1.804E+07 7.522E+02 2.507E+00 2.923E-02 3.932E-02 1.330E+03 1.000E+00 7.113E+01 0.000E+00
6.304E+08 7.522E+02 2.507E+00 2.923E-02 3.932E-02 1.331E+03 1.000E+00 7.113E+01 0.000E+00
1.930E+06 7.396E+02 2.523E+00 2.923E-02 3.932E-02 1.338E+03 1.000E+00 7.113E+01 0.000E+00
2.824E+06 7.396E+02 2.523E+00 2.923E-02 3.932E-02 1.339E+03 1.000E+00 7.113E+01 0.000E+00
4.346E+07 7.396E+02 2.523E+00 2.923E-02 3.932E-02 1.338E+03 1.000E+00 7.113E+01 0.000E+00
2.892E+06 5.465E+02 2.800E+00 2.923E-02 3.932E-02 1.514E+03 1.000E+00 7.113E+01 0.000E+00
5.738E+07 7.571E+02 2.501E+00 2.923E-02 3.933E-02 1.327E+03 1.000E+00 7.113E+01 0.000E+00
2.624E+06 3.180E+02 3.259E+00 2.923E-02 3.934E-02 2.103E+03 1.000E+00 7.113E+01 0.000E+00
6.208E+06 4.583E+02 2.958E+00 2.923E-02 3.935E-02 1.654E+03 1.000E+00 7.113E+01 0.000E+00
7.275E+06 2.379E+02 3.456E+00 2.923E-02 3.939E-02 2.802E+03 1.000E+00 7.113E+01 0.000E+00
3.438E+06 9.480E+02 2.297E+00 2.923E-02 3.945E-02 1.277E+03 1.000E+00 7.113E+01 0.000E+00
1.591E+06 2.961E+02 3.313E+00 2.923E-02 3.955E-02 2.230E+03 1.000E+00 7.113E+01 0.000E+00
2.600E+07 9.309E+02 2.314E+00 2.923E-02 3.975E-02 1.243E+03 1.000E+00 7.114E+01 0.000E+00
5.855E+06 7.376E+02 2.526E+00 2.923E-02 4.011E-02 1.338E+03 1.000E+00 7.115E+01 0.000E+00
1.218E+07 9.156E+02 2.330E+00 2.923E-02 4.078E-02 1.248E+03 1.000E+00 7.116E+01 0.000E+00
1.169E+06 3.167E+02 3.271E+00 2.923E-02 4.200E-02 2.091E+03 1.000E+00 7.119E+01 0.000E+00
3.582E+06 9.916E+02 2.260E+00 2.923E-02 4.423E-02 1.236E+03 1.000E+00 7.124E+01 0.000E+00
9.262E+06 5.706E+02 2.761E+00 3.697E-02 3.932E-02 1.487E+03 1.000E+00 7.113E+01 0.000E+00
1.104E+07 5.706E+02 2.761E+00 3.697E-02 3.932E-02 1.493E+03 1.000E+00 7.113E+01 0.000E+00
1.707E+07 5.706E+02 2.761E+00 3.697E-02 3.932E-02 1.487E+03 1.000E+00 7.113E+01 0.000E+00
6.657E+05 2.715E+02 3.373E+00 3.697E-02 3.932E-02 2.431E+03 1.000E+00 7.113E+01 0.000E+00
4.081E+06 9.867E+02 2.261E+00 3.697E-02 3.932E-02 1.226E+03 1.000E+00 7.113E+01 0.000E+00
4.145E+06 9.867E+02 2.261E+00 3.697E-02 3.932E-02 1.226E+03 1.000E+00 7.113E+01 0.000E+00
8.433E+05 3.426E+02 3.202E+00 3.697E-02 3.932E-02 1.989E+03 1.000E+00 7.113E+01 0.000E+00
4.163E+06 3.426E+02 3.202E+00 3.697E-02 3.932E-02 1.989E+03 1.000E+00 7.113E+01 0.000E+00
1.323E+06 5.622E+02 2.775E+00 3.697E-02 3.932E-02 1.499E+03 1.000E+00 7.113E+01 0.000E+00
7.217E+06 7.253E+02 2.541E+00 3.697E-02 3.933E-02 1.352E+03 1.000E+00 7.113E+01 0.000E+00
3.613E+06 3.235E+02 3.246E+00 3.697E-02 3.934E-02 2.076E+03 1.000E+00 7.113E+01 0.000E+00
9.017E+05 5.232E+02 2.840E+00 3.697E-02 3.935E-02 1.548E+03 1.000E+00 7.113E+01 0.000E+00
3.159E+06 9.889E+02 2.259E+00 3.697E-02 3.939E-02 1.231E+03 1.000E+00 7.113E+01 0.000E+00
3.296E+06 9.762E+02 2.271E+00 3.697E-02 3.945E-02 1.230E+03 1.000E+00 7.113E+01 0.000E+00
2.648E+07 4.650E+02 2.945E+00 3.697E-02 3.955E-02 1.643E+03 1.000E+00 7.114E+01 0.000E+00
2.617E+06 6.305E+02 2.670E+00 3.697E-02 3.975E-02 1.424E+03 1.000E+00 7.114E+01 0.000E+00
1.117E+06 5.227E+02 2.842E+00 3.697E-02 4.011E-02 1.582E+03 1.000E+00 7.115E+01 0.000E+00
4.628E+06 5.615E+02 2.778E+00 3.697E-02 4.078E-02 1.495E+03 1.000E+00 7.116E+01 0.000E+00
2.611E+06 5.940E+02 2.728E+00 3.697E-02 4.200E-02 1.473E+03 1.000E+00 7.119E+01 0.000E+00
3.846E+06 9.223E+02 2.326E+00 3.697E-02 4.423E-02 1.246E+03 1.000E+00 7.124E+01 0.000E+00
7.227E+06 4.729E+02 2.930E+00 4.677E-02 3.932E-02 1.632E+03 1.000E+00 7.113E+01 0.000E+00
8.634E+06 4.729E+02 2.930E+00 4.677E-02 3.932E-02 1.658E+03 1.000E+00 7.113E+01 0.000E+00
1.347E+07 4.729E+02 2.930E+00 4.677E-02 3.932E-02 1.632E+03 1.000E+00 7.113E+01 0.000E+00
4.596E+06 4.651E+02 2.945E+00 4.677E-02 3.932E-02 1.646E+03 1.000E+00 7.113E+01 0.000E+00
1.304E+07 4.651E+02 2.945E+00 4.677E-02 3.932E-02 1.646E+03 1.000E+00 7.113E+01 0.000E+00
3.079E+06 6.871E+02 2.591E+00 4.677E-02 3.932E-02 1.381E+03 1.000E+00 7.113E+01 0.000E+00
1.025E+07 6.871E+02 2.591E+00 4.677E-02 3.932E-02 1.397E+03 1.000E+00 7.113E+01 0.000E+00
6.396E+06 9.480E+02 2.297E+00 4.677E-02 3.932E-02 1.246E+03 1.000E+00 7.113E+01 0.000E+00
2.282E+06 3.693E+02 3.142E+00 4.677E-02 3.932E-02 1.890E+03 1.000E+00 7.113E+01 0.000E+00
3.486E+07 7.814E+02 2.472E+00 4.677E-02 3.933E-02 1.319E+03 1.000E+00 7.113E+01 0.000E+00
4.481E+06 9.359E+02 2.309E+00 4.677E-02 3.934E-02 1.247E+03 1.000E+00 7.113E+01 0.000E+00
2.987E+07 9.889E+02 2.259E+00 4.677E-02 3.935E-02 1.229E+03 1.000E+00 7.113E+01 0.000E+00
1.003E+07 9.762E+02 2.271E+00 4.677E-02 3.939E-02 1.234E+03 1.000E+00 7.113E+01 0.000E+00
7.841E+07 7.274E+02 2.538E+00 4.677E-02 3.945E-02 1.352E+03 1.000E+00 7.113E+01 0.000E+00
2.337E+06 8.157E+02 2.433E+00 4.677E-02 3.955E-02 1.300E+03 1.000E+00 7.114E+01 0.000E+00
1.811E+06 3.832E+02 3.112E+00 4.677E-02 3.975E-02 1.842E+03 1.000E+00 7.114E+01 0.000E+00
9.287E+06 8.906E+02 2.354E+00 4.677E-02 4.011E-02 1.285E+03 1.000E+00 7.115E+01 0.000E+00
1.815E+06 9.709E+02 2.277E+00 4.677E-02 4.078E-02 1.233E+03 1.000E+00 7.116E+01 0.000E+00
1.107E+07 4.565E+02 2.967E+00 4.677E-02 4.200E-02 1.655E+03 1.000E+00 7.119E+01 0.000E+00
2.956E+06 5.674E+02 2.774E+00 4.677E-02 4.423E-02 1.749E+03 1.000E+00 7.124E+01 0.000E+00
1.612E+07 9.086E+02 2.335E+00 5.915E-02 3.932E-02 1.262E+03 1.000E+00 7.113E+01 0.000E+00
1.687E+07 9.086E+02 2.335E+00 5.915E-02 3.932E-02 1.262E+03 1.000E+00 7.113E+01 0.000E+00
1.845E+07 9.086E+02 2.335E+00 5.915E-02 3.932E-02 1.264E+03 1.000E+00 7.113E+01 0.000E+00
9.396E+06 5.007E+02 2.879E+00 5.915E-02 3.932E-02 1.589E+03 1.000E+00 7.113E+01 0.000E+00
3.609E+07 9.086E+02 2.335E+00 5.915E-02 3.932E-02 1.263E+03 1.000E+00 7.113E+01 0.000E+00
3.097E+07 4.058E+02 3.063E+00 5.915E-02 3.932E-02 1.783E+03 1.000E+00 7.113E+01 0.000E+00
2.666E+07 9.062E+02 2.338E+00 5.915E-02 3.932E-02 1.263E+03 1.000E+00 7.113E+01 0.000E+00
4.218E+06 7.100E+02 2.560E+00 5.915E-02 3.932E-02 1.371E+03 1.000E+00 7.113E+01 0.000E+00
1.143E+06 3.008E+02 3.301E+00 5.915E-02 3.932E-02 2.210E+03 1.000E+00 7.113E+01 0.000E+00
3.527E+07 7.616E+02 2.496E+00 5.915E-02 3.933E-02 1.335E+03 1.000E+00 7.113E+01 0.000E+00
5.130E+06 5.007E+02 2.879E+00 5.915E-02 3.934E-02 1.589E+03 1.000E+00 7.113E+01 0.000E+00
3.403E+06 9.114E+02 2.333E+00 5.915E-02 3.935E-02 1.261E+03 1.000E+00 7.113E+01 0.000E+00
1.324E+06 3.737E+02 3.132E+00 5.915E-02 3.939E-02 1.878E+03 1.000E+00 7.113E+01 0.000E+00
1.347E+08 5.559E+02 2.785E+00 5.915E-02 3.945E-02 1.511E+03 1.000E+00 7.113E+01 0.000E+00
2.428E+06 2.325E+02 3.471E+00 5.915E-02 3.955E-02 2.889E+03 1.000E+00 7.114E+01 0.000E+00
6.841E+06 5.078E+02 2.868E+00 5.915E-02 3.975E-02 1.576E+03 1.000E+00 7.114E+01 0.000E+00
2.908E+06 8.894E+02 2.355E+00 5.915E-02 4.011E-02 1.269E+03 1.000E+00 7.115E+01 0.000E+00
1.178E+06 4.112E+02 3.055E+00 5.915E-02 4.078E-02 1.763E+03 1.000E+00 7.116E+01 0.000E+00
2.147E+06 8.266E+02 2.424E+00 5.915E-02 4.200E-02 1.296E+03 1.000E+00 7.119E+01 0.000E+00
3.659E+06 6.846E+02 2.600E+00 5.915E-02 4.423E-02 1.378E+03 1.000E+00 7.124E+01 0.000E+00
4.720E+07 5.774E+02 2.750E+00 7.482E-02 3.932E-02 1.491E+03 1.000E+00 7.113E+01 0.000E+00
2.610E+08 5.774E+02 2.750E+00 7.482E-02 3.932E-02 1.525E+03 1.000E+00 7.113E+01 0.000E+00
1.195E+07 5.704E+02 2.761E+00 7.482E-02 3.932E-02 1.500E+03 1.000E+00 7.113E+01 0.000E+00
4.040E+07 5.704E+02 2.761E+00 7.482E-02 3.932E-02 1.499E+03 1.000E+00 7.113E+01 0.000E+00
1.274E+07 7.926E+02 2.459E+00 7.482E-02 3.932E-02 1.322E+03 1.000E+00 7.113E+01 0.000E+00
7.933E+06 5.080E+02 2.866E+00 7.482E-02 3.932E-02 1.582E+03 1.000E+00 7.113E+01 0.000E+00
1.613E+06 5.513E+02 2.792E+00 7.482E-02 3.932E-02 1.524E+03 1.000E+00 7.113E+01 0.000E+00
3.566E+06 5.542E+02 2.788E+00 7.482E-02 3.932E-02 1.519E+03 1.000E+00 7.113E+01 0.000E+00
1.089E+07 5.955E+02 2.722E+00 7.482E-02 3.932E-02 1.473E+03 1.000E+00 7.113E+01 0.000E+00
7.791E+06 4.480E+02 2.978E+00 7.482E-02 3.933E-02 1.688E+03 1.000E+00 7.113E+01 0.000E+00
4.148E+07 7.769E+02 2.478E+00 7.482E-02 3.934E-02 1.331E+03 1.000E+00 7.113E+01 0.000E+00
2.370E+06 5.870E+02 2.735E+00 7.482E-02 3.935E-02 1.484E+03 1.000E+00 7.113E+01 0.000E+00
6.011E+06 7.170E+02 2.551E+00 7.482E-02 3.939E-02 1.368E+03 1.000E+00 7.113E+01 0.000E+00
4.406E+08 7.254E+02 2.541E+00 7.482E-02 3.945E-02 1.363E+03 1.000E+00 7.113E+01 0.000E+00
1.676E+06 7.870E+02 2.466E+00 7.482E-02 3.955E-02 1.325E+03 1.000E+00 7.114E+01 0.000E+00
4.753E+07 8.505E+02 2.396E+00 7.482E-02 3.975E-02 1.292E+03 1.000E+00 7.114E+01 0.000E+00
4.786E+07 8.437E+02 2.403E+00 7.482E-02 4.011E-02 1.299E+03 1.000E+00 7.115E+01 0.000E+00
3.028E+07 5.613E+02 2.778E+00 7.482E-02 4.078E-02 1.506E+03 1.000E+00 7.116E+01 0.000E+00
2.608E+07 9.570E+02 2.291E+00 7.482E-02 4.200E-02 1.247E+03 1.000E+00 7.119E+01 0.000E+00
1.576E+06 6.516E+02 2.646E+00 7.482E-02 4.423E-02 1.409E+03 1.000E+00 7.124E+01 0.000E+00
8.748E+06 8.547E+02 2.391E+00 9.464E-02 3.932E-02 1.298E+03 1.000E+00 7.113E+01 0.000E+00
9.105E+06 8.547E+02 2.391E+00 9.464E-02 3.932E-02 1.298E+03 1.000E+00 7.113E+01 0.000E+00
9.844E+06 8.547E+02 2.391E+00 9.464E-02 3.932E-02 1.299E+03 1.000E+00 7.113E+01 0.000E+00
1.158E+07 8.547E+02 2.391E+00 9.464E-02 3.932E-02 1.298E+03 1.000E+00 7.113E+01 0.000E+00
1.717E+07 8.547E+02 2.391E+00 9.464E-02 3.932E-02 1.298E+03 1.000E+00 7.113E+01 0.000E+00
1.784E+08 8.547E+02 2.391E+00 9.464E-02 3.932E-02 1.298E+03 1.000E+00 7.113E+01 0.000E+00
1.337E+07 8.384E+02 2.408E+00 9.464E-02 3.932E-02 1.310E+03 1.000E+00 7.113E+01 0.000E+00
3.150E+07 8.395E+02 2.407E+00 9.464E-02 3.932E-02 1.305E+03 1.000E+00 7.113E+01 0.000E+00
3.025E+06 8.185E+02 2.430E+00 9.464E-02 3.932E-02 1.315E+03 1.000E+00 7.113E+01 0.000E+00
8.590E+06 3.288E+02 3.235E+00 9.464E-02 3.933E-02 2.068E+03 1.000E+00 7.113E+01 0.000E+00
1.953E+06 3.635E+02 3.155E+00 9.464E-02 3.934E-02 1.924E+03 1.000E+00 7.113E+01 0.000E+00
4.473E+06 7.691E+02 2.487E+00 9.464E-02 3.935E-02 1.342E+03 1.000E+00 7.113E+01 0.000E+00
2.461E+06 8.698E+02 2.375E+00 9.464E-02 3.939E-02 1.294E+03 1.000E+00 7.113E+01 0.000E+00
6.452E+06 4.182E+02 3.038E+00 9.464E-02 3.945E-02 1.762E+03 1.000E+00 7.113E+01 0.000E+00
1.382E+08 9.029E+02 2.341E+00 9.464E-02 3.955E-02 1.278E+03 1.000E+00 7.114E+01 0.000E+00
3.010E+06 6.485E+02 2.644E+00 9.464E-02 3.975E-02 1.441E+03 1.000E+00 7.114E+01 0.000E+00
4.494E+06 8.673E+02 2.378E+00 9.464E-02 4.011E-02 1.292E+03 1.000E+00 7.115E+01 0.000E+00
1.053E+07 4.238E+02 3.029E+00 9.464E-02 4.078E-02 1.744E+03 1.000E+00 7.116E+01 0.000E+00
3.775E+06 9.317E+02 2.315E+00 9.464E-02 4.200E-02 1.263E+03 1.000E+00 7.119E+01 0.000E+00
1.723E+06 6.380E+02 2.665E+00 9.464E-02 4.423E-02 1.427E+03 1.000E+00 7.124E+01 0.000E+00
2.158E+07 9.429E+02 2.302E+00 1.197E-01 3.932E-02 1.271E+03 1.000E+00 7.113E+01 0.000E+00
2.239E+07 9.429E+02 2.302E+00 1.197E-01 3.932E-02 1.271E+03 1.000E+00 7.113E+01 0.000E+00
2.405E+07 9.429E+02 2.302E+00 1.197E-01 3.932E-02 1.272E+03 1.000E+00 7.113E+01 0.000E+00
2.785E+07 9.429E+02 2.302E+00 1.197E-01 3.932E-02 1.271E+03 1.000E+00 7.113E+01 0.000E+00
3.927E+07 9.429E+02 2.302E+00 1.197E-01 3.932E-02 1.271E+03 1.000E+00 7.113E+01 0.000E+00
1.620E+08 9.429E+02 2.302E+00 1.197E-01 3.932E-02 1.272E+03 1.000E+00 7.113E+01 0.000E+00
1.670E+06 9.065E+02 2.337E+00 1.197E-01 3.932E-02 1.288E+03 1.000E+00 7.113E+01 0.000E+00
1.928E+06 9.065E+02 2.337E+00 1.197E-01 3.932E-02 1.285E+03 1.000E+00 7.113E+01 0.000E+00
1.032E+06 4.541E+02 2.966E+00 1.197E-01 3.932E-02 1.691E+03 1.000E+00 7.113E+01 0.000E+00
8.937E+06 5.576E+02 2.782E+00 1.197E-01 3.933E-02 1.529E+03 1.000E+00 7.113E+01 0.000E+00
7.377E+06 8.256E+02 2.422E+00 1.197E-01 3.934E-02 1.326E+03 1.000E+00 7.113E+01 0.000E+00
1.399E+06 4.510E+02 2.972E+00 1.197E-01 3.935E-02 1.699E+03 1.000E+00 7.113E+01 0.000E+00
1.194E+07 7.700E+02 2.486E+00 1.197E-01 3.939E-02 1.351E+03 1.000E+00 7.113E+01 0.000E+00
4.521E+06 7.811E+02 2.473E+00 1.197E-01 3.945E-02 1.344E+03 1.000E+00 7.113E+01 0.000E+00
8.444E+07 6.485E+02 2.644E+00 1.197E-01 3.955E-02 1.437E+03 1.000E+00 7.114E+01 0.000E+00
1.340E+07 8.609E+02 2.385E+00 1.197E-01 3.975E-02 1.304E+03 1.000E+00 7.114E+01 0.000E+00
1.307E+06 5.299E+02 2.830E+00 1.197E-01 4.011E-02 1.564E+03 1.000E+00 7.115E+01 0.000E+00
3.770E+07 9.356E+02 2.310E+00 1.197E-01 4.078E-02 1.275E+03 1.000E+00 7.117E+01 0.000E+00
1.084E+07 3.557E+02 3.180E+00 1.197E-01 4.200E-02 1.948E+03 1.000E+00 7.119E+01 0.000E+00
1.905E+06 6.551E+02 2.641E+00 1.197E-01 4.423E-02 1.422E+03 1.000E+00 7.124E+01 0.000E+00
1.962E+06 5.226E+02 2.841E+00 1.514E-01 3.932E-02 1.587E+03 1.000E+00 7.113E+01 0.000E+00
2.034E+06 5.226E+02 2.841E+00 1.514E-01 3.932E-02 1.608E+03 1.000E+00 7.113E+01 0.000E+00
2.183E+06 5.226E+02 2.841E+00 1.514E-01 3.932E-02 1.587E+03 1.000E+00 7.113E+01 0.000E+00
2.525E+06 5.226E+02 2.841E+00 1.514E-01 3.932E-02 1.757E+03 1.000E+00 7.113E+01 0.000E+00
3.574E+06 5.226E+02 2.841E+00 1.514E-01 3.932E-02 1.587E+03 1.000E+00 7.113E+01 0.000E+00
1.710E+07 5.226E+02 2.841E+00 1.514E-01 3.932E-02 1.587E+03 1.000E+00 7.113E+01 0.000E+00
5.184E+06 3.840E+02 3.110E+00 1.514E-01 3.932E-02 1.876E+03 1.000E+00 7.113E+01 0.000E+00
9.925E+06 4.915E+02 2.896E+00 1.514E-01 3.932E-02 1.635E+03 1.000E+00 7.113E+01 0.000E+00
1.289E+06 4.244E+02 3.025E+00 1.514E-01 3.932E-02 1.767E+03 1.000E+00 7.113E+01 0.000E+00
4.821E+06 6.199E+02 2.685E+00 1.514E-01 3.933E-02 1.474E+03 1.000E+00 7.113E+01 0.000E+00
1.136E+06 9.157E+02 2.328E+00 1.514E-01 3.934E-02 1.295E+03 1.000E+00 7.113E+01 0.000E+00
2.785E+07 9.157E+02 2.328E+00 1.514E-01 3.935E-02 1.294E+03 1.000E+00 7.113E+01 0.000E+00
3.298E+06 8.820E+02 2.362E+00 1.514E-01 3.939E-02 1.308E+03 1.000E+00 7.113E+01 0.000E+00
1.543E+08 4.364E+02 3.001E+00 1.514E-01 3.945E-02 1.739E+03 1.000E+00 7.114E+01 0.000E+00
1.367E+07 9.056E+02 2.339E+00 1.514E-01 3.955E-02 1.298E+03 1.000E+00 7.114E+01 0.000E+00
1.190E+07 8.381E+02 2.409E+00 1.514E-01 3.975E-02 1.327E+03 1.000E+00 7.114E+01 0.000E+00
7.940E+06 7.163E+02 2.553E+00 1.514E-01 4.011E-02 1.396E+03 1.000E+00 7.115E+01 0.000E+00
9.576E+06 4.107E+02 3.057E+00 1.514E-01 4.078E-02 1.795E+03 1.000E+00 7.117E+01 0.000E+00
1.686E+06 9.463E+02 2.301E+00 1.514E-01 4.200E-02 1.280E+03 1.000E+00 7.119E+01 0.000E+00
6.564E+06 6.893E+02 2.594E+00 1.514E-01 4.423E-02 1.411E+03 1.000E+00 7.125E+01 0.000E+00
4.568E+06 6.565E+02 2.633E+00 1.915E-01 3.932E-02 1.457E+03 1.000E+00 7.113E+01 0.000E+00
4.842E+06 6.565E+02 2.633E+00 1.915E-01 3.932E-02 1.458E+03 1.000E+00 7.113E+01 0.000E+00
5.443E+06 6.565E+02 2.633E+00 1.915E-01 3.932E-02 1.457E+03 1.000E+00 7.113E+01 0.000E+00
7.070E+06 6.565E+02 2.633E+00 1.915E-01 3.932E-02 1.457E+03 1.000E+00 7.113E+01 0.000E+00
1.602E+07 6.565E+02 2.633E+00 1.915E-01 3.932E-02 1.459E+03 1.000E+00 7.113E+01 0.000E+00
3.533E+06 6.483E+02 2.644E+00 1.915E-01 3.932E-02 1.464E+03 1.000E+00 7.113E+01 0.000E+00
7.473E+07 6.483E+02 2.644E+00 1.915E-01 3.932E-02 1.464E+03 1.000E+00 7.113E+01 0.000E+00
2.421E+06 2.466E+02 3.438E+00 1.915E-01 3.932E-02 2.723E+03 1.000E+00 7.113E+01 0.000E+00
1.447E+07 6.035E+02 2.710E+00 1.915E-01 3.932E-02 1.505E+03 1.000E+00 7.113E+01 0.000E+00
3.108E+08 4.439E+02 2.986E+00 1.915E-01 3.933E-02 1.738E+03 1.000E+00 7.113E+01 0.000E+00
1.298E+07 7.542E+02 2.505E+00 1.915E-01 3.934E-02 1.389E+03 1.000E+00 7.113E+01 0.000E+00
1.301E+06 2.231E+02 3.496E+00 1.915E-01 3.935E-02 3.082E+03 1.000E+00 7.113E+01 0.000E+00
1.472E+06 8.984E+02 2.346E+00 1.915E-01 3.939E-02 1.318E+03 1.000E+00 7.114E+01 0.000E+00
2.078E+07 3.117E+02 3.277E+00 1.915E-01 3.945E-02 2.186E+03 1.000E+00 7.114E+01 0.000E+00
6.402E+06 7.587E+02 2.500E+00 1.915E-01 3.955E-02 1.386E+03 1.000E+00 7.114E+01 0.000E+00
6.096E+06 9.011E+02 2.343E+00 1.915E-01 3.975E-02 1.320E+03 1.000E+00 7.114E+01 0.000E+00
1.996E+06 5.143E+02 2.857E+00 1.915E-01 4.011E-02 1.613E+03 1.000E+00 7.115E+01 0.000E+00
3.786E+07 3.511E+02 3.188E+00 1.915E-01 4.078E-02 1.997E+03 1.000E+00 7.117E+01 0.000E+00
2.008E+06 3.203E+02 3.264E+00 1.915E-01 4.200E-02 2.126E+03 1.000E+00 7.119E+01 0.000E+00
1.442E+06 4.681E+02 2.950E+00 1.915E-01 4.423E-02 1.676E+03 1.000E+00 7.125E+01 0.000E+00
2.545E+06 7.696E+02 2.487E+00 2.422E-01 3.932E-02 1.403E+03 1.000E+00 7.113E+01 0.000E+00
2.590E+06 7.696E+02 2.487E+00 2.422E-01 3.932E-02 1.403E+03 1.000E+00 7.113E+01 0.000E+00
2.678E+06 7.696E+02 2.487E+00 2.422E-01 3.932E-02 1.403E+03 1.000E+00 7.113E+01 0.000E+00
2.856E+06 7.696E+02 2.487E+00 2.422E-01 3.932E-02 1.411E+03 1.000E+00 7.113E+01 0.000E+00
3.258E+06 7.696E+02 2.487E+00 2.422E-01 3.932E-02 1.471E+03 1.000E+00 7.113E+01 0.000E+00
4.436E+06 7.696E+02 2.487E+00 2.422E-01 3.932E-02 1.403E+03 1.000E+00 7.113E+01 0.000E+00
1.458E+07 7.696E+02 2.487E+00 2.422E-01 3.932E-02 1.403E+03 1.000E+00 7.113E+01 0.000E+00
3.262E+06 2.486E+02 3.433E+00 2.422E-01 3.932E-02 2.714E+03 1.000E+00 7.113E+01 0.000E+00
4.512E+06 4.048E+02 3.066E+00 2.422E-01 3.932E-02 1.852E+03 1.000E+00 7.113E+01 0.000E+00
1.547E+06 2.426E+02 3.448E+00 2.422E-01 3.933E-02 2.788E+03 1.000E+00 7.113E+01 0.000E+00
3.491E+06 4.735E+02 2.930E+00 2.422E-01 3.934E-02 1.708E+03 1.000E+00 7.114E+01 0.000E+00
6.371E+06 9.709E+02 2.276E+00 2.422E-01 3.935E-02 1.320E+03 1.000E+00 7.114E+01 0.000E+00
3.940E+06 5.946E+02 2.724E+00 2.422E-01 3.939E-02 1.536E+03 1.000E+00 7.114E+01 0.000E+00
1.258E+07 3.953E+02 3.087E+00 2.422E-01 3.945E-02 1.876E+03 1.000E+00 7.114E+01 0.000E+00
8.570E+05 7.477E+02 2.513E+00 2.422E-01 3.955E-02 1.417E+03 1.000E+00 7.114E+01 0.000E+00
1.186E+07 6.422E+02 2.654E+00 2.422E-01 3.975E-02 1.491E+03 1.000E+00 7.114E+01 0.000E+00
3.641E+06 5.735E+02 2.758E+00 2.422E-01 4.011E-02 1.559E+03 1.000E+00 7.115E+01 0.000E+00
1.032E+08 9.708E+02 2.277E+00 2.422E-01 4.078E-02 1.316E+03 1.000E+00 7.117E+01 0.000E+00
3.096E+06 5.723E+02 2.763E+00 2.422E-01 4.200E-02 1.555E+03 1.000E+00 7.120E+01 0.000E+00
1.304E+06 6.216E+02 2.690E+00 2.422E-01 4.423E-02 1.501E+03 1.000E+00 7.125E+01 0.000E+00
8.326E+06 9.026E+02 2.341E+00 3.064E-01 3.932E-02 1.378E+03 1.000E+00 7.114E+01 0.000E+00
8.528E+06 9.026E+02 2.341E+00 3.064E-01 3.932E-02 1.378E+03 1.000E+00 7.114E+01 0.000E+00
8.925E+06 9.026E+02 2.341E+00 3.064E-01 3.932E-02 1.377E+03 1.000E+00 7.114E+01 0.000E+00
9.763E+06 9.026E+02 2.341E+00 3.064E-01 3.932E-02 1.379E+03 1.000E+00 7.114E+01 0.000E+00
1.181E+07 9.026E+02 2.341E+00 3.064E-01 3.932E-02 1.377E+03 1.000E+00 7.114E+01 0.000E+00
1.934E+07 9.026E+02 2.341E+00 3.064E-01 3.932E-02 1.377E+03 1.000E+00 7.114E+01 0.000E+00
1.611E+07 9.054E+02 2.339E+00 3.064E-01 3.932E-02 1.376E+03 1.000E+00 7.114E+01 0.000E+00
1.741E+08 9.261E+02 2.318E+00 3.064E-01 3.932E-02 1.368E+03 1.000E+00 7.114E+01 0.000E+00
6.530E+06 9.887E+02 2.260E+00 3.064E-01 3.932E-02 1.349E+03 1.000E+00 7.114E+01 0.000E+00
8.708E+06 9.887E+02 2.260E+00 3.064E-01 3.933E-02 1.349E+03 1.000E+00 7.114E+01 0.000E+00
5.358E+05 2.201E+02 3.506E+00 3.064E-01 3.934E-02 3.169E+03 1.000E+00 7.114E+01 0.000E+00
1.933E+06 6.008E+02 2.715E+00 3.064E-01 3.935E-02 1.561E+03 1.000E+00 7.114E+01 0.000E+00
1.086E+07 6.116E+02 2.698E+00 3.064E-01 3.939E-02 1.550E+03 1.000E+00 7.114E+01 0.000E+00
4.275E+06 8.534E+02 2.392E+00 3.064E-01 3.945E-02 1.396E+03 1.000E+00 7.114E+01 0.000E+00
8.209E+06 5.216E+02 2.844E+00 3.064E-01 3.955E-02 1.664E+03 1.000E+00 7.114E+01 0.000E+00
2.806E+06 5.689E+02 2.765E+00 3.064E-01 3.975E-02 1.596E+03 1.000E+00 7.115E+01 0.000E+00
1.706E+06 7.471E+02 2.515E+00 3.064E-01 4.011E-02 1.448E+03 1.000E+00 7.115E+01 0.000E+00
2.411E+06 8.526E+02 2.394E+00 3.064E-01 4.078E-02 1.395E+03 1.000E+00 7.117E+01 0.000E+00
3.367E+06 9.244E+02 2.322E+00 3.064E-01 4.200E-02 1.366E+03 1.000E+00 7.120E+01 0.000E+00
1.111E+06 4.402E+02 3.005E+00 3.064E-01 4.423E-02 1.958E+03 1.000E+00 7.125E+01 0.000E+00
1.920E+06 7.261E+02 2.540E+00 3.875E-01 3.932E-02 1.510E+03 1.000E+00 7.114E+01 0.000E+00
1.950E+06 7.261E+02 2.540E+00 3.875E-01 3.932E-02 1.511E+03 1.000E+00 7.114E+01 0.000E+00
2.009E+06 7.261E+02 2.540E+00 3.875E-01 3.932E-02 1.513E+03 1.000E+00 7.114E+01 0.000E+00
2.127E+06 7.261E+02 2.540E+00 3.875E-01 3.932E-02 1.512E+03 1.000E+00 7.114E+01 0.000E+00
2.389E+06 7.261E+02 2.540E+00 3.875E-01 3.932E-02 1.510E+03 1.000E+00 7.114E+01 0.000E+00
3.111E+06 7.261E+02 2.540E+00 3.875E-01 3.932E-02 1.512E+03 1.000E+00 7.114E+01 0.000E+00
7.502E+06 7.261E+02 2.540E+00 3.875E-01 3.932E-02 1.510E+03 1.000E+00 7.114E+01 0.000E+00
2.688E+06 2.474E+02 3.439E+00 3.875E-01 3.932E-02 2.783E+03 1.000E+00 7.114E+01 0.000E+00
2.545E+06 4.988E+02 2.884E+00 3.875E-01 3.932E-02 1.732E+03 1.000E+00 7.114E+01 0.000E+00
3.063E+07 3.443E+02 3.201E+00 3.875E-01 3.933E-02 2.117E+03 1.000E+00 7.114E+01 0.000E+00
4.370E+06 5.213E+02 2.844E+00 3.875E-01 3.934E-02 1.699E+03 1.000E+00 7.114E+01 0.000E+00
1.205E+07 5.367E+02 2.818E+00 3.875E-01 3.935E-02 1.678E+03 1.000E+00 7.114E+01 0.000E+00
1.388E+07 9.481E+02 2.297E+00 3.875E-01 3.939E-02 1.416E+03 1.000E+00 7.114E+01 0.000E+00
1.537E+07 4.349E+02 3.006E+00 3.875E-01 3.945E-02 1.848E+03 1.000E+00 7.114E+01 0.000E+00
7.828E+07 8.226E+02 2.426E+00 3.875E-01 3.955E-02 1.460E+03 1.000E+00 7.114E+01 0.000E+00
1.730E+07 3.498E+02 3.190E+00 3.875E-01 3.975E-02 2.094E+03 1.000E+00 7.115E+01 0.000E+00
1.467E+07 7.748E+02 2.481E+00 3.875E-01 4.011E-02 1.482E+03 1.000E+00 7.116E+01 0.000E+00
1.302E+07 4.287E+02 3.021E+00 3.875E-01 4.078E-02 1.859E+03 1.000E+00 7.117E+01 0.000E+00
1.222E+07 6.880E+02 2.593E+00 3.875E-01 4.200E-02 1.531E+03 1.000E+00 7.120E+01 0.000E+00
3.756E+06 7.588E+02 2.505E+00 3.875E-01 4.423E-02 1.485E+03 1.000E+00 7.125E+01 0.000E+00
2.238E+06 8.979E+02 2.346E+00 4.902E-01 3.932E-02 1.519E+03 1.000E+00 7.114E+01 0.000E+00
2.250E+06 8.979E+02 2.346E+00 4.902E-01 3.932E-02 1.518E+03 1.000E+00 7.114E+01 0.000E+00
2.273E+06 8.979E+02 2.346E+00 4.902E-01 3.932E-02 1.519E+03 1.000E+00 7.114E+01 0.000E+00
2.318E+06 8.979E+02 2.346E+00 4.902E-01 3.932E-02 1.519E+03 1.000E+00 7.114E+01 0.000E+00
2.404E+06 8.979E+02 2.346E+00 4.902E-01 3.932E-02 1.519E+03 1.000E+00 7.114E+01 0.000E+00
2.583E+06 8.979E+02 2.346E+00 4.902E-01 3.932E-02 1.519E+03 1.000E+00 7.114E+01 0.000E+00
3.001E+06 8.979E+02 2.346E+00 4.902E-01 3.932E-02 1.519E+03 1.000E+00 7.114E+01 0.000E+00
4.351E+06 8.979E+02 2.346E+00 4.902E-01 3.932E-02 1.521E+03 1.000E+00 7.114E+01 0.000E+00
4.205E+07 8.979E+02 2.346E+00 4.902E-01 3.932E-02 1.519E+03 1.000E+00 7.114E+01 0.000E+00
4.753E+06 8.975E+02 2.347E+00 4.902E-01 3.933E-02 1.519E+03 1.000E+00 7.114E+01 0.000E+00
1.015E+06 2.960E+02 3.318E+00 4.902E-01 3.934E-02 2.418E+03 1.000E+00 7.114E+01 0.000E+00
4.407E+06 3.495E+02 3.190E+00 4.902E-01 3.935E-02 2.157E+03 1.000E+00 7.114E+01 0.000E+00
1.106E+08 9.152E+02 2.329E+00 4.902E-01 3.939E-02 1.514E+03 1.000E+00 7.114E+01 0.000E+00
4.573E+07 6.818E+02 2.599E+00 4.902E-01 3.945E-02 1.615E+03 1.000E+00 7.114E+01 0.000E+00
4.041E+06 7.798E+02 2.475E+00 4.902E-01 3.955E-02 1.561E+03 1.000E+00 7.115E+01 0.000E+00
1.174E+07 7.123E+02 2.559E+00 4.902E-01 3.975E-02 1.595E+03 1.000E+00 7.115E+01 0.000E+00
7.665E+06 5.279E+02 2.834E+00 4.902E-01 4.011E-02 1.758E+03 1.000E+00 7.116E+01 0.000E+00
2.942E+06 3.545E+02 3.182E+00 4.902E-01 4.078E-02 2.167E+03 1.000E+00 7.117E+01 0.000E+00
4.609E+06 9.013E+02 2.345E+00 4.902E-01 4.200E-02 1.513E+03 1.000E+00 7.120E+01 0.000E+00
3.458E+07 6.166E+02 2.698E+00 4.902E-01 4.423E-02 1.656E+03 1.000E+00 7.125E+01 0.000E+00
2.853E+06 7.012E+02 2.573E+00 6.200E-01 3.932E-02 1.738E+03 1.000E+00 7.114E+01 0.000E+00
2.934E+06 7.012E+02 2.573E+00 6.200E-01 3.932E-02 1.736E+03 1.000E+00 7.114E+01 0.000E+00
3.096E+06 7.012E+02 2.573E+00 6.200E-01 3.932E-02 1.737E+03 1.000E+00 7.114E+01 0.000E+00
3.449E+06 7.012E+02 2.573E+00 6.200E-01 3.932E-02 1.736E+03 1.000E+00 7.114E+01 0.000E+00
4.380E+06 7.012E+02 2.573E+00 6.200E-01 3.932E-02 1.736E+03 1.000E+00 7.114E+01 0.000E+00
8.949E+06 7.012E+02 2.573E+00 6.200E-01 3.932E-02 1.736E+03 1.000E+00 7.114E+01 0.000E+00
1.349E+07 7.024E+02 2.571E+00 6.200E-01 3.932E-02 1.737E+03 1.000E+00 7.114E+01 0.000E+00
1.478E+07 6.945E+02 2.582E+00 6.200E-01 3.932E-02 1.931E+03 1.000E+00 7.114E+01 0.000E+00
1.205E+08 7.293E+02 2.537E+00 6.200E-01 3.932E-02 1.722E+03 1.000E+00 7.114E+01 0.000E+00
3.128E+06 9.937E+02 2.255E+00 6.200E-01 3.933E-02 1.661E+03 1.000E+00 7.114E+01 0.000E+00
4.859E+06 8.141E+02 2.436E+00 6.200E-01 3.934E-02 1.929E+03 1.000E+00 7.114E+01 0.000E+00
3.698E+06 2.777E+02 3.365E+00 6.200E-01 3.935E-02 2.637E+03 1.000E+00 7.114E+01 0.000E+00
1.091E+07 9.937E+02 2.255E+00 6.200E-01 3.939E-02 1.661E+03 1.000E+00 7.114E+01 0.000E+00
4.624E+06 8.756E+02 2.369E+00 6.200E-01 3.945E-02 1.675E+03 1.000E+00 7.115E+01 0.000E+00
2.215E+06 4.278E+02 3.021E+00 6.200E-01 3.955E-02 2.038E+03 1.000E+00 7.115E+01 0.000E+00
2.218E+06 8.674E+02 2.378E+00 6.200E-01 3.975E-02 1.677E+03 1.000E+00 7.115E+01 0.000E+00
1.007E+07 8.947E+02 2.350E+00 6.200E-01 4.011E-02 1.670E+03 1.000E+00 7.116E+01 0.000E+00
3.735E+06 5.424E+02 2.811E+00 6.200E-01 4.078E-02 1.858E+03 1.000E+00 7.118E+01 0.000E+00
6.400E+06 5.260E+02 2.841E+00 6.200E-01 4.200E-02 1.884E+03 1.000E+00 7.120E+01 0.000E+00
1.946E+07 8.802E+02 2.369E+00 6.200E-01 4.423E-02 1.656E+03 1.000E+00 7.126E+01 0.000E+00
2.254E+07 5.048E+02 2.875E+00 7.842E-01 3.932E-02 2.132E+03 1.000E+00 7.115E+01 0.000E+00
4.243E+07 5.048E+02 2.875E+00 7.842E-01 3.932E-02 2.133E+03 1.000E+00 7.115E+01 0.000E+00
2.273E+07 3.037E+02 3.302E+00 7.842E-01 3.932E-02 2.642E+03 1.000E+00 7.115E+01 0.000E+00
6.602E+06 5.346E+02 2.823E+00 7.842E-01 3.932E-02 2.099E+03 1.000E+00 7.115E+01 0.000E+00
2.867E+07 5.346E+02 2.823E+00 7.842E-01 3.932E-02 2.099E+03 1.000E+00 7.115E+01 0.000E+00
3.665E+06 6.455E+02 2.649E+00 7.842E-01 3.932E-02 2.013E+03 1.000E+00 7.115E+01 0.000E+00
2.508E+08 6.455E+02 2.649E+00 7.842E-01 3.932E-02 2.014E+03 1.000E+00 7.115E+01 0.000E+00
3.513E+06 6.644E+02 2.623E+00 7.842E-01 3.932E-02 2.003E+03 1.000E+00 7.115E+01 0.000E+00
2.684E+07 5.627E+02 2.776E+00 7.842E-01 3.932E-02 2.072E+03 1.000E+00 7.115E+01 0.000E+00
1.294E+07 7.851E+02 2.469E+00 7.842E-01 3.933E-02 1.967E+03 1.000E+00 7.115E+01 0.000E+00
7.449E+06 3.200E+02 3.262E+00 7.842E-01 3.934E-02 2.563E+03 1.000E+00 7.115E+01 0.000E+00
1.378E+06 7.085E+02 2.564E+00 7.842E-01 3.935E-02 1.984E+03 1.000E+00 7.115E+01 0.000E+00
2.985E+06 3.139E+02 3.277E+00 7.842E-01 3.939E-02 2.593E+03 1.000E+00 7.115E+01 0.000E+00
7.481E+06 5.671E+02 2.769E+00 7.842E-01 3.945E-02 2.069E+03 1.000E+00 7.115E+01 0.000E+00
1.136E+06 7.140E+02 2.557E+00 7.842E-01 3.955E-02 1.982E+03 1.000E+00 7.115E+01 0.000E+00
1.535E+06 3.148E+02 3.276E+00 7.842E-01 3.975E-02 2.588E+03 1.000E+00 7.116E+01 0.000E+00
1.209E+06 4.547E+02 2.970E+00 7.842E-01 4.011E-02 2.202E+03 1.000E+00 7.117E+01 0.000E+00
2.958E+06 5.245E+02 2.842E+00 7.842E-01 4.078E-02 2.104E+03 1.000E+00 7.118E+01 0.000E+00
8.613E+06 3.819E+02 3.126E+00 7.842E-01 4.200E-02 2.352E+03 1.000E+00 7.121E+01 0.000E+00
1.144E+06 6.179E+02 2.697E+00 7.842E-01 4.423E-02 1.992E+03 1.000E+00 7.126E+01 0.000E+00
8.978E+05 5.146E+02 2.858E+00 9.919E-01 3.932E-02 2.577E+03 1.000E+00 7.115E+01 0.000E+00
9.107E+05 5.146E+02 2.858E+00 9.919E-01 3.932E-02 2.577E+03 1.000E+00 7.115E+01 0.000E+00
9.355E+05 5.146E+02 2.858E+00 9.919E-01 3.932E-02 2.581E+03 1.000E+00 7.115E+01 0.000E+00
9.851E+05 5.146E+02 2.858E+00 9.919E-01 3.932E-02 2.578E+03 1.000E+00 7.115E+01 0.000E+00
1.094E+06 5.146E+02 2.858E+00 9.919E-01 3.932E-02 2.578E+03 1.000E+00 7.115E+01 0.000E+00
1.382E+06 5.146E+02 2.858E+00 9.919E-01 3.932E-02 2.589E+03 1.000E+00 7.115E+01 0.000E+00
2.851E+06 5.146E+02 2.858E+00 9.919E-01 3.932E-02 2.579E+03 1.000E+00 7.115E+01 0.000E+00
5.093E+06 5.169E+02 2.854E+00 9.919E-01 3.932E-02 2.574E+03 1.000E+00 7.115E+01 0.000E+00
1.133E+06 5.661E+02 2.771E+00 9.919E-01 3.932E-02 2.498E+03 1.000E+00 7.115E+01 0.000E+00
1.298E+06 2.243E+02 3.511E+00 9.919E-01 3.933E-02 3.665E+03 1.000E+00 7.115E+01 0.000E+00
4.270E+06 3.357E+02 3.226E+00 9.919E-01 3.934E-02 2.958E+03 1.000E+00 7.115E+01 0.000E+00
6.841E+06 5.243E+02 2.841E+00 9.919E-01 3.935E-02 2.561E+03 1.000E+00 7.115E+01 0.000E+00
6.834E+05 3.628E+02 3.163E+00 9.919E-01 3.939E-02 2.886E+03 1.000E+00 7.115E+01 0.000E+00
8.677E+05 4.149E+02 3.050E+00 9.919E-01 3.945E-02 2.765E+03 1.000E+00 7.115E+01 0.000E+00
1.860E+07 3.300E+02 3.241E+00 9.919E-01 3.955E-02 2.978E+03 1.000E+00 7.116E+01 0.000E+00
6.860E+05 5.077E+02 2.871E+00 9.919E-01 3.975E-02 2.578E+03 1.000E+00 7.116E+01 0.000E+00
1.660E+06 2.510E+02 3.443E+00 9.919E-01 4.011E-02 3.385E+03 1.000E+00 7.117E+01 0.000E+00
3.497E+05 3.775E+02 3.134E+00 9.919E-01 4.078E-02 2.842E+03 1.000E+00 7.119E+01 0.000E+00
9.274E+05 3.233E+02 3.265E+00 9.919E-01 4.200E-02 3.009E+03 1.000E+00 7.121E+01 0.000E+00
9.648E+05 2.295E+02 3.520E+00 9.919E-01 4.423E-02 3.627E+03 1.000E+00 7.126E+01 0.000E+00
9.431E+06 3.413E+02 3.215E+00 1.255E+00 3.932E-02 3.960E+03 1.000E+00 7.116E+01 0.000E+00
1.251E+07 3.413E+02 3.215E+00 1.255E+00 3.932E-02 3.953E+03 1.000E+00 7.116E+01 0.000E+00
3.134E+07 3.413E+02 3.215E+00 1.255E+00 3.932E-02 3.952E+03 1.000E+00 7.116E+01 0.000E+00
4.682E+06 3.401E+02 3.218E+00 1.255E+00 3.932E-02 3.968E+03 1.000E+00 7.116E+01 0.000E+00
1.860E+07 3.401E+02 3.218E+00 1.255E+00 3.932E-02 3.968E+03 1.000E+00 7.116E+01 0.000E+00
9.571E+05 2.549E+02 3.434E+00 1.255E+00 3.932E-02 4.932E+03 1.000E+00 7.116E+01 0.000E+00
1.429E+06 2.427E+02 3.466E+00 1.255E+00 3.932E-02 4.939E+03 1.000E+00 7.116E+01 0.000E+00
3.538E+06 2.549E+02 3.434E+00 1.255E+00 3.932E-02 4.933E+03 1.000E+00 7.116E+01 0.000E+00
1.293E+06 2.405E+02 3.473E+00 1.255E+00 3.932E-02 4.938E+03 1.000E+00 7.116E+01 0.000E+00
1.155E+07 3.515E+02 3.191E+00 1.255E+00 3.933E-02 3.829E+03 1.000E+00 7.116E+01 0.000E+00
2.891E+06 2.225E+02 3.521E+00 1.255E+00 3.934E-02 4.945E+03 1.000E+00 7.116E+01 0.000E+00
1.288E+07 2.911E+02 3.339E+00 1.255E+00 3.935E-02 4.655E+03 1.000E+00 7.116E+01 0.000E+00
1.286E+06 2.194E+02 3.530E+00 1.255E+00 3.939E-02 4.956E+03 1.000E+00 7.116E+01 0.000E+00
1.242E+06 2.179E+02 3.534E+00 1.255E+00 3.945E-02 4.969E+03 1.000E+00 7.116E+01 0.000E+00
2.668E+08 2.973E+02 3.324E+00 1.255E+00 3.955E-02 4.551E+03 1.000E+00 7.116E+01 0.000E+00
4.727E+05 2.668E+02 3.404E+00 1.255E+00 3.975E-02 4.886E+03 1.000E+00 7.117E+01 0.000E+00
2.240E+06 2.908E+02 3.343E+00 1.255E+00 4.011E-02 4.586E+03 1.000E+00 7.118E+01 0.000E+00
1.522E+06 3.266E+02 3.255E+00 1.255E+00 4.078E-02 3.981E+03 1.000E+00 7.119E+01 0.000E+00
1.793E+06 2.267E+02 3.522E+00 1.255E+00 4.200E-02 5.148E+03 1.000E+00 7.122E+01 0.000E+00
3.986E+05 2.659E+02 3.424E+00 1.255E+00 4.423E-02 4.544E+03 1.000E+00 7.127E+01 0.000E+00
NAN NAN NAN 1.587E+00 3.932E-02 NAN 1.000E+00 7.117E+01 0.000E+00
NAN NAN NAN 1.587E+00 3.932E-02 NAN 1.000E+00 7.117E+01 0.000E+00
NAN NAN NAN 1.587E+00 3.932E-02 NAN 1.000E+00 7.117E+01 0.000E+00
NAN NAN NAN 1.587E+00 3.932E-02 NAN 1.000E+00 7.117E+01 0.000E+00
NAN NAN NAN 1.587E+00 3.932E-02 NAN 1.000E+00 7.117E+01 0.000E+00
NAN NAN NAN 1.587E+00 3.932E-02 NAN 1.000E+00 7.117E+01 0.000E+00
NAN NAN NAN 1.587E+00 3.932E-02 NAN 1.000E+00 7.117E+01 0.000E+00
NAN NAN NAN 1.587E+00 3.932E-02 NAN 1.000E+00 7.117E+01 0.000E+00
NAN NAN NAN 1.587E+00 3.932E-02 NAN 1.000E+00 7.117E+01 0.000E+00
NAN NAN NAN 1.587E+00 3.933E-02 NAN 1.000E+00 7.117E+01 0.000E+00
NAN NAN NAN 1.587E+00 3.934E-02 NAN 1.000E+00 7.117E+01 0.000E+00
NAN NAN NAN 1.587E+00 3.935E-02 NAN 1.000E+00 7.117E+01 0.000E+00
NAN NAN NAN 1.587E+00 3.939E-02 NAN 1.000E+00 7.117E+01 0.000E+00
NAN NAN NAN 1.587E+00 3.945E-02 NAN 1.000E+00 7.117E+01 0.000E+00
NAN NAN NAN 1.587E+00 3.955E-02 NAN 1.000E+00 7.117E+01 0.000E+00
NAN NAN NAN 1.587E+00 3.975E-02 NAN 1.000E+00 7.118E+01 0.000E+00
NAN NAN NAN 1.587E+00 4.011E-02 NAN 1.000E+00 7.118E+01 0.000E+00
NAN NAN NAN 1.587E+00 4.078E-02 NAN 1.000E+00 7.120E+01 0.000E+00
NAN NAN NAN 1.587E+00 4.200E-02 NAN 1.000E+00 7.123E+01 0.000E+00
NAN NAN NAN 1.587E+00 4.423E-02 NAN 1.000E+00 7.128E+01 0.000E+00
NAN NAN NAN 2.007E+00 3.932E-02 NAN 1.000E+00 7.118E+01 0.000E+00
NAN NAN NAN 2.007E+00 3.932E-02 NAN 1.000E+00 7.118E+01 0.000E+00
NAN NAN NAN 2.007E+00 3.932E-02 NAN 1.000E+00 7.118E+01 0.000E+00
NAN NAN NAN 2.007E+00 3.932E-02 NAN 1.000E+00 7.118E+01 0.000E+00
NAN NAN NAN 2.007E+00 3.932E-02 NAN 1.000E+00 7.118E+01 0.000E+00
NAN NAN NAN 2.007E+00 3.932E-02 NAN 1.000E+00 7.118E+01 0.000E+00
NAN NAN NAN 2.007E+00 3.932E-02 NAN 1.000E+00 7.118E+01 0.000E+00
NAN NAN NAN 2.007E+00 3.932E-02 NAN 1.000E+00 7.118E+01 0.000E+00
NAN NAN NAN 2.007E+00 3.932E-02 NAN 1.000E+00 7.118E+01 0.000E+00
NAN NAN NAN 2.007E+00 3.933E-02 NAN 1.000E+00 7.118E+01 0.000E+00
NAN NAN NAN 2.007E+00 3.934E-02 NAN 1.000E+00 7.118E+01 0.000E+00
NAN NAN NAN 2.007E+00 3.935E-02 NAN 1.000E+00 7.118E+01 0.000E+00
NAN NAN NAN 2.007E+00 3.939E-02 NAN 1.000E+00 7.118E+01 0.000E+00
NAN NAN NAN 2.007E+00 3.945E-02 NAN 1.000E+00 7.118E+01 0.000E+00
NAN NAN NAN 2.007E+00 3.955E-02 NAN 1.000E+00 7.118E+01 0.000E+00
NAN NAN NAN 2.007E+00 3.975E-02 NAN 1.000E+00 7.118E+01 0.000E+00
NAN NAN NAN 2.007E+00 4.011E-02 NAN 1.000E+00 7.119E+01 0.000E+00
NAN NAN NAN 2.007E+00 4.078E-02 NAN 1.000E+00 7.121E+01 0.000E+00
NAN NAN NAN 2.007E+00 4.200E-02 NAN 1.000E+00 7.124E+01 0.000E+00
NAN NAN NAN 2.007E+00 4.423E-02 NAN 1.000E+00 7.129E+01 0.000E+00
NAN NAN NAN 2.539E+00 3.932E-02 NAN 1.000E+00 7.119E+01 0.000E+00
NAN NAN NAN 2.539E+00 3.932E-02 NAN 1.000E+00 7.119E+01 0.000E+00
NAN NAN NAN 2.539E+00 3.932E-02 NAN 1.000E+00 7.119E+01 0.000E+00
NAN NAN NAN 2.539E+00 3.932E-02 NAN 1.000E+00 7.119E+01 0.000E+00
NAN NAN NAN 2.539E+00 3.932E-02 NAN 1.000E+00 7.119E+01 0.000E+00
NAN NAN NAN 2.539E+00 3.932E-02 NAN 1.000E+00 7.119E+01 0.000E+00
NAN NAN NAN 2.539E+00 3.932E-02 NAN 1.000E+00 7.119E+01 0.000E+00
NAN NAN NAN 2.539E+00 3.932E-02 NAN 1.000E+00 7.119E+01 0.000E+00
NAN NAN NAN 2.539E+00 3.932E-02 NAN 1.000E+00 7.119E+01 0.000E+00
NAN NAN NAN 2.539E+00 3.933E-02 NAN 1.000E+00 7.119E+01 0.000E+00
NAN NAN NAN 2.539E+00 3.934E-02 NAN 1.000E+00 7.119E+01 0.000E+00
NAN NAN NAN 2.539E+00 3.935E-02 NAN 1.000E+00 7.119E+01 0.000E+00
NAN NAN NAN 2.539E+00 3.939E-02 NAN 1.000E+00 7.119E+01 0.000E+00
NAN NAN NAN 2.539E+00 3.945E-02 NAN 1.000E+00 7.119E+01 0.000E+00
NAN NAN NAN 2.539E+00 3.955E-02 NAN 1.000E+00 7.119E+01 0.000E+00
NAN NAN NAN 2.539E+00 3.975E-02 NAN 1.000E+00 7.120E+01 0.000E+00
NAN NAN NAN 2.539E+00 4.011E-02 NAN 1.000E+00 7.121E+01 0.000E+00
NAN NAN NAN 2.539E+00 4.078E-02 NAN 1.000E+00 7.122E+01 0.000E+00
NAN NAN NAN 2.539E+00 4.200E-02 NAN 1.000E+00 7.125E+01 0.000E+00
NAN NAN NAN 2.539E+00 4.423E-02 NAN 1.000E+00 7.130E+01 0.000E+00
NAN NAN NAN 3.211E+00 3.932E-02 NAN 1.000E+00 7.120E+01 0.000E+00
NAN NAN NAN 3.211E+00 3.932E-02 NAN 1.000E+00 7.120E+01 0.000E+00
NAN NAN NAN 3.211E+00 3.932E-02 NAN 1.000E+00 7.120E+01 0.000E+00
NAN NAN NAN 3.211E+00 3.932E-02 NAN 1.000E+00 7.120E+01 0.000E+00
NAN NAN NAN 3.211E+00 3.932E-02 NAN 1.000E+00 7.120E+01 0.000E+00
NAN NAN NAN 3.211E+00 3.932E-02 NAN 1.000E+00 7.120E+01 0.000E+00
NAN NAN NAN 3.211E+00 3.932E-02 NAN 1.000E+00 7.120E+01 0.000E+00
NAN NAN NAN 3.211E+00 3.932E-02 NAN 1.000E+00 7.120E+01 0.000E+00
NAN NAN NAN 3.211E+00 3.932E-02 NAN 1.000E+00 7.120E+01 0.000E+00
NAN NAN NAN 3.211E+00 3.933E-02 NAN 1.000E+00 7.120E+01 0.000E+00
NAN NAN NAN 3.211E+00 3.934E-02 NAN 1.000E+00 7.120E+01 0.000E+00
NAN NAN NAN 3.211E+00 3.935E-02 NAN 1.000E+00 7.120E+01 0.000E+00
NAN NAN NAN 3.211E+00 3.939E-02 NAN 1.000E+00 7.120E+01 0.000E+00
NAN NAN NAN 3.211E+00 3.945E-02 NAN 1.000E+00 7.121E+01 0.000E+00
NAN NAN NAN 3.211E+00 3.955E-02 NAN 1.000E+00 7.121E+01 0.000E+00
NAN NAN NAN 3.211E+00 3.975E-02 NAN 1.000E+00 7.121E+01 0.000E+00
NAN NAN NAN 3.211E+00 4.011E-02 NAN 1.000E+00 7.122E+01 0.000E+00
NAN NAN NAN 3.211E+00 4.078E-02 NAN 1.000E+00 7.124E+01 0.000E+00
NAN NAN NAN 3.211E+00 4.200E-02 NAN 1.000E+00 7.126E+01 0.000E+00
NAN NAN NAN 3.211E+00 4.423E-02 NAN 1.000E+00 7.132E+01 0.000E+00
NAN NAN NAN 4.062E+00 3.932E-02 NAN 1.000E+00 7.122E+01 0.000E+00
NAN NAN NAN 4.062E+00 3.932E-02 NAN 1.000E+00 7.122E+01 0.000E+00
NAN NAN NAN 4.062E+00 3.932E-02 NAN 1.000E+00 7.122E+01 0.000E+00
NAN NAN NAN 4.062E+00 3.932E-02 NAN 1.000E+00 7.122E+01 0.000E+00
NAN NAN NAN 4.062E+00 3.932E-02 NAN 1.000E+00 7.122E+01 0.000E+00
NAN NAN NAN 4.062E+00 3.932E-02 NAN 1.000E+00 7.122E+01 0.000E+00
NAN NAN NAN 4.062E+00 3.932E-02 NAN 1.000E+00 7.122E+01 0.000E+00
NAN NAN NAN 4.062E+00 3.932E-02 NAN 1.000E+00 7.122E+01 0.000E+00
NAN NAN NAN 4.062E+00 3.932E-02 NAN 1.000E+00 7.122E+01 0.000E+00
NAN NAN NAN 4.062E+00 3.933E-02 NAN 1.000E+00 7.122E+01 0.000E+00
NAN NAN NAN 4.062E+00 3.934E-02 NAN 1.000E+00 7.122E+01 0.000E+00
NAN NAN NAN 4.062E+00 3.935E-02 NAN 1.000E+00 7.122E+01 0.000E+00
NAN NAN NAN 4.062E+00 3.939E-02 NAN 1.000E+00 7.122E+01 0.000E+00
NAN NAN NAN 4.062E+00 3.945E-02 NAN 1.000E+00 7.123E+01 0.000E+00
NAN NAN NAN 4.062E+00 3.955E-02 NAN 1.000E+00 7.123E+01 0.000E+00
NAN NAN NAN 4.062E+00 3.975E-02 NAN 1.000E+00 7.123E+01 0.000E+00
NAN NAN NAN 4.062E+00 4.011E-02 NAN 1.000E+00 7.124E+01 0.000E+00
NAN NAN NAN 4.062E+00 4.078E-02 NAN 1.000E+00 7.126E+01 0.000E+00
NAN NAN NAN 4.062E+00 4.200E-02 NAN 1.000E+00 7.128E+01 0.000E+00
NAN NAN NAN 4.062E+00 4.423E-02 NAN 1.000E+00 7.133E+01 0.000E+00
NAN NAN NAN 5.138E+00 3.932E-02 NAN 1.000E+00 7.125E+01 0.000E+00
NAN NAN NAN 5.138E+00 3.932E-02 NAN 1.000E+00 7.125E+01 0.000E+00
NAN NAN NAN 5.138E+00 3.932E-02 NAN 1.000E+00 7.125E+01 0.000E+00
NAN NAN NAN 5.138E+00 3.932E-02 NAN 1.000E+00 7.125E+01 0.000E+00
NAN NAN NAN 5.138E+00 3.932E-02 NAN 1.000E+00 7.125E+01 0.000E+00
NAN NAN NAN 5.138E+00 3.932E-02 NAN 1.000E+00 7.125E+01 0.000E+00
NAN NAN NAN 5.138E+00 3.932E-02 NAN 1.000E+00 7.125E+01 0.000E+00
NAN NAN NAN 5.138E+00 3.932E-02 NAN 1.000E+00 7.125E+01 0.000E+00
NAN NAN NAN 5.138E+00 3.932E-02 NAN 1.000E+00 7.125E+01 0.000E+00
NAN NAN NAN 5.138E+00 3.933E-02 NAN 1.000E+00 7.125E+01 0.000E+00
NAN NAN NAN 5.138E+00 3.934E-02 NAN 1.000E+00 7.125E+01 0.000E+00
NAN NAN NAN 5.138E+00 3.935E-02 NAN 1.000E+00 7.125E+01 0.000E+00
NAN NAN NAN 5.138E+00 3.939E-02 NAN 1.000E+00 7.125E+01 0.000E+00
NAN NAN NAN 5.138E+00 3.945E-02 NAN 1.000E+00 7.125E+01 0.000E+00
NAN NAN NAN 5.138E+00 3.955E-02 NAN 1.000E+00 7.125E+01 0.000E+00
NAN NAN NAN 5.138E+00 3.975E-02 NAN 1.000E+00 7.126E+01 0.000E+00
NAN NAN NAN 5.138E+00 4.011E-02 NAN 1.000E+00 7.127E+01 0.000E+00
NAN NAN NAN 5.138E+00 4.078E-02 NAN 1.000E+00 7.128E+01 0.000E+00
NAN NAN NAN 5.138E+00 4.200E-02 NAN 1.000E+00 7.131E+01 0.000E+00
NAN NAN NAN 5.138E+00 4.423E-02 NAN 1.000E+00 7.136E+01 0.000E+00
