7.718E+06 3.925E+02 5.053E-01 5.137E-05 1.243E-02 1.829E+03 9.375E-01 1.142E+01 2.000E+00
9.224E+06 3.925E+02 5.053E-01 5.137E-05 1.243E-02 1.823E+03 9.375E-01 1.142E+01 2.000E+00
1.458E+07 3.925E+02 5.053E-01 5.137E-05 1.243E-02 1.823E+03 9.375E-01 1.142E+01 2.000E+00
1.148E+07 3.998E+02 5.025E-01 5.137E-05 1.243E-02 1.816E+03 9.375E-01 1.142E+01 2.000E+00
3.759E+08 4.015E+02 5.019E-01 5.137E-05 1.243E-02 1.811E+03 9.375E-01 1.142E+01 2.000E+00
7.087E+06 2.919E+02 5.487E-01 5.137E-05 1.243E-02 2.067E+03 9.375E-01 1.142E+01 2.000E+00
2.137E+07 2.821E+02 5.533E-01 5.137E-05 1.243E-02 2.106E+03 9.375E-01 1.142E+01 2.000E+00
4.734E+07 4.637E+02 4.797E-01 5.137E-05 1.244E-02 1.762E+03 9.376E-01 1.142E+01 2.000E+00
6.147E+06 4.382E+02 4.884E-01 5.137E-05 1.244E-02 1.777E+03 9.376E-01 1.142E+01 2.000E+00
5.370E+06 3.712E+02 5.138E-01 5.137E-05 1.244E-02 1.855E+03 9.376E-01 1.142E+01 2.000E+00
9.843E+06 5.174E+02 4.626E-01 5.137E-05 1.245E-02 1.764E+03 9.376E-01 1.142E+01 2.000E+00
6.061E+06 5.084E+02 4.654E-01 5.137E-05 1.247E-02 1.761E+03 9.378E-01 1.142E+01 2.000E+00
4.810E+07 3.122E+02 5.394E-01 5.137E-05 1.250E-02 1.992E+03 9.380E-01 1.142E+01 2.000E+00
2.764E+07 5.081E+02 4.656E-01 5.137E-05 1.256E-02 1.765E+03 9.385E-01 1.142E+01 2.000E+00
5.745E+06 2.507E+02 5.700E-01 5.137E-05 1.267E-02 2.251E+03 9.391E-01 1.142E+01 2.000E+00
1.288E+07 3.817E+02 5.107E-01 5.137E-05 1.287E-02 1.831E+03 9.398E-01 1.143E+01 2.000E+00
6.242E+06 3.836E+02 5.109E-01 5.137E-05 1.323E-02 1.823E+03 9.411E-01 1.143E+01 2.000E+00
2.385E+06 4.473E+02 4.883E-01 5.137E-05 1.390E-02 1.787E+03 9.435E-01 1.145E+01 2.000E+00
4.695E+06 3.951E+02 5.110E-01 5.137E-05 1.511E-02 1.805E+03 9.478E-01 1.148E+01 2.000E+00
2.449E+06 2.610E+02 5.837E-01 5.137E-05 1.735E-02 1.913E+03 9.558E-01 1.153E+01 2.000E+00
1.610E+07 3.925E+02 5.053E-01 6.498E-05 1.243E-02 1.827E+03 9.375E-01 1.142E+01 2.000E+00
2.519E+07 3.925E+02 5.053E-01 6.498E-05 1.243E-02 1.823E+03 9.375E-01 1.142E+01 2.000E+00
1.081E+07 3.998E+02 5.025E-01 6.498E-05 1.243E-02 1.813E+03 9.375E-01 1.142E+01 2.000E+00
5.470E+07 3.998E+02 5.025E-01 6.498E-05 1.243E-02 1.814E+03 9.375E-01 1.142E+01 2.000E+00
6.094E+06 2.970E+02 5.462E-01 6.498E-05 1.243E-02 2.047E+03 9.375E-01 1.142E+01 2.000E+00
1.811E+07 2.919E+02 5.487E-01 6.498E-05 1.243E-02 2.067E+03 9.375E-01 1.142E+01 2.000E+00
7.069E+06 3.374E+02 5.279E-01 6.498E-05 1.243E-02 1.925E+03 9.375E-01 1.142E+01 2.000E+00
1.310E+07 4.693E+02 4.778E-01 6.498E-05 1.244E-02 1.762E+03 9.376E-01 1.142E+01 2.000E+00
9.520E+06 4.382E+02 4.884E-01 6.498E-05 1.244E-02 1.777E+03 9.376E-01 1.142E+01 2.000E+00
8.412E+06 3.712E+02 5.138E-01 6.498E-05 1.244E-02 1.855E+03 9.376E-01 1.142E+01 2.000E+00
1.851E+07 5.174E+02 4.626E-01 6.498E-05 1.245E-02 1.772E+03 9.377E-01 1.142E+01 2.000E+00
8.343E+06 5.084E+02 4.654E-01 6.498E-05 1.247E-02 1.762E+03 9.378E-01 1.142E+01 2.000E+00
9.182E+07 5.232E+02 4.609E-01 6.498E-05 1.250E-02 1.769E+03 9.380E-01 1.142E+01 2.000E+00
2.460E+07 5.088E+02 4.654E-01 6.498E-05 1.256E-02 1.771E+03 9.385E-01 1.142E+01 2.000E+00
1.038E+07 2.507E+02 5.700E-01 6.498E-05 1.267E-02 2.251E+03 9.391E-01 1.142E+01 2.000E+00
1.714E+08 3.817E+02 5.107E-01 6.498E-05 1.287E-02 1.831E+03 9.398E-01 1.143E+01 2.000E+00
1.067E+07 3.836E+02 5.109E-01 6.498E-05 1.323E-02 1.826E+03 9.411E-01 1.143E+01 2.000E+00
2.646E+06 4.473E+02 4.883E-01 6.498E-05 1.390E-02 1.785E+03 9.435E-01 1.145E+01 2.000E+00
6.567E+06 3.951E+02 5.110E-01 6.498E-05 1.511E-02 1.797E+03 9.478E-01 1.148E+01 2.000E+00
2.952E+06 2.610E+02 5.837E-01 6.498E-05 1.735E-02 1.913E+03 9.558E-01 1.153E+01 2.000E+00
1.455E+07 3.998E+02 5.025E-01 8.219E-05 1.243E-02 1.813E+03 9.376E-01 1.142E+01 2.000E+00
2.142E+07 3.998E+02 5.025E-01 8.219E-05 1.243E-02 1.813E+03 9.376E-01 1.142E+01 2.000E+00
1.942E+08 3.998E+02 5.025E-01 8.219E-05 1.243E-02 1.827E+03 9.376E-01 1.142E+01 2.000E+00
2.376E+07 3.912E+02 5.058E-01 8.219E-05 1.243E-02 1.825E+03 9.376E-01 1.142E+01 2.000E+00
1.642E+07 2.970E+02 5.462E-01 8.219E-05 1.243E-02 2.047E+03 9.376E-01 1.142E+01 2.000E+00
4.820E+06 2.815E+02 5.536E-01 8.219E-05 1.243E-02 2.108E+03 9.376E-01 1.142E+01 2.000E+00
2.085E+07 3.374E+02 5.279E-01 8.219E-05 1.243E-02 1.925E+03 9.376E-01 1.142E+01 2.000E+00
3.450E+08 4.693E+02 4.778E-01 8.219E-05 1.244E-02 1.764E+03 9.376E-01 1.142E+01 2.000E+00
3.709E+07 4.382E+02 4.884E-01 8.219E-05 1.244E-02 1.776E+03 9.376E-01 1.142E+01 2.000E+00
3.549E+07 3.712E+02 5.138E-01 8.219E-05 1.244E-02 1.855E+03 9.376E-01 1.142E+01 2.000E+00
7.110E+07 5.277E+02 4.595E-01 8.219E-05 1.245E-02 1.769E+03 9.377E-01 1.142E+01 2.000E+00
1.253E+07 4.459E+02 4.858E-01 8.219E-05 1.247E-02 1.771E+03 9.379E-01 1.142E+01 2.000E+00
1.834E+07 4.994E+02 4.682E-01 8.219E-05 1.250E-02 1.761E+03 9.381E-01 1.142E+01 2.000E+00
7.622E+06 4.032E+02 5.015E-01 8.219E-05 1.256E-02 1.808E+03 9.385E-01 1.142E+01 2.000E+00
1.953E+07 2.541E+02 5.683E-01 8.219E-05 1.267E-02 2.236E+03 9.392E-01 1.142E+01 2.000E+00
6.166E+06 3.258E+02 5.344E-01 8.219E-05 1.287E-02 1.940E+03 9.399E-01 1.143E+01 2.000E+00
2.445E+08 3.836E+02 5.109E-01 8.219E-05 1.323E-02 1.823E+03 9.412E-01 1.143E+01 2.000E+00
3.100E+06 4.473E+02 4.883E-01 8.219E-05 1.390E-02 1.835E+03 9.435E-01 1.145E+01 2.000E+00
1.413E+07 3.951E+02 5.110E-01 8.219E-05 1.511E-02 1.798E+03 9.478E-01 1.148E+01 2.000E+00
2.858E+07 2.661E+02 5.807E-01 8.219E-05 1.735E-02 1.900E+03 9.558E-01 1.153E+01 2.000E+00
9.292E+07 4.015E+02 5.019E-01 1.040E-04 1.243E-02 1.812E+03 9.376E-01 1.142E+01 2.000E+00
2.160E+07 3.912E+02 5.058E-01 1.040E-04 1.243E-02 1.824E+03 9.376E-01 1.142E+01 2.000E+00
2.351E+08 3.912E+02 5.058E-01 1.040E-04 1.243E-02 1.838E+03 9.376E-01 1.142E+01 2.000E+00
1.296E+07 2.970E+02 5.462E-01 1.040E-04 1.243E-02 2.047E+03 9.376E-01 1.142E+01 2.000E+00
1.106E+07 2.919E+02 5.487E-01 1.040E-04 1.243E-02 2.066E+03 9.376E-01 1.142E+01 2.000E+00
1.300E+07 2.815E+02 5.536E-01 1.040E-04 1.243E-02 2.117E+03 9.376E-01 1.142E+01 2.000E+00
1.554E+07 3.336E+02 5.296E-01 1.040E-04 1.243E-02 1.936E+03 9.376E-01 1.142E+01 2.000E+00
1.280E+07 4.652E+02 4.792E-01 1.040E-04 1.244E-02 1.762E+03 9.377E-01 1.142E+01 2.000E+00
5.348E+06 4.554E+02 4.825E-01 1.040E-04 1.244E-02 1.767E+03 9.377E-01 1.142E+01 2.000E+00
1.239E+07 2.833E+02 5.528E-01 1.040E-04 1.244E-02 2.101E+03 9.377E-01 1.142E+01 2.000E+00
1.748E+08 5.115E+02 4.644E-01 1.040E-04 1.245E-02 1.762E+03 9.378E-01 1.142E+01 2.000E+00
1.165E+08 4.426E+02 4.870E-01 1.040E-04 1.247E-02 1.774E+03 9.379E-01 1.142E+01 2.000E+00
4.925E+06 4.912E+02 4.708E-01 1.040E-04 1.250E-02 1.760E+03 9.381E-01 1.142E+01 2.000E+00
4.088E+07 4.032E+02 5.015E-01 1.040E-04 1.256E-02 1.808E+03 9.386E-01 1.142E+01 2.000E+00
7.877E+06 2.486E+02 5.711E-01 1.040E-04 1.267E-02 2.264E+03 9.392E-01 1.142E+01 2.000E+00
2.640E+07 3.258E+02 5.344E-01 1.040E-04 1.287E-02 1.940E+03 9.399E-01 1.143E+01 2.000E+00
6.917E+06 3.778E+02 5.132E-01 1.040E-04 1.323E-02 1.831E+03 9.412E-01 1.143E+01 2.000E+00
4.044E+06 4.473E+02 4.883E-01 1.040E-04 1.390E-02 1.785E+03 9.436E-01 1.145E+01 2.000E+00
1.031E+07 3.899E+02 5.131E-01 1.040E-04 1.511E-02 1.804E+03 9.479E-01 1.148E+01 2.000E+00
7.960E+06 2.610E+02 5.837E-01 1.040E-04 1.735E-02 1.913E+03 9.559E-01 1.153E+01 2.000E+00
1.700E+07 2.970E+02 5.462E-01 1.315E-04 1.243E-02 2.047E+03 9.377E-01 1.142E+01 2.000E+00
2.936E+07 2.970E+02 5.462E-01 1.315E-04 1.243E-02 2.048E+03 9.377E-01 1.142E+01 2.000E+00
6.562E+06 2.919E+02 5.486E-01 1.315E-04 1.243E-02 2.066E+03 9.377E-01 1.142E+01 2.000E+00
1.439E+07 2.919E+02 5.487E-01 1.315E-04 1.243E-02 2.070E+03 9.377E-01 1.142E+01 2.000E+00
5.687E+06 2.815E+02 5.536E-01 1.315E-04 1.243E-02 2.110E+03 9.377E-01 1.142E+01 2.000E+00
2.037E+07 2.821E+02 5.533E-01 1.315E-04 1.243E-02 2.106E+03 9.377E-01 1.142E+01 2.000E+00
1.394E+07 5.297E+02 4.589E-01 1.315E-04 1.243E-02 1.770E+03 9.377E-01 1.142E+01 2.000E+00
2.656E+07 2.443E+02 5.723E-01 1.315E-04 1.244E-02 2.308E+03 9.378E-01 1.142E+01 2.000E+00
1.312E+07 4.554E+02 4.825E-01 1.315E-04 1.244E-02 1.771E+03 9.378E-01 1.142E+01 2.000E+00
5.669E+06 3.696E+02 5.144E-01 1.315E-04 1.244E-02 1.863E+03 9.378E-01 1.142E+01 2.000E+00
1.251E+09 5.193E+02 4.620E-01 1.315E-04 1.245E-02 1.770E+03 9.378E-01 1.142E+01 2.000E+00
1.654E+07 4.777E+02 4.751E-01 1.315E-04 1.247E-02 1.760E+03 9.380E-01 1.142E+01 2.000E+00
9.294E+06 4.912E+02 4.708E-01 1.315E-04 1.250E-02 1.760E+03 9.382E-01 1.142E+01 2.000E+00
5.877E+06 5.168E+02 4.629E-01 1.315E-04 1.256E-02 1.769E+03 9.387E-01 1.142E+01 2.000E+00
8.164E+07 3.552E+02 5.210E-01 1.315E-04 1.267E-02 1.880E+03 9.392E-01 1.142E+01 2.000E+00
3.618E+06 3.162E+02 5.388E-01 1.315E-04 1.287E-02 1.967E+03 9.400E-01 1.143E+01 2.000E+00
4.146E+08 3.778E+02 5.132E-01 1.315E-04 1.323E-02 1.831E+03 9.412E-01 1.143E+01 2.000E+00
7.028E+06 4.473E+02 4.883E-01 1.315E-04 1.390E-02 1.786E+03 9.436E-01 1.145E+01 2.000E+00
1.693E+06 2.570E+02 5.768E-01 1.315E-04 1.511E-02 2.056E+03 9.479E-01 1.148E+01 2.000E+00
3.403E+06 3.327E+02 5.450E-01 1.315E-04 1.735E-02 1.801E+03 9.559E-01 1.153E+01 2.000E+00
8.879E+08 2.919E+02 5.487E-01 1.663E-04 1.243E-02 2.067E+03 9.378E-01 1.142E+01 2.000E+00
4.384E+06 2.815E+02 5.536E-01 1.663E-04 1.243E-02 2.109E+03 9.378E-01 1.142E+01 2.000E+00
5.331E+06 2.815E+02 5.536E-01 1.663E-04 1.243E-02 2.109E+03 9.378E-01 1.142E+01 2.000E+00
9.071E+06 2.815E+02 5.536E-01 1.663E-04 1.243E-02 2.110E+03 9.378E-01 1.142E+01 2.000E+00
2.555E+07 2.809E+02 5.539E-01 1.663E-04 1.243E-02 2.113E+03 9.378E-01 1.142E+01 2.000E+00
1.748E+07 3.374E+02 5.279E-01 1.663E-04 1.243E-02 1.926E+03 9.378E-01 1.142E+01 2.000E+00
9.363E+06 2.724E+02 5.581E-01 1.663E-04 1.243E-02 2.150E+03 9.378E-01 1.142E+01 2.000E+00
7.481E+06 4.510E+02 4.840E-01 1.663E-04 1.244E-02 1.770E+03 9.378E-01 1.142E+01 2.000E+00
1.087E+07 4.427E+02 4.869E-01 1.663E-04 1.244E-02 1.774E+03 9.378E-01 1.142E+01 2.000E+00
4.683E+06 3.728E+02 5.131E-01 1.663E-04 1.244E-02 1.853E+03 9.378E-01 1.142E+01 2.000E+00
4.346E+06 5.236E+02 4.607E-01 1.663E-04 1.245E-02 1.770E+03 9.379E-01 1.142E+01 2.000E+00
4.237E+06 5.171E+02 4.627E-01 1.663E-04 1.247E-02 1.773E+03 9.381E-01 1.142E+01 2.000E+00
5.424E+07 4.844E+02 4.729E-01 1.663E-04 1.250E-02 1.760E+03 9.383E-01 1.142E+01 2.000E+00
1.860E+07 5.168E+02 4.629E-01 1.663E-04 1.256E-02 1.807E+03 9.387E-01 1.142E+01 2.000E+00
2.843E+07 2.425E+02 5.743E-01 1.663E-04 1.267E-02 2.303E+03 9.393E-01 1.142E+01 2.000E+00
1.144E+07 3.162E+02 5.388E-01 1.663E-04 1.287E-02 1.967E+03 9.400E-01 1.143E+01 2.000E+00
1.039E+07 3.238E+02 5.364E-01 1.663E-04 1.323E-02 1.938E+03 9.413E-01 1.143E+01 2.000E+00
5.726E+06 3.543E+02 5.249E-01 1.663E-04 1.390E-02 1.852E+03 9.437E-01 1.145E+01 2.000E+00
2.346E+06 2.570E+02 5.768E-01 1.663E-04 1.511E-02 2.057E+03 9.480E-01 1.148E+01 2.000E+00
8.028E+06 3.327E+02 5.450E-01 1.663E-04 1.735E-02 1.802E+03 9.560E-01 1.153E+01 2.000E+00
1.567E+07 2.809E+02 5.539E-01 2.104E-04 1.243E-02 2.115E+03 9.379E-01 1.142E+01 2.000E+00
2.542E+07 2.809E+02 5.539E-01 2.104E-04 1.243E-02 2.115E+03 9.379E-01 1.142E+01 2.000E+00
1.611E+07 2.821E+02 5.533E-01 2.104E-04 1.243E-02 2.106E+03 9.379E-01 1.142E+01 2.000E+00
4.835E+06 3.374E+02 5.279E-01 2.104E-04 1.243E-02 1.927E+03 9.379E-01 1.142E+01 2.000E+00
1.380E+07 3.374E+02 5.279E-01 2.104E-04 1.243E-02 1.927E+03 9.379E-01 1.142E+01 2.000E+00
3.216E+06 2.724E+02 5.581E-01 2.104E-04 1.243E-02 2.150E+03 9.379E-01 1.142E+01 2.000E+00
2.814E+06 2.443E+02 5.723E-01 2.104E-04 1.243E-02 2.309E+03 9.379E-01 1.142E+01 2.000E+00
4.120E+06 4.458E+02 4.858E-01 2.104E-04 1.244E-02 1.773E+03 9.380E-01 1.142E+01 2.000E+00
1.622E+07 3.791E+02 5.106E-01 2.104E-04 1.244E-02 1.843E+03 9.380E-01 1.142E+01 2.000E+00
5.052E+06 2.517E+02 5.686E-01 2.104E-04 1.244E-02 2.262E+03 9.380E-01 1.142E+01 2.000E+00
1.119E+07 5.236E+02 4.607E-01 2.104E-04 1.245E-02 1.771E+03 9.380E-01 1.142E+01 2.000E+00
1.004E+07 5.171E+02 4.627E-01 2.104E-04 1.247E-02 1.766E+03 9.382E-01 1.142E+01 2.000E+00
2.789E+06 4.921E+02 4.705E-01 2.104E-04 1.250E-02 1.761E+03 9.384E-01 1.142E+01 2.000E+00
1.216E+07 5.230E+02 4.611E-01 2.104E-04 1.256E-02 1.773E+03 9.389E-01 1.142E+01 2.000E+00
1.062E+07 2.333E+02 5.792E-01 2.104E-04 1.267E-02 2.368E+03 9.394E-01 1.142E+01 2.000E+00
1.454E+07 4.795E+02 4.753E-01 2.104E-04 1.287E-02 1.769E+03 9.401E-01 1.143E+01 2.000E+00
2.584E+06 3.108E+02 5.424E-01 2.104E-04 1.323E-02 1.971E+03 9.414E-01 1.143E+01 2.000E+00
3.587E+06 3.465E+02 5.283E-01 2.104E-04 1.390E-02 1.865E+03 9.438E-01 1.145E+01 2.000E+00
5.089E+06 2.570E+02 5.769E-01 2.104E-04 1.511E-02 2.057E+03 9.481E-01 1.148E+01 2.000E+00
7.207E+06 3.356E+02 5.435E-01 2.104E-04 1.735E-02 1.801E+03 9.561E-01 1.153E+01 2.000E+00
2.113E+07 3.374E+02 5.279E-01 2.661E-04 1.243E-02 1.927E+03 9.380E-01 1.142E+01 2.000E+00
4.194E+07 3.374E+02 5.279E-01 2.661E-04 1.243E-02 1.932E+03 9.380E-01 1.142E+01 2.000E+00
8.702E+06 3.336E+02 5.296E-01 2.661E-04 1.243E-02 1.937E+03 9.380E-01 1.142E+01 2.000E+00
2.606E+07 3.336E+02 5.296E-01 2.661E-04 1.243E-02 1.940E+03 9.380E-01 1.142E+01 2.000E+00
4.128E+06 2.724E+02 5.581E-01 2.661E-04 1.243E-02 2.154E+03 9.380E-01 1.142E+01 2.000E+00
5.227E+07 2.470E+02 5.710E-01 2.661E-04 1.243E-02 2.291E+03 9.380E-01 1.142E+01 2.000E+00
1.538E+07 2.443E+02 5.723E-01 2.661E-04 1.243E-02 2.309E+03 9.380E-01 1.142E+01 2.000E+00
8.996E+07 4.458E+02 4.858E-01 2.661E-04 1.244E-02 1.774E+03 9.381E-01 1.142E+01 2.000E+00
3.829E+07 3.862E+02 5.078E-01 2.661E-04 1.244E-02 1.832E+03 9.381E-01 1.142E+01 2.000E+00
6.213E+06 2.676E+02 5.605E-01 2.661E-04 1.244E-02 2.173E+03 9.381E-01 1.142E+01 2.000E+00
2.592E+07 4.227E+02 4.940E-01 2.661E-04 1.245E-02 1.793E+03 9.382E-01 1.142E+01 2.000E+00
8.536E+06 5.233E+02 4.608E-01 2.661E-04 1.247E-02 1.770E+03 9.383E-01 1.142E+01 2.000E+00
5.152E+06 4.921E+02 4.705E-01 2.661E-04 1.250E-02 1.762E+03 9.385E-01 1.142E+01 2.000E+00
3.465E+07 4.072E+02 5.000E-01 2.661E-04 1.256E-02 1.805E+03 9.390E-01 1.142E+01 2.000E+00
4.426E+06 2.350E+02 5.783E-01 2.661E-04 1.267E-02 2.355E+03 9.395E-01 1.142E+01 2.000E+00
4.423E+06 4.692E+02 4.787E-01 2.661E-04 1.287E-02 1.774E+03 9.402E-01 1.143E+01 2.000E+00
1.039E+07 3.108E+02 5.424E-01 2.661E-04 1.323E-02 1.969E+03 9.415E-01 1.143E+01 2.000E+00
9.132E+06 4.557E+02 4.854E-01 2.661E-04 1.390E-02 1.788E+03 9.439E-01 1.145E+01 2.000E+00
4.556E+07 4.074E+02 5.060E-01 2.661E-04 1.511E-02 1.798E+03 9.482E-01 1.148E+01 2.000E+00
1.504E+07 3.395E+02 5.416E-01 2.661E-04 1.735E-02 1.799E+03 9.562E-01 1.153E+01 2.000E+00
9.410E+06 2.724E+02 5.581E-01 3.366E-04 1.243E-02 2.152E+03 9.382E-01 1.142E+01 2.000E+00
1.211E+07 2.724E+02 5.581E-01 3.366E-04 1.243E-02 2.151E+03 9.382E-01 1.142E+01 2.000E+00
2.609E+07 2.724E+02 5.581E-01 3.366E-04 1.243E-02 2.153E+03 9.382E-01 1.142E+01 2.000E+00
1.263E+07 2.484E+02 5.702E-01 3.366E-04 1.243E-02 2.317E+03 9.382E-01 1.142E+01 2.000E+00
3.191E+06 2.443E+02 5.723E-01 3.366E-04 1.243E-02 2.309E+03 9.382E-01 1.142E+01 2.000E+00
1.039E+07 2.443E+02 5.723E-01 3.366E-04 1.243E-02 2.309E+03 9.382E-01 1.142E+01 2.000E+00
7.118E+06 4.510E+02 4.840E-01 3.366E-04 1.243E-02 1.771E+03 9.382E-01 1.142E+01 2.000E+00
2.936E+08 4.533E+02 4.832E-01 3.366E-04 1.244E-02 1.784E+03 9.383E-01 1.142E+01 2.000E+00
1.142E+08 4.778E+02 4.750E-01 3.366E-04 1.244E-02 1.761E+03 9.383E-01 1.142E+01 2.000E+00
2.023E+08 4.851E+02 4.726E-01 3.366E-04 1.244E-02 1.764E+03 9.383E-01 1.142E+01 2.000E+00
3.423E+06 4.564E+02 4.822E-01 3.366E-04 1.245E-02 1.768E+03 9.383E-01 1.142E+01 2.000E+00
7.824E+06 2.307E+02 5.796E-01 3.366E-04 1.247E-02 2.404E+03 9.385E-01 1.142E+01 2.000E+00
4.070E+06 3.534E+02 5.213E-01 3.366E-04 1.250E-02 1.891E+03 9.387E-01 1.142E+01 2.000E+00
4.882E+06 3.069E+02 5.420E-01 3.366E-04 1.256E-02 2.008E+03 9.392E-01 1.142E+01 2.000E+00
7.557E+06 2.532E+02 5.687E-01 3.366E-04 1.267E-02 2.237E+03 9.396E-01 1.142E+01 2.000E+00
1.951E+06 2.252E+02 5.845E-01 3.366E-04 1.287E-02 2.414E+03 9.403E-01 1.143E+01 2.000E+00
1.857E+06 3.456E+02 5.267E-01 3.366E-04 1.323E-02 1.886E+03 9.416E-01 1.143E+01 2.000E+00
1.027E+07 2.721E+02 5.639E-01 3.366E-04 1.390E-02 2.070E+03 9.440E-01 1.145E+01 2.000E+00
4.709E+06 2.560E+02 5.775E-01 3.366E-04 1.511E-02 2.064E+03 9.483E-01 1.148E+01 2.000E+00
5.561E+06 3.335E+02 5.446E-01 3.366E-04 1.735E-02 1.802E+03 9.563E-01 1.153E+01 2.000E+00
1.193E+07 2.443E+02 5.723E-01 4.257E-04 1.243E-02 2.309E+03 9.384E-01 1.142E+01 2.000E+00
1.581E+07 2.443E+02 5.723E-01 4.257E-04 1.243E-02 2.310E+03 9.384E-01 1.142E+01 2.000E+00
4.014E+07 2.443E+02 5.723E-01 4.257E-04 1.243E-02 2.309E+03 9.384E-01 1.142E+01 2.000E+00
3.963E+07 4.693E+02 4.778E-01 4.257E-04 1.243E-02 1.765E+03 9.384E-01 1.142E+01 2.000E+00
1.444E+07 4.652E+02 4.791E-01 4.257E-04 1.243E-02 1.765E+03 9.384E-01 1.142E+01 2.000E+00
6.284E+06 4.510E+02 4.840E-01 4.257E-04 1.243E-02 1.772E+03 9.384E-01 1.142E+01 2.000E+00
1.543E+07 4.458E+02 4.858E-01 4.257E-04 1.243E-02 1.775E+03 9.384E-01 1.142E+01 2.000E+00
6.065E+06 4.554E+02 4.825E-01 4.257E-04 1.244E-02 1.776E+03 9.385E-01 1.142E+01 2.000E+00
4.630E+06 5.172E+02 4.626E-01 4.257E-04 1.244E-02 1.768E+03 9.385E-01 1.142E+01 2.000E+00
4.010E+06 4.539E+02 4.830E-01 4.257E-04 1.244E-02 1.770E+03 9.385E-01 1.142E+01 2.000E+00
2.692E+06 3.123E+02 5.392E-01 4.257E-04 1.245E-02 1.996E+03 9.386E-01 1.142E+01 2.000E+00
5.040E+07 4.387E+02 4.883E-01 4.257E-04 1.247E-02 1.778E+03 9.387E-01 1.142E+01 2.000E+00
4.696E+07 3.546E+02 5.208E-01 4.257E-04 1.250E-02 1.887E+03 9.389E-01 1.142E+01 2.000E+00
5.580E+06 2.770E+02 5.563E-01 4.257E-04 1.256E-02 2.124E+03 9.394E-01 1.142E+01 2.000E+00
1.624E+07 3.609E+02 5.186E-01 4.257E-04 1.267E-02 1.945E+03 9.398E-01 1.142E+01 2.000E+00
5.821E+06 2.252E+02 5.845E-01 4.257E-04 1.287E-02 2.414E+03 9.405E-01 1.143E+01 2.000E+00
7.039E+06 3.456E+02 5.267E-01 4.257E-04 1.323E-02 1.886E+03 9.418E-01 1.143E+01 2.000E+00
1.366E+08 4.255E+02 4.963E-01 4.257E-04 1.390E-02 1.793E+03 9.442E-01 1.145E+01 2.000E+00
3.841E+06 2.646E+02 5.727E-01 4.257E-04 1.511E-02 2.092E+03 9.485E-01 1.148E+01 2.000E+00
1.456E+07 3.042E+02 5.595E-01 4.257E-04 1.735E-02 1.830E+03 9.564E-01 1.153E+01 2.000E+00
7.358E+06 4.510E+02 4.840E-01 5.385E-04 1.243E-02 1.775E+03 9.387E-01 1.142E+01 2.000E+00
8.508E+06 4.510E+02 4.840E-01 5.385E-04 1.243E-02 1.772E+03 9.387E-01 1.142E+01 2.000E+00
1.208E+07 4.510E+02 4.840E-01 5.385E-04 1.243E-02 1.776E+03 9.387E-01 1.142E+01 2.000E+00
6.597E+07 4.510E+02 4.840E-01 5.385E-04 1.243E-02 1.772E+03 9.387E-01 1.142E+01 2.000E+00
5.108E+06 4.458E+02 4.858E-01 5.385E-04 1.243E-02 1.782E+03 9.387E-01 1.142E+01 2.000E+00
6.842E+06 4.425E+02 4.869E-01 5.385E-04 1.243E-02 1.777E+03 9.387E-01 1.142E+01 2.000E+00
6.848E+06 4.382E+02 4.884E-01 5.385E-04 1.243E-02 1.781E+03 9.387E-01 1.142E+01 2.000E+00
1.304E+07 3.820E+02 5.095E-01 5.385E-04 1.244E-02 1.842E+03 9.388E-01 1.142E+01 2.000E+00
1.615E+07 5.234E+02 4.607E-01 5.385E-04 1.244E-02 1.774E+03 9.388E-01 1.142E+01 2.000E+00
6.953E+06 4.518E+02 4.837E-01 5.385E-04 1.244E-02 1.772E+03 9.388E-01 1.142E+01 2.000E+00
3.691E+06 3.342E+02 5.294E-01 5.385E-04 1.245E-02 1.935E+03 9.388E-01 1.142E+01 2.000E+00
2.064E+08 4.290E+02 4.918E-01 5.385E-04 1.247E-02 1.786E+03 9.390E-01 1.142E+01 2.000E+00
3.569E+07 4.287E+02 4.920E-01 5.385E-04 1.250E-02 1.787E+03 9.392E-01 1.142E+01 2.000E+00
9.942E+07 4.423E+02 4.873E-01 5.385E-04 1.256E-02 1.777E+03 9.396E-01 1.142E+01 2.000E+00
2.125E+07 4.668E+02 4.791E-01 5.385E-04 1.267E-02 1.769E+03 9.400E-01 1.142E+01 2.000E+00
2.874E+07 2.172E+02 5.889E-01 5.385E-04 1.287E-02 2.483E+03 9.407E-01 1.143E+01 2.000E+00
1.105E+07 4.333E+02 4.919E-01 5.385E-04 1.323E-02 1.785E+03 9.420E-01 1.143E+01 2.000E+00
6.983E+06 4.540E+02 4.860E-01 5.385E-04 1.390E-02 1.794E+03 9.444E-01 1.145E+01 2.000E+00
4.671E+06 2.592E+02 5.756E-01 5.385E-04 1.511E-02 2.053E+03 9.487E-01 1.148E+01 2.000E+00
4.685E+06 3.188E+02 5.519E-01 5.385E-04 1.735E-02 1.814E+03 9.566E-01 1.153E+01 2.000E+00
7.764E+06 4.533E+02 4.832E-01 6.811E-04 1.243E-02 1.773E+03 9.391E-01 1.142E+01 2.000E+00
9.077E+06 4.533E+02 4.832E-01 6.811E-04 1.243E-02 1.774E+03 9.391E-01 1.142E+01 2.000E+00
1.333E+07 4.533E+02 4.832E-01 6.811E-04 1.243E-02 1.772E+03 9.391E-01 1.142E+01 2.000E+00
1.423E+08 4.533E+02 4.832E-01 6.811E-04 1.243E-02 1.772E+03 9.391E-01 1.142E+01 2.000E+00
6.621E+06 4.382E+02 4.884E-01 6.811E-04 1.243E-02 1.781E+03 9.391E-01 1.142E+01 2.000E+00
2.355E+08 4.487E+02 4.848E-01 6.811E-04 1.243E-02 1.774E+03 9.391E-01 1.142E+01 2.000E+00
5.399E+07 3.791E+02 5.106E-01 6.811E-04 1.243E-02 1.846E+03 9.391E-01 1.142E+01 2.000E+00
3.895E+08 5.078E+02 4.655E-01 6.811E-04 1.244E-02 1.768E+03 9.391E-01 1.142E+01 2.000E+00
4.617E+06 2.517E+02 5.686E-01 6.811E-04 1.244E-02 2.265E+03 9.391E-01 1.142E+01 2.000E+00
9.879E+06 2.736E+02 5.576E-01 6.811E-04 1.244E-02 2.147E+03 9.391E-01 1.142E+01 2.000E+00
3.807E+07 4.359E+02 4.893E-01 6.811E-04 1.245E-02 1.792E+03 9.392E-01 1.142E+01 2.000E+00
7.719E+06 4.988E+02 4.683E-01 6.811E-04 1.247E-02 1.767E+03 9.394E-01 1.142E+01 2.000E+00
1.870E+06 3.860E+02 5.080E-01 6.811E-04 1.250E-02 1.834E+03 9.396E-01 1.142E+01 2.000E+00
1.123E+08 4.807E+02 4.743E-01 6.811E-04 1.256E-02 1.767E+03 9.398E-01 1.142E+01 2.000E+00
3.471E+06 2.043E+02 5.950E-01 6.811E-04 1.267E-02 2.635E+03 9.402E-01 1.142E+01 2.000E+00
3.873E+06 4.846E+02 4.736E-01 6.811E-04 1.287E-02 1.774E+03 9.409E-01 1.143E+01 2.000E+00
4.914E+06 3.889E+02 5.087E-01 6.811E-04 1.323E-02 1.821E+03 9.422E-01 1.143E+01 2.000E+00
1.181E+07 4.056E+02 5.038E-01 6.811E-04 1.390E-02 1.802E+03 9.446E-01 1.145E+01 2.000E+00
8.591E+07 3.194E+02 5.445E-01 6.811E-04 1.511E-02 1.880E+03 9.489E-01 1.148E+01 2.000E+00
3.945E+07 3.096E+02 5.567E-01 6.811E-04 1.735E-02 1.825E+03 9.569E-01 1.153E+01 2.000E+00
2.273E+07 4.427E+02 4.869E-01 8.615E-04 1.243E-02 1.779E+03 9.395E-01 1.142E+01 2.000E+00
4.324E+07 4.427E+02 4.869E-01 8.615E-04 1.243E-02 1.779E+03 9.395E-01 1.142E+01 2.000E+00
1.085E+08 3.791E+02 5.106E-01 8.615E-04 1.243E-02 1.848E+03 9.395E-01 1.142E+01 2.000E+00
9.650E+06 3.820E+02 5.094E-01 8.615E-04 1.243E-02 1.844E+03 9.395E-01 1.142E+01 2.000E+00
1.425E+07 3.862E+02 5.078E-01 8.615E-04 1.243E-02 1.920E+03 9.395E-01 1.142E+01 2.000E+00
3.969E+06 4.778E+02 4.750E-01 8.615E-04 1.243E-02 1.767E+03 9.395E-01 1.142E+01 2.000E+00
1.902E+06 2.870E+02 5.510E-01 8.615E-04 1.243E-02 2.089E+03 9.395E-01 1.142E+01 2.000E+00
3.467E+07 4.289E+02 4.918E-01 8.615E-04 1.244E-02 1.789E+03 9.396E-01 1.142E+01 2.000E+00
1.641E+06 2.245E+02 5.828E-01 8.615E-04 1.244E-02 2.460E+03 9.396E-01 1.142E+01 2.000E+00
1.240E+08 2.857E+02 5.517E-01 8.615E-04 1.244E-02 2.094E+03 9.396E-01 1.142E+01 2.000E+00
1.150E+07 4.927E+02 4.702E-01 8.615E-04 1.245E-02 1.767E+03 9.397E-01 1.142E+01 2.000E+00
1.532E+08 2.397E+02 5.749E-01 8.615E-04 1.247E-02 2.341E+03 9.398E-01 1.142E+01 2.000E+00
1.416E+07 3.753E+02 5.123E-01 8.615E-04 1.250E-02 1.857E+03 9.399E-01 1.142E+01 2.000E+00
5.840E+06 3.921E+02 5.058E-01 8.615E-04 1.256E-02 1.826E+03 9.402E-01 1.142E+01 2.000E+00
2.548E+07 2.126E+02 5.904E-01 8.615E-04 1.267E-02 2.548E+03 9.405E-01 1.142E+01 2.000E+00
2.725E+06 4.797E+02 4.752E-01 8.615E-04 1.287E-02 1.777E+03 9.413E-01 1.143E+01 2.000E+00
3.007E+06 2.624E+02 5.663E-01 8.615E-04 1.323E-02 2.163E+03 9.425E-01 1.143E+01 2.000E+00
1.201E+07 4.382E+02 4.916E-01 8.615E-04 1.390E-02 1.792E+03 9.449E-01 1.145E+01 2.000E+00
1.607E+07 3.199E+02 5.443E-01 8.615E-04 1.511E-02 1.882E+03 9.492E-01 1.148E+01 2.000E+00
2.153E+07 2.578E+02 5.856E-01 8.615E-04 1.735E-02 1.925E+03 9.572E-01 1.153E+01 2.000E+00
4.092E+06 2.870E+02 5.510E-01 1.090E-03 1.243E-02 2.091E+03 9.401E-01 1.142E+01 2.000E+00
4.499E+06 2.870E+02 5.510E-01 1.090E-03 1.243E-02 2.090E+03 9.401E-01 1.142E+01 2.000E+00
5.527E+06 2.870E+02 5.510E-01 1.090E-03 1.243E-02 2.090E+03 9.401E-01 1.142E+01 2.000E+00
9.767E+06 2.870E+02 5.510E-01 1.090E-03 1.243E-02 2.090E+03 9.401E-01 1.142E+01 2.000E+00
5.624E+06 3.603E+02 5.182E-01 1.090E-03 1.243E-02 1.881E+03 9.401E-01 1.142E+01 2.000E+00
5.835E+06 4.289E+02 4.918E-01 1.090E-03 1.243E-02 1.791E+03 9.401E-01 1.142E+01 2.000E+00
5.946E+06 2.517E+02 5.685E-01 1.090E-03 1.243E-02 2.265E+03 9.401E-01 1.142E+01 2.000E+00
9.950E+06 4.811E+02 4.739E-01 1.090E-03 1.244E-02 1.769E+03 9.401E-01 1.142E+01 2.000E+00
1.265E+07 2.805E+02 5.542E-01 1.090E-03 1.244E-02 2.117E+03 9.401E-01 1.142E+01 2.000E+00
3.569E+06 5.174E+02 4.626E-01 1.090E-03 1.244E-02 1.781E+03 9.401E-01 1.142E+01 2.000E+00
2.709E+07 4.162E+02 4.964E-01 1.090E-03 1.245E-02 1.804E+03 9.402E-01 1.142E+01 2.000E+00
8.190E+07 3.557E+02 5.203E-01 1.090E-03 1.247E-02 1.966E+03 9.402E-01 1.142E+01 2.000E+00
1.026E+07 4.996E+02 4.681E-01 1.090E-03 1.250E-02 1.773E+03 9.403E-01 1.142E+01 2.000E+00
1.363E+07 2.674E+02 5.611E-01 1.090E-03 1.256E-02 2.172E+03 9.406E-01 1.142E+01 2.000E+00
3.309E+07 4.670E+02 4.790E-01 1.090E-03 1.267E-02 1.777E+03 9.410E-01 1.142E+01 2.000E+00
7.161E+06 5.059E+02 4.669E-01 1.090E-03 1.287E-02 1.789E+03 9.417E-01 1.143E+01 2.000E+00
7.044E+06 4.075E+02 5.015E-01 1.090E-03 1.323E-02 1.806E+03 9.429E-01 1.143E+01 2.000E+00
4.603E+06 2.402E+02 5.810E-01 1.090E-03 1.390E-02 2.230E+03 9.453E-01 1.145E+01 2.000E+00
9.242E+06 3.679E+02 5.223E-01 1.090E-03 1.511E-02 1.821E+03 9.496E-01 1.148E+01 2.000E+00
6.444E+06 2.731E+02 5.767E-01 1.090E-03 1.735E-02 1.888E+03 9.576E-01 1.153E+01 2.000E+00
8.912E+06 3.673E+02 5.154E-01 1.378E-03 1.243E-02 1.871E+03 9.406E-01 1.142E+01 2.000E+00
1.110E+07 3.673E+02 5.154E-01 1.378E-03 1.243E-02 1.882E+03 9.406E-01 1.142E+01 2.000E+00
2.064E+07 3.673E+02 5.154E-01 1.378E-03 1.243E-02 1.869E+03 9.406E-01 1.142E+01 2.000E+00
1.794E+07 4.860E+02 4.723E-01 1.378E-03 1.243E-02 1.771E+03 9.406E-01 1.142E+01 2.000E+00
3.422E+07 4.923E+02 4.703E-01 1.378E-03 1.243E-02 1.771E+03 9.406E-01 1.142E+01 2.000E+00
3.596E+07 4.811E+02 4.739E-01 1.378E-03 1.243E-02 1.771E+03 9.406E-01 1.142E+01 2.000E+00
5.724E+06 4.851E+02 4.726E-01 1.378E-03 1.243E-02 1.771E+03 9.406E-01 1.142E+01 2.000E+00
8.280E+06 2.730E+02 5.578E-01 1.378E-03 1.244E-02 2.181E+03 9.406E-01 1.142E+01 2.000E+00
9.822E+06 3.973E+02 5.035E-01 1.378E-03 1.244E-02 1.824E+03 9.406E-01 1.142E+01 2.000E+00
3.099E+06 3.123E+02 5.392E-01 1.378E-03 1.244E-02 2.000E+03 9.406E-01 1.142E+01 2.000E+00
1.825E+06 3.472E+02 5.238E-01 1.378E-03 1.245E-02 1.911E+03 9.407E-01 1.142E+01 2.000E+00
5.662E+06 4.924E+02 4.703E-01 1.378E-03 1.247E-02 1.784E+03 9.408E-01 1.142E+01 2.000E+00
9.664E+06 3.432E+02 5.256E-01 1.378E-03 1.250E-02 1.923E+03 9.409E-01 1.142E+01 2.000E+00
3.719E+07 4.858E+02 4.726E-01 1.378E-03 1.256E-02 1.774E+03 9.411E-01 1.142E+01 2.000E+00
9.209E+06 4.405E+02 4.881E-01 1.378E-03 1.267E-02 1.786E+03 9.415E-01 1.142E+01 2.000E+00
2.759E+06 4.214E+02 4.955E-01 1.378E-03 1.287E-02 1.798E+03 9.422E-01 1.143E+01 2.000E+00
2.632E+07 3.641E+02 5.188E-01 1.378E-03 1.323E-02 1.859E+03 9.435E-01 1.143E+01 2.000E+00
1.658E+07 3.541E+02 5.250E-01 1.378E-03 1.390E-02 1.860E+03 9.458E-01 1.145E+01 2.000E+00
1.052E+07 3.604E+02 5.256E-01 1.378E-03 1.511E-02 1.828E+03 9.502E-01 1.148E+01 2.000E+00
2.390E+06 3.374E+02 5.427E-01 1.378E-03 1.735E-02 1.809E+03 9.581E-01 1.153E+01 2.000E+00
2.283E+07 2.839E+02 5.525E-01 1.743E-03 1.243E-02 2.105E+03 9.413E-01 1.142E+01 2.000E+00
5.475E+07 2.839E+02 5.525E-01 1.743E-03 1.243E-02 2.106E+03 9.413E-01 1.142E+01 2.000E+00
1.719E+07 2.818E+02 5.535E-01 1.743E-03 1.243E-02 2.115E+03 9.413E-01 1.142E+01 2.000E+00
4.532E+07 2.736E+02 5.575E-01 1.743E-03 1.243E-02 2.151E+03 9.413E-01 1.142E+01 2.000E+00
6.056E+06 4.518E+02 4.837E-01 1.743E-03 1.243E-02 1.782E+03 9.413E-01 1.142E+01 2.000E+00
1.705E+07 3.650E+02 5.163E-01 1.743E-03 1.243E-02 1.877E+03 9.413E-01 1.142E+01 2.000E+00
5.007E+06 4.085E+02 4.992E-01 1.743E-03 1.243E-02 1.814E+03 9.413E-01 1.142E+01 2.000E+00
5.324E+06 4.916E+02 4.705E-01 1.743E-03 1.244E-02 1.776E+03 9.413E-01 1.142E+01 2.000E+00
1.185E+07 4.347E+02 4.897E-01 1.743E-03 1.244E-02 1.794E+03 9.413E-01 1.142E+01 2.000E+00
1.340E+07 5.136E+02 4.637E-01 1.743E-03 1.244E-02 1.783E+03 9.413E-01 1.142E+01 2.000E+00
3.784E+06 2.345E+02 5.776E-01 1.743E-03 1.245E-02 2.382E+03 9.413E-01 1.142E+01 2.000E+00
3.086E+06 2.896E+02 5.499E-01 1.743E-03 1.247E-02 2.080E+03 9.414E-01 1.142E+01 2.000E+00
2.143E+08 4.039E+02 5.011E-01 1.743E-03 1.250E-02 1.822E+03 9.415E-01 1.142E+01 2.000E+00
1.699E+07 2.934E+02 5.484E-01 1.743E-03 1.256E-02 2.075E+03 9.417E-01 1.142E+01 2.000E+00
1.020E+07 3.365E+02 5.291E-01 1.743E-03 1.267E-02 1.929E+03 9.421E-01 1.142E+01 2.000E+00
3.410E+07 2.429E+02 5.750E-01 1.743E-03 1.287E-02 2.292E+03 9.428E-01 1.143E+01 2.000E+00
4.332E+06 4.156E+02 4.985E-01 1.743E-03 1.323E-02 1.806E+03 9.441E-01 1.143E+01 2.000E+00
7.647E+06 3.213E+02 5.397E-01 1.743E-03 1.390E-02 1.926E+03 9.465E-01 1.145E+01 2.000E+00
8.889E+06 3.245E+02 5.421E-01 1.743E-03 1.511E-02 1.883E+03 9.508E-01 1.148E+01 2.000E+00
1.997E+06 3.380E+02 5.424E-01 1.743E-03 1.735E-02 1.831E+03 9.588E-01 1.153E+01 2.000E+00
8.118E+06 4.862E+02 4.723E-01 2.205E-03 1.243E-02 1.779E+03 9.421E-01 1.142E+01 2.000E+00
9.433E+06 4.862E+02 4.723E-01 2.205E-03 1.243E-02 1.779E+03 9.421E-01 1.142E+01 2.000E+00
1.359E+07 4.862E+02 4.723E-01 2.205E-03 1.243E-02 1.781E+03 9.421E-01 1.142E+01 2.000E+00
9.296E+07 4.862E+02 4.723E-01 2.205E-03 1.243E-02 1.783E+03 9.421E-01 1.142E+01 2.000E+00
1.450E+08 4.998E+02 4.679E-01 2.205E-03 1.243E-02 1.782E+03 9.421E-01 1.142E+01 2.000E+00
7.093E+06 4.925E+02 4.702E-01 2.205E-03 1.243E-02 1.780E+03 9.421E-01 1.142E+01 2.000E+00
5.831E+06 4.347E+02 4.897E-01 2.205E-03 1.243E-02 1.797E+03 9.421E-01 1.142E+01 2.000E+00
6.535E+06 3.123E+02 5.391E-01 2.205E-03 1.244E-02 2.006E+03 9.421E-01 1.142E+01 2.000E+00
5.588E+07 3.257E+02 5.331E-01 2.205E-03 1.244E-02 1.969E+03 9.421E-01 1.142E+01 2.000E+00
1.753E+07 3.676E+02 5.153E-01 2.205E-03 1.244E-02 1.874E+03 9.421E-01 1.142E+01 2.000E+00
1.100E+08 2.229E+02 5.838E-01 2.205E-03 1.245E-02 2.477E+03 9.422E-01 1.142E+01 2.000E+00
4.711E+06 4.358E+02 4.894E-01 2.205E-03 1.247E-02 1.797E+03 9.422E-01 1.142E+01 2.000E+00
8.077E+06 4.357E+02 4.895E-01 2.205E-03 1.250E-02 1.794E+03 9.423E-01 1.142E+01 2.000E+00
5.104E+07 4.671E+02 4.788E-01 2.205E-03 1.256E-02 1.783E+03 9.425E-01 1.142E+01 2.000E+00
2.426E+07 4.852E+02 4.730E-01 2.205E-03 1.267E-02 1.786E+03 9.429E-01 1.142E+01 2.000E+00
2.267E+07 3.353E+02 5.302E-01 2.205E-03 1.287E-02 1.928E+03 9.437E-01 1.143E+01 2.000E+00
6.770E+06 4.825E+02 4.750E-01 2.205E-03 1.323E-02 1.802E+03 9.449E-01 1.143E+01 2.000E+00
7.367E+06 3.161E+02 5.422E-01 2.205E-03 1.390E-02 1.938E+03 9.473E-01 1.145E+01 2.000E+00
3.882E+08 3.018E+02 5.532E-01 2.205E-03 1.511E-02 1.925E+03 9.516E-01 1.148E+01 2.000E+00
9.837E+05 2.668E+02 5.803E-01 2.205E-03 1.735E-02 1.929E+03 9.596E-01 1.153E+01 2.000E+00
6.283E+07 3.233E+02 5.342E-01 2.789E-03 1.243E-02 1.975E+03 9.431E-01 1.142E+01 2.000E+00
4.881E+06 3.257E+02 5.331E-01 2.789E-03 1.243E-02 1.970E+03 9.431E-01 1.142E+01 2.000E+00
6.062E+06 3.257E+02 5.331E-01 2.789E-03 1.243E-02 1.978E+03 9.431E-01 1.142E+01 2.000E+00
1.125E+07 3.257E+02 5.331E-01 2.789E-03 1.243E-02 1.969E+03 9.431E-01 1.142E+01 2.000E+00
2.687E+07 3.228E+02 5.344E-01 2.789E-03 1.243E-02 2.151E+03 9.431E-01 1.142E+01 2.000E+00
7.618E+07 4.476E+02 4.852E-01 2.789E-03 1.243E-02 1.794E+03 9.431E-01 1.142E+01 2.000E+00
5.807E+08 4.359E+02 4.893E-01 2.789E-03 1.243E-02 1.799E+03 9.431E-01 1.142E+01 2.000E+00
4.434E+06 4.035E+02 5.011E-01 2.789E-03 1.244E-02 1.826E+03 9.432E-01 1.142E+01 2.000E+00
6.331E+06 3.843E+02 5.086E-01 2.789E-03 1.244E-02 1.851E+03 9.432E-01 1.142E+01 2.000E+00
8.759E+06 3.071E+02 5.416E-01 2.789E-03 1.244E-02 2.025E+03 9.432E-01 1.142E+01 2.000E+00
6.912E+06 3.665E+02 5.158E-01 2.789E-03 1.245E-02 1.883E+03 9.432E-01 1.142E+01 2.000E+00
2.569E+06 3.399E+02 5.270E-01 2.789E-03 1.247E-02 1.932E+03 9.433E-01 1.142E+01 2.000E+00
7.779E+06 4.033E+02 5.014E-01 2.789E-03 1.250E-02 1.826E+03 9.434E-01 1.142E+01 2.000E+00
2.413E+07 4.645E+02 4.797E-01 2.789E-03 1.256E-02 1.789E+03 9.436E-01 1.142E+01 2.000E+00
2.224E+07 5.065E+02 4.663E-01 2.789E-03 1.267E-02 1.802E+03 9.440E-01 1.142E+01 2.000E+00
2.309E+07 3.992E+02 5.038E-01 2.789E-03 1.287E-02 1.828E+03 9.447E-01 1.143E+01 2.000E+00
8.167E+06 2.829E+02 5.559E-01 2.789E-03 1.323E-02 2.073E+03 9.460E-01 1.143E+01 2.000E+00
7.152E+06 2.892E+02 5.552E-01 2.789E-03 1.390E-02 2.018E+03 9.484E-01 1.145E+01 2.000E+00
2.312E+06 3.547E+02 5.281E-01 2.789E-03 1.511E-02 1.844E+03 9.527E-01 1.148E+01 2.000E+00
3.221E+06 2.882E+02 5.682E-01 2.789E-03 1.735E-02 1.868E+03 9.606E-01 1.153E+01 2.000E+00
1.357E+07 3.731E+02 5.130E-01 3.528E-03 1.243E-02 1.873E+03 9.444E-01 1.142E+01 2.000E+00
1.962E+07 3.731E+02 5.130E-01 3.528E-03 1.243E-02 1.873E+03 9.444E-01 1.142E+01 2.000E+00
1.207E+08 3.731E+02 5.130E-01 3.528E-03 1.243E-02 1.873E+03 9.444E-01 1.142E+01 2.000E+00
4.190E+06 4.098E+02 4.988E-01 3.528E-03 1.243E-02 1.825E+03 9.444E-01 1.142E+01 2.000E+00
8.195E+06 4.098E+02 4.988E-01 3.528E-03 1.243E-02 1.839E+03 9.444E-01 1.142E+01 2.000E+00
1.536E+07 3.445E+02 5.249E-01 3.528E-03 1.243E-02 1.926E+03 9.444E-01 1.142E+01 2.000E+00
4.063E+06 2.307E+02 5.795E-01 3.528E-03 1.243E-02 2.419E+03 9.444E-01 1.142E+01 2.000E+00
2.594E+07 4.753E+02 4.758E-01 3.528E-03 1.244E-02 1.793E+03 9.445E-01 1.142E+01 2.000E+00
2.336E+07 2.204E+02 5.851E-01 3.528E-03 1.244E-02 2.508E+03 9.445E-01 1.142E+01 2.000E+00
6.355E+06 4.859E+02 4.724E-01 3.528E-03 1.244E-02 1.794E+03 9.445E-01 1.142E+01 2.000E+00
6.613E+06 3.562E+02 5.200E-01 3.528E-03 1.245E-02 1.902E+03 9.445E-01 1.142E+01 2.000E+00
1.258E+07 5.083E+02 4.654E-01 3.528E-03 1.247E-02 1.803E+03 9.446E-01 1.142E+01 2.000E+00
3.944E+07 4.424E+02 4.871E-01 3.528E-03 1.250E-02 1.801E+03 9.447E-01 1.142E+01 2.000E+00
3.218E+07 5.087E+02 4.654E-01 3.528E-03 1.256E-02 1.808E+03 9.449E-01 1.142E+01 2.000E+00
1.245E+07 3.439E+02 5.259E-01 3.528E-03 1.267E-02 1.922E+03 9.453E-01 1.142E+01 2.000E+00
1.808E+08 4.085E+02 5.003E-01 3.528E-03 1.287E-02 1.825E+03 9.460E-01 1.143E+01 2.000E+00
5.713E+06 4.248E+02 4.950E-01 3.528E-03 1.323E-02 1.814E+03 9.473E-01 1.143E+01 2.000E+00
2.880E+06 3.520E+02 5.259E-01 3.528E-03 1.390E-02 1.876E+03 9.497E-01 1.145E+01 2.000E+00
6.000E+06 3.735E+02 5.200E-01 3.528E-03 1.511E-02 1.844E+03 9.540E-01 1.148E+01 2.000E+00
8.088E+06 2.931E+02 5.655E-01 3.528E-03 1.735E-02 1.865E+03 9.620E-01 1.153E+01 2.000E+00
1.514E+07 4.777E+02 4.750E-01 4.462E-03 1.243E-02 1.803E+03 9.461E-01 1.142E+01 2.000E+00
2.114E+07 4.777E+02 4.750E-01 4.462E-03 1.243E-02 1.803E+03 9.461E-01 1.142E+01 2.000E+00
8.449E+07 4.777E+02 4.750E-01 4.462E-03 1.243E-02 1.803E+03 9.461E-01 1.142E+01 2.000E+00
1.799E+07 3.281E+02 5.320E-01 4.462E-03 1.243E-02 1.971E+03 9.461E-01 1.142E+01 2.000E+00
8.005E+06 3.754E+02 5.121E-01 4.462E-03 1.243E-02 1.875E+03 9.461E-01 1.142E+01 2.000E+00
8.038E+06 3.790E+02 5.107E-01 4.462E-03 1.243E-02 1.869E+03 9.461E-01 1.142E+01 2.000E+00
2.944E+06 4.288E+02 4.918E-01 4.462E-03 1.243E-02 1.818E+03 9.461E-01 1.142E+01 2.000E+00
1.533E+07 2.283E+02 5.809E-01 4.462E-03 1.244E-02 2.441E+03 9.461E-01 1.142E+01 2.000E+00
1.002E+08 2.628E+02 5.630E-01 4.462E-03 1.244E-02 2.215E+03 9.461E-01 1.142E+01 2.000E+00
7.573E+06 4.924E+02 4.703E-01 4.462E-03 1.244E-02 1.806E+03 9.461E-01 1.142E+01 2.000E+00
6.378E+06 4.633E+02 4.798E-01 4.462E-03 1.245E-02 1.808E+03 9.462E-01 1.142E+01 2.000E+00
6.026E+06 4.516E+02 4.839E-01 4.462E-03 1.247E-02 1.817E+03 9.462E-01 1.142E+01 2.000E+00
8.369E+06 4.465E+02 4.857E-01 4.462E-03 1.250E-02 1.808E+03 9.464E-01 1.142E+01 2.000E+00
6.685E+06 2.466E+02 5.718E-01 4.462E-03 1.256E-02 2.309E+03 9.466E-01 1.142E+01 2.000E+00
2.811E+07 4.732E+02 4.770E-01 4.462E-03 1.267E-02 1.808E+03 9.470E-01 1.142E+01 2.000E+00
3.113E+07 4.836E+02 4.739E-01 4.462E-03 1.287E-02 1.818E+03 9.477E-01 1.143E+01 2.000E+00
1.555E+07 3.888E+02 5.088E-01 4.462E-03 1.323E-02 1.847E+03 9.490E-01 1.143E+01 2.000E+00
4.312E+06 4.314E+02 4.941E-01 4.462E-03 1.390E-02 1.829E+03 9.513E-01 1.145E+01 2.000E+00
1.122E+07 2.997E+02 5.543E-01 4.462E-03 1.511E-02 1.942E+03 9.556E-01 1.148E+01 2.000E+00
7.111E+06 2.313E+02 6.021E-01 4.462E-03 1.735E-02 2.030E+03 9.636E-01 1.153E+01 2.000E+00
6.136E+06 4.004E+02 5.023E-01 5.644E-03 1.243E-02 1.849E+03 9.482E-01 1.142E+01 2.000E+00
7.006E+06 4.004E+02 5.023E-01 5.644E-03 1.243E-02 1.850E+03 9.482E-01 1.142E+01 2.000E+00
9.555E+06 4.004E+02 5.023E-01 5.644E-03 1.243E-02 1.850E+03 9.482E-01 1.142E+01 2.000E+00
3.189E+07 4.004E+02 5.023E-01 5.644E-03 1.243E-02 1.849E+03 9.482E-01 1.142E+01 2.000E+00
7.871E+06 3.562E+02 5.200E-01 5.644E-03 1.243E-02 1.916E+03 9.482E-01 1.142E+01 2.000E+00
6.799E+06 4.924E+02 4.703E-01 5.644E-03 1.243E-02 1.822E+03 9.482E-01 1.142E+01 2.000E+00
2.439E+06 2.744E+02 5.572E-01 5.644E-03 1.243E-02 2.164E+03 9.482E-01 1.142E+01 2.000E+00
1.313E+07 2.710E+02 5.589E-01 5.644E-03 1.244E-02 2.180E+03 9.482E-01 1.142E+01 2.000E+00
6.048E+06 4.475E+02 4.852E-01 5.644E-03 1.244E-02 1.818E+03 9.482E-01 1.142E+01 2.000E+00
1.555E+07 3.389E+02 5.274E-01 5.644E-03 1.244E-02 1.950E+03 9.482E-01 1.142E+01 2.000E+00
3.164E+06 2.091E+02 5.914E-01 5.644E-03 1.245E-02 2.623E+03 9.483E-01 1.142E+01 2.000E+00
1.356E+07 2.062E+02 5.930E-01 5.644E-03 1.247E-02 2.654E+03 9.484E-01 1.142E+01 2.000E+00
8.230E+06 2.351E+02 5.776E-01 5.644E-03 1.250E-02 2.387E+03 9.485E-01 1.142E+01 2.000E+00
9.440E+06 4.670E+02 4.788E-01 5.644E-03 1.256E-02 1.818E+03 9.487E-01 1.142E+01 2.000E+00
2.685E+06 3.774E+02 5.119E-01 5.644E-03 1.267E-02 1.880E+03 9.491E-01 1.142E+01 2.000E+00
1.116E+07 2.957E+02 5.484E-01 5.644E-03 1.287E-02 2.057E+03 9.498E-01 1.143E+01 2.000E+00
7.066E+06 2.042E+02 5.981E-01 5.644E-03 1.323E-02 2.589E+03 9.511E-01 1.143E+01 2.000E+00
1.058E+07 2.488E+02 5.764E-01 5.644E-03 1.390E-02 2.198E+03 9.534E-01 1.145E+01 2.000E+00
5.139E+06 3.097E+02 5.493E-01 5.644E-03 1.511E-02 1.928E+03 9.578E-01 1.148E+01 2.000E+00
1.094E+07 3.120E+02 5.555E-01 5.644E-03 1.735E-02 1.858E+03 9.657E-01 1.153E+01 2.000E+00
5.896E+06 4.097E+02 4.988E-01 7.139E-03 1.243E-02 1.852E+03 9.509E-01 1.142E+01 2.000E+00
6.673E+06 4.097E+02 4.988E-01 7.139E-03 1.243E-02 1.853E+03 9.509E-01 1.142E+01 2.000E+00
8.875E+06 4.097E+02 4.988E-01 7.139E-03 1.243E-02 1.853E+03 9.509E-01 1.142E+01 2.000E+00
2.434E+07 4.097E+02 4.988E-01 7.139E-03 1.243E-02 1.852E+03 9.509E-01 1.142E+01 2.000E+00
2.561E+07 2.790E+02 5.549E-01 7.139E-03 1.243E-02 2.150E+03 9.509E-01 1.142E+01 2.000E+00
1.246E+07 2.675E+02 5.606E-01 7.139E-03 1.243E-02 2.203E+03 9.509E-01 1.142E+01 2.000E+00
2.782E+07 4.691E+02 4.779E-01 7.139E-03 1.243E-02 1.832E+03 9.509E-01 1.142E+01 2.000E+00
3.466E+06 2.091E+02 5.913E-01 7.139E-03 1.244E-02 2.630E+03 9.509E-01 1.142E+01 2.000E+00
5.694E+07 4.425E+02 4.870E-01 7.139E-03 1.244E-02 1.833E+03 9.509E-01 1.142E+01 2.000E+00
9.359E+06 4.971E+02 4.688E-01 7.139E-03 1.244E-02 1.844E+03 9.509E-01 1.142E+01 2.000E+00
3.661E+07 2.062E+02 5.930E-01 7.139E-03 1.245E-02 2.660E+03 9.509E-01 1.142E+01 2.000E+00
2.967E+06 4.866E+02 4.722E-01 7.139E-03 1.247E-02 1.841E+03 9.510E-01 1.142E+01 2.000E+00
3.203E+07 4.028E+02 5.016E-01 7.139E-03 1.250E-02 1.858E+03 9.511E-01 1.142E+01 2.000E+00
8.788E+07 4.881E+02 4.719E-01 7.139E-03 1.256E-02 1.843E+03 9.513E-01 1.142E+01 2.000E+00
7.960E+06 3.711E+02 5.145E-01 7.139E-03 1.267E-02 1.895E+03 9.517E-01 1.142E+01 2.000E+00
1.847E+07 4.084E+02 5.003E-01 7.139E-03 1.287E-02 1.853E+03 9.524E-01 1.143E+01 2.000E+00
6.610E+06 4.247E+02 4.951E-01 7.139E-03 1.323E-02 1.848E+03 9.537E-01 1.143E+01 2.000E+00
3.761E+07 3.300E+02 5.357E-01 7.139E-03 1.390E-02 1.937E+03 9.561E-01 1.145E+01 2.000E+00
3.543E+07 3.546E+02 5.282E-01 7.139E-03 1.511E-02 1.882E+03 9.604E-01 1.148E+01 2.000E+00
2.096E+07 2.567E+02 5.864E-01 7.139E-03 1.735E-02 1.960E+03 9.684E-01 1.153E+01 2.000E+00
5.074E+06 2.071E+02 5.924E-01 9.029E-03 1.243E-02 2.658E+03 9.542E-01 1.142E+01 2.000E+00
5.211E+06 2.071E+02 5.924E-01 9.029E-03 1.243E-02 2.661E+03 9.542E-01 1.142E+01 2.000E+00
5.482E+06 2.071E+02 5.924E-01 9.029E-03 1.243E-02 2.659E+03 9.542E-01 1.142E+01 2.000E+00
6.065E+06 2.071E+02 5.924E-01 9.029E-03 1.243E-02 2.658E+03 9.542E-01 1.142E+01 2.000E+00
7.554E+06 2.071E+02 5.924E-01 9.029E-03 1.243E-02 2.658E+03 9.542E-01 1.142E+01 2.000E+00
1.399E+07 2.071E+02 5.924E-01 9.029E-03 1.243E-02 2.659E+03 9.542E-01 1.142E+01 2.000E+00
3.121E+06 2.043E+02 5.939E-01 9.029E-03 1.243E-02 2.689E+03 9.542E-01 1.142E+01 2.000E+00
7.890E+06 2.052E+02 5.934E-01 9.029E-03 1.244E-02 2.680E+03 9.543E-01 1.142E+01 2.000E+00
2.729E+06 3.065E+02 5.419E-01 9.029E-03 1.244E-02 2.056E+03 9.543E-01 1.142E+01 2.000E+00
1.780E+07 2.388E+02 5.754E-01 9.029E-03 1.244E-02 2.379E+03 9.543E-01 1.142E+01 2.000E+00
5.174E+06 2.643E+02 5.623E-01 9.029E-03 1.245E-02 2.227E+03 9.543E-01 1.142E+01 2.000E+00
5.244E+07 2.770E+02 5.561E-01 9.029E-03 1.247E-02 2.166E+03 9.544E-01 1.142E+01 2.000E+00
1.490E+07 4.351E+02 4.897E-01 9.029E-03 1.250E-02 1.855E+03 9.545E-01 1.142E+01 2.000E+00
4.811E+06 2.261E+02 5.827E-01 9.029E-03 1.256E-02 2.465E+03 9.547E-01 1.142E+01 2.000E+00
2.858E+06 2.190E+02 5.871E-01 9.029E-03 1.267E-02 2.516E+03 9.551E-01 1.142E+01 2.000E+00
6.250E+06 4.542E+02 4.838E-01 9.029E-03 1.287E-02 1.863E+03 9.558E-01 1.143E+01 2.000E+00
1.895E+07 3.948E+02 5.065E-01 9.029E-03 1.323E-02 1.880E+03 9.571E-01 1.143E+01 2.000E+00
2.201E+07 4.213E+02 4.979E-01 9.029E-03 1.390E-02 1.879E+03 9.595E-01 1.145E+01 2.000E+00
7.397E+06 2.546E+02 5.783E-01 9.029E-03 1.511E-02 2.106E+03 9.638E-01 1.148E+01 2.000E+00
2.485E+06 3.048E+02 5.593E-01 9.029E-03 1.735E-02 1.890E+03 9.718E-01 1.153E+01 2.000E+00
3.245E+06 3.121E+02 5.393E-01 1.142E-02 1.243E-02 2.057E+03 9.585E-01 1.142E+01 2.000E+00
3.477E+06 3.121E+02 5.393E-01 1.142E-02 1.243E-02 2.052E+03 9.585E-01 1.142E+01 2.000E+00
4.015E+06 3.121E+02 5.393E-01 1.142E-02 1.243E-02 2.053E+03 9.585E-01 1.142E+01 2.000E+00
5.687E+06 3.121E+02 5.393E-01 1.142E-02 1.243E-02 2.054E+03 9.585E-01 1.142E+01 2.000E+00
3.149E+07 3.121E+02 5.393E-01 1.142E-02 1.243E-02 2.054E+03 9.585E-01 1.142E+01 2.000E+00
5.160E+06 3.533E+02 5.212E-01 1.142E-02 1.243E-02 1.956E+03 9.585E-01 1.142E+01 2.000E+00
7.677E+06 3.521E+02 5.217E-01 1.142E-02 1.243E-02 1.958E+03 9.585E-01 1.142E+01 2.000E+00
1.569E+07 2.580E+02 5.655E-01 1.142E-02 1.244E-02 2.284E+03 9.585E-01 1.142E+01 2.000E+00
4.048E+08 4.432E+02 4.867E-01 1.142E-02 1.244E-02 1.877E+03 9.585E-01 1.142E+01 2.000E+00
1.966E+07 3.018E+02 5.441E-01 1.142E-02 1.244E-02 2.084E+03 9.585E-01 1.142E+01 2.000E+00
1.337E+07 4.212E+02 4.946E-01 1.142E-02 1.245E-02 1.882E+03 9.586E-01 1.142E+01 2.000E+00
1.165E+07 4.514E+02 4.840E-01 1.142E-02 1.247E-02 1.879E+03 9.586E-01 1.142E+01 2.000E+00
1.671E+07 4.591E+02 4.814E-01 1.142E-02 1.250E-02 1.884E+03 9.587E-01 1.142E+01 2.000E+00
8.875E+06 3.564E+02 5.203E-01 1.142E-02 1.256E-02 1.948E+03 9.590E-01 1.142E+01 2.000E+00
3.795E+06 4.706E+02 4.779E-01 1.142E-02 1.267E-02 1.922E+03 9.593E-01 1.142E+01 2.000E+00
2.010E+07 2.598E+02 5.663E-01 1.142E-02 1.287E-02 2.236E+03 9.601E-01 1.143E+01 2.000E+00
3.743E+07 3.813E+02 5.119E-01 1.142E-02 1.323E-02 1.910E+03 9.613E-01 1.143E+01 2.000E+00
3.527E+07 3.322E+02 5.348E-01 1.142E-02 1.390E-02 1.961E+03 9.637E-01 1.145E+01 2.000E+00
1.067E+06 2.277E+02 5.940E-01 1.142E-02 1.511E-02 2.244E+03 9.680E-01 1.148E+01 2.000E+00
4.969E+06 3.126E+02 5.552E-01 1.142E-02 1.735E-02 1.904E+03 9.743E-01 1.153E+01 2.000E+00
5.384E+06 3.006E+02 5.447E-01 1.445E-02 1.243E-02 2.106E+03 9.639E-01 1.142E+01 2.000E+00
6.145E+06 3.006E+02 5.447E-01 1.445E-02 1.243E-02 2.189E+03 9.639E-01 1.142E+01 2.000E+00
8.358E+06 3.006E+02 5.447E-01 1.445E-02 1.243E-02 2.106E+03 9.639E-01 1.142E+01 2.000E+00
2.663E+07 3.006E+02 5.447E-01 1.445E-02 1.243E-02 2.105E+03 9.639E-01 1.142E+01 2.000E+00
8.323E+07 3.058E+02 5.423E-01 1.445E-02 1.243E-02 2.089E+03 9.639E-01 1.142E+01 2.000E+00
2.273E+06 3.921E+02 5.056E-01 1.445E-02 1.243E-02 1.928E+03 9.639E-01 1.142E+01 2.000E+00
1.897E+07 3.921E+02 5.056E-01 1.445E-02 1.243E-02 1.928E+03 9.639E-01 1.142E+01 2.000E+00
1.396E+07 3.728E+02 5.132E-01 1.445E-02 1.244E-02 1.957E+03 9.639E-01 1.142E+01 2.000E+00
3.060E+07 2.625E+02 5.633E-01 1.445E-02 1.244E-02 2.262E+03 9.639E-01 1.142E+01 2.000E+00
1.472E+07 3.958E+02 5.042E-01 1.445E-02 1.244E-02 1.925E+03 9.639E-01 1.142E+01 2.000E+00
2.488E+07 3.542E+02 5.209E-01 1.445E-02 1.245E-02 1.975E+03 9.640E-01 1.142E+01 2.000E+00
3.389E+06 2.769E+02 5.562E-01 1.445E-02 1.247E-02 2.197E+03 9.640E-01 1.142E+01 2.000E+00
1.499E+07 3.919E+02 5.058E-01 1.445E-02 1.250E-02 1.928E+03 9.641E-01 1.142E+01 2.000E+00
6.777E+07 4.452E+02 4.863E-01 1.445E-02 1.256E-02 1.920E+03 9.644E-01 1.142E+01 2.000E+00
6.025E+06 3.362E+02 5.293E-01 1.445E-02 1.267E-02 2.006E+03 9.647E-01 1.142E+01 2.000E+00
1.053E+07 3.835E+02 5.101E-01 1.445E-02 1.287E-02 1.939E+03 9.655E-01 1.143E+01 2.000E+00
1.321E+07 4.174E+02 4.978E-01 1.445E-02 1.323E-02 1.931E+03 9.667E-01 1.143E+01 2.000E+00
2.226E+06 3.941E+02 5.084E-01 1.445E-02 1.390E-02 1.938E+03 9.691E-01 1.145E+01 2.000E+00
6.204E+06 2.774E+02 5.659E-01 1.445E-02 1.511E-02 2.057E+03 9.734E-01 1.148E+01 2.000E+00
1.001E+06 3.047E+02 5.594E-01 1.445E-02 1.735E-02 1.936E+03 9.772E-01 1.153E+01 2.000E+00
3.596E+07 4.422E+02 4.871E-01 1.827E-02 1.243E-02 1.965E+03 9.707E-01 1.142E+01 2.000E+00
1.507E+08 4.422E+02 4.871E-01 1.827E-02 1.243E-02 1.969E+03 9.707E-01 1.142E+01 2.000E+00
1.253E+07 3.920E+02 5.056E-01 1.827E-02 1.243E-02 1.964E+03 9.707E-01 1.142E+01 2.000E+00
2.421E+08 3.920E+02 5.056E-01 1.827E-02 1.243E-02 1.965E+03 9.707E-01 1.142E+01 2.000E+00
7.090E+06 3.933E+02 5.051E-01 1.827E-02 1.243E-02 1.966E+03 9.707E-01 1.142E+01 2.000E+00
1.525E+07 2.199E+02 5.857E-01 1.827E-02 1.243E-02 2.572E+03 9.707E-01 1.142E+01 2.000E+00
2.607E+06 3.695E+02 5.146E-01 1.827E-02 1.243E-02 1.984E+03 9.707E-01 1.142E+01 2.000E+00
1.875E+08 2.185E+02 5.864E-01 1.827E-02 1.244E-02 2.581E+03 9.707E-01 1.142E+01 2.000E+00
5.331E+06 3.401E+02 5.269E-01 1.827E-02 1.244E-02 2.029E+03 9.707E-01 1.142E+01 2.000E+00
5.422E+08 3.786E+02 5.109E-01 1.827E-02 1.244E-02 1.975E+03 9.707E-01 1.142E+01 2.000E+00
8.957E+06 3.197E+02 5.360E-01 1.827E-02 1.245E-02 2.073E+03 9.708E-01 1.142E+01 2.000E+00
4.101E+06 3.694E+02 5.147E-01 1.827E-02 1.247E-02 1.985E+03 9.708E-01 1.142E+01 2.000E+00
5.093E+06 2.305E+02 5.803E-01 1.827E-02 1.250E-02 2.475E+03 9.709E-01 1.142E+01 2.000E+00
1.531E+07 2.129E+02 5.901E-01 1.827E-02 1.256E-02 2.622E+03 9.712E-01 1.142E+01 2.000E+00
5.836E+06 2.687E+02 5.611E-01 1.827E-02 1.267E-02 2.240E+03 9.715E-01 1.142E+01 2.000E+00
6.969E+06 2.302E+02 5.821E-01 1.827E-02 1.287E-02 2.447E+03 9.723E-01 1.143E+01 2.000E+00
2.431E+06 3.213E+02 5.378E-01 1.827E-02 1.323E-02 2.048E+03 9.735E-01 1.143E+01 2.000E+00
1.796E+06 2.443E+02 5.791E-01 1.827E-02 1.390E-02 2.280E+03 9.759E-01 1.145E+01 2.000E+00
2.533E+07 3.426E+02 5.337E-01 1.827E-02 1.511E-02 1.994E+03 9.787E-01 1.148E+01 2.000E+00
1.629E+06 2.798E+02 5.731E-01 1.827E-02 1.735E-02 1.988E+03 9.808E-01 1.153E+01 2.000E+00
1.426E+07 3.776E+02 5.113E-01 2.311E-02 1.243E-02 2.024E+03 9.793E-01 1.142E+01 2.000E+00
2.103E+07 3.776E+02 5.113E-01 2.311E-02 1.243E-02 2.024E+03 9.793E-01 1.142E+01 2.000E+00
1.971E+08 3.776E+02 5.114E-01 2.311E-02 1.243E-02 2.025E+03 9.793E-01 1.142E+01 2.000E+00
9.812E+06 3.758E+02 5.121E-01 2.311E-02 1.243E-02 2.026E+03 9.793E-01 1.142E+01 2.000E+00
5.183E+06 3.785E+02 5.110E-01 2.311E-02 1.243E-02 2.024E+03 9.793E-01 1.142E+01 2.000E+00
5.950E+06 4.233E+02 4.939E-01 2.311E-02 1.243E-02 2.027E+03 9.793E-01 1.142E+01 2.000E+00
5.428E+07 4.172E+02 4.961E-01 2.311E-02 1.243E-02 2.021E+03 9.793E-01 1.142E+01 2.000E+00
7.072E+06 2.787E+02 5.553E-01 2.311E-02 1.244E-02 2.236E+03 9.793E-01 1.142E+01 2.000E+00
1.056E+07 4.016E+02 5.020E-01 2.311E-02 1.244E-02 2.017E+03 9.793E-01 1.142E+01 2.000E+00
6.074E+06 3.298E+02 5.315E-01 2.311E-02 1.244E-02 2.086E+03 9.793E-01 1.142E+01 2.000E+00
1.013E+06 4.282E+02 4.922E-01 2.311E-02 1.245E-02 2.033E+03 9.794E-01 1.142E+01 2.000E+00
3.893E+06 3.399E+02 5.272E-01 2.311E-02 1.247E-02 2.067E+03 9.795E-01 1.142E+01 2.000E+00
1.887E+07 4.166E+02 4.965E-01 2.311E-02 1.250E-02 2.024E+03 9.796E-01 1.142E+01 2.000E+00
7.914E+06 3.580E+02 5.197E-01 2.311E-02 1.256E-02 2.042E+03 9.798E-01 1.142E+01 2.000E+00
1.363E+07 2.718E+02 5.596E-01 2.311E-02 1.267E-02 2.332E+03 9.802E-01 1.142E+01 2.000E+00
3.870E+06 3.591E+02 5.201E-01 2.311E-02 1.287E-02 2.040E+03 9.809E-01 1.143E+01 2.000E+00
3.744E+07 3.781E+02 5.132E-01 2.311E-02 1.323E-02 2.034E+03 9.815E-01 1.143E+01 2.000E+00
1.774E+06 3.337E+02 5.342E-01 2.311E-02 1.390E-02 2.060E+03 9.821E-01 1.145E+01 2.000E+00
2.939E+06 2.140E+02 6.026E-01 2.311E-02 1.511E-02 2.382E+03 9.832E-01 1.148E+01 2.000E+00
2.581E+06 2.573E+02 5.863E-01 2.311E-02 1.735E-02 2.060E+03 9.854E-01 1.153E+01 2.000E+00
7.831E+06 3.329E+02 5.302E-01 2.923E-02 1.243E-02 2.135E+03 9.865E-01 1.142E+01 2.000E+00
9.468E+06 3.329E+02 5.302E-01 2.923E-02 1.243E-02 2.135E+03 9.865E-01 1.142E+01 2.000E+00
1.556E+07 3.329E+02 5.302E-01 2.923E-02 1.243E-02 2.138E+03 9.865E-01 1.142E+01 2.000E+00
1.495E+07 3.917E+02 5.058E-01 2.923E-02 1.243E-02 2.103E+03 9.865E-01 1.142E+01 2.000E+00
4.513E+07 3.958E+02 5.042E-01 2.923E-02 1.243E-02 2.104E+03 9.865E-01 1.142E+01 2.000E+00
1.197E+07 3.880E+02 5.073E-01 2.923E-02 1.243E-02 2.102E+03 9.865E-01 1.142E+01 2.000E+00
4.613E+06 3.349E+02 5.293E-01 2.923E-02 1.243E-02 2.132E+03 9.865E-01 1.142E+01 2.000E+00
6.570E+06 3.230E+02 5.346E-01 2.923E-02 1.244E-02 2.152E+03 9.865E-01 1.142E+01 2.000E+00
2.010E+07 3.724E+02 5.135E-01 2.923E-02 1.244E-02 2.099E+03 9.865E-01 1.142E+01 2.000E+00
2.739E+07 3.939E+02 5.050E-01 2.923E-02 1.244E-02 2.105E+03 9.865E-01 1.142E+01 2.000E+00
2.111E+08 3.041E+02 5.433E-01 2.923E-02 1.245E-02 2.198E+03 9.865E-01 1.142E+01 2.000E+00
1.377E+07 3.371E+02 5.284E-01 2.923E-02 1.247E-02 2.129E+03 9.865E-01 1.142E+01 2.000E+00
2.434E+08 3.902E+02 5.066E-01 2.923E-02 1.250E-02 2.107E+03 9.866E-01 1.142E+01 2.000E+00
1.130E+07 3.520E+02 5.223E-01 2.923E-02 1.256E-02 2.127E+03 9.866E-01 1.142E+01 2.000E+00
5.203E+06 2.552E+02 5.682E-01 2.923E-02 1.267E-02 2.370E+03 9.867E-01 1.142E+01 2.000E+00
4.492E+06 3.875E+02 5.086E-01 2.923E-02 1.287E-02 2.117E+03 9.869E-01 1.143E+01 2.000E+00
2.010E+07 3.774E+02 5.136E-01 2.923E-02 1.323E-02 2.123E+03 9.873E-01 1.143E+01 2.000E+00
5.664E+06 2.898E+02 5.553E-01 2.923E-02 1.390E-02 2.188E+03 9.879E-01 1.145E+01 2.000E+00
1.790E+06 2.672E+02 5.717E-01 2.923E-02 1.511E-02 2.605E+03 9.890E-01 1.148E+01 2.000E+00
2.841E+06 2.691E+02 5.794E-01 2.923E-02 1.735E-02 2.104E+03 9.912E-01 1.153E+01 2.000E+00
6.084E+06 3.184E+02 5.367E-01 3.697E-02 1.243E-02 2.239E+03 9.938E-01 1.142E+01 2.000E+00
7.024E+06 3.184E+02 5.367E-01 3.697E-02 1.243E-02 2.239E+03 9.938E-01 1.142E+01 2.000E+00
6.371E+07 2.910E+02 5.495E-01 3.697E-02 1.243E-02 2.300E+03 9.938E-01 1.142E+01 2.000E+00
5.023E+06 2.883E+02 5.508E-01 3.697E-02 1.243E-02 2.308E+03 9.938E-01 1.142E+01 2.000E+00
1.964E+07 2.883E+02 5.508E-01 3.697E-02 1.243E-02 2.309E+03 9.938E-01 1.142E+01 2.000E+00
3.105E+06 2.775E+02 5.561E-01 3.697E-02 1.243E-02 2.344E+03 9.938E-01 1.142E+01 2.000E+00
1.089E+07 2.820E+02 5.539E-01 3.697E-02 1.243E-02 2.327E+03 9.938E-01 1.142E+01 2.000E+00
3.456E+08 3.812E+02 5.100E-01 3.697E-02 1.244E-02 2.233E+03 9.938E-01 1.142E+01 2.000E+00
4.492E+06 2.217E+02 5.851E-01 3.697E-02 1.244E-02 2.653E+03 9.938E-01 1.142E+01 2.000E+00
2.001E+06 3.357E+02 5.291E-01 3.697E-02 1.244E-02 2.219E+03 9.938E-01 1.142E+01 2.000E+00
2.437E+06 2.912E+02 5.495E-01 3.697E-02 1.245E-02 2.298E+03 9.938E-01 1.142E+01 2.000E+00
2.174E+07 3.071E+02 5.420E-01 3.697E-02 1.247E-02 2.260E+03 9.939E-01 1.142E+01 2.000E+00
6.803E+06 3.578E+02 5.197E-01 3.697E-02 1.250E-02 2.215E+03 9.939E-01 1.142E+01 2.000E+00
4.106E+06 3.357E+02 5.294E-01 3.697E-02 1.256E-02 2.219E+03 9.939E-01 1.142E+01 2.000E+00
1.782E+06 2.566E+02 5.676E-01 3.697E-02 1.267E-02 2.431E+03 9.940E-01 1.142E+01 2.000E+00
9.840E+06 2.192E+02 5.886E-01 3.697E-02 1.287E-02 2.636E+03 9.942E-01 1.143E+01 2.000E+00
2.462E+06 3.513E+02 5.246E-01 3.697E-02 1.323E-02 2.235E+03 9.946E-01 1.143E+01 2.000E+00
5.160E+06 2.389E+02 5.824E-01 3.697E-02 1.390E-02 2.428E+03 9.952E-01 1.145E+01 2.000E+00
7.792E+06 2.825E+02 5.636E-01 3.697E-02 1.511E-02 2.245E+03 9.964E-01 1.148E+01 2.000E+00
1.289E+07 2.467E+02 5.930E-01 3.697E-02 1.735E-02 2.202E+03 9.985E-01 1.153E+01 2.000E+00
2.048E+06 2.380E+02 5.765E-01 4.677E-02 1.243E-02 2.613E+03 1.000E+00 1.142E+01 0.000E+00
2.114E+06 2.380E+02 5.765E-01 4.677E-02 1.243E-02 2.614E+03 1.000E+00 1.142E+01 0.000E+00
2.249E+06 2.380E+02 5.765E-01 4.677E-02 1.243E-02 2.612E+03 1.000E+00 1.142E+01 0.000E+00
2.554E+06 2.380E+02 5.765E-01 4.677E-02 1.243E-02 2.832E+03 1.000E+00 1.142E+01 0.000E+00
3.447E+06 2.380E+02 5.765E-01 4.677E-02 1.243E-02 2.616E+03 1.000E+00 1.142E+01 0.000E+00
1.119E+07 2.380E+02 5.765E-01 4.677E-02 1.243E-02 2.612E+03 1.000E+00 1.142E+01 0.000E+00
2.309E+06 2.451E+02 5.728E-01 4.677E-02 1.243E-02 2.574E+03 1.000E+00 1.142E+01 0.000E+00
4.013E+06 2.406E+02 5.751E-01 4.677E-02 1.244E-02 2.608E+03 1.000E+00 1.142E+01 0.000E+00
3.765E+06 3.113E+02 5.401E-01 4.677E-02 1.244E-02 2.377E+03 1.000E+00 1.142E+01 0.000E+00
1.029E+07 2.512E+02 5.696E-01 4.677E-02 1.244E-02 2.541E+03 1.000E+00 1.142E+01 0.000E+00
3.828E+06 2.726E+02 5.587E-01 4.677E-02 1.245E-02 2.455E+03 1.000E+00 1.142E+01 0.000E+00
2.193E+07 3.344E+02 5.298E-01 4.677E-02 1.247E-02 2.376E+03 1.000E+00 1.142E+01 0.000E+00
1.454E+07 2.067E+02 5.940E-01 4.677E-02 1.250E-02 2.852E+03 1.000E+00 1.142E+01 0.000E+00
1.906E+08 3.386E+02 5.282E-01 4.677E-02 1.256E-02 2.388E+03 1.000E+00 1.142E+01 0.000E+00
9.419E+06 3.104E+02 5.413E-01 4.677E-02 1.267E-02 2.381E+03 1.000E+00 1.142E+01 0.000E+00
1.486E+06 2.682E+02 5.626E-01 4.677E-02 1.287E-02 2.455E+03 1.000E+00 1.143E+01 0.000E+00
3.580E+07 3.142E+02 5.414E-01 4.677E-02 1.323E-02 2.392E+03 1.000E+00 1.143E+01 0.000E+00
1.681E+06 2.583E+02 5.719E-01 4.677E-02 1.390E-02 2.445E+03 1.000E+00 1.145E+01 0.000E+00
3.117E+06 2.480E+02 5.828E-01 4.677E-02 1.511E-02 2.417E+03 1.000E+00 1.148E+01 0.000E+00
4.669E+07 2.184E+02 6.115E-01 4.677E-02 1.735E-02 2.351E+03 1.000E+00 1.153E+01 0.000E+00
4.177E+06 2.362E+02 5.777E-01 5.915E-02 1.243E-02 2.752E+03 1.000E+00 1.142E+01 0.000E+00
4.500E+06 2.362E+02 5.777E-01 5.915E-02 1.243E-02 2.752E+03 1.000E+00 1.142E+01 0.000E+00
5.255E+06 2.362E+02 5.777E-01 5.915E-02 1.243E-02 2.751E+03 1.000E+00 1.142E+01 0.000E+00
7.663E+06 2.362E+02 5.777E-01 5.915E-02 1.243E-02 2.752E+03 1.000E+00 1.142E+01 0.000E+00
6.196E+07 2.362E+02 5.777E-01 5.915E-02 1.243E-02 2.751E+03 1.000E+00 1.142E+01 0.000E+00
2.882E+06 2.984E+02 5.463E-01 5.915E-02 1.243E-02 2.614E+03 1.000E+00 1.142E+01 0.000E+00
4.097E+06 3.084E+02 5.415E-01 5.915E-02 1.243E-02 2.658E+03 1.000E+00 1.142E+01 0.000E+00
2.016E+06 3.067E+02 5.423E-01 5.915E-02 1.244E-02 2.626E+03 1.000E+00 1.142E+01 0.000E+00
2.206E+07 3.095E+02 5.411E-01 5.915E-02 1.244E-02 2.632E+03 1.000E+00 1.142E+01 0.000E+00
2.780E+06 2.218E+02 5.856E-01 5.915E-02 1.244E-02 2.840E+03 1.000E+00 1.142E+01 0.000E+00
5.627E+06 2.649E+02 5.628E-01 5.915E-02 1.245E-02 2.642E+03 1.000E+00 1.142E+01 0.000E+00
2.089E+06 2.912E+02 5.498E-01 5.915E-02 1.247E-02 2.611E+03 1.000E+00 1.142E+01 0.000E+00
1.251E+08 2.446E+02 5.735E-01 5.915E-02 1.250E-02 2.710E+03 1.000E+00 1.142E+01 0.000E+00
1.216E+07 2.588E+02 5.664E-01 5.915E-02 1.256E-02 2.655E+03 1.000E+00 1.142E+01 0.000E+00
2.594E+06 2.500E+02 5.714E-01 5.915E-02 1.267E-02 2.681E+03 1.000E+00 1.142E+01 0.000E+00
4.562E+06 2.209E+02 5.881E-01 5.915E-02 1.287E-02 2.814E+03 1.000E+00 1.143E+01 0.000E+00
2.352E+06 2.386E+02 5.800E-01 5.915E-02 1.323E-02 2.697E+03 1.000E+00 1.144E+01 0.000E+00
3.014E+06 2.164E+02 5.958E-01 5.915E-02 1.390E-02 2.758E+03 1.000E+00 1.145E+01 0.000E+00
4.694E+06 2.137E+02 6.036E-01 5.915E-02 1.511E-02 2.670E+03 1.000E+00 1.148E+01 0.000E+00
3.151E+06 2.008E+02 6.239E-01 5.915E-02 1.735E-02 2.536E+03 1.000E+00 1.153E+01 0.000E+00
2.020E+06 2.213E+02 5.861E-01 7.482E-02 1.243E-02 3.068E+03 1.000E+00 1.142E+01 0.000E+00
2.065E+06 2.213E+02 5.861E-01 7.482E-02 1.243E-02 3.068E+03 1.000E+00 1.142E+01 0.000E+00
2.153E+06 2.213E+02 5.861E-01 7.482E-02 1.243E-02 3.069E+03 1.000E+00 1.142E+01 0.000E+00
2.340E+06 2.213E+02 5.861E-01 7.482E-02 1.243E-02 3.069E+03 1.000E+00 1.142E+01 0.000E+00
2.797E+06 2.213E+02 5.861E-01 7.482E-02 1.243E-02 3.069E+03 1.000E+00 1.142E+01 0.000E+00
4.479E+06 2.213E+02 5.861E-01 7.482E-02 1.243E-02 3.068E+03 1.000E+00 1.142E+01 0.000E+00
1.974E+06 2.271E+02 5.829E-01 7.482E-02 1.243E-02 3.041E+03 1.000E+00 1.142E+01 0.000E+00
5.987E+06 2.307E+02 5.810E-01 7.482E-02 1.244E-02 3.031E+03 1.000E+00 1.142E+01 0.000E+00
6.413E+07 2.327E+02 5.799E-01 7.482E-02 1.244E-02 3.025E+03 1.000E+00 1.142E+01 0.000E+00
3.453E+06 2.349E+02 5.788E-01 7.482E-02 1.244E-02 3.014E+03 1.000E+00 1.142E+01 0.000E+00
7.309E+06 2.323E+02 5.802E-01 7.482E-02 1.245E-02 3.022E+03 1.000E+00 1.142E+01 0.000E+00
2.426E+06 2.318E+02 5.806E-01 7.482E-02 1.247E-02 3.023E+03 1.000E+00 1.142E+01 0.000E+00
2.605E+06 2.488E+02 5.716E-01 7.482E-02 1.250E-02 2.992E+03 1.000E+00 1.142E+01 0.000E+00
1.414E+07 2.084E+02 5.940E-01 7.482E-02 1.256E-02 3.139E+03 1.000E+00 1.142E+01 0.000E+00
3.669E+06 2.172E+02 5.896E-01 7.482E-02 1.267E-02 3.077E+03 1.000E+00 1.142E+01 0.000E+00
3.485E+06 2.480E+02 5.736E-01 7.482E-02 1.287E-02 3.001E+03 1.000E+00 1.143E+01 0.000E+00
2.136E+06 2.339E+02 5.829E-01 7.482E-02 1.323E-02 3.004E+03 1.000E+00 1.144E+01 0.000E+00
5.015E+06 2.304E+02 5.880E-01 7.482E-02 1.390E-02 2.997E+03 1.000E+00 1.145E+01 0.000E+00
6.139E+05 2.085E+02 6.073E-01 7.482E-02 1.511E-02 2.958E+03 1.000E+00 1.148E+01 0.000E+00
NAN NAN NAN 7.482E-02 1.735E-02 NAN 1.000E+00 1.153E+01 0.000E+00
3.235E+06 2.117E+02 5.920E-01 9.464E-02 1.243E-02 3.671E+03 1.000E+00 1.142E+01 0.000E+00
3.314E+06 2.117E+02 5.920E-01 9.464E-02 1.243E-02 3.667E+03 1.000E+00 1.142E+01 0.000E+00
3.470E+06 2.117E+02 5.920E-01 9.464E-02 1.243E-02 3.665E+03 1.000E+00 1.142E+01 0.000E+00
3.802E+06 2.117E+02 5.920E-01 9.464E-02 1.243E-02 3.666E+03 1.000E+00 1.142E+01 0.000E+00
4.627E+06 2.117E+02 5.920E-01 9.464E-02 1.243E-02 3.665E+03 1.000E+00 1.142E+01 0.000E+00
7.835E+06 2.117E+02 5.920E-01 9.464E-02 1.243E-02 3.666E+03 1.000E+00 1.142E+01 0.000E+00
1.970E+06 2.119E+02 5.919E-01 9.464E-02 1.243E-02 3.667E+03 1.000E+00 1.142E+01 0.000E+00
7.459E+06 2.172E+02 5.889E-01 9.464E-02 1.244E-02 3.687E+03 1.000E+00 1.142E+01 0.000E+00
3.850E+06 2.120E+02 5.918E-01 9.464E-02 1.244E-02 3.670E+03 1.000E+00 1.142E+01 0.000E+00
3.270E+06 2.174E+02 5.888E-01 9.464E-02 1.244E-02 3.684E+03 1.000E+00 1.142E+01 0.000E+00
1.290E+07 2.177E+02 5.887E-01 9.464E-02 1.245E-02 3.686E+03 1.000E+00 1.142E+01 0.000E+00
1.886E+06 2.148E+02 5.904E-01 9.464E-02 1.247E-02 3.684E+03 1.000E+00 1.142E+01 0.000E+00
8.262E+06 2.135E+02 5.913E-01 9.464E-02 1.250E-02 3.684E+03 1.000E+00 1.142E+01 0.000E+00
2.494E+06 2.061E+02 5.958E-01 9.464E-02 1.256E-02 3.664E+03 1.000E+00 1.142E+01 0.000E+00
1.173E+07 2.160E+02 5.907E-01 9.464E-02 1.267E-02 3.700E+03 1.000E+00 1.142E+01 0.000E+00
7.031E+07 2.101E+02 5.951E-01 9.464E-02 1.287E-02 3.703E+03 1.000E+00 1.143E+01 0.000E+00
1.839E+06 2.037E+02 6.008E-01 9.464E-02 1.323E-02 3.676E+03 1.000E+00 1.144E+01 0.000E+00
NAN NAN NAN 9.464E-02 1.390E-02 NAN 1.000E+00 1.145E+01 0.000E+00
NAN NAN NAN 9.464E-02 1.511E-02 NAN 1.000E+00 1.148E+01 0.000E+00
NAN NAN NAN 9.464E-02 1.735E-02 NAN 1.000E+00 1.153E+01 0.000E+00
NAN NAN NAN 1.197E-01 1.243E-02 NAN 1.000E+00 1.142E+01 0.000E+00
NAN NAN NAN 1.197E-01 1.243E-02 NAN 1.000E+00 1.142E+01 0.000E+00
NAN NAN NAN 1.197E-01 1.243E-02 NAN 1.000E+00 1.142E+01 0.000E+00
NAN NAN NAN 1.197E-01 1.243E-02 NAN 1.000E+00 1.142E+01 0.000E+00
NAN NAN NAN 1.197E-01 1.243E-02 NAN 1.000E+00 1.142E+01 0.000E+00
NAN NAN NAN 1.197E-01 1.243E-02 NAN 1.000E+00 1.142E+01 0.000E+00
NAN NAN NAN 1.197E-01 1.243E-02 NAN 1.000E+00 1.142E+01 0.000E+00
NAN NAN NAN 1.197E-01 1.244E-02 NAN 1.000E+00 1.142E+01 0.000E+00
NAN NAN NAN 1.197E-01 1.244E-02 NAN 1.000E+00 1.142E+01 0.000E+00
NAN NAN NAN 1.197E-01 1.244E-02 NAN 1.000E+00 1.142E+01 0.000E+00
NAN NAN NAN 1.197E-01 1.245E-02 NAN 1.000E+00 1.142E+01 0.000E+00
NAN NAN NAN 1.197E-01 1.247E-02 NAN 1.000E+00 1.142E+01 0.000E+00
NAN NAN NAN 1.197E-01 1.250E-02 NAN 1.000E+00 1.142E+01 0.000E+00
NAN NAN NAN 1.197E-01 1.256E-02 NAN 1.000E+00 1.142E+01 0.000E+00
NAN NAN NAN 1.197E-01 1.267E-02 NAN 1.000E+00 1.142E+01 0.000E+00
NAN NAN NAN 1.197E-01 1.287E-02 NAN 1.000E+00 1.143E+01 0.000E+00
NAN NAN NAN 1.197E-01 1.323E-02 NAN 1.000E+00 1.144E+01 0.000E+00
NAN NAN NAN 1.197E-01 1.390E-02 NAN 1.000E+00 1.145E+01 0.000E+00
NAN NAN NAN 1.197E-01 1.511E-02 NAN 1.000E+00 1.148E+01 0.000E+00
NAN NAN NAN 1.197E-01 1.735E-02 NAN 1.000E+00 1.153E+01 0.000E+00
NAN NAN NAN 1.514E-01 1.243E-02 NAN 1.000E+00 1.142E+01 0.000E+00
NAN NAN NAN 1.514E-01 1.243E-02 NAN 1.000E+00 1.142E+01 0.000E+00
NAN NAN NAN 1.514E-01 1.243E-02 NAN 1.000E+00 1.142E+01 0.000E+00
NAN NAN NAN 1.514E-01 1.243E-02 NAN 1.000E+00 1.142E+01 0.000E+00
NAN NAN NAN 1.514E-01 1.243E-02 NAN 1.000E+00 1.142E+01 0.000E+00
NAN NAN NAN 1.514E-01 1.243E-02 NAN 1.000E+00 1.142E+01 0.000E+00
NAN NAN NAN 1.514E-01 1.243E-02 NAN 1.000E+00 1.142E+01 0.000E+00
NAN NAN NAN 1.514E-01 1.244E-02 NAN 1.000E+00 1.142E+01 0.000E+00
NAN NAN NAN 1.514E-01 1.244E-02 NAN 1.000E+00 1.142E+01 0.000E+00
NAN NAN NAN 1.514E-01 1.244E-02 NAN 1.000E+00 1.142E+01 0.000E+00
NAN NAN NAN 1.514E-01 1.245E-02 NAN 1.000E+00 1.142E+01 0.000E+00
NAN NAN NAN 1.514E-01 1.247E-02 NAN 1.000E+00 1.142E+01 0.000E+00
NAN NAN NAN 1.514E-01 1.250E-02 NAN 1.000E+00 1.142E+01 0.000E+00
NAN NAN NAN 1.514E-01 1.256E-02 NAN 1.000E+00 1.142E+01 0.000E+00
NAN NAN NAN 1.514E-01 1.267E-02 NAN 1.000E+00 1.142E+01 0.000E+00
NAN NAN NAN 1.514E-01 1.287E-02 NAN 1.000E+00 1.143E+01 0.000E+00
NAN NAN NAN 1.514E-01 1.323E-02 NAN 1.000E+00 1.144E+01 0.000E+00
NAN NAN NAN 1.514E-01 1.390E-02 NAN 1.000E+00 1.145E+01 0.000E+00
NAN NAN NAN 1.514E-01 1.511E-02 NAN 1.000E+00 1.148E+01 0.000E+00
NAN NAN NAN 1.514E-01 1.735E-02 NAN 1.000E+00 1.153E+01 0.000E+00
NAN NAN NAN 1.915E-01 1.243E-02 NAN 1.000E+00 1.142E+01 0.000E+00
NAN NAN NAN 1.915E-01 1.243E-02 NAN 1.000E+00 1.142E+01 0.000E+00
NAN NAN NAN 1.915E-01 1.243E-02 NAN 1.000E+00 1.142E+01 0.000E+00
NAN NAN NAN 1.915E-01 1.243E-02 NAN 1.000E+00 1.142E+01 0.000E+00
NAN NAN NAN 1.915E-01 1.243E-02 NAN 1.000E+00 1.142E+01 0.000E+00
NAN NAN NAN 1.915E-01 1.243E-02 NAN 1.000E+00 1.142E+01 0.000E+00
NAN NAN NAN 1.915E-01 1.243E-02 NAN 1.000E+00 1.142E+01 0.000E+00
NAN NAN NAN 1.915E-01 1.244E-02 NAN 1.000E+00 1.142E+01 0.000E+00
NAN NAN NAN 1.915E-01 1.244E-02 NAN 1.000E+00 1.142E+01 0.000E+00
NAN NAN NAN 1.915E-01 1.244E-02 NAN 1.000E+00 1.142E+01 0.000E+00
NAN NAN NAN 1.915E-01 1.245E-02 NAN 1.000E+00 1.142E+01 0.000E+00
NAN NAN NAN 1.915E-01 1.247E-02 NAN 1.000E+00 1.142E+01 0.000E+00
NAN NAN NAN 1.915E-01 1.250E-02 NAN 1.000E+00 1.142E+01 0.000E+00
NAN NAN NAN 1.915E-01 1.256E-02 NAN 1.000E+00 1.142E+01 0.000E+00
NAN NAN NAN 1.915E-01 1.267E-02 NAN 1.000E+00 1.143E+01 0.000E+00
NAN NAN NAN 1.915E-01 1.287E-02 NAN 1.000E+00 1.143E+01 0.000E+00
NAN NAN NAN 1.915E-01 1.323E-02 NAN 1.000E+00 1.144E+01 0.000E+00
NAN NAN NAN 1.915E-01 1.390E-02 NAN 1.000E+00 1.145E+01 0.000E+00
NAN NAN NAN 1.915E-01 1.511E-02 NAN 1.000E+00 1.148E+01 0.000E+00
NAN NAN NAN 1.915E-01 1.735E-02 NAN 1.000E+00 1.153E+01 0.000E+00
NAN NAN NAN 2.422E-01 1.243E-02 NAN 1.000E+00 1.142E+01 0.000E+00
NAN NAN NAN 2.422E-01 1.243E-02 NAN 1.000E+00 1.142E+01 0.000E+00
NAN NAN NAN 2.422E-01 1.243E-02 NAN 1.000E+00 1.142E+01 0.000E+00
NAN NAN NAN 2.422E-01 1.243E-02 NAN 1.000E+00 1.142E+01 0.000E+00
NAN NAN NAN 2.422E-01 1.243E-02 NAN 1.000E+00 1.142E+01 0.000E+00
NAN NAN NAN 2.422E-01 1.243E-02 NAN 1.000E+00 1.142E+01 0.000E+00
NAN NAN NAN 2.422E-01 1.243E-02 NAN 1.000E+00 1.142E+01 0.000E+00
NAN NAN NAN 2.422E-01 1.244E-02 NAN 1.000E+00 1.142E+01 0.000E+00
NAN NAN NAN 2.422E-01 1.244E-02 NAN 1.000E+00 1.142E+01 0.000E+00
NAN NAN NAN 2.422E-01 1.244E-02 NAN 1.000E+00 1.142E+01 0.000E+00
NAN NAN NAN 2.422E-01 1.245E-02 NAN 1.000E+00 1.142E+01 0.000E+00
NAN NAN NAN 2.422E-01 1.247E-02 NAN 1.000E+00 1.142E+01 0.000E+00
NAN NAN NAN 2.422E-01 1.250E-02 NAN 1.000E+00 1.142E+01 0.000E+00
NAN NAN NAN 2.422E-01 1.256E-02 NAN 1.000E+00 1.142E+01 0.000E+00
NAN NAN NAN 2.422E-01 1.267E-02 NAN 1.000E+00 1.143E+01 0.000E+00
NAN NAN NAN 2.422E-01 1.287E-02 NAN 1.000E+00 1.143E+01 0.000E+00
NAN NAN NAN 2.422E-01 1.323E-02 NAN 1.000E+00 1.144E+01 0.000E+00
NAN NAN NAN 2.422E-01 1.390E-02 NAN 1.000E+00 1.145E+01 0.000E+00
NAN NAN NAN 2.422E-01 1.511E-02 NAN 1.000E+00 1.148E+01 0.000E+00
NAN NAN NAN 2.422E-01 1.735E-02 NAN 1.000E+00 1.153E+01 0.000E+00
NAN NAN NAN 3.064E-01 1.243E-02 NAN 1.000E+00 1.142E+01 0.000E+00
NAN NAN NAN 3.064E-01 1.243E-02 NAN 1.000E+00 1.142E+01 0.000E+00
NAN NAN NAN 3.064E-01 1.243E-02 NAN 1.000E+00 1.142E+01 0.000E+00
NAN NAN NAN 3.064E-01 1.243E-02 NAN 1.000E+00 1.142E+01 0.000E+00
NAN NAN NAN 3.064E-01 1.243E-02 NAN 1.000E+00 1.142E+01 0.000E+00
NAN NAN NAN 3.064E-01 1.243E-02 NAN 1.000E+00 1.142E+01 0.000E+00
NAN NAN NAN 3.064E-01 1.243E-02 NAN 1.000E+00 1.142E+01 0.000E+00
NAN NAN NAN 3.064E-01 1.244E-02 NAN 1.000E+00 1.142E+01 0.000E+00
NAN NAN NAN 3.064E-01 1.244E-02 NAN 1.000E+00 1.142E+01 0.000E+00
NAN NAN NAN 3.064E-01 1.244E-02 NAN 1.000E+00 1.142E+01 0.000E+00
NAN NAN NAN 3.064E-01 1.245E-02 NAN 1.000E+00 1.142E+01 0.000E+00
NAN NAN NAN 3.064E-01 1.247E-02 NAN 1.000E+00 1.142E+01 0.000E+00
NAN NAN NAN 3.064E-01 1.250E-02 NAN 1.000E+00 1.142E+01 0.000E+00
NAN NAN NAN 3.064E-01 1.256E-02 NAN 1.000E+00 1.143E+01 0.000E+00
NAN NAN NAN 3.064E-01 1.267E-02 NAN 1.000E+00 1.143E+01 0.000E+00
NAN NAN NAN 3.064E-01 1.287E-02 NAN 1.000E+00 1.143E+01 0.000E+00
NAN NAN NAN 3.064E-01 1.323E-02 NAN 1.000E+00 1.144E+01 0.000E+00
NAN NAN NAN 3.064E-01 1.390E-02 NAN 1.000E+00 1.146E+01 0.000E+00
NAN NAN NAN 3.064E-01 1.511E-02 NAN 1.000E+00 1.148E+01 0.000E+00
NAN NAN NAN 3.064E-01 1.735E-02 NAN 1.000E+00 1.154E+01 0.000E+00
NAN NAN NAN 3.875E-01 1.243E-02 NAN 1.000E+00 1.142E+01 0.000E+00
NAN NAN NAN 3.875E-01 1.243E-02 NAN 1.000E+00 1.142E+01 0.000E+00
NAN NAN NAN 3.875E-01 1.243E-02 NAN 1.000E+00 1.142E+01 0.000E+00
NAN NAN NAN 3.875E-01 1.243E-02 NAN 1.000E+00 1.142E+01 0.000E+00
NAN NAN NAN 3.875E-01 1.243E-02 NAN 1.000E+00 1.142E+01 0.000E+00
NAN NAN NAN 3.875E-01 1.243E-02 NAN 1.000E+00 1.142E+01 0.000E+00
NAN NAN NAN 3.875E-01 1.243E-02 NAN 1.000E+00 1.142E+01 0.000E+00
NAN NAN NAN 3.875E-01 1.244E-02 NAN 1.000E+00 1.142E+01 0.000E+00
NAN NAN NAN 3.875E-01 1.244E-02 NAN 1.000E+00 1.142E+01 0.000E+00
NAN NAN NAN 3.875E-01 1.244E-02 NAN 1.000E+00 1.142E+01 0.000E+00
NAN NAN NAN 3.875E-01 1.245E-02 NAN 1.000E+00 1.142E+01 0.000E+00
NAN NAN NAN 3.875E-01 1.247E-02 NAN 1.000E+00 1.143E+01 0.000E+00
NAN NAN NAN 3.875E-01 1.250E-02 NAN 1.000E+00 1.143E+01 0.000E+00
NAN NAN NAN 3.875E-01 1.256E-02 NAN 1.000E+00 1.143E+01 0.000E+00
NAN NAN NAN 3.875E-01 1.267E-02 NAN 1.000E+00 1.143E+01 0.000E+00
NAN NAN NAN 3.875E-01 1.287E-02 NAN 1.000E+00 1.143E+01 0.000E+00
NAN NAN NAN 3.875E-01 1.323E-02 NAN 1.000E+00 1.144E+01 0.000E+00
NAN NAN NAN 3.875E-01 1.390E-02 NAN 1.000E+00 1.146E+01 0.000E+00
NAN NAN NAN 3.875E-01 1.511E-02 NAN 1.000E+00 1.149E+01 0.000E+00
NAN NAN NAN 3.875E-01 1.735E-02 NAN 1.000E+00 1.154E+01 0.000E+00
NAN NAN NAN 4.902E-01 1.243E-02 NAN 1.000E+00 1.143E+01 0.000E+00
NAN NAN NAN 4.902E-01 1.243E-02 NAN 1.000E+00 1.143E+01 0.000E+00
NAN NAN NAN 4.902E-01 1.243E-02 NAN 1.000E+00 1.143E+01 0.000E+00
NAN NAN NAN 4.902E-01 1.243E-02 NAN 1.000E+00 1.143E+01 0.000E+00
NAN NAN NAN 4.902E-01 1.243E-02 NAN 1.000E+00 1.143E+01 0.000E+00
NAN NAN NAN 4.902E-01 1.243E-02 NAN 1.000E+00 1.143E+01 0.000E+00
NAN NAN NAN 4.902E-01 1.243E-02 NAN 1.000E+00 1.143E+01 0.000E+00
NAN NAN NAN 4.902E-01 1.244E-02 NAN 1.000E+00 1.143E+01 0.000E+00
NAN NAN NAN 4.902E-01 1.244E-02 NAN 1.000E+00 1.143E+01 0.000E+00
NAN NAN NAN 4.902E-01 1.244E-02 NAN 1.000E+00 1.143E+01 0.000E+00
NAN NAN NAN 4.902E-01 1.245E-02 NAN 1.000E+00 1.143E+01 0.000E+00
NAN NAN NAN 4.902E-01 1.247E-02 NAN 1.000E+00 1.143E+01 0.000E+00
NAN NAN NAN 4.902E-01 1.250E-02 NAN 1.000E+00 1.143E+01 0.000E+00
NAN NAN NAN 4.902E-01 1.256E-02 NAN 1.000E+00 1.143E+01 0.000E+00
NAN NAN NAN 4.902E-01 1.267E-02 NAN 1.000E+00 1.143E+01 0.000E+00
NAN NAN NAN 4.902E-01 1.287E-02 NAN 1.000E+00 1.144E+01 0.000E+00
NAN NAN NAN 4.902E-01 1.323E-02 NAN 1.000E+00 1.145E+01 0.000E+00
NAN NAN NAN 4.902E-01 1.390E-02 NAN 1.000E+00 1.146E+01 0.000E+00
NAN NAN NAN 4.902E-01 1.511E-02 NAN 1.000E+00 1.149E+01 0.000E+00
NAN NAN NAN 4.902E-01 1.735E-02 NAN 1.000E+00 1.154E+01 0.000E+00
NAN NAN NAN 6.200E-01 1.243E-02 NAN 1.000E+00 1.143E+01 0.000E+00
NAN NAN NAN 6.200E-01 1.243E-02 NAN 1.000E+00 1.143E+01 0.000E+00
NAN NAN NAN 6.200E-01 1.243E-02 NAN 1.000E+00 1.143E+01 0.000E+00
NAN NAN NAN 6.200E-01 1.243E-02 NAN 1.000E+00 1.143E+01 0.000E+00
NAN NAN NAN 6.200E-01 1.243E-02 NAN 1.000E+00 1.143E+01 0.000E+00
NAN NAN NAN 6.200E-01 1.243E-02 NAN 1.000E+00 1.143E+01 0.000E+00
NAN NAN NAN 6.200E-01 1.243E-02 NAN 1.000E+00 1.143E+01 0.000E+00
NAN NAN NAN 6.200E-01 1.244E-02 NAN 1.000E+00 1.143E+01 0.000E+00
NAN NAN NAN 6.200E-01 1.244E-02 NAN 1.000E+00 1.143E+01 0.000E+00
NAN NAN NAN 6.200E-01 1.244E-02 NAN 1.000E+00 1.143E+01 0.000E+00
NAN NAN NAN 6.200E-01 1.245E-02 NAN 1.000E+00 1.143E+01 0.000E+00
NAN NAN NAN 6.200E-01 1.247E-02 NAN 1.000E+00 1.143E+01 0.000E+00
NAN NAN NAN 6.200E-01 1.250E-02 NAN 1.000E+00 1.143E+01 0.000E+00
NAN NAN NAN 6.200E-01 1.256E-02 NAN 1.000E+00 1.143E+01 0.000E+00
NAN NAN NAN 6.200E-01 1.267E-02 NAN 1.000E+00 1.144E+01 0.000E+00
NAN NAN NAN 6.200E-01 1.287E-02 NAN 1.000E+00 1.144E+01 0.000E+00
NAN NAN NAN 6.200E-01 1.323E-02 NAN 1.000E+00 1.145E+01 0.000E+00
NAN NAN NAN 6.200E-01 1.390E-02 NAN 1.000E+00 1.146E+01 0.000E+00
NAN NAN NAN 6.200E-01 1.511E-02 NAN 1.000E+00 1.149E+01 0.000E+00
NAN NAN NAN 6.200E-01 1.735E-02 NAN 1.000E+00 1.154E+01 0.000E+00
NAN NAN NAN 7.842E-01 1.243E-02 NAN 1.000E+00 1.143E+01 0.000E+00
NAN NAN NAN 7.842E-01 1.243E-02 NAN 1.000E+00 1.143E+01 0.000E+00
NAN NAN NAN 7.842E-01 1.243E-02 NAN 1.000E+00 1.143E+01 0.000E+00
NAN NAN NAN 7.842E-01 1.243E-02 NAN 1.000E+00 1.143E+01 0.000E+00
NAN NAN NAN 7.842E-01 1.243E-02 NAN 1.000E+00 1.143E+01 0.000E+00
NAN NAN NAN 7.842E-01 1.243E-02 NAN 1.000E+00 1.143E+01 0.000E+00
NAN NAN NAN 7.842E-01 1.243E-02 NAN 1.000E+00 1.143E+01 0.000E+00
NAN NAN NAN 7.842E-01 1.244E-02 NAN 1.000E+00 1.143E+01 0.000E+00
NAN NAN NAN 7.842E-01 1.244E-02 NAN 1.000E+00 1.143E+01 0.000E+00
NAN NAN NAN 7.842E-01 1.244E-02 NAN 1.000E+00 1.143E+01 0.000E+00
NAN NAN NAN 7.842E-01 1.245E-02 NAN 1.000E+00 1.143E+01 0.000E+00
NAN NAN NAN 7.842E-01 1.247E-02 NAN 1.000E+00 1.143E+01 0.000E+00
NAN NAN NAN 7.842E-01 1.250E-02 NAN 1.000E+00 1.144E+01 0.000E+00
NAN NAN NAN 7.842E-01 1.256E-02 NAN 1.000E+00 1.144E+01 0.000E+00
NAN NAN NAN 7.842E-01 1.267E-02 NAN 1.000E+00 1.144E+01 0.000E+00
NAN NAN NAN 7.842E-01 1.287E-02 NAN 1.000E+00 1.144E+01 0.000E+00
NAN NAN NAN 7.842E-01 1.323E-02 NAN 1.000E+00 1.145E+01 0.000E+00
NAN NAN NAN 7.842E-01 1.390E-02 NAN 1.000E+00 1.147E+01 0.000E+00
NAN NAN NAN 7.842E-01 1.511E-02 NAN 1.000E+00 1.149E+01 0.000E+00
NAN NAN NAN 7.842E-01 1.735E-02 NAN 1.000E+00 1.155E+01 0.000E+00
NAN NAN NAN 9.919E-01 1.243E-02 NAN 1.000E+00 1.144E+01 3.000E+00
NAN NAN NAN 9.919E-01 1.243E-02 NAN 1.000E+00 1.144E+01 3.000E+00
NAN NAN NAN 9.919E-01 1.243E-02 NAN 1.000E+00 1.144E+01 3.000E+00
NAN NAN NAN 9.919E-01 1.243E-02 NAN 1.000E+00 1.144E+01 3.000E+00
NAN NAN NAN 9.919E-01 1.243E-02 NAN 1.000E+00 1.144E+01 3.000E+00
NAN NAN NAN 9.919E-01 1.243E-02 NAN 1.000E+00 1.144E+01 3.000E+00
NAN NAN NAN 9.919E-01 1.243E-02 NAN 1.000E+00 1.144E+01 3.000E+00
NAN NAN NAN 9.919E-01 1.244E-02 NAN 1.000E+00 1.144E+01 3.000E+00
NAN NAN NAN 9.919E-01 1.244E-02 NAN 1.000E+00 1.144E+01 3.000E+00
NAN NAN NAN 9.919E-01 1.244E-02 NAN 1.000E+00 1.144E+01 3.000E+00
NAN NAN NAN 9.919E-01 1.245E-02 NAN 1.000E+00 1.144E+01 3.000E+00
NAN NAN NAN 9.919E-01 1.247E-02 NAN 1.000E+00 1.144E+01 3.000E+00
NAN NAN NAN 9.919E-01 1.250E-02 NAN 1.000E+00 1.144E+01 3.000E+00
NAN NAN NAN 9.919E-01 1.256E-02 NAN 1.000E+00 1.144E+01 3.000E+00
NAN NAN NAN 9.919E-01 1.267E-02 NAN 1.000E+00 1.144E+01 3.000E+00
NAN NAN NAN 9.919E-01 1.287E-02 NAN 1.000E+00 1.145E+01 3.000E+00
NAN NAN NAN 9.919E-01 1.323E-02 NAN 1.000E+00 1.146E+01 3.000E+00
NAN NAN NAN 9.919E-01 1.390E-02 NAN 1.000E+00 1.147E+01 3.000E+00
NAN NAN NAN 9.919E-01 1.511E-02 NAN 1.000E+00 1.150E+01 3.000E+00
NAN NAN NAN 9.919E-01 1.735E-02 NAN 1.000E+00 1.155E+01 3.000E+00
NAN NAN NAN 1.255E+00 1.243E-02 NAN 1.000E+00 1.144E+01 3.000E+00
NAN NAN NAN 1.255E+00 1.243E-02 NAN 1.000E+00 1.144E+01 3.000E+00
NAN NAN NAN 1.255E+00 1.243E-02 NAN 1.000E+00 1.144E+01 3.000E+00
NAN NAN NAN 1.255E+00 1.243E-02 NAN 1.000E+00 1.144E+01 3.000E+00
NAN NAN NAN 1.255E+00 1.243E-02 NAN 1.000E+00 1.144E+01 3.000E+00
NAN NAN NAN 1.255E+00 1.243E-02 NAN 1.000E+00 1.144E+01 3.000E+00
NAN NAN NAN 1.255E+00 1.243E-02 NAN 1.000E+00 1.144E+01 3.000E+00
NAN NAN NAN 1.255E+00 1.244E-02 NAN 1.000E+00 1.144E+01 3.000E+00
NAN NAN NAN 1.255E+00 1.244E-02 NAN 1.000E+00 1.144E+01 3.000E+00
NAN NAN NAN 1.255E+00 1.244E-02 NAN 1.000E+00 1.144E+01 3.000E+00
NAN NAN NAN 1.255E+00 1.245E-02 NAN 1.000E+00 1.144E+01 3.000E+00
NAN NAN NAN 1.255E+00 1.247E-02 NAN 1.000E+00 1.145E+01 3.000E+00
NAN NAN NAN 1.255E+00 1.250E-02 NAN 1.000E+00 1.145E+01 3.000E+00
NAN NAN NAN 1.255E+00 1.256E-02 NAN 1.000E+00 1.145E+01 3.000E+00
NAN NAN NAN 1.255E+00 1.267E-02 NAN 1.000E+00 1.145E+01 3.000E+00
NAN NAN NAN 1.255E+00 1.287E-02 NAN 1.000E+00 1.145E+01 3.000E+00
NAN NAN NAN 1.255E+00 1.323E-02 NAN 1.000E+00 1.146E+01 3.000E+00
NAN NAN NAN 1.255E+00 1.390E-02 NAN 1.000E+00 1.148E+01 3.000E+00
NAN NAN NAN 1.255E+00 1.511E-02 NAN 1.000E+00 1.151E+01 3.000E+00
NAN NAN NAN 1.255E+00 1.735E-02 NAN 1.000E+00 1.156E+01 3.000E+00
NAN NAN NAN 1.587E+00 1.243E-02 NAN 1.000E+00 1.145E+01 3.000E+00
NAN NAN NAN 1.587E+00 1.243E-02 NAN 1.000E+00 1.145E+01 3.000E+00
NAN NAN NAN 1.587E+00 1.243E-02 NAN 1.000E+00 1.145E+01 3.000E+00
NAN NAN NAN 1.587E+00 1.243E-02 NAN 1.000E+00 1.145E+01 3.000E+00
NAN NAN NAN 1.587E+00 1.243E-02 NAN 1.000E+00 1.145E+01 3.000E+00
NAN NAN NAN 1.587E+00 1.243E-02 NAN 1.000E+00 1.145E+01 3.000E+00
NAN NAN NAN 1.587E+00 1.243E-02 NAN 1.000E+00 1.145E+01 3.000E+00
NAN NAN NAN 1.587E+00 1.244E-02 NAN 1.000E+00 1.145E+01 3.000E+00
NAN NAN NAN 1.587E+00 1.244E-02 NAN 1.000E+00 1.145E+01 3.000E+00
NAN NAN NAN 1.587E+00 1.244E-02 NAN 1.000E+00 1.145E+01 3.000E+00
NAN NAN NAN 1.587E+00 1.245E-02 NAN 1.000E+00 1.145E+01 3.000E+00
NAN NAN NAN 1.587E+00 1.247E-02 NAN 1.000E+00 1.145E+01 3.000E+00
NAN NAN NAN 1.587E+00 1.250E-02 NAN 1.000E+00 1.145E+01 3.000E+00
NAN NAN NAN 1.587E+00 1.256E-02 NAN 1.000E+00 1.145E+01 3.000E+00
NAN NAN NAN 1.587E+00 1.267E-02 NAN 1.000E+00 1.146E+01 3.000E+00
NAN NAN NAN 1.587E+00 1.287E-02 NAN 1.000E+00 1.146E+01 3.000E+00
NAN NAN NAN 1.587E+00 1.323E-02 NAN 1.000E+00 1.147E+01 3.000E+00
NAN NAN NAN 1.587E+00 1.390E-02 NAN 1.000E+00 1.149E+01 3.000E+00
NAN NAN NAN 1.587E+00 1.511E-02 NAN 1.000E+00 1.151E+01 3.000E+00
NAN NAN NAN 1.587E+00 1.735E-02 NAN 1.000E+00 1.156E+01 3.000E+00
NAN NAN NAN 2.007E+00 1.243E-02 NAN 1.000E+00 1.175E+01 3.000E+00
NAN NAN NAN 2.007E+00 1.243E-02 NAN 1.000E+00 1.175E+01 3.000E+00
NAN NAN NAN 2.007E+00 1.243E-02 NAN 1.000E+00 1.175E+01 3.000E+00
NAN NAN NAN 2.007E+00 1.243E-02 NAN 1.000E+00 1.175E+01 3.000E+00
NAN NAN NAN 2.007E+00 1.243E-02 NAN 1.000E+00 1.175E+01 3.000E+00
NAN NAN NAN 2.007E+00 1.243E-02 NAN 1.000E+00 1.175E+01 3.000E+00
NAN NAN NAN 2.007E+00 1.243E-02 NAN 1.000E+00 1.175E+01 3.000E+00
NAN NAN NAN 2.007E+00 1.244E-02 NAN 1.000E+00 1.175E+01 3.000E+00
NAN NAN NAN 2.007E+00 1.244E-02 NAN 1.000E+00 1.175E+01 3.000E+00
NAN NAN NAN 2.007E+00 1.244E-02 NAN 1.000E+00 1.175E+01 3.000E+00
NAN NAN NAN 2.007E+00 1.245E-02 NAN 1.000E+00 1.175E+01 3.000E+00
NAN NAN NAN 2.007E+00 1.247E-02 NAN 1.000E+00 1.175E+01 3.000E+00
NAN NAN NAN 2.007E+00 1.250E-02 NAN 1.000E+00 1.175E+01 3.000E+00
NAN NAN NAN 2.007E+00 1.256E-02 NAN 1.000E+00 1.176E+01 3.000E+00
NAN NAN NAN 2.007E+00 1.267E-02 NAN 1.000E+00 1.176E+01 3.000E+00
NAN NAN NAN 2.007E+00 1.287E-02 NAN 1.000E+00 1.178E+01 3.000E+00
NAN NAN NAN 2.007E+00 1.323E-02 NAN 1.000E+00 1.181E+01 3.000E+00
NAN NAN NAN 2.007E+00 1.390E-02 NAN 1.000E+00 1.186E+01 3.000E+00
NAN NAN NAN 2.007E+00 1.511E-02 NAN 1.000E+00 1.195E+01 3.000E+00
NAN NAN NAN 2.007E+00 1.735E-02 NAN 1.000E+00 1.213E+01 3.000E+00
NAN NAN NAN 2.539E+00 1.243E-02 NAN 1.000E+00 1.438E+01 3.000E+00
NAN NAN NAN 2.539E+00 1.243E-02 NAN 1.000E+00 1.438E+01 3.000E+00
NAN NAN NAN 2.539E+00 1.243E-02 NAN 1.000E+00 1.438E+01 3.000E+00
NAN NAN NAN 2.539E+00 1.243E-02 NAN 1.000E+00 1.438E+01 3.000E+00
NAN NAN NAN 2.539E+00 1.243E-02 NAN 1.000E+00 1.438E+01 3.000E+00
NAN NAN NAN 2.539E+00 1.243E-02 NAN 1.000E+00 1.438E+01 3.000E+00
NAN NAN NAN 2.539E+00 1.243E-02 NAN 1.000E+00 1.438E+01 3.000E+00
NAN NAN NAN 2.539E+00 1.244E-02 NAN 1.000E+00 1.439E+01 3.000E+00
NAN NAN NAN 2.539E+00 1.244E-02 NAN 1.000E+00 1.439E+01 3.000E+00
NAN NAN NAN 2.539E+00 1.244E-02 NAN 1.000E+00 1.439E+01 3.000E+00
NAN NAN NAN 2.539E+00 1.245E-02 NAN 1.000E+00 1.439E+01 3.000E+00
NAN NAN NAN 2.539E+00 1.247E-02 NAN 1.000E+00 1.439E+01 3.000E+00
NAN NAN NAN 2.539E+00 1.250E-02 NAN 1.000E+00 1.439E+01 3.000E+00
NAN NAN NAN 2.539E+00 1.256E-02 NAN 1.000E+00 1.439E+01 3.000E+00
NAN NAN NAN 2.539E+00 1.267E-02 NAN 1.000E+00 1.440E+01 3.000E+00
NAN NAN NAN 2.539E+00 1.287E-02 NAN 1.000E+00 1.442E+01 3.000E+00
NAN NAN NAN 2.539E+00 1.323E-02 NAN 1.000E+00 1.444E+01 3.000E+00
NAN NAN NAN 2.539E+00 1.390E-02 NAN 1.000E+00 1.449E+01 3.000E+00
NAN NAN NAN 2.539E+00 1.511E-02 NAN 1.000E+00 1.458E+01 3.000E+00
NAN NAN NAN 2.539E+00 1.735E-02 NAN 1.000E+00 1.475E+01 3.000E+00
NAN NAN NAN 3.211E+00 1.243E-02 NAN 1.000E+00 1.773E+01 3.000E+00
NAN NAN NAN 3.211E+00 1.243E-02 NAN 1.000E+00 1.773E+01 3.000E+00
NAN NAN NAN 3.211E+00 1.243E-02 NAN 1.000E+00 1.773E+01 3.000E+00
NAN NAN NAN 3.211E+00 1.243E-02 NAN 1.000E+00 1.773E+01 3.000E+00
NAN NAN NAN 3.211E+00 1.243E-02 NAN 1.000E+00 1.773E+01 3.000E+00
NAN NAN NAN 3.211E+00 1.243E-02 NAN 1.000E+00 1.773E+01 3.000E+00
NAN NAN NAN 3.211E+00 1.243E-02 NAN 1.000E+00 1.773E+01 3.000E+00
NAN NAN NAN 3.211E+00 1.244E-02 NAN 1.000E+00 1.773E+01 3.000E+00
NAN NAN NAN 3.211E+00 1.244E-02 NAN 1.000E+00 1.773E+01 3.000E+00
NAN NAN NAN 3.211E+00 1.244E-02 NAN 1.000E+00 1.773E+01 3.000E+00
NAN NAN NAN 3.211E+00 1.245E-02 NAN 1.000E+00 1.773E+01 3.000E+00
NAN NAN NAN 3.211E+00 1.247E-02 NAN 1.000E+00 1.773E+01 3.000E+00
NAN NAN NAN 3.211E+00 1.250E-02 NAN 1.000E+00 1.773E+01 3.000E+00
NAN NAN NAN 3.211E+00 1.256E-02 NAN 1.000E+00 1.774E+01 3.000E+00
NAN NAN NAN 3.211E+00 1.267E-02 NAN 1.000E+00 1.774E+01 3.000E+00
NAN NAN NAN 3.211E+00 1.287E-02 NAN 1.000E+00 1.776E+01 3.000E+00
NAN NAN NAN 3.211E+00 1.323E-02 NAN 1.000E+00 1.778E+01 3.000E+00
NAN NAN NAN 3.211E+00 1.390E-02 NAN 1.000E+00 1.783E+01 3.000E+00
NAN NAN NAN 3.211E+00 1.511E-02 NAN 1.000E+00 1.792E+01 3.000E+00
NAN NAN NAN 3.211E+00 1.735E-02 NAN 1.000E+00 1.808E+01 3.000E+00
NAN NAN NAN 4.062E+00 1.243E-02 NAN 1.000E+00 2.198E+01 3.000E+00
NAN NAN NAN 4.062E+00 1.243E-02 NAN 1.000E+00 2.198E+01 3.000E+00
NAN NAN NAN 4.062E+00 1.243E-02 NAN 1.000E+00 2.198E+01 3.000E+00
NAN NAN NAN 4.062E+00 1.243E-02 NAN 1.000E+00 2.198E+01 3.000E+00
NAN NAN NAN 4.062E+00 1.243E-02 NAN 1.000E+00 2.198E+01 3.000E+00
NAN NAN NAN 4.062E+00 1.243E-02 NAN 1.000E+00 2.198E+01 3.000E+00
NAN NAN NAN 4.062E+00 1.243E-02 NAN 1.000E+00 2.198E+01 3.000E+00
NAN NAN NAN 4.062E+00 1.244E-02 NAN 1.000E+00 2.198E+01 3.000E+00
NAN NAN NAN 4.062E+00 1.244E-02 NAN 1.000E+00 2.198E+01 3.000E+00
NAN NAN NAN 4.062E+00 1.244E-02 NAN 1.000E+00 2.198E+01 3.000E+00
NAN NAN NAN 4.062E+00 1.245E-02 NAN 1.000E+00 2.198E+01 3.000E+00
NAN NAN NAN 4.062E+00 1.247E-02 NAN 1.000E+00 2.198E+01 3.000E+00
NAN NAN NAN 4.062E+00 1.250E-02 NAN 1.000E+00 2.198E+01 3.000E+00
NAN NAN NAN 4.062E+00 1.256E-02 NAN 1.000E+00 2.198E+01 3.000E+00
NAN NAN NAN 4.062E+00 1.267E-02 NAN 1.000E+00 2.199E+01 3.000E+00
NAN NAN NAN 4.062E+00 1.287E-02 NAN 1.000E+00 2.201E+01 3.000E+00
NAN NAN NAN 4.062E+00 1.323E-02 NAN 1.000E+00 2.203E+01 3.000E+00
NAN NAN NAN 4.062E+00 1.390E-02 NAN 1.000E+00 2.208E+01 3.000E+00
NAN NAN NAN 4.062E+00 1.511E-02 NAN 1.000E+00 2.216E+01 3.000E+00
NAN NAN NAN 4.062E+00 1.735E-02 NAN 1.000E+00 2.232E+01 3.000E+00
NAN NAN NAN 5.138E+00 1.243E-02 NAN 1.000E+00 2.735E+01 3.000E+00
NAN NAN NAN 5.138E+00 1.243E-02 NAN 1.000E+00 2.735E+01 3.000E+00
NAN NAN NAN 5.138E+00 1.243E-02 NAN 1.000E+00 2.735E+01 3.000E+00
NAN NAN NAN 5.138E+00 1.243E-02 NAN 1.000E+00 2.735E+01 3.000E+00
NAN NAN NAN 5.138E+00 1.243E-02 NAN 1.000E+00 2.735E+01 3.000E+00
NAN NAN NAN 5.138E+00 1.243E-02 NAN 1.000E+00 2.735E+01 3.000E+00
NAN NAN NAN 5.138E+00 1.243E-02 NAN 1.000E+00 2.735E+01 3.000E+00
NAN NAN NAN 5.138E+00 1.244E-02 NAN 1.000E+00 2.735E+01 3.000E+00
NAN NAN NAN 5.138E+00 1.244E-02 NAN 1.000E+00 2.735E+01 3.000E+00
NAN NAN NAN 5.138E+00 1.244E-02 NAN 1.000E+00 2.735E+01 3.000E+00
NAN NAN NAN 5.138E+00 1.245E-02 NAN 1.000E+00 2.735E+01 3.000E+00
NAN NAN NAN 5.138E+00 1.247E-02 NAN 1.000E+00 2.735E+01 3.000E+00
NAN NAN NAN 5.138E+00 1.250E-02 NAN 1.000E+00 2.735E+01 3.000E+00
NAN NAN NAN 5.138E+00 1.256E-02 NAN 1.000E+00 2.736E+01 3.000E+00
NAN NAN NAN 5.138E+00 1.267E-02 NAN 1.000E+00 2.736E+01 3.000E+00
NAN NAN NAN 5.138E+00 1.287E-02 NAN 1.000E+00 2.738E+01 3.000E+00
NAN NAN NAN 5.138E+00 1.323E-02 NAN 1.000E+00 2.740E+01 3.000E+00
NAN NAN NAN 5.138E+00 1.390E-02 NAN 1.000E+00 2.745E+01 3.000E+00
NAN NAN NAN 5.138E+00 1.511E-02 NAN 1.000E+00 2.753E+01 3.000E+00
NAN NAN NAN 5.138E+00 1.735E-02 NAN 1.000E+00 2.769E+01 3.000E+00
