5.303E+07 8.535E+02 2.359E-01 5.137E-05 2.481E-04 1.381E+03 6.474E-01 7.028E+00 2.000E+00
7.255E+07 8.535E+02 2.359E-01 5.137E-05 2.482E-04 1.381E+03 6.474E-01 7.028E+00 2.000E+00
3.087E+08 4.924E+02 2.825E-01 5.137E-05 2.482E-04 1.718E+03 6.474E-01 7.028E+00 2.000E+00
3.366E+07 2.991E+02 3.177E-01 5.137E-05 2.484E-04 2.604E+03 6.474E-01 7.028E+00 2.000E+00
1.660E+08 6.088E+02 2.649E-01 5.137E-05 2.486E-04 1.541E+03 6.474E-01 7.028E+00 2.000E+00
1.998E+09 3.762E+02 3.030E-01 5.137E-05 2.491E-04 2.057E+03 6.474E-01 7.028E+00 2.000E+00
6.736E+07 5.420E+02 2.747E-01 5.137E-05 2.499E-04 1.625E+03 6.475E-01 7.028E+00 2.000E+00
7.954E+08 6.365E+02 2.612E-01 5.137E-05 2.515E-04 1.513E+03 6.475E-01 7.028E+00 2.000E+00
1.604E+08 9.113E+02 2.302E-01 5.137E-05 2.543E-04 1.362E+03 6.477E-01 7.029E+00 2.000E+00
1.217E+07 4.452E+02 2.905E-01 5.137E-05 2.596E-04 1.818E+03 6.480E-01 7.029E+00 2.000E+00
5.568E+07 8.932E+02 2.320E-01 5.137E-05 2.691E-04 1.384E+03 6.485E-01 7.029E+00 2.000E+00
3.996E+07 6.909E+02 2.542E-01 5.137E-05 2.866E-04 1.468E+03 6.495E-01 7.029E+00 2.000E+00
1.269E+09 8.736E+02 2.339E-01 5.137E-05 3.188E-04 1.377E+03 6.512E-01 7.030E+00 2.000E+00
3.591E+07 8.748E+02 2.338E-01 5.137E-05 3.777E-04 1.380E+03 6.544E-01 7.031E+00 2.000E+00
1.246E+08 5.262E+02 2.775E-01 5.137E-05 4.856E-04 1.652E+03 6.603E-01 7.034E+00 2.000E+00
1.417E+07 9.870E+02 2.237E-01 5.137E-05 6.835E-04 1.381E+03 6.700E-01 7.038E+00 2.000E+00
2.454E+07 8.616E+02 2.358E-01 5.137E-05 1.046E-03 1.430E+03 6.877E-01 7.047E+00 2.000E+00
6.972E+07 7.196E+02 2.523E-01 5.137E-05 1.711E-03 1.522E+03 7.187E-01 7.062E+00 2.000E+00
2.219E+08 5.902E+02 2.715E-01 5.137E-05 2.930E-03 1.680E+03 7.681E-01 7.090E+00 2.000E+00
1.442E+07 3.911E+02 3.125E-01 5.137E-05 5.163E-03 2.047E+03 8.368E-01 7.141E+00 2.000E+00
3.325E+07 5.004E+02 2.812E-01 6.498E-05 2.481E-04 1.695E+03 6.474E-01 7.028E+00 2.000E+00
1.596E+08 5.004E+02 2.812E-01 6.498E-05 2.482E-04 1.695E+03 6.474E-01 7.028E+00 2.000E+00
2.530E+07 2.991E+02 3.177E-01 6.498E-05 2.482E-04 2.604E+03 6.474E-01 7.028E+00 2.000E+00
3.654E+07 8.501E+02 2.362E-01 6.498E-05 2.484E-04 1.382E+03 6.474E-01 7.028E+00 2.000E+00
8.285E+07 8.624E+02 2.350E-01 6.498E-05 2.486E-04 1.386E+03 6.475E-01 7.028E+00 2.000E+00
3.398E+07 5.326E+02 2.761E-01 6.498E-05 2.491E-04 1.642E+03 6.475E-01 7.028E+00 2.000E+00
1.928E+07 5.513E+02 2.733E-01 6.498E-05 2.499E-04 1.612E+03 6.475E-01 7.028E+00 2.000E+00
3.212E+08 3.248E+02 3.128E-01 6.498E-05 2.515E-04 2.364E+03 6.476E-01 7.028E+00 2.000E+00
2.361E+07 5.811E+02 2.689E-01 6.498E-05 2.543E-04 1.572E+03 6.478E-01 7.029E+00 2.000E+00
8.156E+07 4.452E+02 2.905E-01 6.498E-05 2.596E-04 1.818E+03 6.481E-01 7.029E+00 2.000E+00
6.569E+07 2.630E+02 3.247E-01 6.498E-05 2.691E-04 3.170E+03 6.486E-01 7.029E+00 2.000E+00
1.661E+08 9.808E+02 2.239E-01 6.498E-05 2.866E-04 1.359E+03 6.495E-01 7.029E+00 2.000E+00
2.702E+09 8.970E+02 2.316E-01 6.498E-05 3.188E-04 1.370E+03 6.513E-01 7.030E+00 2.000E+00
5.553E+07 8.748E+02 2.338E-01 6.498E-05 3.777E-04 1.380E+03 6.545E-01 7.031E+00 2.000E+00
7.328E+07 4.113E+02 2.970E-01 6.498E-05 4.856E-04 1.915E+03 6.604E-01 7.034E+00 2.000E+00
1.429E+07 9.870E+02 2.237E-01 6.498E-05 6.835E-04 1.381E+03 6.701E-01 7.038E+00 2.000E+00
5.590E+07 2.636E+02 3.277E-01 6.498E-05 1.046E-03 2.982E+03 6.877E-01 7.047E+00 2.000E+00
1.881E+07 2.847E+02 3.259E-01 6.498E-05 1.711E-03 2.598E+03 7.188E-01 7.062E+00 2.000E+00
2.692E+07 6.419E+02 2.640E-01 6.498E-05 2.930E-03 1.663E+03 7.681E-01 7.090E+00 2.000E+00
3.750E+07 3.874E+02 3.133E-01 6.498E-05 5.163E-03 2.051E+03 8.368E-01 7.141E+00 2.000E+00
1.498E+08 2.991E+02 3.177E-01 8.219E-05 2.481E-04 2.605E+03 6.475E-01 7.028E+00 2.000E+00
2.663E+07 8.501E+02 2.362E-01 8.219E-05 2.482E-04 1.381E+03 6.475E-01 7.028E+00 2.000E+00
3.471E+07 8.501E+02 2.362E-01 8.219E-05 2.482E-04 1.382E+03 6.475E-01 7.028E+00 2.000E+00
8.109E+07 6.088E+02 2.649E-01 8.219E-05 2.484E-04 1.544E+03 6.475E-01 7.028E+00 2.000E+00
7.639E+07 8.420E+02 2.370E-01 8.219E-05 2.486E-04 1.384E+03 6.475E-01 7.028E+00 2.000E+00
6.075E+07 5.161E+02 2.787E-01 8.219E-05 2.491E-04 1.667E+03 6.476E-01 7.028E+00 2.000E+00
3.721E+07 5.429E+02 2.745E-01 8.219E-05 2.499E-04 1.624E+03 6.476E-01 7.028E+00 2.000E+00
4.295E+09 7.982E+02 2.417E-01 8.219E-05 2.515E-04 1.403E+03 6.477E-01 7.028E+00 2.000E+00
7.103E+07 3.507E+02 3.078E-01 8.219E-05 2.543E-04 2.188E+03 6.479E-01 7.029E+00 2.000E+00
2.943E+07 9.361E+02 2.279E-01 8.219E-05 2.596E-04 1.356E+03 6.481E-01 7.029E+00 2.000E+00
2.039E+08 9.011E+02 2.312E-01 8.219E-05 2.691E-04 1.366E+03 6.487E-01 7.029E+00 2.000E+00
7.137E+06 3.306E+02 3.118E-01 8.219E-05 2.866E-04 2.318E+03 6.496E-01 7.029E+00 2.000E+00
1.781E+08 6.550E+02 2.588E-01 8.219E-05 3.188E-04 1.498E+03 6.514E-01 7.030E+00 2.000E+00
2.106E+08 8.748E+02 2.338E-01 8.219E-05 3.777E-04 1.380E+03 6.546E-01 7.031E+00 2.000E+00
1.573E+07 7.605E+02 2.461E-01 8.219E-05 4.856E-04 1.448E+03 6.605E-01 7.034E+00 2.000E+00
1.446E+07 9.870E+02 2.237E-01 8.219E-05 6.835E-04 1.381E+03 6.701E-01 7.038E+00 2.000E+00
5.878E+07 8.616E+02 2.358E-01 8.219E-05 1.046E-03 1.430E+03 6.878E-01 7.047E+00 2.000E+00
1.010E+08 9.905E+02 2.241E-01 8.219E-05 1.711E-03 1.545E+03 7.188E-01 7.062E+00 2.000E+00
1.226E+07 6.529E+02 2.624E-01 8.219E-05 2.930E-03 1.662E+03 7.682E-01 7.090E+00 2.000E+00
1.099E+08 3.186E+02 3.298E-01 8.219E-05 5.163E-03 2.238E+03 8.369E-01 7.141E+00 2.000E+00
5.565E+07 5.536E+02 2.729E-01 1.040E-04 2.481E-04 1.610E+03 6.476E-01 7.028E+00 2.000E+00
6.180E+07 5.504E+02 2.734E-01 1.040E-04 2.482E-04 1.613E+03 6.476E-01 7.028E+00 2.000E+00
3.679E+07 6.051E+02 2.654E-01 1.040E-04 2.482E-04 1.545E+03 6.476E-01 7.028E+00 2.000E+00
1.203E+08 8.624E+02 2.350E-01 1.040E-04 2.484E-04 1.377E+03 6.476E-01 7.028E+00 2.000E+00
2.199E+08 5.355E+02 2.757E-01 1.040E-04 2.486E-04 1.635E+03 6.477E-01 7.028E+00 2.000E+00
2.058E+07 5.738E+02 2.699E-01 1.040E-04 2.491E-04 1.581E+03 6.477E-01 7.028E+00 2.000E+00
1.812E+07 2.586E+02 3.254E-01 1.040E-04 2.499E-04 3.280E+03 6.477E-01 7.028E+00 2.000E+00
8.840E+07 7.809E+02 2.435E-01 1.040E-04 2.515E-04 1.412E+03 6.478E-01 7.028E+00 2.000E+00
5.357E+07 4.149E+02 2.959E-01 1.040E-04 2.543E-04 1.907E+03 6.480E-01 7.029E+00 2.000E+00
8.664E+06 3.521E+02 3.076E-01 1.040E-04 2.596E-04 2.180E+03 6.483E-01 7.029E+00 2.000E+00
5.490E+08 8.875E+02 2.325E-01 1.040E-04 2.691E-04 1.371E+03 6.488E-01 7.029E+00 2.000E+00
1.529E+07 4.320E+02 2.929E-01 1.040E-04 2.866E-04 1.854E+03 6.497E-01 7.029E+00 2.000E+00
1.089E+08 3.339E+02 3.112E-01 1.040E-04 3.188E-04 2.336E+03 6.515E-01 7.030E+00 2.000E+00
3.643E+07 5.960E+02 2.669E-01 1.040E-04 3.777E-04 1.557E+03 6.547E-01 7.031E+00 2.000E+00
4.170E+07 4.823E+02 2.846E-01 1.040E-04 4.856E-04 1.731E+03 6.606E-01 7.034E+00 2.000E+00
1.467E+07 9.870E+02 2.237E-01 1.040E-04 6.835E-04 1.382E+03 6.703E-01 7.038E+00 2.000E+00
8.713E+07 7.433E+02 2.487E-01 1.040E-04 1.046E-03 1.469E+03 6.879E-01 7.047E+00 2.000E+00
1.134E+08 9.905E+02 2.241E-01 1.040E-04 1.711E-03 1.545E+03 7.189E-01 7.062E+00 2.000E+00
2.989E+07 6.529E+02 2.624E-01 1.040E-04 2.930E-03 1.664E+03 7.683E-01 7.090E+00 2.000E+00
3.703E+07 5.326E+02 2.844E-01 1.040E-04 5.163E-03 2.105E+03 8.370E-01 7.141E+00 2.000E+00
6.846E+07 8.624E+02 2.350E-01 1.315E-04 2.481E-04 1.377E+03 6.478E-01 7.028E+00 2.000E+00
1.023E+08 8.624E+02 2.350E-01 1.315E-04 2.482E-04 1.377E+03 6.478E-01 7.028E+00 2.000E+00
1.681E+09 8.624E+02 2.350E-01 1.315E-04 2.482E-04 1.377E+03 6.478E-01 7.028E+00 2.000E+00
4.938E+07 3.762E+02 3.030E-01 1.315E-04 2.484E-04 2.057E+03 6.478E-01 7.028E+00 2.000E+00
5.114E+07 3.466E+02 3.086E-01 1.315E-04 2.486E-04 2.213E+03 6.478E-01 7.028E+00 2.000E+00
6.738E+07 3.403E+02 3.098E-01 1.315E-04 2.491E-04 2.253E+03 6.478E-01 7.028E+00 2.000E+00
2.732E+07 2.631E+02 3.246E-01 1.315E-04 2.499E-04 3.177E+03 6.479E-01 7.028E+00 2.000E+00
7.811E+08 5.970E+02 2.666E-01 1.315E-04 2.515E-04 1.554E+03 6.479E-01 7.028E+00 2.000E+00
2.219E+07 4.651E+02 2.871E-01 1.315E-04 2.543E-04 1.769E+03 6.481E-01 7.029E+00 2.000E+00
1.792E+08 5.065E+02 2.803E-01 1.315E-04 2.596E-04 1.684E+03 6.484E-01 7.029E+00 2.000E+00
5.075E+07 8.399E+02 2.373E-01 1.315E-04 2.691E-04 1.387E+03 6.489E-01 7.029E+00 2.000E+00
1.149E+07 9.804E+02 2.240E-01 1.315E-04 2.866E-04 1.349E+03 6.499E-01 7.029E+00 2.000E+00
4.838E+07 7.476E+02 2.474E-01 1.315E-04 3.188E-04 1.461E+03 6.516E-01 7.030E+00 2.000E+00
4.868E+07 8.755E+02 2.338E-01 1.315E-04 3.777E-04 1.380E+03 6.548E-01 7.031E+00 2.000E+00
2.939E+07 7.481E+02 2.475E-01 1.315E-04 4.856E-04 1.439E+03 6.607E-01 7.034E+00 2.000E+00
2.055E+07 4.352E+02 2.932E-01 1.315E-04 6.835E-04 1.842E+03 6.704E-01 7.038E+00 2.000E+00
6.783E+07 8.079E+02 2.414E-01 1.315E-04 1.046E-03 1.444E+03 6.880E-01 7.047E+00 2.000E+00
2.538E+07 2.325E+02 3.367E-01 1.315E-04 1.711E-03 3.534E+03 7.191E-01 7.062E+00 2.000E+00
1.851E+07 6.471E+02 2.632E-01 1.315E-04 2.930E-03 1.666E+03 7.684E-01 7.090E+00 2.000E+00
2.347E+07 5.345E+02 2.841E-01 1.315E-04 5.163E-03 2.132E+03 8.371E-01 7.141E+00 2.000E+00
8.704E+07 5.355E+02 2.757E-01 1.663E-04 2.481E-04 1.635E+03 6.479E-01 7.028E+00 2.000E+00
1.121E+07 5.326E+02 2.761E-01 1.663E-04 2.482E-04 1.640E+03 6.479E-01 7.028E+00 2.000E+00
1.835E+07 5.326E+02 2.761E-01 1.663E-04 2.482E-04 1.640E+03 6.479E-01 7.028E+00 2.000E+00
1.583E+08 5.275E+02 2.769E-01 1.663E-04 2.484E-04 1.648E+03 6.480E-01 7.028E+00 2.000E+00
2.634E+07 5.738E+02 2.699E-01 1.663E-04 2.486E-04 1.582E+03 6.480E-01 7.028E+00 2.000E+00
1.342E+07 5.513E+02 2.733E-01 1.663E-04 2.491E-04 1.615E+03 6.480E-01 7.028E+00 2.000E+00
2.079E+07 6.723E+02 2.565E-01 1.663E-04 2.499E-04 1.482E+03 6.480E-01 7.028E+00 2.000E+00
2.156E+06 3.091E+02 3.158E-01 1.663E-04 2.515E-04 2.500E+03 6.481E-01 7.028E+00 2.000E+00
2.479E+07 3.581E+02 3.064E-01 1.663E-04 2.543E-04 2.147E+03 6.483E-01 7.029E+00 2.000E+00
1.112E+08 5.519E+02 2.732E-01 1.663E-04 2.596E-04 1.611E+03 6.486E-01 7.029E+00 2.000E+00
5.464E+08 2.602E+02 3.252E-01 1.663E-04 2.691E-04 3.235E+03 6.491E-01 7.029E+00 2.000E+00
1.403E+07 2.629E+02 3.247E-01 1.663E-04 2.866E-04 3.168E+03 6.500E-01 7.029E+00 2.000E+00
1.526E+08 7.264E+02 2.499E-01 1.663E-04 3.188E-04 1.446E+03 6.518E-01 7.030E+00 2.000E+00
3.634E+07 5.856E+02 2.684E-01 1.663E-04 3.777E-04 1.571E+03 6.550E-01 7.031E+00 2.000E+00
1.271E+08 7.493E+02 2.474E-01 1.663E-04 4.856E-04 1.439E+03 6.609E-01 7.034E+00 2.000E+00
2.572E+07 6.079E+02 2.657E-01 1.663E-04 6.835E-04 1.552E+03 6.706E-01 7.038E+00 2.000E+00
7.013E+07 6.337E+02 2.626E-01 1.663E-04 1.046E-03 1.540E+03 6.882E-01 7.047E+00 2.000E+00
1.216E+08 5.092E+02 2.824E-01 1.663E-04 1.711E-03 1.701E+03 7.192E-01 7.062E+00 2.000E+00
3.856E+07 6.460E+02 2.634E-01 1.663E-04 2.930E-03 1.663E+03 7.686E-01 7.090E+00 2.000E+00
4.988E+07 4.588E+02 2.982E-01 1.663E-04 5.163E-03 2.000E+03 8.373E-01 7.141E+00 2.000E+00
1.715E+07 5.209E+02 2.780E-01 2.104E-04 2.481E-04 1.659E+03 6.482E-01 7.028E+00 2.000E+00
2.678E+07 5.209E+02 2.780E-01 2.104E-04 2.482E-04 1.659E+03 6.482E-01 7.028E+00 2.000E+00
2.980E+07 7.701E+02 2.447E-01 2.104E-04 2.482E-04 1.453E+03 6.482E-01 7.028E+00 2.000E+00
2.943E+07 5.670E+02 2.709E-01 2.104E-04 2.484E-04 1.591E+03 6.482E-01 7.028E+00 2.000E+00
2.329E+07 5.420E+02 2.747E-01 2.104E-04 2.486E-04 1.626E+03 6.482E-01 7.028E+00 2.000E+00
3.303E+07 2.586E+02 3.254E-01 2.104E-04 2.491E-04 3.280E+03 6.482E-01 7.028E+00 2.000E+00
1.104E+07 6.215E+02 2.632E-01 2.104E-04 2.499E-04 1.528E+03 6.483E-01 7.028E+00 2.000E+00
2.948E+07 7.837E+02 2.432E-01 2.104E-04 2.515E-04 1.411E+03 6.483E-01 7.028E+00 2.000E+00
4.446E+07 7.096E+02 2.518E-01 2.104E-04 2.543E-04 1.454E+03 6.485E-01 7.029E+00 2.000E+00
9.130E+06 5.354E+02 2.757E-01 2.104E-04 2.596E-04 1.636E+03 6.488E-01 7.029E+00 2.000E+00
4.769E+08 8.309E+02 2.382E-01 2.104E-04 2.691E-04 1.390E+03 6.493E-01 7.029E+00 2.000E+00
4.702E+08 7.577E+02 2.462E-01 2.104E-04 2.866E-04 1.426E+03 6.502E-01 7.029E+00 2.000E+00
1.697E+08 9.581E+02 2.260E-01 2.104E-04 3.188E-04 1.356E+03 6.520E-01 7.030E+00 2.000E+00
1.183E+07 3.503E+02 3.082E-01 2.104E-04 3.777E-04 2.200E+03 6.552E-01 7.031E+00 2.000E+00
2.338E+08 3.904E+02 3.009E-01 2.104E-04 4.856E-04 1.991E+03 6.611E-01 7.034E+00 2.000E+00
9.562E+07 8.311E+02 2.386E-01 2.104E-04 6.835E-04 1.413E+03 6.708E-01 7.038E+00 2.000E+00
1.012E+08 4.859E+02 2.851E-01 2.104E-04 1.046E-03 1.728E+03 6.884E-01 7.047E+00 2.000E+00
1.355E+08 3.477E+02 3.126E-01 2.104E-04 1.711E-03 2.145E+03 7.194E-01 7.062E+00 2.000E+00
1.658E+08 6.370E+02 2.647E-01 2.104E-04 2.930E-03 1.665E+03 7.688E-01 7.090E+00 2.000E+00
1.700E+08 4.090E+02 3.085E-01 2.104E-04 5.163E-03 2.027E+03 8.374E-01 7.141E+00 2.000E+00
6.277E+07 4.259E+02 2.939E-01 2.661E-04 2.481E-04 1.873E+03 6.484E-01 7.028E+00 2.000E+00
1.815E+07 5.420E+02 2.747E-01 2.661E-04 2.482E-04 1.626E+03 6.484E-01 7.028E+00 2.000E+00
5.567E+07 5.420E+02 2.747E-01 2.661E-04 2.482E-04 1.626E+03 6.484E-01 7.028E+00 2.000E+00
2.317E+07 5.513E+02 2.733E-01 2.661E-04 2.484E-04 1.612E+03 6.484E-01 7.028E+00 2.000E+00
1.889E+07 2.631E+02 3.246E-01 2.661E-04 2.486E-04 3.173E+03 6.485E-01 7.028E+00 2.000E+00
1.362E+07 6.723E+02 2.565E-01 2.661E-04 2.491E-04 1.500E+03 6.485E-01 7.028E+00 2.000E+00
2.789E+07 7.982E+02 2.417E-01 2.661E-04 2.499E-04 1.405E+03 6.485E-01 7.028E+00 2.000E+00
3.668E+08 5.733E+02 2.700E-01 2.661E-04 2.515E-04 1.583E+03 6.486E-01 7.028E+00 2.000E+00
3.330E+07 8.303E+02 2.382E-01 2.661E-04 2.543E-04 1.390E+03 6.488E-01 7.029E+00 2.000E+00
1.109E+09 6.023E+02 2.659E-01 2.661E-04 2.596E-04 1.552E+03 6.491E-01 7.029E+00 2.000E+00
1.259E+07 7.780E+02 2.439E-01 2.661E-04 2.691E-04 1.415E+03 6.496E-01 7.029E+00 2.000E+00
2.163E+07 8.910E+02 2.322E-01 2.661E-04 2.866E-04 1.372E+03 6.505E-01 7.029E+00 2.000E+00
1.706E+07 8.539E+02 2.359E-01 2.661E-04 3.188E-04 1.384E+03 6.523E-01 7.030E+00 2.000E+00
5.240E+07 5.055E+02 2.806E-01 2.661E-04 3.777E-04 1.687E+03 6.555E-01 7.031E+00 2.000E+00
5.577E+07 8.536E+02 2.361E-01 2.661E-04 4.856E-04 1.404E+03 6.614E-01 7.034E+00 2.000E+00
5.001E+07 8.402E+02 2.376E-01 2.661E-04 6.835E-04 1.410E+03 6.710E-01 7.038E+00 2.000E+00
6.116E+07 7.735E+02 2.452E-01 2.661E-04 1.046E-03 1.457E+03 6.887E-01 7.047E+00 2.000E+00
3.082E+08 8.025E+02 2.426E-01 2.661E-04 1.711E-03 1.526E+03 7.197E-01 7.062E+00 2.000E+00
4.364E+07 7.839E+02 2.459E-01 2.661E-04 2.930E-03 1.727E+03 7.691E-01 7.090E+00 2.000E+00
5.386E+08 4.048E+02 3.095E-01 2.661E-04 5.163E-03 2.030E+03 8.377E-01 7.141E+00 2.000E+00
1.634E+08 2.506E+02 3.268E-01 3.366E-04 2.481E-04 3.509E+03 6.488E-01 7.028E+00 2.000E+00
1.087E+07 2.905E+02 3.194E-01 3.366E-04 2.482E-04 2.708E+03 6.488E-01 7.028E+00 2.000E+00
4.865E+07 3.421E+02 3.094E-01 3.366E-04 2.482E-04 2.241E+03 6.488E-01 7.028E+00 2.000E+00
9.069E+07 5.083E+02 2.800E-01 3.366E-04 2.484E-04 1.681E+03 6.488E-01 7.028E+00 2.000E+00
1.851E+07 6.723E+02 2.565E-01 3.366E-04 2.486E-04 1.482E+03 6.488E-01 7.028E+00 2.000E+00
2.863E+07 3.285E+02 3.121E-01 3.366E-04 2.491E-04 2.336E+03 6.488E-01 7.028E+00 2.000E+00
2.046E+07 7.884E+02 2.427E-01 3.366E-04 2.499E-04 1.409E+03 6.489E-01 7.028E+00 2.000E+00
6.299E+07 2.692E+02 3.234E-01 3.366E-04 2.515E-04 3.044E+03 6.490E-01 7.028E+00 2.000E+00
3.387E+07 8.201E+02 2.393E-01 3.366E-04 2.543E-04 1.395E+03 6.491E-01 7.029E+00 2.000E+00
3.979E+07 4.326E+02 2.927E-01 3.366E-04 2.596E-04 1.853E+03 6.494E-01 7.029E+00 2.000E+00
1.128E+08 7.883E+02 2.428E-01 3.366E-04 2.691E-04 1.410E+03 6.499E-01 7.029E+00 2.000E+00
1.090E+08 7.380E+02 2.485E-01 3.366E-04 2.866E-04 1.438E+03 6.509E-01 7.029E+00 2.000E+00
5.657E+07 8.471E+02 2.366E-01 3.366E-04 3.188E-04 1.387E+03 6.526E-01 7.030E+00 2.000E+00
3.152E+07 9.588E+02 2.260E-01 3.366E-04 3.777E-04 1.360E+03 6.558E-01 7.031E+00 2.000E+00
2.837E+07 8.776E+02 2.337E-01 3.366E-04 4.856E-04 1.387E+03 6.617E-01 7.034E+00 2.000E+00
4.653E+08 9.399E+02 2.279E-01 3.366E-04 6.835E-04 1.391E+03 6.714E-01 7.038E+00 2.000E+00
2.392E+07 4.323E+02 2.945E-01 3.366E-04 1.046E-03 1.848E+03 6.890E-01 7.047E+00 2.000E+00
4.546E+07 7.621E+02 2.472E-01 3.366E-04 1.711E-03 1.511E+03 7.200E-01 7.062E+00 2.000E+00
3.711E+08 7.859E+02 2.457E-01 3.366E-04 2.930E-03 1.731E+03 7.694E-01 7.090E+00 2.000E+00
5.499E+06 4.977E+02 2.907E-01 3.366E-04 5.163E-03 2.033E+03 8.379E-01 7.141E+00 2.000E+00
5.102E+10 6.723E+02 2.565E-01 4.257E-04 2.481E-04 1.483E+03 6.492E-01 7.028E+00 2.000E+00
3.929E+07 6.492E+02 2.595E-01 4.257E-04 2.482E-04 1.502E+03 6.492E-01 7.028E+00 2.000E+00
2.185E+08 6.555E+02 2.586E-01 4.257E-04 2.482E-04 1.498E+03 6.492E-01 7.028E+00 2.000E+00
2.507E+07 3.403E+02 3.098E-01 4.257E-04 2.484E-04 2.253E+03 6.492E-01 7.028E+00 2.000E+00
6.986E+08 6.365E+02 2.611E-01 4.257E-04 2.486E-04 1.519E+03 6.492E-01 7.028E+00 2.000E+00
3.327E+08 5.953E+02 2.668E-01 4.257E-04 2.491E-04 1.557E+03 6.493E-01 7.028E+00 2.000E+00
3.686E+07 7.837E+02 2.432E-01 4.257E-04 2.499E-04 1.412E+03 6.493E-01 7.028E+00 2.000E+00
2.987E+08 9.190E+02 2.295E-01 4.257E-04 2.515E-04 1.371E+03 6.494E-01 7.028E+00 2.000E+00
3.558E+07 6.961E+02 2.535E-01 4.257E-04 2.543E-04 1.465E+03 6.496E-01 7.029E+00 2.000E+00
5.881E+08 5.082E+02 2.800E-01 4.257E-04 2.596E-04 1.681E+03 6.498E-01 7.029E+00 2.000E+00
2.098E+08 6.633E+02 2.576E-01 4.257E-04 2.691E-04 1.490E+03 6.504E-01 7.029E+00 2.000E+00
2.693E+08 7.779E+02 2.439E-01 4.257E-04 2.866E-04 1.417E+03 6.513E-01 7.029E+00 2.000E+00
1.226E+08 8.785E+02 2.334E-01 4.257E-04 3.188E-04 1.377E+03 6.531E-01 7.030E+00 2.000E+00
7.975E+07 9.588E+02 2.260E-01 4.257E-04 3.777E-04 1.361E+03 6.563E-01 7.031E+00 2.000E+00
5.587E+07 6.114E+02 2.649E-01 4.257E-04 4.856E-04 1.544E+03 6.622E-01 7.034E+00 2.000E+00
2.097E+08 9.225E+02 2.295E-01 4.257E-04 6.835E-04 1.395E+03 6.718E-01 7.038E+00 2.000E+00
1.569E+08 7.307E+02 2.502E-01 4.257E-04 1.046E-03 1.477E+03 6.895E-01 7.047E+00 2.000E+00
3.877E+07 9.811E+02 2.250E-01 4.257E-04 1.711E-03 1.545E+03 7.205E-01 7.062E+00 2.000E+00
1.242E+07 5.453E+02 2.786E-01 4.257E-04 2.930E-03 1.714E+03 7.698E-01 7.090E+00 2.000E+00
3.869E+07 3.425E+02 3.238E-01 4.257E-04 5.163E-03 2.216E+03 8.383E-01 7.141E+00 2.000E+00
4.860E+07 6.036E+02 2.657E-01 5.385E-04 2.481E-04 1.547E+03 6.498E-01 7.028E+00 2.000E+00
3.665E+08 6.036E+02 2.657E-01 5.385E-04 2.482E-04 1.548E+03 6.498E-01 7.028E+00 2.000E+00
6.249E+06 2.655E+02 3.241E-01 5.385E-04 2.482E-04 3.120E+03 6.498E-01 7.028E+00 2.000E+00
1.656E+07 7.884E+02 2.427E-01 5.385E-04 2.484E-04 1.414E+03 6.498E-01 7.028E+00 2.000E+00
5.852E+07 7.884E+02 2.427E-01 5.385E-04 2.486E-04 1.416E+03 6.498E-01 7.028E+00 2.000E+00
3.347E+07 7.837E+02 2.432E-01 5.385E-04 2.491E-04 1.412E+03 6.498E-01 7.028E+00 2.000E+00
9.650E+07 7.579E+02 2.461E-01 5.385E-04 2.499E-04 1.642E+03 6.499E-01 7.028E+00 2.000E+00
2.328E+09 4.518E+02 2.893E-01 5.385E-04 2.515E-04 1.802E+03 6.500E-01 7.028E+00 2.000E+00
7.897E+07 7.190E+02 2.507E-01 5.385E-04 2.543E-04 1.449E+03 6.501E-01 7.029E+00 2.000E+00
3.773E+07 8.514E+02 2.361E-01 5.385E-04 2.596E-04 1.383E+03 6.504E-01 7.029E+00 2.000E+00
2.600E+07 5.353E+02 2.757E-01 5.385E-04 2.691E-04 1.637E+03 6.509E-01 7.029E+00 2.000E+00
2.518E+07 4.648E+02 2.872E-01 5.385E-04 2.866E-04 1.770E+03 6.519E-01 7.029E+00 2.000E+00
4.278E+07 8.642E+02 2.349E-01 5.385E-04 3.188E-04 1.382E+03 6.536E-01 7.030E+00 2.000E+00
1.761E+07 7.182E+02 2.509E-01 5.385E-04 3.777E-04 1.501E+03 6.568E-01 7.031E+00 2.000E+00
1.235E+07 5.189E+02 2.787E-01 5.385E-04 4.856E-04 1.665E+03 6.627E-01 7.034E+00 2.000E+00
5.080E+07 3.728E+02 3.048E-01 5.385E-04 6.835E-04 2.059E+03 6.724E-01 7.038E+00 2.000E+00
7.624E+07 6.410E+02 2.616E-01 5.385E-04 1.046E-03 1.535E+03 6.900E-01 7.047E+00 2.000E+00
5.189E+08 5.340E+02 2.784E-01 5.385E-04 1.711E-03 1.668E+03 7.210E-01 7.062E+00 2.000E+00
6.131E+07 7.879E+02 2.455E-01 5.385E-04 2.930E-03 1.739E+03 7.703E-01 7.090E+00 2.000E+00
8.113E+06 2.389E+02 3.509E-01 5.385E-04 5.163E-03 2.757E+03 8.387E-01 7.141E+00 2.000E+00
7.365E+07 7.837E+02 2.432E-01 6.811E-04 2.481E-04 1.412E+03 6.505E-01 7.028E+00 2.000E+00
1.897E+08 7.837E+02 2.432E-01 6.811E-04 2.482E-04 1.413E+03 6.505E-01 7.028E+00 2.000E+00
3.532E+08 2.692E+02 3.234E-01 6.811E-04 2.482E-04 3.045E+03 6.505E-01 7.028E+00 2.000E+00
1.036E+08 4.855E+02 2.836E-01 6.811E-04 2.484E-04 1.725E+03 6.505E-01 7.028E+00 2.000E+00
2.810E+07 8.094E+02 2.404E-01 6.811E-04 2.486E-04 1.403E+03 6.505E-01 7.028E+00 2.000E+00
2.625E+07 9.190E+02 2.295E-01 6.811E-04 2.491E-04 1.363E+03 6.505E-01 7.028E+00 2.000E+00
1.979E+07 7.173E+02 2.509E-01 6.811E-04 2.499E-04 1.451E+03 6.506E-01 7.028E+00 2.000E+00
2.937E+07 5.579E+02 2.723E-01 6.811E-04 2.515E-04 1.629E+03 6.507E-01 7.028E+00 2.000E+00
1.879E+07 8.759E+02 2.336E-01 6.811E-04 2.543E-04 1.375E+03 6.508E-01 7.029E+00 2.000E+00
2.422E+07 4.006E+02 2.985E-01 6.811E-04 2.596E-04 1.958E+03 6.511E-01 7.029E+00 2.000E+00
4.605E+08 9.357E+02 2.280E-01 6.811E-04 2.691E-04 1.361E+03 6.516E-01 7.029E+00 2.000E+00
3.048E+08 5.887E+02 2.678E-01 6.811E-04 2.866E-04 1.566E+03 6.526E-01 7.029E+00 2.000E+00
1.494E+08 6.339E+02 2.616E-01 6.811E-04 3.188E-04 1.520E+03 6.543E-01 7.030E+00 2.000E+00
7.439E+07 6.633E+02 2.578E-01 6.811E-04 3.777E-04 1.495E+03 6.575E-01 7.031E+00 2.000E+00
1.941E+08 5.335E+02 2.764E-01 6.811E-04 4.856E-04 1.643E+03 6.634E-01 7.034E+00 2.000E+00
7.081E+07 7.566E+02 2.467E-01 6.811E-04 6.835E-04 1.446E+03 6.731E-01 7.038E+00 2.000E+00
1.274E+07 2.767E+02 3.250E-01 6.811E-04 1.046E-03 2.777E+03 6.907E-01 7.047E+00 2.000E+00
1.162E+08 6.363E+02 2.631E-01 6.811E-04 1.711E-03 1.572E+03 7.217E-01 7.062E+00 2.000E+00
3.691E+07 2.679E+02 3.342E-01 6.811E-04 2.930E-03 2.656E+03 7.710E-01 7.090E+00 2.000E+00
1.559E+07 2.301E+02 3.533E-01 6.811E-04 5.163E-03 2.861E+03 8.393E-01 7.141E+00 2.000E+00
5.488E+07 9.190E+02 2.295E-01 8.615E-04 2.481E-04 1.363E+03 6.514E-01 7.028E+00 2.000E+00
6.408E+07 9.190E+02 2.295E-01 8.615E-04 2.482E-04 1.366E+03 6.514E-01 7.028E+00 2.000E+00
9.342E+07 9.190E+02 2.295E-01 8.615E-04 2.482E-04 1.364E+03 6.514E-01 7.028E+00 2.000E+00
7.474E+08 9.190E+02 2.295E-01 8.615E-04 2.484E-04 1.363E+03 6.514E-01 7.028E+00 2.000E+00
2.545E+07 3.701E+02 3.041E-01 8.615E-04 2.486E-04 2.087E+03 6.514E-01 7.028E+00 2.000E+00
3.735E+07 7.271E+02 2.497E-01 8.615E-04 2.491E-04 1.445E+03 6.514E-01 7.028E+00 2.000E+00
2.333E+07 2.872E+02 3.200E-01 8.615E-04 2.499E-04 2.752E+03 6.515E-01 7.028E+00 2.000E+00
3.606E+08 7.045E+02 2.524E-01 8.615E-04 2.515E-04 1.460E+03 6.516E-01 7.028E+00 2.000E+00
7.254E+06 5.354E+02 2.757E-01 8.615E-04 2.543E-04 1.638E+03 6.517E-01 7.029E+00 2.000E+00
2.685E+07 9.482E+02 2.268E-01 8.615E-04 2.596E-04 1.371E+03 6.520E-01 7.029E+00 2.000E+00
1.325E+07 6.789E+02 2.556E-01 8.615E-04 2.691E-04 1.479E+03 6.525E-01 7.029E+00 2.000E+00
1.991E+08 2.988E+02 3.179E-01 8.615E-04 2.866E-04 2.610E+03 6.535E-01 7.029E+00 2.000E+00
7.619E+07 6.463E+02 2.599E-01 8.615E-04 3.188E-04 1.510E+03 6.552E-01 7.030E+00 2.000E+00
2.007E+09 4.819E+02 2.845E-01 8.615E-04 3.777E-04 1.733E+03 6.584E-01 7.031E+00 2.000E+00
7.239E+07 9.274E+02 2.289E-01 8.615E-04 4.856E-04 1.378E+03 6.643E-01 7.034E+00 2.000E+00
1.923E+07 6.486E+02 2.601E-01 8.615E-04 6.835E-04 1.517E+03 6.739E-01 7.038E+00 2.000E+00
4.864E+07 9.217E+02 2.299E-01 8.615E-04 1.046E-03 1.428E+03 6.916E-01 7.047E+00 2.000E+00
2.755E+08 9.800E+02 2.251E-01 8.615E-04 1.711E-03 1.553E+03 7.225E-01 7.062E+00 2.000E+00
3.821E+07 2.293E+02 3.431E-01 8.615E-04 2.930E-03 3.253E+03 7.718E-01 7.090E+00 2.000E+00
6.820E+06 2.154E+02 3.574E-01 8.615E-04 5.163E-03 3.122E+03 8.400E-01 7.141E+00 2.000E+00
1.747E+07 5.556E+02 2.726E-01 1.090E-03 2.481E-04 1.608E+03 6.525E-01 7.028E+00 2.000E+00
2.602E+07 5.556E+02 2.726E-01 1.090E-03 2.482E-04 1.616E+03 6.525E-01 7.028E+00 2.000E+00
8.684E+08 5.556E+02 2.726E-01 1.090E-03 2.482E-04 1.608E+03 6.525E-01 7.028E+00 2.000E+00
1.761E+07 7.453E+02 2.476E-01 1.090E-03 2.484E-04 1.435E+03 6.525E-01 7.028E+00 2.000E+00
1.325E+08 7.300E+02 2.494E-01 1.090E-03 2.486E-04 1.445E+03 6.525E-01 7.028E+00 2.000E+00
1.702E+07 4.582E+02 2.882E-01 1.090E-03 2.491E-04 1.787E+03 6.526E-01 7.028E+00 2.000E+00
4.751E+07 6.449E+02 2.600E-01 1.090E-03 2.499E-04 1.508E+03 6.526E-01 7.028E+00 2.000E+00
3.029E+07 7.615E+02 2.457E-01 1.090E-03 2.515E-04 1.426E+03 6.527E-01 7.029E+00 2.000E+00
8.028E+06 4.426E+02 2.909E-01 1.090E-03 2.543E-04 1.827E+03 6.528E-01 7.029E+00 2.000E+00
2.199E+07 8.644E+02 2.348E-01 1.090E-03 2.596E-04 1.381E+03 6.531E-01 7.029E+00 2.000E+00
6.502E+07 6.066E+02 2.653E-01 1.090E-03 2.691E-04 1.547E+03 6.537E-01 7.029E+00 2.000E+00
3.621E+07 9.032E+02 2.310E-01 1.090E-03 2.866E-04 1.371E+03 6.546E-01 7.029E+00 2.000E+00
4.276E+07 7.360E+02 2.487E-01 1.090E-03 3.188E-04 1.443E+03 6.564E-01 7.030E+00 2.000E+00
1.697E+07 8.133E+02 2.402E-01 1.090E-03 3.777E-04 1.408E+03 6.596E-01 7.031E+00 2.000E+00
3.749E+07 6.625E+02 2.580E-01 1.090E-03 4.856E-04 1.500E+03 6.654E-01 7.034E+00 2.000E+00
3.540E+07 3.355E+02 3.120E-01 1.090E-03 6.835E-04 2.260E+03 6.751E-01 7.038E+00 2.000E+00
1.528E+07 8.275E+02 2.393E-01 1.090E-03 1.046E-03 1.444E+03 6.927E-01 7.047E+00 2.000E+00
9.278E+07 9.880E+02 2.244E-01 1.090E-03 1.711E-03 1.563E+03 7.236E-01 7.062E+00 2.000E+00
1.047E+08 4.059E+02 3.039E-01 1.090E-03 2.930E-03 1.933E+03 7.728E-01 7.090E+00 2.000E+00
1.357E+08 2.652E+02 3.437E-01 1.090E-03 5.163E-03 2.525E+03 8.410E-01 7.141E+00 2.000E+00
1.020E+08 6.634E+02 2.576E-01 1.378E-03 2.481E-04 1.493E+03 6.539E-01 7.028E+00 2.000E+00
2.283E+07 8.672E+02 2.345E-01 1.378E-03 2.482E-04 1.381E+03 6.539E-01 7.028E+00 2.000E+00
2.768E+07 4.755E+02 2.853E-01 1.378E-03 2.482E-04 1.748E+03 6.539E-01 7.028E+00 2.000E+00
3.533E+07 4.718E+02 2.859E-01 1.378E-03 2.484E-04 1.771E+03 6.540E-01 7.028E+00 2.000E+00
1.319E+07 7.988E+02 2.416E-01 1.378E-03 2.486E-04 1.408E+03 6.540E-01 7.028E+00 2.000E+00
5.655E+08 7.988E+02 2.416E-01 1.378E-03 2.491E-04 1.408E+03 6.540E-01 7.028E+00 2.000E+00
1.826E+07 5.519E+02 2.732E-01 1.378E-03 2.499E-04 1.614E+03 6.540E-01 7.028E+00 2.000E+00
3.664E+07 5.669E+02 2.710E-01 1.378E-03 2.515E-04 1.594E+03 6.541E-01 7.029E+00 2.000E+00
5.696E+07 6.114E+02 2.646E-01 1.378E-03 2.543E-04 1.557E+03 6.543E-01 7.029E+00 2.000E+00
3.847E+07 7.479E+02 2.473E-01 1.378E-03 2.596E-04 1.435E+03 6.546E-01 7.029E+00 2.000E+00
2.494E+07 7.203E+02 2.506E-01 1.378E-03 2.691E-04 1.452E+03 6.551E-01 7.029E+00 2.000E+00
8.382E+07 5.205E+02 2.781E-01 1.378E-03 2.866E-04 1.663E+03 6.560E-01 7.029E+00 2.000E+00
8.698E+07 6.372E+02 2.612E-01 1.378E-03 3.188E-04 1.519E+03 6.578E-01 7.030E+00 2.000E+00
2.020E+07 7.025E+02 2.528E-01 1.378E-03 3.777E-04 1.468E+03 6.610E-01 7.031E+00 2.000E+00
2.138E+08 9.166E+02 2.299E-01 1.378E-03 4.856E-04 1.384E+03 6.668E-01 7.034E+00 2.000E+00
4.367E+07 9.025E+02 2.314E-01 1.378E-03 6.835E-04 1.400E+03 6.765E-01 7.038E+00 2.000E+00
9.334E+06 2.262E+02 3.348E-01 1.378E-03 1.046E-03 4.116E+03 6.941E-01 7.047E+00 2.000E+00
2.386E+08 5.912E+02 2.696E-01 1.378E-03 1.711E-03 1.610E+03 7.250E-01 7.062E+00 2.000E+00
1.486E+08 6.928E+02 2.571E-01 1.378E-03 2.930E-03 1.682E+03 7.741E-01 7.090E+00 2.000E+00
7.551E+07 3.121E+02 3.314E-01 1.378E-03 5.163E-03 2.268E+03 8.421E-01 7.141E+00 2.000E+00
9.577E+07 6.023E+02 2.658E-01 1.743E-03 2.481E-04 1.552E+03 6.557E-01 7.028E+00 2.000E+00
1.716E+07 5.979E+02 2.665E-01 1.743E-03 2.482E-04 1.557E+03 6.557E-01 7.028E+00 2.000E+00
3.564E+07 5.979E+02 2.665E-01 1.743E-03 2.482E-04 1.558E+03 6.557E-01 7.028E+00 2.000E+00
2.093E+08 6.908E+02 2.541E-01 1.743E-03 2.484E-04 1.472E+03 6.558E-01 7.028E+00 2.000E+00
2.846E+08 6.820E+02 2.552E-01 1.743E-03 2.486E-04 1.479E+03 6.558E-01 7.028E+00 2.000E+00
2.150E+08 5.136E+02 2.791E-01 1.743E-03 2.491E-04 1.675E+03 6.558E-01 7.028E+00 2.000E+00
1.622E+08 8.596E+02 2.353E-01 1.743E-03 2.499E-04 1.386E+03 6.558E-01 7.028E+00 2.000E+00
8.550E+07 6.035E+02 2.657E-01 1.743E-03 2.515E-04 1.551E+03 6.559E-01 7.029E+00 2.000E+00
1.268E+08 8.565E+02 2.356E-01 1.743E-03 2.543E-04 1.387E+03 6.561E-01 7.029E+00 2.000E+00
1.779E+07 5.353E+02 2.757E-01 1.743E-03 2.596E-04 1.640E+03 6.564E-01 7.029E+00 2.000E+00
3.450E+08 4.669E+02 2.868E-01 1.743E-03 2.691E-04 1.783E+03 6.569E-01 7.029E+00 2.000E+00
2.449E+08 6.631E+02 2.577E-01 1.743E-03 2.866E-04 1.495E+03 6.578E-01 7.029E+00 2.000E+00
8.375E+07 9.721E+02 2.247E-01 1.743E-03 3.188E-04 1.362E+03 6.596E-01 7.030E+00 2.000E+00
3.049E+08 5.959E+02 2.669E-01 1.743E-03 3.777E-04 1.562E+03 6.628E-01 7.031E+00 2.000E+00
1.630E+07 8.203E+02 2.395E-01 1.743E-03 4.856E-04 1.412E+03 6.686E-01 7.034E+00 2.000E+00
1.187E+08 6.856E+02 2.553E-01 1.743E-03 6.835E-04 1.492E+03 6.782E-01 7.038E+00 2.000E+00
5.068E+07 4.913E+02 2.842E-01 1.743E-03 1.046E-03 1.723E+03 6.959E-01 7.047E+00 2.000E+00
2.743E+07 5.155E+02 2.814E-01 1.743E-03 1.711E-03 1.703E+03 7.267E-01 7.062E+00 2.000E+00
3.303E+07 2.624E+02 3.355E-01 1.743E-03 2.930E-03 2.720E+03 7.758E-01 7.090E+00 2.000E+00
1.035E+07 5.245E+02 2.859E-01 1.743E-03 5.163E-03 2.150E+03 8.436E-01 7.141E+00 2.000E+00
1.807E+07 6.554E+02 2.586E-01 2.205E-03 2.481E-04 1.502E+03 6.580E-01 7.028E+00 2.000E+00
2.361E+07 6.554E+02 2.586E-01 2.205E-03 2.482E-04 1.502E+03 6.580E-01 7.028E+00 2.000E+00
5.922E+07 6.554E+02 2.586E-01 2.205E-03 2.482E-04 1.502E+03 6.580E-01 7.028E+00 2.000E+00
9.421E+07 9.463E+02 2.270E-01 2.205E-03 2.484E-04 1.364E+03 6.580E-01 7.028E+00 2.000E+00
8.317E+07 4.993E+02 2.814E-01 2.205E-03 2.486E-04 1.702E+03 6.581E-01 7.028E+00 2.000E+00
1.339E+08 3.461E+02 3.087E-01 2.205E-03 2.491E-04 2.220E+03 6.581E-01 7.028E+00 2.000E+00
8.328E+07 6.730E+02 2.564E-01 2.205E-03 2.499E-04 1.488E+03 6.581E-01 7.028E+00 2.000E+00
9.111E+07 2.691E+02 3.235E-01 2.205E-03 2.515E-04 3.059E+03 6.582E-01 7.029E+00 2.000E+00
3.463E+07 8.309E+02 2.382E-01 2.205E-03 2.543E-04 1.410E+03 6.584E-01 7.029E+00 2.000E+00
1.467E+07 3.401E+02 3.099E-01 2.205E-03 2.596E-04 2.257E+03 6.587E-01 7.029E+00 2.000E+00
1.745E+07 5.134E+02 2.792E-01 2.205E-03 2.691E-04 1.677E+03 6.592E-01 7.029E+00 2.000E+00
1.654E+08 3.399E+02 3.100E-01 2.205E-03 2.866E-04 2.256E+03 6.601E-01 7.029E+00 2.000E+00
2.800E+08 8.873E+02 2.326E-01 2.205E-03 3.188E-04 1.383E+03 6.619E-01 7.030E+00 2.000E+00
4.943E+07 3.630E+02 3.058E-01 2.205E-03 3.777E-04 2.120E+03 6.651E-01 7.031E+00 2.000E+00
7.367E+07 9.606E+02 2.259E-01 2.205E-03 4.856E-04 1.380E+03 6.708E-01 7.034E+00 2.000E+00
2.517E+07 4.614E+02 2.886E-01 2.205E-03 6.835E-04 1.782E+03 6.805E-01 7.038E+00 2.000E+00
4.915E+07 9.889E+02 2.238E-01 2.205E-03 1.046E-03 1.443E+03 6.982E-01 7.047E+00 2.000E+00
3.030E+07 6.539E+02 2.607E-01 2.205E-03 1.711E-03 1.568E+03 7.289E-01 7.062E+00 2.000E+00
5.438E+07 6.106E+02 2.685E-01 2.205E-03 2.930E-03 1.693E+03 7.779E-01 7.090E+00 2.000E+00
2.167E+07 4.112E+02 3.081E-01 2.205E-03 5.163E-03 2.051E+03 8.454E-01 7.141E+00 2.000E+00
6.835E+07 9.186E+02 2.295E-01 2.789E-03 2.481E-04 1.373E+03 6.609E-01 7.028E+00 2.000E+00
8.371E+07 9.186E+02 2.295E-01 2.789E-03 2.482E-04 1.373E+03 6.609E-01 7.028E+00 2.000E+00
4.095E+07 4.785E+02 2.848E-01 2.789E-03 2.482E-04 1.796E+03 6.609E-01 7.028E+00 2.000E+00
3.516E+07 9.234E+02 2.291E-01 2.789E-03 2.484E-04 1.372E+03 6.609E-01 7.028E+00 2.000E+00
7.306E+07 9.234E+02 2.291E-01 2.789E-03 2.486E-04 1.373E+03 6.609E-01 7.028E+00 2.000E+00
5.265E+07 7.479E+02 2.473E-01 2.789E-03 2.491E-04 1.440E+03 6.610E-01 7.028E+00 2.000E+00
7.757E+08 8.243E+02 2.389E-01 2.789E-03 2.499E-04 1.403E+03 6.610E-01 7.029E+00 2.000E+00
2.875E+07 6.910E+02 2.541E-01 2.789E-03 2.515E-04 1.476E+03 6.611E-01 7.029E+00 2.000E+00
1.977E+07 3.507E+02 3.078E-01 2.789E-03 2.543E-04 2.193E+03 6.613E-01 7.029E+00 2.000E+00
2.429E+07 3.032E+02 3.170E-01 2.789E-03 2.596E-04 2.562E+03 6.615E-01 7.029E+00 2.000E+00
1.750E+08 8.496E+02 2.363E-01 2.789E-03 2.691E-04 1.395E+03 6.621E-01 7.029E+00 2.000E+00
1.645E+08 2.503E+02 3.271E-01 2.789E-03 2.866E-04 3.501E+03 6.630E-01 7.029E+00 2.000E+00
6.651E+07 4.658E+02 2.871E-01 2.789E-03 3.188E-04 1.773E+03 6.648E-01 7.030E+00 2.000E+00
8.691E+08 3.329E+02 3.116E-01 2.789E-03 3.777E-04 2.299E+03 6.680E-01 7.031E+00 2.000E+00
6.232E+08 2.978E+02 3.189E-01 2.789E-03 4.856E-04 2.594E+03 6.737E-01 7.034E+00 2.000E+00
1.737E+08 6.759E+02 2.565E-01 2.789E-03 6.835E-04 1.504E+03 6.833E-01 7.038E+00 2.000E+00
1.157E+08 7.775E+02 2.447E-01 2.789E-03 1.046E-03 1.469E+03 7.010E-01 7.047E+00 2.000E+00
1.621E+07 3.833E+02 3.054E-01 2.789E-03 1.711E-03 2.003E+03 7.317E-01 7.062E+00 2.000E+00
2.439E+07 7.025E+02 2.558E-01 2.789E-03 2.930E-03 1.710E+03 7.806E-01 7.090E+00 2.000E+00
2.065E+07 3.508E+02 3.218E-01 2.789E-03 5.163E-03 2.155E+03 8.478E-01 7.141E+00 2.000E+00
1.030E+08 9.327E+02 2.282E-01 3.528E-03 2.481E-04 1.374E+03 6.646E-01 7.028E+00 2.000E+00
1.341E+08 9.327E+02 2.282E-01 3.528E-03 2.482E-04 1.374E+03 6.646E-01 7.028E+00 2.000E+00
3.078E+08 9.327E+02 2.282E-01 3.528E-03 2.482E-04 1.375E+03 6.646E-01 7.028E+00 2.000E+00
6.950E+07 9.597E+02 2.258E-01 3.528E-03 2.484E-04 1.369E+03 6.646E-01 7.028E+00 2.000E+00
4.338E+08 9.357E+02 2.279E-01 3.528E-03 2.486E-04 1.373E+03 6.646E-01 7.028E+00 2.000E+00
2.120E+08 4.853E+02 2.837E-01 3.528E-03 2.491E-04 1.732E+03 6.646E-01 7.029E+00 2.000E+00
1.127E+07 6.118E+02 2.645E-01 3.528E-03 2.499E-04 1.549E+03 6.647E-01 7.029E+00 2.000E+00
2.187E+07 4.922E+02 2.826E-01 3.528E-03 2.515E-04 1.719E+03 6.648E-01 7.029E+00 2.000E+00
2.137E+08 2.655E+02 3.242E-01 3.528E-03 2.543E-04 3.119E+03 6.649E-01 7.029E+00 2.000E+00
4.818E+07 7.077E+02 2.521E-01 3.528E-03 2.596E-04 1.467E+03 6.652E-01 7.029E+00 2.000E+00
2.403E+08 8.092E+02 2.405E-01 3.528E-03 2.691E-04 1.413E+03 6.657E-01 7.029E+00 2.000E+00
1.291E+07 3.104E+02 3.157E-01 3.528E-03 2.866E-04 2.488E+03 6.667E-01 7.029E+00 2.000E+00
2.553E+07 8.504E+02 2.362E-01 3.528E-03 3.188E-04 1.401E+03 6.684E-01 7.030E+00 2.000E+00
4.413E+07 6.750E+02 2.563E-01 3.528E-03 3.777E-04 1.496E+03 6.716E-01 7.031E+00 2.000E+00
7.079E+07 7.564E+02 2.466E-01 3.528E-03 4.856E-04 1.448E+03 6.773E-01 7.034E+00 2.000E+00
2.463E+10 6.015E+02 2.666E-01 3.528E-03 6.835E-04 1.570E+03 6.869E-01 7.038E+00 2.000E+00
2.418E+09 9.719E+02 2.253E-01 3.528E-03 1.046E-03 1.454E+03 7.046E-01 7.047E+00 2.000E+00
2.304E+07 9.804E+02 2.250E-01 3.528E-03 1.711E-03 1.612E+03 7.352E-01 7.062E+00 2.000E+00
3.939E+07 7.401E+02 2.511E-01 3.528E-03 2.930E-03 1.765E+03 7.840E-01 7.090E+00 2.000E+00
1.606E+07 5.010E+02 2.901E-01 3.528E-03 5.163E-03 2.148E+03 8.507E-01 7.141E+00 2.000E+00
2.770E+07 6.286E+02 2.622E-01 4.462E-03 2.481E-04 1.534E+03 6.692E-01 7.029E+00 2.000E+00
4.841E+07 6.286E+02 2.622E-01 4.462E-03 2.482E-04 1.535E+03 6.692E-01 7.029E+00 2.000E+00
1.319E+08 6.135E+02 2.643E-01 4.462E-03 2.482E-04 1.548E+03 6.692E-01 7.029E+00 2.000E+00
4.569E+07 6.253E+02 2.627E-01 4.462E-03 2.484E-04 1.537E+03 6.692E-01 7.029E+00 2.000E+00
1.023E+09 5.033E+02 2.808E-01 4.462E-03 2.486E-04 1.701E+03 6.692E-01 7.029E+00 2.000E+00
2.816E+07 3.759E+02 3.030E-01 4.462E-03 2.491E-04 2.067E+03 6.693E-01 7.029E+00 2.000E+00
1.372E+07 5.451E+02 2.742E-01 4.462E-03 2.499E-04 1.632E+03 6.693E-01 7.029E+00 2.000E+00
2.094E+07 5.426E+02 2.746E-01 4.462E-03 2.515E-04 1.636E+03 6.694E-01 7.029E+00 2.000E+00
7.572E+07 9.655E+02 2.253E-01 4.462E-03 2.543E-04 1.374E+03 6.695E-01 7.029E+00 2.000E+00
3.219E+07 9.620E+02 2.256E-01 4.462E-03 2.596E-04 1.383E+03 6.698E-01 7.029E+00 2.000E+00
2.146E+07 6.259E+02 2.626E-01 4.462E-03 2.691E-04 1.537E+03 6.704E-01 7.029E+00 2.000E+00
2.368E+08 7.186E+02 2.508E-01 4.462E-03 2.866E-04 1.465E+03 6.713E-01 7.029E+00 2.000E+00
9.852E+06 3.575E+02 3.067E-01 4.462E-03 3.188E-04 2.155E+03 6.731E-01 7.030E+00 2.000E+00
5.326E+07 9.549E+02 2.263E-01 4.462E-03 3.777E-04 1.390E+03 6.763E-01 7.031E+00 2.000E+00
3.211E+07 3.342E+02 3.117E-01 4.462E-03 4.856E-04 2.286E+03 6.818E-01 7.034E+00 2.000E+00
2.380E+07 3.908E+02 3.014E-01 4.462E-03 6.835E-04 1.994E+03 6.915E-01 7.038E+00 2.000E+00
3.384E+07 5.069E+02 2.816E-01 4.462E-03 1.046E-03 1.705E+03 7.092E-01 7.047E+00 2.000E+00
7.359E+07 2.443E+02 3.344E-01 4.462E-03 1.711E-03 3.222E+03 7.396E-01 7.062E+00 2.000E+00
1.602E+08 2.732E+02 3.330E-01 4.462E-03 2.930E-03 2.628E+03 7.882E-01 7.090E+00 2.000E+00
8.795E+06 3.028E+02 3.338E-01 4.462E-03 5.163E-03 2.334E+03 8.545E-01 7.141E+00 2.000E+00
1.260E+08 5.887E+02 2.678E-01 5.644E-03 2.481E-04 1.579E+03 6.751E-01 7.029E+00 2.000E+00
2.898E+08 5.808E+02 2.689E-01 5.644E-03 2.482E-04 1.588E+03 6.751E-01 7.029E+00 2.000E+00
8.127E+07 8.496E+02 2.363E-01 5.644E-03 2.482E-04 1.407E+03 6.751E-01 7.029E+00 2.000E+00
4.386E+09 8.530E+02 2.359E-01 5.644E-03 2.484E-04 1.406E+03 6.751E-01 7.029E+00 2.000E+00
2.662E+07 7.835E+02 2.433E-01 5.644E-03 2.486E-04 1.432E+03 6.751E-01 7.029E+00 2.000E+00
7.822E+07 5.576E+02 2.723E-01 5.644E-03 2.491E-04 1.618E+03 6.751E-01 7.029E+00 2.000E+00
1.720E+07 9.620E+02 2.256E-01 5.644E-03 2.499E-04 1.382E+03 6.752E-01 7.029E+00 2.000E+00
5.015E+07 9.620E+02 2.256E-01 5.644E-03 2.515E-04 1.458E+03 6.752E-01 7.029E+00 2.000E+00
2.933E+07 4.128E+02 2.963E-01 5.644E-03 2.543E-04 1.926E+03 6.754E-01 7.029E+00 2.000E+00
1.437E+07 4.580E+02 2.883E-01 5.644E-03 2.596E-04 1.804E+03 6.757E-01 7.029E+00 2.000E+00
1.171E+09 4.525E+02 2.893E-01 5.644E-03 2.691E-04 2.068E+03 6.762E-01 7.029E+00 2.000E+00
3.225E+07 7.940E+02 2.422E-01 5.644E-03 2.866E-04 1.430E+03 6.772E-01 7.029E+00 2.000E+00
2.469E+07 6.813E+02 2.554E-01 5.644E-03 3.188E-04 1.502E+03 6.789E-01 7.030E+00 2.000E+00
5.784E+08 7.476E+02 2.475E-01 5.644E-03 3.777E-04 1.457E+03 6.821E-01 7.032E+00 2.000E+00
2.009E+07 4.956E+02 2.824E-01 5.644E-03 4.856E-04 1.720E+03 6.876E-01 7.034E+00 2.000E+00
4.734E+09 7.048E+02 2.529E-01 5.644E-03 6.835E-04 1.496E+03 6.972E-01 7.039E+00 2.000E+00
1.951E+07 7.924E+02 2.431E-01 5.644E-03 1.046E-03 1.483E+03 7.149E-01 7.047E+00 2.000E+00
1.480E+10 9.837E+02 2.248E-01 5.644E-03 1.711E-03 1.680E+03 7.452E-01 7.062E+00 2.000E+00
7.819E+06 2.765E+02 3.323E-01 5.644E-03 2.930E-03 2.585E+03 7.936E-01 7.090E+00 2.000E+00
3.977E+07 3.740E+02 3.164E-01 5.644E-03 5.163E-03 2.143E+03 8.592E-01 7.141E+00 2.000E+00
2.256E+07 9.021E+02 2.311E-01 7.139E-03 2.481E-04 1.576E+03 6.825E-01 7.029E+00 2.000E+00
8.962E+06 4.206E+02 2.949E-01 7.139E-03 2.482E-04 1.928E+03 6.825E-01 7.029E+00 2.000E+00
1.055E+08 5.337E+02 2.760E-01 7.139E-03 2.482E-04 1.657E+03 6.825E-01 7.029E+00 2.000E+00
1.888E+08 5.420E+02 2.747E-01 7.139E-03 2.484E-04 1.644E+03 6.825E-01 7.029E+00 2.000E+00
4.153E+07 6.211E+02 2.633E-01 7.139E-03 2.486E-04 1.549E+03 6.825E-01 7.029E+00 2.000E+00
1.024E+07 6.638E+02 2.576E-01 7.139E-03 2.491E-04 1.512E+03 6.825E-01 7.029E+00 2.000E+00
2.586E+08 3.879E+02 3.008E-01 7.139E-03 2.499E-04 2.021E+03 6.826E-01 7.029E+00 2.000E+00
3.289E+07 8.906E+02 2.322E-01 7.139E-03 2.515E-04 1.403E+03 6.826E-01 7.029E+00 2.000E+00
4.353E+08 6.814E+02 2.553E-01 7.139E-03 2.543E-04 1.498E+03 6.828E-01 7.029E+00 2.000E+00
3.775E+07 2.986E+02 3.180E-01 7.139E-03 2.596E-04 2.617E+03 6.831E-01 7.029E+00 2.000E+00
1.483E+08 8.539E+02 2.358E-01 7.139E-03 2.691E-04 1.414E+03 6.836E-01 7.029E+00 2.000E+00
1.445E+08 8.450E+02 2.368E-01 7.139E-03 2.866E-04 1.418E+03 6.846E-01 7.029E+00 2.000E+00
1.215E+07 4.572E+02 2.886E-01 7.139E-03 3.188E-04 1.804E+03 6.863E-01 7.030E+00 2.000E+00
1.557E+08 9.863E+02 2.235E-01 7.139E-03 3.777E-04 1.402E+03 6.895E-01 7.032E+00 2.000E+00
7.694E+07 7.869E+02 2.431E-01 7.139E-03 4.856E-04 1.451E+03 6.949E-01 7.034E+00 2.000E+00
3.444E+08 8.179E+02 2.400E-01 7.139E-03 6.835E-04 1.459E+03 7.045E-01 7.039E+00 2.000E+00
7.987E+08 9.548E+02 2.268E-01 7.139E-03 1.046E-03 1.493E+03 7.222E-01 7.047E+00 2.000E+00
1.182E+08 5.384E+02 2.777E-01 7.139E-03 1.711E-03 1.693E+03 7.523E-01 7.062E+00 2.000E+00
1.624E+07 2.840E+02 3.306E-01 7.139E-03 2.930E-03 2.523E+03 8.005E-01 7.090E+00 2.000E+00
5.787E+07 4.739E+02 2.953E-01 7.139E-03 5.163E-03 2.239E+03 8.652E-01 7.141E+00 2.000E+00
6.572E+07 9.345E+02 2.281E-01 9.029E-03 2.481E-04 1.407E+03 6.918E-01 7.029E+00 2.000E+00
7.632E+07 9.345E+02 2.281E-01 9.029E-03 2.482E-04 1.407E+03 6.918E-01 7.029E+00 2.000E+00
8.069E+07 2.494E+02 3.272E-01 9.029E-03 2.482E-04 3.536E+03 6.918E-01 7.029E+00 2.000E+00
2.913E+09 7.129E+02 2.514E-01 9.029E-03 2.484E-04 1.489E+03 6.918E-01 7.029E+00 2.000E+00
1.812E+07 9.447E+02 2.271E-01 9.029E-03 2.486E-04 1.405E+03 6.919E-01 7.029E+00 2.000E+00
3.313E+07 8.529E+02 2.359E-01 9.029E-03 2.491E-04 1.591E+03 6.919E-01 7.029E+00 2.000E+00
2.758E+08 9.233E+02 2.291E-01 9.029E-03 2.499E-04 1.408E+03 6.919E-01 7.029E+00 2.000E+00
4.095E+07 8.159E+02 2.398E-01 9.029E-03 2.515E-04 1.436E+03 6.920E-01 7.029E+00 2.000E+00
2.372E+07 2.930E+02 3.190E-01 9.029E-03 2.543E-04 2.703E+03 6.922E-01 7.029E+00 2.000E+00
1.182E+08 7.855E+02 2.431E-01 9.029E-03 2.596E-04 1.448E+03 6.924E-01 7.029E+00 2.000E+00
2.381E+08 9.002E+02 2.313E-01 9.029E-03 2.691E-04 1.414E+03 6.930E-01 7.029E+00 2.000E+00
1.747E+08 7.465E+02 2.475E-01 9.029E-03 2.866E-04 1.467E+03 6.939E-01 7.029E+00 2.000E+00
1.572E+08 6.545E+02 2.589E-01 9.029E-03 3.188E-04 1.529E+03 6.957E-01 7.030E+00 2.000E+00
4.051E+07 8.524E+02 2.361E-01 9.029E-03 3.777E-04 1.433E+03 6.988E-01 7.032E+00 2.000E+00
4.177E+07 6.027E+02 2.661E-01 9.029E-03 4.856E-04 1.583E+03 7.041E-01 7.034E+00 2.000E+00
2.016E+07 7.670E+02 2.456E-01 9.029E-03 6.835E-04 1.483E+03 7.137E-01 7.039E+00 2.000E+00
1.566E+08 5.854E+02 2.695E-01 9.029E-03 1.046E-03 1.621E+03 7.314E-01 7.047E+00 2.000E+00
7.031E+07 4.664E+02 2.898E-01 9.029E-03 1.711E-03 1.809E+03 7.613E-01 7.062E+00 2.000E+00
6.562E+06 4.692E+02 2.917E-01 9.029E-03 2.930E-03 1.859E+03 8.091E-01 7.090E+00 2.000E+00
3.148E+07 4.723E+02 2.956E-01 9.029E-03 5.163E-03 2.296E+03 8.728E-01 7.141E+00 2.000E+00
4.416E+08 3.455E+02 3.089E-01 1.142E-02 2.481E-04 2.240E+03 7.037E-01 7.029E+00 2.000E+00
8.970E+07 9.736E+02 2.245E-01 1.142E-02 2.482E-04 1.421E+03 7.037E-01 7.029E+00 2.000E+00
1.201E+08 4.380E+02 2.918E-01 1.142E-02 2.482E-04 1.864E+03 7.037E-01 7.029E+00 2.000E+00
3.001E+07 9.721E+02 2.247E-01 1.142E-02 2.484E-04 1.421E+03 7.037E-01 7.029E+00 2.000E+00
3.502E+07 9.721E+02 2.247E-01 1.142E-02 2.486E-04 1.436E+03 7.037E-01 7.029E+00 2.000E+00
5.155E+07 9.721E+02 2.247E-01 1.142E-02 2.491E-04 1.421E+03 7.037E-01 7.029E+00 2.000E+00
1.444E+08 7.185E+02 2.508E-01 1.142E-02 2.499E-04 1.493E+03 7.038E-01 7.029E+00 2.000E+00
3.408E+07 9.002E+02 2.313E-01 1.142E-02 2.515E-04 1.427E+03 7.038E-01 7.029E+00 2.000E+00
2.164E+08 6.722E+02 2.565E-01 1.142E-02 2.543E-04 1.523E+03 7.040E-01 7.029E+00 2.000E+00
4.721E+07 8.197E+02 2.394E-01 1.142E-02 2.596E-04 1.897E+03 7.043E-01 7.029E+00 2.000E+00
1.683E+08 5.420E+02 2.748E-01 1.142E-02 2.691E-04 1.658E+03 7.048E-01 7.029E+00 2.000E+00
1.561E+08 2.594E+02 3.256E-01 1.142E-02 2.866E-04 3.257E+03 7.058E-01 7.030E+00 2.000E+00
2.184E+08 2.560E+02 3.263E-01 1.142E-02 3.188E-04 3.322E+03 7.075E-01 7.030E+00 2.000E+00
3.262E+07 4.512E+02 2.898E-01 1.142E-02 3.777E-04 1.829E+03 7.105E-01 7.032E+00 2.000E+00
2.908E+07 7.464E+02 2.477E-01 1.142E-02 4.856E-04 1.490E+03 7.157E-01 7.034E+00 2.000E+00
3.144E+07 2.620E+02 3.267E-01 1.142E-02 6.835E-04 3.095E+03 7.254E-01 7.039E+00 2.000E+00
4.223E+07 5.855E+02 2.695E-01 1.142E-02 1.046E-03 1.632E+03 7.431E-01 7.047E+00 2.000E+00
7.788E+09 8.796E+02 2.345E-01 1.142E-02 1.711E-03 1.698E+03 7.727E-01 7.062E+00 2.000E+00
2.474E+07 5.848E+02 2.724E-01 1.142E-02 2.930E-03 1.809E+03 8.200E-01 7.090E+00 2.000E+00
1.134E+07 3.786E+02 3.154E-01 1.142E-02 5.163E-03 2.230E+03 8.824E-01 7.141E+00 2.000E+00
1.165E+08 2.745E+02 3.226E-01 1.445E-02 2.481E-04 2.956E+03 7.187E-01 7.029E+00 2.000E+00
2.996E+07 3.534E+02 3.074E-01 1.445E-02 2.482E-04 2.200E+03 7.187E-01 7.029E+00 2.000E+00
1.856E+07 3.453E+02 3.089E-01 1.445E-02 2.482E-04 2.247E+03 7.187E-01 7.029E+00 2.000E+00
1.687E+08 6.062E+02 2.653E-01 1.445E-02 2.484E-04 1.589E+03 7.187E-01 7.029E+00 2.000E+00
1.245E+07 4.443E+02 2.907E-01 1.445E-02 2.486E-04 1.855E+03 7.187E-01 7.029E+00 2.000E+00
6.409E+07 4.709E+02 2.861E-01 1.445E-02 2.491E-04 1.793E+03 7.187E-01 7.029E+00 2.000E+00
7.976E+07 6.691E+02 2.569E-01 1.445E-02 2.499E-04 1.536E+03 7.188E-01 7.029E+00 2.000E+00
4.619E+07 7.983E+02 2.417E-01 1.445E-02 2.515E-04 1.470E+03 7.189E-01 7.029E+00 2.000E+00
1.652E+07 5.199E+02 2.782E-01 1.445E-02 2.543E-04 1.700E+03 7.190E-01 7.029E+00 2.000E+00
2.641E+07 5.653E+02 2.712E-01 1.445E-02 2.596E-04 1.636E+03 7.193E-01 7.029E+00 2.000E+00
4.839E+07 6.842E+02 2.550E-01 1.445E-02 2.691E-04 1.526E+03 7.198E-01 7.029E+00 2.000E+00
3.889E+07 8.526E+02 2.360E-01 1.445E-02 2.866E-04 1.459E+03 7.208E-01 7.030E+00 2.000E+00
6.756E+07 9.681E+02 2.251E-01 1.445E-02 3.188E-04 1.605E+03 7.224E-01 7.030E+00 2.000E+00
3.118E+07 9.170E+02 2.298E-01 1.445E-02 3.777E-04 1.465E+03 7.253E-01 7.032E+00 2.000E+00
1.964E+10 9.508E+02 2.268E-01 1.445E-02 4.856E-04 1.481E+03 7.305E-01 7.034E+00 2.000E+00
1.208E+07 3.931E+02 3.010E-01 1.445E-02 6.835E-04 2.023E+03 7.402E-01 7.039E+00 2.000E+00
1.150E+08 9.091E+02 2.311E-01 1.445E-02 1.046E-03 1.580E+03 7.578E-01 7.047E+00 2.000E+00
1.272E+09 8.195E+02 2.408E-01 1.445E-02 1.711E-03 1.703E+03 7.871E-01 7.062E+00 2.000E+00
1.876E+07 3.745E+02 3.105E-01 1.445E-02 2.930E-03 2.096E+03 8.339E-01 7.090E+00 2.000E+00
7.607E+06 4.477E+02 3.005E-01 1.445E-02 5.163E-03 2.466E+03 8.939E-01 7.142E+00 2.000E+00
1.042E+09 7.672E+02 2.451E-01 1.827E-02 2.481E-04 1.502E+03 7.376E-01 7.029E+00 2.000E+00
6.875E+07 6.495E+02 2.595E-01 1.827E-02 2.482E-04 1.567E+03 7.376E-01 7.029E+00 2.000E+00
2.590E+07 6.614E+02 2.579E-01 1.827E-02 2.482E-04 1.558E+03 7.376E-01 7.029E+00 2.000E+00
2.454E+08 6.545E+02 2.588E-01 1.827E-02 2.484E-04 1.563E+03 7.376E-01 7.029E+00 2.000E+00
2.960E+07 9.280E+02 2.287E-01 1.827E-02 2.486E-04 1.480E+03 7.376E-01 7.029E+00 2.000E+00
6.565E+07 5.942E+02 2.670E-01 1.827E-02 2.491E-04 1.616E+03 7.376E-01 7.029E+00 2.000E+00
6.694E+07 7.517E+02 2.469E-01 1.827E-02 2.499E-04 1.508E+03 7.376E-01 7.029E+00 2.000E+00
2.076E+07 6.994E+02 2.531E-01 1.827E-02 2.515E-04 1.534E+03 7.377E-01 7.029E+00 2.000E+00
5.009E+07 6.721E+02 2.565E-01 1.827E-02 2.543E-04 1.551E+03 7.379E-01 7.029E+00 2.000E+00
5.577E+07 8.636E+02 2.349E-01 1.827E-02 2.596E-04 1.482E+03 7.381E-01 7.029E+00 2.000E+00
6.383E+07 5.080E+02 2.801E-01 1.827E-02 2.691E-04 1.732E+03 7.386E-01 7.029E+00 2.000E+00
1.519E+07 9.794E+02 2.241E-01 1.827E-02 2.866E-04 1.496E+03 7.394E-01 7.030E+00 2.000E+00
1.771E+07 6.199E+02 2.635E-01 1.827E-02 3.188E-04 1.594E+03 7.410E-01 7.030E+00 2.000E+00
1.223E+07 6.363E+02 2.614E-01 1.827E-02 3.777E-04 1.584E+03 7.439E-01 7.032E+00 2.000E+00
1.073E+08 9.027E+02 2.312E-01 1.827E-02 4.856E-04 1.515E+03 7.491E-01 7.034E+00 2.000E+00
2.810E+07 4.196E+02 2.961E-01 1.827E-02 6.835E-04 1.935E+03 7.588E-01 7.039E+00 2.000E+00
1.046E+09 7.900E+02 2.434E-01 1.827E-02 1.046E-03 1.593E+03 7.764E-01 7.047E+00 2.000E+00
1.657E+07 2.838E+02 3.263E-01 1.827E-02 1.711E-03 2.649E+03 8.052E-01 7.062E+00 2.000E+00
2.413E+09 3.230E+02 3.218E-01 1.827E-02 2.930E-03 2.318E+03 8.508E-01 7.090E+00 2.000E+00
6.364E+06 2.495E+02 3.483E-01 1.827E-02 5.163E-03 2.790E+03 9.077E-01 7.142E+00 2.000E+00
2.070E+09 3.646E+02 3.053E-01 2.311E-02 2.481E-04 2.161E+03 7.611E-01 7.029E+00 2.000E+00
1.051E+08 3.626E+02 3.057E-01 2.311E-02 2.482E-04 2.172E+03 7.611E-01 7.029E+00 2.000E+00
8.294E+08 9.242E+02 2.290E-01 2.311E-02 2.482E-04 1.532E+03 7.611E-01 7.029E+00 2.000E+00
2.322E+08 9.007E+02 2.312E-01 2.311E-02 2.484E-04 1.527E+03 7.612E-01 7.029E+00 2.000E+00
4.359E+07 9.109E+02 2.303E-01 2.311E-02 2.486E-04 1.529E+03 7.612E-01 7.029E+00 2.000E+00
1.381E+08 8.413E+02 2.371E-01 2.311E-02 2.491E-04 1.533E+03 7.612E-01 7.029E+00 2.000E+00
8.147E+07 5.956E+02 2.668E-01 2.311E-02 2.499E-04 1.634E+03 7.612E-01 7.029E+00 2.000E+00
4.177E+08 4.189E+02 2.953E-01 2.311E-02 2.515E-04 1.950E+03 7.613E-01 7.029E+00 2.000E+00
1.466E+08 5.078E+02 2.801E-01 2.311E-02 2.543E-04 1.748E+03 7.614E-01 7.029E+00 2.000E+00
2.358E+07 9.871E+02 2.234E-01 2.311E-02 2.596E-04 1.563E+03 7.617E-01 7.029E+00 2.000E+00
3.119E+07 2.425E+02 3.288E-01 2.311E-02 2.691E-04 3.750E+03 7.622E-01 7.029E+00 2.000E+00
1.818E+08 7.994E+02 2.416E-01 2.311E-02 2.866E-04 1.531E+03 7.630E-01 7.030E+00 2.000E+00
2.708E+07 7.172E+02 2.510E-01 2.311E-02 3.188E-04 1.558E+03 7.646E-01 7.031E+00 2.000E+00
1.844E+07 8.520E+02 2.362E-01 2.311E-02 3.777E-04 1.542E+03 7.675E-01 7.032E+00 2.000E+00
2.868E+07 3.430E+02 3.102E-01 2.311E-02 4.856E-04 2.270E+03 7.727E-01 7.034E+00 2.000E+00
2.230E+07 9.681E+02 2.254E-01 2.311E-02 6.835E-04 1.702E+03 7.824E-01 7.039E+00 2.000E+00
5.211E+07 8.124E+02 2.409E-01 2.311E-02 1.046E-03 1.668E+03 7.998E-01 7.047E+00 2.000E+00
1.768E+07 6.264E+02 2.646E-01 2.311E-02 1.711E-03 1.752E+03 8.282E-01 7.062E+00 2.000E+00
1.754E+08 4.845E+02 2.890E-01 2.311E-02 2.930E-03 1.988E+03 8.718E-01 7.090E+00 2.000E+00
1.748E+07 3.556E+02 3.209E-01 2.311E-02 5.163E-03 2.520E+03 9.252E-01 7.142E+00 2.000E+00
1.592E+08 3.682E+02 3.047E-01 2.923E-02 2.481E-04 2.159E+03 7.910E-01 7.029E+00 2.000E+00
1.683E+07 4.699E+02 2.864E-01 2.923E-02 2.482E-04 1.840E+03 7.910E-01 7.029E+00 2.000E+00
6.868E+07 4.699E+02 2.864E-01 2.923E-02 2.482E-04 1.841E+03 7.910E-01 7.029E+00 2.000E+00
1.060E+08 7.188E+02 2.508E-01 2.923E-02 2.484E-04 1.590E+03 7.910E-01 7.029E+00 2.000E+00
5.961E+06 2.492E+02 3.276E-01 2.923E-02 2.486E-04 3.530E+03 7.910E-01 7.029E+00 2.000E+00
1.751E+07 3.803E+02 3.024E-01 2.923E-02 2.491E-04 2.106E+03 7.910E-01 7.029E+00 2.000E+00
3.214E+08 3.877E+02 3.010E-01 2.923E-02 2.499E-04 2.082E+03 7.911E-01 7.029E+00 2.000E+00
1.086E+07 9.042E+02 2.309E-01 2.923E-02 2.515E-04 1.612E+03 7.911E-01 7.029E+00 2.000E+00
1.106E+08 9.529E+02 2.264E-01 2.923E-02 2.543E-04 1.654E+03 7.913E-01 7.029E+00 2.000E+00
4.379E+07 7.713E+02 2.447E-01 2.923E-02 2.596E-04 1.581E+03 7.915E-01 7.029E+00 2.000E+00
8.180E+07 6.804E+02 2.555E-01 2.923E-02 2.691E-04 1.607E+03 7.920E-01 7.030E+00 2.000E+00
5.764E+08 7.174E+02 2.510E-01 2.923E-02 2.866E-04 1.595E+03 7.928E-01 7.030E+00 2.000E+00
3.479E+07 7.645E+02 2.455E-01 2.923E-02 3.188E-04 1.591E+03 7.944E-01 7.031E+00 2.000E+00
4.320E+07 9.711E+02 2.249E-01 2.923E-02 3.777E-04 1.739E+03 7.973E-01 7.032E+00 2.000E+00
3.051E+07 9.300E+02 2.287E-01 2.923E-02 4.856E-04 1.726E+03 8.025E-01 7.035E+00 2.000E+00
4.634E+07 8.063E+02 2.412E-01 2.923E-02 6.835E-04 1.670E+03 8.122E-01 7.039E+00 2.000E+00
2.515E+07 8.036E+02 2.419E-01 2.923E-02 1.046E-03 1.792E+03 8.288E-01 7.047E+00 2.000E+00
2.944E+07 2.889E+02 3.253E-01 2.923E-02 1.711E-03 2.632E+03 8.569E-01 7.063E+00 2.000E+00
4.537E+08 2.847E+02 3.307E-01 2.923E-02 2.930E-03 2.621E+03 8.982E-01 7.091E+00 2.000E+00
2.177E+07 2.855E+02 3.387E-01 2.923E-02 5.163E-03 2.741E+03 9.466E-01 7.142E+00 2.000E+00
3.468E+08 9.037E+02 2.310E-01 3.697E-02 2.481E-04 1.792E+03 8.287E-01 7.029E+00 2.000E+00
1.764E+08 8.997E+02 2.314E-01 3.697E-02 2.482E-04 1.784E+03 8.287E-01 7.029E+00 2.000E+00
1.352E+07 8.968E+02 2.316E-01 3.697E-02 2.482E-04 1.779E+03 8.287E-01 7.029E+00 2.000E+00
8.565E+06 8.621E+02 2.350E-01 3.697E-02 2.484E-04 1.726E+03 8.287E-01 7.029E+00 2.000E+00
9.305E+06 5.670E+02 2.710E-01 3.697E-02 2.486E-04 1.735E+03 8.287E-01 7.029E+00 2.000E+00
3.631E+07 5.333E+02 2.761E-01 3.697E-02 2.491E-04 1.768E+03 8.287E-01 7.029E+00 2.000E+00
4.861E+07 3.148E+02 3.151E-01 3.697E-02 2.499E-04 2.514E+03 8.288E-01 7.029E+00 2.000E+00
1.201E+07 8.986E+02 2.315E-01 3.697E-02 2.515E-04 1.784E+03 8.288E-01 7.029E+00 2.000E+00
1.914E+08 3.320E+02 3.117E-01 3.697E-02 2.543E-04 2.384E+03 8.290E-01 7.029E+00 2.000E+00
1.592E+08 7.172E+02 2.510E-01 3.697E-02 2.596E-04 1.658E+03 8.292E-01 7.030E+00 2.000E+00
1.905E+08 6.027E+02 2.659E-01 3.697E-02 2.691E-04 1.701E+03 8.297E-01 7.030E+00 2.000E+00
1.583E+07 7.662E+02 2.453E-01 3.697E-02 2.866E-04 1.669E+03 8.306E-01 7.030E+00 2.000E+00
2.951E+07 7.125E+02 2.516E-01 3.697E-02 3.188E-04 1.669E+03 8.321E-01 7.031E+00 2.000E+00
2.961E+07 8.968E+02 2.317E-01 3.697E-02 3.777E-04 1.864E+03 8.350E-01 7.032E+00 2.000E+00
2.719E+07 7.354E+02 2.491E-01 3.697E-02 4.856E-04 1.704E+03 8.403E-01 7.035E+00 2.000E+00
2.296E+08 8.169E+02 2.401E-01 3.697E-02 6.835E-04 1.866E+03 8.499E-01 7.039E+00 2.000E+00
3.222E+07 7.592E+02 2.469E-01 3.697E-02 1.046E-03 1.952E+03 8.656E-01 7.048E+00 2.000E+00
9.335E+07 4.738E+02 2.886E-01 3.697E-02 1.711E-03 1.974E+03 8.922E-01 7.063E+00 2.000E+00
5.202E+06 4.084E+02 3.036E-01 3.697E-02 2.930E-03 2.238E+03 9.311E-01 7.091E+00 2.000E+00
1.027E+07 3.044E+02 3.338E-01 3.697E-02 5.163E-03 2.968E+03 9.706E-01 7.142E+00 2.000E+00
4.649E+07 7.168E+02 2.510E-01 4.677E-02 2.481E-04 1.779E+03 8.764E-01 7.029E+00 2.000E+00
9.635E+07 7.168E+02 2.510E-01 4.677E-02 2.482E-04 1.779E+03 8.764E-01 7.029E+00 2.000E+00
1.183E+08 3.493E+02 3.084E-01 4.677E-02 2.482E-04 2.318E+03 8.764E-01 7.029E+00 2.000E+00
1.922E+07 2.846E+02 3.211E-01 4.677E-02 2.484E-04 2.864E+03 8.764E-01 7.029E+00 2.000E+00
3.929E+07 7.553E+02 2.465E-01 4.677E-02 2.486E-04 1.815E+03 8.765E-01 7.029E+00 2.000E+00
1.282E+08 3.197E+02 3.142E-01 4.677E-02 2.491E-04 2.500E+03 8.765E-01 7.029E+00 2.000E+00
7.451E+07 4.227E+02 2.947E-01 4.677E-02 2.499E-04 2.021E+03 8.765E-01 7.030E+00 2.000E+00
1.305E+07 5.706E+02 2.705E-01 4.677E-02 2.515E-04 1.790E+03 8.766E-01 7.030E+00 2.000E+00
7.637E+07 6.881E+02 2.545E-01 4.677E-02 2.543E-04 1.766E+03 8.767E-01 7.030E+00 2.000E+00
2.818E+08 5.779E+02 2.695E-01 4.677E-02 2.596E-04 1.786E+03 8.770E-01 7.030E+00 2.000E+00
2.589E+07 5.548E+02 2.729E-01 4.677E-02 2.691E-04 1.804E+03 8.775E-01 7.030E+00 2.000E+00
2.346E+07 7.966E+02 2.419E-01 4.677E-02 2.866E-04 1.910E+03 8.783E-01 7.030E+00 2.000E+00
7.600E+07 6.524E+02 2.592E-01 4.677E-02 3.188E-04 1.773E+03 8.799E-01 7.031E+00 2.000E+00
1.072E+08 5.616E+02 2.721E-01 4.677E-02 3.777E-04 1.812E+03 8.827E-01 7.032E+00 2.000E+00
6.529E+06 5.742E+02 2.704E-01 4.677E-02 4.856E-04 1.818E+03 8.880E-01 7.035E+00 2.000E+00
6.658E+09 6.858E+02 2.554E-01 4.677E-02 6.835E-04 1.903E+03 8.966E-01 7.039E+00 2.000E+00
6.669E+08 5.962E+02 2.680E-01 4.677E-02 1.046E-03 1.936E+03 9.121E-01 7.048E+00 2.000E+00
8.888E+07 3.601E+02 3.104E-01 4.677E-02 1.711E-03 2.294E+03 9.370E-01 7.063E+00 2.000E+00
5.576E+07 4.691E+02 2.919E-01 4.677E-02 2.930E-03 2.748E+03 9.702E-01 7.091E+00 2.000E+00
1.965E+07 2.387E+02 3.518E-01 4.677E-02 5.163E-03 3.386E+03 9.943E-01 7.142E+00 2.000E+00
2.987E+07 7.191E+02 2.508E-01 5.915E-02 2.481E-04 2.143E+03 9.368E-01 7.030E+00 3.000E+00
4.342E+07 7.191E+02 2.508E-01 5.915E-02 2.482E-04 2.142E+03 9.368E-01 7.030E+00 3.000E+00
3.741E+08 7.191E+02 2.508E-01 5.915E-02 2.482E-04 2.142E+03 9.368E-01 7.030E+00 3.000E+00
6.080E+07 7.113E+02 2.517E-01 5.915E-02 2.484E-04 2.802E+03 9.368E-01 7.030E+00 3.000E+00
7.682E+07 6.881E+02 2.546E-01 5.915E-02 2.486E-04 2.024E+03 9.368E-01 7.030E+00 3.000E+00
1.469E+08 3.844E+02 3.018E-01 5.915E-02 2.491E-04 2.197E+03 9.368E-01 7.030E+00 3.000E+00
5.664E+07 5.808E+02 2.691E-01 5.915E-02 2.499E-04 1.907E+03 9.368E-01 7.030E+00 3.000E+00
1.440E+09 6.435E+02 2.603E-01 5.915E-02 2.515E-04 1.991E+03 9.369E-01 7.030E+00 3.000E+00
1.722E+08 4.815E+02 2.846E-01 5.915E-02 2.543E-04 1.970E+03 9.371E-01 7.030E+00 3.000E+00
1.430E+07 2.430E+02 3.293E-01 5.915E-02 2.596E-04 3.710E+03 9.373E-01 7.030E+00 3.000E+00
1.225E+07 2.540E+02 3.273E-01 5.915E-02 2.691E-04 3.404E+03 9.377E-01 7.030E+00 3.000E+00
1.989E+07 4.206E+02 2.952E-01 5.915E-02 2.866E-04 2.089E+03 9.384E-01 7.031E+00 3.000E+00
2.115E+08 5.700E+02 2.708E-01 5.915E-02 3.188E-04 1.920E+03 9.398E-01 7.031E+00 3.000E+00
1.762E+08 2.262E+02 3.328E-01 5.915E-02 3.777E-04 4.368E+03 9.423E-01 7.033E+00 3.000E+00
5.263E+07 4.641E+02 2.880E-01 5.915E-02 4.856E-04 2.022E+03 9.469E-01 7.035E+00 3.000E+00
6.147E+07 2.143E+02 3.364E-01 5.915E-02 6.835E-04 4.971E+03 9.554E-01 7.040E+00 3.000E+00
1.590E+07 3.715E+02 3.064E-01 5.915E-02 1.046E-03 2.291E+03 9.693E-01 7.048E+00 3.000E+00
4.516E+07 3.455E+02 3.135E-01 5.915E-02 1.711E-03 2.447E+03 9.907E-01 7.063E+00 3.000E+00
3.104E+08 3.522E+02 3.156E-01 5.915E-02 2.930E-03 2.735E+03 1.000E+00 7.091E+00 0.000E+00
1.410E+07 2.240E+02 3.563E-01 5.915E-02 5.163E-03 4.005E+03 1.000E+00 7.143E+00 0.000E+00
2.515E+07 6.078E+02 2.652E-01 7.482E-02 2.481E-04 2.363E+03 1.000E+00 7.030E+00 3.000E+00
4.232E+07 6.078E+02 2.652E-01 7.482E-02 2.482E-04 2.363E+03 1.000E+00 7.030E+00 3.000E+00
8.932E+07 2.990E+02 3.186E-01 7.482E-02 2.482E-04 2.774E+03 1.000E+00 7.030E+00 3.000E+00
2.834E+07 4.402E+02 2.917E-01 7.482E-02 2.484E-04 2.156E+03 1.000E+00 7.030E+00 3.000E+00
1.745E+07 4.805E+02 2.848E-01 7.482E-02 2.486E-04 2.116E+03 1.000E+00 7.030E+00 3.000E+00
3.558E+07 6.108E+02 2.648E-01 7.482E-02 2.491E-04 2.387E+03 1.000E+00 7.030E+00 3.000E+00
9.393E+06 5.016E+02 2.813E-01 7.482E-02 2.499E-04 2.112E+03 1.000E+00 7.030E+00 3.000E+00
2.497E+07 4.378E+02 2.921E-01 7.482E-02 2.515E-04 2.160E+03 1.000E+00 7.030E+00 3.000E+00
5.595E+06 3.523E+02 3.081E-01 7.482E-02 2.543E-04 2.456E+03 1.000E+00 7.030E+00 3.000E+00
2.062E+08 5.764E+02 2.698E-01 7.482E-02 2.596E-04 2.264E+03 1.000E+00 7.030E+00 3.000E+00
1.376E+07 4.593E+02 2.884E-01 7.482E-02 2.691E-04 2.136E+03 1.000E+00 7.031E+00 3.000E+00
1.408E+07 5.150E+02 2.792E-01 7.482E-02 2.866E-04 2.127E+03 1.000E+00 7.031E+00 3.000E+00
2.542E+07 4.468E+02 2.907E-01 7.482E-02 3.188E-04 2.159E+03 1.000E+00 7.032E+00 3.000E+00
5.293E+07 2.961E+02 3.197E-01 7.482E-02 3.777E-04 2.798E+03 1.000E+00 7.033E+00 3.000E+00
7.038E+06 4.063E+02 2.984E-01 7.482E-02 4.856E-04 2.254E+03 1.000E+00 7.036E+00 3.000E+00
1.480E+07 4.903E+02 2.840E-01 7.482E-02 6.835E-04 2.260E+03 1.000E+00 7.040E+00 3.000E+00
3.007E+07 4.811E+02 2.862E-01 7.482E-02 1.046E-03 2.451E+03 1.000E+00 7.048E+00 0.000E+00
1.406E+07 3.729E+02 3.080E-01 7.482E-02 1.711E-03 2.605E+03 1.000E+00 7.064E+00 0.000E+00
3.460E+07 2.390E+02 3.423E-01 7.482E-02 2.930E-03 3.516E+03 1.000E+00 7.092E+00 0.000E+00
7.128E+05 2.003E+02 3.635E-01 7.482E-02 5.163E-03 5.655E+03 1.000E+00 7.143E+00 0.000E+00
6.908E+07 3.168E+02 3.153E-01 9.464E-02 2.481E-04 2.735E+03 1.000E+00 7.031E+00 0.000E+00
2.397E+07 2.841E+02 3.218E-01 9.464E-02 2.482E-04 3.021E+03 1.000E+00 7.031E+00 0.000E+00
6.598E+07 2.885E+02 3.209E-01 9.464E-02 2.482E-04 2.974E+03 1.000E+00 7.031E+00 0.000E+00
8.236E+07 4.319E+02 2.933E-01 9.464E-02 2.484E-04 2.428E+03 1.000E+00 7.031E+00 0.000E+00
4.177E+07 4.612E+02 2.881E-01 9.464E-02 2.486E-04 2.472E+03 1.000E+00 7.031E+00 0.000E+00
1.114E+08 2.291E+02 3.325E-01 9.464E-02 2.491E-04 4.243E+03 1.000E+00 7.031E+00 0.000E+00
4.791E+07 4.723E+02 2.862E-01 9.464E-02 2.499E-04 2.569E+03 1.000E+00 7.031E+00 0.000E+00
6.360E+07 2.703E+02 3.246E-01 9.464E-02 2.515E-04 3.200E+03 1.000E+00 7.031E+00 0.000E+00
4.091E+07 3.338E+02 3.119E-01 9.464E-02 2.543E-04 2.635E+03 1.000E+00 7.031E+00 0.000E+00
4.673E+07 3.986E+02 2.994E-01 9.464E-02 2.596E-04 2.439E+03 1.000E+00 7.031E+00 0.000E+00
6.166E+07 2.541E+02 3.279E-01 9.464E-02 2.691E-04 3.483E+03 1.000E+00 7.031E+00 0.000E+00
7.956E+06 4.999E+02 2.817E-01 9.464E-02 2.866E-04 2.756E+03 1.000E+00 7.031E+00 0.000E+00
1.987E+07 2.101E+02 3.361E-01 9.464E-02 3.188E-04 5.460E+03 1.000E+00 7.032E+00 0.000E+00
6.363E+06 4.567E+02 2.892E-01 9.464E-02 3.777E-04 2.549E+03 1.000E+00 7.034E+00 0.000E+00
1.518E+07 3.851E+02 3.025E-01 9.464E-02 4.856E-04 2.522E+03 1.000E+00 7.036E+00 0.000E+00
2.618E+07 4.641E+02 2.885E-01 9.464E-02 6.835E-04 3.042E+03 1.000E+00 7.041E+00 0.000E+00
6.552E+06 2.550E+02 3.309E-01 9.464E-02 1.046E-03 3.398E+03 1.000E+00 7.049E+00 0.000E+00
1.588E+07 2.783E+02 3.285E-01 9.464E-02 1.711E-03 3.222E+03 1.000E+00 7.064E+00 0.000E+00
6.539E+06 2.638E+02 3.366E-01 9.464E-02 2.930E-03 4.226E+03 1.000E+00 7.092E+00 0.000E+00
NAN NAN NAN 9.464E-02 5.163E-03 NAN 1.000E+00 7.143E+00 0.000E+00
1.335E+07 3.328E+02 3.123E-01 1.197E-01 2.481E-04 2.934E+03 1.000E+00 7.031E+00 0.000E+00
6.427E+06 2.188E+02 3.349E-01 1.197E-01 2.482E-04 4.768E+03 1.000E+00 7.031E+00 0.000E+00
7.510E+06 2.188E+02 3.349E-01 1.197E-01 2.482E-04 4.769E+03 1.000E+00 7.031E+00 0.000E+00
5.113E+07 3.727E+02 3.045E-01 1.197E-01 2.484E-04 2.966E+03 1.000E+00 7.031E+00 0.000E+00
1.752E+07 3.585E+02 3.072E-01 1.197E-01 2.486E-04 2.928E+03 1.000E+00 7.031E+00 0.000E+00
3.995E+07 3.623E+02 3.065E-01 1.197E-01 2.491E-04 2.935E+03 1.000E+00 7.031E+00 0.000E+00
7.977E+07 3.294E+02 3.130E-01 1.197E-01 2.499E-04 2.945E+03 1.000E+00 7.031E+00 0.000E+00
9.493E+06 3.989E+02 2.995E-01 1.197E-01 2.515E-04 3.209E+03 1.000E+00 7.031E+00 0.000E+00
8.552E+06 2.148E+02 3.356E-01 1.197E-01 2.543E-04 5.020E+03 1.000E+00 7.031E+00 0.000E+00
1.722E+07 2.327E+02 3.324E-01 1.197E-01 2.596E-04 4.149E+03 1.000E+00 7.031E+00 0.000E+00
8.626E+06 2.612E+02 3.268E-01 1.197E-01 2.691E-04 3.489E+03 1.000E+00 7.032E+00 0.000E+00
1.456E+07 2.457E+02 3.300E-01 1.197E-01 2.866E-04 3.782E+03 1.000E+00 7.032E+00 0.000E+00
2.303E+07 3.508E+02 3.089E-01 1.197E-01 3.188E-04 2.960E+03 1.000E+00 7.033E+00 0.000E+00
4.727E+07 3.780E+02 3.038E-01 1.197E-01 3.777E-04 3.153E+03 1.000E+00 7.034E+00 0.000E+00
1.057E+08 2.963E+02 3.205E-01 1.197E-01 4.856E-04 3.160E+03 1.000E+00 7.037E+00 0.000E+00
2.159E+07 2.834E+02 3.239E-01 1.197E-01 6.835E-04 3.306E+03 1.000E+00 7.041E+00 0.000E+00
3.604E+06 2.701E+02 3.281E-01 1.197E-01 1.046E-03 3.520E+03 1.000E+00 7.049E+00 0.000E+00
5.512E+06 2.327E+02 3.391E-01 1.197E-01 1.711E-03 4.173E+03 1.000E+00 7.065E+00 0.000E+00
1.049E+07 2.069E+02 3.510E-01 1.197E-01 2.930E-03 6.039E+03 1.000E+00 7.093E+00 0.000E+00
NAN NAN NAN 1.197E-01 5.163E-03 NAN 1.000E+00 7.144E+00 0.000E+00
1.791E+07 2.639E+02 3.267E-01 1.514E-01 2.481E-04 3.884E+03 1.000E+00 7.032E+00 0.000E+00
3.432E+07 2.959E+02 3.201E-01 1.514E-01 2.482E-04 3.886E+03 1.000E+00 7.032E+00 0.000E+00
1.856E+07 2.904E+02 3.213E-01 1.514E-01 2.482E-04 3.844E+03 1.000E+00 7.032E+00 0.000E+00
2.399E+07 2.794E+02 3.235E-01 1.514E-01 2.484E-04 3.818E+03 1.000E+00 7.032E+00 0.000E+00
1.236E+08 2.498E+02 3.296E-01 1.514E-01 2.486E-04 4.042E+03 1.000E+00 7.032E+00 0.000E+00
1.505E+07 2.152E+02 3.362E-01 1.514E-01 2.491E-04 5.053E+03 1.000E+00 7.032E+00 0.000E+00
8.543E+06 2.021E+02 3.386E-01 1.514E-01 2.499E-04 6.321E+03 1.000E+00 7.032E+00 0.000E+00
1.515E+07 3.063E+02 3.180E-01 1.514E-01 2.515E-04 4.058E+03 1.000E+00 7.032E+00 0.000E+00
1.827E+07 2.028E+02 3.385E-01 1.514E-01 2.543E-04 5.977E+03 1.000E+00 7.032E+00 0.000E+00
5.351E+06 3.056E+02 3.182E-01 1.514E-01 2.596E-04 4.062E+03 1.000E+00 7.032E+00 0.000E+00
5.646E+06 3.076E+02 3.178E-01 1.514E-01 2.691E-04 4.141E+03 1.000E+00 7.032E+00 0.000E+00
3.444E+07 2.931E+02 3.209E-01 1.514E-01 2.866E-04 3.921E+03 1.000E+00 7.033E+00 0.000E+00
3.583E+06 3.073E+02 3.180E-01 1.514E-01 3.188E-04 4.302E+03 1.000E+00 7.033E+00 0.000E+00
1.138E+07 2.784E+02 3.242E-01 1.514E-01 3.777E-04 3.958E+03 1.000E+00 7.035E+00 0.000E+00
4.097E+07 2.196E+02 3.366E-01 1.514E-01 4.856E-04 4.808E+03 1.000E+00 7.037E+00 0.000E+00
7.552E+06 2.245E+02 3.366E-01 1.514E-01 6.835E-04 4.674E+03 1.000E+00 7.042E+00 0.000E+00
2.066E+07 2.214E+02 3.390E-01 1.514E-01 1.046E-03 4.915E+03 1.000E+00 7.050E+00 0.000E+00
1.295E+07 2.048E+02 3.458E-01 1.514E-01 1.711E-03 6.068E+03 1.000E+00 7.065E+00 0.000E+00
NAN NAN NAN 1.514E-01 2.930E-03 NAN 1.000E+00 7.093E+00 0.000E+00
NAN NAN NAN 1.514E-01 5.163E-03 NAN 1.000E+00 7.145E+00 0.000E+00
7.303E+06 2.113E+02 3.379E-01 1.915E-01 2.481E-04 6.054E+03 1.000E+00 7.033E+00 0.000E+00
1.585E+07 2.122E+02 3.377E-01 1.915E-01 2.482E-04 6.030E+03 1.000E+00 7.033E+00 0.000E+00
7.258E+06 2.140E+02 3.374E-01 1.915E-01 2.482E-04 5.996E+03 1.000E+00 7.033E+00 0.000E+00
9.515E+06 2.140E+02 3.374E-01 1.915E-01 2.484E-04 6.018E+03 1.000E+00 7.033E+00 0.000E+00
1.227E+08 2.239E+02 3.355E-01 1.915E-01 2.486E-04 5.976E+03 1.000E+00 7.033E+00 0.000E+00
2.270E+07 2.065E+02 3.388E-01 1.915E-01 2.491E-04 6.217E+03 1.000E+00 7.033E+00 0.000E+00
4.958E+07 2.209E+02 3.361E-01 1.915E-01 2.499E-04 6.011E+03 1.000E+00 7.033E+00 0.000E+00
1.125E+07 2.139E+02 3.374E-01 1.915E-01 2.515E-04 6.004E+03 1.000E+00 7.033E+00 0.000E+00
3.219E+07 2.188E+02 3.365E-01 1.915E-01 2.543E-04 5.956E+03 1.000E+00 7.033E+00 0.000E+00
8.877E+06 2.177E+02 3.367E-01 1.915E-01 2.596E-04 5.979E+03 1.000E+00 7.033E+00 0.000E+00
2.775E+06 2.239E+02 3.356E-01 1.915E-01 2.691E-04 6.044E+03 1.000E+00 7.033E+00 0.000E+00
5.879E+06 2.235E+02 3.357E-01 1.915E-01 2.866E-04 6.100E+03 1.000E+00 7.034E+00 0.000E+00
8.798E+06 2.163E+02 3.373E-01 1.915E-01 3.188E-04 6.122E+03 1.000E+00 7.034E+00 0.000E+00
8.587E+06 2.180E+02 3.373E-01 1.915E-01 3.777E-04 6.322E+03 1.000E+00 7.036E+00 0.000E+00
6.397E+06 2.033E+02 3.407E-01 1.915E-01 4.856E-04 6.650E+03 1.000E+00 7.038E+00 0.000E+00
NAN NAN NAN 1.915E-01 6.835E-04 NAN 1.000E+00 7.043E+00 0.000E+00
NAN NAN NAN 1.915E-01 1.046E-03 NAN 1.000E+00 7.051E+00 0.000E+00
NAN NAN NAN 1.915E-01 1.711E-03 NAN 1.000E+00 7.066E+00 0.000E+00
NAN NAN NAN 1.915E-01 2.930E-03 NAN 1.000E+00 7.094E+00 0.000E+00
NAN NAN NAN 1.915E-01 5.163E-03 NAN 1.000E+00 7.146E+00 0.000E+00
NAN NAN NAN 2.422E-01 2.481E-04 NAN 1.000E+00 7.034E+00 0.000E+00
NAN NAN NAN 2.422E-01 2.482E-04 NAN 1.000E+00 7.034E+00 0.000E+00
NAN NAN NAN 2.422E-01 2.482E-04 NAN 1.000E+00 7.034E+00 0.000E+00
NAN NAN NAN 2.422E-01 2.484E-04 NAN 1.000E+00 7.034E+00 0.000E+00
NAN NAN NAN 2.422E-01 2.486E-04 NAN 1.000E+00 7.034E+00 0.000E+00
NAN NAN NAN 2.422E-01 2.491E-04 NAN 1.000E+00 7.034E+00 0.000E+00
NAN NAN NAN 2.422E-01 2.499E-04 NAN 1.000E+00 7.034E+00 0.000E+00
NAN NAN NAN 2.422E-01 2.515E-04 NAN 1.000E+00 7.034E+00 0.000E+00
NAN NAN NAN 2.422E-01 2.543E-04 NAN 1.000E+00 7.034E+00 0.000E+00
NAN NAN NAN 2.422E-01 2.596E-04 NAN 1.000E+00 7.034E+00 0.000E+00
NAN NAN NAN 2.422E-01 2.691E-04 NAN 1.000E+00 7.034E+00 0.000E+00
NAN NAN NAN 2.422E-01 2.866E-04 NAN 1.000E+00 7.035E+00 0.000E+00
NAN NAN NAN 2.422E-01 3.188E-04 NAN 1.000E+00 7.036E+00 0.000E+00
NAN NAN NAN 2.422E-01 3.777E-04 NAN 1.000E+00 7.037E+00 0.000E+00
NAN NAN NAN 2.422E-01 4.856E-04 NAN 1.000E+00 7.039E+00 0.000E+00
NAN NAN NAN 2.422E-01 6.835E-04 NAN 1.000E+00 7.044E+00 0.000E+00
NAN NAN NAN 2.422E-01 1.046E-03 NAN 1.000E+00 7.052E+00 0.000E+00
NAN NAN NAN 2.422E-01 1.711E-03 NAN 1.000E+00 7.068E+00 0.000E+00
NAN NAN NAN 2.422E-01 2.930E-03 NAN 1.000E+00 7.095E+00 0.000E+00
NAN NAN NAN 2.422E-01 5.163E-03 NAN 1.000E+00 7.147E+00 0.000E+00
NAN NAN NAN 3.064E-01 2.481E-04 NAN 1.000E+00 7.035E+00 0.000E+00
NAN NAN NAN 3.064E-01 2.482E-04 NAN 1.000E+00 7.035E+00 0.000E+00
NAN NAN NAN 3.064E-01 2.482E-04 NAN 1.000E+00 7.035E+00 0.000E+00
NAN NAN NAN 3.064E-01 2.484E-04 NAN 1.000E+00 7.035E+00 0.000E+00
NAN NAN NAN 3.064E-01 2.486E-04 NAN 1.000E+00 7.035E+00 0.000E+00
NAN NAN NAN 3.064E-01 2.491E-04 NAN 1.000E+00 7.035E+00 0.000E+00
NAN NAN NAN 3.064E-01 2.499E-04 NAN 1.000E+00 7.035E+00 0.000E+00
NAN NAN NAN 3.064E-01 2.515E-04 NAN 1.000E+00 7.036E+00 0.000E+00
NAN NAN NAN 3.064E-01 2.543E-04 NAN 1.000E+00 7.036E+00 0.000E+00
NAN NAN NAN 3.064E-01 2.596E-04 NAN 1.000E+00 7.036E+00 0.000E+00
NAN NAN NAN 3.064E-01 2.691E-04 NAN 1.000E+00 7.036E+00 0.000E+00
NAN NAN NAN 3.064E-01 2.866E-04 NAN 1.000E+00 7.036E+00 0.000E+00
NAN NAN NAN 3.064E-01 3.188E-04 NAN 1.000E+00 7.037E+00 0.000E+00
NAN NAN NAN 3.064E-01 3.777E-04 NAN 1.000E+00 7.038E+00 0.000E+00
NAN NAN NAN 3.064E-01 4.856E-04 NAN 1.000E+00 7.041E+00 0.000E+00
NAN NAN NAN 3.064E-01 6.835E-04 NAN 1.000E+00 7.045E+00 0.000E+00
NAN NAN NAN 3.064E-01 1.046E-03 NAN 1.000E+00 7.054E+00 0.000E+00
NAN NAN NAN 3.064E-01 1.711E-03 NAN 1.000E+00 7.069E+00 0.000E+00
NAN NAN NAN 3.064E-01 2.930E-03 NAN 1.000E+00 7.097E+00 0.000E+00
NAN NAN NAN 3.064E-01 5.163E-03 NAN 1.000E+00 7.148E+00 0.000E+00
NAN NAN NAN 3.875E-01 2.481E-04 NAN 1.000E+00 7.037E+00 3.000E+00
NAN NAN NAN 3.875E-01 2.482E-04 NAN 1.000E+00 7.037E+00 3.000E+00
NAN NAN NAN 3.875E-01 2.482E-04 NAN 1.000E+00 7.037E+00 3.000E+00
NAN NAN NAN 3.875E-01 2.484E-04 NAN 1.000E+00 7.037E+00 3.000E+00
NAN NAN NAN 3.875E-01 2.486E-04 NAN 1.000E+00 7.037E+00 3.000E+00
NAN NAN NAN 3.875E-01 2.491E-04 NAN 1.000E+00 7.037E+00 3.000E+00
NAN NAN NAN 3.875E-01 2.499E-04 NAN 1.000E+00 7.037E+00 3.000E+00
NAN NAN NAN 3.875E-01 2.515E-04 NAN 1.000E+00 7.037E+00 3.000E+00
NAN NAN NAN 3.875E-01 2.543E-04 NAN 1.000E+00 7.037E+00 3.000E+00
NAN NAN NAN 3.875E-01 2.596E-04 NAN 1.000E+00 7.038E+00 3.000E+00
NAN NAN NAN 3.875E-01 2.691E-04 NAN 1.000E+00 7.038E+00 3.000E+00
NAN NAN NAN 3.875E-01 2.866E-04 NAN 1.000E+00 7.038E+00 3.000E+00
NAN NAN NAN 3.875E-01 3.188E-04 NAN 1.000E+00 7.039E+00 3.000E+00
NAN NAN NAN 3.875E-01 3.777E-04 NAN 1.000E+00 7.040E+00 3.000E+00
NAN NAN NAN 3.875E-01 4.856E-04 NAN 1.000E+00 7.043E+00 3.000E+00
NAN NAN NAN 3.875E-01 6.835E-04 NAN 1.000E+00 7.047E+00 3.000E+00
NAN NAN NAN 3.875E-01 1.046E-03 NAN 1.000E+00 7.056E+00 3.000E+00
NAN NAN NAN 3.875E-01 1.711E-03 NAN 1.000E+00 7.071E+00 0.000E+00
NAN NAN NAN 3.875E-01 2.930E-03 NAN 1.000E+00 7.099E+00 0.000E+00
NAN NAN NAN 3.875E-01 5.163E-03 NAN 1.000E+00 7.150E+00 0.000E+00
NAN NAN NAN 4.902E-01 2.481E-04 NAN 1.000E+00 7.040E+00 3.000E+00
NAN NAN NAN 4.902E-01 2.482E-04 NAN 1.000E+00 7.040E+00 3.000E+00
NAN NAN NAN 4.902E-01 2.482E-04 NAN 1.000E+00 7.040E+00 3.000E+00
NAN NAN NAN 4.902E-01 2.484E-04 NAN 1.000E+00 7.040E+00 3.000E+00
NAN NAN NAN 4.902E-01 2.486E-04 NAN 1.000E+00 7.040E+00 3.000E+00
NAN NAN NAN 4.902E-01 2.491E-04 NAN 1.000E+00 7.040E+00 3.000E+00
NAN NAN NAN 4.902E-01 2.499E-04 NAN 1.000E+00 7.040E+00 3.000E+00
NAN NAN NAN 4.902E-01 2.515E-04 NAN 1.000E+00 7.040E+00 3.000E+00
NAN NAN NAN 4.902E-01 2.543E-04 NAN 1.000E+00 7.040E+00 3.000E+00
NAN NAN NAN 4.902E-01 2.596E-04 NAN 1.000E+00 7.040E+00 3.000E+00
NAN NAN NAN 4.902E-01 2.691E-04 NAN 1.000E+00 7.040E+00 3.000E+00
NAN NAN NAN 4.902E-01 2.866E-04 NAN 1.000E+00 7.041E+00 3.000E+00
NAN NAN NAN 4.902E-01 3.188E-04 NAN 1.000E+00 7.041E+00 3.000E+00
NAN NAN NAN 4.902E-01 3.777E-04 NAN 1.000E+00 7.043E+00 3.000E+00
NAN NAN NAN 4.902E-01 4.856E-04 NAN 1.000E+00 7.045E+00 3.000E+00
NAN NAN NAN 4.902E-01 6.835E-04 NAN 1.000E+00 7.050E+00 3.000E+00
NAN NAN NAN 4.902E-01 1.046E-03 NAN 1.000E+00 7.058E+00 3.000E+00
NAN NAN NAN 4.902E-01 1.711E-03 NAN 1.000E+00 7.073E+00 3.000E+00
NAN NAN NAN 4.902E-01 2.930E-03 NAN 1.000E+00 7.101E+00 3.000E+00
NAN NAN NAN 4.902E-01 5.163E-03 NAN 1.000E+00 7.152E+00 0.000E+00
NAN NAN NAN 6.200E-01 2.481E-04 NAN 1.000E+00 7.043E+00 3.000E+00
NAN NAN NAN 6.200E-01 2.482E-04 NAN 1.000E+00 7.043E+00 3.000E+00
NAN NAN NAN 6.200E-01 2.482E-04 NAN 1.000E+00 7.043E+00 3.000E+00
NAN NAN NAN 6.200E-01 2.484E-04 NAN 1.000E+00 7.043E+00 3.000E+00
NAN NAN NAN 6.200E-01 2.486E-04 NAN 1.000E+00 7.043E+00 3.000E+00
NAN NAN NAN 6.200E-01 2.491E-04 NAN 1.000E+00 7.043E+00 3.000E+00
NAN NAN NAN 6.200E-01 2.499E-04 NAN 1.000E+00 7.043E+00 3.000E+00
NAN NAN NAN 6.200E-01 2.515E-04 NAN 1.000E+00 7.043E+00 3.000E+00
NAN NAN NAN 6.200E-01 2.543E-04 NAN 1.000E+00 7.043E+00 3.000E+00
NAN NAN NAN 6.200E-01 2.596E-04 NAN 1.000E+00 7.043E+00 3.000E+00
NAN NAN NAN 6.200E-01 2.691E-04 NAN 1.000E+00 7.043E+00 3.000E+00
NAN NAN NAN 6.200E-01 2.866E-04 NAN 1.000E+00 7.044E+00 3.000E+00
NAN NAN NAN 6.200E-01 3.188E-04 NAN 1.000E+00 7.044E+00 3.000E+00
NAN NAN NAN 6.200E-01 3.777E-04 NAN 1.000E+00 7.046E+00 3.000E+00
NAN NAN NAN 6.200E-01 4.856E-04 NAN 1.000E+00 7.048E+00 3.000E+00
NAN NAN NAN 6.200E-01 6.835E-04 NAN 1.000E+00 7.053E+00 3.000E+00
NAN NAN NAN 6.200E-01 1.046E-03 NAN 1.000E+00 7.061E+00 3.000E+00
NAN NAN NAN 6.200E-01 1.711E-03 NAN 1.000E+00 7.076E+00 3.000E+00
NAN NAN NAN 6.200E-01 2.930E-03 NAN 1.000E+00 7.104E+00 3.000E+00
NAN NAN NAN 6.200E-01 5.163E-03 NAN 1.000E+00 7.155E+00 3.000E+00
NAN NAN NAN 7.842E-01 2.481E-04 NAN 1.000E+00 7.046E+00 3.000E+00
NAN NAN NAN 7.842E-01 2.482E-04 NAN 1.000E+00 7.046E+00 3.000E+00
NAN NAN NAN 7.842E-01 2.482E-04 NAN 1.000E+00 7.046E+00 3.000E+00
NAN NAN NAN 7.842E-01 2.484E-04 NAN 1.000E+00 7.046E+00 3.000E+00
NAN NAN NAN 7.842E-01 2.486E-04 NAN 1.000E+00 7.046E+00 3.000E+00
NAN NAN NAN 7.842E-01 2.491E-04 NAN 1.000E+00 7.046E+00 3.000E+00
NAN NAN NAN 7.842E-01 2.499E-04 NAN 1.000E+00 7.046E+00 3.000E+00
NAN NAN NAN 7.842E-01 2.515E-04 NAN 1.000E+00 7.046E+00 3.000E+00
NAN NAN NAN 7.842E-01 2.543E-04 NAN 1.000E+00 7.047E+00 3.000E+00
NAN NAN NAN 7.842E-01 2.596E-04 NAN 1.000E+00 7.047E+00 3.000E+00
NAN NAN NAN 7.842E-01 2.691E-04 NAN 1.000E+00 7.047E+00 3.000E+00
NAN NAN NAN 7.842E-01 2.866E-04 NAN 1.000E+00 7.047E+00 3.000E+00
NAN NAN NAN 7.842E-01 3.188E-04 NAN 1.000E+00 7.048E+00 3.000E+00
NAN NAN NAN 7.842E-01 3.777E-04 NAN 1.000E+00 7.049E+00 3.000E+00
NAN NAN NAN 7.842E-01 4.856E-04 NAN 1.000E+00 7.052E+00 3.000E+00
NAN NAN NAN 7.842E-01 6.835E-04 NAN 1.000E+00 7.056E+00 3.000E+00
NAN NAN NAN 7.842E-01 1.046E-03 NAN 1.000E+00 7.065E+00 3.000E+00
NAN NAN NAN 7.842E-01 1.711E-03 NAN 1.000E+00 7.080E+00 3.000E+00
NAN NAN NAN 7.842E-01 2.930E-03 NAN 1.000E+00 7.108E+00 3.000E+00
NAN NAN NAN 7.842E-01 5.163E-03 NAN 1.000E+00 7.159E+00 3.000E+00
NAN NAN NAN 9.919E-01 2.481E-04 NAN 1.000E+00 7.051E+00 3.000E+00
NAN NAN NAN 9.919E-01 2.482E-04 NAN 1.000E+00 7.051E+00 3.000E+00
NAN NAN NAN 9.919E-01 2.482E-04 NAN 1.000E+00 7.051E+00 3.000E+00
NAN NAN NAN 9.919E-01 2.484E-04 NAN 1.000E+00 7.051E+00 3.000E+00
NAN NAN NAN 9.919E-01 2.486E-04 NAN 1.000E+00 7.051E+00 3.000E+00
NAN NAN NAN 9.919E-01 2.491E-04 NAN 1.000E+00 7.051E+00 3.000E+00
NAN NAN NAN 9.919E-01 2.499E-04 NAN 1.000E+00 7.051E+00 3.000E+00
NAN NAN NAN 9.919E-01 2.515E-04 NAN 1.000E+00 7.051E+00 3.000E+00
NAN NAN NAN 9.919E-01 2.543E-04 NAN 1.000E+00 7.051E+00 3.000E+00
NAN NAN NAN 9.919E-01 2.596E-04 NAN 1.000E+00 7.051E+00 3.000E+00
NAN NAN NAN 9.919E-01 2.691E-04 NAN 1.000E+00 7.052E+00 3.000E+00
NAN NAN NAN 9.919E-01 2.866E-04 NAN 1.000E+00 7.052E+00 3.000E+00
NAN NAN NAN 9.919E-01 3.188E-04 NAN 1.000E+00 7.053E+00 3.000E+00
NAN NAN NAN 9.919E-01 3.777E-04 NAN 1.000E+00 7.054E+00 3.000E+00
NAN NAN NAN 9.919E-01 4.856E-04 NAN 1.000E+00 7.057E+00 3.000E+00
NAN NAN NAN 9.919E-01 6.835E-04 NAN 1.000E+00 7.061E+00 3.000E+00
NAN NAN NAN 9.919E-01 1.046E-03 NAN 1.000E+00 7.069E+00 3.000E+00
NAN NAN NAN 9.919E-01 1.711E-03 NAN 1.000E+00 7.085E+00 3.000E+00
NAN NAN NAN 9.919E-01 2.930E-03 NAN 1.000E+00 7.113E+00 3.000E+00
NAN NAN NAN 9.919E-01 5.163E-03 NAN 1.000E+00 7.164E+00 3.000E+00
NAN NAN NAN 1.255E+00 2.481E-04 NAN 1.000E+00 7.057E+00 3.000E+00
NAN NAN NAN 1.255E+00 2.482E-04 NAN 1.000E+00 7.057E+00 3.000E+00
NAN NAN NAN 1.255E+00 2.482E-04 NAN 1.000E+00 7.057E+00 3.000E+00
NAN NAN NAN 1.255E+00 2.484E-04 NAN 1.000E+00 7.057E+00 3.000E+00
NAN NAN NAN 1.255E+00 2.486E-04 NAN 1.000E+00 7.057E+00 3.000E+00
NAN NAN NAN 1.255E+00 2.491E-04 NAN 1.000E+00 7.057E+00 3.000E+00
NAN NAN NAN 1.255E+00 2.499E-04 NAN 1.000E+00 7.057E+00 3.000E+00
NAN NAN NAN 1.255E+00 2.515E-04 NAN 1.000E+00 7.057E+00 3.000E+00
NAN NAN NAN 1.255E+00 2.543E-04 NAN 1.000E+00 7.057E+00 3.000E+00
NAN NAN NAN 1.255E+00 2.596E-04 NAN 1.000E+00 7.057E+00 3.000E+00
NAN NAN NAN 1.255E+00 2.691E-04 NAN 1.000E+00 7.058E+00 3.000E+00
NAN NAN NAN 1.255E+00 2.866E-04 NAN 1.000E+00 7.058E+00 3.000E+00
NAN NAN NAN 1.255E+00 3.188E-04 NAN 1.000E+00 7.059E+00 3.000E+00
NAN NAN NAN 1.255E+00 3.777E-04 NAN 1.000E+00 7.060E+00 3.000E+00
NAN NAN NAN 1.255E+00 4.856E-04 NAN 1.000E+00 7.063E+00 3.000E+00
NAN NAN NAN 1.255E+00 6.835E-04 NAN 1.000E+00 7.067E+00 3.000E+00
NAN NAN NAN 1.255E+00 1.046E-03 NAN 1.000E+00 7.076E+00 3.000E+00
NAN NAN NAN 1.255E+00 1.711E-03 NAN 1.000E+00 7.091E+00 3.000E+00
NAN NAN NAN 1.255E+00 2.930E-03 NAN 1.000E+00 7.125E+00 3.000E+00
NAN NAN NAN 1.255E+00 5.163E-03 NAN 1.000E+00 7.281E+00 3.000E+00
NAN NAN NAN 1.587E+00 2.481E-04 NAN 1.000E+00 8.603E+00 3.000E+00
NAN NAN NAN 1.587E+00 2.482E-04 NAN 1.000E+00 8.603E+00 3.000E+00
NAN NAN NAN 1.587E+00 2.482E-04 NAN 1.000E+00 8.603E+00 3.000E+00
NAN NAN NAN 1.587E+00 2.484E-04 NAN 1.000E+00 8.603E+00 3.000E+00
NAN NAN NAN 1.587E+00 2.486E-04 NAN 1.000E+00 8.603E+00 3.000E+00
NAN NAN NAN 1.587E+00 2.491E-04 NAN 1.000E+00 8.603E+00 3.000E+00
NAN NAN NAN 1.587E+00 2.499E-04 NAN 1.000E+00 8.603E+00 3.000E+00
NAN NAN NAN 1.587E+00 2.515E-04 NAN 1.000E+00 8.603E+00 3.000E+00
NAN NAN NAN 1.587E+00 2.543E-04 NAN 1.000E+00 8.604E+00 3.000E+00
NAN NAN NAN 1.587E+00 2.596E-04 NAN 1.000E+00 8.604E+00 3.000E+00
NAN NAN NAN 1.587E+00 2.691E-04 NAN 1.000E+00 8.605E+00 3.000E+00
NAN NAN NAN 1.587E+00 2.866E-04 NAN 1.000E+00 8.606E+00 3.000E+00
NAN NAN NAN 1.587E+00 3.188E-04 NAN 1.000E+00 8.608E+00 3.000E+00
NAN NAN NAN 1.587E+00 3.777E-04 NAN 1.000E+00 8.612E+00 3.000E+00
NAN NAN NAN 1.587E+00 4.856E-04 NAN 1.000E+00 8.619E+00 3.000E+00
NAN NAN NAN 1.587E+00 6.835E-04 NAN 1.000E+00 8.632E+00 3.000E+00
NAN NAN NAN 1.587E+00 1.046E-03 NAN 1.000E+00 8.655E+00 3.000E+00
NAN NAN NAN 1.587E+00 1.711E-03 NAN 1.000E+00 8.698E+00 3.000E+00
NAN NAN NAN 1.587E+00 2.930E-03 NAN 1.000E+00 8.782E+00 3.000E+00
NAN NAN NAN 1.587E+00 5.163E-03 NAN 1.000E+00 8.938E+00 3.000E+00
NAN NAN NAN 2.007E+00 2.481E-04 NAN 1.000E+00 1.071E+01 3.000E+00
NAN NAN NAN 2.007E+00 2.482E-04 NAN 1.000E+00 1.071E+01 3.000E+00
NAN NAN NAN 2.007E+00 2.482E-04 NAN 1.000E+00 1.071E+01 3.000E+00
NAN NAN NAN 2.007E+00 2.484E-04 NAN 1.000E+00 1.071E+01 3.000E+00
NAN NAN NAN 2.007E+00 2.486E-04 NAN 1.000E+00 1.071E+01 3.000E+00
NAN NAN NAN 2.007E+00 2.491E-04 NAN 1.000E+00 1.071E+01 3.000E+00
NAN NAN NAN 2.007E+00 2.499E-04 NAN 1.000E+00 1.071E+01 3.000E+00
NAN NAN NAN 2.007E+00 2.515E-04 NAN 1.000E+00 1.071E+01 3.000E+00
NAN NAN NAN 2.007E+00 2.543E-04 NAN 1.000E+00 1.071E+01 3.000E+00
NAN NAN NAN 2.007E+00 2.596E-04 NAN 1.000E+00 1.071E+01 3.000E+00
NAN NAN NAN 2.007E+00 2.691E-04 NAN 1.000E+00 1.071E+01 3.000E+00
NAN NAN NAN 2.007E+00 2.866E-04 NAN 1.000E+00 1.071E+01 3.000E+00
NAN NAN NAN 2.007E+00 3.188E-04 NAN 1.000E+00 1.071E+01 3.000E+00
NAN NAN NAN 2.007E+00 3.777E-04 NAN 1.000E+00 1.071E+01 3.000E+00
NAN NAN NAN 2.007E+00 4.856E-04 NAN 1.000E+00 1.072E+01 3.000E+00
NAN NAN NAN 2.007E+00 6.835E-04 NAN 1.000E+00 1.073E+01 3.000E+00
NAN NAN NAN 2.007E+00 1.046E-03 NAN 1.000E+00 1.076E+01 3.000E+00
NAN NAN NAN 2.007E+00 1.711E-03 NAN 1.000E+00 1.080E+01 3.000E+00
NAN NAN NAN 2.007E+00 2.930E-03 NAN 1.000E+00 1.088E+01 3.000E+00
NAN NAN NAN 2.007E+00 5.163E-03 NAN 1.000E+00 1.103E+01 3.000E+00
NAN NAN NAN 2.539E+00 2.481E-04 NAN 1.000E+00 1.337E+01 3.000E+00
NAN NAN NAN 2.539E+00 2.482E-04 NAN 1.000E+00 1.337E+01 3.000E+00
NAN NAN NAN 2.539E+00 2.482E-04 NAN 1.000E+00 1.337E+01 3.000E+00
NAN NAN NAN 2.539E+00 2.484E-04 NAN 1.000E+00 1.337E+01 3.000E+00
NAN NAN NAN 2.539E+00 2.486E-04 NAN 1.000E+00 1.337E+01 3.000E+00
NAN NAN NAN 2.539E+00 2.491E-04 NAN 1.000E+00 1.337E+01 3.000E+00
NAN NAN NAN 2.539E+00 2.499E-04 NAN 1.000E+00 1.337E+01 3.000E+00
NAN NAN NAN 2.539E+00 2.515E-04 NAN 1.000E+00 1.337E+01 3.000E+00
NAN NAN NAN 2.539E+00 2.543E-04 NAN 1.000E+00 1.337E+01 3.000E+00
NAN NAN NAN 2.539E+00 2.596E-04 NAN 1.000E+00 1.337E+01 3.000E+00
NAN NAN NAN 2.539E+00 2.691E-04 NAN 1.000E+00 1.337E+01 3.000E+00
NAN NAN NAN 2.539E+00 2.866E-04 NAN 1.000E+00 1.337E+01 3.000E+00
NAN NAN NAN 2.539E+00 3.188E-04 NAN 1.000E+00 1.337E+01 3.000E+00
NAN NAN NAN 2.539E+00 3.777E-04 NAN 1.000E+00 1.338E+01 3.000E+00
NAN NAN NAN 2.539E+00 4.856E-04 NAN 1.000E+00 1.338E+01 3.000E+00
NAN NAN NAN 2.539E+00 6.835E-04 NAN 1.000E+00 1.340E+01 3.000E+00
NAN NAN NAN 2.539E+00 1.046E-03 NAN 1.000E+00 1.342E+01 3.000E+00
NAN NAN NAN 2.539E+00 1.711E-03 NAN 1.000E+00 1.346E+01 3.000E+00
NAN NAN NAN 2.539E+00 2.930E-03 NAN 1.000E+00 1.354E+01 3.000E+00
NAN NAN NAN 2.539E+00 5.163E-03 NAN 1.000E+00 1.369E+01 3.000E+00
NAN NAN NAN 3.211E+00 2.481E-04 NAN 1.000E+00 1.673E+01 3.000E+00
NAN NAN NAN 3.211E+00 2.482E-04 NAN 1.000E+00 1.673E+01 3.000E+00
NAN NAN NAN 3.211E+00 2.482E-04 NAN 1.000E+00 1.673E+01 3.000E+00
NAN NAN NAN 3.211E+00 2.484E-04 NAN 1.000E+00 1.673E+01 3.000E+00
NAN NAN NAN 3.211E+00 2.486E-04 NAN 1.000E+00 1.673E+01 3.000E+00
NAN NAN NAN 3.211E+00 2.491E-04 NAN 1.000E+00 1.673E+01 3.000E+00
NAN NAN NAN 3.211E+00 2.499E-04 NAN 1.000E+00 1.673E+01 3.000E+00
NAN NAN NAN 3.211E+00 2.515E-04 NAN 1.000E+00 1.673E+01 3.000E+00
NAN NAN NAN 3.211E+00 2.543E-04 NAN 1.000E+00 1.673E+01 3.000E+00
NAN NAN NAN 3.211E+00 2.596E-04 NAN 1.000E+00 1.673E+01 3.000E+00
NAN NAN NAN 3.211E+00 2.691E-04 NAN 1.000E+00 1.673E+01 3.000E+00
NAN NAN NAN 3.211E+00 2.866E-04 NAN 1.000E+00 1.673E+01 3.000E+00
NAN NAN NAN 3.211E+00 3.188E-04 NAN 1.000E+00 1.674E+01 3.000E+00
NAN NAN NAN 3.211E+00 3.777E-04 NAN 1.000E+00 1.674E+01 3.000E+00
NAN NAN NAN 3.211E+00 4.856E-04 NAN 1.000E+00 1.675E+01 3.000E+00
NAN NAN NAN 3.211E+00 6.835E-04 NAN 1.000E+00 1.676E+01 3.000E+00
NAN NAN NAN 3.211E+00 1.046E-03 NAN 1.000E+00 1.678E+01 3.000E+00
NAN NAN NAN 3.211E+00 1.711E-03 NAN 1.000E+00 1.683E+01 3.000E+00
NAN NAN NAN 3.211E+00 2.930E-03 NAN 1.000E+00 1.691E+01 3.000E+00
NAN NAN NAN 3.211E+00 5.163E-03 NAN 1.000E+00 1.705E+01 3.000E+00
NAN NAN NAN 4.062E+00 2.481E-04 NAN 1.000E+00 2.099E+01 3.000E+00
NAN NAN NAN 4.062E+00 2.482E-04 NAN 1.000E+00 2.099E+01 3.000E+00
NAN NAN NAN 4.062E+00 2.482E-04 NAN 1.000E+00 2.099E+01 3.000E+00
NAN NAN NAN 4.062E+00 2.484E-04 NAN 1.000E+00 2.099E+01 3.000E+00
NAN NAN NAN 4.062E+00 2.486E-04 NAN 1.000E+00 2.099E+01 3.000E+00
NAN NAN NAN 4.062E+00 2.491E-04 NAN 1.000E+00 2.099E+01 3.000E+00
NAN NAN NAN 4.062E+00 2.499E-04 NAN 1.000E+00 2.099E+01 3.000E+00
NAN NAN NAN 4.062E+00 2.515E-04 NAN 1.000E+00 2.099E+01 3.000E+00
NAN NAN NAN 4.062E+00 2.543E-04 NAN 1.000E+00 2.099E+01 3.000E+00
NAN NAN NAN 4.062E+00 2.596E-04 NAN 1.000E+00 2.099E+01 3.000E+00
NAN NAN NAN 4.062E+00 2.691E-04 NAN 1.000E+00 2.099E+01 3.000E+00
NAN NAN NAN 4.062E+00 2.866E-04 NAN 1.000E+00 2.099E+01 3.000E+00
NAN NAN NAN 4.062E+00 3.188E-04 NAN 1.000E+00 2.100E+01 3.000E+00
NAN NAN NAN 4.062E+00 3.777E-04 NAN 1.000E+00 2.100E+01 3.000E+00
NAN NAN NAN 4.062E+00 4.856E-04 NAN 1.000E+00 2.101E+01 3.000E+00
NAN NAN NAN 4.062E+00 6.835E-04 NAN 1.000E+00 2.102E+01 3.000E+00
NAN NAN NAN 4.062E+00 1.046E-03 NAN 1.000E+00 2.104E+01 3.000E+00
NAN NAN NAN 4.062E+00 1.711E-03 NAN 1.000E+00 2.109E+01 3.000E+00
NAN NAN NAN 4.062E+00 2.930E-03 NAN 1.000E+00 2.117E+01 3.000E+00
NAN NAN NAN 4.062E+00 5.163E-03 NAN 1.000E+00 2.131E+01 3.000E+00
NAN NAN NAN 5.138E+00 2.481E-04 NAN 1.000E+00 2.638E+01 3.000E+00
NAN NAN NAN 5.138E+00 2.482E-04 NAN 1.000E+00 2.638E+01 3.000E+00
NAN NAN NAN 5.138E+00 2.482E-04 NAN 1.000E+00 2.638E+01 3.000E+00
NAN NAN NAN 5.138E+00 2.484E-04 NAN 1.000E+00 2.638E+01 3.000E+00
NAN NAN NAN 5.138E+00 2.486E-04 NAN 1.000E+00 2.638E+01 3.000E+00
NAN NAN NAN 5.138E+00 2.491E-04 NAN 1.000E+00 2.638E+01 3.000E+00
NAN NAN NAN 5.138E+00 2.499E-04 NAN 1.000E+00 2.638E+01 3.000E+00
NAN NAN NAN 5.138E+00 2.515E-04 NAN 1.000E+00 2.638E+01 3.000E+00
NAN NAN NAN 5.138E+00 2.543E-04 NAN 1.000E+00 2.638E+01 3.000E+00
NAN NAN NAN 5.138E+00 2.596E-04 NAN 1.000E+00 2.638E+01 3.000E+00
NAN NAN NAN 5.138E+00 2.691E-04 NAN 1.000E+00 2.638E+01 3.000E+00
NAN NAN NAN 5.138E+00 2.866E-04 NAN 1.000E+00 2.638E+01 3.000E+00
NAN NAN NAN 5.138E+00 3.188E-04 NAN 1.000E+00 2.638E+01 3.000E+00
NAN NAN NAN 5.138E+00 3.777E-04 NAN 1.000E+00 2.638E+01 3.000E+00
NAN NAN NAN 5.138E+00 4.856E-04 NAN 1.000E+00 2.639E+01 3.000E+00
NAN NAN NAN 5.138E+00 6.835E-04 NAN 1.000E+00 2.640E+01 3.000E+00
NAN NAN NAN 5.138E+00 1.046E-03 NAN 1.000E+00 2.643E+01 3.000E+00
NAN NAN NAN 5.138E+00 1.711E-03 NAN 1.000E+00 2.647E+01 3.000E+00
NAN NAN NAN 5.138E+00 2.930E-03 NAN 1.000E+00 2.655E+01 3.000E+00
NAN NAN NAN 5.138E+00 5.163E-03 NAN 1.000E+00 2.670E+01 3.000E+00
