1.314E+06 7.165E+02 3.156E+00 5.137E-05 3.124E-04 1.364E+03 9.191E-01 8.842E+01 2.000E+00
1.331E+06 7.165E+02 3.156E+00 5.137E-05 3.124E-04 1.364E+03 9.191E-01 8.842E+01 2.000E+00
1.363E+06 7.165E+02 3.156E+00 5.137E-05 3.125E-04 1.364E+03 9.191E-01 8.842E+01 2.000E+00
1.426E+06 7.165E+02 3.156E+00 5.137E-05 3.126E-04 1.364E+03 9.191E-01 8.842E+01 2.000E+00
1.560E+06 7.165E+02 3.156E+00 5.137E-05 3.129E-04 1.364E+03 9.191E-01 8.842E+01 2.000E+00
2.547E+06 3.716E+02 3.817E+00 5.137E-05 3.133E-04 2.046E+03 9.191E-01 8.842E+01 2.000E+00
2.078E+06 5.678E+02 3.405E+00 5.137E-05 3.142E-04 1.525E+03 9.191E-01 8.842E+01 2.000E+00
7.940E+06 7.114E+02 3.164E+00 5.137E-05 3.157E-04 1.368E+03 9.191E-01 8.842E+01 2.000E+00
2.189E+07 6.146E+02 3.321E+00 5.137E-05 3.186E-04 1.464E+03 9.191E-01 8.842E+01 2.000E+00
3.281E+06 5.919E+02 3.361E+00 5.137E-05 3.238E-04 1.493E+03 9.191E-01 8.842E+01 2.000E+00
1.392E+07 5.755E+02 3.391E+00 5.137E-05 3.333E-04 1.514E+03 9.192E-01 8.842E+01 2.000E+00
6.387E+06 6.750E+02 3.221E+00 5.137E-05 3.509E-04 1.401E+03 9.192E-01 8.842E+01 2.000E+00
9.514E+07 8.716E+02 2.944E+00 5.137E-05 3.830E-04 1.264E+03 9.193E-01 8.842E+01 2.000E+00
5.847E+06 9.562E+02 2.844E+00 5.137E-05 4.419E-04 1.224E+03 9.195E-01 8.842E+01 2.000E+00
3.152E+06 4.494E+02 3.642E+00 5.137E-05 5.499E-04 1.759E+03 9.199E-01 8.842E+01 2.000E+00
4.910E+06 8.918E+02 2.920E+00 5.137E-05 7.477E-04 1.254E+03 9.206E-01 8.843E+01 2.000E+00
5.181E+06 8.843E+02 2.929E+00 5.137E-05 1.110E-03 1.267E+03 9.219E-01 8.844E+01 2.000E+00
3.678E+06 4.272E+02 3.693E+00 5.137E-05 1.775E-03 1.821E+03 9.243E-01 8.845E+01 2.000E+00
1.773E+06 2.757E+02 4.055E+00 5.137E-05 2.994E-03 2.899E+03 9.286E-01 8.848E+01 2.000E+00
1.241E+07 8.713E+02 2.949E+00 5.137E-05 5.228E-03 1.265E+03 9.366E-01 8.853E+01 2.000E+00
1.357E+06 7.165E+02 3.156E+00 6.498E-05 3.124E-04 1.364E+03 9.191E-01 8.842E+01 2.000E+00
1.374E+06 7.165E+02 3.156E+00 6.498E-05 3.124E-04 1.365E+03 9.191E-01 8.842E+01 2.000E+00
1.409E+06 7.165E+02 3.156E+00 6.498E-05 3.125E-04 1.364E+03 9.191E-01 8.842E+01 2.000E+00
1.477E+06 7.165E+02 3.156E+00 6.498E-05 3.126E-04 1.365E+03 9.191E-01 8.842E+01 2.000E+00
2.930E+06 2.770E+02 4.042E+00 6.498E-05 3.129E-04 2.917E+03 9.191E-01 8.842E+01 2.000E+00
3.264E+06 3.716E+02 3.817E+00 6.498E-05 3.133E-04 2.045E+03 9.191E-01 8.842E+01 2.000E+00
8.250E+06 3.602E+02 3.844E+00 6.498E-05 3.142E-04 2.104E+03 9.191E-01 8.842E+01 2.000E+00
1.041E+07 7.114E+02 3.164E+00 6.498E-05 3.157E-04 1.369E+03 9.191E-01 8.842E+01 2.000E+00
2.962E+12 6.146E+02 3.321E+00 6.498E-05 3.186E-04 1.468E+03 9.191E-01 8.842E+01 2.000E+00
3.872E+06 5.919E+02 3.361E+00 6.498E-05 3.238E-04 1.492E+03 9.191E-01 8.842E+01 2.000E+00
5.109E+07 5.755E+02 3.391E+00 6.498E-05 3.333E-04 1.514E+03 9.192E-01 8.842E+01 2.000E+00
8.216E+06 6.750E+02 3.221E+00 6.498E-05 3.509E-04 1.401E+03 9.192E-01 8.842E+01 2.000E+00
1.249E+06 8.880E+02 2.924E+00 6.498E-05 3.830E-04 1.259E+03 9.194E-01 8.842E+01 2.000E+00
5.963E+06 9.562E+02 2.844E+00 6.498E-05 4.419E-04 1.225E+03 9.196E-01 8.842E+01 2.000E+00
4.104E+06 4.494E+02 3.642E+00 6.498E-05 5.499E-04 1.759E+03 9.200E-01 8.842E+01 2.000E+00
5.131E+06 8.918E+02 2.920E+00 6.498E-05 7.477E-04 1.254E+03 9.207E-01 8.843E+01 2.000E+00
5.449E+06 8.843E+02 2.929E+00 6.498E-05 1.110E-03 1.259E+03 9.219E-01 8.844E+01 2.000E+00
5.164E+06 4.272E+02 3.693E+00 6.498E-05 1.775E-03 1.821E+03 9.243E-01 8.845E+01 2.000E+00
2.141E+06 2.757E+02 4.055E+00 6.498E-05 2.994E-03 2.895E+03 9.287E-01 8.848E+01 2.000E+00
1.440E+07 8.713E+02 2.949E+00 6.498E-05 5.228E-03 1.265E+03 9.366E-01 8.853E+01 2.000E+00
1.415E+06 7.165E+02 3.156E+00 8.219E-05 3.124E-04 1.364E+03 9.191E-01 8.842E+01 2.000E+00
1.434E+06 7.165E+02 3.156E+00 8.219E-05 3.124E-04 1.364E+03 9.191E-01 8.842E+01 2.000E+00
1.472E+06 7.165E+02 3.156E+00 8.219E-05 3.125E-04 1.364E+03 9.191E-01 8.842E+01 2.000E+00
2.406E+06 2.770E+02 4.042E+00 8.219E-05 3.126E-04 2.922E+03 9.191E-01 8.842E+01 2.000E+00
1.864E+06 3.716E+02 3.817E+00 8.219E-05 3.129E-04 2.045E+03 9.191E-01 8.842E+01 2.000E+00
5.110E+06 3.716E+02 3.817E+00 8.219E-05 3.133E-04 2.045E+03 9.191E-01 8.842E+01 2.000E+00
2.705E+06 5.678E+02 3.405E+00 8.219E-05 3.142E-04 1.525E+03 9.191E-01 8.842E+01 2.000E+00
1.728E+07 7.114E+02 3.164E+00 8.219E-05 3.157E-04 1.368E+03 9.191E-01 8.842E+01 2.000E+00
1.341E+06 6.072E+02 3.334E+00 8.219E-05 3.186E-04 1.502E+03 9.192E-01 8.842E+01 2.000E+00
5.037E+06 5.919E+02 3.361E+00 8.219E-05 3.238E-04 1.492E+03 9.192E-01 8.842E+01 2.000E+00
2.612E+06 7.431E+02 3.117E+00 8.219E-05 3.333E-04 1.344E+03 9.192E-01 8.842E+01 2.000E+00
1.296E+07 6.750E+02 3.221E+00 8.219E-05 3.509E-04 1.401E+03 9.193E-01 8.842E+01 2.000E+00
1.262E+06 8.880E+02 2.924E+00 8.219E-05 3.830E-04 1.255E+03 9.194E-01 8.842E+01 2.000E+00
6.118E+06 9.562E+02 2.844E+00 8.219E-05 4.419E-04 1.224E+03 9.196E-01 8.842E+01 2.000E+00
6.701E+06 4.494E+02 3.642E+00 8.219E-05 5.499E-04 1.759E+03 9.200E-01 8.842E+01 2.000E+00
5.442E+06 8.918E+02 2.920E+00 8.219E-05 7.477E-04 1.254E+03 9.207E-01 8.843E+01 2.000E+00
5.832E+06 8.843E+02 2.929E+00 8.219E-05 1.110E-03 1.257E+03 9.220E-01 8.844E+01 2.000E+00
1.073E+07 4.272E+02 3.693E+00 8.219E-05 1.775E-03 1.886E+03 9.243E-01 8.845E+01 2.000E+00
2.919E+06 2.757E+02 4.055E+00 8.219E-05 2.994E-03 2.896E+03 9.287E-01 8.848E+01 2.000E+00
1.809E+07 8.713E+02 2.949E+00 8.219E-05 5.228E-03 1.278E+03 9.366E-01 8.853E+01 2.000E+00
2.193E+06 2.770E+02 4.042E+00 1.040E-04 3.124E-04 2.944E+03 9.192E-01 8.842E+01 2.000E+00
2.365E+06 2.770E+02 4.042E+00 1.040E-04 3.124E-04 2.919E+03 9.192E-01 8.842E+01 2.000E+00
1.469E+06 3.716E+02 3.817E+00 1.040E-04 3.125E-04 2.045E+03 9.192E-01 8.842E+01 2.000E+00
1.715E+06 3.716E+02 3.817E+00 1.040E-04 3.126E-04 2.059E+03 9.192E-01 8.842E+01 2.000E+00
2.496E+06 3.716E+02 3.817E+00 1.040E-04 3.129E-04 2.045E+03 9.192E-01 8.842E+01 2.000E+00
1.883E+07 3.716E+02 3.817E+00 1.040E-04 3.133E-04 2.045E+03 9.192E-01 8.842E+01 2.000E+00
3.459E+06 5.678E+02 3.405E+00 1.040E-04 3.142E-04 1.525E+03 9.192E-01 8.842E+01 2.000E+00
1.125E+08 7.114E+02 3.164E+00 1.040E-04 3.157E-04 1.368E+03 9.192E-01 8.842E+01 2.000E+00
1.465E+06 6.072E+02 3.334E+00 1.040E-04 3.186E-04 1.473E+03 9.192E-01 8.842E+01 2.000E+00
8.214E+06 5.919E+02 3.361E+00 1.040E-04 3.238E-04 1.492E+03 9.192E-01 8.842E+01 2.000E+00
2.897E+06 7.431E+02 3.117E+00 1.040E-04 3.333E-04 1.344E+03 9.193E-01 8.842E+01 2.000E+00
5.012E+07 6.750E+02 3.221E+00 1.040E-04 3.509E-04 1.401E+03 9.193E-01 8.842E+01 2.000E+00
1.280E+06 8.880E+02 2.924E+00 1.040E-04 3.830E-04 1.255E+03 9.194E-01 8.842E+01 2.000E+00
6.326E+06 9.562E+02 2.844E+00 1.040E-04 4.419E-04 1.225E+03 9.196E-01 8.842E+01 2.000E+00
3.627E+07 4.494E+02 3.642E+00 1.040E-04 5.499E-04 1.767E+03 9.200E-01 8.842E+01 2.000E+00
5.896E+06 8.918E+02 2.920E+00 1.040E-04 7.477E-04 1.288E+03 9.207E-01 8.843E+01 2.000E+00
1.765E+06 2.836E+02 4.030E+00 1.040E-04 1.110E-03 2.796E+03 9.220E-01 8.844E+01 2.000E+00
3.039E+06 2.933E+02 4.009E+00 1.040E-04 1.775E-03 2.650E+03 9.244E-01 8.845E+01 2.000E+00
5.486E+06 2.757E+02 4.055E+00 1.040E-04 2.994E-03 2.895E+03 9.287E-01 8.848E+01 2.000E+00
2.686E+07 8.713E+02 2.949E+00 1.040E-04 5.228E-03 1.265E+03 9.367E-01 8.853E+01 2.000E+00
1.679E+06 3.716E+02 3.817E+00 1.315E-04 3.124E-04 2.045E+03 9.192E-01 8.842E+01 2.000E+00
1.766E+06 3.716E+02 3.817E+00 1.315E-04 3.124E-04 2.045E+03 9.192E-01 8.842E+01 2.000E+00
1.952E+06 3.716E+02 3.817E+00 1.315E-04 3.125E-04 2.045E+03 9.192E-01 8.842E+01 2.000E+00
2.425E+06 3.716E+02 3.817E+00 1.315E-04 3.126E-04 2.047E+03 9.192E-01 8.842E+01 2.000E+00
4.441E+06 3.716E+02 3.817E+00 1.315E-04 3.129E-04 2.045E+03 9.192E-01 8.842E+01 2.000E+00
1.325E+07 3.663E+02 3.830E+00 1.315E-04 3.133E-04 2.073E+03 9.192E-01 8.842E+01 2.000E+00
5.402E+06 5.678E+02 3.405E+00 1.315E-04 3.142E-04 1.528E+03 9.192E-01 8.842E+01 2.000E+00
1.095E+06 6.146E+02 3.321E+00 1.315E-04 3.157E-04 1.465E+03 9.192E-01 8.842E+01 2.000E+00
1.663E+06 6.072E+02 3.334E+00 1.315E-04 3.186E-04 1.473E+03 9.192E-01 8.842E+01 2.000E+00
4.436E+07 5.919E+02 3.361E+00 1.315E-04 3.238E-04 1.492E+03 9.193E-01 8.842E+01 2.000E+00
3.369E+06 7.431E+02 3.117E+00 1.315E-04 3.333E-04 1.344E+03 9.193E-01 8.842E+01 2.000E+00
6.868E+06 9.325E+02 2.871E+00 1.315E-04 3.509E-04 1.235E+03 9.194E-01 8.842E+01 2.000E+00
1.304E+06 8.880E+02 2.924E+00 1.315E-04 3.830E-04 1.256E+03 9.195E-01 8.842E+01 2.000E+00
6.611E+06 9.562E+02 2.844E+00 1.315E-04 4.419E-04 1.224E+03 9.197E-01 8.842E+01 2.000E+00
1.462E+06 4.409E+02 3.661E+00 1.315E-04 5.499E-04 1.783E+03 9.201E-01 8.842E+01 2.000E+00
6.599E+06 8.918E+02 2.920E+00 1.315E-04 7.477E-04 1.259E+03 9.208E-01 8.843E+01 2.000E+00
4.518E+06 6.599E+02 3.246E+00 1.315E-04 1.110E-03 1.417E+03 9.221E-01 8.844E+01 2.000E+00
3.307E+06 2.881E+02 4.021E+00 1.315E-04 1.775E-03 2.720E+03 9.244E-01 8.845E+01 2.000E+00
3.551E+06 5.584E+02 3.427E+00 1.315E-04 2.994E-03 1.539E+03 9.288E-01 8.848E+01 2.000E+00
7.028E+07 8.713E+02 2.949E+00 1.315E-04 5.228E-03 1.265E+03 9.367E-01 8.853E+01 2.000E+00
2.638E+06 3.716E+02 3.817E+00 1.663E-04 3.124E-04 2.045E+03 9.193E-01 8.842E+01 2.000E+00
2.866E+06 3.716E+02 3.817E+00 1.663E-04 3.124E-04 2.045E+03 9.193E-01 8.842E+01 2.000E+00
3.411E+06 3.716E+02 3.817E+00 1.663E-04 3.125E-04 2.045E+03 9.193E-01 8.842E+01 2.000E+00
5.264E+06 3.716E+02 3.817E+00 1.663E-04 3.126E-04 2.045E+03 9.193E-01 8.842E+01 2.000E+00
5.018E+06 3.663E+02 3.830E+00 1.663E-04 3.129E-04 2.072E+03 9.193E-01 8.842E+01 2.000E+00
2.178E+06 5.678E+02 3.405E+00 1.663E-04 3.133E-04 1.525E+03 9.193E-01 8.842E+01 2.000E+00
2.002E+07 5.678E+02 3.405E+00 1.663E-04 3.142E-04 1.526E+03 9.193E-01 8.842E+01 2.000E+00
1.220E+06 6.146E+02 3.321E+00 1.663E-04 3.157E-04 1.473E+03 9.193E-01 8.842E+01 2.000E+00
1.760E+07 6.411E+02 3.276E+00 1.663E-04 3.186E-04 1.435E+03 9.193E-01 8.842E+01 2.000E+00
3.423E+06 5.833E+02 3.377E+00 1.663E-04 3.238E-04 1.504E+03 9.193E-01 8.842E+01 2.000E+00
4.069E+06 3.483E+02 3.872E+00 1.663E-04 3.333E-04 2.175E+03 9.194E-01 8.842E+01 2.000E+00
7.585E+06 9.325E+02 2.871E+00 1.663E-04 3.509E-04 1.235E+03 9.194E-01 8.842E+01 2.000E+00
1.335E+06 8.880E+02 2.924E+00 1.663E-04 3.830E-04 1.255E+03 9.195E-01 8.842E+01 2.000E+00
8.403E+06 4.091E+02 3.731E+00 1.663E-04 4.419E-04 1.885E+03 9.197E-01 8.842E+01 2.000E+00
1.993E+06 4.409E+02 3.661E+00 1.663E-04 5.499E-04 1.783E+03 9.201E-01 8.842E+01 2.000E+00
7.782E+06 8.918E+02 2.920E+00 1.663E-04 7.477E-04 1.254E+03 9.208E-01 8.843E+01 2.000E+00
8.964E+06 8.843E+02 2.929E+00 1.663E-04 1.110E-03 1.258E+03 9.221E-01 8.844E+01 2.000E+00
2.156E+06 2.883E+02 4.021E+00 1.663E-04 1.775E-03 2.718E+03 9.245E-01 8.845E+01 2.000E+00
6.859E+06 5.584E+02 3.427E+00 1.663E-04 2.994E-03 1.537E+03 9.288E-01 8.848E+01 2.000E+00
2.148E+06 8.755E+02 2.944E+00 1.663E-04 5.228E-03 1.263E+03 9.368E-01 8.853E+01 2.000E+00
1.051E+07 3.716E+02 3.817E+00 2.104E-04 3.124E-04 2.045E+03 9.194E-01 8.842E+01 2.000E+00
1.569E+07 3.716E+02 3.817E+00 2.104E-04 3.124E-04 2.050E+03 9.194E-01 8.842E+01 2.000E+00
1.760E+08 3.716E+02 3.817E+00 2.104E-04 3.125E-04 2.046E+03 9.194E-01 8.842E+01 2.000E+00
9.776E+06 3.663E+02 3.830E+00 2.104E-04 3.126E-04 2.072E+03 9.194E-01 8.842E+01 2.000E+00
1.947E+06 5.678E+02 3.405E+00 2.104E-04 3.129E-04 1.525E+03 9.194E-01 8.842E+01 2.000E+00
3.356E+06 5.678E+02 3.405E+00 2.104E-04 3.133E-04 1.525E+03 9.194E-01 8.842E+01 2.000E+00
1.325E+07 7.294E+02 3.137E+00 2.104E-04 3.142E-04 1.354E+03 9.194E-01 8.842E+01 2.000E+00
1.435E+06 6.146E+02 3.321E+00 2.104E-04 3.157E-04 1.471E+03 9.194E-01 8.842E+01 2.000E+00
2.788E+06 6.072E+02 3.334E+00 2.104E-04 3.186E-04 1.473E+03 9.194E-01 8.842E+01 2.000E+00
7.476E+06 5.833E+02 3.377E+00 2.104E-04 3.238E-04 1.504E+03 9.194E-01 8.842E+01 2.000E+00
6.505E+06 7.431E+02 3.117E+00 2.104E-04 3.333E-04 1.345E+03 9.194E-01 8.842E+01 2.000E+00
8.748E+06 9.325E+02 2.871E+00 2.104E-04 3.509E-04 1.235E+03 9.195E-01 8.842E+01 2.000E+00
1.377E+06 8.880E+02 2.924E+00 2.104E-04 3.830E-04 1.255E+03 9.196E-01 8.842E+01 2.000E+00
2.540E+08 6.331E+02 3.290E+00 2.104E-04 4.419E-04 1.443E+03 9.198E-01 8.842E+01 2.000E+00
3.808E+06 4.409E+02 3.661E+00 2.104E-04 5.499E-04 1.790E+03 9.202E-01 8.842E+01 2.000E+00
1.010E+07 8.918E+02 2.920E+00 2.104E-04 7.477E-04 1.254E+03 9.209E-01 8.843E+01 2.000E+00
1.994E+08 6.599E+02 3.246E+00 2.104E-04 1.110E-03 1.421E+03 9.222E-01 8.844E+01 2.000E+00
7.093E+06 2.883E+02 4.021E+00 2.104E-04 1.775E-03 2.720E+03 9.246E-01 8.845E+01 2.000E+00
1.926E+06 8.322E+02 2.997E+00 2.104E-04 2.994E-03 1.286E+03 9.289E-01 8.848E+01 2.000E+00
2.512E+06 8.030E+02 3.038E+00 2.104E-04 5.228E-03 1.303E+03 9.369E-01 8.853E+01 2.000E+00
1.831E+06 5.678E+02 3.405E+00 2.661E-04 3.124E-04 1.525E+03 9.195E-01 8.842E+01 2.000E+00
1.895E+06 5.678E+02 3.405E+00 2.661E-04 3.124E-04 1.525E+03 9.195E-01 8.842E+01 2.000E+00
2.026E+06 5.678E+02 3.405E+00 2.661E-04 3.125E-04 1.525E+03 9.195E-01 8.842E+01 2.000E+00
2.325E+06 5.678E+02 3.405E+00 2.661E-04 3.126E-04 1.525E+03 9.195E-01 8.842E+01 2.000E+00
3.210E+06 5.678E+02 3.405E+00 2.661E-04 3.129E-04 1.525E+03 9.195E-01 8.842E+01 2.000E+00
1.172E+07 5.678E+02 3.405E+00 2.661E-04 3.133E-04 1.525E+03 9.195E-01 8.842E+01 2.000E+00
9.050E+06 7.114E+02 3.164E+00 2.661E-04 3.142E-04 1.369E+03 9.195E-01 8.842E+01 2.000E+00
1.865E+06 6.146E+02 3.321E+00 2.661E-04 3.157E-04 1.464E+03 9.195E-01 8.842E+01 2.000E+00
5.626E+06 6.072E+02 3.334E+00 2.661E-04 3.186E-04 1.474E+03 9.195E-01 8.842E+01 2.000E+00
1.091E+06 7.898E+02 3.051E+00 2.661E-04 3.238E-04 1.311E+03 9.195E-01 8.842E+01 2.000E+00
2.067E+07 7.431E+02 3.117E+00 2.661E-04 3.333E-04 1.344E+03 9.195E-01 8.842E+01 2.000E+00
1.088E+07 9.325E+02 2.871E+00 2.661E-04 3.509E-04 1.235E+03 9.196E-01 8.842E+01 2.000E+00
1.435E+06 8.880E+02 2.924E+00 2.661E-04 3.830E-04 1.256E+03 9.197E-01 8.842E+01 2.000E+00
8.391E+06 6.180E+02 3.315E+00 2.661E-04 4.419E-04 1.460E+03 9.199E-01 8.842E+01 2.000E+00
4.526E+07 2.949E+02 4.001E+00 2.661E-04 5.499E-04 2.646E+03 9.203E-01 8.842E+01 2.000E+00
1.635E+07 8.918E+02 2.920E+00 2.661E-04 7.477E-04 1.254E+03 9.210E-01 8.843E+01 2.000E+00
3.738E+07 6.515E+02 3.260E+00 2.661E-04 1.110E-03 1.423E+03 9.223E-01 8.844E+01 2.000E+00
7.684E+06 3.129E+02 3.962E+00 2.661E-04 1.775E-03 2.436E+03 9.247E-01 8.845E+01 2.000E+00
2.144E+06 8.322E+02 2.997E+00 2.661E-04 2.994E-03 1.287E+03 9.290E-01 8.848E+01 2.000E+00
3.025E+06 8.030E+02 3.038E+00 2.661E-04 5.228E-03 1.307E+03 9.370E-01 8.853E+01 2.000E+00
3.438E+06 5.678E+02 3.405E+00 3.366E-04 3.124E-04 1.525E+03 9.196E-01 8.842E+01 2.000E+00
3.687E+06 5.678E+02 3.405E+00 3.366E-04 3.124E-04 1.525E+03 9.196E-01 8.842E+01 2.000E+00
4.256E+06 5.678E+02 3.405E+00 3.366E-04 3.125E-04 1.525E+03 9.196E-01 8.842E+01 2.000E+00
5.964E+06 5.678E+02 3.405E+00 3.366E-04 3.126E-04 1.529E+03 9.196E-01 8.842E+01 2.000E+00
2.401E+07 5.678E+02 3.405E+00 3.366E-04 3.129E-04 1.527E+03 9.196E-01 8.842E+01 2.000E+00
2.000E+07 7.294E+02 3.137E+00 3.366E-04 3.133E-04 1.354E+03 9.196E-01 8.842E+01 2.000E+00
1.103E+06 6.146E+02 3.321E+00 3.366E-04 3.142E-04 1.464E+03 9.196E-01 8.842E+01 2.000E+00
3.100E+06 6.146E+02 3.321E+00 3.366E-04 3.157E-04 1.469E+03 9.196E-01 8.842E+01 2.000E+00
4.954E+06 7.842E+02 3.059E+00 3.366E-04 3.186E-04 1.315E+03 9.196E-01 8.842E+01 2.000E+00
1.190E+06 7.898E+02 3.051E+00 3.366E-04 3.238E-04 1.311E+03 9.196E-01 8.842E+01 2.000E+00
1.146E+07 7.661E+02 3.084E+00 3.366E-04 3.333E-04 1.327E+03 9.197E-01 8.842E+01 2.000E+00
4.139E+06 3.109E+02 3.962E+00 3.366E-04 3.509E-04 2.469E+03 9.197E-01 8.842E+01 2.000E+00
1.517E+06 8.880E+02 2.924E+00 3.366E-04 3.830E-04 1.255E+03 9.198E-01 8.842E+01 2.000E+00
5.122E+06 6.235E+02 3.306E+00 3.366E-04 4.419E-04 1.454E+03 9.201E-01 8.842E+01 2.000E+00
6.264E+07 8.592E+02 2.960E+00 3.366E-04 5.499E-04 1.270E+03 9.204E-01 8.842E+01 2.000E+00
8.078E+07 8.918E+02 2.920E+00 3.366E-04 7.477E-04 1.255E+03 9.211E-01 8.843E+01 2.000E+00
4.582E+06 4.544E+02 3.633E+00 3.366E-04 1.110E-03 1.744E+03 9.224E-01 8.844E+01 2.000E+00
3.907E+06 3.090E+02 3.971E+00 3.366E-04 1.775E-03 2.475E+03 9.248E-01 8.845E+01 2.000E+00
2.512E+06 8.322E+02 2.997E+00 3.366E-04 2.994E-03 1.286E+03 9.291E-01 8.848E+01 2.000E+00
4.122E+06 8.030E+02 3.038E+00 3.366E-04 5.228E-03 1.304E+03 9.371E-01 8.853E+01 2.000E+00
3.343E+07 7.165E+02 3.156E+00 4.257E-04 3.124E-04 1.364E+03 9.197E-01 8.842E+01 2.000E+00
5.608E+07 7.165E+02 3.156E+00 4.257E-04 3.124E-04 1.364E+03 9.197E-01 8.842E+01 2.000E+00
9.850E+06 7.294E+02 3.137E+00 4.257E-04 3.125E-04 1.354E+03 9.197E-01 8.842E+01 2.000E+00
1.564E+07 7.294E+02 3.137E+00 4.257E-04 3.126E-04 1.354E+03 9.197E-01 8.842E+01 2.000E+00
6.927E+06 7.114E+02 3.164E+00 4.257E-04 3.129E-04 1.368E+03 9.198E-01 8.842E+01 2.000E+00
1.405E+08 7.114E+02 3.164E+00 4.257E-04 3.133E-04 1.368E+03 9.198E-01 8.842E+01 2.000E+00
1.514E+06 6.146E+02 3.321E+00 4.257E-04 3.142E-04 1.468E+03 9.198E-01 8.842E+01 2.000E+00
2.881E+07 6.146E+02 3.321E+00 4.257E-04 3.157E-04 1.467E+03 9.198E-01 8.842E+01 2.000E+00
1.396E+06 3.137E+02 3.955E+00 4.257E-04 3.186E-04 2.441E+03 9.198E-01 8.842E+01 2.000E+00
1.352E+06 7.898E+02 3.051E+00 4.257E-04 3.238E-04 1.311E+03 9.198E-01 8.842E+01 2.000E+00
1.259E+06 7.496E+02 3.108E+00 4.257E-04 3.333E-04 1.339E+03 9.198E-01 8.842E+01 2.000E+00
1.536E+07 3.148E+02 3.953E+00 4.257E-04 3.509E-04 2.445E+03 9.199E-01 8.842E+01 2.000E+00
2.554E+06 7.077E+02 3.170E+00 4.257E-04 3.830E-04 1.422E+03 9.200E-01 8.842E+01 2.000E+00
1.300E+07 9.562E+02 2.844E+00 4.257E-04 4.419E-04 1.224E+03 9.202E-01 8.842E+01 2.000E+00
7.389E+06 3.473E+02 3.875E+00 4.257E-04 5.499E-04 2.190E+03 9.206E-01 8.842E+01 2.000E+00
2.799E+06 8.767E+02 2.938E+00 4.257E-04 7.477E-04 1.262E+03 9.213E-01 8.843E+01 2.000E+00
9.257E+06 4.552E+02 3.631E+00 4.257E-04 1.110E-03 1.742E+03 9.226E-01 8.844E+01 2.000E+00
4.530E+06 5.592E+02 3.423E+00 4.257E-04 1.775E-03 1.537E+03 9.250E-01 8.845E+01 2.000E+00
3.238E+06 8.322E+02 2.997E+00 4.257E-04 2.994E-03 1.286E+03 9.293E-01 8.848E+01 2.000E+00
7.871E+06 8.030E+02 3.038E+00 4.257E-04 5.228E-03 1.304E+03 9.373E-01 8.853E+01 2.000E+00
2.235E+07 7.114E+02 3.164E+00 5.385E-04 3.124E-04 1.369E+03 9.199E-01 8.842E+01 2.000E+00
3.082E+07 7.114E+02 3.164E+00 5.385E-04 3.124E-04 1.368E+03 9.199E-01 8.842E+01 2.000E+00
1.022E+08 7.114E+02 3.164E+00 5.385E-04 3.125E-04 1.368E+03 9.199E-01 8.842E+01 2.000E+00
1.199E+06 6.116E+02 3.326E+00 5.385E-04 3.126E-04 1.469E+03 9.200E-01 8.842E+01 2.000E+00
1.216E+06 6.146E+02 3.321E+00 5.385E-04 3.129E-04 1.465E+03 9.200E-01 8.842E+01 2.000E+00
1.530E+06 6.146E+02 3.321E+00 5.385E-04 3.133E-04 1.464E+03 9.200E-01 8.842E+01 2.000E+00
3.084E+06 6.146E+02 3.321E+00 5.385E-04 3.142E-04 1.464E+03 9.200E-01 8.842E+01 2.000E+00
2.040E+06 6.072E+02 3.334E+00 5.385E-04 3.157E-04 1.474E+03 9.200E-01 8.842E+01 2.000E+00
1.719E+06 3.069E+02 3.971E+00 5.385E-04 3.186E-04 2.511E+03 9.200E-01 8.842E+01 2.000E+00
1.361E+07 4.172E+02 3.713E+00 5.385E-04 3.238E-04 1.857E+03 9.200E-01 8.842E+01 2.000E+00
1.584E+06 7.496E+02 3.108E+00 5.385E-04 3.333E-04 1.339E+03 9.200E-01 8.842E+01 2.000E+00
4.371E+06 9.207E+02 2.885E+00 5.385E-04 3.509E-04 1.240E+03 9.201E-01 8.842E+01 2.000E+00
9.287E+06 3.246E+02 3.929E+00 5.385E-04 3.830E-04 2.344E+03 9.202E-01 8.842E+01 2.000E+00
3.970E+06 3.844E+02 3.788E+00 5.385E-04 4.419E-04 1.984E+03 9.204E-01 8.842E+01 2.000E+00
8.603E+05 3.482E+02 3.873E+00 5.385E-04 5.499E-04 2.174E+03 9.208E-01 8.842E+01 2.000E+00
3.606E+06 8.767E+02 2.938E+00 5.385E-04 7.477E-04 1.261E+03 9.215E-01 8.843E+01 2.000E+00
5.882E+08 6.644E+02 3.239E+00 5.385E-04 1.110E-03 1.411E+03 9.228E-01 8.844E+01 2.000E+00
2.856E+06 8.500E+02 2.973E+00 5.385E-04 1.775E-03 1.276E+03 9.252E-01 8.845E+01 2.000E+00
3.640E+06 2.635E+02 4.084E+00 5.385E-04 2.994E-03 3.137E+03 9.295E-01 8.848E+01 2.000E+00
4.912E+06 8.755E+02 2.944E+00 5.385E-04 5.228E-03 1.263E+03 9.375E-01 8.853E+01 2.000E+00
1.649E+06 6.146E+02 3.321E+00 6.811E-04 3.124E-04 1.464E+03 9.202E-01 8.842E+01 2.000E+00
1.692E+06 6.146E+02 3.321E+00 6.811E-04 3.124E-04 1.464E+03 9.202E-01 8.842E+01 2.000E+00
1.778E+06 6.146E+02 3.321E+00 6.811E-04 3.125E-04 1.464E+03 9.202E-01 8.842E+01 2.000E+00
1.963E+06 6.146E+02 3.321E+00 6.811E-04 3.126E-04 1.464E+03 9.202E-01 8.842E+01 2.000E+00
2.435E+06 6.146E+02 3.321E+00 6.811E-04 3.129E-04 1.464E+03 9.202E-01 8.842E+01 2.000E+00
4.489E+06 6.146E+02 3.321E+00 6.811E-04 3.133E-04 1.464E+03 9.202E-01 8.842E+01 2.000E+00
1.496E+06 6.072E+02 3.334E+00 6.811E-04 3.142E-04 1.473E+03 9.202E-01 8.842E+01 2.000E+00
3.809E+07 6.072E+02 3.334E+00 6.811E-04 3.157E-04 1.473E+03 9.202E-01 8.842E+01 2.000E+00
6.811E+06 5.907E+02 3.363E+00 6.811E-04 3.186E-04 1.494E+03 9.202E-01 8.842E+01 2.000E+00
4.382E+06 6.319E+02 3.292E+00 6.811E-04 3.238E-04 1.445E+03 9.202E-01 8.842E+01 2.000E+00
2.454E+06 7.496E+02 3.108E+00 6.811E-04 3.333E-04 1.339E+03 9.203E-01 8.842E+01 2.000E+00
6.114E+06 9.207E+02 2.885E+00 6.811E-04 3.509E-04 1.240E+03 9.203E-01 8.842E+01 2.000E+00
6.556E+07 7.021E+02 3.178E+00 6.811E-04 3.830E-04 1.378E+03 9.205E-01 8.842E+01 2.000E+00
2.112E+07 4.223E+02 3.701E+00 6.811E-04 4.419E-04 1.840E+03 9.207E-01 8.842E+01 2.000E+00
3.550E+06 3.482E+02 3.873E+00 6.811E-04 5.499E-04 2.174E+03 9.210E-01 8.842E+01 2.000E+00
5.817E+06 8.767E+02 2.938E+00 6.811E-04 7.477E-04 1.261E+03 9.218E-01 8.843E+01 2.000E+00
8.694E+07 6.751E+02 3.222E+00 6.811E-04 1.110E-03 1.407E+03 9.230E-01 8.844E+01 2.000E+00
3.231E+07 3.160E+02 3.954E+00 6.811E-04 1.775E-03 2.408E+03 9.254E-01 8.845E+01 2.000E+00
2.974E+07 8.322E+02 2.997E+00 6.811E-04 2.994E-03 1.286E+03 9.298E-01 8.848E+01 2.000E+00
1.056E+07 8.755E+02 2.944E+00 6.811E-04 5.228E-03 1.263E+03 9.377E-01 8.853E+01 2.000E+00
2.188E+07 6.146E+02 3.321E+00 8.615E-04 3.124E-04 1.464E+03 9.205E-01 8.842E+01 2.000E+00
3.591E+07 6.146E+02 3.321E+00 8.615E-04 3.124E-04 1.464E+03 9.205E-01 8.842E+01 2.000E+00
1.273E+06 6.072E+02 3.334E+00 8.615E-04 3.125E-04 1.473E+03 9.205E-01 8.842E+01 2.000E+00
1.362E+06 6.072E+02 3.334E+00 8.615E-04 3.126E-04 1.473E+03 9.205E-01 8.842E+01 2.000E+00
2.872E+06 4.075E+02 3.734E+00 8.615E-04 3.129E-04 1.892E+03 9.205E-01 8.842E+01 2.000E+00
2.980E+06 3.424E+02 3.886E+00 8.615E-04 3.133E-04 2.213E+03 9.205E-01 8.842E+01 2.000E+00
9.999E+06 6.072E+02 3.334E+00 8.615E-04 3.142E-04 1.473E+03 9.205E-01 8.842E+01 2.000E+00
1.919E+06 3.069E+02 3.971E+00 8.615E-04 3.157E-04 2.510E+03 9.205E-01 8.842E+01 2.000E+00
4.652E+06 5.833E+02 3.377E+00 8.615E-04 3.186E-04 1.504E+03 9.205E-01 8.842E+01 2.000E+00
6.441E+06 7.811E+02 3.063E+00 8.615E-04 3.238E-04 1.318E+03 9.206E-01 8.842E+01 2.000E+00
1.057E+07 7.496E+02 3.108E+00 8.615E-04 3.333E-04 1.339E+03 9.206E-01 8.842E+01 2.000E+00
1.281E+07 9.207E+02 2.885E+00 8.615E-04 3.509E-04 1.241E+03 9.207E-01 8.842E+01 2.000E+00
2.820E+06 8.880E+02 2.924E+00 8.615E-04 3.830E-04 1.258E+03 9.208E-01 8.842E+01 2.000E+00
4.590E+06 7.302E+02 3.136E+00 8.615E-04 4.419E-04 1.354E+03 9.210E-01 8.842E+01 2.000E+00
1.983E+06 5.230E+02 3.491E+00 8.615E-04 5.499E-04 1.597E+03 9.214E-01 8.842E+01 2.000E+00
3.195E+07 8.767E+02 2.938E+00 8.615E-04 7.477E-04 1.261E+03 9.221E-01 8.843E+01 2.000E+00
1.313E+06 8.850E+02 2.928E+00 8.615E-04 1.110E-03 1.257E+03 9.234E-01 8.844E+01 2.000E+00
2.079E+07 8.500E+02 2.973E+00 8.615E-04 1.775E-03 1.276E+03 9.257E-01 8.845E+01 2.000E+00
9.762E+06 8.422E+02 2.984E+00 8.615E-04 2.994E-03 1.281E+03 9.301E-01 8.848E+01 2.000E+00
1.602E+08 9.534E+02 2.851E+00 8.615E-04 5.228E-03 1.228E+03 9.380E-01 8.853E+01 2.000E+00
7.890E+06 6.072E+02 3.334E+00 1.090E-03 3.124E-04 1.473E+03 9.209E-01 8.842E+01 2.000E+00
9.192E+06 6.072E+02 3.334E+00 1.090E-03 3.124E-04 1.473E+03 9.209E-01 8.842E+01 2.000E+00
1.322E+07 6.072E+02 3.334E+00 1.090E-03 3.125E-04 1.475E+03 9.209E-01 8.842E+01 2.000E+00
7.009E+07 6.072E+02 3.334E+00 1.090E-03 3.126E-04 1.473E+03 9.209E-01 8.842E+01 2.000E+00
1.176E+07 7.505E+02 3.106E+00 1.090E-03 3.129E-04 1.370E+03 9.209E-01 8.842E+01 2.000E+00
6.823E+06 3.137E+02 3.955E+00 1.090E-03 3.133E-04 2.441E+03 9.209E-01 8.842E+01 2.000E+00
8.593E+06 3.069E+02 3.971E+00 1.090E-03 3.142E-04 2.510E+03 9.209E-01 8.842E+01 2.000E+00
8.066E+08 5.907E+02 3.363E+00 1.090E-03 3.157E-04 1.494E+03 9.209E-01 8.842E+01 2.000E+00
1.952E+06 4.172E+02 3.713E+00 1.090E-03 3.186E-04 1.858E+03 9.210E-01 8.842E+01 2.000E+00
1.563E+07 4.218E+02 3.702E+00 1.090E-03 3.238E-04 1.842E+03 9.210E-01 8.842E+01 2.000E+00
3.192E+07 9.145E+02 2.892E+00 1.090E-03 3.333E-04 1.243E+03 9.210E-01 8.842E+01 2.000E+00
9.080E+07 9.229E+02 2.882E+00 1.090E-03 3.509E-04 1.239E+03 9.211E-01 8.842E+01 2.000E+00
5.337E+06 8.654E+02 2.952E+00 1.090E-03 3.830E-04 1.270E+03 9.212E-01 8.842E+01 2.000E+00
2.370E+06 9.486E+02 2.853E+00 1.090E-03 4.419E-04 1.228E+03 9.214E-01 8.842E+01 2.000E+00
5.798E+06 8.164E+02 3.015E+00 1.090E-03 5.499E-04 1.296E+03 9.218E-01 8.842E+01 2.000E+00
1.943E+06 5.909E+02 3.364E+00 1.090E-03 7.477E-04 1.493E+03 9.225E-01 8.843E+01 2.000E+00
2.127E+06 2.946E+02 4.003E+00 1.090E-03 1.110E-03 2.643E+03 9.238E-01 8.844E+01 2.000E+00
2.465E+06 8.366E+02 2.990E+00 1.090E-03 1.775E-03 1.283E+03 9.261E-01 8.845E+01 2.000E+00
2.501E+06 3.541E+02 3.866E+00 1.090E-03 2.994E-03 2.126E+03 9.305E-01 8.848E+01 2.000E+00
4.913E+06 9.340E+02 2.873E+00 1.090E-03 5.228E-03 1.236E+03 9.384E-01 8.853E+01 2.000E+00
1.958E+06 5.907E+02 3.363E+00 1.378E-03 3.124E-04 1.494E+03 9.214E-01 8.842E+01 2.000E+00
2.026E+06 5.907E+02 3.363E+00 1.378E-03 3.124E-04 1.494E+03 9.214E-01 8.842E+01 2.000E+00
2.166E+06 5.907E+02 3.363E+00 1.378E-03 3.125E-04 1.494E+03 9.214E-01 8.842E+01 2.000E+00
2.484E+06 5.907E+02 3.363E+00 1.378E-03 3.126E-04 1.494E+03 9.214E-01 8.842E+01 2.000E+00
3.426E+06 5.907E+02 3.363E+00 1.378E-03 3.129E-04 1.566E+03 9.214E-01 8.842E+01 2.000E+00
1.230E+07 5.907E+02 3.363E+00 1.378E-03 3.133E-04 1.494E+03 9.214E-01 8.842E+01 2.000E+00
6.427E+07 5.919E+02 3.361E+00 1.378E-03 3.142E-04 1.493E+03 9.215E-01 8.842E+01 2.000E+00
1.121E+06 7.898E+02 3.051E+00 1.378E-03 3.157E-04 1.311E+03 9.215E-01 8.842E+01 2.000E+00
5.332E+06 6.319E+02 3.292E+00 1.378E-03 3.186E-04 1.445E+03 9.215E-01 8.842E+01 2.000E+00
2.710E+06 7.431E+02 3.117E+00 1.378E-03 3.238E-04 1.344E+03 9.215E-01 8.842E+01 2.000E+00
1.760E+06 9.325E+02 2.871E+00 1.378E-03 3.333E-04 1.235E+03 9.215E-01 8.842E+01 2.000E+00
2.142E+07 2.950E+02 4.000E+00 1.378E-03 3.509E-04 2.647E+03 9.216E-01 8.842E+01 2.000E+00
3.369E+06 5.991E+02 3.348E+00 1.378E-03 3.830E-04 1.483E+03 9.217E-01 8.842E+01 2.000E+00
2.885E+06 9.486E+02 2.853E+00 1.378E-03 4.419E-04 1.228E+03 9.219E-01 8.842E+01 2.000E+00
6.723E+06 5.143E+02 3.508E+00 1.378E-03 5.499E-04 1.613E+03 9.223E-01 8.842E+01 2.000E+00
1.586E+06 6.944E+02 3.191E+00 1.378E-03 7.477E-04 1.383E+03 9.230E-01 8.843E+01 2.000E+00
2.137E+06 8.850E+02 2.928E+00 1.378E-03 1.110E-03 1.263E+03 9.243E-01 8.844E+01 2.000E+00
8.752E+06 8.366E+02 2.990E+00 1.378E-03 1.775E-03 1.283E+03 9.267E-01 8.845E+01 2.000E+00
1.312E+08 5.133E+02 3.514E+00 1.378E-03 2.994E-03 1.613E+03 9.310E-01 8.848E+01 2.000E+00
1.062E+07 9.340E+02 2.873E+00 1.378E-03 5.228E-03 1.236E+03 9.390E-01 8.853E+01 2.000E+00
1.006E+06 7.898E+02 3.051E+00 1.743E-03 3.124E-04 1.311E+03 9.221E-01 8.842E+01 2.000E+00
1.012E+06 7.898E+02 3.051E+00 1.743E-03 3.124E-04 1.314E+03 9.221E-01 8.842E+01 2.000E+00
1.023E+06 7.898E+02 3.051E+00 1.743E-03 3.125E-04 1.311E+03 9.221E-01 8.842E+01 2.000E+00
1.044E+06 7.898E+02 3.051E+00 1.743E-03 3.126E-04 1.312E+03 9.221E-01 8.842E+01 2.000E+00
1.454E+06 4.172E+02 3.713E+00 1.743E-03 3.129E-04 1.857E+03 9.221E-01 8.842E+01 2.000E+00
2.664E+06 4.172E+02 3.713E+00 1.743E-03 3.133E-04 1.858E+03 9.221E-01 8.842E+01 2.000E+00
1.377E+06 7.898E+02 3.051E+00 1.743E-03 3.142E-04 1.311E+03 9.221E-01 8.842E+01 2.000E+00
4.733E+06 6.319E+02 3.292E+00 1.743E-03 3.157E-04 1.445E+03 9.221E-01 8.842E+01 2.000E+00
1.234E+06 5.755E+02 3.391E+00 1.743E-03 3.186E-04 1.515E+03 9.221E-01 8.842E+01 2.000E+00
4.426E+06 7.493E+02 3.108E+00 1.743E-03 3.238E-04 1.339E+03 9.221E-01 8.842E+01 2.000E+00
1.128E+09 5.018E+02 3.532E+00 1.743E-03 3.333E-04 1.637E+03 9.222E-01 8.842E+01 2.000E+00
2.952E+07 9.471E+02 2.854E+00 1.743E-03 3.509E-04 1.228E+03 9.222E-01 8.842E+01 2.000E+00
3.704E+06 9.407E+02 2.862E+00 1.743E-03 3.830E-04 1.231E+03 9.223E-01 8.842E+01 2.000E+00
1.213E+08 8.321E+02 2.994E+00 1.743E-03 4.419E-04 1.287E+03 9.226E-01 8.842E+01 2.000E+00
5.356E+06 4.808E+02 3.576E+00 1.743E-03 5.499E-04 1.681E+03 9.229E-01 8.842E+01 2.000E+00
6.931E+06 6.837E+02 3.208E+00 1.743E-03 7.477E-04 1.393E+03 9.236E-01 8.843E+01 2.000E+00
2.115E+07 7.017E+02 3.180E+00 1.743E-03 1.110E-03 1.377E+03 9.249E-01 8.844E+01 2.000E+00
7.914E+06 8.544E+02 2.967E+00 1.743E-03 1.775E-03 1.273E+03 9.273E-01 8.845E+01 2.000E+00
1.068E+06 6.387E+02 3.284E+00 1.743E-03 2.994E-03 1.436E+03 9.316E-01 8.848E+01 2.000E+00
3.337E+06 3.277E+02 3.937E+00 1.743E-03 5.228E-03 2.286E+03 9.396E-01 8.853E+01 2.000E+00
6.686E+06 6.319E+02 3.292E+00 2.205E-03 3.124E-04 1.445E+03 9.229E-01 8.842E+01 2.000E+00
7.507E+06 6.319E+02 3.292E+00 2.205E-03 3.124E-04 1.445E+03 9.229E-01 8.842E+01 2.000E+00
9.707E+06 6.319E+02 3.292E+00 2.205E-03 3.125E-04 1.445E+03 9.229E-01 8.842E+01 2.000E+00
2.124E+07 6.319E+02 3.292E+00 2.205E-03 3.126E-04 1.445E+03 9.229E-01 8.842E+01 2.000E+00
2.787E+06 7.811E+02 3.063E+00 2.205E-03 3.129E-04 1.317E+03 9.229E-01 8.842E+01 2.000E+00
1.203E+07 3.906E+02 3.773E+00 2.205E-03 3.133E-04 1.958E+03 9.229E-01 8.842E+01 2.000E+00
1.031E+07 7.811E+02 3.063E+00 2.205E-03 3.142E-04 1.317E+03 9.229E-01 8.842E+01 2.000E+00
2.028E+06 5.755E+02 3.391E+00 2.205E-03 3.157E-04 1.532E+03 9.229E-01 8.842E+01 2.000E+00
6.825E+06 7.431E+02 3.117E+00 2.205E-03 3.186E-04 1.344E+03 9.229E-01 8.842E+01 2.000E+00
7.014E+06 9.145E+02 2.892E+00 2.205E-03 3.238E-04 1.244E+03 9.230E-01 8.842E+01 2.000E+00
2.997E+06 6.823E+02 3.209E+00 2.205E-03 3.333E-04 1.394E+03 9.230E-01 8.842E+01 2.000E+00
4.161E+06 6.403E+02 3.278E+00 2.205E-03 3.509E-04 1.436E+03 9.231E-01 8.842E+01 2.000E+00
7.413E+06 6.444E+02 3.271E+00 2.205E-03 3.830E-04 1.432E+03 9.232E-01 8.842E+01 2.000E+00
8.817E+06 9.486E+02 2.853E+00 2.205E-03 4.419E-04 1.228E+03 9.234E-01 8.842E+01 2.000E+00
3.924E+06 7.985E+02 3.039E+00 2.205E-03 5.499E-04 1.306E+03 9.238E-01 8.842E+01 2.000E+00
1.466E+07 4.089E+02 3.732E+00 2.205E-03 7.477E-04 1.885E+03 9.245E-01 8.843E+01 2.000E+00
2.754E+06 9.235E+02 2.882E+00 2.205E-03 1.110E-03 1.239E+03 9.258E-01 8.844E+01 2.000E+00
5.045E+06 8.426E+02 2.982E+00 2.205E-03 1.775E-03 1.280E+03 9.281E-01 8.845E+01 2.000E+00
1.425E+06 7.289E+02 3.141E+00 2.205E-03 2.994E-03 1.355E+03 9.325E-01 8.848E+01 2.000E+00
5.044E+06 6.353E+02 3.292E+00 2.205E-03 5.228E-03 1.439E+03 9.404E-01 8.853E+01 2.000E+00
6.960E+06 7.499E+02 3.107E+00 2.789E-03 3.124E-04 1.344E+03 9.240E-01 8.842E+01 2.000E+00
7.478E+06 7.499E+02 3.107E+00 2.789E-03 3.124E-04 1.340E+03 9.240E-01 8.842E+01 2.000E+00
8.667E+06 7.499E+02 3.107E+00 2.789E-03 3.125E-04 1.339E+03 9.240E-01 8.842E+01 2.000E+00
1.228E+07 7.499E+02 3.107E+00 2.789E-03 3.126E-04 1.339E+03 9.240E-01 8.842E+01 2.000E+00
5.469E+07 7.499E+02 3.107E+00 2.789E-03 3.129E-04 1.339E+03 9.240E-01 8.842E+01 2.000E+00
2.728E+06 7.431E+02 3.117E+00 2.789E-03 3.133E-04 1.344E+03 9.240E-01 8.842E+01 2.000E+00
6.160E+06 7.431E+02 3.117E+00 2.789E-03 3.142E-04 1.344E+03 9.240E-01 8.842E+01 2.000E+00
1.220E+06 7.496E+02 3.108E+00 2.789E-03 3.157E-04 1.341E+03 9.240E-01 8.842E+01 2.000E+00
6.888E+06 5.304E+02 3.476E+00 2.789E-03 3.186E-04 1.585E+03 9.240E-01 8.842E+01 2.000E+00
1.437E+06 5.018E+02 3.532E+00 2.789E-03 3.238E-04 1.638E+03 9.240E-01 8.842E+01 2.000E+00
1.708E+07 9.325E+02 2.871E+00 2.789E-03 3.333E-04 1.235E+03 9.240E-01 8.842E+01 2.000E+00
3.168E+07 9.240E+02 2.881E+00 2.789E-03 3.509E-04 1.239E+03 9.241E-01 8.842E+01 2.000E+00
1.032E+06 6.839E+02 3.207E+00 2.789E-03 3.830E-04 1.393E+03 9.242E-01 8.842E+01 2.000E+00
7.020E+07 9.273E+02 2.877E+00 2.789E-03 4.419E-04 1.238E+03 9.244E-01 8.842E+01 2.000E+00
3.392E+06 6.934E+02 3.192E+00 2.789E-03 5.499E-04 1.384E+03 9.248E-01 8.842E+01 2.000E+00
1.202E+07 8.000E+02 3.037E+00 2.789E-03 7.477E-04 1.305E+03 9.255E-01 8.843E+01 2.000E+00
8.916E+06 9.235E+02 2.882E+00 2.789E-03 1.110E-03 1.239E+03 9.268E-01 8.844E+01 2.000E+00
3.786E+06 3.958E+02 3.765E+00 2.789E-03 1.775E-03 1.932E+03 9.292E-01 8.845E+01 2.000E+00
1.048E+07 8.530E+02 2.970E+00 2.789E-03 2.994E-03 1.274E+03 9.335E-01 8.848E+01 2.000E+00
6.014E+06 4.984E+02 3.548E+00 2.789E-03 5.228E-03 1.638E+03 9.415E-01 8.853E+01 2.000E+00
1.608E+07 5.501E+02 3.438E+00 3.528E-03 3.124E-04 1.553E+03 9.253E-01 8.842E+01 2.000E+00
2.479E+07 5.501E+02 3.438E+00 3.528E-03 3.124E-04 1.552E+03 9.253E-01 8.842E+01 2.000E+00
1.879E+10 5.501E+02 3.438E+00 3.528E-03 3.125E-04 1.554E+03 9.253E-01 8.842E+01 2.000E+00
1.501E+07 5.526E+02 3.433E+00 3.528E-03 3.126E-04 1.548E+03 9.253E-01 8.842E+01 2.000E+00
1.306E+07 5.304E+02 3.476E+00 3.528E-03 3.129E-04 1.588E+03 9.253E-01 8.842E+01 2.000E+00
6.334E+06 7.496E+02 3.108E+00 3.528E-03 3.133E-04 1.340E+03 9.253E-01 8.842E+01 2.000E+00
6.706E+06 9.145E+02 2.892E+00 3.528E-03 3.142E-04 1.243E+03 9.253E-01 8.842E+01 2.000E+00
2.726E+07 9.145E+02 2.892E+00 3.528E-03 3.157E-04 1.243E+03 9.253E-01 8.842E+01 2.000E+00
3.166E+06 5.018E+02 3.532E+00 3.528E-03 3.186E-04 1.638E+03 9.253E-01 8.842E+01 2.000E+00
4.811E+06 6.823E+02 3.209E+00 3.528E-03 3.238E-04 1.394E+03 9.253E-01 8.842E+01 2.000E+00
9.310E+07 9.229E+02 2.882E+00 3.528E-03 3.333E-04 1.240E+03 9.253E-01 8.842E+01 2.000E+00
6.133E+06 8.990E+02 2.911E+00 3.528E-03 3.509E-04 1.253E+03 9.254E-01 8.842E+01 2.000E+00
2.958E+06 9.392E+02 2.863E+00 3.528E-03 3.830E-04 1.352E+03 9.255E-01 8.842E+01 2.000E+00
2.587E+06 9.452E+02 2.857E+00 3.528E-03 4.419E-04 1.230E+03 9.257E-01 8.842E+01 2.000E+00
1.640E+07 4.216E+02 3.703E+00 3.528E-03 5.499E-04 1.843E+03 9.261E-01 8.842E+01 2.000E+00
1.159E+06 6.572E+02 3.250E+00 3.528E-03 7.477E-04 1.418E+03 9.268E-01 8.843E+01 2.000E+00
2.730E+06 9.118E+02 2.896E+00 3.528E-03 1.110E-03 1.245E+03 9.281E-01 8.844E+01 2.000E+00
3.249E+08 8.195E+02 3.012E+00 3.528E-03 1.775E-03 1.293E+03 9.305E-01 8.845E+01 2.000E+00
2.676E+06 5.286E+02 3.484E+00 3.528E-03 2.994E-03 1.585E+03 9.348E-01 8.848E+01 2.000E+00
7.077E+07 9.588E+02 2.845E+00 3.528E-03 5.228E-03 1.226E+03 9.428E-01 8.853E+01 2.000E+00
2.926E+06 2.995E+02 3.989E+00 4.462E-03 3.124E-04 2.593E+03 9.269E-01 8.842E+01 2.000E+00
3.237E+06 2.995E+02 3.989E+00 4.462E-03 3.124E-04 2.651E+03 9.269E-01 8.842E+01 2.000E+00
4.029E+06 2.995E+02 3.989E+00 4.462E-03 3.125E-04 2.592E+03 9.269E-01 8.842E+01 2.000E+00
1.981E+06 9.325E+02 2.871E+00 4.462E-03 3.126E-04 1.235E+03 9.269E-01 8.842E+01 2.000E+00
2.027E+06 9.325E+02 2.871E+00 4.462E-03 3.129E-04 1.235E+03 9.269E-01 8.842E+01 2.000E+00
2.015E+06 5.001E+02 3.536E+00 4.462E-03 3.133E-04 1.642E+03 9.269E-01 8.842E+01 2.000E+00
2.517E+06 3.148E+02 3.952E+00 4.462E-03 3.142E-04 2.432E+03 9.269E-01 8.842E+01 2.000E+00
1.907E+06 6.823E+02 3.209E+00 4.462E-03 3.157E-04 1.394E+03 9.269E-01 8.842E+01 2.000E+00
4.741E+06 9.325E+02 2.871E+00 4.462E-03 3.186E-04 1.236E+03 9.270E-01 8.842E+01 2.000E+00
6.383E+06 9.207E+02 2.885E+00 4.462E-03 3.238E-04 1.240E+03 9.270E-01 8.842E+01 2.000E+00
3.780E+06 9.196E+02 2.886E+00 4.462E-03 3.333E-04 1.241E+03 9.270E-01 8.842E+01 2.000E+00
1.306E+08 8.768E+02 2.938E+00 4.462E-03 3.509E-04 1.262E+03 9.271E-01 8.842E+01 2.000E+00
1.839E+07 5.675E+02 3.406E+00 4.462E-03 3.830E-04 1.526E+03 9.272E-01 8.842E+01 2.000E+00
6.056E+07 7.398E+02 3.122E+00 4.462E-03 4.419E-04 1.347E+03 9.274E-01 8.842E+01 2.000E+00
3.868E+06 6.838E+02 3.207E+00 4.462E-03 5.499E-04 1.393E+03 9.278E-01 8.842E+01 2.000E+00
1.082E+07 5.352E+02 3.467E+00 4.462E-03 7.477E-04 1.596E+03 9.285E-01 8.843E+01 2.000E+00
1.531E+07 7.792E+02 3.066E+00 4.462E-03 1.110E-03 1.371E+03 9.298E-01 8.844E+01 2.000E+00
1.685E+06 9.084E+02 2.901E+00 4.462E-03 1.775E-03 1.247E+03 9.321E-01 8.845E+01 2.000E+00
2.525E+06 4.864E+02 3.569E+00 4.462E-03 2.994E-03 1.666E+03 9.365E-01 8.848E+01 2.000E+00
1.646E+06 2.499E+02 4.124E+00 4.462E-03 5.228E-03 3.514E+03 9.444E-01 8.853E+01 2.000E+00
1.156E+07 9.325E+02 2.871E+00 5.644E-03 3.124E-04 1.236E+03 9.290E-01 8.842E+01 2.000E+00
1.187E+07 9.325E+02 2.871E+00 5.644E-03 3.124E-04 1.236E+03 9.290E-01 8.842E+01 2.000E+00
1.250E+07 9.325E+02 2.871E+00 5.644E-03 3.125E-04 1.235E+03 9.290E-01 8.842E+01 2.000E+00
1.385E+07 9.325E+02 2.871E+00 5.644E-03 3.126E-04 1.235E+03 9.290E-01 8.842E+01 2.000E+00
1.729E+07 9.325E+02 2.871E+00 5.644E-03 3.129E-04 1.235E+03 9.290E-01 8.842E+01 2.000E+00
3.201E+07 9.325E+02 2.871E+00 5.644E-03 3.133E-04 1.236E+03 9.290E-01 8.842E+01 2.000E+00
4.391E+06 9.207E+02 2.885E+00 5.644E-03 3.142E-04 1.241E+03 9.290E-01 8.842E+01 2.000E+00
7.807E+06 9.207E+02 2.885E+00 5.644E-03 3.157E-04 1.241E+03 9.291E-01 8.842E+01 2.000E+00
4.545E+06 9.471E+02 2.854E+00 5.644E-03 3.186E-04 1.229E+03 9.291E-01 8.842E+01 2.000E+00
3.033E+06 9.196E+02 2.886E+00 5.644E-03 3.238E-04 1.248E+03 9.291E-01 8.842E+01 2.000E+00
4.798E+07 5.451E+02 3.447E+00 5.644E-03 3.333E-04 1.561E+03 9.291E-01 8.842E+01 2.000E+00
1.249E+07 8.654E+02 2.952E+00 5.644E-03 3.509E-04 1.268E+03 9.292E-01 8.842E+01 2.000E+00
1.298E+06 7.694E+02 3.079E+00 5.644E-03 3.830E-04 1.326E+03 9.293E-01 8.842E+01 2.000E+00
4.255E+06 5.882E+02 3.368E+00 5.644E-03 4.419E-04 1.498E+03 9.295E-01 8.842E+01 2.000E+00
2.437E+06 4.153E+02 3.717E+00 5.644E-03 5.499E-04 1.864E+03 9.299E-01 8.842E+01 2.000E+00
4.445E+06 6.069E+02 3.335E+00 5.644E-03 7.477E-04 1.474E+03 9.306E-01 8.843E+01 2.000E+00
1.117E+07 9.421E+02 2.861E+00 5.644E-03 1.110E-03 1.232E+03 9.319E-01 8.844E+01 2.000E+00
7.902E+07 8.919E+02 2.920E+00 5.644E-03 1.775E-03 1.255E+03 9.343E-01 8.845E+01 2.000E+00
1.377E+08 9.020E+02 2.909E+00 5.644E-03 2.994E-03 1.251E+03 9.386E-01 8.848E+01 2.000E+00
1.800E+06 9.355E+02 2.872E+00 5.644E-03 5.228E-03 1.236E+03 9.465E-01 8.853E+01 2.000E+00
3.634E+07 9.471E+02 2.854E+00 7.139E-03 3.124E-04 1.230E+03 9.317E-01 8.842E+01 2.000E+00
3.894E+07 9.471E+02 2.854E+00 7.139E-03 3.124E-04 1.243E+03 9.317E-01 8.842E+01 2.000E+00
4.483E+07 9.471E+02 2.854E+00 7.139E-03 3.125E-04 1.229E+03 9.317E-01 8.842E+01 2.000E+00
6.207E+07 9.471E+02 2.854E+00 7.139E-03 3.126E-04 1.231E+03 9.317E-01 8.842E+01 2.000E+00
1.056E+08 6.421E+02 3.274E+00 7.139E-03 3.129E-04 1.434E+03 9.317E-01 8.842E+01 2.000E+00
4.226E+06 6.403E+02 3.277E+00 7.139E-03 3.133E-04 1.436E+03 9.317E-01 8.842E+01 2.000E+00
3.851E+06 9.196E+02 2.886E+00 7.139E-03 3.142E-04 1.242E+03 9.317E-01 8.842E+01 2.000E+00
6.248E+06 9.196E+02 2.886E+00 7.139E-03 3.157E-04 1.242E+03 9.317E-01 8.842E+01 2.000E+00
1.086E+08 4.674E+02 3.603E+00 7.139E-03 3.186E-04 1.721E+03 9.317E-01 8.842E+01 2.000E+00
2.350E+06 3.246E+02 3.929E+00 7.139E-03 3.238E-04 2.345E+03 9.317E-01 8.842E+01 2.000E+00
2.803E+06 6.153E+02 3.320E+00 7.139E-03 3.333E-04 1.464E+03 9.318E-01 8.842E+01 2.000E+00
1.639E+06 4.607E+02 3.617E+00 7.139E-03 3.509E-04 1.731E+03 9.318E-01 8.842E+01 2.000E+00
5.290E+06 6.640E+02 3.239E+00 7.139E-03 3.830E-04 1.413E+03 9.320E-01 8.842E+01 2.000E+00
1.634E+07 9.362E+02 2.867E+00 7.139E-03 4.419E-04 1.234E+03 9.322E-01 8.842E+01 2.000E+00
2.562E+06 8.883E+02 2.924E+00 7.139E-03 5.499E-04 1.256E+03 9.325E-01 8.842E+01 2.000E+00
1.469E+06 7.896E+02 3.052E+00 7.139E-03 7.477E-04 1.312E+03 9.333E-01 8.843E+01 2.000E+00
3.397E+07 6.689E+02 3.232E+00 7.139E-03 1.110E-03 1.407E+03 9.345E-01 8.844E+01 2.000E+00
3.585E+06 7.789E+02 3.067E+00 7.139E-03 1.775E-03 1.319E+03 9.369E-01 8.845E+01 2.000E+00
4.514E+06 5.524E+02 3.438E+00 7.139E-03 2.994E-03 1.552E+03 9.413E-01 8.848E+01 2.000E+00
2.257E+07 9.355E+02 2.872E+00 7.139E-03 5.228E-03 1.236E+03 9.492E-01 8.853E+01 2.000E+00
1.633E+07 8.990E+02 2.911E+00 9.029E-03 3.124E-04 1.251E+03 9.351E-01 8.842E+01 2.000E+00
1.735E+07 8.990E+02 2.911E+00 9.029E-03 3.124E-04 1.252E+03 9.351E-01 8.842E+01 2.000E+00
1.961E+07 8.990E+02 2.911E+00 9.029E-03 3.125E-04 1.251E+03 9.351E-01 8.842E+01 2.000E+00
2.577E+07 8.990E+02 2.911E+00 9.029E-03 3.126E-04 1.252E+03 9.351E-01 8.842E+01 2.000E+00
6.140E+07 8.990E+02 2.911E+00 9.029E-03 3.129E-04 1.251E+03 9.351E-01 8.842E+01 2.000E+00
2.167E+06 8.768E+02 2.938E+00 9.029E-03 3.133E-04 1.262E+03 9.351E-01 8.842E+01 2.000E+00
2.616E+06 8.768E+02 2.938E+00 9.029E-03 3.142E-04 1.262E+03 9.351E-01 8.842E+01 2.000E+00
2.328E+05 3.083E+02 3.968E+00 9.029E-03 3.157E-04 2.497E+03 9.351E-01 8.842E+01 2.000E+00
2.143E+06 6.153E+02 3.320E+00 9.029E-03 3.186E-04 1.465E+03 9.351E-01 8.842E+01 2.000E+00
2.739E+06 8.654E+02 2.952E+00 9.029E-03 3.238E-04 1.268E+03 9.351E-01 8.842E+01 2.000E+00
2.447E+06 6.590E+02 3.247E+00 9.029E-03 3.333E-04 1.417E+03 9.351E-01 8.842E+01 2.000E+00
9.761E+05 4.475E+02 3.646E+00 9.029E-03 3.509E-04 1.766E+03 9.352E-01 8.842E+01 2.000E+00
2.033E+06 9.486E+02 2.853E+00 9.029E-03 3.830E-04 1.229E+03 9.353E-01 8.842E+01 2.000E+00
7.690E+05 3.733E+02 3.814E+00 9.029E-03 4.419E-04 2.037E+03 9.355E-01 8.842E+01 2.000E+00
3.108E+06 9.054E+02 2.903E+00 9.029E-03 5.499E-04 1.249E+03 9.359E-01 8.842E+01 2.000E+00
8.916E+07 6.316E+02 3.293E+00 9.029E-03 7.477E-04 1.446E+03 9.366E-01 8.843E+01 2.000E+00
1.108E+06 3.005E+02 3.989E+00 9.029E-03 1.110E-03 2.574E+03 9.379E-01 8.844E+01 2.000E+00
3.455E+07 9.390E+02 2.865E+00 9.029E-03 1.775E-03 1.234E+03 9.403E-01 8.845E+01 2.000E+00
4.477E+06 4.670E+02 3.609E+00 9.029E-03 2.994E-03 1.710E+03 9.446E-01 8.848E+01 2.000E+00
1.459E+07 7.182E+02 3.159E+00 9.029E-03 5.228E-03 1.364E+03 9.526E-01 8.853E+01 2.000E+00
2.912E+06 6.444E+02 3.271E+00 1.142E-02 3.124E-04 1.433E+03 9.393E-01 8.842E+01 2.000E+00
3.043E+06 6.444E+02 3.271E+00 1.142E-02 3.124E-04 1.432E+03 9.393E-01 8.842E+01 2.000E+00
3.319E+06 6.444E+02 3.271E+00 1.142E-02 3.125E-04 1.433E+03 9.393E-01 8.842E+01 2.000E+00
3.990E+06 6.444E+02 3.271E+00 1.142E-02 3.126E-04 1.432E+03 9.393E-01 8.842E+01 2.000E+00
6.410E+06 6.444E+02 3.271E+00 1.142E-02 3.129E-04 1.433E+03 9.393E-01 8.842E+01 2.000E+00
4.592E+06 6.548E+02 3.253E+00 1.142E-02 3.133E-04 1.422E+03 9.393E-01 8.842E+01 2.000E+00
1.338E+06 6.590E+02 3.247E+00 1.142E-02 3.142E-04 1.418E+03 9.393E-01 8.842E+01 2.000E+00
4.159E+06 6.590E+02 3.247E+00 1.142E-02 3.157E-04 1.418E+03 9.393E-01 8.842E+01 2.000E+00
1.837E+06 5.231E+02 3.490E+00 1.142E-02 3.186E-04 1.598E+03 9.394E-01 8.842E+01 2.000E+00
1.192E+06 3.040E+02 3.978E+00 1.142E-02 3.238E-04 2.542E+03 9.394E-01 8.842E+01 2.000E+00
1.248E+06 4.694E+02 3.599E+00 1.142E-02 3.333E-04 1.709E+03 9.394E-01 8.842E+01 2.000E+00
1.631E+07 6.506E+02 3.260E+00 1.142E-02 3.509E-04 1.427E+03 9.395E-01 8.842E+01 2.000E+00
5.523E+06 4.091E+02 3.731E+00 1.142E-02 3.830E-04 1.887E+03 9.396E-01 8.842E+01 2.000E+00
7.093E+06 6.542E+02 3.255E+00 1.142E-02 4.419E-04 1.422E+03 9.398E-01 8.842E+01 2.000E+00
8.074E+06 5.753E+02 3.391E+00 1.142E-02 5.499E-04 1.517E+03 9.402E-01 8.842E+01 2.000E+00
5.715E+06 9.837E+02 2.814E+00 1.142E-02 7.477E-04 1.227E+03 9.409E-01 8.843E+01 2.000E+00
2.012E+06 3.331E+02 3.911E+00 1.142E-02 1.110E-03 2.274E+03 9.422E-01 8.844E+01 2.000E+00
2.050E+07 7.013E+02 3.181E+00 1.142E-02 1.775E-03 1.378E+03 9.445E-01 8.845E+01 2.000E+00
2.879E+07 5.213E+02 3.498E+00 1.142E-02 2.994E-03 1.599E+03 9.489E-01 8.848E+01 2.000E+00
6.420E+06 8.304E+02 3.001E+00 1.142E-02 5.228E-03 1.289E+03 9.568E-01 8.853E+01 2.000E+00
1.696E+06 9.437E+02 2.858E+00 1.445E-02 3.124E-04 1.232E+03 9.447E-01 8.842E+01 2.000E+00
1.700E+06 9.437E+02 2.858E+00 1.445E-02 3.124E-04 1.237E+03 9.447E-01 8.842E+01 2.000E+00
1.708E+06 9.437E+02 2.858E+00 1.445E-02 3.125E-04 1.232E+03 9.447E-01 8.842E+01 2.000E+00
1.723E+06 9.437E+02 2.858E+00 1.445E-02 3.126E-04 1.232E+03 9.447E-01 8.842E+01 2.000E+00
2.522E+06 4.314E+02 3.681E+00 1.445E-02 3.129E-04 1.813E+03 9.447E-01 8.842E+01 2.000E+00
1.289E+07 4.314E+02 3.681E+00 1.445E-02 3.133E-04 1.813E+03 9.447E-01 8.842E+01 2.000E+00
3.168E+06 4.352E+02 3.672E+00 1.445E-02 3.142E-04 1.802E+03 9.447E-01 8.842E+01 2.000E+00
3.241E+06 7.882E+02 3.053E+00 1.445E-02 3.157E-04 1.314E+03 9.447E-01 8.842E+01 2.000E+00
1.501E+06 7.694E+02 3.079E+00 1.445E-02 3.186E-04 1.327E+03 9.447E-01 8.842E+01 2.000E+00
8.734E+06 3.844E+02 3.787E+00 1.445E-02 3.238E-04 1.986E+03 9.448E-01 8.842E+01 2.000E+00
1.431E+07 6.180E+02 3.315E+00 1.445E-02 3.333E-04 1.462E+03 9.448E-01 8.842E+01 2.000E+00
1.013E+07 8.213E+02 3.009E+00 1.445E-02 3.509E-04 1.294E+03 9.449E-01 8.842E+01 2.000E+00
2.623E+06 9.362E+02 2.867E+00 1.445E-02 3.830E-04 1.235E+03 9.450E-01 8.842E+01 2.000E+00
1.433E+06 5.230E+02 3.490E+00 1.445E-02 4.419E-04 1.599E+03 9.452E-01 8.842E+01 2.000E+00
3.875E+06 6.928E+02 3.193E+00 1.445E-02 5.499E-04 1.386E+03 9.456E-01 8.842E+01 2.000E+00
4.198E+06 9.944E+02 2.802E+00 1.445E-02 7.477E-04 1.211E+03 9.463E-01 8.843E+01 2.000E+00
7.492E+06 5.906E+02 3.365E+00 1.445E-02 1.110E-03 1.495E+03 9.476E-01 8.844E+01 2.000E+00
1.099E+07 3.684E+02 3.829E+00 1.445E-02 1.775E-03 2.056E+03 9.499E-01 8.845E+01 2.000E+00
7.692E+06 7.306E+02 3.138E+00 1.445E-02 2.994E-03 1.355E+03 9.543E-01 8.848E+01 2.000E+00
1.475E+07 5.198E+02 3.505E+00 1.445E-02 5.228E-03 1.599E+03 9.622E-01 8.853E+01 2.000E+00
5.157E+06 7.302E+02 3.136E+00 1.827E-02 3.124E-04 1.356E+03 9.515E-01 8.842E+01 2.000E+00
5.460E+06 7.302E+02 3.136E+00 1.827E-02 3.124E-04 1.356E+03 9.515E-01 8.842E+01 2.000E+00
6.122E+06 7.302E+02 3.136E+00 1.827E-02 3.125E-04 1.356E+03 9.515E-01 8.842E+01 2.000E+00
7.892E+06 7.302E+02 3.136E+00 1.827E-02 3.126E-04 1.356E+03 9.515E-01 8.842E+01 2.000E+00
1.713E+07 7.302E+02 3.136E+00 1.827E-02 3.129E-04 1.356E+03 9.515E-01 8.842E+01 2.000E+00
9.355E+06 9.562E+02 2.844E+00 1.827E-02 3.133E-04 1.227E+03 9.515E-01 8.842E+01 2.000E+00
9.249E+06 3.748E+02 3.810E+00 1.827E-02 3.142E-04 2.031E+03 9.515E-01 8.842E+01 2.000E+00
4.998E+07 9.562E+02 2.844E+00 1.827E-02 3.157E-04 1.227E+03 9.515E-01 8.842E+01 2.000E+00
1.419E+07 8.538E+02 2.966E+00 1.827E-02 3.186E-04 1.280E+03 9.515E-01 8.842E+01 2.000E+00
5.282E+06 7.703E+02 3.078E+00 1.827E-02 3.238E-04 1.333E+03 9.516E-01 8.842E+01 2.000E+00
2.861E+06 3.542E+02 3.858E+00 1.827E-02 3.333E-04 2.142E+03 9.516E-01 8.842E+01 2.000E+00
1.766E+06 6.318E+02 3.292E+00 1.827E-02 3.509E-04 1.447E+03 9.517E-01 8.842E+01 2.000E+00
8.085E+06 5.376E+02 3.462E+00 1.827E-02 3.830E-04 1.580E+03 9.518E-01 8.842E+01 2.000E+00
2.102E+06 3.311E+02 3.914E+00 1.827E-02 4.419E-04 2.294E+03 9.520E-01 8.842E+01 2.000E+00
1.955E+06 7.994E+02 3.038E+00 1.827E-02 5.499E-04 1.308E+03 9.524E-01 8.842E+01 2.000E+00
8.075E+06 9.944E+02 2.802E+00 1.827E-02 7.477E-04 1.212E+03 9.531E-01 8.843E+01 2.000E+00
1.825E+07 9.696E+02 2.830E+00 1.827E-02 1.110E-03 1.222E+03 9.544E-01 8.844E+01 2.000E+00
1.120E+07 3.296E+02 3.922E+00 1.827E-02 1.775E-03 2.300E+03 9.567E-01 8.845E+01 2.000E+00
9.135E+06 3.088E+02 3.976E+00 1.827E-02 2.994E-03 2.467E+03 9.611E-01 8.848E+01 2.000E+00
2.564E+06 5.652E+02 3.417E+00 1.827E-02 5.228E-03 1.528E+03 9.690E-01 8.853E+01 2.000E+00
1.362E+06 9.362E+02 2.867E+00 2.311E-02 3.124E-04 1.237E+03 9.601E-01 8.842E+01 2.000E+00
1.365E+06 9.362E+02 2.867E+00 2.311E-02 3.124E-04 1.236E+03 9.601E-01 8.842E+01 2.000E+00
1.370E+06 9.362E+02 2.867E+00 2.311E-02 3.125E-04 1.237E+03 9.601E-01 8.842E+01 2.000E+00
1.380E+06 9.362E+02 2.867E+00 2.311E-02 3.126E-04 1.237E+03 9.601E-01 8.842E+01 2.000E+00
1.399E+06 9.362E+02 2.867E+00 2.311E-02 3.129E-04 1.237E+03 9.601E-01 8.842E+01 2.000E+00
1.435E+06 9.362E+02 2.867E+00 2.311E-02 3.133E-04 1.236E+03 9.601E-01 8.842E+01 2.000E+00
2.072E+06 6.318E+02 3.292E+00 2.311E-02 3.142E-04 1.448E+03 9.602E-01 8.842E+01 2.000E+00
1.663E+06 9.362E+02 2.867E+00 2.311E-02 3.157E-04 1.236E+03 9.602E-01 8.842E+01 2.000E+00
2.078E+06 9.362E+02 2.867E+00 2.311E-02 3.186E-04 1.238E+03 9.602E-01 8.842E+01 2.000E+00
4.177E+06 9.362E+02 2.867E+00 2.311E-02 3.238E-04 1.236E+03 9.602E-01 8.842E+01 2.000E+00
3.694E+11 4.765E+02 3.584E+00 2.311E-02 3.333E-04 1.694E+03 9.602E-01 8.842E+01 2.000E+00
3.601E+07 6.893E+02 3.198E+00 2.311E-02 3.509E-04 1.391E+03 9.603E-01 8.842E+01 2.000E+00
1.300E+06 4.474E+02 3.646E+00 2.311E-02 3.830E-04 1.767E+03 9.604E-01 8.842E+01 2.000E+00
1.766E+07 4.005E+02 3.751E+00 2.311E-02 4.419E-04 1.920E+03 9.606E-01 8.842E+01 2.000E+00
1.251E+06 8.144E+02 3.018E+00 2.311E-02 5.499E-04 1.299E+03 9.610E-01 8.842E+01 2.000E+00
7.447E+06 9.739E+02 2.825E+00 2.311E-02 7.477E-04 1.221E+03 9.617E-01 8.843E+01 2.000E+00
2.444E+06 4.926E+02 3.552E+00 2.311E-02 1.110E-03 1.658E+03 9.630E-01 8.844E+01 2.000E+00
1.980E+06 6.271E+02 3.302E+00 2.311E-02 1.775E-03 1.453E+03 9.654E-01 8.845E+01 2.000E+00
1.513E+08 9.114E+02 2.898E+00 2.311E-02 2.994E-03 1.249E+03 9.697E-01 8.848E+01 2.000E+00
3.422E+06 6.040E+02 3.347E+00 2.311E-02 5.228E-03 1.478E+03 9.771E-01 8.853E+01 2.000E+00
9.467E+05 7.651E+02 3.085E+00 2.923E-02 3.124E-04 1.332E+03 9.710E-01 8.842E+01 2.000E+00
9.526E+05 7.651E+02 3.085E+00 2.923E-02 3.124E-04 1.332E+03 9.710E-01 8.842E+01 2.000E+00
9.636E+05 7.651E+02 3.085E+00 2.923E-02 3.125E-04 1.332E+03 9.710E-01 8.842E+01 2.000E+00
9.847E+05 7.651E+02 3.085E+00 2.923E-02 3.126E-04 1.708E+03 9.710E-01 8.842E+01 2.000E+00
1.026E+06 7.651E+02 3.085E+00 2.923E-02 3.129E-04 1.332E+03 9.710E-01 8.842E+01 2.000E+00
2.206E+07 3.342E+02 3.906E+00 2.923E-02 3.133E-04 2.273E+03 9.710E-01 8.842E+01 2.000E+00
1.772E+06 3.249E+02 3.929E+00 2.923E-02 3.142E-04 2.345E+03 9.711E-01 8.842E+01 2.000E+00
2.904E+06 3.408E+02 3.890E+00 2.923E-02 3.157E-04 2.248E+03 9.711E-01 8.842E+01 2.000E+00
3.530E+07 4.606E+02 3.618E+00 2.923E-02 3.186E-04 1.733E+03 9.711E-01 8.842E+01 2.000E+00
2.067E+06 5.990E+02 3.349E+00 2.923E-02 3.238E-04 1.487E+03 9.711E-01 8.842E+01 2.000E+00
2.054E+06 4.474E+02 3.646E+00 2.923E-02 3.333E-04 1.769E+03 9.711E-01 8.842E+01 2.000E+00
3.342E+06 7.897E+02 3.051E+00 2.923E-02 3.509E-04 1.317E+03 9.712E-01 8.842E+01 2.000E+00
3.826E+06 8.929E+02 2.918E+00 2.923E-02 3.830E-04 1.257E+03 9.713E-01 8.842E+01 2.000E+00
6.948E+05 5.440E+02 3.450E+00 2.923E-02 4.419E-04 1.565E+03 9.715E-01 8.842E+01 2.000E+00
4.081E+06 8.086E+02 3.026E+00 2.923E-02 5.499E-04 1.304E+03 9.719E-01 8.842E+01 2.000E+00
8.999E+05 3.015E+02 3.986E+00 2.923E-02 7.477E-04 2.572E+03 9.726E-01 8.843E+01 2.000E+00
1.387E+06 6.672E+02 3.234E+00 2.923E-02 1.110E-03 1.412E+03 9.739E-01 8.844E+01 2.000E+00
1.857E+07 3.869E+02 3.785E+00 2.923E-02 1.775E-03 1.972E+03 9.763E-01 8.845E+01 2.000E+00
2.142E+05 3.237E+02 3.940E+00 2.923E-02 2.994E-03 2.335E+03 9.806E-01 8.848E+01 2.000E+00
1.877E+07 4.854E+02 3.575E+00 2.923E-02 5.228E-03 1.668E+03 9.829E-01 8.853E+01 2.000E+00
2.632E+06 8.410E+02 2.983E+00 3.697E-02 3.124E-04 1.286E+03 9.848E-01 8.842E+01 2.000E+00
2.669E+06 8.410E+02 2.983E+00 3.697E-02 3.124E-04 1.286E+03 9.848E-01 8.842E+01 2.000E+00
2.740E+06 8.410E+02 2.983E+00 3.697E-02 3.125E-04 1.286E+03 9.848E-01 8.842E+01 2.000E+00
2.880E+06 8.410E+02 2.983E+00 3.697E-02 3.126E-04 1.297E+03 9.848E-01 8.842E+01 2.000E+00
3.182E+06 8.410E+02 2.983E+00 3.697E-02 3.129E-04 1.286E+03 9.848E-01 8.842E+01 2.000E+00
3.958E+06 8.410E+02 2.983E+00 3.697E-02 3.133E-04 1.286E+03 9.848E-01 8.842E+01 2.000E+00
7.383E+06 8.410E+02 2.983E+00 3.697E-02 3.142E-04 1.286E+03 9.848E-01 8.842E+01 2.000E+00
2.283E+06 5.910E+02 3.363E+00 3.697E-02 3.157E-04 1.498E+03 9.848E-01 8.842E+01 2.000E+00
1.079E+07 8.430E+02 2.980E+00 3.697E-02 3.186E-04 1.285E+03 9.849E-01 8.842E+01 2.000E+00
1.471E+06 3.904E+02 3.774E+00 3.697E-02 3.238E-04 1.963E+03 9.849E-01 8.842E+01 2.000E+00
2.200E+06 8.883E+02 2.924E+00 3.697E-02 3.333E-04 1.261E+03 9.849E-01 8.842E+01 2.000E+00
4.729E+06 6.070E+02 3.335E+00 3.697E-02 3.509E-04 1.478E+03 9.850E-01 8.842E+01 2.000E+00
2.603E+06 5.440E+02 3.450E+00 3.697E-02 3.830E-04 1.566E+03 9.851E-01 8.842E+01 2.000E+00
1.606E+06 6.721E+02 3.226E+00 3.697E-02 4.419E-04 1.408E+03 9.853E-01 8.842E+01 2.000E+00
2.889E+06 8.163E+02 3.015E+00 3.697E-02 5.499E-04 1.321E+03 9.857E-01 8.842E+01 2.000E+00
2.478E+07 8.362E+02 2.989E+00 3.697E-02 7.477E-04 1.289E+03 9.860E-01 8.843E+01 2.000E+00
2.856E+06 6.669E+02 3.235E+00 3.697E-02 1.110E-03 1.413E+03 9.863E-01 8.844E+01 2.000E+00
4.622E+07 9.215E+02 2.885E+00 3.697E-02 1.775E-03 1.246E+03 9.869E-01 8.845E+01 2.000E+00
4.833E+06 9.235E+02 2.884E+00 3.697E-02 2.994E-03 1.245E+03 9.881E-01 8.848E+01 2.000E+00
9.971E+06 8.871E+02 2.929E+00 3.697E-02 5.228E-03 1.263E+03 9.902E-01 8.853E+01 2.000E+00
1.770E+06 6.939E+02 3.191E+00 4.677E-02 3.124E-04 1.390E+03 9.948E-01 8.842E+01 2.000E+00
2.920E+06 3.189E+02 3.943E+00 4.677E-02 3.124E-04 2.398E+03 9.948E-01 8.842E+01 2.000E+00
4.073E+06 8.540E+02 2.966E+00 4.677E-02 3.125E-04 1.280E+03 9.948E-01 8.842E+01 2.000E+00
5.547E+06 3.189E+02 3.943E+00 4.677E-02 3.126E-04 2.398E+03 9.948E-01 8.842E+01 2.000E+00
5.157E+06 3.289E+02 3.919E+00 4.677E-02 3.129E-04 2.315E+03 9.948E-01 8.842E+01 2.000E+00
1.507E+06 3.244E+02 3.930E+00 4.677E-02 3.133E-04 2.350E+03 9.948E-01 8.842E+01 2.000E+00
5.063E+07 3.244E+02 3.930E+00 4.677E-02 3.142E-04 2.356E+03 9.948E-01 8.842E+01 2.000E+00
7.848E+05 7.791E+02 3.066E+00 4.677E-02 3.157E-04 1.325E+03 9.948E-01 8.842E+01 2.000E+00
1.450E+06 7.450E+02 3.114E+00 4.677E-02 3.186E-04 1.349E+03 9.948E-01 8.842E+01 2.000E+00
6.389E+07 7.751E+02 3.071E+00 4.677E-02 3.238E-04 1.328E+03 9.948E-01 8.842E+01 2.000E+00
7.852E+06 4.807E+02 3.576E+00 4.677E-02 3.333E-04 1.688E+03 9.948E-01 8.842E+01 2.000E+00
1.356E+06 8.975E+02 2.912E+00 4.677E-02 3.509E-04 1.258E+03 9.949E-01 8.842E+01 2.000E+00
3.751E+06 8.212E+02 3.009E+00 4.677E-02 3.830E-04 1.298E+03 9.949E-01 8.842E+01 2.000E+00
1.252E+06 3.066E+02 3.973E+00 4.677E-02 4.419E-04 2.528E+03 9.949E-01 8.842E+01 2.000E+00
2.791E+06 5.908E+02 3.364E+00 4.677E-02 5.499E-04 1.500E+03 9.950E-01 8.842E+01 2.000E+00
3.077E+06 6.146E+02 3.322E+00 4.677E-02 7.477E-04 1.489E+03 9.952E-01 8.843E+01 2.000E+00
1.834E+09 6.312E+02 3.294E+00 4.677E-02 1.110E-03 1.451E+03 9.956E-01 8.844E+01 2.000E+00
1.011E+08 5.666E+02 3.409E+00 4.677E-02 1.775E-03 1.532E+03 9.962E-01 8.845E+01 2.000E+00
8.145E+05 4.390E+02 3.670E+00 4.677E-02 2.994E-03 1.789E+03 9.974E-01 8.848E+01 2.000E+00
9.462E+06 2.646E+02 4.091E+00 4.677E-02 5.228E-03 3.066E+03 9.995E-01 8.853E+01 2.000E+00
8.578E+06 6.173E+02 3.317E+00 5.915E-02 3.124E-04 1.471E+03 1.000E+00 8.842E+01 0.000E+00
1.008E+07 6.173E+02 3.317E+00 5.915E-02 3.124E-04 1.469E+03 1.000E+00 8.842E+01 0.000E+00
1.488E+07 6.173E+02 3.317E+00 5.915E-02 3.125E-04 1.470E+03 1.000E+00 8.842E+01 0.000E+00
1.274E+08 6.173E+02 3.317E+00 5.915E-02 3.126E-04 1.469E+03 1.000E+00 8.842E+01 0.000E+00
4.499E+06 6.233E+02 3.306E+00 5.915E-02 3.129E-04 1.462E+03 1.000E+00 8.842E+01 0.000E+00
3.147E+07 6.233E+02 3.306E+00 5.915E-02 3.133E-04 1.462E+03 1.000E+00 8.842E+01 0.000E+00
2.872E+06 7.494E+02 3.108E+00 5.915E-02 3.142E-04 1.347E+03 1.000E+00 8.842E+01 0.000E+00
2.165E+07 6.837E+02 3.207E+00 5.915E-02 3.157E-04 1.465E+03 1.000E+00 8.842E+01 0.000E+00
2.667E+06 8.918E+02 2.919E+00 5.915E-02 3.186E-04 1.263E+03 1.000E+00 8.842E+01 0.000E+00
4.870E+06 8.767E+02 2.938E+00 5.915E-02 3.238E-04 1.270E+03 1.000E+00 8.842E+01 0.000E+00
9.691E+07 8.070E+02 3.028E+00 5.915E-02 3.333E-04 1.309E+03 1.000E+00 8.842E+01 0.000E+00
5.868E+06 9.948E+02 2.802E+00 5.915E-02 3.509E-04 1.218E+03 1.000E+00 8.842E+01 0.000E+00
3.523E+06 4.472E+02 3.647E+00 5.915E-02 3.830E-04 1.772E+03 1.000E+00 8.842E+01 0.000E+00
2.789E+06 2.904E+02 4.012E+00 5.915E-02 4.419E-04 2.710E+03 1.000E+00 8.842E+01 0.000E+00
8.129E+05 2.705E+02 4.059E+00 5.915E-02 5.499E-04 3.038E+03 1.000E+00 8.842E+01 0.000E+00
8.201E+06 9.361E+02 2.867E+00 5.915E-02 7.477E-04 1.243E+03 1.000E+00 8.843E+01 0.000E+00
2.679E+06 7.082E+02 3.170E+00 5.915E-02 1.110E-03 1.380E+03 1.000E+00 8.844E+01 0.000E+00
2.450E+06 2.999E+02 3.994E+00 5.915E-02 1.775E-03 2.575E+03 1.000E+00 8.845E+01 0.000E+00
3.310E+07 7.863E+02 3.058E+00 5.915E-02 2.994E-03 1.323E+03 1.000E+00 8.848E+01 0.000E+00
8.354E+06 9.179E+02 2.892E+00 5.915E-02 5.228E-03 1.253E+03 1.000E+00 8.853E+01 0.000E+00
2.029E+06 7.877E+02 3.054E+00 7.482E-02 3.124E-04 1.324E+03 1.000E+00 8.842E+01 0.000E+00
2.059E+06 7.877E+02 3.054E+00 7.482E-02 3.124E-04 1.324E+03 1.000E+00 8.842E+01 0.000E+00
1.946E+06 9.354E+02 2.868E+00 7.482E-02 3.125E-04 1.247E+03 1.000E+00 8.842E+01 0.000E+00
2.230E+06 7.877E+02 3.054E+00 7.482E-02 3.126E-04 1.323E+03 1.000E+00 8.842E+01 0.000E+00
2.479E+06 7.877E+02 3.054E+00 7.482E-02 3.129E-04 1.324E+03 1.000E+00 8.842E+01 0.000E+00
3.137E+06 7.877E+02 3.054E+00 7.482E-02 3.133E-04 1.324E+03 1.000E+00 8.842E+01 0.000E+00
6.388E+06 7.877E+02 3.054E+00 7.482E-02 3.142E-04 1.324E+03 1.000E+00 8.842E+01 0.000E+00
7.008E+06 7.692E+02 3.080E+00 7.482E-02 3.157E-04 1.336E+03 1.000E+00 8.842E+01 0.000E+00
3.215E+06 7.111E+02 3.165E+00 7.482E-02 3.186E-04 1.379E+03 1.000E+00 8.842E+01 0.000E+00
6.133E+06 9.646E+02 2.835E+00 7.482E-02 3.238E-04 1.233E+03 1.000E+00 8.842E+01 0.000E+00
2.967E+07 6.056E+02 3.337E+00 7.482E-02 3.333E-04 1.524E+03 1.000E+00 8.842E+01 0.000E+00
1.024E+07 9.944E+02 2.802E+00 7.482E-02 3.509E-04 1.221E+03 1.000E+00 8.842E+01 0.000E+00
7.607E+07 9.619E+02 2.838E+00 7.482E-02 3.830E-04 1.236E+03 1.000E+00 8.842E+01 0.000E+00
5.009E+06 3.779E+02 3.803E+00 7.482E-02 4.419E-04 2.022E+03 1.000E+00 8.842E+01 0.000E+00
3.649E+08 4.024E+02 3.747E+00 7.482E-02 5.499E-04 1.919E+03 1.000E+00 8.842E+01 0.000E+00
2.279E+06 3.122E+02 3.961E+00 7.482E-02 7.477E-04 2.458E+03 1.000E+00 8.843E+01 0.000E+00
1.648E+06 6.662E+02 3.236E+00 7.482E-02 1.110E-03 1.420E+03 1.000E+00 8.844E+01 0.000E+00
4.297E+06 6.391E+02 3.282E+00 7.482E-02 1.775E-03 1.447E+03 1.000E+00 8.845E+01 0.000E+00
6.115E+06 7.077E+02 3.173E+00 7.482E-02 2.994E-03 1.383E+03 1.000E+00 8.848E+01 0.000E+00
3.096E+06 5.415E+02 3.463E+00 7.482E-02 5.228E-03 1.572E+03 1.000E+00 8.853E+01 0.000E+00
4.891E+06 2.806E+02 4.035E+00 9.464E-02 3.124E-04 2.857E+03 1.000E+00 8.842E+01 0.000E+00
2.201E+06 2.826E+02 4.030E+00 9.464E-02 3.124E-04 2.825E+03 1.000E+00 8.842E+01 0.000E+00
2.525E+06 2.826E+02 4.030E+00 9.464E-02 3.125E-04 2.825E+03 1.000E+00 8.842E+01 0.000E+00
3.475E+06 2.826E+02 4.030E+00 9.464E-02 3.126E-04 2.825E+03 1.000E+00 8.842E+01 0.000E+00
1.173E+07 2.826E+02 4.030E+00 9.464E-02 3.129E-04 2.825E+03 1.000E+00 8.842E+01 0.000E+00
1.340E+06 3.538E+02 3.860E+00 9.464E-02 3.133E-04 2.156E+03 1.000E+00 8.842E+01 0.000E+00
8.127E+06 3.538E+02 3.860E+00 9.464E-02 3.142E-04 2.151E+03 1.000E+00 8.842E+01 0.000E+00
5.291E+06 8.172E+02 3.014E+00 9.464E-02 3.157E-04 1.308E+03 1.000E+00 8.842E+01 0.000E+00
3.868E+06 8.130E+02 3.020E+00 9.464E-02 3.186E-04 1.311E+03 1.000E+00 8.842E+01 0.000E+00
3.793E+06 8.882E+02 2.924E+00 9.464E-02 3.238E-04 1.272E+03 1.000E+00 8.842E+01 0.000E+00
9.189E+06 7.299E+02 3.137E+00 9.464E-02 3.333E-04 1.367E+03 1.000E+00 8.842E+01 0.000E+00
1.291E+06 7.296E+02 3.137E+00 9.464E-02 3.509E-04 1.368E+03 1.000E+00 8.842E+01 0.000E+00
1.343E+07 4.024E+02 3.747E+00 9.464E-02 3.830E-04 1.921E+03 1.000E+00 8.842E+01 0.000E+00
1.427E+07 5.298E+02 3.477E+00 9.464E-02 4.419E-04 1.598E+03 1.000E+00 8.842E+01 0.000E+00
2.575E+06 9.696E+02 2.829E+00 9.464E-02 5.499E-04 1.239E+03 1.000E+00 8.843E+01 0.000E+00
1.301E+06 2.703E+02 4.061E+00 9.464E-02 7.477E-04 3.037E+03 1.000E+00 8.843E+01 0.000E+00
7.834E+06 4.597E+02 3.622E+00 9.464E-02 1.110E-03 1.746E+03 1.000E+00 8.844E+01 0.000E+00
3.888E+06 9.876E+02 2.811E+00 9.464E-02 1.775E-03 1.228E+03 1.000E+00 8.845E+01 0.000E+00
1.098E+06 3.285E+02 3.929E+00 9.464E-02 2.994E-03 2.304E+03 1.000E+00 8.848E+01 0.000E+00
3.863E+06 8.638E+02 2.958E+00 9.464E-02 5.228E-03 1.286E+03 1.000E+00 8.853E+01 0.000E+00
6.732E+06 9.361E+02 2.867E+00 1.197E-01 3.124E-04 1.252E+03 1.000E+00 8.842E+01 0.000E+00
6.829E+06 9.361E+02 2.867E+00 1.197E-01 3.124E-04 1.252E+03 1.000E+00 8.842E+01 0.000E+00
7.015E+06 9.361E+02 2.867E+00 1.197E-01 3.125E-04 1.252E+03 1.000E+00 8.842E+01 0.000E+00
7.384E+06 9.361E+02 2.867E+00 1.197E-01 3.126E-04 1.252E+03 1.000E+00 8.842E+01 0.000E+00
8.175E+06 9.361E+02 2.867E+00 1.197E-01 3.129E-04 1.253E+03 1.000E+00 8.842E+01 0.000E+00
1.020E+07 9.361E+02 2.867E+00 1.197E-01 3.133E-04 1.253E+03 1.000E+00 8.842E+01 0.000E+00
1.891E+07 9.361E+02 2.867E+00 1.197E-01 3.142E-04 1.252E+03 1.000E+00 8.842E+01 0.000E+00
3.580E+06 8.428E+02 2.981E+00 1.197E-01 3.157E-04 1.298E+03 1.000E+00 8.842E+01 0.000E+00
2.368E+07 6.745E+02 3.222E+00 1.197E-01 3.186E-04 1.421E+03 1.000E+00 8.842E+01 0.000E+00
8.351E+06 4.023E+02 3.747E+00 1.197E-01 3.238E-04 1.927E+03 1.000E+00 8.842E+01 0.000E+00
8.012E+06 5.445E+02 3.449E+00 1.197E-01 3.333E-04 1.577E+03 1.000E+00 8.842E+01 0.000E+00
8.493E+05 3.240E+02 3.932E+00 1.197E-01 3.509E-04 2.360E+03 1.000E+00 8.842E+01 0.000E+00
9.015E+06 9.696E+02 2.829E+00 1.197E-01 3.830E-04 1.239E+03 1.000E+00 8.842E+01 0.000E+00
5.002E+07 6.446E+02 3.271E+00 1.197E-01 4.419E-04 1.448E+03 1.000E+00 8.842E+01 0.000E+00
1.121E+07 8.881E+02 2.924E+00 1.197E-01 5.499E-04 1.275E+03 1.000E+00 8.843E+01 0.000E+00
1.729E+06 5.669E+02 3.408E+00 1.197E-01 7.477E-04 1.543E+03 1.000E+00 8.843E+01 0.000E+00
3.332E+06 7.488E+02 3.110E+00 1.197E-01 1.110E-03 1.357E+03 1.000E+00 8.844E+01 0.000E+00
1.702E+06 9.785E+02 2.820E+00 1.197E-01 1.775E-03 1.236E+03 1.000E+00 8.845E+01 0.000E+00
1.193E+06 4.386E+02 3.671E+00 1.197E-01 2.994E-03 1.799E+03 1.000E+00 8.848E+01 0.000E+00
2.243E+06 9.193E+02 2.891E+00 1.197E-01 5.228E-03 1.263E+03 1.000E+00 8.853E+01 0.000E+00
8.245E+06 5.010E+02 3.534E+00 1.514E-01 3.124E-04 1.659E+03 1.000E+00 8.842E+01 0.000E+00
1.034E+07 5.010E+02 3.534E+00 1.514E-01 3.124E-04 1.659E+03 1.000E+00 8.842E+01 0.000E+00
1.947E+07 5.010E+02 3.534E+00 1.514E-01 3.125E-04 1.659E+03 1.000E+00 8.842E+01 0.000E+00
6.994E+06 2.578E+02 4.088E+00 1.514E-01 3.126E-04 3.341E+03 1.000E+00 8.842E+01 0.000E+00
3.471E+06 9.002E+02 2.909E+00 1.514E-01 3.129E-04 1.274E+03 1.000E+00 8.842E+01 0.000E+00
3.973E+06 9.002E+02 2.909E+00 1.514E-01 3.133E-04 1.284E+03 1.000E+00 8.842E+01 0.000E+00
5.454E+06 9.002E+02 2.909E+00 1.514E-01 3.142E-04 1.274E+03 1.000E+00 8.842E+01 0.000E+00
1.911E+07 9.002E+02 2.909E+00 1.514E-01 3.157E-04 1.274E+03 1.000E+00 8.842E+01 0.000E+00
1.082E+08 4.543E+02 3.632E+00 1.514E-01 3.186E-04 1.766E+03 1.000E+00 8.842E+01 0.000E+00
2.594E+06 6.896E+02 3.198E+00 1.514E-01 3.238E-04 1.410E+03 1.000E+00 8.842E+01 0.000E+00
1.296E+07 4.958E+02 3.545E+00 1.514E-01 3.333E-04 1.670E+03 1.000E+00 8.842E+01 0.000E+00
1.698E+06 4.678E+02 3.603E+00 1.514E-01 3.509E-04 1.731E+03 1.000E+00 8.842E+01 0.000E+00
3.599E+06 5.575E+02 3.425E+00 1.514E-01 3.830E-04 1.562E+03 1.000E+00 8.842E+01 0.000E+00
2.888E+06 5.623E+02 3.416E+00 1.514E-01 4.419E-04 1.555E+03 1.000E+00 8.842E+01 0.000E+00
3.971E+06 2.577E+02 4.089E+00 1.514E-01 5.499E-04 3.338E+03 1.000E+00 8.843E+01 0.000E+00
1.441E+07 4.815E+02 3.575E+00 1.514E-01 7.477E-04 1.699E+03 1.000E+00 8.843E+01 0.000E+00
9.027E+06 3.234E+02 3.936E+00 1.514E-01 1.110E-03 2.362E+03 1.000E+00 8.844E+01 0.000E+00
1.994E+06 8.240E+02 3.006E+00 1.514E-01 1.775E-03 1.315E+03 1.000E+00 8.845E+01 0.000E+00
2.818E+07 7.188E+02 3.156E+00 1.514E-01 2.994E-03 1.388E+03 1.000E+00 8.848E+01 0.000E+00
2.139E+07 5.502E+02 3.446E+00 1.514E-01 5.228E-03 1.570E+03 1.000E+00 8.853E+01 0.000E+00
5.298E+05 3.413E+02 3.890E+00 1.915E-01 3.124E-04 2.239E+03 1.000E+00 8.842E+01 0.000E+00
2.448E+06 3.042E+02 3.980E+00 1.915E-01 3.124E-04 2.556E+03 1.000E+00 8.842E+01 0.000E+00
2.872E+06 3.042E+02 3.980E+00 1.915E-01 3.125E-04 2.552E+03 1.000E+00 8.842E+01 0.000E+00
1.170E+06 5.374E+02 3.463E+00 1.915E-01 3.126E-04 1.599E+03 1.000E+00 8.842E+01 0.000E+00
3.785E+07 3.042E+02 3.980E+00 1.915E-01 3.129E-04 2.553E+03 1.000E+00 8.842E+01 0.000E+00
7.922E+05 2.988E+02 3.993E+00 1.915E-01 3.133E-04 2.612E+03 1.000E+00 8.842E+01 0.000E+00
1.557E+06 2.988E+02 3.993E+00 1.915E-01 3.142E-04 2.612E+03 1.000E+00 8.842E+01 0.000E+00
7.624E+06 7.576E+02 3.096E+00 1.915E-01 3.157E-04 1.363E+03 1.000E+00 8.842E+01 0.000E+00
8.376E+05 4.597E+02 3.620E+00 1.915E-01 3.186E-04 1.757E+03 1.000E+00 8.842E+01 0.000E+00
1.966E+08 7.525E+02 3.104E+00 1.915E-01 3.238E-04 1.366E+03 1.000E+00 8.842E+01 0.000E+00
6.122E+06 7.597E+02 3.093E+00 1.915E-01 3.333E-04 1.362E+03 1.000E+00 8.842E+01 0.000E+00
3.463E+06 6.144E+02 3.322E+00 1.915E-01 3.509E-04 1.495E+03 1.000E+00 8.842E+01 0.000E+00
1.119E+07 4.119E+02 3.726E+00 1.915E-01 3.830E-04 1.899E+03 1.000E+00 8.842E+01 0.000E+00
1.021E+06 3.532E+02 3.862E+00 1.915E-01 4.419E-04 2.164E+03 1.000E+00 8.842E+01 0.000E+00
8.182E+05 3.894E+02 3.778E+00 1.915E-01 5.499E-04 1.985E+03 1.000E+00 8.843E+01 0.000E+00
2.107E+06 9.484E+02 2.853E+00 1.915E-01 7.477E-04 1.260E+03 1.000E+00 8.843E+01 0.000E+00
9.450E+06 8.996E+02 2.911E+00 1.915E-01 1.110E-03 1.283E+03 1.000E+00 8.844E+01 0.000E+00
4.388E+06 9.114E+02 2.897E+00 1.915E-01 1.775E-03 1.278E+03 1.000E+00 8.846E+01 0.000E+00
1.895E+06 7.862E+02 3.059E+00 1.915E-01 2.994E-03 1.345E+03 1.000E+00 8.848E+01 0.000E+00
6.006E+07 6.895E+02 3.204E+00 1.915E-01 5.228E-03 1.418E+03 1.000E+00 8.853E+01 0.000E+00
1.197E+06 3.116E+02 3.963E+00 2.422E-01 3.124E-04 2.481E+03 1.000E+00 8.842E+01 0.000E+00
1.241E+06 3.116E+02 3.963E+00 2.422E-01 3.124E-04 2.481E+03 1.000E+00 8.842E+01 0.000E+00
1.331E+06 3.116E+02 3.963E+00 2.422E-01 3.125E-04 2.481E+03 1.000E+00 8.842E+01 0.000E+00
1.539E+06 3.116E+02 3.963E+00 2.422E-01 3.126E-04 2.481E+03 1.000E+00 8.842E+01 0.000E+00
2.172E+06 3.116E+02 3.963E+00 2.422E-01 3.129E-04 2.481E+03 1.000E+00 8.842E+01 0.000E+00
1.003E+07 3.116E+02 3.963E+00 2.422E-01 3.133E-04 2.481E+03 1.000E+00 8.842E+01 0.000E+00
3.578E+06 4.532E+02 3.635E+00 2.422E-01 3.142E-04 1.781E+03 1.000E+00 8.842E+01 0.000E+00
1.984E+06 8.355E+02 2.990E+00 2.422E-01 3.157E-04 1.324E+03 1.000E+00 8.842E+01 0.000E+00
8.618E+06 8.355E+02 2.990E+00 2.422E-01 3.186E-04 1.324E+03 1.000E+00 8.842E+01 0.000E+00
1.956E+06 8.425E+02 2.981E+00 2.422E-01 3.238E-04 1.346E+03 1.000E+00 8.842E+01 0.000E+00
1.508E+06 8.233E+02 3.006E+00 2.422E-01 3.333E-04 1.331E+03 1.000E+00 8.842E+01 0.000E+00
3.035E+07 8.649E+02 2.953E+00 2.422E-01 3.509E-04 1.308E+03 1.000E+00 8.842E+01 0.000E+00
1.987E+06 9.484E+02 2.853E+00 2.422E-01 3.830E-04 1.270E+03 1.000E+00 8.842E+01 0.000E+00
8.845E+06 7.934E+02 3.046E+00 2.422E-01 4.419E-04 1.348E+03 1.000E+00 8.843E+01 0.000E+00
1.300E+06 4.863E+02 3.565E+00 2.422E-01 5.499E-04 1.702E+03 1.000E+00 8.843E+01 0.000E+00
1.117E+08 9.876E+02 2.810E+00 2.422E-01 7.477E-04 1.255E+03 1.000E+00 8.843E+01 0.000E+00
3.550E+06 8.097E+02 3.025E+00 2.422E-01 1.110E-03 1.339E+03 1.000E+00 8.844E+01 0.000E+00
1.639E+07 6.821E+02 3.212E+00 2.422E-01 1.775E-03 1.432E+03 1.000E+00 8.846E+01 0.000E+00
2.933E+06 8.991E+02 2.913E+00 2.422E-01 2.994E-03 1.294E+03 1.000E+00 8.848E+01 0.000E+00
4.115E+06 7.473E+02 3.117E+00 2.422E-01 5.228E-03 1.382E+03 1.000E+00 8.854E+01 0.000E+00
3.918E+06 9.664E+02 2.833E+00 3.064E-01 3.124E-04 1.278E+03 1.000E+00 8.842E+01 0.000E+00
3.933E+06 9.664E+02 2.833E+00 3.064E-01 3.124E-04 1.277E+03 1.000E+00 8.842E+01 0.000E+00
3.962E+06 9.664E+02 2.833E+00 3.064E-01 3.125E-04 1.277E+03 1.000E+00 8.842E+01 0.000E+00
4.017E+06 9.664E+02 2.833E+00 3.064E-01 3.126E-04 1.277E+03 1.000E+00 8.842E+01 0.000E+00
2.824E+06 6.485E+02 3.264E+00 3.064E-01 3.129E-04 1.476E+03 1.000E+00 8.842E+01 0.000E+00
5.330E+06 6.485E+02 3.264E+00 3.064E-01 3.133E-04 1.486E+03 1.000E+00 8.842E+01 0.000E+00
6.884E+06 6.561E+02 3.252E+00 3.064E-01 3.142E-04 1.468E+03 1.000E+00 8.842E+01 0.000E+00
5.885E+06 9.664E+02 2.833E+00 3.064E-01 3.157E-04 1.277E+03 1.000E+00 8.842E+01 0.000E+00
1.055E+07 9.664E+02 2.833E+00 3.064E-01 3.186E-04 1.277E+03 1.000E+00 8.842E+01 0.000E+00
2.494E+06 9.789E+02 2.819E+00 3.064E-01 3.238E-04 1.272E+03 1.000E+00 8.842E+01 0.000E+00
8.798E+06 9.374E+02 2.866E+00 3.064E-01 3.333E-04 1.288E+03 1.000E+00 8.843E+01 0.000E+00
1.373E+06 6.221E+02 3.309E+00 3.064E-01 3.509E-04 1.503E+03 1.000E+00 8.843E+01 0.000E+00
4.860E+06 8.871E+02 2.925E+00 3.064E-01 3.830E-04 1.310E+03 1.000E+00 8.843E+01 0.000E+00
6.080E+06 9.115E+02 2.896E+00 3.064E-01 4.419E-04 1.307E+03 1.000E+00 8.843E+01 0.000E+00
7.089E+05 5.738E+02 3.395E+00 3.064E-01 5.499E-04 1.563E+03 1.000E+00 8.843E+01 0.000E+00
1.314E+08 6.136E+02 3.324E+00 3.064E-01 7.477E-04 1.513E+03 1.000E+00 8.843E+01 0.000E+00
2.346E+06 8.680E+02 2.950E+00 3.064E-01 1.110E-03 1.321E+03 1.000E+00 8.844E+01 0.000E+00
4.139E+06 7.046E+02 3.177E+00 3.064E-01 1.775E-03 1.426E+03 1.000E+00 8.846E+01 0.000E+00
1.754E+06 3.392E+02 3.905E+00 3.064E-01 2.994E-03 2.256E+03 1.000E+00 8.849E+01 0.000E+00
3.323E+06 7.989E+02 3.044E+00 3.064E-01 5.228E-03 1.363E+03 1.000E+00 8.854E+01 0.000E+00
8.799E+06 3.642E+02 3.837E+00 3.875E-01 3.124E-04 2.131E+03 1.000E+00 8.843E+01 0.000E+00
1.213E+07 3.642E+02 3.837E+00 3.875E-01 3.124E-04 2.129E+03 1.000E+00 8.843E+01 0.000E+00
4.007E+07 3.642E+02 3.837E+00 3.875E-01 3.125E-04 2.130E+03 1.000E+00 8.843E+01 0.000E+00
3.240E+06 5.506E+02 3.438E+00 3.875E-01 3.126E-04 1.611E+03 1.000E+00 8.843E+01 0.000E+00
5.520E+06 5.506E+02 3.438E+00 3.875E-01 3.129E-04 1.611E+03 1.000E+00 8.843E+01 0.000E+00
3.101E+06 5.139E+02 3.509E+00 3.875E-01 3.133E-04 1.673E+03 1.000E+00 8.843E+01 0.000E+00
1.463E+06 8.533E+02 2.967E+00 3.875E-01 3.142E-04 1.345E+03 1.000E+00 8.843E+01 0.000E+00
1.920E+06 8.472E+02 2.975E+00 3.875E-01 3.157E-04 1.349E+03 1.000E+00 8.843E+01 0.000E+00
5.828E+06 8.472E+02 2.975E+00 3.875E-01 3.186E-04 1.383E+03 1.000E+00 8.843E+01 0.000E+00
2.022E+07 4.857E+02 3.567E+00 3.875E-01 3.238E-04 1.734E+03 1.000E+00 8.843E+01 0.000E+00
3.607E+06 7.839E+02 3.060E+00 3.875E-01 3.333E-04 1.386E+03 1.000E+00 8.843E+01 0.000E+00
2.913E+06 9.074E+02 2.901E+00 3.875E-01 3.509E-04 1.321E+03 1.000E+00 8.843E+01 0.000E+00
5.878E+06 3.285E+02 3.923E+00 3.875E-01 3.830E-04 2.352E+03 1.000E+00 8.843E+01 0.000E+00
7.010E+06 6.077E+02 3.334E+00 3.875E-01 4.419E-04 1.535E+03 1.000E+00 8.843E+01 0.000E+00
3.954E+07 5.416E+02 3.456E+00 3.875E-01 5.499E-04 1.625E+03 1.000E+00 8.843E+01 0.000E+00
1.182E+07 8.474E+02 2.975E+00 3.875E-01 7.477E-04 1.349E+03 1.000E+00 8.844E+01 0.000E+00
7.280E+06 9.327E+02 2.872E+00 3.875E-01 1.110E-03 1.311E+03 1.000E+00 8.844E+01 0.000E+00
1.731E+07 9.678E+02 2.833E+00 3.875E-01 1.775E-03 1.298E+03 1.000E+00 8.846E+01 0.000E+00
1.340E+07 6.390E+02 3.284E+00 3.875E-01 2.994E-03 1.503E+03 1.000E+00 8.849E+01 0.000E+00
4.178E+06 9.389E+02 2.868E+00 3.875E-01 5.228E-03 1.315E+03 1.000E+00 8.854E+01 0.000E+00
9.115E+05 4.065E+02 3.740E+00 4.902E-01 3.124E-04 1.964E+03 1.000E+00 8.843E+01 0.000E+00
9.331E+05 4.065E+02 3.740E+00 4.902E-01 3.124E-04 1.964E+03 1.000E+00 8.843E+01 0.000E+00
9.758E+05 4.065E+02 3.740E+00 4.902E-01 3.125E-04 1.964E+03 1.000E+00 8.843E+01 0.000E+00
1.066E+06 4.065E+02 3.740E+00 4.902E-01 3.126E-04 1.964E+03 1.000E+00 8.843E+01 0.000E+00
1.290E+06 4.065E+02 3.740E+00 4.902E-01 3.129E-04 1.966E+03 1.000E+00 8.843E+01 0.000E+00
2.147E+06 4.065E+02 3.740E+00 4.902E-01 3.133E-04 1.964E+03 1.000E+00 8.843E+01 0.000E+00
1.072E+06 6.729E+02 3.225E+00 4.902E-01 3.142E-04 1.491E+03 1.000E+00 8.843E+01 0.000E+00
2.044E+06 6.729E+02 3.225E+00 4.902E-01 3.157E-04 1.496E+03 1.000E+00 8.843E+01 0.000E+00
2.141E+06 8.233E+02 3.006E+00 4.902E-01 3.186E-04 1.387E+03 1.000E+00 8.843E+01 0.000E+00
3.327E+06 8.093E+02 3.025E+00 4.902E-01 3.238E-04 1.395E+03 1.000E+00 8.843E+01 0.000E+00
3.842E+06 6.296E+02 3.297E+00 4.902E-01 3.333E-04 1.533E+03 1.000E+00 8.843E+01 0.000E+00
7.114E+07 5.155E+02 3.507E+00 4.902E-01 3.509E-04 1.690E+03 1.000E+00 8.843E+01 0.000E+00
2.607E+07 8.200E+02 3.011E+00 4.902E-01 3.830E-04 1.389E+03 1.000E+00 8.843E+01 0.000E+00
1.919E+07 4.782E+02 3.583E+00 4.902E-01 4.419E-04 1.763E+03 1.000E+00 8.843E+01 0.000E+00
8.314E+06 2.662E+02 4.075E+00 4.902E-01 5.499E-04 3.126E+03 1.000E+00 8.843E+01 0.000E+00
3.020E+06 8.992E+02 2.911E+00 4.902E-01 7.477E-04 1.352E+03 1.000E+00 8.844E+01 0.000E+00
6.663E+06 9.577E+02 2.843E+00 4.902E-01 1.110E-03 1.330E+03 1.000E+00 8.845E+01 0.000E+00
1.695E+06 5.985E+02 3.353E+00 4.902E-01 1.775E-03 1.570E+03 1.000E+00 8.846E+01 0.000E+00
4.912E+06 5.856E+02 3.378E+00 4.902E-01 2.994E-03 1.588E+03 1.000E+00 8.849E+01 0.000E+00
5.585E+06 2.983E+02 4.015E+00 4.902E-01 5.228E-03 2.605E+03 1.000E+00 8.854E+01 0.000E+00
2.418E+07 3.811E+02 3.799E+00 6.200E-01 3.124E-04 2.088E+03 1.000E+00 8.843E+01 0.000E+00
9.565E+07 3.811E+02 3.799E+00 6.200E-01 3.124E-04 2.088E+03 1.000E+00 8.843E+01 0.000E+00
2.746E+06 7.288E+02 3.139E+00 6.200E-01 3.125E-04 1.482E+03 1.000E+00 8.843E+01 0.000E+00
3.029E+06 7.288E+02 3.139E+00 6.200E-01 3.126E-04 1.482E+03 1.000E+00 8.843E+01 0.000E+00
3.750E+06 7.288E+02 3.139E+00 6.200E-01 3.129E-04 1.484E+03 1.000E+00 8.843E+01 0.000E+00
6.812E+06 7.288E+02 3.139E+00 6.200E-01 3.133E-04 1.482E+03 1.000E+00 8.843E+01 0.000E+00
1.755E+07 6.547E+02 3.255E+00 6.200E-01 3.142E-04 1.541E+03 1.000E+00 8.843E+01 0.000E+00
2.223E+06 6.005E+02 3.347E+00 6.200E-01 3.157E-04 1.597E+03 1.000E+00 8.843E+01 0.000E+00
1.560E+06 6.032E+02 3.343E+00 6.200E-01 3.186E-04 1.595E+03 1.000E+00 8.843E+01 0.000E+00
5.581E+06 6.224E+02 3.309E+00 6.200E-01 3.238E-04 1.573E+03 1.000E+00 8.843E+01 0.000E+00
4.439E+06 8.648E+02 2.953E+00 6.200E-01 3.333E-04 1.408E+03 1.000E+00 8.843E+01 0.000E+00
3.195E+07 8.830E+02 2.931E+00 6.200E-01 3.509E-04 1.401E+03 1.000E+00 8.843E+01 0.000E+00
5.295E+07 4.449E+02 3.654E+00 6.200E-01 3.830E-04 1.871E+03 1.000E+00 8.843E+01 0.000E+00
2.414E+07 3.296E+02 3.923E+00 6.200E-01 4.419E-04 2.379E+03 1.000E+00 8.843E+01 0.000E+00
2.077E+06 3.096E+02 3.972E+00 6.200E-01 5.499E-04 2.541E+03 1.000E+00 8.844E+01 0.000E+00
1.388E+06 7.877E+02 3.055E+00 6.200E-01 7.477E-04 1.447E+03 1.000E+00 8.844E+01 0.000E+00
8.221E+06 3.093E+02 3.975E+00 6.200E-01 1.110E-03 2.540E+03 1.000E+00 8.845E+01 0.000E+00
2.475E+06 7.606E+02 3.094E+00 6.200E-01 1.775E-03 1.466E+03 1.000E+00 8.847E+01 0.000E+00
1.419E+06 4.645E+02 3.617E+00 6.200E-01 2.994E-03 1.878E+03 1.000E+00 8.849E+01 0.000E+00
3.809E+06 8.807E+02 2.938E+00 6.200E-01 5.228E-03 1.417E+03 1.000E+00 8.854E+01 0.000E+00
6.737E+07 7.370E+02 3.127E+00 7.842E-01 3.124E-04 1.537E+03 1.000E+00 8.844E+01 0.000E+00
2.501E+08 7.370E+02 3.127E+00 7.842E-01 3.124E-04 1.536E+03 1.000E+00 8.844E+01 0.000E+00
7.350E+06 9.354E+02 2.868E+00 7.842E-01 3.125E-04 1.458E+03 1.000E+00 8.844E+01 0.000E+00
7.756E+06 9.354E+02 2.868E+00 7.842E-01 3.126E-04 1.459E+03 1.000E+00 8.844E+01 0.000E+00
8.632E+06 9.354E+02 2.868E+00 7.842E-01 3.129E-04 1.458E+03 1.000E+00 8.844E+01 0.000E+00
4.828E+07 5.953E+02 3.357E+00 7.842E-01 3.133E-04 1.652E+03 1.000E+00 8.844E+01 0.000E+00
2.151E+07 9.354E+02 2.868E+00 7.842E-01 3.142E-04 1.459E+03 1.000E+00 8.844E+01 0.000E+00
2.381E+06 8.548E+02 2.966E+00 7.842E-01 3.157E-04 1.495E+03 1.000E+00 8.844E+01 0.000E+00
1.243E+07 8.548E+02 2.966E+00 7.842E-01 3.186E-04 1.483E+03 1.000E+00 8.844E+01 0.000E+00
2.642E+06 8.655E+02 2.952E+00 7.842E-01 3.238E-04 1.479E+03 1.000E+00 8.844E+01 0.000E+00
1.745E+06 7.659E+02 3.085E+00 7.842E-01 3.333E-04 1.521E+03 1.000E+00 8.844E+01 0.000E+00
3.218E+06 4.621E+02 3.618E+00 7.842E-01 3.509E-04 1.867E+03 1.000E+00 8.844E+01 0.000E+00
1.745E+07 7.668E+02 3.084E+00 7.842E-01 3.830E-04 1.520E+03 1.000E+00 8.844E+01 0.000E+00
6.221E+06 8.182E+02 3.014E+00 7.842E-01 4.419E-04 1.501E+03 1.000E+00 8.844E+01 0.000E+00
2.141E+07 8.637E+02 2.955E+00 7.842E-01 5.499E-04 1.482E+03 1.000E+00 8.844E+01 0.000E+00
2.992E+08 5.115E+02 3.516E+00 7.842E-01 7.477E-04 1.770E+03 1.000E+00 8.845E+01 0.000E+00
6.602E+06 9.775E+02 2.822E+00 7.842E-01 1.110E-03 1.454E+03 1.000E+00 8.845E+01 0.000E+00
3.464E+07 5.476E+02 3.447E+00 7.842E-01 1.775E-03 1.716E+03 1.000E+00 8.847E+01 0.000E+00
2.319E+06 5.443E+02 3.456E+00 7.842E-01 2.994E-03 1.724E+03 1.000E+00 8.850E+01 0.000E+00
8.026E+06 6.253E+02 3.311E+00 7.842E-01 5.228E-03 1.680E+03 1.000E+00 8.855E+01 0.000E+00
7.264E+05 4.610E+02 3.621E+00 9.919E-01 3.124E-04 1.935E+03 1.000E+00 8.844E+01 0.000E+00
1.473E+06 6.797E+02 3.215E+00 9.919E-01 3.124E-04 1.676E+03 1.000E+00 8.844E+01 0.000E+00
7.595E+05 4.610E+02 3.621E+00 9.919E-01 3.125E-04 1.935E+03 1.000E+00 8.844E+01 0.000E+00
8.035E+05 4.610E+02 3.621E+00 9.919E-01 3.126E-04 1.961E+03 1.000E+00 8.844E+01 0.000E+00
1.256E+06 4.545E+02 3.635E+00 9.919E-01 3.129E-04 1.950E+03 1.000E+00 8.844E+01 0.000E+00
1.171E+06 4.610E+02 3.621E+00 9.919E-01 3.133E-04 1.935E+03 1.000E+00 8.844E+01 0.000E+00
2.841E+06 4.610E+02 3.621E+00 9.919E-01 3.142E-04 1.938E+03 1.000E+00 8.844E+01 0.000E+00
1.046E+06 5.672E+02 3.409E+00 9.919E-01 3.157E-04 1.768E+03 1.000E+00 8.844E+01 0.000E+00
6.556E+06 5.705E+02 3.403E+00 9.919E-01 3.186E-04 1.763E+03 1.000E+00 8.844E+01 0.000E+00
1.795E+06 8.809E+02 2.934E+00 9.919E-01 3.238E-04 1.625E+03 1.000E+00 8.844E+01 0.000E+00
1.089E+07 8.974E+02 2.913E+00 9.919E-01 3.333E-04 1.626E+03 1.000E+00 8.844E+01 0.000E+00
1.037E+07 3.220E+02 3.945E+00 9.919E-01 3.509E-04 2.506E+03 1.000E+00 8.844E+01 0.000E+00
5.763E+06 5.783E+02 3.388E+00 9.919E-01 3.830E-04 1.755E+03 1.000E+00 8.844E+01 0.000E+00
2.539E+06 5.458E+02 3.449E+00 9.919E-01 4.419E-04 1.793E+03 1.000E+00 8.844E+01 0.000E+00
2.943E+06 9.039E+02 2.906E+00 9.919E-01 5.499E-04 1.642E+03 1.000E+00 8.845E+01 0.000E+00
1.179E+07 9.605E+02 2.840E+00 9.919E-01 7.477E-04 1.638E+03 1.000E+00 8.845E+01 0.000E+00
5.811E+06 6.268E+02 3.303E+00 9.919E-01 1.110E-03 1.716E+03 1.000E+00 8.846E+01 0.000E+00
9.639E+06 6.435E+02 3.276E+00 9.919E-01 1.775E-03 1.709E+03 1.000E+00 8.847E+01 0.000E+00
3.877E+06 9.141E+02 2.896E+00 9.919E-01 2.994E-03 1.661E+03 1.000E+00 8.850E+01 0.000E+00
1.876E+06 7.969E+02 3.047E+00 9.919E-01 5.228E-03 1.684E+03 1.000E+00 8.855E+01 0.000E+00
1.073E+07 6.828E+02 3.211E+00 1.255E+00 3.124E-04 1.925E+03 1.000E+00 8.845E+01 0.000E+00
1.251E+07 6.828E+02 3.211E+00 1.255E+00 3.124E-04 1.925E+03 1.000E+00 8.845E+01 0.000E+00
1.802E+07 6.828E+02 3.211E+00 1.255E+00 3.125E-04 1.925E+03 1.000E+00 8.845E+01 0.000E+00
9.725E+07 6.828E+02 3.211E+00 1.255E+00 3.126E-04 1.925E+03 1.000E+00 8.845E+01 0.000E+00
1.705E+07 3.368E+02 3.911E+00 1.255E+00 3.129E-04 2.483E+03 1.000E+00 8.845E+01 0.000E+00
4.696E+05 2.170E+02 4.199E+00 1.255E+00 3.133E-04 5.102E+03 1.000E+00 8.845E+01 0.000E+00
1.792E+06 6.878E+02 3.203E+00 1.255E+00 3.142E-04 1.927E+03 1.000E+00 8.845E+01 0.000E+00
9.972E+06 6.878E+02 3.203E+00 1.255E+00 3.157E-04 1.927E+03 1.000E+00 8.845E+01 0.000E+00
3.352E+06 9.247E+02 2.881E+00 1.255E+00 3.186E-04 2.392E+03 1.000E+00 8.845E+01 0.000E+00
2.752E+06 9.487E+02 2.854E+00 1.255E+00 3.238E-04 2.466E+03 1.000E+00 8.845E+01 0.000E+00
4.331E+06 5.238E+02 3.493E+00 1.255E+00 3.333E-04 1.969E+03 1.000E+00 8.845E+01 0.000E+00
3.910E+06 2.349E+02 4.160E+00 1.255E+00 3.509E-04 4.033E+03 1.000E+00 8.845E+01 0.000E+00
1.447E+06 5.770E+02 3.391E+00 1.255E+00 3.830E-04 1.931E+03 1.000E+00 8.845E+01 0.000E+00
9.403E+05 6.431E+02 3.276E+00 1.255E+00 4.419E-04 1.919E+03 1.000E+00 8.845E+01 0.000E+00
1.927E+06 4.672E+02 3.609E+00 1.255E+00 5.499E-04 2.047E+03 1.000E+00 8.845E+01 0.000E+00
1.485E+06 5.720E+02 3.401E+00 1.255E+00 7.477E-04 1.939E+03 1.000E+00 8.846E+01 0.000E+00
1.945E+05 3.063E+02 3.989E+00 1.255E+00 1.110E-03 2.706E+03 1.000E+00 8.846E+01 0.000E+00
4.297E+06 9.271E+02 2.880E+00 1.255E+00 1.775E-03 2.483E+03 1.000E+00 8.848E+01 0.000E+00
1.287E+06 5.369E+02 3.472E+00 1.255E+00 2.994E-03 1.989E+03 1.000E+00 8.851E+01 0.000E+00
1.519E+06 8.020E+02 3.041E+00 1.255E+00 5.228E-03 2.249E+03 1.000E+00 8.856E+01 0.000E+00
1.363E+06 4.724E+02 3.599E+00 1.587E+00 3.124E-04 2.369E+03 1.000E+00 8.845E+01 0.000E+00
1.406E+06 4.724E+02 3.599E+00 1.587E+00 3.124E-04 2.369E+03 1.000E+00 8.845E+01 0.000E+00
1.494E+06 4.724E+02 3.599E+00 1.587E+00 3.125E-04 2.369E+03 1.000E+00 8.845E+01 0.000E+00
1.691E+06 4.724E+02 3.599E+00 1.587E+00 3.126E-04 2.369E+03 1.000E+00 8.845E+01 0.000E+00
2.241E+06 4.724E+02 3.599E+00 1.587E+00 3.129E-04 2.369E+03 1.000E+00 8.845E+01 0.000E+00
5.900E+06 4.724E+02 3.599E+00 1.587E+00 3.133E-04 2.369E+03 1.000E+00 8.845E+01 0.000E+00
1.103E+07 2.584E+02 4.110E+00 1.587E+00 3.142E-04 3.438E+03 1.000E+00 8.845E+01 0.000E+00
2.854E+07 6.644E+02 3.241E+00 1.587E+00 3.157E-04 4.929E+03 1.000E+00 8.845E+01 0.000E+00
4.261E+05 3.925E+02 3.779E+00 1.587E+00 3.186E-04 2.442E+03 1.000E+00 8.845E+01 0.000E+00
1.618E+06 6.253E+02 3.306E+00 1.587E+00 3.238E-04 3.231E+03 1.000E+00 8.845E+01 0.000E+00
1.267E+06 3.608E+02 3.855E+00 1.587E+00 3.333E-04 2.537E+03 1.000E+00 8.845E+01 0.000E+00
1.643E+06 6.614E+02 3.246E+00 1.587E+00 3.509E-04 4.700E+03 1.000E+00 8.845E+01 0.000E+00
6.584E+05 6.878E+02 3.203E+00 1.587E+00 3.830E-04 1.000E+04 1.000E+00 8.846E+01 0.000E+00
1.170E+06 3.759E+02 3.819E+00 1.587E+00 4.419E-04 2.488E+03 1.000E+00 8.846E+01 0.000E+00
2.802E+06 5.496E+02 3.444E+00 1.587E+00 5.499E-04 2.538E+03 1.000E+00 8.846E+01 0.000E+00
1.022E+06 5.218E+02 3.498E+00 1.587E+00 7.477E-04 2.455E+03 1.000E+00 8.846E+01 0.000E+00
1.843E+07 6.073E+02 3.339E+00 1.587E+00 1.110E-03 3.089E+03 1.000E+00 8.847E+01 0.000E+00
5.830E+06 2.336E+02 4.176E+00 1.587E+00 1.775E-03 4.057E+03 1.000E+00 8.849E+01 0.000E+00
8.802E+05 3.433E+02 3.906E+00 1.587E+00 2.994E-03 2.644E+03 1.000E+00 8.852E+01 0.000E+00
1.516E+06 2.137E+02 4.238E+00 1.587E+00 5.228E-03 4.873E+03 1.000E+00 8.857E+01 0.000E+00
1.823E+06 3.379E+02 3.915E+00 2.007E+00 3.124E-04 3.137E+03 1.000E+00 8.846E+01 0.000E+00
1.922E+06 3.379E+02 3.915E+00 2.007E+00 3.124E-04 3.137E+03 1.000E+00 8.846E+01 0.000E+00
2.135E+06 3.379E+02 3.915E+00 2.007E+00 3.125E-04 3.137E+03 1.000E+00 8.846E+01 0.000E+00
2.690E+06 3.379E+02 3.915E+00 2.007E+00 3.126E-04 3.137E+03 1.000E+00 8.846E+01 0.000E+00
5.216E+06 3.379E+02 3.915E+00 2.007E+00 3.129E-04 3.192E+03 1.000E+00 8.846E+01 0.000E+00
5.014E+05 3.169E+02 3.968E+00 2.007E+00 3.133E-04 3.168E+03 1.000E+00 8.846E+01 0.000E+00
4.453E+06 3.412E+02 3.906E+00 2.007E+00 3.142E-04 3.152E+03 1.000E+00 8.846E+01 0.000E+00
3.963E+05 3.429E+02 3.902E+00 2.007E+00 3.157E-04 3.140E+03 1.000E+00 8.846E+01 0.000E+00
1.173E+06 3.429E+02 3.902E+00 2.007E+00 3.186E-04 3.142E+03 1.000E+00 8.846E+01 0.000E+00
9.196E+05 2.047E+02 4.243E+00 2.007E+00 3.238E-04 5.902E+03 1.000E+00 8.846E+01 0.000E+00
1.205E+06 3.034E+02 4.002E+00 2.007E+00 3.333E-04 3.224E+03 1.000E+00 8.846E+01 0.000E+00
2.580E+06 2.191E+02 4.211E+00 2.007E+00 3.509E-04 4.801E+03 1.000E+00 8.846E+01 0.000E+00
8.853E+06 3.398E+02 3.910E+00 2.007E+00 3.830E-04 3.141E+03 1.000E+00 8.847E+01 0.000E+00
4.033E+05 3.147E+02 3.974E+00 2.007E+00 4.419E-04 3.180E+03 1.000E+00 8.847E+01 0.000E+00
1.826E+06 2.373E+02 4.169E+00 2.007E+00 5.499E-04 4.105E+03 1.000E+00 8.847E+01 0.000E+00
2.692E+06 3.532E+02 3.878E+00 2.007E+00 7.477E-04 3.190E+03 1.000E+00 8.847E+01 0.000E+00
7.873E+05 3.494E+02 3.888E+00 2.007E+00 1.110E-03 3.203E+03 1.000E+00 8.848E+01 0.000E+00
7.616E+05 3.339E+02 3.929E+00 2.007E+00 1.775E-03 3.215E+03 1.000E+00 8.850E+01 0.000E+00
1.107E+07 2.909E+02 4.044E+00 2.007E+00 2.994E-03 3.371E+03 1.000E+00 8.853E+01 0.000E+00
9.723E+05 2.359E+02 4.194E+00 2.007E+00 5.228E-03 4.119E+03 1.000E+00 8.858E+01 0.000E+00
NAN NAN NAN 2.539E+00 3.124E-04 NAN 1.000E+00 8.848E+01 0.000E+00
NAN NAN NAN 2.539E+00 3.124E-04 NAN 1.000E+00 8.848E+01 0.000E+00
NAN NAN NAN 2.539E+00 3.125E-04 NAN 1.000E+00 8.848E+01 0.000E+00
NAN NAN NAN 2.539E+00 3.126E-04 NAN 1.000E+00 8.848E+01 0.000E+00
NAN NAN NAN 2.539E+00 3.129E-04 NAN 1.000E+00 8.848E+01 0.000E+00
NAN NAN NAN 2.539E+00 3.133E-04 NAN 1.000E+00 8.848E+01 0.000E+00
NAN NAN NAN 2.539E+00 3.142E-04 NAN 1.000E+00 8.848E+01 0.000E+00
NAN NAN NAN 2.539E+00 3.157E-04 NAN 1.000E+00 8.848E+01 0.000E+00
NAN NAN NAN 2.539E+00 3.186E-04 NAN 1.000E+00 8.848E+01 0.000E+00
NAN NAN NAN 2.539E+00 3.238E-04 NAN 1.000E+00 8.848E+01 0.000E+00
NAN NAN NAN 2.539E+00 3.333E-04 NAN 1.000E+00 8.848E+01 0.000E+00
NAN NAN NAN 2.539E+00 3.509E-04 NAN 1.000E+00 8.848E+01 0.000E+00
NAN NAN NAN 2.539E+00 3.830E-04 NAN 1.000E+00 8.848E+01 0.000E+00
NAN NAN NAN 2.539E+00 4.419E-04 NAN 1.000E+00 8.848E+01 0.000E+00
NAN NAN NAN 2.539E+00 5.499E-04 NAN 1.000E+00 8.848E+01 0.000E+00
NAN NAN NAN 2.539E+00 7.477E-04 NAN 1.000E+00 8.849E+01 0.000E+00
NAN NAN NAN 2.539E+00 1.110E-03 NAN 1.000E+00 8.849E+01 0.000E+00
NAN NAN NAN 2.539E+00 1.775E-03 NAN 1.000E+00 8.851E+01 0.000E+00
NAN NAN NAN 2.539E+00 2.994E-03 NAN 1.000E+00 8.854E+01 0.000E+00
NAN NAN NAN 2.539E+00 5.228E-03 NAN 1.000E+00 8.859E+01 0.000E+00
NAN NAN NAN 3.211E+00 3.124E-04 NAN 1.000E+00 8.849E+01 0.000E+00
NAN NAN NAN 3.211E+00 3.124E-04 NAN 1.000E+00 8.849E+01 0.000E+00
NAN NAN NAN 3.211E+00 3.125E-04 NAN 1.000E+00 8.849E+01 0.000E+00
NAN NAN NAN 3.211E+00 3.126E-04 NAN 1.000E+00 8.849E+01 0.000E+00
NAN NAN NAN 3.211E+00 3.129E-04 NAN 1.000E+00 8.849E+01 0.000E+00
NAN NAN NAN 3.211E+00 3.133E-04 NAN 1.000E+00 8.849E+01 0.000E+00
NAN NAN NAN 3.211E+00 3.142E-04 NAN 1.000E+00 8.849E+01 0.000E+00
NAN NAN NAN 3.211E+00 3.157E-04 NAN 1.000E+00 8.849E+01 0.000E+00
NAN NAN NAN 3.211E+00 3.186E-04 NAN 1.000E+00 8.849E+01 0.000E+00
NAN NAN NAN 3.211E+00 3.238E-04 NAN 1.000E+00 8.849E+01 0.000E+00
NAN NAN NAN 3.211E+00 3.333E-04 NAN 1.000E+00 8.849E+01 0.000E+00
NAN NAN NAN 3.211E+00 3.509E-04 NAN 1.000E+00 8.849E+01 0.000E+00
NAN NAN NAN 3.211E+00 3.830E-04 NAN 1.000E+00 8.849E+01 0.000E+00
NAN NAN NAN 3.211E+00 4.419E-04 NAN 1.000E+00 8.849E+01 0.000E+00
NAN NAN NAN 3.211E+00 5.499E-04 NAN 1.000E+00 8.850E+01 0.000E+00
NAN NAN NAN 3.211E+00 7.477E-04 NAN 1.000E+00 8.850E+01 0.000E+00
NAN NAN NAN 3.211E+00 1.110E-03 NAN 1.000E+00 8.851E+01 0.000E+00
NAN NAN NAN 3.211E+00 1.775E-03 NAN 1.000E+00 8.852E+01 0.000E+00
NAN NAN NAN 3.211E+00 2.994E-03 NAN 1.000E+00 8.855E+01 0.000E+00
NAN NAN NAN 3.211E+00 5.228E-03 NAN 1.000E+00 8.860E+01 0.000E+00
NAN NAN NAN 4.062E+00 3.124E-04 NAN 1.000E+00 8.851E+01 0.000E+00
NAN NAN NAN 4.062E+00 3.124E-04 NAN 1.000E+00 8.851E+01 0.000E+00
NAN NAN NAN 4.062E+00 3.125E-04 NAN 1.000E+00 8.851E+01 0.000E+00
NAN NAN NAN 4.062E+00 3.126E-04 NAN 1.000E+00 8.851E+01 0.000E+00
NAN NAN NAN 4.062E+00 3.129E-04 NAN 1.000E+00 8.851E+01 0.000E+00
NAN NAN NAN 4.062E+00 3.133E-04 NAN 1.000E+00 8.851E+01 0.000E+00
NAN NAN NAN 4.062E+00 3.142E-04 NAN 1.000E+00 8.851E+01 0.000E+00
NAN NAN NAN 4.062E+00 3.157E-04 NAN 1.000E+00 8.851E+01 0.000E+00
NAN NAN NAN 4.062E+00 3.186E-04 NAN 1.000E+00 8.851E+01 0.000E+00
NAN NAN NAN 4.062E+00 3.238E-04 NAN 1.000E+00 8.851E+01 0.000E+00
NAN NAN NAN 4.062E+00 3.333E-04 NAN 1.000E+00 8.851E+01 0.000E+00
NAN NAN NAN 4.062E+00 3.509E-04 NAN 1.000E+00 8.851E+01 0.000E+00
NAN NAN NAN 4.062E+00 3.830E-04 NAN 1.000E+00 8.851E+01 0.000E+00
NAN NAN NAN 4.062E+00 4.419E-04 NAN 1.000E+00 8.851E+01 0.000E+00
NAN NAN NAN 4.062E+00 5.499E-04 NAN 1.000E+00 8.852E+01 0.000E+00
NAN NAN NAN 4.062E+00 7.477E-04 NAN 1.000E+00 8.852E+01 0.000E+00
NAN NAN NAN 4.062E+00 1.110E-03 NAN 1.000E+00 8.853E+01 0.000E+00
NAN NAN NAN 4.062E+00 1.775E-03 NAN 1.000E+00 8.854E+01 0.000E+00
NAN NAN NAN 4.062E+00 2.994E-03 NAN 1.000E+00 8.857E+01 0.000E+00
NAN NAN NAN 4.062E+00 5.228E-03 NAN 1.000E+00 8.862E+01 0.000E+00
NAN NAN NAN 5.138E+00 3.124E-04 NAN 1.000E+00 8.854E+01 0.000E+00
NAN NAN NAN 5.138E+00 3.124E-04 NAN 1.000E+00 8.854E+01 0.000E+00
NAN NAN NAN 5.138E+00 3.125E-04 NAN 1.000E+00 8.854E+01 0.000E+00
NAN NAN NAN 5.138E+00 3.126E-04 NAN 1.000E+00 8.854E+01 0.000E+00
NAN NAN NAN 5.138E+00 3.129E-04 NAN 1.000E+00 8.854E+01 0.000E+00
NAN NAN NAN 5.138E+00 3.133E-04 NAN 1.000E+00 8.854E+01 0.000E+00
NAN NAN NAN 5.138E+00 3.142E-04 NAN 1.000E+00 8.854E+01 0.000E+00
NAN NAN NAN 5.138E+00 3.157E-04 NAN 1.000E+00 8.854E+01 0.000E+00
NAN NAN NAN 5.138E+00 3.186E-04 NAN 1.000E+00 8.854E+01 0.000E+00
NAN NAN NAN 5.138E+00 3.238E-04 NAN 1.000E+00 8.854E+01 0.000E+00
NAN NAN NAN 5.138E+00 3.333E-04 NAN 1.000E+00 8.854E+01 0.000E+00
NAN NAN NAN 5.138E+00 3.509E-04 NAN 1.000E+00 8.854E+01 0.000E+00
NAN NAN NAN 5.138E+00 3.830E-04 NAN 1.000E+00 8.854E+01 0.000E+00
NAN NAN NAN 5.138E+00 4.419E-04 NAN 1.000E+00 8.854E+01 0.000E+00
NAN NAN NAN 5.138E+00 5.499E-04 NAN 1.000E+00 8.854E+01 0.000E+00
NAN NAN NAN 5.138E+00 7.477E-04 NAN 1.000E+00 8.855E+01 0.000E+00
NAN NAN NAN 5.138E+00 1.110E-03 NAN 1.000E+00 8.855E+01 0.000E+00
NAN NAN NAN 5.138E+00 1.775E-03 NAN 1.000E+00 8.857E+01 0.000E+00
NAN NAN NAN 5.138E+00 2.994E-03 NAN 1.000E+00 8.860E+01 0.000E+00
NAN NAN NAN 5.138E+00 5.228E-03 NAN 1.000E+00 8.865E+01 0.000E+00
