1.999E+07 2.072E+02 6.971E-02 5.137E-05 6.232E-04 4.887E+03 3.901E-01 1.416E+00 2.000E+00
1.088E+08 2.195E+02 6.916E-02 5.137E-05 6.232E-04 4.858E+03 3.901E-01 1.416E+00 2.000E+00
4.067E+07 2.190E+02 6.918E-02 5.137E-05 6.233E-04 4.852E+03 3.901E-01 1.416E+00 2.000E+00
5.366E+07 2.072E+02 6.972E-02 5.137E-05 6.234E-04 4.888E+03 3.902E-01 1.416E+00 2.000E+00
6.541E+07 2.115E+02 6.952E-02 5.137E-05 6.237E-04 4.841E+03 3.902E-01 1.416E+00 2.000E+00
1.290E+08 2.202E+02 6.913E-02 5.137E-05 6.241E-04 4.878E+03 3.902E-01 1.416E+00 2.000E+00
2.076E+07 2.185E+02 6.921E-02 5.137E-05 6.250E-04 4.863E+03 3.903E-01 1.416E+00 2.000E+00
3.400E+07 2.146E+02 6.940E-02 5.137E-05 6.265E-04 4.852E+03 3.905E-01 1.416E+00 2.000E+00
1.213E+07 2.142E+02 6.943E-02 5.137E-05 6.294E-04 4.874E+03 3.908E-01 1.416E+00 2.000E+00
9.938E+06 2.127E+02 6.953E-02 5.137E-05 6.346E-04 4.914E+03 3.913E-01 1.416E+00 2.000E+00
1.281E+08 2.063E+02 6.987E-02 5.137E-05 6.442E-04 5.008E+03 3.923E-01 1.416E+00 2.000E+00
2.395E+08 2.076E+02 6.990E-02 5.137E-05 6.617E-04 5.136E+03 3.941E-01 1.416E+00 2.000E+00
8.466E+06 2.016E+02 7.034E-02 5.137E-05 6.938E-04 5.431E+03 3.975E-01 1.417E+00 2.000E+00
NAN NAN NAN 5.137E-05 7.527E-04 NAN 4.036E-01 1.419E+00 2.000E+00
NAN NAN NAN 5.137E-05 8.607E-04 NAN 4.147E-01 1.421E+00 2.000E+00
NAN NAN NAN 5.137E-05 1.059E-03 NAN 4.350E-01 1.426E+00 2.000E+00
NAN NAN NAN 5.137E-05 1.421E-03 NAN 4.714E-01 1.434E+00 2.000E+00
NAN NAN NAN 5.137E-05 2.086E-03 NAN 5.359E-01 1.449E+00 2.000E+00
NAN NAN NAN 5.137E-05 3.305E-03 NAN 6.432E-01 1.477E+00 2.000E+00
NAN NAN NAN 5.137E-05 5.538E-03 NAN 7.872E-01 1.528E+00 2.000E+00
6.960E+07 2.190E+02 6.918E-02 6.498E-05 6.232E-04 4.869E+03 3.902E-01 1.416E+00 2.000E+00
1.975E+08 2.097E+02 6.960E-02 6.498E-05 6.232E-04 4.856E+03 3.902E-01 1.416E+00 2.000E+00
5.920E+07 2.072E+02 6.972E-02 6.498E-05 6.233E-04 4.917E+03 3.902E-01 1.416E+00 2.000E+00
1.765E+08 2.180E+02 6.923E-02 6.498E-05 6.234E-04 4.847E+03 3.902E-01 1.416E+00 2.000E+00
1.919E+07 2.115E+02 6.952E-02 6.498E-05 6.237E-04 4.843E+03 3.902E-01 1.416E+00 2.000E+00
1.816E+07 2.129E+02 6.946E-02 6.498E-05 6.241E-04 4.842E+03 3.903E-01 1.416E+00 2.000E+00
1.450E+08 2.185E+02 6.921E-02 6.498E-05 6.250E-04 4.868E+03 3.904E-01 1.416E+00 2.000E+00
8.691E+07 2.188E+02 6.921E-02 6.498E-05 6.265E-04 4.888E+03 3.905E-01 1.416E+00 2.000E+00
1.960E+07 2.110E+02 6.958E-02 6.498E-05 6.294E-04 4.883E+03 3.908E-01 1.416E+00 2.000E+00
6.445E+08 2.137E+02 6.948E-02 6.498E-05 6.346E-04 4.920E+03 3.914E-01 1.416E+00 2.000E+00
1.862E+08 2.102E+02 6.969E-02 6.498E-05 6.442E-04 4.993E+03 3.924E-01 1.416E+00 2.000E+00
7.349E+07 2.052E+02 7.001E-02 6.498E-05 6.617E-04 5.140E+03 3.942E-01 1.416E+00 2.000E+00
8.569E+06 2.016E+02 7.034E-02 6.498E-05 6.938E-04 5.436E+03 3.975E-01 1.417E+00 2.000E+00
NAN NAN NAN 6.498E-05 7.527E-04 NAN 4.037E-01 1.419E+00 2.000E+00
NAN NAN NAN 6.498E-05 8.607E-04 NAN 4.148E-01 1.421E+00 2.000E+00
NAN NAN NAN 6.498E-05 1.059E-03 NAN 4.350E-01 1.426E+00 2.000E+00
NAN NAN NAN 6.498E-05 1.421E-03 NAN 4.715E-01 1.434E+00 2.000E+00
NAN NAN NAN 6.498E-05 2.086E-03 NAN 5.359E-01 1.449E+00 2.000E+00
NAN NAN NAN 6.498E-05 3.305E-03 NAN 6.433E-01 1.477E+00 2.000E+00
NAN NAN NAN 6.498E-05 5.538E-03 NAN 7.872E-01 1.528E+00 2.000E+00
6.490E+09 2.185E+02 6.920E-02 8.219E-05 6.232E-04 4.886E+03 3.903E-01 1.416E+00 2.000E+00
7.322E+07 2.132E+02 6.944E-02 8.219E-05 6.232E-04 4.836E+03 3.903E-01 1.416E+00 2.000E+00
3.840E+07 2.115E+02 6.952E-02 8.219E-05 6.233E-04 4.845E+03 3.903E-01 1.416E+00 2.000E+00
1.609E+07 2.115E+02 6.952E-02 8.219E-05 6.234E-04 4.846E+03 3.903E-01 1.416E+00 2.000E+00
5.723E+07 2.115E+02 6.952E-02 8.219E-05 6.237E-04 4.848E+03 3.903E-01 1.416E+00 2.000E+00
4.918E+07 2.129E+02 6.946E-02 8.219E-05 6.241E-04 4.848E+03 3.904E-01 1.416E+00 2.000E+00
2.515E+08 2.159E+02 6.933E-02 8.219E-05 6.250E-04 4.853E+03 3.905E-01 1.416E+00 2.000E+00
2.231E+08 2.200E+02 6.915E-02 8.219E-05 6.265E-04 4.914E+03 3.906E-01 1.416E+00 2.000E+00
1.377E+08 2.063E+02 6.979E-02 8.219E-05 6.294E-04 4.935E+03 3.909E-01 1.416E+00 2.000E+00
5.967E+07 2.011E+02 7.005E-02 8.219E-05 6.346E-04 5.061E+03 3.915E-01 1.416E+00 2.000E+00
6.798E+07 2.054E+02 6.991E-02 8.219E-05 6.442E-04 5.039E+03 3.924E-01 1.416E+00 2.000E+00
6.959E+07 2.043E+02 7.005E-02 8.219E-05 6.617E-04 5.148E+03 3.943E-01 1.416E+00 2.000E+00
9.066E+06 2.016E+02 7.034E-02 8.219E-05 6.938E-04 5.443E+03 3.976E-01 1.417E+00 2.000E+00
NAN NAN NAN 8.219E-05 7.527E-04 NAN 4.037E-01 1.419E+00 2.000E+00
NAN NAN NAN 8.219E-05 8.607E-04 NAN 4.149E-01 1.421E+00 2.000E+00
NAN NAN NAN 8.219E-05 1.059E-03 NAN 4.351E-01 1.426E+00 2.000E+00
NAN NAN NAN 8.219E-05 1.421E-03 NAN 4.715E-01 1.434E+00 2.000E+00
NAN NAN NAN 8.219E-05 2.086E-03 NAN 5.360E-01 1.449E+00 2.000E+00
NAN NAN NAN 8.219E-05 3.305E-03 NAN 6.434E-01 1.477E+00 2.000E+00
NAN NAN NAN 8.219E-05 5.538E-03 NAN 7.873E-01 1.528E+00 2.000E+00
2.233E+08 2.161E+02 6.931E-02 1.040E-04 6.232E-04 4.853E+03 3.904E-01 1.416E+00 2.000E+00
4.238E+07 2.180E+02 6.923E-02 1.040E-04 6.232E-04 4.857E+03 3.904E-01 1.416E+00 2.000E+00
2.388E+08 2.207E+02 6.911E-02 1.040E-04 6.233E-04 4.897E+03 3.904E-01 1.416E+00 2.000E+00
4.936E+07 2.115E+02 6.952E-02 1.040E-04 6.234E-04 4.851E+03 3.904E-01 1.416E+00 2.000E+00
1.801E+07 2.186E+02 6.920E-02 1.040E-04 6.237E-04 4.870E+03 3.904E-01 1.416E+00 2.000E+00
1.430E+08 2.193E+02 6.917E-02 1.040E-04 6.241E-04 4.883E+03 3.905E-01 1.416E+00 2.000E+00
1.807E+07 2.137E+02 6.943E-02 1.040E-04 6.250E-04 4.854E+03 3.905E-01 1.416E+00 2.000E+00
2.984E+08 2.180E+02 6.925E-02 1.040E-04 6.265E-04 4.891E+03 3.907E-01 1.416E+00 2.000E+00
1.299E+07 2.151E+02 6.939E-02 1.040E-04 6.294E-04 4.893E+03 3.910E-01 1.416E+00 2.000E+00
8.159E+08 2.084E+02 6.972E-02 1.040E-04 6.346E-04 4.943E+03 3.915E-01 1.416E+00 2.000E+00
2.265E+07 2.139E+02 6.952E-02 1.040E-04 6.442E-04 5.030E+03 3.925E-01 1.416E+00 2.000E+00
1.018E+08 2.107E+02 6.976E-02 1.040E-04 6.617E-04 5.193E+03 3.944E-01 1.416E+00 2.000E+00
1.454E+08 2.011E+02 7.037E-02 1.040E-04 6.938E-04 5.448E+03 3.977E-01 1.417E+00 2.000E+00
NAN NAN NAN 1.040E-04 7.527E-04 NAN 4.038E-01 1.419E+00 2.000E+00
NAN NAN NAN 1.040E-04 8.607E-04 NAN 4.150E-01 1.421E+00 2.000E+00
NAN NAN NAN 1.040E-04 1.059E-03 NAN 4.352E-01 1.426E+00 2.000E+00
NAN NAN NAN 1.040E-04 1.421E-03 NAN 4.716E-01 1.434E+00 2.000E+00
NAN NAN NAN 1.040E-04 2.086E-03 NAN 5.361E-01 1.449E+00 2.000E+00
NAN NAN NAN 1.040E-04 3.305E-03 NAN 6.435E-01 1.477E+00 2.000E+00
NAN NAN NAN 1.040E-04 5.538E-03 NAN 7.874E-01 1.528E+00 2.000E+00
1.014E+08 2.115E+02 6.952E-02 1.315E-04 6.232E-04 4.856E+03 3.905E-01 1.416E+00 2.000E+00
1.884E+09 2.115E+02 6.952E-02 1.315E-04 6.232E-04 4.856E+03 3.905E-01 1.416E+00 2.000E+00
3.557E+08 2.202E+02 6.913E-02 1.315E-04 6.233E-04 4.898E+03 3.905E-01 1.416E+00 2.000E+00
1.814E+07 2.129E+02 6.946E-02 1.315E-04 6.234E-04 4.853E+03 3.905E-01 1.416E+00 2.000E+00
6.597E+08 2.129E+02 6.946E-02 1.315E-04 6.237E-04 4.853E+03 3.905E-01 1.416E+00 2.000E+00
1.526E+08 2.197E+02 6.916E-02 1.315E-04 6.241E-04 4.899E+03 3.906E-01 1.416E+00 2.000E+00
2.574E+07 2.124E+02 6.949E-02 1.315E-04 6.250E-04 4.865E+03 3.907E-01 1.416E+00 2.000E+00
2.808E+08 2.081E+02 6.970E-02 1.315E-04 6.265E-04 4.928E+03 3.908E-01 1.416E+00 2.000E+00
4.748E+07 2.038E+02 6.990E-02 1.315E-04 6.294E-04 4.990E+03 3.911E-01 1.416E+00 2.000E+00
3.410E+07 2.084E+02 6.972E-02 1.315E-04 6.346E-04 4.949E+03 3.917E-01 1.416E+00 2.000E+00
3.274E+08 2.087E+02 6.976E-02 1.315E-04 6.442E-04 5.014E+03 3.927E-01 1.416E+00 2.000E+00
6.803E+07 2.069E+02 6.993E-02 1.315E-04 6.617E-04 5.159E+03 3.945E-01 1.416E+00 2.000E+00
9.526E+06 2.016E+02 7.035E-02 1.315E-04 6.938E-04 5.463E+03 3.978E-01 1.417E+00 2.000E+00
NAN NAN NAN 1.315E-04 7.527E-04 NAN 4.039E-01 1.419E+00 2.000E+00
NAN NAN NAN 1.315E-04 8.607E-04 NAN 4.151E-01 1.421E+00 2.000E+00
NAN NAN NAN 1.315E-04 1.059E-03 NAN 4.353E-01 1.426E+00 2.000E+00
NAN NAN NAN 1.315E-04 1.421E-03 NAN 4.717E-01 1.434E+00 2.000E+00
NAN NAN NAN 1.315E-04 2.086E-03 NAN 5.362E-01 1.449E+00 2.000E+00
NAN NAN NAN 1.315E-04 3.305E-03 NAN 6.436E-01 1.477E+00 2.000E+00
NAN NAN NAN 1.315E-04 5.538E-03 NAN 7.876E-01 1.528E+00 2.000E+00
3.319E+07 2.129E+02 6.946E-02 1.663E-04 6.232E-04 4.858E+03 3.906E-01 1.416E+00 2.000E+00
4.656E+07 2.129E+02 6.946E-02 1.663E-04 6.232E-04 4.858E+03 3.906E-01 1.416E+00 2.000E+00
2.740E+08 2.129E+02 6.946E-02 1.663E-04 6.233E-04 4.859E+03 3.906E-01 1.416E+00 2.000E+00
4.919E+07 2.193E+02 6.917E-02 1.663E-04 6.234E-04 4.918E+03 3.906E-01 1.416E+00 2.000E+00
1.571E+07 2.185E+02 6.921E-02 1.663E-04 6.237E-04 4.889E+03 3.907E-01 1.416E+00 2.000E+00
1.003E+08 2.176E+02 6.925E-02 1.663E-04 6.241E-04 4.884E+03 3.907E-01 1.416E+00 2.000E+00
1.191E+07 2.146E+02 6.939E-02 1.663E-04 6.250E-04 4.872E+03 3.908E-01 1.416E+00 2.000E+00
1.552E+09 2.104E+02 6.959E-02 1.663E-04 6.265E-04 4.893E+03 3.910E-01 1.416E+00 2.000E+00
1.559E+07 2.137E+02 6.946E-02 1.663E-04 6.294E-04 4.930E+03 3.913E-01 1.416E+00 2.000E+00
3.365E+07 2.115E+02 6.959E-02 1.663E-04 6.346E-04 7.495E+03 3.918E-01 1.416E+00 2.000E+00
6.519E+07 2.014E+02 7.009E-02 1.663E-04 6.442E-04 5.105E+03 3.928E-01 1.416E+00 2.000E+00
1.542E+07 2.009E+02 7.021E-02 1.663E-04 6.617E-04 5.204E+03 3.946E-01 1.416E+00 2.000E+00
2.208E+07 2.016E+02 7.035E-02 1.663E-04 6.938E-04 5.486E+03 3.980E-01 1.417E+00 2.000E+00
NAN NAN NAN 1.663E-04 7.527E-04 NAN 4.041E-01 1.419E+00 2.000E+00
NAN NAN NAN 1.663E-04 8.607E-04 NAN 4.152E-01 1.421E+00 2.000E+00
NAN NAN NAN 1.663E-04 1.059E-03 NAN 4.355E-01 1.426E+00 2.000E+00
NAN NAN NAN 1.663E-04 1.421E-03 NAN 4.719E-01 1.434E+00 2.000E+00
NAN NAN NAN 1.663E-04 2.086E-03 NAN 5.364E-01 1.449E+00 2.000E+00
NAN NAN NAN 1.663E-04 3.305E-03 NAN 6.438E-01 1.477E+00 2.000E+00
NAN NAN NAN 1.663E-04 5.538E-03 NAN 7.877E-01 1.528E+00 2.000E+00
3.142E+08 2.151E+02 6.936E-02 2.104E-04 6.232E-04 4.872E+03 3.908E-01 1.416E+00 2.000E+00
1.685E+07 2.185E+02 6.921E-02 2.104E-04 6.232E-04 4.900E+03 3.908E-01 1.416E+00 2.000E+00
2.782E+07 2.188E+02 6.919E-02 2.104E-04 6.233E-04 4.905E+03 3.908E-01 1.416E+00 2.000E+00
4.378E+08 2.185E+02 6.921E-02 2.104E-04 6.234E-04 4.902E+03 3.908E-01 1.416E+00 2.000E+00
1.721E+08 2.106E+02 6.957E-02 2.104E-04 6.237E-04 4.883E+03 3.909E-01 1.416E+00 2.000E+00
2.816E+07 2.124E+02 6.949E-02 2.104E-04 6.241E-04 4.878E+03 3.909E-01 1.416E+00 2.000E+00
2.442E+08 2.188E+02 6.920E-02 2.104E-04 6.250E-04 4.924E+03 3.910E-01 1.416E+00 2.000E+00
3.859E+08 2.090E+02 6.966E-02 2.104E-04 6.265E-04 4.914E+03 3.911E-01 1.416E+00 2.000E+00
1.139E+07 2.137E+02 6.946E-02 2.104E-04 6.294E-04 4.920E+03 3.914E-01 1.416E+00 2.000E+00
3.235E+07 2.144E+02 6.945E-02 2.104E-04 6.346E-04 4.971E+03 3.920E-01 1.416E+00 2.000E+00
1.965E+07 2.004E+02 7.013E-02 2.104E-04 6.442E-04 5.135E+03 3.930E-01 1.416E+00 2.000E+00
1.418E+08 2.023E+02 7.014E-02 2.104E-04 6.617E-04 5.197E+03 3.948E-01 1.416E+00 2.000E+00
8.692E+07 2.006E+02 7.039E-02 2.104E-04 6.938E-04 5.486E+03 3.981E-01 1.417E+00 2.000E+00
NAN NAN NAN 2.104E-04 7.527E-04 NAN 4.043E-01 1.419E+00 2.000E+00
NAN NAN NAN 2.104E-04 8.607E-04 NAN 4.154E-01 1.421E+00 2.000E+00
NAN NAN NAN 2.104E-04 1.059E-03 NAN 4.357E-01 1.426E+00 2.000E+00
NAN NAN NAN 2.104E-04 1.421E-03 NAN 4.721E-01 1.434E+00 2.000E+00
NAN NAN NAN 2.104E-04 2.086E-03 NAN 5.366E-01 1.449E+00 2.000E+00
NAN NAN NAN 2.104E-04 3.305E-03 NAN 6.440E-01 1.477E+00 2.000E+00
NAN NAN NAN 2.104E-04 5.538E-03 NAN 7.879E-01 1.528E+00 2.000E+00
4.749E+07 2.137E+02 6.943E-02 2.661E-04 6.232E-04 4.884E+03 3.910E-01 1.416E+00 2.000E+00
1.877E+07 2.137E+02 6.943E-02 2.661E-04 6.232E-04 4.885E+03 3.910E-01 1.416E+00 2.000E+00
3.067E+07 2.092E+02 6.963E-02 2.661E-04 6.233E-04 4.913E+03 3.910E-01 1.416E+00 2.000E+00
1.802E+08 2.135E+02 6.944E-02 2.661E-04 6.234E-04 4.890E+03 3.911E-01 1.416E+00 2.000E+00
3.551E+08 2.124E+02 6.949E-02 2.661E-04 6.237E-04 4.888E+03 3.911E-01 1.416E+00 2.000E+00
2.855E+07 2.146E+02 6.939E-02 2.661E-04 6.241E-04 4.894E+03 3.911E-01 1.416E+00 2.000E+00
1.059E+09 2.118E+02 6.952E-02 2.661E-04 6.250E-04 4.899E+03 3.912E-01 1.416E+00 2.000E+00
1.243E+08 2.079E+02 6.971E-02 2.661E-04 6.265E-04 4.937E+03 3.914E-01 1.416E+00 2.000E+00
4.735E+07 2.147E+02 6.941E-02 2.661E-04 6.294E-04 4.942E+03 3.917E-01 1.416E+00 2.000E+00
4.653E+07 2.155E+02 6.940E-02 2.661E-04 6.346E-04 5.005E+03 3.922E-01 1.416E+00 2.000E+00
7.995E+07 2.094E+02 6.973E-02 2.661E-04 6.442E-04 5.051E+03 3.932E-01 1.416E+00 2.000E+00
4.831E+07 2.090E+02 6.984E-02 2.661E-04 6.617E-04 5.225E+03 3.950E-01 1.416E+00 2.000E+00
8.822E+06 2.003E+02 7.041E-02 2.661E-04 6.938E-04 5.534E+03 3.984E-01 1.417E+00 2.000E+00
NAN NAN NAN 2.661E-04 7.527E-04 NAN 4.045E-01 1.419E+00 2.000E+00
NAN NAN NAN 2.661E-04 8.607E-04 NAN 4.157E-01 1.421E+00 2.000E+00
NAN NAN NAN 2.661E-04 1.059E-03 NAN 4.359E-01 1.426E+00 2.000E+00
NAN NAN NAN 2.661E-04 1.421E-03 NAN 4.723E-01 1.434E+00 2.000E+00
NAN NAN NAN 2.661E-04 2.086E-03 NAN 5.368E-01 1.449E+00 2.000E+00
NAN NAN NAN 2.661E-04 3.305E-03 NAN 6.443E-01 1.477E+00 2.000E+00
NAN NAN NAN 2.661E-04 5.538E-03 NAN 7.882E-01 1.528E+00 2.000E+00
1.069E+08 2.186E+02 6.920E-02 3.366E-04 6.232E-04 4.949E+03 3.913E-01 1.416E+00 2.000E+00
7.985E+07 2.030E+02 6.991E-02 3.366E-04 6.232E-04 5.018E+03 3.913E-01 1.416E+00 2.000E+00
2.070E+07 2.150E+02 6.937E-02 3.366E-04 6.233E-04 4.911E+03 3.913E-01 1.416E+00 2.000E+00
3.381E+07 2.146E+02 6.939E-02 3.366E-04 6.234E-04 4.908E+03 3.913E-01 1.416E+00 2.000E+00
5.179E+07 2.145E+02 6.939E-02 3.366E-04 6.237E-04 4.910E+03 3.914E-01 1.416E+00 2.000E+00
5.681E+07 2.137E+02 6.943E-02 3.366E-04 6.241E-04 4.912E+03 3.914E-01 1.416E+00 2.000E+00
7.418E+07 2.051E+02 6.982E-02 3.366E-04 6.250E-04 4.984E+03 3.915E-01 1.416E+00 2.000E+00
6.551E+07 2.161E+02 6.934E-02 3.366E-04 6.265E-04 4.950E+03 3.917E-01 1.416E+00 2.000E+00
5.785E+08 2.154E+02 6.938E-02 3.366E-04 6.294E-04 4.972E+03 3.920E-01 1.416E+00 2.000E+00
3.066E+08 2.058E+02 6.985E-02 3.366E-04 6.346E-04 5.022E+03 3.925E-01 1.416E+00 2.000E+00
2.364E+07 2.004E+02 7.014E-02 3.366E-04 6.442E-04 5.169E+03 3.935E-01 1.416E+00 2.000E+00
1.848E+07 2.006E+02 7.022E-02 3.366E-04 6.617E-04 5.257E+03 3.953E-01 1.416E+00 2.000E+00
1.239E+07 2.002E+02 7.041E-02 3.366E-04 6.938E-04 5.537E+03 3.987E-01 1.417E+00 2.000E+00
NAN NAN NAN 3.366E-04 7.527E-04 NAN 4.048E-01 1.419E+00 2.000E+00
NAN NAN NAN 3.366E-04 8.607E-04 NAN 4.160E-01 1.421E+00 2.000E+00
NAN NAN NAN 3.366E-04 1.059E-03 NAN 4.362E-01 1.426E+00 2.000E+00
NAN NAN NAN 3.366E-04 1.421E-03 NAN 4.726E-01 1.434E+00 2.000E+00
NAN NAN NAN 3.366E-04 2.086E-03 NAN 5.372E-01 1.449E+00 2.000E+00
NAN NAN NAN 3.366E-04 3.305E-03 NAN 6.446E-01 1.477E+00 2.000E+00
NAN NAN NAN 3.366E-04 5.538E-03 NAN 7.886E-01 1.528E+00 2.000E+00
3.158E+07 2.171E+02 6.928E-02 4.257E-04 6.232E-04 4.958E+03 3.917E-01 1.416E+00 2.000E+00
4.872E+07 2.171E+02 6.928E-02 4.257E-04 6.232E-04 4.958E+03 3.917E-01 1.416E+00 2.000E+00
1.646E+09 2.013E+02 6.999E-02 4.257E-04 6.233E-04 5.073E+03 3.917E-01 1.416E+00 2.000E+00
1.982E+07 2.104E+02 6.958E-02 4.257E-04 6.234E-04 4.935E+03 3.917E-01 1.416E+00 2.000E+00
2.283E+07 2.051E+02 6.982E-02 4.257E-04 6.237E-04 4.994E+03 3.917E-01 1.416E+00 2.000E+00
1.411E+08 2.090E+02 6.965E-02 4.257E-04 6.241E-04 4.949E+03 3.918E-01 1.416E+00 2.000E+00
2.053E+07 2.012E+02 7.000E-02 4.257E-04 6.250E-04 5.084E+03 3.919E-01 1.416E+00 2.000E+00
4.932E+07 2.138E+02 6.944E-02 4.257E-04 6.265E-04 4.960E+03 3.920E-01 1.416E+00 2.000E+00
1.630E+07 2.108E+02 6.960E-02 4.257E-04 6.294E-04 4.976E+03 3.923E-01 1.416E+00 2.000E+00
7.319E+07 2.112E+02 6.960E-02 4.257E-04 6.346E-04 5.023E+03 3.929E-01 1.416E+00 2.000E+00
1.381E+09 2.126E+02 6.959E-02 4.257E-04 6.442E-04 5.133E+03 3.939E-01 1.416E+00 2.000E+00
5.551E+07 2.077E+02 6.990E-02 4.257E-04 6.617E-04 5.273E+03 3.957E-01 1.416E+00 2.000E+00
NAN NAN NAN 4.257E-04 6.938E-04 NAN 3.990E-01 1.417E+00 2.000E+00
NAN NAN NAN 4.257E-04 7.527E-04 NAN 4.052E-01 1.419E+00 2.000E+00
NAN NAN NAN 4.257E-04 8.607E-04 NAN 4.163E-01 1.421E+00 2.000E+00
NAN NAN NAN 4.257E-04 1.059E-03 NAN 4.366E-01 1.426E+00 2.000E+00
NAN NAN NAN 4.257E-04 1.421E-03 NAN 4.730E-01 1.434E+00 2.000E+00
NAN NAN NAN 4.257E-04 2.086E-03 NAN 5.376E-01 1.449E+00 2.000E+00
NAN NAN NAN 4.257E-04 3.305E-03 NAN 6.451E-01 1.477E+00 2.000E+00
NAN NAN NAN 4.257E-04 5.538E-03 NAN 7.890E-01 1.528E+00 2.000E+00
9.321E+08 2.149E+02 6.938E-02 5.385E-04 6.232E-04 4.972E+03 3.922E-01 1.416E+00 2.000E+00
2.446E+07 2.155E+02 6.935E-02 5.385E-04 6.232E-04 5.024E+03 3.922E-01 1.416E+00 2.000E+00
9.382E+07 2.075E+02 6.972E-02 5.385E-04 6.233E-04 4.983E+03 3.922E-01 1.416E+00 2.000E+00
6.571E+07 2.087E+02 6.966E-02 5.385E-04 6.234E-04 4.972E+03 3.922E-01 1.416E+00 2.000E+00
3.958E+07 2.120E+02 6.951E-02 5.385E-04 6.237E-04 4.965E+03 3.922E-01 1.416E+00 2.000E+00
1.365E+07 2.142E+02 6.942E-02 5.385E-04 6.241E-04 4.983E+03 3.923E-01 1.416E+00 2.000E+00
1.119E+08 2.151E+02 6.938E-02 5.385E-04 6.250E-04 4.992E+03 3.924E-01 1.416E+00 2.000E+00
8.046E+07 2.110E+02 6.958E-02 5.385E-04 6.265E-04 4.986E+03 3.925E-01 1.416E+00 2.000E+00
3.707E+07 2.096E+02 6.965E-02 5.385E-04 6.294E-04 5.009E+03 3.928E-01 1.416E+00 2.000E+00
4.166E+07 2.116E+02 6.959E-02 5.385E-04 6.346E-04 5.066E+03 3.933E-01 1.416E+00 2.000E+00
5.487E+07 2.052E+02 6.993E-02 5.385E-04 6.442E-04 5.138E+03 3.943E-01 1.416E+00 2.000E+00
1.530E+08 2.009E+02 7.022E-02 5.385E-04 6.617E-04 5.322E+03 3.962E-01 1.416E+00 2.000E+00
NAN NAN NAN 5.385E-04 6.938E-04 NAN 3.995E-01 1.417E+00 2.000E+00
NAN NAN NAN 5.385E-04 7.527E-04 NAN 4.056E-01 1.419E+00 2.000E+00
NAN NAN NAN 5.385E-04 8.607E-04 NAN 4.168E-01 1.421E+00 2.000E+00
NAN NAN NAN 5.385E-04 1.059E-03 NAN 4.370E-01 1.426E+00 2.000E+00
NAN NAN NAN 5.385E-04 1.421E-03 NAN 4.735E-01 1.434E+00 2.000E+00
NAN NAN NAN 5.385E-04 2.086E-03 NAN 5.381E-01 1.449E+00 2.000E+00
NAN NAN NAN 5.385E-04 3.305E-03 NAN 6.456E-01 1.477E+00 2.000E+00
NAN NAN NAN 5.385E-04 5.538E-03 NAN 7.895E-01 1.528E+00 2.000E+00
2.331E+07 2.118E+02 6.952E-02 6.811E-04 6.232E-04 5.000E+03 3.928E-01 1.416E+00 2.000E+00
3.561E+07 2.103E+02 6.959E-02 6.811E-04 6.232E-04 5.000E+03 3.928E-01 1.416E+00 2.000E+00
1.033E+08 2.054E+02 6.981E-02 6.811E-04 6.233E-04 5.039E+03 3.928E-01 1.416E+00 2.000E+00
1.508E+08 2.103E+02 6.959E-02 6.811E-04 6.234E-04 5.001E+03 3.928E-01 1.416E+00 2.000E+00
1.311E+07 2.137E+02 6.944E-02 6.811E-04 6.237E-04 5.014E+03 3.928E-01 1.416E+00 2.000E+00
3.227E+07 2.125E+02 6.950E-02 6.811E-04 6.241E-04 5.011E+03 3.929E-01 1.416E+00 2.000E+00
1.902E+07 2.152E+02 6.938E-02 6.811E-04 6.250E-04 5.046E+03 3.929E-01 1.416E+00 2.000E+00
2.477E+07 2.113E+02 6.956E-02 6.811E-04 6.265E-04 5.047E+03 3.931E-01 1.416E+00 2.000E+00
7.200E+07 2.034E+02 6.993E-02 6.811E-04 6.294E-04 5.105E+03 3.934E-01 1.416E+00 2.000E+00
1.851E+07 2.131E+02 6.952E-02 6.811E-04 6.346E-04 5.128E+03 3.939E-01 1.416E+00 2.000E+00
7.818E+07 2.081E+02 6.980E-02 6.811E-04 6.442E-04 5.190E+03 3.949E-01 1.416E+00 2.000E+00
3.913E+07 2.059E+02 6.999E-02 6.811E-04 6.617E-04 5.349E+03 3.968E-01 1.416E+00 2.000E+00
NAN NAN NAN 6.811E-04 6.938E-04 NAN 4.001E-01 1.417E+00 2.000E+00
NAN NAN NAN 6.811E-04 7.527E-04 NAN 4.062E-01 1.419E+00 2.000E+00
NAN NAN NAN 6.811E-04 8.607E-04 NAN 4.174E-01 1.421E+00 2.000E+00
NAN NAN NAN 6.811E-04 1.059E-03 NAN 4.377E-01 1.426E+00 2.000E+00
NAN NAN NAN 6.811E-04 1.421E-03 NAN 4.741E-01 1.434E+00 2.000E+00
NAN NAN NAN 6.811E-04 2.086E-03 NAN 5.387E-01 1.449E+00 2.000E+00
NAN NAN NAN 6.811E-04 3.305E-03 NAN 6.463E-01 1.477E+00 2.000E+00
NAN NAN NAN 6.811E-04 5.538E-03 NAN 7.902E-01 1.528E+00 2.000E+00
6.121E+07 2.152E+02 6.937E-02 8.615E-04 6.232E-04 5.095E+03 3.935E-01 1.416E+00 2.000E+00
2.167E+08 2.152E+02 6.937E-02 8.615E-04 6.232E-04 5.096E+03 3.935E-01 1.416E+00 2.000E+00
5.793E+07 2.120E+02 6.952E-02 8.615E-04 6.233E-04 5.058E+03 3.935E-01 1.416E+00 2.000E+00
1.431E+07 2.091E+02 6.965E-02 8.615E-04 6.234E-04 5.053E+03 3.935E-01 1.416E+00 2.000E+00
4.343E+07 2.066E+02 6.976E-02 8.615E-04 6.237E-04 5.070E+03 3.936E-01 1.416E+00 2.000E+00
3.270E+07 2.125E+02 6.950E-02 8.615E-04 6.241E-04 5.070E+03 3.936E-01 1.416E+00 2.000E+00
7.764E+07 2.123E+02 6.951E-02 8.615E-04 6.250E-04 5.235E+03 3.937E-01 1.416E+00 2.000E+00
4.772E+07 2.133E+02 6.948E-02 8.615E-04 6.265E-04 5.113E+03 3.939E-01 1.416E+00 2.000E+00
7.574E+07 2.014E+02 7.003E-02 8.615E-04 6.294E-04 5.175E+03 3.942E-01 1.416E+00 2.000E+00
2.632E+07 2.076E+02 6.977E-02 8.615E-04 6.346E-04 5.147E+03 3.947E-01 1.416E+00 2.000E+00
6.432E+07 2.067E+02 6.986E-02 8.615E-04 6.442E-04 5.233E+03 3.957E-01 1.416E+00 2.000E+00
1.598E+07 2.035E+02 7.011E-02 8.615E-04 6.617E-04 5.398E+03 3.975E-01 1.416E+00 2.000E+00
NAN NAN NAN 8.615E-04 6.938E-04 NAN 4.008E-01 1.417E+00 2.000E+00
NAN NAN NAN 8.615E-04 7.527E-04 NAN 4.070E-01 1.419E+00 2.000E+00
NAN NAN NAN 8.615E-04 8.607E-04 NAN 4.182E-01 1.421E+00 2.000E+00
NAN NAN NAN 8.615E-04 1.059E-03 NAN 4.384E-01 1.426E+00 2.000E+00
NAN NAN NAN 8.615E-04 1.421E-03 NAN 4.749E-01 1.434E+00 2.000E+00
NAN NAN NAN 8.615E-04 2.086E-03 NAN 5.395E-01 1.449E+00 2.000E+00
NAN NAN NAN 8.615E-04 3.305E-03 NAN 6.472E-01 1.477E+00 2.000E+00
NAN NAN NAN 8.615E-04 5.538E-03 NAN 7.911E-01 1.528E+00 2.000E+00
5.452E+07 2.135E+02 6.946E-02 1.090E-03 6.232E-04 5.158E+03 3.945E-01 1.416E+00 2.000E+00
2.407E+07 2.096E+02 6.963E-02 1.090E-03 6.232E-04 5.119E+03 3.945E-01 1.416E+00 2.000E+00
3.349E+07 2.096E+02 6.963E-02 1.090E-03 6.233E-04 5.120E+03 3.945E-01 1.416E+00 2.000E+00
2.020E+08 2.096E+02 6.964E-02 1.090E-03 6.234E-04 5.121E+03 3.945E-01 1.416E+00 2.000E+00
1.790E+08 2.084E+02 6.969E-02 1.090E-03 6.237E-04 5.131E+03 3.945E-01 1.416E+00 2.000E+00
3.997E+07 2.106E+02 6.959E-02 1.090E-03 6.241E-04 5.133E+03 3.946E-01 1.416E+00 2.000E+00
3.060E+07 2.101E+02 6.962E-02 1.090E-03 6.250E-04 5.215E+03 3.946E-01 1.416E+00 2.000E+00
1.577E+08 2.106E+02 6.961E-02 1.090E-03 6.265E-04 5.158E+03 3.948E-01 1.416E+00 2.000E+00
3.175E+07 2.026E+02 6.998E-02 1.090E-03 6.294E-04 5.203E+03 3.951E-01 1.416E+00 2.000E+00
4.018E+07 2.029E+02 6.999E-02 1.090E-03 6.346E-04 5.233E+03 3.956E-01 1.416E+00 2.000E+00
2.995E+07 2.078E+02 6.982E-02 1.090E-03 6.442E-04 5.328E+03 3.966E-01 1.416E+00 2.000E+00
9.583E+06 2.029E+02 7.014E-02 1.090E-03 6.617E-04 5.487E+03 3.985E-01 1.416E+00 2.000E+00
NAN NAN NAN 1.090E-03 6.938E-04 NAN 4.018E-01 1.417E+00 2.000E+00
NAN NAN NAN 1.090E-03 7.527E-04 NAN 4.079E-01 1.419E+00 2.000E+00
NAN NAN NAN 1.090E-03 8.607E-04 NAN 4.192E-01 1.421E+00 2.000E+00
NAN NAN NAN 1.090E-03 1.059E-03 NAN 4.394E-01 1.426E+00 2.000E+00
NAN NAN NAN 1.090E-03 1.421E-03 NAN 4.759E-01 1.434E+00 2.000E+00
NAN NAN NAN 1.090E-03 2.086E-03 NAN 5.406E-01 1.449E+00 2.000E+00
NAN NAN NAN 1.090E-03 3.305E-03 NAN 6.483E-01 1.477E+00 2.000E+00
NAN NAN NAN 1.090E-03 5.538E-03 NAN 7.922E-01 1.528E+00 2.000E+00
9.800E+07 2.047E+02 6.986E-02 1.378E-03 6.232E-04 5.214E+03 3.957E-01 1.416E+00 2.000E+00
1.627E+08 2.047E+02 6.986E-02 1.378E-03 6.232E-04 5.213E+03 3.957E-01 1.416E+00 2.000E+00
6.088E+07 2.106E+02 6.960E-02 1.378E-03 6.233E-04 5.229E+03 3.957E-01 1.416E+00 2.000E+00
1.423E+08 2.107E+02 6.959E-02 1.378E-03 6.234E-04 5.232E+03 3.957E-01 1.416E+00 2.000E+00
3.566E+07 2.016E+02 7.000E-02 1.378E-03 6.237E-04 5.252E+03 3.957E-01 1.416E+00 2.000E+00
7.586E+07 2.016E+02 7.000E-02 1.378E-03 6.241E-04 5.254E+03 3.957E-01 1.416E+00 2.000E+00
1.462E+08 2.056E+02 6.983E-02 1.378E-03 6.250E-04 5.807E+03 3.958E-01 1.416E+00 2.000E+00
6.776E+07 2.103E+02 6.963E-02 1.378E-03 6.265E-04 5.273E+03 3.960E-01 1.416E+00 2.000E+00
2.058E+07 2.054E+02 6.986E-02 1.378E-03 6.294E-04 5.312E+03 3.963E-01 1.416E+00 2.000E+00
3.701E+07 2.004E+02 7.011E-02 1.378E-03 6.346E-04 5.337E+03 3.968E-01 1.416E+00 2.000E+00
2.909E+07 2.057E+02 6.993E-02 1.378E-03 6.442E-04 5.417E+03 3.978E-01 1.416E+00 2.000E+00
1.066E+07 2.005E+02 7.026E-02 1.378E-03 6.617E-04 5.574E+03 3.997E-01 1.416E+00 2.000E+00
NAN NAN NAN 1.378E-03 6.938E-04 NAN 4.030E-01 1.417E+00 2.000E+00
NAN NAN NAN 1.378E-03 7.527E-04 NAN 4.091E-01 1.419E+00 2.000E+00
NAN NAN NAN 1.378E-03 8.607E-04 NAN 4.204E-01 1.421E+00 2.000E+00
NAN NAN NAN 1.378E-03 1.059E-03 NAN 4.406E-01 1.426E+00 2.000E+00
NAN NAN NAN 1.378E-03 1.421E-03 NAN 4.772E-01 1.434E+00 2.000E+00
NAN NAN NAN 1.378E-03 2.086E-03 NAN 5.419E-01 1.449E+00 2.000E+00
NAN NAN NAN 1.378E-03 3.305E-03 NAN 6.497E-01 1.477E+00 2.000E+00
NAN NAN NAN 1.378E-03 5.538E-03 NAN 7.936E-01 1.528E+00 2.000E+00
1.606E+07 2.085E+02 6.970E-02 1.743E-03 6.232E-04 5.344E+03 3.972E-01 1.416E+00 2.000E+00
1.423E+07 2.004E+02 7.006E-02 1.743E-03 6.232E-04 5.393E+03 3.972E-01 1.416E+00 2.000E+00
5.141E+07 2.050E+02 6.985E-02 1.743E-03 6.233E-04 5.320E+03 3.972E-01 1.416E+00 2.000E+00
1.460E+07 2.004E+02 7.006E-02 1.743E-03 6.234E-04 5.356E+03 3.972E-01 1.416E+00 2.000E+00
1.693E+07 2.004E+02 7.006E-02 1.743E-03 6.237E-04 5.357E+03 3.972E-01 1.416E+00 2.000E+00
9.728E+07 2.080E+02 6.973E-02 1.743E-03 6.241E-04 5.349E+03 3.973E-01 1.416E+00 2.000E+00
2.525E+07 2.071E+02 6.977E-02 1.743E-03 6.250E-04 5.349E+03 3.974E-01 1.416E+00 2.000E+00
1.898E+07 2.004E+02 7.008E-02 1.743E-03 6.265E-04 5.376E+03 3.975E-01 1.416E+00 2.000E+00
2.820E+07 2.004E+02 7.010E-02 1.743E-03 6.294E-04 5.396E+03 3.978E-01 1.416E+00 2.000E+00
2.034E+07 2.007E+02 7.011E-02 1.743E-03 6.346E-04 5.434E+03 3.984E-01 1.416E+00 2.000E+00
4.370E+07 2.023E+02 7.009E-02 1.743E-03 6.442E-04 5.528E+03 3.994E-01 1.416E+00 2.000E+00
NAN NAN NAN 1.743E-03 6.617E-04 NAN 4.012E-01 1.416E+00 2.000E+00
NAN NAN NAN 1.743E-03 6.938E-04 NAN 4.045E-01 1.417E+00 2.000E+00
NAN NAN NAN 1.743E-03 7.527E-04 NAN 4.106E-01 1.419E+00 2.000E+00
NAN NAN NAN 1.743E-03 8.607E-04 NAN 4.219E-01 1.421E+00 2.000E+00
NAN NAN NAN 1.743E-03 1.059E-03 NAN 4.422E-01 1.426E+00 2.000E+00
NAN NAN NAN 1.743E-03 1.421E-03 NAN 4.787E-01 1.434E+00 2.000E+00
NAN NAN NAN 1.743E-03 2.086E-03 NAN 5.435E-01 1.449E+00 2.000E+00
NAN NAN NAN 1.743E-03 3.305E-03 NAN 6.514E-01 1.477E+00 2.000E+00
NAN NAN NAN 1.743E-03 5.538E-03 NAN 7.954E-01 1.528E+00 2.000E+00
8.480E+07 2.008E+02 7.005E-02 2.205E-03 6.232E-04 5.476E+03 3.991E-01 1.416E+00 2.000E+00
9.056E+07 2.008E+02 7.005E-02 2.205E-03 6.232E-04 5.489E+03 3.991E-01 1.416E+00 2.000E+00
4.180E+08 2.011E+02 7.004E-02 2.205E-03 6.233E-04 5.476E+03 3.991E-01 1.416E+00 2.000E+00
1.422E+08 2.008E+02 7.006E-02 2.205E-03 6.234E-04 5.478E+03 3.991E-01 1.416E+00 2.000E+00
4.639E+08 2.008E+02 7.006E-02 2.205E-03 6.237E-04 5.482E+03 3.991E-01 1.416E+00 2.000E+00
1.653E+07 2.028E+02 6.997E-02 2.205E-03 6.241E-04 5.485E+03 3.992E-01 1.416E+00 2.000E+00
1.157E+08 2.031E+02 6.996E-02 2.205E-03 6.250E-04 5.532E+03 3.993E-01 1.416E+00 2.000E+00
1.631E+07 2.029E+02 6.998E-02 2.205E-03 6.265E-04 5.508E+03 3.994E-01 1.416E+00 2.000E+00
2.075E+07 2.007E+02 7.009E-02 2.205E-03 6.294E-04 5.534E+03 3.997E-01 1.416E+00 2.000E+00
1.051E+07 2.006E+02 7.013E-02 2.205E-03 6.346E-04 5.587E+03 4.003E-01 1.416E+00 2.000E+00
NAN NAN NAN 2.205E-03 6.442E-04 NAN 4.013E-01 1.416E+00 2.000E+00
NAN NAN NAN 2.205E-03 6.617E-04 NAN 4.031E-01 1.416E+00 2.000E+00
NAN NAN NAN 2.205E-03 6.938E-04 NAN 4.064E-01 1.417E+00 2.000E+00
NAN NAN NAN 2.205E-03 7.527E-04 NAN 4.126E-01 1.419E+00 2.000E+00
NAN NAN NAN 2.205E-03 8.607E-04 NAN 4.238E-01 1.421E+00 2.000E+00
NAN NAN NAN 2.205E-03 1.059E-03 NAN 4.441E-01 1.426E+00 2.000E+00
NAN NAN NAN 2.205E-03 1.421E-03 NAN 4.807E-01 1.434E+00 2.000E+00
NAN NAN NAN 2.205E-03 2.086E-03 NAN 5.456E-01 1.449E+00 2.000E+00
NAN NAN NAN 2.205E-03 3.305E-03 NAN 6.537E-01 1.477E+00 2.000E+00
NAN NAN NAN 2.205E-03 5.538E-03 NAN 7.977E-01 1.528E+00 2.000E+00
2.226E+07 2.007E+02 7.007E-02 2.789E-03 6.232E-04 5.683E+03 4.015E-01 1.416E+00 2.000E+00
2.242E+07 2.007E+02 7.008E-02 2.789E-03 6.232E-04 5.683E+03 4.015E-01 1.416E+00 2.000E+00
3.081E+07 2.007E+02 7.008E-02 2.789E-03 6.233E-04 5.684E+03 4.015E-01 1.416E+00 2.000E+00
2.388E+07 2.007E+02 7.008E-02 2.789E-03 6.234E-04 5.686E+03 4.015E-01 1.416E+00 2.000E+00
8.281E+06 2.006E+02 7.008E-02 2.789E-03 6.237E-04 5.689E+03 4.016E-01 1.416E+00 2.000E+00
1.018E+07 2.002E+02 7.010E-02 2.789E-03 6.241E-04 5.691E+03 4.016E-01 1.416E+00 2.000E+00
5.372E+06 2.002E+02 7.011E-02 2.789E-03 6.250E-04 5.705E+03 4.017E-01 1.416E+00 2.000E+00
NAN NAN NAN 2.789E-03 6.265E-04 NAN 4.019E-01 1.416E+00 2.000E+00
NAN NAN NAN 2.789E-03 6.294E-04 NAN 4.022E-01 1.416E+00 2.000E+00
NAN NAN NAN 2.789E-03 6.346E-04 NAN 4.027E-01 1.416E+00 2.000E+00
NAN NAN NAN 2.789E-03 6.442E-04 NAN 4.037E-01 1.416E+00 2.000E+00
NAN NAN NAN 2.789E-03 6.617E-04 NAN 4.055E-01 1.416E+00 2.000E+00
NAN NAN NAN 2.789E-03 6.938E-04 NAN 4.089E-01 1.417E+00 2.000E+00
NAN NAN NAN 2.789E-03 7.527E-04 NAN 4.150E-01 1.419E+00 2.000E+00
NAN NAN NAN 2.789E-03 8.607E-04 NAN 4.262E-01 1.421E+00 2.000E+00
NAN NAN NAN 2.789E-03 1.059E-03 NAN 4.466E-01 1.426E+00 2.000E+00
NAN NAN NAN 2.789E-03 1.421E-03 NAN 4.833E-01 1.434E+00 2.000E+00
NAN NAN NAN 2.789E-03 2.086E-03 NAN 5.483E-01 1.449E+00 2.000E+00
NAN NAN NAN 2.789E-03 3.305E-03 NAN 6.565E-01 1.477E+00 2.000E+00
NAN NAN NAN 2.789E-03 5.538E-03 NAN 8.005E-01 1.528E+00 2.000E+00
NAN NAN NAN 3.528E-03 6.232E-04 NAN 4.046E-01 1.416E+00 2.000E+00
NAN NAN NAN 3.528E-03 6.232E-04 NAN 4.046E-01 1.416E+00 2.000E+00
NAN NAN NAN 3.528E-03 6.233E-04 NAN 4.046E-01 1.416E+00 2.000E+00
NAN NAN NAN 3.528E-03 6.234E-04 NAN 4.046E-01 1.416E+00 2.000E+00
NAN NAN NAN 3.528E-03 6.237E-04 NAN 4.047E-01 1.416E+00 2.000E+00
NAN NAN NAN 3.528E-03 6.241E-04 NAN 4.047E-01 1.416E+00 2.000E+00
NAN NAN NAN 3.528E-03 6.250E-04 NAN 4.048E-01 1.416E+00 2.000E+00
NAN NAN NAN 3.528E-03 6.265E-04 NAN 4.049E-01 1.416E+00 2.000E+00
NAN NAN NAN 3.528E-03 6.294E-04 NAN 4.052E-01 1.416E+00 2.000E+00
NAN NAN NAN 3.528E-03 6.346E-04 NAN 4.058E-01 1.416E+00 2.000E+00
NAN NAN NAN 3.528E-03 6.442E-04 NAN 4.068E-01 1.416E+00 2.000E+00
NAN NAN NAN 3.528E-03 6.617E-04 NAN 4.086E-01 1.416E+00 2.000E+00
NAN NAN NAN 3.528E-03 6.938E-04 NAN 4.119E-01 1.417E+00 2.000E+00
NAN NAN NAN 3.528E-03 7.527E-04 NAN 4.181E-01 1.419E+00 2.000E+00
NAN NAN NAN 3.528E-03 8.607E-04 NAN 4.293E-01 1.421E+00 2.000E+00
NAN NAN NAN 3.528E-03 1.059E-03 NAN 4.498E-01 1.426E+00 2.000E+00
NAN NAN NAN 3.528E-03 1.421E-03 NAN 4.865E-01 1.434E+00 2.000E+00
NAN NAN NAN 3.528E-03 2.086E-03 NAN 5.516E-01 1.449E+00 2.000E+00
NAN NAN NAN 3.528E-03 3.305E-03 NAN 6.601E-01 1.477E+00 2.000E+00
NAN NAN NAN 3.528E-03 5.538E-03 NAN 8.041E-01 1.528E+00 2.000E+00
NAN NAN NAN 4.462E-03 6.232E-04 NAN 4.084E-01 1.416E+00 2.000E+00
NAN NAN NAN 4.462E-03 6.232E-04 NAN 4.084E-01 1.416E+00 2.000E+00
NAN NAN NAN 4.462E-03 6.233E-04 NAN 4.084E-01 1.416E+00 2.000E+00
NAN NAN NAN 4.462E-03 6.234E-04 NAN 4.084E-01 1.416E+00 2.000E+00
NAN NAN NAN 4.462E-03 6.237E-04 NAN 4.085E-01 1.416E+00 2.000E+00
NAN NAN NAN 4.462E-03 6.241E-04 NAN 4.085E-01 1.416E+00 2.000E+00
NAN NAN NAN 4.462E-03 6.250E-04 NAN 4.086E-01 1.416E+00 2.000E+00
NAN NAN NAN 4.462E-03 6.265E-04 NAN 4.088E-01 1.416E+00 2.000E+00
NAN NAN NAN 4.462E-03 6.294E-04 NAN 4.091E-01 1.416E+00 2.000E+00
NAN NAN NAN 4.462E-03 6.346E-04 NAN 4.096E-01 1.416E+00 2.000E+00
NAN NAN NAN 4.462E-03 6.442E-04 NAN 4.106E-01 1.416E+00 2.000E+00
NAN NAN NAN 4.462E-03 6.617E-04 NAN 4.125E-01 1.417E+00 2.000E+00
NAN NAN NAN 4.462E-03 6.938E-04 NAN 4.158E-01 1.417E+00 2.000E+00
NAN NAN NAN 4.462E-03 7.527E-04 NAN 4.219E-01 1.419E+00 2.000E+00
NAN NAN NAN 4.462E-03 8.607E-04 NAN 4.332E-01 1.421E+00 2.000E+00
NAN NAN NAN 4.462E-03 1.059E-03 NAN 4.537E-01 1.426E+00 2.000E+00
NAN NAN NAN 4.462E-03 1.421E-03 NAN 4.906E-01 1.434E+00 2.000E+00
NAN NAN NAN 4.462E-03 2.086E-03 NAN 5.558E-01 1.449E+00 2.000E+00
NAN NAN NAN 4.462E-03 3.305E-03 NAN 6.646E-01 1.477E+00 2.000E+00
NAN NAN NAN 4.462E-03 5.538E-03 NAN 8.087E-01 1.528E+00 2.000E+00
NAN NAN NAN 5.644E-03 6.232E-04 NAN 4.132E-01 1.416E+00 2.000E+00
NAN NAN NAN 5.644E-03 6.232E-04 NAN 4.132E-01 1.416E+00 2.000E+00
NAN NAN NAN 5.644E-03 6.233E-04 NAN 4.132E-01 1.416E+00 2.000E+00
NAN NAN NAN 5.644E-03 6.234E-04 NAN 4.132E-01 1.416E+00 2.000E+00
NAN NAN NAN 5.644E-03 6.237E-04 NAN 4.133E-01 1.416E+00 2.000E+00
NAN NAN NAN 5.644E-03 6.241E-04 NAN 4.133E-01 1.416E+00 2.000E+00
NAN NAN NAN 5.644E-03 6.250E-04 NAN 4.134E-01 1.416E+00 2.000E+00
NAN NAN NAN 5.644E-03 6.265E-04 NAN 4.136E-01 1.416E+00 2.000E+00
NAN NAN NAN 5.644E-03 6.294E-04 NAN 4.139E-01 1.416E+00 2.000E+00
NAN NAN NAN 5.644E-03 6.346E-04 NAN 4.144E-01 1.416E+00 2.000E+00
NAN NAN NAN 5.644E-03 6.442E-04 NAN 4.154E-01 1.416E+00 2.000E+00
NAN NAN NAN 5.644E-03 6.617E-04 NAN 4.173E-01 1.417E+00 2.000E+00
NAN NAN NAN 5.644E-03 6.938E-04 NAN 4.207E-01 1.417E+00 2.000E+00
NAN NAN NAN 5.644E-03 7.527E-04 NAN 4.269E-01 1.419E+00 2.000E+00
NAN NAN NAN 5.644E-03 8.607E-04 NAN 4.381E-01 1.421E+00 2.000E+00
NAN NAN NAN 5.644E-03 1.059E-03 NAN 4.587E-01 1.426E+00 2.000E+00
NAN NAN NAN 5.644E-03 1.421E-03 NAN 4.957E-01 1.434E+00 2.000E+00
NAN NAN NAN 5.644E-03 2.086E-03 NAN 5.612E-01 1.449E+00 2.000E+00
NAN NAN NAN 5.644E-03 3.305E-03 NAN 6.703E-01 1.477E+00 2.000E+00
NAN NAN NAN 5.644E-03 5.538E-03 NAN 8.144E-01 1.528E+00 2.000E+00
NAN NAN NAN 7.139E-03 6.232E-04 NAN 4.193E-01 1.416E+00 2.000E+00
NAN NAN NAN 7.139E-03 6.232E-04 NAN 4.193E-01 1.416E+00 2.000E+00
NAN NAN NAN 7.139E-03 6.233E-04 NAN 4.193E-01 1.416E+00 2.000E+00
NAN NAN NAN 7.139E-03 6.234E-04 NAN 4.193E-01 1.416E+00 2.000E+00
NAN NAN NAN 7.139E-03 6.237E-04 NAN 4.194E-01 1.416E+00 2.000E+00
NAN NAN NAN 7.139E-03 6.241E-04 NAN 4.194E-01 1.416E+00 2.000E+00
NAN NAN NAN 7.139E-03 6.250E-04 NAN 4.195E-01 1.416E+00 2.000E+00
NAN NAN NAN 7.139E-03 6.265E-04 NAN 4.197E-01 1.416E+00 2.000E+00
NAN NAN NAN 7.139E-03 6.294E-04 NAN 4.200E-01 1.416E+00 2.000E+00
NAN NAN NAN 7.139E-03 6.346E-04 NAN 4.205E-01 1.416E+00 2.000E+00
NAN NAN NAN 7.139E-03 6.442E-04 NAN 4.215E-01 1.416E+00 2.000E+00
NAN NAN NAN 7.139E-03 6.617E-04 NAN 4.234E-01 1.417E+00 2.000E+00
NAN NAN NAN 7.139E-03 6.938E-04 NAN 4.268E-01 1.417E+00 2.000E+00
NAN NAN NAN 7.139E-03 7.527E-04 NAN 4.330E-01 1.419E+00 2.000E+00
NAN NAN NAN 7.139E-03 8.607E-04 NAN 4.443E-01 1.421E+00 2.000E+00
NAN NAN NAN 7.139E-03 1.059E-03 NAN 4.649E-01 1.426E+00 2.000E+00
NAN NAN NAN 7.139E-03 1.421E-03 NAN 5.020E-01 1.434E+00 2.000E+00
NAN NAN NAN 7.139E-03 2.086E-03 NAN 5.679E-01 1.449E+00 2.000E+00
NAN NAN NAN 7.139E-03 3.305E-03 NAN 6.776E-01 1.477E+00 2.000E+00
NAN NAN NAN 7.139E-03 5.538E-03 NAN 8.217E-01 1.528E+00 2.000E+00
NAN NAN NAN 9.029E-03 6.232E-04 NAN 4.270E-01 1.416E+00 2.000E+00
NAN NAN NAN 9.029E-03 6.232E-04 NAN 4.270E-01 1.416E+00 2.000E+00
NAN NAN NAN 9.029E-03 6.233E-04 NAN 4.270E-01 1.416E+00 2.000E+00
NAN NAN NAN 9.029E-03 6.234E-04 NAN 4.270E-01 1.416E+00 2.000E+00
NAN NAN NAN 9.029E-03 6.237E-04 NAN 4.270E-01 1.416E+00 2.000E+00
NAN NAN NAN 9.029E-03 6.241E-04 NAN 4.271E-01 1.416E+00 2.000E+00
NAN NAN NAN 9.029E-03 6.250E-04 NAN 4.272E-01 1.416E+00 2.000E+00
NAN NAN NAN 9.029E-03 6.265E-04 NAN 4.273E-01 1.416E+00 2.000E+00
NAN NAN NAN 9.029E-03 6.294E-04 NAN 4.276E-01 1.416E+00 2.000E+00
NAN NAN NAN 9.029E-03 6.346E-04 NAN 4.282E-01 1.416E+00 2.000E+00
NAN NAN NAN 9.029E-03 6.442E-04 NAN 4.292E-01 1.416E+00 2.000E+00
NAN NAN NAN 9.029E-03 6.617E-04 NAN 4.311E-01 1.417E+00 2.000E+00
NAN NAN NAN 9.029E-03 6.938E-04 NAN 4.345E-01 1.417E+00 2.000E+00
NAN NAN NAN 9.029E-03 7.527E-04 NAN 4.407E-01 1.419E+00 2.000E+00
NAN NAN NAN 9.029E-03 8.607E-04 NAN 4.521E-01 1.421E+00 2.000E+00
NAN NAN NAN 9.029E-03 1.059E-03 NAN 4.728E-01 1.426E+00 2.000E+00
NAN NAN NAN 9.029E-03 1.421E-03 NAN 5.101E-01 1.434E+00 2.000E+00
NAN NAN NAN 9.029E-03 2.086E-03 NAN 5.763E-01 1.449E+00 2.000E+00
NAN NAN NAN 9.029E-03 3.305E-03 NAN 6.868E-01 1.477E+00 2.000E+00
NAN NAN NAN 9.029E-03 5.538E-03 NAN 8.306E-01 1.529E+00 2.000E+00
NAN NAN NAN 1.142E-02 6.232E-04 NAN 4.366E-01 1.416E+00 2.000E+00
NAN NAN NAN 1.142E-02 6.232E-04 NAN 4.366E-01 1.416E+00 2.000E+00
NAN NAN NAN 1.142E-02 6.233E-04 NAN 4.367E-01 1.416E+00 2.000E+00
NAN NAN NAN 1.142E-02 6.234E-04 NAN 4.367E-01 1.416E+00 2.000E+00
NAN NAN NAN 1.142E-02 6.237E-04 NAN 4.367E-01 1.416E+00 2.000E+00
NAN NAN NAN 1.142E-02 6.241E-04 NAN 4.367E-01 1.416E+00 2.000E+00
NAN NAN NAN 1.142E-02 6.250E-04 NAN 4.368E-01 1.416E+00 2.000E+00
NAN NAN NAN 1.142E-02 6.265E-04 NAN 4.370E-01 1.416E+00 2.000E+00
NAN NAN NAN 1.142E-02 6.294E-04 NAN 4.373E-01 1.416E+00 2.000E+00
NAN NAN NAN 1.142E-02 6.346E-04 NAN 4.379E-01 1.416E+00 2.000E+00
NAN NAN NAN 1.142E-02 6.442E-04 NAN 4.389E-01 1.416E+00 2.000E+00
NAN NAN NAN 1.142E-02 6.617E-04 NAN 4.408E-01 1.417E+00 2.000E+00
NAN NAN NAN 1.142E-02 6.938E-04 NAN 4.442E-01 1.417E+00 2.000E+00
NAN NAN NAN 1.142E-02 7.527E-04 NAN 4.504E-01 1.419E+00 2.000E+00
NAN NAN NAN 1.142E-02 8.607E-04 NAN 4.618E-01 1.421E+00 2.000E+00
NAN NAN NAN 1.142E-02 1.059E-03 NAN 4.827E-01 1.426E+00 2.000E+00
NAN NAN NAN 1.142E-02 1.421E-03 NAN 5.203E-01 1.434E+00 2.000E+00
NAN NAN NAN 1.142E-02 2.086E-03 NAN 5.869E-01 1.449E+00 2.000E+00
NAN NAN NAN 1.142E-02 3.305E-03 NAN 6.983E-01 1.477E+00 2.000E+00
NAN NAN NAN 1.142E-02 5.538E-03 NAN 8.420E-01 1.529E+00 2.000E+00
NAN NAN NAN 1.445E-02 6.232E-04 NAN 4.487E-01 1.416E+00 2.000E+00
NAN NAN NAN 1.445E-02 6.232E-04 NAN 4.487E-01 1.416E+00 2.000E+00
NAN NAN NAN 1.445E-02 6.233E-04 NAN 4.487E-01 1.416E+00 2.000E+00
NAN NAN NAN 1.445E-02 6.234E-04 NAN 4.487E-01 1.416E+00 2.000E+00
NAN NAN NAN 1.445E-02 6.237E-04 NAN 4.487E-01 1.416E+00 2.000E+00
NAN NAN NAN 1.445E-02 6.241E-04 NAN 4.488E-01 1.416E+00 2.000E+00
NAN NAN NAN 1.445E-02 6.250E-04 NAN 4.489E-01 1.416E+00 2.000E+00
NAN NAN NAN 1.445E-02 6.265E-04 NAN 4.490E-01 1.416E+00 2.000E+00
NAN NAN NAN 1.445E-02 6.294E-04 NAN 4.494E-01 1.416E+00 2.000E+00
NAN NAN NAN 1.445E-02 6.346E-04 NAN 4.499E-01 1.416E+00 2.000E+00
NAN NAN NAN 1.445E-02 6.442E-04 NAN 4.510E-01 1.416E+00 2.000E+00
NAN NAN NAN 1.445E-02 6.617E-04 NAN 4.528E-01 1.417E+00 2.000E+00
NAN NAN NAN 1.445E-02 6.938E-04 NAN 4.563E-01 1.417E+00 2.000E+00
NAN NAN NAN 1.445E-02 7.527E-04 NAN 4.626E-01 1.419E+00 2.000E+00
NAN NAN NAN 1.445E-02 8.607E-04 NAN 4.742E-01 1.421E+00 2.000E+00
NAN NAN NAN 1.445E-02 1.059E-03 NAN 4.951E-01 1.426E+00 2.000E+00
NAN NAN NAN 1.445E-02 1.421E-03 NAN 5.330E-01 1.434E+00 2.000E+00
NAN NAN NAN 1.445E-02 2.086E-03 NAN 6.004E-01 1.449E+00 2.000E+00
NAN NAN NAN 1.445E-02 3.305E-03 NAN 7.129E-01 1.477E+00 2.000E+00
NAN NAN NAN 1.445E-02 5.538E-03 NAN 8.564E-01 1.529E+00 2.000E+00
NAN NAN NAN 1.827E-02 6.232E-04 NAN 4.638E-01 1.416E+00 2.000E+00
NAN NAN NAN 1.827E-02 6.232E-04 NAN 4.638E-01 1.416E+00 2.000E+00
NAN NAN NAN 1.827E-02 6.233E-04 NAN 4.638E-01 1.416E+00 2.000E+00
NAN NAN NAN 1.827E-02 6.234E-04 NAN 4.638E-01 1.416E+00 2.000E+00
NAN NAN NAN 1.827E-02 6.237E-04 NAN 4.638E-01 1.416E+00 2.000E+00
NAN NAN NAN 1.827E-02 6.241E-04 NAN 4.639E-01 1.416E+00 2.000E+00
NAN NAN NAN 1.827E-02 6.250E-04 NAN 4.640E-01 1.416E+00 2.000E+00
NAN NAN NAN 1.827E-02 6.265E-04 NAN 4.641E-01 1.416E+00 2.000E+00
NAN NAN NAN 1.827E-02 6.294E-04 NAN 4.644E-01 1.416E+00 2.000E+00
NAN NAN NAN 1.827E-02 6.346E-04 NAN 4.650E-01 1.416E+00 2.000E+00
NAN NAN NAN 1.827E-02 6.442E-04 NAN 4.661E-01 1.416E+00 2.000E+00
NAN NAN NAN 1.827E-02 6.617E-04 NAN 4.680E-01 1.417E+00 2.000E+00
NAN NAN NAN 1.827E-02 6.938E-04 NAN 4.715E-01 1.418E+00 2.000E+00
NAN NAN NAN 1.827E-02 7.527E-04 NAN 4.778E-01 1.419E+00 2.000E+00
NAN NAN NAN 1.827E-02 8.607E-04 NAN 4.894E-01 1.421E+00 2.000E+00
NAN NAN NAN 1.827E-02 1.059E-03 NAN 5.107E-01 1.426E+00 2.000E+00
NAN NAN NAN 1.827E-02 1.421E-03 NAN 5.489E-01 1.434E+00 2.000E+00
NAN NAN NAN 1.827E-02 2.086E-03 NAN 6.170E-01 1.450E+00 2.000E+00
NAN NAN NAN 1.827E-02 3.305E-03 NAN 7.312E-01 1.477E+00 2.000E+00
NAN NAN NAN 1.827E-02 5.538E-03 NAN 8.745E-01 1.529E+00 2.000E+00
NAN NAN NAN 2.311E-02 6.232E-04 NAN 4.826E-01 1.416E+00 2.000E+00
NAN NAN NAN 2.311E-02 6.232E-04 NAN 4.826E-01 1.416E+00 2.000E+00
NAN NAN NAN 2.311E-02 6.233E-04 NAN 4.826E-01 1.416E+00 2.000E+00
NAN NAN NAN 2.311E-02 6.234E-04 NAN 4.826E-01 1.416E+00 2.000E+00
NAN NAN NAN 2.311E-02 6.237E-04 NAN 4.826E-01 1.416E+00 2.000E+00
NAN NAN NAN 2.311E-02 6.241E-04 NAN 4.827E-01 1.416E+00 2.000E+00
NAN NAN NAN 2.311E-02 6.250E-04 NAN 4.828E-01 1.416E+00 2.000E+00
NAN NAN NAN 2.311E-02 6.265E-04 NAN 4.829E-01 1.416E+00 2.000E+00
NAN NAN NAN 2.311E-02 6.294E-04 NAN 4.832E-01 1.416E+00 2.000E+00
NAN NAN NAN 2.311E-02 6.346E-04 NAN 4.838E-01 1.416E+00 2.000E+00
NAN NAN NAN 2.311E-02 6.442E-04 NAN 4.849E-01 1.417E+00 2.000E+00
NAN NAN NAN 2.311E-02 6.617E-04 NAN 4.868E-01 1.417E+00 2.000E+00
NAN NAN NAN 2.311E-02 6.938E-04 NAN 4.903E-01 1.418E+00 2.000E+00
NAN NAN NAN 2.311E-02 7.527E-04 NAN 4.967E-01 1.419E+00 2.000E+00
NAN NAN NAN 2.311E-02 8.607E-04 NAN 5.084E-01 1.422E+00 2.000E+00
NAN NAN NAN 2.311E-02 1.059E-03 NAN 5.299E-01 1.426E+00 2.000E+00
NAN NAN NAN 2.311E-02 1.421E-03 NAN 5.686E-01 1.434E+00 2.000E+00
NAN NAN NAN 2.311E-02 2.086E-03 NAN 6.378E-01 1.450E+00 2.000E+00
NAN NAN NAN 2.311E-02 3.305E-03 NAN 7.543E-01 1.478E+00 2.000E+00
NAN NAN NAN 2.311E-02 5.538E-03 NAN 8.971E-01 1.529E+00 2.000E+00
NAN NAN NAN 2.923E-02 6.232E-04 NAN 5.057E-01 1.416E+00 2.000E+00
NAN NAN NAN 2.923E-02 6.232E-04 NAN 5.057E-01 1.416E+00 2.000E+00
NAN NAN NAN 2.923E-02 6.233E-04 NAN 5.058E-01 1.416E+00 2.000E+00
NAN NAN NAN 2.923E-02 6.234E-04 NAN 5.058E-01 1.416E+00 2.000E+00
NAN NAN NAN 2.923E-02 6.237E-04 NAN 5.058E-01 1.416E+00 2.000E+00
NAN NAN NAN 2.923E-02 6.241E-04 NAN 5.058E-01 1.416E+00 2.000E+00
NAN NAN NAN 2.923E-02 6.250E-04 NAN 5.059E-01 1.416E+00 2.000E+00
NAN NAN NAN 2.923E-02 6.265E-04 NAN 5.061E-01 1.416E+00 2.000E+00
NAN NAN NAN 2.923E-02 6.294E-04 NAN 5.064E-01 1.416E+00 2.000E+00
NAN NAN NAN 2.923E-02 6.346E-04 NAN 5.070E-01 1.416E+00 2.000E+00
NAN NAN NAN 2.923E-02 6.442E-04 NAN 5.081E-01 1.417E+00 2.000E+00
NAN NAN NAN 2.923E-02 6.617E-04 NAN 5.100E-01 1.417E+00 2.000E+00
NAN NAN NAN 2.923E-02 6.938E-04 NAN 5.136E-01 1.418E+00 2.000E+00
NAN NAN NAN 2.923E-02 7.527E-04 NAN 5.201E-01 1.419E+00 2.000E+00
NAN NAN NAN 2.923E-02 8.607E-04 NAN 5.320E-01 1.422E+00 2.000E+00
NAN NAN NAN 2.923E-02 1.059E-03 NAN 5.538E-01 1.426E+00 2.000E+00
NAN NAN NAN 2.923E-02 1.421E-03 NAN 5.931E-01 1.435E+00 2.000E+00
NAN NAN NAN 2.923E-02 2.086E-03 NAN 6.636E-01 1.450E+00 2.000E+00
NAN NAN NAN 2.923E-02 3.305E-03 NAN 7.830E-01 1.478E+00 2.000E+00
NAN NAN NAN 2.923E-02 5.538E-03 NAN 9.251E-01 1.529E+00 2.000E+00
NAN NAN NAN 3.697E-02 6.232E-04 NAN 5.342E-01 1.416E+00 2.000E+00
NAN NAN NAN 3.697E-02 6.232E-04 NAN 5.342E-01 1.416E+00 2.000E+00
NAN NAN NAN 3.697E-02 6.233E-04 NAN 5.342E-01 1.416E+00 2.000E+00
NAN NAN NAN 3.697E-02 6.234E-04 NAN 5.342E-01 1.416E+00 2.000E+00
NAN NAN NAN 3.697E-02 6.237E-04 NAN 5.342E-01 1.416E+00 2.000E+00
NAN NAN NAN 3.697E-02 6.241E-04 NAN 5.343E-01 1.416E+00 2.000E+00
NAN NAN NAN 3.697E-02 6.250E-04 NAN 5.344E-01 1.416E+00 2.000E+00
NAN NAN NAN 3.697E-02 6.265E-04 NAN 5.346E-01 1.416E+00 2.000E+00
NAN NAN NAN 3.697E-02 6.294E-04 NAN 5.349E-01 1.417E+00 2.000E+00
NAN NAN NAN 3.697E-02 6.346E-04 NAN 5.355E-01 1.417E+00 2.000E+00
NAN NAN NAN 3.697E-02 6.442E-04 NAN 5.365E-01 1.417E+00 2.000E+00
NAN NAN NAN 3.697E-02 6.617E-04 NAN 5.385E-01 1.417E+00 2.000E+00
NAN NAN NAN 3.697E-02 6.938E-04 NAN 5.421E-01 1.418E+00 2.000E+00
NAN NAN NAN 3.697E-02 7.527E-04 NAN 5.488E-01 1.419E+00 2.000E+00
NAN NAN NAN 3.697E-02 8.607E-04 NAN 5.609E-01 1.422E+00 2.000E+00
NAN NAN NAN 3.697E-02 1.059E-03 NAN 5.830E-01 1.426E+00 2.000E+00
NAN NAN NAN 3.697E-02 1.421E-03 NAN 6.231E-01 1.435E+00 2.000E+00
NAN NAN NAN 3.697E-02 2.086E-03 NAN 6.953E-01 1.450E+00 2.000E+00
NAN NAN NAN 3.697E-02 3.305E-03 NAN 8.188E-01 1.478E+00 2.000E+00
NAN NAN NAN 3.697E-02 5.538E-03 NAN 9.585E-01 1.529E+00 2.000E+00
NAN NAN NAN 4.677E-02 6.232E-04 NAN 5.688E-01 1.417E+00 2.000E+00
NAN NAN NAN 4.677E-02 6.232E-04 NAN 5.688E-01 1.417E+00 2.000E+00
NAN NAN NAN 4.677E-02 6.233E-04 NAN 5.688E-01 1.417E+00 2.000E+00
NAN NAN NAN 4.677E-02 6.234E-04 NAN 5.688E-01 1.417E+00 2.000E+00
NAN NAN NAN 4.677E-02 6.237E-04 NAN 5.688E-01 1.417E+00 2.000E+00
NAN NAN NAN 4.677E-02 6.241E-04 NAN 5.689E-01 1.417E+00 2.000E+00
NAN NAN NAN 4.677E-02 6.250E-04 NAN 5.690E-01 1.417E+00 2.000E+00
NAN NAN NAN 4.677E-02 6.265E-04 NAN 5.691E-01 1.417E+00 2.000E+00
NAN NAN NAN 4.677E-02 6.294E-04 NAN 5.695E-01 1.417E+00 2.000E+00
NAN NAN NAN 4.677E-02 6.346E-04 NAN 5.701E-01 1.417E+00 2.000E+00
NAN NAN NAN 4.677E-02 6.442E-04 NAN 5.712E-01 1.417E+00 2.000E+00
NAN NAN NAN 4.677E-02 6.617E-04 NAN 5.732E-01 1.417E+00 2.000E+00
NAN NAN NAN 4.677E-02 6.938E-04 NAN 5.768E-01 1.418E+00 2.000E+00
NAN NAN NAN 4.677E-02 7.527E-04 NAN 5.836E-01 1.420E+00 2.000E+00
NAN NAN NAN 4.677E-02 8.607E-04 NAN 5.959E-01 1.422E+00 2.000E+00
NAN NAN NAN 4.677E-02 1.059E-03 NAN 6.185E-01 1.427E+00 2.000E+00
NAN NAN NAN 4.677E-02 1.421E-03 NAN 6.595E-01 1.435E+00 2.000E+00
NAN NAN NAN 4.677E-02 2.086E-03 NAN 7.336E-01 1.450E+00 2.000E+00
NAN NAN NAN 4.677E-02 3.305E-03 NAN 8.626E-01 1.478E+00 2.000E+00
NAN NAN NAN 4.677E-02 5.538E-03 NAN 9.930E-01 1.529E+00 2.000E+00
NAN NAN NAN 5.915E-02 6.232E-04 NAN 6.100E-01 1.417E+00 3.000E+00
NAN NAN NAN 5.915E-02 6.232E-04 NAN 6.100E-01 1.417E+00 3.000E+00
NAN NAN NAN 5.915E-02 6.233E-04 NAN 6.100E-01 1.417E+00 3.000E+00
NAN NAN NAN 5.915E-02 6.234E-04 NAN 6.100E-01 1.417E+00 3.000E+00
NAN NAN NAN 5.915E-02 6.237E-04 NAN 6.100E-01 1.417E+00 3.000E+00
NAN NAN NAN 5.915E-02 6.241E-04 NAN 6.101E-01 1.417E+00 3.000E+00
NAN NAN NAN 5.915E-02 6.250E-04 NAN 6.102E-01 1.417E+00 3.000E+00
NAN NAN NAN 5.915E-02 6.265E-04 NAN 6.104E-01 1.417E+00 3.000E+00
NAN NAN NAN 5.915E-02 6.294E-04 NAN 6.107E-01 1.417E+00 3.000E+00
NAN NAN NAN 5.915E-02 6.346E-04 NAN 6.113E-01 1.417E+00 3.000E+00
NAN NAN NAN 5.915E-02 6.442E-04 NAN 6.124E-01 1.417E+00 3.000E+00
NAN NAN NAN 5.915E-02 6.617E-04 NAN 6.145E-01 1.418E+00 3.000E+00
NAN NAN NAN 5.915E-02 6.938E-04 NAN 6.182E-01 1.419E+00 3.000E+00
NAN NAN NAN 5.915E-02 7.527E-04 NAN 6.251E-01 1.420E+00 3.000E+00
NAN NAN NAN 5.915E-02 8.607E-04 NAN 6.376E-01 1.422E+00 3.000E+00
NAN NAN NAN 5.915E-02 1.059E-03 NAN 6.607E-01 1.427E+00 3.000E+00
NAN NAN NAN 5.915E-02 1.421E-03 NAN 7.026E-01 1.435E+00 3.000E+00
NAN NAN NAN 5.915E-02 2.086E-03 NAN 7.789E-01 1.450E+00 3.000E+00
NAN NAN NAN 5.915E-02 3.305E-03 NAN 9.144E-01 1.478E+00 3.000E+00
NAN NAN NAN 5.915E-02 5.538E-03 NAN 1.000E+00 1.530E+00 0.000E+00
NAN NAN NAN 7.482E-02 6.232E-04 NAN 6.582E-01 1.417E+00 3.000E+00
NAN NAN NAN 7.482E-02 6.232E-04 NAN 6.582E-01 1.417E+00 3.000E+00
NAN NAN NAN 7.482E-02 6.233E-04 NAN 6.582E-01 1.417E+00 3.000E+00
NAN NAN NAN 7.482E-02 6.234E-04 NAN 6.582E-01 1.417E+00 3.000E+00
NAN NAN NAN 7.482E-02 6.237E-04 NAN 6.583E-01 1.417E+00 3.000E+00
NAN NAN NAN 7.482E-02 6.241E-04 NAN 6.583E-01 1.417E+00 3.000E+00
NAN NAN NAN 7.482E-02 6.250E-04 NAN 6.584E-01 1.417E+00 3.000E+00
NAN NAN NAN 7.482E-02 6.265E-04 NAN 6.586E-01 1.417E+00 3.000E+00
NAN NAN NAN 7.482E-02 6.294E-04 NAN 6.589E-01 1.417E+00 3.000E+00
NAN NAN NAN 7.482E-02 6.346E-04 NAN 6.596E-01 1.418E+00 3.000E+00
NAN NAN NAN 7.482E-02 6.442E-04 NAN 6.607E-01 1.418E+00 3.000E+00
NAN NAN NAN 7.482E-02 6.617E-04 NAN 6.628E-01 1.418E+00 3.000E+00
NAN NAN NAN 7.482E-02 6.938E-04 NAN 6.666E-01 1.419E+00 3.000E+00
NAN NAN NAN 7.482E-02 7.527E-04 NAN 6.735E-01 1.420E+00 3.000E+00
NAN NAN NAN 7.482E-02 8.607E-04 NAN 6.863E-01 1.423E+00 3.000E+00
NAN NAN NAN 7.482E-02 1.059E-03 NAN 7.098E-01 1.427E+00 3.000E+00
NAN NAN NAN 7.482E-02 1.421E-03 NAN 7.525E-01 1.436E+00 3.000E+00
NAN NAN NAN 7.482E-02 2.086E-03 NAN 8.308E-01 1.451E+00 3.000E+00
NAN NAN NAN 7.482E-02 3.305E-03 NAN 9.726E-01 1.479E+00 3.000E+00
NAN NAN NAN 7.482E-02 5.538E-03 NAN 1.000E+00 1.530E+00 0.000E+00
NAN NAN NAN 9.464E-02 6.232E-04 NAN 7.131E-01 1.418E+00 3.000E+00
NAN NAN NAN 9.464E-02 6.232E-04 NAN 7.131E-01 1.418E+00 3.000E+00
NAN NAN NAN 9.464E-02 6.233E-04 NAN 7.132E-01 1.418E+00 3.000E+00
NAN NAN NAN 9.464E-02 6.234E-04 NAN 7.132E-01 1.418E+00 3.000E+00
NAN NAN NAN 9.464E-02 6.237E-04 NAN 7.132E-01 1.418E+00 3.000E+00
NAN NAN NAN 9.464E-02 6.241E-04 NAN 7.133E-01 1.418E+00 3.000E+00
NAN NAN NAN 9.464E-02 6.250E-04 NAN 7.134E-01 1.418E+00 3.000E+00
NAN NAN NAN 9.464E-02 6.265E-04 NAN 7.135E-01 1.418E+00 3.000E+00
NAN NAN NAN 9.464E-02 6.294E-04 NAN 7.139E-01 1.418E+00 3.000E+00
NAN NAN NAN 9.464E-02 6.346E-04 NAN 7.145E-01 1.418E+00 3.000E+00
NAN NAN NAN 9.464E-02 6.442E-04 NAN 7.157E-01 1.418E+00 3.000E+00
NAN NAN NAN 9.464E-02 6.617E-04 NAN 7.177E-01 1.419E+00 3.000E+00
NAN NAN NAN 9.464E-02 6.938E-04 NAN 7.216E-01 1.419E+00 3.000E+00
NAN NAN NAN 9.464E-02 7.527E-04 NAN 7.286E-01 1.421E+00 3.000E+00
NAN NAN NAN 9.464E-02 8.607E-04 NAN 7.415E-01 1.423E+00 3.000E+00
NAN NAN NAN 9.464E-02 1.059E-03 NAN 7.653E-01 1.428E+00 3.000E+00
NAN NAN NAN 9.464E-02 1.421E-03 NAN 8.085E-01 1.436E+00 3.000E+00
NAN NAN NAN 9.464E-02 2.086E-03 NAN 8.880E-01 1.451E+00 3.000E+00
NAN NAN NAN 9.464E-02 3.305E-03 NAN 1.000E+00 1.479E+00 3.000E+00
NAN NAN NAN 9.464E-02 5.538E-03 NAN 1.000E+00 1.530E+00 0.000E+00
NAN NAN NAN 1.197E-01 6.232E-04 NAN 7.739E-01 1.418E+00 3.000E+00
NAN NAN NAN 1.197E-01 6.232E-04 NAN 7.739E-01 1.418E+00 3.000E+00
NAN NAN NAN 1.197E-01 6.233E-04 NAN 7.739E-01 1.418E+00 3.000E+00
NAN NAN NAN 1.197E-01 6.234E-04 NAN 7.739E-01 1.418E+00 3.000E+00
NAN NAN NAN 1.197E-01 6.237E-04 NAN 7.739E-01 1.418E+00 3.000E+00
NAN NAN NAN 1.197E-01 6.241E-04 NAN 7.740E-01 1.418E+00 3.000E+00
NAN NAN NAN 1.197E-01 6.250E-04 NAN 7.741E-01 1.418E+00 3.000E+00
NAN NAN NAN 1.197E-01 6.265E-04 NAN 7.743E-01 1.418E+00 3.000E+00
NAN NAN NAN 1.197E-01 6.294E-04 NAN 7.746E-01 1.418E+00 3.000E+00
NAN NAN NAN 1.197E-01 6.346E-04 NAN 7.752E-01 1.419E+00 3.000E+00
NAN NAN NAN 1.197E-01 6.442E-04 NAN 7.764E-01 1.419E+00 3.000E+00
NAN NAN NAN 1.197E-01 6.617E-04 NAN 7.785E-01 1.419E+00 3.000E+00
NAN NAN NAN 1.197E-01 6.938E-04 NAN 7.823E-01 1.420E+00 3.000E+00
NAN NAN NAN 1.197E-01 7.527E-04 NAN 7.893E-01 1.421E+00 3.000E+00
NAN NAN NAN 1.197E-01 8.607E-04 NAN 8.022E-01 1.424E+00 3.000E+00
NAN NAN NAN 1.197E-01 1.059E-03 NAN 8.259E-01 1.428E+00 3.000E+00
NAN NAN NAN 1.197E-01 1.421E-03 NAN 8.692E-01 1.437E+00 3.000E+00
NAN NAN NAN 1.197E-01 2.086E-03 NAN 9.486E-01 1.452E+00 3.000E+00
NAN NAN NAN 1.197E-01 3.305E-03 NAN 1.000E+00 1.480E+00 3.000E+00
NAN NAN NAN 1.197E-01 5.538E-03 NAN 1.000E+00 1.531E+00 3.000E+00
NAN NAN NAN 1.514E-01 6.232E-04 NAN 8.389E-01 1.419E+00 3.000E+00
NAN NAN NAN 1.514E-01 6.232E-04 NAN 8.389E-01 1.419E+00 3.000E+00
NAN NAN NAN 1.514E-01 6.233E-04 NAN 8.389E-01 1.419E+00 3.000E+00
NAN NAN NAN 1.514E-01 6.234E-04 NAN 8.390E-01 1.419E+00 3.000E+00
NAN NAN NAN 1.514E-01 6.237E-04 NAN 8.390E-01 1.419E+00 3.000E+00
NAN NAN NAN 1.514E-01 6.241E-04 NAN 8.390E-01 1.419E+00 3.000E+00
NAN NAN NAN 1.514E-01 6.250E-04 NAN 8.391E-01 1.419E+00 3.000E+00
NAN NAN NAN 1.514E-01 6.265E-04 NAN 8.393E-01 1.419E+00 3.000E+00
NAN NAN NAN 1.514E-01 6.294E-04 NAN 8.397E-01 1.419E+00 3.000E+00
NAN NAN NAN 1.514E-01 6.346E-04 NAN 8.403E-01 1.419E+00 3.000E+00
NAN NAN NAN 1.514E-01 6.442E-04 NAN 8.414E-01 1.419E+00 3.000E+00
NAN NAN NAN 1.514E-01 6.617E-04 NAN 8.435E-01 1.420E+00 3.000E+00
NAN NAN NAN 1.514E-01 6.938E-04 NAN 8.472E-01 1.421E+00 3.000E+00
NAN NAN NAN 1.514E-01 7.527E-04 NAN 8.542E-01 1.422E+00 3.000E+00
NAN NAN NAN 1.514E-01 8.607E-04 NAN 8.669E-01 1.424E+00 3.000E+00
NAN NAN NAN 1.514E-01 1.059E-03 NAN 8.902E-01 1.429E+00 3.000E+00
NAN NAN NAN 1.514E-01 1.421E-03 NAN 9.327E-01 1.437E+00 3.000E+00
NAN NAN NAN 1.514E-01 2.086E-03 NAN 1.000E+00 1.453E+00 3.000E+00
NAN NAN NAN 1.514E-01 3.305E-03 NAN 1.000E+00 1.481E+00 3.000E+00
NAN NAN NAN 1.514E-01 5.538E-03 NAN 1.000E+00 1.562E+00 3.000E+00
NAN NAN NAN 1.915E-01 6.232E-04 NAN 9.066E-01 1.487E+00 3.000E+00
NAN NAN NAN 1.915E-01 6.232E-04 NAN 9.066E-01 1.487E+00 3.000E+00
NAN NAN NAN 1.915E-01 6.233E-04 NAN 9.067E-01 1.487E+00 3.000E+00
NAN NAN NAN 1.915E-01 6.234E-04 NAN 9.067E-01 1.487E+00 3.000E+00
NAN NAN NAN 1.915E-01 6.237E-04 NAN 9.067E-01 1.487E+00 3.000E+00
NAN NAN NAN 1.915E-01 6.241E-04 NAN 9.068E-01 1.487E+00 3.000E+00
NAN NAN NAN 1.915E-01 6.250E-04 NAN 9.069E-01 1.487E+00 3.000E+00
NAN NAN NAN 1.915E-01 6.265E-04 NAN 9.070E-01 1.487E+00 3.000E+00
NAN NAN NAN 1.915E-01 6.294E-04 NAN 9.074E-01 1.487E+00 3.000E+00
NAN NAN NAN 1.915E-01 6.346E-04 NAN 9.080E-01 1.488E+00 3.000E+00
NAN NAN NAN 1.915E-01 6.442E-04 NAN 9.090E-01 1.488E+00 3.000E+00
NAN NAN NAN 1.915E-01 6.617E-04 NAN 9.110E-01 1.489E+00 3.000E+00
NAN NAN NAN 1.915E-01 6.938E-04 NAN 9.147E-01 1.490E+00 3.000E+00
NAN NAN NAN 1.915E-01 7.527E-04 NAN 9.214E-01 1.493E+00 3.000E+00
NAN NAN NAN 1.915E-01 8.607E-04 NAN 9.337E-01 1.497E+00 3.000E+00
NAN NAN NAN 1.915E-01 1.059E-03 NAN 9.563E-01 1.506E+00 3.000E+00
NAN NAN NAN 1.915E-01 1.421E-03 NAN 9.973E-01 1.521E+00 3.000E+00
NAN NAN NAN 1.915E-01 2.086E-03 NAN 1.000E+00 1.552E+00 3.000E+00
NAN NAN NAN 1.915E-01 3.305E-03 NAN 1.000E+00 1.615E+00 3.000E+00
NAN NAN NAN 1.915E-01 5.538E-03 NAN 1.000E+00 1.760E+00 3.000E+00
NAN NAN NAN 2.422E-01 6.232E-04 NAN 9.752E-01 1.728E+00 3.000E+00
NAN NAN NAN 2.422E-01 6.232E-04 NAN 9.752E-01 1.728E+00 3.000E+00
NAN NAN NAN 2.422E-01 6.233E-04 NAN 9.752E-01 1.728E+00 3.000E+00
NAN NAN NAN 2.422E-01 6.234E-04 NAN 9.752E-01 1.728E+00 3.000E+00
NAN NAN NAN 2.422E-01 6.237E-04 NAN 9.753E-01 1.728E+00 3.000E+00
NAN NAN NAN 2.422E-01 6.241E-04 NAN 9.753E-01 1.728E+00 3.000E+00
NAN NAN NAN 2.422E-01 6.250E-04 NAN 9.754E-01 1.728E+00 3.000E+00
NAN NAN NAN 2.422E-01 6.265E-04 NAN 9.756E-01 1.728E+00 3.000E+00
NAN NAN NAN 2.422E-01 6.294E-04 NAN 9.759E-01 1.728E+00 3.000E+00
NAN NAN NAN 2.422E-01 6.346E-04 NAN 9.765E-01 1.728E+00 3.000E+00
NAN NAN NAN 2.422E-01 6.442E-04 NAN 9.775E-01 1.729E+00 3.000E+00
NAN NAN NAN 2.422E-01 6.617E-04 NAN 9.794E-01 1.730E+00 3.000E+00
NAN NAN NAN 2.422E-01 6.938E-04 NAN 9.829E-01 1.731E+00 3.000E+00
NAN NAN NAN 2.422E-01 7.527E-04 NAN 9.893E-01 1.734E+00 3.000E+00
NAN NAN NAN 2.422E-01 8.607E-04 NAN 1.000E+00 1.739E+00 3.000E+00
NAN NAN NAN 2.422E-01 1.059E-03 NAN 1.000E+00 1.749E+00 3.000E+00
NAN NAN NAN 2.422E-01 1.421E-03 NAN 1.000E+00 1.767E+00 3.000E+00
NAN NAN NAN 2.422E-01 2.086E-03 NAN 1.000E+00 1.800E+00 3.000E+00
NAN NAN NAN 2.422E-01 3.305E-03 NAN 1.000E+00 1.868E+00 3.000E+00
NAN NAN NAN 2.422E-01 5.538E-03 NAN 1.000E+00 2.012E+00 3.000E+00
NAN NAN NAN 3.064E-01 6.232E-04 NAN 1.000E+00 2.040E+00 3.000E+00
NAN NAN NAN 3.064E-01 6.232E-04 NAN 1.000E+00 2.040E+00 3.000E+00
NAN NAN NAN 3.064E-01 6.233E-04 NAN 1.000E+00 2.040E+00 3.000E+00
NAN NAN NAN 3.064E-01 6.234E-04 NAN 1.000E+00 2.040E+00 3.000E+00
NAN NAN NAN 3.064E-01 6.237E-04 NAN 1.000E+00 2.041E+00 3.000E+00
NAN NAN NAN 3.064E-01 6.241E-04 NAN 1.000E+00 2.041E+00 3.000E+00
NAN NAN NAN 3.064E-01 6.250E-04 NAN 1.000E+00 2.041E+00 3.000E+00
NAN NAN NAN 3.064E-01 6.265E-04 NAN 1.000E+00 2.041E+00 3.000E+00
NAN NAN NAN 3.064E-01 6.294E-04 NAN 1.000E+00 2.041E+00 3.000E+00
NAN NAN NAN 3.064E-01 6.346E-04 NAN 1.000E+00 2.041E+00 3.000E+00
NAN NAN NAN 3.064E-01 6.442E-04 NAN 1.000E+00 2.042E+00 3.000E+00
NAN NAN NAN 3.064E-01 6.617E-04 NAN 1.000E+00 2.042E+00 3.000E+00
NAN NAN NAN 3.064E-01 6.938E-04 NAN 1.000E+00 2.044E+00 3.000E+00
NAN NAN NAN 3.064E-01 7.527E-04 NAN 1.000E+00 2.047E+00 3.000E+00
NAN NAN NAN 3.064E-01 8.607E-04 NAN 1.000E+00 2.052E+00 3.000E+00
NAN NAN NAN 3.064E-01 1.059E-03 NAN 1.000E+00 2.062E+00 3.000E+00
NAN NAN NAN 3.064E-01 1.421E-03 NAN 1.000E+00 2.082E+00 3.000E+00
NAN NAN NAN 3.064E-01 2.086E-03 NAN 1.000E+00 2.118E+00 3.000E+00
NAN NAN NAN 3.064E-01 3.305E-03 NAN 1.000E+00 2.188E+00 3.000E+00
NAN NAN NAN 3.064E-01 5.538E-03 NAN 1.000E+00 2.333E+00 3.000E+00
NAN NAN NAN 3.875E-01 6.232E-04 NAN 1.000E+00 2.440E+00 3.000E+00
NAN NAN NAN 3.875E-01 6.232E-04 NAN 1.000E+00 2.440E+00 3.000E+00
NAN NAN NAN 3.875E-01 6.233E-04 NAN 1.000E+00 2.440E+00 3.000E+00
NAN NAN NAN 3.875E-01 6.234E-04 NAN 1.000E+00 2.440E+00 3.000E+00
NAN NAN NAN 3.875E-01 6.237E-04 NAN 1.000E+00 2.440E+00 3.000E+00
NAN NAN NAN 3.875E-01 6.241E-04 NAN 1.000E+00 2.440E+00 3.000E+00
NAN NAN NAN 3.875E-01 6.250E-04 NAN 1.000E+00 2.440E+00 3.000E+00
NAN NAN NAN 3.875E-01 6.265E-04 NAN 1.000E+00 2.440E+00 3.000E+00
NAN NAN NAN 3.875E-01 6.294E-04 NAN 1.000E+00 2.440E+00 3.000E+00
NAN NAN NAN 3.875E-01 6.346E-04 NAN 1.000E+00 2.440E+00 3.000E+00
NAN NAN NAN 3.875E-01 6.442E-04 NAN 1.000E+00 2.441E+00 3.000E+00
NAN NAN NAN 3.875E-01 6.617E-04 NAN 1.000E+00 2.442E+00 3.000E+00
NAN NAN NAN 3.875E-01 6.938E-04 NAN 1.000E+00 2.444E+00 3.000E+00
NAN NAN NAN 3.875E-01 7.527E-04 NAN 1.000E+00 2.447E+00 3.000E+00
NAN NAN NAN 3.875E-01 8.607E-04 NAN 1.000E+00 2.453E+00 3.000E+00
NAN NAN NAN 3.875E-01 1.059E-03 NAN 1.000E+00 2.463E+00 3.000E+00
NAN NAN NAN 3.875E-01 1.421E-03 NAN 1.000E+00 2.483E+00 3.000E+00
NAN NAN NAN 3.875E-01 2.086E-03 NAN 1.000E+00 2.520E+00 3.000E+00
NAN NAN NAN 3.875E-01 3.305E-03 NAN 1.000E+00 2.593E+00 3.000E+00
NAN NAN NAN 3.875E-01 5.538E-03 NAN 1.000E+00 2.738E+00 3.000E+00
NAN NAN NAN 4.902E-01 6.232E-04 NAN 1.000E+00 2.948E+00 3.000E+00
NAN NAN NAN 4.902E-01 6.232E-04 NAN 1.000E+00 2.948E+00 3.000E+00
NAN NAN NAN 4.902E-01 6.233E-04 NAN 1.000E+00 2.948E+00 3.000E+00
NAN NAN NAN 4.902E-01 6.234E-04 NAN 1.000E+00 2.948E+00 3.000E+00
NAN NAN NAN 4.902E-01 6.237E-04 NAN 1.000E+00 2.948E+00 3.000E+00
NAN NAN NAN 4.902E-01 6.241E-04 NAN 1.000E+00 2.948E+00 3.000E+00
NAN NAN NAN 4.902E-01 6.250E-04 NAN 1.000E+00 2.948E+00 3.000E+00
NAN NAN NAN 4.902E-01 6.265E-04 NAN 1.000E+00 2.948E+00 3.000E+00
NAN NAN NAN 4.902E-01 6.294E-04 NAN 1.000E+00 2.949E+00 3.000E+00
NAN NAN NAN 4.902E-01 6.346E-04 NAN 1.000E+00 2.949E+00 3.000E+00
NAN NAN NAN 4.902E-01 6.442E-04 NAN 1.000E+00 2.949E+00 3.000E+00
NAN NAN NAN 4.902E-01 6.617E-04 NAN 1.000E+00 2.950E+00 3.000E+00
NAN NAN NAN 4.902E-01 6.938E-04 NAN 1.000E+00 2.952E+00 3.000E+00
NAN NAN NAN 4.902E-01 7.527E-04 NAN 1.000E+00 2.955E+00 3.000E+00
NAN NAN NAN 4.902E-01 8.607E-04 NAN 1.000E+00 2.961E+00 3.000E+00
NAN NAN NAN 4.902E-01 1.059E-03 NAN 1.000E+00 2.972E+00 3.000E+00
NAN NAN NAN 4.902E-01 1.421E-03 NAN 1.000E+00 2.993E+00 3.000E+00
NAN NAN NAN 4.902E-01 2.086E-03 NAN 1.000E+00 3.033E+00 3.000E+00
NAN NAN NAN 4.902E-01 3.305E-03 NAN 1.000E+00 3.106E+00 3.000E+00
NAN NAN NAN 4.902E-01 5.538E-03 NAN 1.000E+00 3.251E+00 3.000E+00
NAN NAN NAN 6.200E-01 6.232E-04 NAN 1.000E+00 3.594E+00 3.000E+00
NAN NAN NAN 6.200E-01 6.232E-04 NAN 1.000E+00 3.594E+00 3.000E+00
NAN NAN NAN 6.200E-01 6.233E-04 NAN 1.000E+00 3.594E+00 3.000E+00
NAN NAN NAN 6.200E-01 6.234E-04 NAN 1.000E+00 3.594E+00 3.000E+00
NAN NAN NAN 6.200E-01 6.237E-04 NAN 1.000E+00 3.594E+00 3.000E+00
NAN NAN NAN 6.200E-01 6.241E-04 NAN 1.000E+00 3.594E+00 3.000E+00
NAN NAN NAN 6.200E-01 6.250E-04 NAN 1.000E+00 3.594E+00 3.000E+00
NAN NAN NAN 6.200E-01 6.265E-04 NAN 1.000E+00 3.594E+00 3.000E+00
NAN NAN NAN 6.200E-01 6.294E-04 NAN 1.000E+00 3.594E+00 3.000E+00
NAN NAN NAN 6.200E-01 6.346E-04 NAN 1.000E+00 3.594E+00 3.000E+00
NAN NAN NAN 6.200E-01 6.442E-04 NAN 1.000E+00 3.595E+00 3.000E+00
NAN NAN NAN 6.200E-01 6.617E-04 NAN 1.000E+00 3.596E+00 3.000E+00
NAN NAN NAN 6.200E-01 6.938E-04 NAN 1.000E+00 3.598E+00 3.000E+00
NAN NAN NAN 6.200E-01 7.527E-04 NAN 1.000E+00 3.601E+00 3.000E+00
NAN NAN NAN 6.200E-01 8.607E-04 NAN 1.000E+00 3.608E+00 3.000E+00
NAN NAN NAN 6.200E-01 1.059E-03 NAN 1.000E+00 3.620E+00 3.000E+00
NAN NAN NAN 6.200E-01 1.421E-03 NAN 1.000E+00 3.641E+00 3.000E+00
NAN NAN NAN 6.200E-01 2.086E-03 NAN 1.000E+00 3.681E+00 3.000E+00
NAN NAN NAN 6.200E-01 3.305E-03 NAN 1.000E+00 3.755E+00 3.000E+00
NAN NAN NAN 6.200E-01 5.538E-03 NAN 1.000E+00 3.900E+00 3.000E+00
NAN NAN NAN 7.842E-01 6.232E-04 NAN 1.000E+00 4.414E+00 3.000E+00
NAN NAN NAN 7.842E-01 6.232E-04 NAN 1.000E+00 4.414E+00 3.000E+00
NAN NAN NAN 7.842E-01 6.233E-04 NAN 1.000E+00 4.414E+00 3.000E+00
NAN NAN NAN 7.842E-01 6.234E-04 NAN 1.000E+00 4.414E+00 3.000E+00
NAN NAN NAN 7.842E-01 6.237E-04 NAN 1.000E+00 4.414E+00 3.000E+00
NAN NAN NAN 7.842E-01 6.241E-04 NAN 1.000E+00 4.414E+00 3.000E+00
NAN NAN NAN 7.842E-01 6.250E-04 NAN 1.000E+00 4.414E+00 3.000E+00
NAN NAN NAN 7.842E-01 6.265E-04 NAN 1.000E+00 4.414E+00 3.000E+00
NAN NAN NAN 7.842E-01 6.294E-04 NAN 1.000E+00 4.414E+00 3.000E+00
NAN NAN NAN 7.842E-01 6.346E-04 NAN 1.000E+00 4.414E+00 3.000E+00
NAN NAN NAN 7.842E-01 6.442E-04 NAN 1.000E+00 4.415E+00 3.000E+00
NAN NAN NAN 7.842E-01 6.617E-04 NAN 1.000E+00 4.416E+00 3.000E+00
NAN NAN NAN 7.842E-01 6.938E-04 NAN 1.000E+00 4.418E+00 3.000E+00
NAN NAN NAN 7.842E-01 7.527E-04 NAN 1.000E+00 4.421E+00 3.000E+00
NAN NAN NAN 7.842E-01 8.607E-04 NAN 1.000E+00 4.428E+00 3.000E+00
NAN NAN NAN 7.842E-01 1.059E-03 NAN 1.000E+00 4.440E+00 3.000E+00
NAN NAN NAN 7.842E-01 1.421E-03 NAN 1.000E+00 4.461E+00 3.000E+00
NAN NAN NAN 7.842E-01 2.086E-03 NAN 1.000E+00 4.501E+00 3.000E+00
NAN NAN NAN 7.842E-01 3.305E-03 NAN 1.000E+00 4.577E+00 3.000E+00
NAN NAN NAN 7.842E-01 5.538E-03 NAN 1.000E+00 4.722E+00 3.000E+00
NAN NAN NAN 9.919E-01 6.232E-04 NAN 1.000E+00 5.451E+00 3.000E+00
NAN NAN NAN 9.919E-01 6.232E-04 NAN 1.000E+00 5.451E+00 3.000E+00
NAN NAN NAN 9.919E-01 6.233E-04 NAN 1.000E+00 5.451E+00 3.000E+00
NAN NAN NAN 9.919E-01 6.234E-04 NAN 1.000E+00 5.451E+00 3.000E+00
NAN NAN NAN 9.919E-01 6.237E-04 NAN 1.000E+00 5.451E+00 3.000E+00
NAN NAN NAN 9.919E-01 6.241E-04 NAN 1.000E+00 5.451E+00 3.000E+00
NAN NAN NAN 9.919E-01 6.250E-04 NAN 1.000E+00 5.451E+00 3.000E+00
NAN NAN NAN 9.919E-01 6.265E-04 NAN 1.000E+00 5.451E+00 3.000E+00
NAN NAN NAN 9.919E-01 6.294E-04 NAN 1.000E+00 5.451E+00 3.000E+00
NAN NAN NAN 9.919E-01 6.346E-04 NAN 1.000E+00 5.452E+00 3.000E+00
NAN NAN NAN 9.919E-01 6.442E-04 NAN 1.000E+00 5.452E+00 3.000E+00
NAN NAN NAN 9.919E-01 6.617E-04 NAN 1.000E+00 5.453E+00 3.000E+00
NAN NAN NAN 9.919E-01 6.938E-04 NAN 1.000E+00 5.455E+00 3.000E+00
NAN NAN NAN 9.919E-01 7.527E-04 NAN 1.000E+00 5.459E+00 3.000E+00
NAN NAN NAN 9.919E-01 8.607E-04 NAN 1.000E+00 5.465E+00 3.000E+00
NAN NAN NAN 9.919E-01 1.059E-03 NAN 1.000E+00 5.477E+00 3.000E+00
NAN NAN NAN 9.919E-01 1.421E-03 NAN 1.000E+00 5.499E+00 3.000E+00
NAN NAN NAN 9.919E-01 2.086E-03 NAN 1.000E+00 5.539E+00 3.000E+00
NAN NAN NAN 9.919E-01 3.305E-03 NAN 1.000E+00 5.616E+00 3.000E+00
NAN NAN NAN 9.919E-01 5.538E-03 NAN 1.000E+00 5.762E+00 3.000E+00
NAN NAN NAN 1.255E+00 6.232E-04 NAN 1.000E+00 6.765E+00 3.000E+00
NAN NAN NAN 1.255E+00 6.232E-04 NAN 1.000E+00 6.765E+00 3.000E+00
NAN NAN NAN 1.255E+00 6.233E-04 NAN 1.000E+00 6.765E+00 3.000E+00
NAN NAN NAN 1.255E+00 6.234E-04 NAN 1.000E+00 6.765E+00 3.000E+00
NAN NAN NAN 1.255E+00 6.237E-04 NAN 1.000E+00 6.765E+00 3.000E+00
NAN NAN NAN 1.255E+00 6.241E-04 NAN 1.000E+00 6.765E+00 3.000E+00
NAN NAN NAN 1.255E+00 6.250E-04 NAN 1.000E+00 6.765E+00 3.000E+00
NAN NAN NAN 1.255E+00 6.265E-04 NAN 1.000E+00 6.765E+00 3.000E+00
NAN NAN NAN 1.255E+00 6.294E-04 NAN 1.000E+00 6.765E+00 3.000E+00
NAN NAN NAN 1.255E+00 6.346E-04 NAN 1.000E+00 6.766E+00 3.000E+00
NAN NAN NAN 1.255E+00 6.442E-04 NAN 1.000E+00 6.766E+00 3.000E+00
NAN NAN NAN 1.255E+00 6.617E-04 NAN 1.000E+00 6.767E+00 3.000E+00
NAN NAN NAN 1.255E+00 6.938E-04 NAN 1.000E+00 6.769E+00 3.000E+00
NAN NAN NAN 1.255E+00 7.527E-04 NAN 1.000E+00 6.773E+00 3.000E+00
NAN NAN NAN 1.255E+00 8.607E-04 NAN 1.000E+00 6.779E+00 3.000E+00
NAN NAN NAN 1.255E+00 1.059E-03 NAN 1.000E+00 6.791E+00 3.000E+00
NAN NAN NAN 1.255E+00 1.421E-03 NAN 1.000E+00 6.813E+00 3.000E+00
NAN NAN NAN 1.255E+00 2.086E-03 NAN 1.000E+00 6.854E+00 3.000E+00
NAN NAN NAN 1.255E+00 3.305E-03 NAN 1.000E+00 6.933E+00 3.000E+00
NAN NAN NAN 1.255E+00 5.538E-03 NAN 1.000E+00 7.078E+00 1.000E+00
NAN NAN NAN 1.587E+00 6.232E-04 NAN 1.000E+00 8.423E+00 3.000E+00
NAN NAN NAN 1.587E+00 6.232E-04 NAN 1.000E+00 8.423E+00 3.000E+00
NAN NAN NAN 1.587E+00 6.233E-04 NAN 1.000E+00 8.423E+00 3.000E+00
NAN NAN NAN 1.587E+00 6.234E-04 NAN 1.000E+00 8.423E+00 3.000E+00
NAN NAN NAN 1.587E+00 6.237E-04 NAN 1.000E+00 8.423E+00 3.000E+00
NAN NAN NAN 1.587E+00 6.241E-04 NAN 1.000E+00 8.423E+00 3.000E+00
NAN NAN NAN 1.587E+00 6.250E-04 NAN 1.000E+00 8.423E+00 3.000E+00
NAN NAN NAN 1.587E+00 6.265E-04 NAN 1.000E+00 8.423E+00 3.000E+00
NAN NAN NAN 1.587E+00 6.294E-04 NAN 1.000E+00 8.423E+00 3.000E+00
NAN NAN NAN 1.587E+00 6.346E-04 NAN 1.000E+00 8.424E+00 3.000E+00
NAN NAN NAN 1.587E+00 6.442E-04 NAN 1.000E+00 8.424E+00 3.000E+00
NAN NAN NAN 1.587E+00 6.617E-04 NAN 1.000E+00 8.425E+00 3.000E+00
NAN NAN NAN 1.587E+00 6.938E-04 NAN 1.000E+00 8.427E+00 3.000E+00
NAN NAN NAN 1.587E+00 7.527E-04 NAN 1.000E+00 8.431E+00 3.000E+00
NAN NAN NAN 1.587E+00 8.607E-04 NAN 1.000E+00 8.437E+00 3.000E+00
NAN NAN NAN 1.587E+00 1.059E-03 NAN 1.000E+00 8.449E+00 3.000E+00
NAN NAN NAN 1.587E+00 1.421E-03 NAN 1.000E+00 8.472E+00 3.000E+00
NAN NAN NAN 1.587E+00 2.086E-03 NAN 1.000E+00 8.516E+00 3.000E+00
NAN NAN NAN 1.587E+00 3.305E-03 NAN 1.000E+00 8.595E+00 3.000E+00
NAN NAN NAN 1.587E+00 5.538E-03 NAN 1.000E+00 8.740E+00 1.000E+00
NAN NAN NAN 2.007E+00 6.232E-04 NAN 1.000E+00 1.052E+01 3.000E+00
NAN NAN NAN 2.007E+00 6.232E-04 NAN 1.000E+00 1.052E+01 3.000E+00
NAN NAN NAN 2.007E+00 6.233E-04 NAN 1.000E+00 1.052E+01 3.000E+00
NAN NAN NAN 2.007E+00 6.234E-04 NAN 1.000E+00 1.052E+01 3.000E+00
NAN NAN NAN 2.007E+00 6.237E-04 NAN 1.000E+00 1.052E+01 3.000E+00
NAN NAN NAN 2.007E+00 6.241E-04 NAN 1.000E+00 1.052E+01 3.000E+00
NAN NAN NAN 2.007E+00 6.250E-04 NAN 1.000E+00 1.052E+01 3.000E+00
NAN NAN NAN 2.007E+00 6.265E-04 NAN 1.000E+00 1.052E+01 3.000E+00
NAN NAN NAN 2.007E+00 6.294E-04 NAN 1.000E+00 1.052E+01 3.000E+00
NAN NAN NAN 2.007E+00 6.346E-04 NAN 1.000E+00 1.052E+01 3.000E+00
NAN NAN NAN 2.007E+00 6.442E-04 NAN 1.000E+00 1.052E+01 3.000E+00
NAN NAN NAN 2.007E+00 6.617E-04 NAN 1.000E+00 1.053E+01 3.000E+00
NAN NAN NAN 2.007E+00 6.938E-04 NAN 1.000E+00 1.053E+01 3.000E+00
NAN NAN NAN 2.007E+00 7.527E-04 NAN 1.000E+00 1.053E+01 3.000E+00
NAN NAN NAN 2.007E+00 8.607E-04 NAN 1.000E+00 1.054E+01 3.000E+00
NAN NAN NAN 2.007E+00 1.059E-03 NAN 1.000E+00 1.055E+01 3.000E+00
NAN NAN NAN 2.007E+00 1.421E-03 NAN 1.000E+00 1.057E+01 3.000E+00
NAN NAN NAN 2.007E+00 2.086E-03 NAN 1.000E+00 1.062E+01 3.000E+00
NAN NAN NAN 2.007E+00 3.305E-03 NAN 1.000E+00 1.070E+01 3.000E+00
NAN NAN NAN 2.007E+00 5.538E-03 NAN 1.000E+00 1.084E+01 1.000E+00
NAN NAN NAN 2.539E+00 6.232E-04 NAN 1.000E+00 1.319E+01 3.000E+00
NAN NAN NAN 2.539E+00 6.232E-04 NAN 1.000E+00 1.319E+01 3.000E+00
NAN NAN NAN 2.539E+00 6.233E-04 NAN 1.000E+00 1.319E+01 3.000E+00
NAN NAN NAN 2.539E+00 6.234E-04 NAN 1.000E+00 1.319E+01 3.000E+00
NAN NAN NAN 2.539E+00 6.237E-04 NAN 1.000E+00 1.319E+01 3.000E+00
NAN NAN NAN 2.539E+00 6.241E-04 NAN 1.000E+00 1.319E+01 3.000E+00
NAN NAN NAN 2.539E+00 6.250E-04 NAN 1.000E+00 1.319E+01 3.000E+00
NAN NAN NAN 2.539E+00 6.265E-04 NAN 1.000E+00 1.319E+01 3.000E+00
NAN NAN NAN 2.539E+00 6.294E-04 NAN 1.000E+00 1.319E+01 3.000E+00
NAN NAN NAN 2.539E+00 6.346E-04 NAN 1.000E+00 1.319E+01 3.000E+00
NAN NAN NAN 2.539E+00 6.442E-04 NAN 1.000E+00 1.319E+01 3.000E+00
NAN NAN NAN 2.539E+00 6.617E-04 NAN 1.000E+00 1.319E+01 3.000E+00
NAN NAN NAN 2.539E+00 6.938E-04 NAN 1.000E+00 1.319E+01 3.000E+00
NAN NAN NAN 2.539E+00 7.527E-04 NAN 1.000E+00 1.319E+01 3.000E+00
NAN NAN NAN 2.539E+00 8.607E-04 NAN 1.000E+00 1.320E+01 3.000E+00
NAN NAN NAN 2.539E+00 1.059E-03 NAN 1.000E+00 1.321E+01 3.000E+00
NAN NAN NAN 2.539E+00 1.421E-03 NAN 1.000E+00 1.324E+01 3.000E+00
NAN NAN NAN 2.539E+00 2.086E-03 NAN 1.000E+00 1.328E+01 3.000E+00
NAN NAN NAN 2.539E+00 3.305E-03 NAN 1.000E+00 1.336E+01 1.000E+00
NAN NAN NAN 2.539E+00 5.538E-03 NAN 1.000E+00 1.351E+01 1.000E+00
NAN NAN NAN 3.211E+00 6.232E-04 NAN 1.000E+00 1.655E+01 3.000E+00
NAN NAN NAN 3.211E+00 6.232E-04 NAN 1.000E+00 1.655E+01 3.000E+00
NAN NAN NAN 3.211E+00 6.233E-04 NAN 1.000E+00 1.655E+01 3.000E+00
NAN NAN NAN 3.211E+00 6.234E-04 NAN 1.000E+00 1.655E+01 3.000E+00
NAN NAN NAN 3.211E+00 6.237E-04 NAN 1.000E+00 1.655E+01 3.000E+00
NAN NAN NAN 3.211E+00 6.241E-04 NAN 1.000E+00 1.655E+01 3.000E+00
NAN NAN NAN 3.211E+00 6.250E-04 NAN 1.000E+00 1.655E+01 3.000E+00
NAN NAN NAN 3.211E+00 6.265E-04 NAN 1.000E+00 1.655E+01 3.000E+00
NAN NAN NAN 3.211E+00 6.294E-04 NAN 1.000E+00 1.655E+01 3.000E+00
NAN NAN NAN 3.211E+00 6.346E-04 NAN 1.000E+00 1.655E+01 3.000E+00
NAN NAN NAN 3.211E+00 6.442E-04 NAN 1.000E+00 1.655E+01 3.000E+00
NAN NAN NAN 3.211E+00 6.617E-04 NAN 1.000E+00 1.655E+01 3.000E+00
NAN NAN NAN 3.211E+00 6.938E-04 NAN 1.000E+00 1.655E+01 3.000E+00
NAN NAN NAN 3.211E+00 7.527E-04 NAN 1.000E+00 1.656E+01 3.000E+00
NAN NAN NAN 3.211E+00 8.607E-04 NAN 1.000E+00 1.656E+01 3.000E+00
NAN NAN NAN 3.211E+00 1.059E-03 NAN 1.000E+00 1.658E+01 3.000E+00
NAN NAN NAN 3.211E+00 1.421E-03 NAN 1.000E+00 1.660E+01 1.000E+00
NAN NAN NAN 3.211E+00 2.086E-03 NAN 1.000E+00 1.664E+01 1.000E+00
NAN NAN NAN 3.211E+00 3.305E-03 NAN 1.000E+00 1.672E+01 1.000E+00
NAN NAN NAN 3.211E+00 5.538E-03 NAN 1.000E+00 1.687E+01 1.000E+00
NAN NAN NAN 4.062E+00 6.232E-04 NAN 1.000E+00 2.081E+01 1.000E+00
NAN NAN NAN 4.062E+00 6.232E-04 NAN 1.000E+00 2.081E+01 1.000E+00
NAN NAN NAN 4.062E+00 6.233E-04 NAN 1.000E+00 2.081E+01 1.000E+00
NAN NAN NAN 4.062E+00 6.234E-04 NAN 1.000E+00 2.081E+01 1.000E+00
NAN NAN NAN 4.062E+00 6.237E-04 NAN 1.000E+00 2.081E+01 1.000E+00
NAN NAN NAN 4.062E+00 6.241E-04 NAN 1.000E+00 2.081E+01 1.000E+00
NAN NAN NAN 4.062E+00 6.250E-04 NAN 1.000E+00 2.081E+01 1.000E+00
NAN NAN NAN 4.062E+00 6.265E-04 NAN 1.000E+00 2.081E+01 1.000E+00
NAN NAN NAN 4.062E+00 6.294E-04 NAN 1.000E+00 2.081E+01 1.000E+00
NAN NAN NAN 4.062E+00 6.346E-04 NAN 1.000E+00 2.081E+01 1.000E+00
NAN NAN NAN 4.062E+00 6.442E-04 NAN 1.000E+00 2.081E+01 1.000E+00
NAN NAN NAN 4.062E+00 6.617E-04 NAN 1.000E+00 2.081E+01 1.000E+00
NAN NAN NAN 4.062E+00 6.938E-04 NAN 1.000E+00 2.081E+01 1.000E+00
NAN NAN NAN 4.062E+00 7.527E-04 NAN 1.000E+00 2.082E+01 1.000E+00
NAN NAN NAN 4.062E+00 8.607E-04 NAN 1.000E+00 2.082E+01 1.000E+00
NAN NAN NAN 4.062E+00 1.059E-03 NAN 1.000E+00 2.084E+01 1.000E+00
NAN NAN NAN 4.062E+00 1.421E-03 NAN 1.000E+00 2.086E+01 1.000E+00
NAN NAN NAN 4.062E+00 2.086E-03 NAN 1.000E+00 2.090E+01 1.000E+00
NAN NAN NAN 4.062E+00 3.305E-03 NAN 1.000E+00 2.098E+01 1.000E+00
NAN NAN NAN 4.062E+00 5.538E-03 NAN 1.000E+00 2.113E+01 1.000E+00
NAN NAN NAN 5.138E+00 6.232E-04 NAN 1.000E+00 2.619E+01 1.000E+00
NAN NAN NAN 5.138E+00 6.232E-04 NAN 1.000E+00 2.619E+01 1.000E+00
NAN NAN NAN 5.138E+00 6.233E-04 NAN 1.000E+00 2.619E+01 1.000E+00
NAN NAN NAN 5.138E+00 6.234E-04 NAN 1.000E+00 2.619E+01 1.000E+00
NAN NAN NAN 5.138E+00 6.237E-04 NAN 1.000E+00 2.619E+01 1.000E+00
NAN NAN NAN 5.138E+00 6.241E-04 NAN 1.000E+00 2.619E+01 1.000E+00
NAN NAN NAN 5.138E+00 6.250E-04 NAN 1.000E+00 2.619E+01 1.000E+00
NAN NAN NAN 5.138E+00 6.265E-04 NAN 1.000E+00 2.619E+01 1.000E+00
NAN NAN NAN 5.138E+00 6.294E-04 NAN 1.000E+00 2.619E+01 1.000E+00
NAN NAN NAN 5.138E+00 6.346E-04 NAN 1.000E+00 2.619E+01 1.000E+00
NAN NAN NAN 5.138E+00 6.442E-04 NAN 1.000E+00 2.620E+01 1.000E+00
NAN NAN NAN 5.138E+00 6.617E-04 NAN 1.000E+00 2.620E+01 1.000E+00
NAN NAN NAN 5.138E+00 6.938E-04 NAN 1.000E+00 2.620E+01 1.000E+00
NAN NAN NAN 5.138E+00 7.527E-04 NAN 1.000E+00 2.620E+01 1.000E+00
NAN NAN NAN 5.138E+00 8.607E-04 NAN 1.000E+00 2.621E+01 1.000E+00
NAN NAN NAN 5.138E+00 1.059E-03 NAN 1.000E+00 2.622E+01 1.000E+00
NAN NAN NAN 5.138E+00 1.421E-03 NAN 1.000E+00 2.625E+01 1.000E+00
NAN NAN NAN 5.138E+00 2.086E-03 NAN 1.000E+00 2.629E+01 1.000E+00
NAN NAN NAN 5.138E+00 3.305E-03 NAN 1.000E+00 2.637E+01 1.000E+00
NAN NAN NAN 5.138E+00 5.538E-03 NAN 1.000E+00 2.651E+01 1.000E+00
