7.480E+06 6.405E+02 3.277E+00 5.137E-05 3.937E-05 1.435E+03 9.181E-01 8.841E+01 2.000E+00
8.493E+06 6.405E+02 3.277E+00 5.137E-05 3.941E-05 1.435E+03 9.181E-01 8.841E+01 2.000E+00
1.132E+07 6.405E+02 3.277E+00 5.137E-05 3.948E-05 1.435E+03 9.181E-01 8.841E+01 2.000E+00
2.953E+07 6.405E+02 3.277E+00 5.137E-05 3.962E-05 1.438E+03 9.181E-01 8.841E+01 2.000E+00
2.602E+06 5.528E+02 3.432E+00 5.137E-05 3.987E-05 1.548E+03 9.181E-01 8.841E+01 2.000E+00
6.630E+06 5.528E+02 3.432E+00 5.137E-05 4.033E-05 1.548E+03 9.181E-01 8.841E+01 2.000E+00
2.114E+06 2.795E+02 4.035E+00 5.137E-05 4.118E-05 2.878E+03 9.181E-01 8.841E+01 2.000E+00
1.439E+06 8.655E+02 2.951E+00 5.137E-05 4.273E-05 1.267E+03 9.181E-01 8.841E+01 2.000E+00
2.390E+06 8.655E+02 2.951E+00 5.137E-05 4.558E-05 1.267E+03 9.181E-01 8.841E+01 2.000E+00
1.478E+07 8.092E+02 3.024E+00 5.137E-05 5.080E-05 1.299E+03 9.182E-01 8.841E+01 2.000E+00
2.425E+07 9.759E+02 2.822E+00 5.137E-05 6.036E-05 1.216E+03 9.182E-01 8.841E+01 2.000E+00
8.324E+06 5.444E+02 3.448E+00 5.137E-05 7.789E-05 1.561E+03 9.182E-01 8.841E+01 2.000E+00
1.179E+06 9.853E+02 2.812E+00 5.137E-05 1.100E-04 1.212E+03 9.184E-01 8.841E+01 2.000E+00
3.953E+06 8.322E+02 2.994E+00 5.137E-05 1.689E-04 1.285E+03 9.186E-01 8.841E+01 2.000E+00
1.718E+06 8.348E+02 2.991E+00 5.137E-05 2.769E-04 1.284E+03 9.190E-01 8.842E+01 2.000E+00
1.940E+07 9.452E+02 2.857E+00 5.137E-05 4.747E-04 1.229E+03 9.197E-01 8.842E+01 2.000E+00
1.938E+06 6.927E+02 3.194E+00 5.137E-05 8.375E-04 1.384E+03 9.210E-01 8.843E+01 2.000E+00
3.823E+06 6.146E+02 3.323E+00 5.137E-05 1.502E-03 1.464E+03 9.233E-01 8.844E+01 2.000E+00
1.368E+06 5.288E+02 3.483E+00 5.137E-05 2.721E-03 1.585E+03 9.277E-01 8.847E+01 2.000E+00
1.652E+06 8.060E+02 3.033E+00 5.137E-05 4.955E-03 1.302E+03 9.356E-01 8.852E+01 2.000E+00
1.073E+07 6.405E+02 3.277E+00 6.498E-05 3.937E-05 1.436E+03 9.181E-01 8.841E+01 2.000E+00
1.297E+07 6.405E+02 3.277E+00 6.498E-05 3.941E-05 1.435E+03 9.181E-01 8.841E+01 2.000E+00
2.110E+07 6.405E+02 3.277E+00 6.498E-05 3.948E-05 1.435E+03 9.181E-01 8.841E+01 2.000E+00
2.195E+06 5.528E+02 3.432E+00 6.498E-05 3.962E-05 1.548E+03 9.181E-01 8.841E+01 2.000E+00
3.016E+06 5.528E+02 3.432E+00 6.498E-05 3.987E-05 1.548E+03 9.181E-01 8.841E+01 2.000E+00
1.049E+07 5.528E+02 3.432E+00 6.498E-05 4.033E-05 1.548E+03 9.181E-01 8.841E+01 2.000E+00
1.698E+06 2.710E+02 4.055E+00 6.498E-05 4.118E-05 3.037E+03 9.181E-01 8.841E+01 2.000E+00
2.527E+06 3.425E+02 3.885E+00 6.498E-05 4.273E-05 2.213E+03 9.181E-01 8.841E+01 2.000E+00
2.450E+06 8.655E+02 2.951E+00 6.498E-05 4.558E-05 1.267E+03 9.182E-01 8.841E+01 2.000E+00
2.014E+07 8.092E+02 3.024E+00 6.498E-05 5.080E-05 1.299E+03 9.182E-01 8.841E+01 2.000E+00
2.544E+07 9.759E+02 2.822E+00 6.498E-05 6.036E-05 1.216E+03 9.182E-01 8.841E+01 2.000E+00
1.596E+07 5.444E+02 3.448E+00 6.498E-05 7.789E-05 1.561E+03 9.183E-01 8.841E+01 2.000E+00
1.180E+06 9.853E+02 2.812E+00 6.498E-05 1.100E-04 1.213E+03 9.184E-01 8.841E+01 2.000E+00
4.191E+06 8.322E+02 2.994E+00 6.498E-05 1.689E-04 1.285E+03 9.186E-01 8.841E+01 2.000E+00
1.754E+06 8.348E+02 2.991E+00 6.498E-05 2.769E-04 1.284E+03 9.190E-01 8.842E+01 2.000E+00
2.125E+07 9.452E+02 2.857E+00 6.498E-05 4.747E-04 1.229E+03 9.197E-01 8.842E+01 2.000E+00
2.053E+06 6.927E+02 3.194E+00 6.498E-05 8.375E-04 1.384E+03 9.210E-01 8.843E+01 2.000E+00
4.579E+06 6.146E+02 3.323E+00 6.498E-05 1.502E-03 1.465E+03 9.233E-01 8.844E+01 2.000E+00
1.475E+06 5.288E+02 3.483E+00 6.498E-05 2.721E-03 1.584E+03 9.277E-01 8.847E+01 2.000E+00
1.693E+06 8.060E+02 3.033E+00 6.498E-05 4.955E-03 1.301E+03 9.356E-01 8.852E+01 2.000E+00
2.414E+07 6.405E+02 3.277E+00 8.219E-05 3.937E-05 1.435E+03 9.182E-01 8.841E+01 2.000E+00
3.985E+07 6.405E+02 3.277E+00 8.219E-05 3.941E-05 1.435E+03 9.182E-01 8.841E+01 2.000E+00
2.189E+06 5.528E+02 3.432E+00 8.219E-05 3.948E-05 1.548E+03 9.182E-01 8.841E+01 2.000E+00
2.566E+06 5.528E+02 3.432E+00 8.219E-05 3.962E-05 1.548E+03 9.182E-01 8.841E+01 2.000E+00
3.788E+06 5.528E+02 3.432E+00 8.219E-05 3.987E-05 1.548E+03 9.182E-01 8.841E+01 2.000E+00
4.152E+07 5.528E+02 3.432E+00 8.219E-05 4.033E-05 1.548E+03 9.182E-01 8.841E+01 2.000E+00
2.141E+06 2.710E+02 4.055E+00 8.219E-05 4.118E-05 3.037E+03 9.182E-01 8.841E+01 2.000E+00
1.482E+06 8.655E+02 2.951E+00 8.219E-05 4.273E-05 1.267E+03 9.182E-01 8.841E+01 2.000E+00
2.531E+06 8.655E+02 2.951E+00 8.219E-05 4.558E-05 1.267E+03 9.182E-01 8.841E+01 2.000E+00
3.747E+07 8.092E+02 3.024E+00 8.219E-05 5.080E-05 1.299E+03 9.182E-01 8.841E+01 2.000E+00
2.712E+07 9.759E+02 2.822E+00 8.219E-05 6.036E-05 1.216E+03 9.182E-01 8.841E+01 2.000E+00
4.136E+06 5.435E+02 3.450E+00 8.219E-05 7.789E-05 1.563E+03 9.183E-01 8.841E+01 2.000E+00
1.181E+06 9.853E+02 2.812E+00 8.219E-05 1.100E-04 1.212E+03 9.184E-01 8.841E+01 2.000E+00
4.538E+06 8.322E+02 2.994E+00 8.219E-05 1.689E-04 1.286E+03 9.186E-01 8.841E+01 2.000E+00
8.473E+05 4.476E+02 3.645E+00 8.219E-05 2.769E-04 1.764E+03 9.190E-01 8.842E+01 2.000E+00
2.418E+07 9.452E+02 2.857E+00 8.219E-05 4.747E-04 1.229E+03 9.197E-01 8.842E+01 2.000E+00
2.221E+06 6.927E+02 3.194E+00 8.219E-05 8.375E-04 1.384E+03 9.210E-01 8.843E+01 2.000E+00
6.130E+06 6.146E+02 3.323E+00 8.219E-05 1.502E-03 1.464E+03 9.234E-01 8.844E+01 2.000E+00
1.639E+06 5.288E+02 3.483E+00 8.219E-05 2.721E-03 1.585E+03 9.277E-01 8.847E+01 2.000E+00
1.748E+06 8.060E+02 3.033E+00 8.219E-05 4.955E-03 1.302E+03 9.357E-01 8.852E+01 2.000E+00
2.323E+06 5.528E+02 3.432E+00 1.040E-04 3.937E-05 1.548E+03 9.182E-01 8.841E+01 2.000E+00
2.436E+06 5.528E+02 3.432E+00 1.040E-04 3.941E-05 1.548E+03 9.182E-01 8.841E+01 2.000E+00
2.677E+06 5.528E+02 3.432E+00 1.040E-04 3.948E-05 1.548E+03 9.182E-01 8.841E+01 2.000E+00
3.277E+06 5.528E+02 3.432E+00 1.040E-04 3.962E-05 1.548E+03 9.182E-01 8.841E+01 2.000E+00
5.650E+06 5.528E+02 3.432E+00 1.040E-04 3.987E-05 1.548E+03 9.182E-01 8.841E+01 2.000E+00
1.873E+06 8.322E+02 2.994E+00 1.040E-04 4.033E-05 1.286E+03 9.182E-01 8.841E+01 2.000E+00
3.228E+06 2.710E+02 4.055E+00 1.040E-04 4.118E-05 3.037E+03 9.182E-01 8.841E+01 2.000E+00
1.515E+06 8.655E+02 2.951E+00 1.040E-04 4.273E-05 1.267E+03 9.182E-01 8.841E+01 2.000E+00
2.642E+06 8.655E+02 2.951E+00 1.040E-04 4.558E-05 1.267E+03 9.182E-01 8.841E+01 2.000E+00
4.357E+06 8.221E+02 3.007E+00 1.040E-04 5.080E-05 1.291E+03 9.182E-01 8.841E+01 2.000E+00
2.960E+07 9.759E+02 2.822E+00 1.040E-04 6.036E-05 1.216E+03 9.183E-01 8.841E+01 2.000E+00
6.598E+06 5.435E+02 3.450E+00 1.040E-04 7.789E-05 1.563E+03 9.183E-01 8.841E+01 2.000E+00
3.316E+07 9.805E+02 2.817E+00 1.040E-04 1.100E-04 1.215E+03 9.185E-01 8.841E+01 2.000E+00
5.074E+06 8.322E+02 2.994E+00 1.040E-04 1.689E-04 1.285E+03 9.187E-01 8.841E+01 2.000E+00
9.274E+05 4.476E+02 3.645E+00 1.040E-04 2.769E-04 1.765E+03 9.190E-01 8.842E+01 2.000E+00
2.930E+07 9.452E+02 2.857E+00 1.040E-04 4.747E-04 1.229E+03 9.198E-01 8.842E+01 2.000E+00
2.481E+06 6.927E+02 3.194E+00 1.040E-04 8.375E-04 1.384E+03 9.210E-01 8.843E+01 2.000E+00
1.086E+07 6.146E+02 3.323E+00 1.040E-04 1.502E-03 1.464E+03 9.234E-01 8.844E+01 2.000E+00
1.912E+06 5.288E+02 3.483E+00 1.040E-04 2.721E-03 1.585E+03 9.278E-01 8.847E+01 2.000E+00
1.825E+06 8.060E+02 3.033E+00 1.040E-04 4.955E-03 1.301E+03 9.357E-01 8.852E+01 2.000E+00
3.085E+06 5.528E+02 3.432E+00 1.315E-04 3.937E-05 1.548E+03 9.183E-01 8.841E+01 2.000E+00
3.293E+06 5.528E+02 3.432E+00 1.315E-04 3.941E-05 1.548E+03 9.183E-01 8.841E+01 2.000E+00
3.760E+06 5.528E+02 3.432E+00 1.315E-04 3.948E-05 1.548E+03 9.183E-01 8.841E+01 2.000E+00
6.351E+06 8.322E+02 2.994E+00 1.315E-04 3.962E-05 1.285E+03 9.183E-01 8.841E+01 2.000E+00
1.549E+07 5.528E+02 3.432E+00 1.315E-04 3.987E-05 1.548E+03 9.183E-01 8.841E+01 2.000E+00
1.331E+06 2.710E+02 4.055E+00 1.315E-04 4.033E-05 3.037E+03 9.183E-01 8.841E+01 2.000E+00
9.461E+06 2.710E+02 4.055E+00 1.315E-04 4.118E-05 3.037E+03 9.183E-01 8.841E+01 2.000E+00
1.559E+06 8.655E+02 2.951E+00 1.315E-04 4.273E-05 1.267E+03 9.183E-01 8.841E+01 2.000E+00
2.798E+06 8.655E+02 2.951E+00 1.315E-04 4.558E-05 1.267E+03 9.183E-01 8.841E+01 2.000E+00
5.052E+06 8.221E+02 3.007E+00 1.315E-04 5.080E-05 1.292E+03 9.183E-01 8.841E+01 2.000E+00
3.349E+07 9.759E+02 2.822E+00 1.315E-04 6.036E-05 1.216E+03 9.183E-01 8.841E+01 2.000E+00
2.864E+07 5.435E+02 3.450E+00 1.315E-04 7.789E-05 1.563E+03 9.184E-01 8.841E+01 2.000E+00
1.185E+06 9.853E+02 2.812E+00 1.315E-04 1.100E-04 1.212E+03 9.185E-01 8.841E+01 2.000E+00
5.977E+06 8.322E+02 2.994E+00 1.315E-04 1.689E-04 1.285E+03 9.187E-01 8.841E+01 2.000E+00
1.056E+06 4.476E+02 3.645E+00 1.315E-04 2.769E-04 1.764E+03 9.191E-01 8.842E+01 2.000E+00
4.007E+07 9.452E+02 2.857E+00 1.315E-04 4.747E-04 1.229E+03 9.198E-01 8.842E+01 2.000E+00
2.922E+06 6.927E+02 3.194E+00 1.315E-04 8.375E-04 1.386E+03 9.211E-01 8.843E+01 2.000E+00
2.154E+09 6.146E+02 3.323E+00 1.315E-04 1.502E-03 1.464E+03 9.235E-01 8.844E+01 2.000E+00
2.435E+06 5.288E+02 3.483E+00 1.315E-04 2.721E-03 1.585E+03 9.278E-01 8.847E+01 2.000E+00
1.933E+06 8.060E+02 3.033E+00 1.315E-04 4.955E-03 1.311E+03 9.358E-01 8.852E+01 2.000E+00
5.374E+06 5.528E+02 3.432E+00 1.663E-04 3.937E-05 1.548E+03 9.183E-01 8.841E+01 2.000E+00
6.062E+06 5.528E+02 3.432E+00 1.663E-04 3.941E-05 1.573E+03 9.183E-01 8.841E+01 2.000E+00
7.936E+06 5.528E+02 3.432E+00 1.663E-04 3.948E-05 1.548E+03 9.183E-01 8.841E+01 2.000E+00
1.860E+07 5.528E+02 3.432E+00 1.663E-04 3.962E-05 1.548E+03 9.183E-01 8.841E+01 2.000E+00
1.179E+06 2.710E+02 4.055E+00 1.663E-04 3.987E-05 3.037E+03 9.183E-01 8.841E+01 2.000E+00
3.426E+06 2.773E+02 4.040E+00 1.663E-04 4.033E-05 2.916E+03 9.183E-01 8.841E+01 2.000E+00
1.316E+06 8.655E+02 2.951E+00 1.663E-04 4.118E-05 1.267E+03 9.183E-01 8.841E+01 2.000E+00
2.752E+06 5.424E+02 3.452E+00 1.663E-04 4.273E-05 1.564E+03 9.183E-01 8.841E+01 2.000E+00
3.027E+06 8.655E+02 2.951E+00 1.663E-04 4.558E-05 1.267E+03 9.183E-01 8.841E+01 2.000E+00
6.351E+06 8.221E+02 3.007E+00 1.663E-04 5.080E-05 1.308E+03 9.184E-01 8.841E+01 2.000E+00
4.016E+07 9.759E+02 2.822E+00 1.663E-04 6.036E-05 1.216E+03 9.184E-01 8.841E+01 2.000E+00
2.505E+07 5.578E+02 3.423E+00 1.663E-04 7.789E-05 1.540E+03 9.185E-01 8.841E+01 2.000E+00
1.188E+06 9.853E+02 2.812E+00 1.663E-04 1.100E-04 1.221E+03 9.186E-01 8.841E+01 2.000E+00
7.744E+06 8.322E+02 2.994E+00 1.663E-04 1.689E-04 1.304E+03 9.188E-01 8.841E+01 2.000E+00
1.290E+06 4.476E+02 3.645E+00 1.663E-04 2.769E-04 1.764E+03 9.192E-01 8.842E+01 2.000E+00
7.526E+07 9.452E+02 2.857E+00 1.663E-04 4.747E-04 1.229E+03 9.199E-01 8.842E+01 2.000E+00
3.791E+06 6.927E+02 3.194E+00 1.663E-04 8.375E-04 1.385E+03 9.212E-01 8.843E+01 2.000E+00
1.666E+06 7.978E+02 3.041E+00 1.663E-04 1.502E-03 1.310E+03 9.235E-01 8.844E+01 2.000E+00
3.782E+06 5.288E+02 3.483E+00 1.663E-04 2.721E-03 1.584E+03 9.279E-01 8.847E+01 2.000E+00
9.423E+05 4.916E+02 3.562E+00 1.663E-04 4.955E-03 1.651E+03 9.358E-01 8.852E+01 2.000E+00
1.918E+08 5.528E+02 3.432E+00 2.104E-04 3.937E-05 1.548E+03 9.184E-01 8.841E+01 2.000E+00
1.131E+06 2.710E+02 4.055E+00 2.104E-04 3.941E-05 3.037E+03 9.184E-01 8.841E+01 2.000E+00
1.204E+06 2.710E+02 4.055E+00 2.104E-04 3.948E-05 3.037E+03 9.184E-01 8.841E+01 2.000E+00
1.368E+06 2.710E+02 4.055E+00 2.104E-04 3.962E-05 3.037E+03 9.184E-01 8.841E+01 2.000E+00
1.837E+06 2.710E+02 4.055E+00 2.104E-04 3.987E-05 3.037E+03 9.184E-01 8.841E+01 2.000E+00
5.302E+06 2.710E+02 4.055E+00 2.104E-04 4.033E-05 3.037E+03 9.184E-01 8.841E+01 2.000E+00
1.368E+06 8.655E+02 2.951E+00 2.104E-04 4.118E-05 1.267E+03 9.184E-01 8.841E+01 2.000E+00
5.462E+06 5.424E+02 3.452E+00 2.104E-04 4.273E-05 1.564E+03 9.184E-01 8.841E+01 2.000E+00
3.383E+06 8.655E+02 2.951E+00 2.104E-04 4.558E-05 1.267E+03 9.184E-01 8.841E+01 2.000E+00
9.495E+06 8.221E+02 3.007E+00 2.104E-04 5.080E-05 1.291E+03 9.184E-01 8.841E+01 2.000E+00
5.374E+07 9.759E+02 2.822E+00 2.104E-04 6.036E-05 1.216E+03 9.185E-01 8.841E+01 2.000E+00
1.228E+07 5.453E+02 3.447E+00 2.104E-04 7.789E-05 1.560E+03 9.185E-01 8.841E+01 2.000E+00
1.191E+06 9.853E+02 2.812E+00 2.104E-04 1.100E-04 1.214E+03 9.186E-01 8.841E+01 2.000E+00
1.250E+07 8.322E+02 2.994E+00 2.104E-04 1.689E-04 1.285E+03 9.189E-01 8.841E+01 2.000E+00
1.909E+06 4.476E+02 3.645E+00 2.104E-04 2.769E-04 1.764E+03 9.192E-01 8.842E+01 2.000E+00
1.343E+06 6.896E+02 3.198E+00 2.104E-04 4.747E-04 1.388E+03 9.199E-01 8.842E+01 2.000E+00
6.182E+06 6.927E+02 3.194E+00 2.104E-04 8.375E-04 1.385E+03 9.212E-01 8.843E+01 2.000E+00
1.821E+06 7.978E+02 3.041E+00 2.104E-04 1.502E-03 1.307E+03 9.236E-01 8.844E+01 2.000E+00
1.372E+07 5.288E+02 3.483E+00 2.104E-04 2.721E-03 1.585E+03 9.279E-01 8.847E+01 2.000E+00
2.339E+06 8.060E+02 3.033E+00 2.104E-04 4.955E-03 1.301E+03 9.359E-01 8.852E+01 2.000E+00
9.524E+06 3.425E+02 3.885E+00 2.661E-04 3.937E-05 2.213E+03 9.185E-01 8.841E+01 2.000E+00
2.003E+06 2.710E+02 4.055E+00 2.661E-04 3.941E-05 3.037E+03 9.185E-01 8.841E+01 2.000E+00
2.261E+06 2.710E+02 4.055E+00 2.661E-04 3.948E-05 3.037E+03 9.185E-01 8.841E+01 2.000E+00
2.970E+06 2.710E+02 4.055E+00 2.661E-04 3.962E-05 3.037E+03 9.185E-01 8.841E+01 2.000E+00
7.189E+06 2.710E+02 4.055E+00 2.661E-04 3.987E-05 3.037E+03 9.185E-01 8.841E+01 2.000E+00
1.298E+06 8.655E+02 2.951E+00 2.661E-04 4.033E-05 1.267E+03 9.185E-01 8.841E+01 2.000E+00
1.439E+06 8.655E+02 2.951E+00 2.661E-04 4.118E-05 1.267E+03 9.185E-01 8.841E+01 2.000E+00
5.303E+06 5.306E+02 3.475E+00 2.661E-04 4.273E-05 1.584E+03 9.185E-01 8.841E+01 2.000E+00
3.984E+06 8.655E+02 2.951E+00 2.661E-04 4.558E-05 1.267E+03 9.185E-01 8.841E+01 2.000E+00
1.107E+07 3.725E+02 3.814E+00 2.661E-04 5.080E-05 2.041E+03 9.185E-01 8.841E+01 2.000E+00
8.244E+05 3.532E+02 3.860E+00 2.661E-04 6.036E-05 2.146E+03 9.186E-01 8.841E+01 2.000E+00
1.727E+06 5.426E+02 3.452E+00 2.661E-04 7.789E-05 1.566E+03 9.186E-01 8.841E+01 2.000E+00
8.705E+05 9.012E+02 2.908E+00 2.661E-04 1.100E-04 1.254E+03 9.187E-01 8.841E+01 2.000E+00
6.058E+07 8.322E+02 2.994E+00 2.661E-04 1.689E-04 1.290E+03 9.190E-01 8.841E+01 2.000E+00
3.969E+06 4.476E+02 3.645E+00 2.661E-04 2.769E-04 1.764E+03 9.193E-01 8.842E+01 2.000E+00
2.525E+06 6.145E+02 3.322E+00 2.661E-04 4.747E-04 1.464E+03 9.200E-01 8.842E+01 2.000E+00
3.559E+07 6.927E+02 3.194E+00 2.661E-04 8.375E-04 1.384E+03 9.213E-01 8.843E+01 2.000E+00
2.071E+06 7.978E+02 3.041E+00 2.661E-04 1.502E-03 1.316E+03 9.237E-01 8.844E+01 2.000E+00
8.235E+06 3.952E+02 3.768E+00 2.661E-04 2.721E-03 1.931E+03 9.280E-01 8.847E+01 2.000E+00
2.761E+06 8.060E+02 3.033E+00 2.661E-04 4.955E-03 1.331E+03 9.360E-01 8.852E+01 2.000E+00
8.074E+07 2.710E+02 4.055E+00 3.366E-04 3.937E-05 3.037E+03 9.186E-01 8.841E+01 2.000E+00
1.239E+06 8.655E+02 2.951E+00 3.366E-04 3.941E-05 1.267E+03 9.186E-01 8.841E+01 2.000E+00
1.250E+06 8.655E+02 2.951E+00 3.366E-04 3.948E-05 1.268E+03 9.186E-01 8.841E+01 2.000E+00
2.092E+07 8.644E+02 2.953E+00 3.366E-04 3.962E-05 1.272E+03 9.186E-01 8.841E+01 2.000E+00
1.305E+06 8.655E+02 2.951E+00 3.366E-04 3.987E-05 1.267E+03 9.186E-01 8.841E+01 2.000E+00
1.379E+06 8.655E+02 2.951E+00 3.366E-04 4.033E-05 1.267E+03 9.186E-01 8.841E+01 2.000E+00
1.544E+06 8.655E+02 2.951E+00 3.366E-04 4.118E-05 1.267E+03 9.186E-01 8.841E+01 2.000E+00
9.564E+06 3.248E+02 3.928E+00 3.366E-04 4.273E-05 2.345E+03 9.186E-01 8.841E+01 2.000E+00
5.175E+06 8.655E+02 2.951E+00 3.366E-04 4.558E-05 1.267E+03 9.186E-01 8.841E+01 2.000E+00
6.827E+06 6.871E+02 3.201E+00 3.366E-04 5.080E-05 1.390E+03 9.187E-01 8.841E+01 2.000E+00
3.457E+06 7.536E+02 3.101E+00 3.366E-04 6.036E-05 1.336E+03 9.187E-01 8.841E+01 2.000E+00
3.320E+06 5.426E+02 3.452E+00 3.366E-04 7.789E-05 1.564E+03 9.188E-01 8.841E+01 2.000E+00
8.074E+05 5.233E+02 3.489E+00 3.366E-04 1.100E-04 1.597E+03 9.189E-01 8.841E+01 2.000E+00
4.108E+06 5.990E+02 3.348E+00 3.366E-04 1.689E-04 1.483E+03 9.191E-01 8.841E+01 2.000E+00
1.329E+06 4.742E+02 3.589E+00 3.366E-04 2.769E-04 1.697E+03 9.195E-01 8.842E+01 2.000E+00
3.013E+06 4.808E+02 3.575E+00 3.366E-04 4.747E-04 1.681E+03 9.202E-01 8.842E+01 2.000E+00
1.808E+06 7.300E+02 3.137E+00 3.366E-04 8.375E-04 1.354E+03 9.215E-01 8.843E+01 2.000E+00
2.523E+06 7.978E+02 3.041E+00 3.366E-04 1.502E-03 1.307E+03 9.238E-01 8.844E+01 2.000E+00
1.710E+08 8.257E+02 3.005E+00 3.366E-04 2.721E-03 1.290E+03 9.282E-01 8.847E+01 2.000E+00
3.611E+06 8.060E+02 3.033E+00 3.366E-04 4.955E-03 1.301E+03 9.361E-01 8.852E+01 2.000E+00
1.327E+06 8.655E+02 2.951E+00 4.257E-04 3.937E-05 1.267E+03 9.188E-01 8.841E+01 2.000E+00
1.333E+06 8.655E+02 2.951E+00 4.257E-04 3.941E-05 1.267E+03 9.188E-01 8.841E+01 2.000E+00
1.345E+06 8.655E+02 2.951E+00 4.257E-04 3.948E-05 1.273E+03 9.188E-01 8.841E+01 2.000E+00
1.368E+06 8.655E+02 2.951E+00 4.257E-04 3.962E-05 1.267E+03 9.188E-01 8.841E+01 2.000E+00
1.412E+06 8.655E+02 2.951E+00 4.257E-04 3.987E-05 1.267E+03 9.188E-01 8.841E+01 2.000E+00
1.501E+06 8.655E+02 2.951E+00 4.257E-04 4.033E-05 1.267E+03 9.188E-01 8.841E+01 2.000E+00
9.199E+06 5.424E+02 3.452E+00 4.257E-04 4.118E-05 1.564E+03 9.188E-01 8.841E+01 2.000E+00
2.315E+06 8.655E+02 2.951E+00 4.257E-04 4.273E-05 1.267E+03 9.188E-01 8.841E+01 2.000E+00
8.468E+06 8.655E+02 2.951E+00 4.257E-04 4.558E-05 1.267E+03 9.188E-01 8.841E+01 2.000E+00
1.007E+07 5.020E+02 3.531E+00 4.257E-04 5.080E-05 1.637E+03 9.188E-01 8.841E+01 2.000E+00
3.510E+06 2.744E+02 4.047E+00 4.257E-04 6.036E-05 2.971E+03 9.189E-01 8.841E+01 2.000E+00
8.502E+06 5.505E+02 3.437E+00 4.257E-04 7.789E-05 1.552E+03 9.189E-01 8.841E+01 2.000E+00
1.098E+06 5.233E+02 3.489E+00 4.257E-04 1.100E-04 1.597E+03 9.190E-01 8.841E+01 2.000E+00
2.409E+08 5.896E+02 3.365E+00 4.257E-04 1.689E-04 1.495E+03 9.192E-01 8.841E+01 2.000E+00
3.096E+06 4.742E+02 3.589E+00 4.257E-04 2.769E-04 1.697E+03 9.196E-01 8.842E+01 2.000E+00
7.768E+06 6.071E+02 3.334E+00 4.257E-04 4.747E-04 1.473E+03 9.203E-01 8.842E+01 2.000E+00
2.537E+06 7.300E+02 3.137E+00 4.257E-04 8.375E-04 1.354E+03 9.216E-01 8.843E+01 2.000E+00
3.538E+06 7.978E+02 3.041E+00 4.257E-04 1.502E-03 1.306E+03 9.240E-01 8.844E+01 2.000E+00
4.604E+06 8.497E+02 2.974E+00 4.257E-04 2.721E-03 1.276E+03 9.283E-01 8.847E+01 2.000E+00
6.061E+06 8.060E+02 3.033E+00 4.257E-04 4.955E-03 1.301E+03 9.363E-01 8.852E+01 2.000E+00
1.471E+06 8.655E+02 2.951E+00 5.385E-04 3.937E-05 1.267E+03 9.190E-01 8.841E+01 2.000E+00
1.479E+06 8.655E+02 2.951E+00 5.385E-04 3.941E-05 1.267E+03 9.190E-01 8.841E+01 2.000E+00
1.494E+06 8.655E+02 2.951E+00 5.385E-04 3.948E-05 1.271E+03 9.190E-01 8.841E+01 2.000E+00
1.523E+06 8.655E+02 2.951E+00 5.385E-04 3.962E-05 1.267E+03 9.190E-01 8.841E+01 2.000E+00
3.014E+06 5.424E+02 3.452E+00 5.385E-04 3.987E-05 1.564E+03 9.190E-01 8.841E+01 2.000E+00
1.139E+07 5.424E+02 3.452E+00 5.385E-04 4.033E-05 1.567E+03 9.190E-01 8.841E+01 2.000E+00
1.975E+06 8.655E+02 2.951E+00 5.385E-04 4.118E-05 1.267E+03 9.190E-01 8.841E+01 2.000E+00
2.889E+06 8.655E+02 2.951E+00 5.385E-04 4.273E-05 1.267E+03 9.190E-01 8.841E+01 2.000E+00
5.126E+07 8.655E+02 2.951E+00 5.385E-04 4.558E-05 1.267E+03 9.190E-01 8.841E+01 2.000E+00
4.410E+07 8.108E+02 3.022E+00 5.385E-04 5.080E-05 1.317E+03 9.190E-01 8.841E+01 2.000E+00
5.191E+05 2.648E+02 4.069E+00 5.385E-04 6.036E-05 3.173E+03 9.191E-01 8.841E+01 2.000E+00
3.358E+06 5.993E+02 3.348E+00 5.385E-04 7.789E-05 1.483E+03 9.191E-01 8.841E+01 2.000E+00
2.171E+06 5.233E+02 3.489E+00 5.385E-04 1.100E-04 1.597E+03 9.192E-01 8.841E+01 2.000E+00
9.499E+05 2.951E+02 3.999E+00 5.385E-04 1.689E-04 2.647E+03 9.194E-01 8.841E+01 2.000E+00
5.993E+06 2.770E+02 4.042E+00 5.385E-04 2.769E-04 2.918E+03 9.198E-01 8.842E+01 2.000E+00
7.265E+07 6.896E+02 3.198E+00 5.385E-04 4.747E-04 1.387E+03 9.205E-01 8.842E+01 2.000E+00
5.542E+06 7.300E+02 3.137E+00 5.385E-04 8.375E-04 1.354E+03 9.218E-01 8.843E+01 2.000E+00
7.600E+06 7.978E+02 3.041E+00 5.385E-04 1.502E-03 1.307E+03 9.242E-01 8.844E+01 2.000E+00
9.083E+06 8.497E+02 2.974E+00 5.385E-04 2.721E-03 1.276E+03 9.285E-01 8.847E+01 2.000E+00
4.221E+06 5.899E+02 3.372E+00 5.385E-04 4.955E-03 1.492E+03 9.365E-01 8.852E+01 2.000E+00
2.266E+08 5.424E+02 3.452E+00 6.811E-04 3.937E-05 1.564E+03 9.192E-01 8.841E+01 2.000E+00
4.758E+06 5.306E+02 3.475E+00 6.811E-04 3.941E-05 1.584E+03 9.192E-01 8.841E+01 2.000E+00
5.811E+06 5.306E+02 3.475E+00 6.811E-04 3.948E-05 1.584E+03 9.192E-01 8.841E+01 2.000E+00
1.014E+07 5.306E+02 3.475E+00 6.811E-04 3.962E-05 1.584E+03 9.192E-01 8.841E+01 2.000E+00
1.874E+06 8.655E+02 2.951E+00 6.811E-04 3.987E-05 1.267E+03 9.192E-01 8.841E+01 2.000E+00
2.051E+06 8.655E+02 2.951E+00 6.811E-04 4.033E-05 1.267E+03 9.192E-01 8.841E+01 2.000E+00
2.494E+06 8.655E+02 2.951E+00 6.811E-04 4.118E-05 1.268E+03 9.192E-01 8.841E+01 2.000E+00
4.299E+06 8.655E+02 2.951E+00 6.811E-04 4.273E-05 1.267E+03 9.192E-01 8.841E+01 2.000E+00
5.736E+06 8.092E+02 3.024E+00 6.811E-04 4.558E-05 1.299E+03 9.193E-01 8.841E+01 2.000E+00
4.755E+06 7.304E+02 3.135E+00 6.811E-04 5.080E-05 1.354E+03 9.193E-01 8.841E+01 2.000E+00
9.405E+05 2.648E+02 4.069E+00 6.811E-04 6.036E-05 3.175E+03 9.193E-01 8.841E+01 2.000E+00
2.954E+06 4.676E+02 3.602E+00 6.811E-04 7.789E-05 1.717E+03 9.194E-01 8.841E+01 2.000E+00
1.111E+06 4.609E+02 3.617E+00 6.811E-04 1.100E-04 1.729E+03 9.195E-01 8.841E+01 2.000E+00
1.963E+07 2.951E+02 3.999E+00 6.811E-04 1.689E-04 2.648E+03 9.197E-01 8.841E+01 2.000E+00
1.857E+06 8.421E+02 2.981E+00 6.811E-04 2.769E-04 1.280E+03 9.201E-01 8.842E+01 2.000E+00
1.469E+06 9.362E+02 2.867E+00 6.811E-04 4.747E-04 1.233E+03 9.208E-01 8.842E+01 2.000E+00
1.638E+06 7.205E+02 3.151E+00 6.811E-04 8.375E-04 1.450E+03 9.221E-01 8.843E+01 2.000E+00
3.038E+07 8.112E+02 3.023E+00 6.811E-04 1.502E-03 1.298E+03 9.244E-01 8.844E+01 2.000E+00
1.560E+06 8.280E+02 3.002E+00 6.811E-04 2.721E-03 1.288E+03 9.288E-01 8.847E+01 2.000E+00
1.773E+06 4.315E+02 3.691E+00 6.811E-04 4.955E-03 1.800E+03 9.367E-01 8.852E+01 2.000E+00
2.207E+06 8.655E+02 2.951E+00 8.615E-04 3.937E-05 1.267E+03 9.196E-01 8.841E+01 2.000E+00
2.227E+06 8.655E+02 2.951E+00 8.615E-04 3.941E-05 1.267E+03 9.196E-01 8.841E+01 2.000E+00
2.266E+06 8.655E+02 2.951E+00 8.615E-04 3.948E-05 1.267E+03 9.196E-01 8.841E+01 2.000E+00
2.341E+06 8.655E+02 2.951E+00 8.615E-04 3.962E-05 1.282E+03 9.196E-01 8.841E+01 2.000E+00
2.494E+06 8.655E+02 2.951E+00 8.615E-04 3.987E-05 1.267E+03 9.196E-01 8.841E+01 2.000E+00
2.839E+06 8.655E+02 2.951E+00 8.615E-04 4.033E-05 1.272E+03 9.196E-01 8.841E+01 2.000E+00
3.847E+06 8.655E+02 2.951E+00 8.615E-04 4.118E-05 1.270E+03 9.196E-01 8.841E+01 2.000E+00
1.240E+07 8.655E+02 2.951E+00 8.615E-04 4.273E-05 1.268E+03 9.196E-01 8.841E+01 2.000E+00
5.663E+06 3.725E+02 3.814E+00 8.615E-04 4.558E-05 2.041E+03 9.196E-01 8.841E+01 2.000E+00
1.701E+06 4.880E+02 3.560E+00 8.615E-04 5.080E-05 1.785E+03 9.196E-01 8.841E+01 2.000E+00
1.259E+06 3.570E+02 3.851E+00 8.615E-04 6.036E-05 2.124E+03 9.196E-01 8.841E+01 2.000E+00
2.433E+07 4.545E+02 3.630E+00 8.615E-04 7.789E-05 1.746E+03 9.197E-01 8.841E+01 2.000E+00
2.002E+07 5.740E+02 3.393E+00 8.615E-04 1.100E-04 1.517E+03 9.198E-01 8.841E+01 2.000E+00
2.666E+06 6.805E+02 3.212E+00 8.615E-04 1.689E-04 1.396E+03 9.200E-01 8.841E+01 2.000E+00
4.053E+06 6.360E+02 3.285E+00 8.615E-04 2.769E-04 1.440E+03 9.204E-01 8.842E+01 2.000E+00
1.589E+06 9.362E+02 2.867E+00 8.615E-04 4.747E-04 1.233E+03 9.211E-01 8.842E+01 2.000E+00
3.709E+06 7.205E+02 3.151E+00 8.615E-04 8.375E-04 1.361E+03 9.224E-01 8.843E+01 2.000E+00
6.680E+08 9.413E+02 2.862E+00 8.615E-04 1.502E-03 1.232E+03 9.248E-01 8.844E+01 2.000E+00
2.129E+06 8.280E+02 3.002E+00 8.615E-04 2.721E-03 1.288E+03 9.291E-01 8.847E+01 2.000E+00
5.827E+06 6.122E+02 3.332E+00 8.615E-04 4.955E-03 1.465E+03 9.371E-01 8.852E+01 2.000E+00
3.602E+06 8.655E+02 2.951E+00 1.090E-03 3.937E-05 1.267E+03 9.200E-01 8.841E+01 2.000E+00
3.662E+06 8.655E+02 2.951E+00 1.090E-03 3.941E-05 1.267E+03 9.200E-01 8.841E+01 2.000E+00
3.777E+06 8.655E+02 2.951E+00 1.090E-03 3.948E-05 1.308E+03 9.200E-01 8.841E+01 2.000E+00
4.008E+06 8.655E+02 2.951E+00 1.090E-03 3.962E-05 1.267E+03 9.200E-01 8.841E+01 2.000E+00
6.240E+05 2.834E+02 4.026E+00 1.090E-03 3.987E-05 2.816E+03 9.200E-01 8.841E+01 2.000E+00
5.940E+06 8.655E+02 2.951E+00 1.090E-03 4.033E-05 1.267E+03 9.200E-01 8.841E+01 2.000E+00
1.463E+07 8.655E+02 2.951E+00 1.090E-03 4.118E-05 1.267E+03 9.200E-01 8.841E+01 2.000E+00
6.719E+06 8.092E+02 3.024E+00 1.090E-03 4.273E-05 1.299E+03 9.200E-01 8.841E+01 2.000E+00
2.056E+07 5.020E+02 3.531E+00 1.090E-03 4.558E-05 1.637E+03 9.200E-01 8.841E+01 2.000E+00
1.178E+06 2.684E+02 4.061E+00 1.090E-03 5.080E-05 3.092E+03 9.200E-01 8.841E+01 2.000E+00
3.378E+07 3.307E+02 3.913E+00 1.090E-03 6.036E-05 2.298E+03 9.200E-01 8.841E+01 2.000E+00
1.598E+06 8.044E+02 3.031E+00 1.090E-03 7.789E-05 1.302E+03 9.201E-01 8.841E+01 2.000E+00
4.572E+06 6.931E+02 3.192E+00 1.090E-03 1.100E-04 1.384E+03 9.202E-01 8.841E+01 2.000E+00
3.826E+06 6.751E+02 3.220E+00 1.090E-03 1.689E-04 1.401E+03 9.204E-01 8.841E+01 2.000E+00
5.090E+06 4.282E+02 3.688E+00 1.090E-03 2.769E-04 1.822E+03 9.208E-01 8.842E+01 2.000E+00
1.779E+06 9.362E+02 2.867E+00 1.090E-03 4.747E-04 1.233E+03 9.215E-01 8.842E+01 2.000E+00
1.996E+06 4.407E+02 3.662E+00 1.090E-03 8.375E-04 1.783E+03 9.228E-01 8.843E+01 2.000E+00
1.356E+06 7.868E+02 3.056E+00 1.090E-03 1.502E-03 1.313E+03 9.252E-01 8.844E+01 2.000E+00
4.269E+06 8.280E+02 3.002E+00 1.090E-03 2.721E-03 1.289E+03 9.295E-01 8.847E+01 2.000E+00
2.910E+06 8.282E+02 3.004E+00 1.090E-03 4.955E-03 1.288E+03 9.375E-01 8.852E+01 2.000E+00
2.897E+07 8.655E+02 2.951E+00 1.378E-03 3.937E-05 1.267E+03 9.205E-01 8.841E+01 2.000E+00
3.389E+07 8.655E+02 2.951E+00 1.378E-03 3.941E-05 1.267E+03 9.205E-01 8.841E+01 2.000E+00
4.927E+07 8.655E+02 2.951E+00 1.378E-03 3.948E-05 1.267E+03 9.205E-01 8.841E+01 2.000E+00
3.015E+08 8.655E+02 2.951E+00 1.378E-03 3.962E-05 1.267E+03 9.205E-01 8.841E+01 2.000E+00
3.618E+06 8.092E+02 3.024E+00 1.378E-03 3.987E-05 1.299E+03 9.205E-01 8.841E+01 2.000E+00
5.043E+06 8.092E+02 3.024E+00 1.378E-03 4.033E-05 1.299E+03 9.205E-01 8.841E+01 2.000E+00
6.534E+06 3.725E+02 3.814E+00 1.378E-03 4.118E-05 2.042E+03 9.205E-01 8.841E+01 2.000E+00
4.534E+06 6.871E+02 3.201E+00 1.378E-03 4.273E-05 1.390E+03 9.205E-01 8.841E+01 2.000E+00
4.592E+06 7.304E+02 3.135E+00 1.378E-03 4.558E-05 1.354E+03 9.205E-01 8.841E+01 2.000E+00
2.321E+07 9.759E+02 2.822E+00 1.378E-03 5.080E-05 1.216E+03 9.205E-01 8.841E+01 2.000E+00
5.232E+06 6.490E+02 3.263E+00 1.378E-03 6.036E-05 1.442E+03 9.205E-01 8.841E+01 2.000E+00
3.448E+06 8.044E+02 3.031E+00 1.378E-03 7.789E-05 1.302E+03 9.206E-01 8.841E+01 2.000E+00
5.845E+06 5.185E+02 3.499E+00 1.378E-03 1.100E-04 1.606E+03 9.207E-01 8.841E+01 2.000E+00
1.134E+06 5.756E+02 3.390E+00 1.378E-03 1.689E-04 1.514E+03 9.209E-01 8.841E+01 2.000E+00
3.181E+07 8.525E+02 2.968E+00 1.378E-03 2.769E-04 1.281E+03 9.213E-01 8.842E+01 2.000E+00
3.289E+06 5.882E+02 3.368E+00 1.378E-03 4.747E-04 1.497E+03 9.220E-01 8.842E+01 2.000E+00
9.924E+05 4.604E+02 3.619E+00 1.378E-03 8.375E-04 1.730E+03 9.233E-01 8.843E+01 2.000E+00
2.660E+06 7.868E+02 3.056E+00 1.378E-03 1.502E-03 1.313E+03 9.257E-01 8.844E+01 2.000E+00
4.451E+06 8.313E+02 2.998E+00 1.378E-03 2.721E-03 1.293E+03 9.300E-01 8.847E+01 2.000E+00
3.681E+07 8.282E+02 3.004E+00 1.378E-03 4.955E-03 1.289E+03 9.380E-01 8.852E+01 2.000E+00
2.430E+06 6.871E+02 3.201E+00 1.743E-03 3.937E-05 1.390E+03 9.211E-01 8.841E+01 2.000E+00
2.504E+06 6.871E+02 3.201E+00 1.743E-03 3.941E-05 1.390E+03 9.211E-01 8.841E+01 2.000E+00
2.654E+06 6.871E+02 3.201E+00 1.743E-03 3.948E-05 1.390E+03 9.211E-01 8.841E+01 2.000E+00
2.983E+06 6.871E+02 3.201E+00 1.743E-03 3.962E-05 1.390E+03 9.211E-01 8.841E+01 2.000E+00
3.885E+06 6.871E+02 3.201E+00 1.743E-03 3.987E-05 1.390E+03 9.211E-01 8.841E+01 2.000E+00
1.527E+07 5.020E+02 3.531E+00 1.743E-03 4.033E-05 1.637E+03 9.211E-01 8.841E+01 2.000E+00
8.756E+06 8.208E+02 3.009E+00 1.743E-03 4.118E-05 1.292E+03 9.211E-01 8.841E+01 2.000E+00
3.980E+06 7.304E+02 3.135E+00 1.743E-03 4.273E-05 1.354E+03 9.211E-01 8.841E+01 2.000E+00
1.062E+07 9.759E+02 2.822E+00 1.743E-03 4.558E-05 1.216E+03 9.211E-01 8.841E+01 2.000E+00
1.424E+06 2.648E+02 4.069E+00 1.743E-03 5.080E-05 3.173E+03 9.212E-01 8.841E+01 2.000E+00
2.001E+06 2.771E+02 4.041E+00 1.743E-03 6.036E-05 2.920E+03 9.212E-01 8.841E+01 2.000E+00
6.549E+06 7.946E+02 3.044E+00 1.743E-03 7.789E-05 1.308E+03 9.213E-01 8.841E+01 2.000E+00
3.041E+06 6.237E+02 3.305E+00 1.743E-03 1.100E-04 1.454E+03 9.214E-01 8.841E+01 2.000E+00
1.418E+07 4.341E+02 3.675E+00 1.743E-03 1.689E-04 1.804E+03 9.216E-01 8.841E+01 2.000E+00
2.162E+06 3.966E+02 3.759E+00 1.743E-03 2.769E-04 1.934E+03 9.220E-01 8.842E+01 2.000E+00
6.087E+06 5.430E+02 3.452E+00 1.743E-03 4.747E-04 1.563E+03 9.227E-01 8.842E+01 2.000E+00
1.011E+06 5.228E+02 3.491E+00 1.743E-03 8.375E-04 1.597E+03 9.240E-01 8.843E+01 2.000E+00
1.734E+06 9.462E+02 2.856E+00 1.743E-03 1.502E-03 1.229E+03 9.263E-01 8.844E+01 2.000E+00
2.853E+06 4.785E+02 3.585E+00 1.743E-03 2.721E-03 1.683E+03 9.307E-01 8.847E+01 2.000E+00
6.255E+06 6.627E+02 3.246E+00 1.743E-03 4.955E-03 1.422E+03 9.386E-01 8.852E+01 2.000E+00
4.283E+06 7.304E+02 3.135E+00 2.205E-03 3.937E-05 1.353E+03 9.219E-01 8.841E+01 2.000E+00
4.487E+06 7.304E+02 3.135E+00 2.205E-03 3.941E-05 1.354E+03 9.219E-01 8.841E+01 2.000E+00
4.919E+06 7.304E+02 3.135E+00 2.205E-03 3.948E-05 1.354E+03 9.219E-01 8.841E+01 2.000E+00
5.986E+06 7.304E+02 3.135E+00 2.205E-03 3.962E-05 1.355E+03 9.219E-01 8.841E+01 2.000E+00
1.005E+07 7.304E+02 3.135E+00 2.205E-03 3.987E-05 1.353E+03 9.219E-01 8.841E+01 2.000E+00
2.515E+06 4.880E+02 3.560E+00 2.205E-03 4.033E-05 1.666E+03 9.219E-01 8.841E+01 2.000E+00
8.670E+06 9.759E+02 2.822E+00 2.205E-03 4.118E-05 1.216E+03 9.220E-01 8.841E+01 2.000E+00
1.170E+07 9.759E+02 2.822E+00 2.205E-03 4.273E-05 1.216E+03 9.220E-01 8.841E+01 2.000E+00
7.819E+05 2.648E+02 4.069E+00 2.205E-03 4.558E-05 3.173E+03 9.220E-01 8.841E+01 2.000E+00
1.465E+06 3.029E+02 3.980E+00 2.205E-03 5.080E-05 2.815E+03 9.220E-01 8.841E+01 2.000E+00
4.213E+06 7.301E+02 3.136E+00 2.205E-03 6.036E-05 1.354E+03 9.220E-01 8.841E+01 2.000E+00
7.125E+06 7.899E+02 3.051E+00 2.205E-03 7.789E-05 1.312E+03 9.221E-01 8.841E+01 2.000E+00
3.588E+06 9.012E+02 2.908E+00 2.205E-03 1.100E-04 1.249E+03 9.222E-01 8.841E+01 2.000E+00
4.364E+06 8.418E+02 2.982E+00 2.205E-03 1.689E-04 1.280E+03 9.224E-01 8.841E+01 2.000E+00
1.188E+06 6.919E+02 3.194E+00 2.205E-03 2.769E-04 1.385E+03 9.228E-01 8.842E+01 2.000E+00
1.001E+07 6.318E+02 3.292E+00 2.205E-03 4.747E-04 1.461E+03 9.235E-01 8.842E+01 2.000E+00
2.334E+06 5.141E+02 3.509E+00 2.205E-03 8.375E-04 1.614E+03 9.248E-01 8.843E+01 2.000E+00
2.177E+06 9.462E+02 2.856E+00 2.205E-03 1.502E-03 1.229E+03 9.272E-01 8.844E+01 2.000E+00
2.478E+06 8.159E+02 3.018E+00 2.205E-03 2.721E-03 1.295E+03 9.315E-01 8.847E+01 2.000E+00
7.084E+09 7.695E+02 3.084E+00 2.205E-03 4.955E-03 1.325E+03 9.395E-01 8.852E+01 2.000E+00
5.850E+05 2.648E+02 4.069E+00 2.789E-03 3.937E-05 3.174E+03 9.230E-01 8.841E+01 2.000E+00
5.938E+05 2.648E+02 4.069E+00 2.789E-03 3.941E-05 3.173E+03 9.230E-01 8.841E+01 2.000E+00
6.108E+05 2.648E+02 4.069E+00 2.789E-03 3.948E-05 3.173E+03 9.230E-01 8.841E+01 2.000E+00
4.475E+06 2.701E+02 4.057E+00 2.789E-03 3.962E-05 3.056E+03 9.230E-01 8.841E+01 2.000E+00
7.201E+05 2.648E+02 4.069E+00 2.789E-03 3.987E-05 3.177E+03 9.230E-01 8.841E+01 2.000E+00
9.250E+05 2.648E+02 4.069E+00 2.789E-03 4.033E-05 3.173E+03 9.230E-01 8.841E+01 2.000E+00
2.091E+06 2.648E+02 4.069E+00 2.789E-03 4.118E-05 3.176E+03 9.230E-01 8.841E+01 2.000E+00
7.495E+05 3.485E+02 3.871E+00 2.789E-03 4.273E-05 2.175E+03 9.230E-01 8.841E+01 2.000E+00
2.419E+06 7.533E+02 3.102E+00 2.789E-03 4.558E-05 1.336E+03 9.230E-01 8.841E+01 2.000E+00
5.667E+06 7.530E+02 3.102E+00 2.789E-03 5.080E-05 1.337E+03 9.230E-01 8.841E+01 2.000E+00
7.487E+06 4.949E+02 3.546E+00 2.789E-03 6.036E-05 1.652E+03 9.231E-01 8.841E+01 2.000E+00
1.025E+06 6.738E+02 3.222E+00 2.789E-03 7.789E-05 1.402E+03 9.231E-01 8.841E+01 2.000E+00
3.070E+06 9.120E+02 2.895E+00 2.789E-03 1.100E-04 1.248E+03 9.232E-01 8.841E+01 2.000E+00
1.687E+07 2.831E+02 4.027E+00 2.789E-03 1.689E-04 2.817E+03 9.234E-01 8.841E+01 2.000E+00
3.029E+06 6.930E+02 3.192E+00 2.789E-03 2.769E-04 1.384E+03 9.238E-01 8.842E+01 2.000E+00
6.223E+06 4.877E+02 3.561E+00 2.789E-03 4.747E-04 1.666E+03 9.245E-01 8.842E+01 2.000E+00
1.847E+06 6.561E+02 3.252E+00 2.789E-03 8.375E-04 1.419E+03 9.258E-01 8.843E+01 2.000E+00
4.332E+06 9.238E+02 2.882E+00 2.789E-03 1.502E-03 1.239E+03 9.282E-01 8.844E+01 2.000E+00
1.434E+07 4.529E+02 3.639E+00 2.789E-03 2.721E-03 1.746E+03 9.325E-01 8.847E+01 2.000E+00
1.612E+06 4.643E+02 3.619E+00 2.789E-03 4.955E-03 1.713E+03 9.405E-01 8.852E+01 2.000E+00
1.052E+07 7.450E+02 3.114E+00 3.528E-03 3.937E-05 1.343E+03 9.243E-01 8.841E+01 2.000E+00
1.181E+07 7.450E+02 3.114E+00 3.528E-03 3.941E-05 1.343E+03 9.243E-01 8.841E+01 2.000E+00
1.526E+07 7.450E+02 3.114E+00 3.528E-03 3.948E-05 1.343E+03 9.243E-01 8.841E+01 2.000E+00
3.312E+07 7.450E+02 3.114E+00 3.528E-03 3.962E-05 1.343E+03 9.243E-01 8.841E+01 2.000E+00
2.152E+06 7.533E+02 3.102E+00 3.528E-03 3.987E-05 1.337E+03 9.243E-01 8.841E+01 2.000E+00
1.194E+06 2.876E+02 4.016E+00 3.528E-03 4.033E-05 2.754E+03 9.243E-01 8.841E+01 2.000E+00
5.883E+06 7.533E+02 3.102E+00 3.528E-03 4.118E-05 1.337E+03 9.243E-01 8.841E+01 2.000E+00
7.974E+06 6.446E+02 3.270E+00 3.528E-03 4.273E-05 1.431E+03 9.243E-01 8.841E+01 2.000E+00
8.648E+06 7.530E+02 3.102E+00 3.528E-03 4.558E-05 1.337E+03 9.243E-01 8.841E+01 2.000E+00
6.130E+06 7.301E+02 3.136E+00 3.528E-03 5.080E-05 1.354E+03 9.243E-01 8.841E+01 2.000E+00
1.739E+06 8.044E+02 3.031E+00 3.528E-03 6.036E-05 1.302E+03 9.244E-01 8.841E+01 2.000E+00
1.107E+06 9.853E+02 2.812E+00 3.528E-03 7.789E-05 1.213E+03 9.244E-01 8.841E+01 2.000E+00
2.339E+06 5.966E+02 3.352E+00 3.528E-03 1.100E-04 1.487E+03 9.246E-01 8.841E+01 2.000E+00
1.871E+06 9.019E+02 2.907E+00 3.528E-03 1.689E-04 1.249E+03 9.248E-01 8.841E+01 2.000E+00
4.367E+06 6.670E+02 3.234E+00 3.528E-03 2.769E-04 1.409E+03 9.251E-01 8.842E+01 2.000E+00
1.560E+06 7.082E+02 3.169E+00 3.528E-03 4.747E-04 1.372E+03 9.259E-01 8.842E+01 2.000E+00
2.084E+06 4.738E+02 3.591E+00 3.528E-03 8.375E-04 1.735E+03 9.271E-01 8.843E+01 2.000E+00
4.439E+06 5.670E+02 3.408E+00 3.528E-03 1.502E-03 1.526E+03 9.295E-01 8.844E+01 2.000E+00
1.680E+07 5.451E+02 3.451E+00 3.528E-03 2.721E-03 1.558E+03 9.339E-01 8.847E+01 2.000E+00
1.243E+07 5.273E+02 3.490E+00 3.528E-03 4.955E-03 1.586E+03 9.418E-01 8.852E+01 2.000E+00
5.110E+06 7.330E+02 3.131E+00 4.462E-03 3.937E-05 1.352E+03 9.260E-01 8.841E+01 2.000E+00
5.404E+06 7.330E+02 3.131E+00 4.462E-03 3.941E-05 1.352E+03 9.260E-01 8.841E+01 2.000E+00
6.044E+06 7.330E+02 3.131E+00 4.462E-03 3.948E-05 1.352E+03 9.260E-01 8.841E+01 2.000E+00
7.739E+06 7.330E+02 3.131E+00 4.462E-03 3.962E-05 1.352E+03 9.260E-01 8.841E+01 2.000E+00
1.622E+07 7.330E+02 3.131E+00 4.462E-03 3.987E-05 1.352E+03 9.260E-01 8.841E+01 2.000E+00
1.466E+07 7.362E+02 3.127E+00 4.462E-03 4.033E-05 1.349E+03 9.260E-01 8.841E+01 2.000E+00
4.294E+06 7.252E+02 3.143E+00 4.462E-03 4.118E-05 1.358E+03 9.260E-01 8.841E+01 2.000E+00
2.251E+06 7.301E+02 3.136E+00 4.462E-03 4.273E-05 1.354E+03 9.260E-01 8.841E+01 2.000E+00
4.015E+06 5.426E+02 3.452E+00 4.462E-03 4.558E-05 1.565E+03 9.260E-01 8.841E+01 2.000E+00
9.811E+05 4.678E+02 3.602E+00 4.462E-03 5.080E-05 1.713E+03 9.260E-01 8.841E+01 2.000E+00
3.144E+06 7.899E+02 3.050E+00 4.462E-03 6.036E-05 1.396E+03 9.260E-01 8.841E+01 2.000E+00
1.001E+06 5.233E+02 3.489E+00 4.462E-03 7.789E-05 1.598E+03 9.261E-01 8.841E+01 2.000E+00
2.057E+06 9.662E+02 2.833E+00 4.462E-03 1.100E-04 1.227E+03 9.262E-01 8.841E+01 2.000E+00
3.288E+07 4.879E+02 3.560E+00 4.462E-03 1.689E-04 1.668E+03 9.264E-01 8.841E+01 2.000E+00
4.430E+07 8.075E+02 3.027E+00 4.462E-03 2.769E-04 1.300E+03 9.268E-01 8.842E+01 2.000E+00
4.517E+06 7.960E+02 3.043E+00 4.462E-03 4.747E-04 1.308E+03 9.275E-01 8.842E+01 2.000E+00
1.047E+07 4.077E+02 3.735E+00 4.462E-03 8.375E-04 1.890E+03 9.288E-01 8.843E+01 2.000E+00
6.165E+06 8.538E+02 2.967E+00 4.462E-03 1.502E-03 1.289E+03 9.312E-01 8.844E+01 2.000E+00
7.351E+06 7.039E+02 3.178E+00 4.462E-03 2.721E-03 1.384E+03 9.355E-01 8.847E+01 2.000E+00
9.363E+05 9.232E+02 2.886E+00 4.462E-03 4.955E-03 1.242E+03 9.435E-01 8.852E+01 2.000E+00
5.136E+06 9.570E+02 2.843E+00 5.644E-03 3.937E-05 1.225E+03 9.281E-01 8.841E+01 2.000E+00
5.172E+06 9.570E+02 2.843E+00 5.644E-03 3.941E-05 1.225E+03 9.281E-01 8.841E+01 2.000E+00
5.240E+06 9.570E+02 2.843E+00 5.644E-03 3.948E-05 1.225E+03 9.281E-01 8.841E+01 2.000E+00
5.369E+06 9.570E+02 2.843E+00 5.644E-03 3.962E-05 1.225E+03 9.281E-01 8.841E+01 2.000E+00
5.624E+06 9.570E+02 2.843E+00 5.644E-03 3.987E-05 1.227E+03 9.281E-01 8.841E+01 2.000E+00
6.165E+06 9.570E+02 2.843E+00 5.644E-03 4.033E-05 1.225E+03 9.281E-01 8.841E+01 2.000E+00
7.501E+06 9.570E+02 2.843E+00 5.644E-03 4.118E-05 1.226E+03 9.281E-01 8.841E+01 2.000E+00
1.140E+06 8.044E+02 3.031E+00 5.644E-03 4.273E-05 1.303E+03 9.281E-01 8.841E+01 2.000E+00
2.172E+06 8.044E+02 3.031E+00 5.644E-03 4.558E-05 1.303E+03 9.281E-01 8.841E+01 2.000E+00
2.109E+06 7.899E+02 3.050E+00 5.644E-03 5.080E-05 1.312E+03 9.281E-01 8.841E+01 2.000E+00
1.086E+06 9.853E+02 2.812E+00 5.644E-03 6.036E-05 1.213E+03 9.281E-01 8.841E+01 2.000E+00
1.278E+06 9.012E+02 2.908E+00 5.644E-03 7.789E-05 1.250E+03 9.282E-01 8.841E+01 2.000E+00
3.458E+06 9.662E+02 2.833E+00 5.644E-03 1.100E-04 1.221E+03 9.283E-01 8.841E+01 2.000E+00
2.368E+06 8.937E+02 2.917E+00 5.644E-03 1.689E-04 1.253E+03 9.285E-01 8.841E+01 2.000E+00
3.066E+06 6.072E+02 3.334E+00 5.644E-03 2.769E-04 1.474E+03 9.289E-01 8.842E+01 2.000E+00
1.211E+06 8.148E+02 3.017E+00 5.644E-03 4.747E-04 1.301E+03 9.296E-01 8.842E+01 2.000E+00
8.008E+06 9.944E+02 2.802E+00 5.644E-03 8.375E-04 1.210E+03 9.309E-01 8.843E+01 2.000E+00
5.833E+05 4.939E+02 3.550E+00 5.644E-03 1.502E-03 1.653E+03 9.333E-01 8.844E+01 2.000E+00
5.227E+06 7.101E+02 3.169E+00 5.644E-03 2.721E-03 1.370E+03 9.376E-01 8.847E+01 2.000E+00
7.801E+07 4.710E+02 3.605E+00 5.644E-03 4.955E-03 1.697E+03 9.456E-01 8.852E+01 2.000E+00
1.819E+06 7.899E+02 3.050E+00 7.139E-03 3.937E-05 1.322E+03 9.307E-01 8.841E+01 2.000E+00
1.843E+06 7.899E+02 3.050E+00 7.139E-03 3.941E-05 1.313E+03 9.307E-01 8.841E+01 2.000E+00
1.887E+06 7.899E+02 3.050E+00 7.139E-03 3.948E-05 1.312E+03 9.307E-01 8.841E+01 2.000E+00
1.974E+06 7.899E+02 3.050E+00 7.139E-03 3.962E-05 1.312E+03 9.307E-01 8.841E+01 2.000E+00
5.483E+06 7.942E+02 3.044E+00 7.139E-03 3.987E-05 1.309E+03 9.307E-01 8.841E+01 2.000E+00
2.623E+06 7.899E+02 3.050E+00 7.139E-03 4.033E-05 1.312E+03 9.307E-01 8.841E+01 2.000E+00
4.458E+06 7.899E+02 3.050E+00 7.139E-03 4.118E-05 1.312E+03 9.307E-01 8.841E+01 2.000E+00
1.563E+07 9.494E+02 2.852E+00 7.139E-03 4.273E-05 1.228E+03 9.307E-01 8.841E+01 2.000E+00
1.191E+06 6.738E+02 3.222E+00 7.139E-03 4.558E-05 1.403E+03 9.308E-01 8.841E+01 2.000E+00
4.251E+06 4.412E+02 3.659E+00 7.139E-03 5.080E-05 1.786E+03 9.308E-01 8.841E+01 2.000E+00
2.339E+06 3.969E+02 3.758E+00 7.139E-03 6.036E-05 1.934E+03 9.308E-01 8.841E+01 2.000E+00
2.636E+06 9.120E+02 2.895E+00 7.139E-03 7.789E-05 1.245E+03 9.309E-01 8.841E+01 2.000E+00
1.720E+08 9.662E+02 2.833E+00 7.139E-03 1.100E-04 1.223E+03 9.310E-01 8.841E+01 2.000E+00
8.093E+05 7.701E+02 3.078E+00 7.139E-03 1.689E-04 1.326E+03 9.312E-01 8.841E+01 2.000E+00
3.455E+06 7.811E+02 3.063E+00 7.139E-03 2.769E-04 1.318E+03 9.316E-01 8.842E+01 2.000E+00
1.666E+08 6.542E+02 3.255E+00 7.139E-03 4.747E-04 1.422E+03 9.323E-01 8.842E+01 2.000E+00
6.205E+06 4.111E+02 3.728E+00 7.139E-03 8.375E-04 1.878E+03 9.336E-01 8.843E+01 2.000E+00
9.188E+06 3.027E+02 3.986E+00 7.139E-03 1.502E-03 2.544E+03 9.359E-01 8.845E+01 2.000E+00
3.555E+06 5.399E+02 3.461E+00 7.139E-03 2.721E-03 1.567E+03 9.403E-01 8.847E+01 2.000E+00
8.111E+06 9.232E+02 2.886E+00 7.139E-03 4.955E-03 1.309E+03 9.482E-01 8.852E+01 2.000E+00
1.113E+06 9.853E+02 2.812E+00 9.029E-03 3.937E-05 1.214E+03 9.341E-01 8.841E+01 2.000E+00
1.113E+06 9.853E+02 2.812E+00 9.029E-03 3.941E-05 1.214E+03 9.341E-01 8.841E+01 2.000E+00
1.114E+06 9.853E+02 2.812E+00 9.029E-03 3.948E-05 1.214E+03 9.341E-01 8.841E+01 2.000E+00
1.115E+06 9.853E+02 2.812E+00 9.029E-03 3.962E-05 1.214E+03 9.341E-01 8.841E+01 2.000E+00
1.118E+06 9.853E+02 2.812E+00 9.029E-03 3.987E-05 1.214E+03 9.341E-01 8.841E+01 2.000E+00
1.122E+06 9.853E+02 2.812E+00 9.029E-03 4.033E-05 1.214E+03 9.341E-01 8.841E+01 2.000E+00
7.981E+05 5.233E+02 3.489E+00 9.029E-03 4.118E-05 1.598E+03 9.341E-01 8.841E+01 2.000E+00
1.985E+06 5.233E+02 3.489E+00 9.029E-03 4.273E-05 1.598E+03 9.341E-01 8.841E+01 2.000E+00
1.954E+06 5.740E+02 3.393E+00 9.029E-03 4.558E-05 1.518E+03 9.341E-01 8.841E+01 2.000E+00
1.046E+07 6.931E+02 3.192E+00 9.029E-03 5.080E-05 1.385E+03 9.341E-01 8.841E+01 2.000E+00
2.708E+06 7.115E+02 3.164E+00 9.029E-03 6.036E-05 1.370E+03 9.342E-01 8.841E+01 2.000E+00
1.852E+08 3.425E+02 3.885E+00 9.029E-03 7.789E-05 2.214E+03 9.342E-01 8.841E+01 2.000E+00
1.504E+06 5.756E+02 3.390E+00 9.029E-03 1.100E-04 1.516E+03 9.343E-01 8.841E+01 2.000E+00
1.386E+08 6.489E+02 3.263E+00 9.029E-03 1.689E-04 1.428E+03 9.346E-01 8.841E+01 2.000E+00
2.160E+06 5.001E+02 3.536E+00 9.029E-03 2.769E-04 1.643E+03 9.349E-01 8.842E+01 2.000E+00
9.385E+05 7.657E+02 3.085E+00 9.029E-03 4.747E-04 1.329E+03 9.356E-01 8.842E+01 2.000E+00
5.693E+07 9.944E+02 2.802E+00 9.029E-03 8.375E-04 1.215E+03 9.369E-01 8.843E+01 2.000E+00
3.122E+07 6.481E+02 3.266E+00 9.029E-03 1.502E-03 1.428E+03 9.393E-01 8.845E+01 2.000E+00
3.996E+06 3.959E+02 3.767E+00 9.029E-03 2.721E-03 1.944E+03 9.436E-01 8.847E+01 2.000E+00
3.679E+07 8.229E+02 3.011E+00 9.029E-03 4.955E-03 1.296E+03 9.516E-01 8.852E+01 2.000E+00
1.417E+06 3.138E+02 3.954E+00 1.142E-02 3.937E-05 2.444E+03 9.384E-01 8.841E+01 2.000E+00
1.483E+06 3.138E+02 3.954E+00 1.142E-02 3.941E-05 2.444E+03 9.384E-01 8.841E+01 2.000E+00
1.620E+06 3.138E+02 3.954E+00 1.142E-02 3.948E-05 2.444E+03 9.384E-01 8.841E+01 2.000E+00
1.956E+06 3.138E+02 3.954E+00 1.142E-02 3.962E-05 2.447E+03 9.384E-01 8.841E+01 2.000E+00
3.196E+06 3.138E+02 3.954E+00 1.142E-02 3.987E-05 2.444E+03 9.384E-01 8.841E+01 2.000E+00
7.150E+06 3.070E+02 3.970E+00 1.142E-02 4.033E-05 2.522E+03 9.384E-01 8.841E+01 2.000E+00
1.478E+06 3.846E+02 3.786E+00 1.142E-02 4.118E-05 2.000E+03 9.384E-01 8.841E+01 2.000E+00
3.331E+06 7.115E+02 3.164E+00 1.142E-02 4.273E-05 1.370E+03 9.384E-01 8.841E+01 2.000E+00
8.750E+06 9.012E+02 2.908E+00 1.142E-02 4.558E-05 1.252E+03 9.384E-01 8.841E+01 2.000E+00
8.389E+06 9.120E+02 2.895E+00 1.142E-02 5.080E-05 1.246E+03 9.384E-01 8.841E+01 2.000E+00
2.061E+06 9.662E+02 2.833E+00 1.142E-02 6.036E-05 1.222E+03 9.384E-01 8.841E+01 2.000E+00
2.045E+07 9.662E+02 2.833E+00 1.142E-02 7.789E-05 1.222E+03 9.385E-01 8.841E+01 2.000E+00
1.507E+06 9.019E+02 2.907E+00 1.142E-02 1.100E-04 1.250E+03 9.386E-01 8.841E+01 2.000E+00
1.914E+07 9.001E+02 2.909E+00 1.142E-02 1.689E-04 1.251E+03 9.388E-01 8.841E+01 2.000E+00
4.311E+06 9.471E+02 2.854E+00 1.142E-02 2.769E-04 1.230E+03 9.392E-01 8.842E+01 2.000E+00
8.185E+06 3.304E+02 3.916E+00 1.142E-02 4.747E-04 2.299E+03 9.399E-01 8.842E+01 2.000E+00
3.463E+08 9.739E+02 2.825E+00 1.142E-02 8.375E-04 1.227E+03 9.412E-01 8.843E+01 2.000E+00
1.289E+07 5.162E+02 3.506E+00 1.142E-02 1.502E-03 1.614E+03 9.436E-01 8.845E+01 2.000E+00
3.223E+06 6.518E+02 3.262E+00 1.142E-02 2.721E-03 1.424E+03 9.479E-01 8.847E+01 2.000E+00
2.525E+06 7.215E+02 3.154E+00 1.142E-02 4.955E-03 1.362E+03 9.559E-01 8.852E+01 2.000E+00
2.121E+06 9.662E+02 2.833E+00 1.445E-02 3.937E-05 1.222E+03 9.438E-01 8.841E+01 2.000E+00
2.126E+06 9.662E+02 2.833E+00 1.445E-02 3.941E-05 1.222E+03 9.438E-01 8.841E+01 2.000E+00
2.133E+06 9.662E+02 2.833E+00 1.445E-02 3.948E-05 1.223E+03 9.438E-01 8.841E+01 2.000E+00
5.146E+05 3.219E+02 3.935E+00 1.445E-02 3.962E-05 2.380E+03 9.438E-01 8.841E+01 2.000E+00
2.174E+06 9.662E+02 2.833E+00 1.445E-02 3.987E-05 1.222E+03 9.438E-01 8.841E+01 2.000E+00
2.224E+06 9.662E+02 2.833E+00 1.445E-02 4.033E-05 1.222E+03 9.438E-01 8.841E+01 2.000E+00
2.324E+06 9.662E+02 2.833E+00 1.445E-02 4.118E-05 1.222E+03 9.438E-01 8.841E+01 2.000E+00
1.638E+07 2.951E+02 3.999E+00 1.445E-02 4.273E-05 2.650E+03 9.438E-01 8.841E+01 2.000E+00
2.261E+07 3.497E+02 3.868E+00 1.445E-02 4.558E-05 2.169E+03 9.438E-01 8.841E+01 2.000E+00
5.098E+06 9.662E+02 2.833E+00 1.445E-02 5.080E-05 1.222E+03 9.438E-01 8.841E+01 2.000E+00
2.636E+07 5.834E+02 3.376E+00 1.445E-02 6.036E-05 1.507E+03 9.438E-01 8.841E+01 2.000E+00
1.793E+06 5.305E+02 3.475E+00 1.445E-02 7.789E-05 1.586E+03 9.439E-01 8.841E+01 2.000E+00
1.492E+07 3.251E+02 3.927E+00 1.445E-02 1.100E-04 2.344E+03 9.440E-01 8.841E+01 2.000E+00
6.769E+06 7.917E+02 3.048E+00 1.445E-02 1.689E-04 1.312E+03 9.442E-01 8.841E+01 2.000E+00
5.255E+06 8.768E+02 2.938E+00 1.445E-02 2.769E-04 1.263E+03 9.446E-01 8.842E+01 2.000E+00
1.454E+07 7.006E+02 3.181E+00 1.445E-02 4.747E-04 1.379E+03 9.453E-01 8.842E+01 2.000E+00
3.381E+06 9.395E+02 2.863E+00 1.445E-02 8.375E-04 1.234E+03 9.466E-01 8.843E+01 2.000E+00
2.414E+08 7.299E+02 3.138E+00 1.445E-02 1.502E-03 1.356E+03 9.490E-01 8.845E+01 2.000E+00
2.027E+06 6.916E+02 3.198E+00 1.445E-02 2.721E-03 1.387E+03 9.533E-01 8.847E+01 2.000E+00
1.110E+06 8.134E+02 3.023E+00 1.445E-02 4.955E-03 1.343E+03 9.613E-01 8.852E+01 2.000E+00
6.348E+06 5.756E+02 3.390E+00 1.827E-02 3.937E-05 1.517E+03 9.506E-01 8.841E+01 2.000E+00
7.259E+06 5.756E+02 3.390E+00 1.827E-02 3.941E-05 1.517E+03 9.506E-01 8.841E+01 2.000E+00
9.874E+06 5.756E+02 3.390E+00 1.827E-02 3.948E-05 1.517E+03 9.506E-01 8.841E+01 2.000E+00
2.977E+07 5.756E+02 3.390E+00 1.827E-02 3.962E-05 1.517E+03 9.506E-01 8.841E+01 2.000E+00
1.339E+07 6.751E+02 3.220E+00 1.827E-02 3.987E-05 1.403E+03 9.506E-01 8.841E+01 2.000E+00
6.398E+06 8.159E+02 3.015E+00 1.827E-02 4.033E-05 1.297E+03 9.506E-01 8.841E+01 2.000E+00
9.155E+07 8.159E+02 3.015E+00 1.827E-02 4.118E-05 1.307E+03 9.506E-01 8.841E+01 2.000E+00
7.655E+06 8.130E+02 3.019E+00 1.827E-02 4.273E-05 1.299E+03 9.506E-01 8.841E+01 2.000E+00
5.919E+06 5.651E+02 3.409E+00 1.827E-02 4.558E-05 1.532E+03 9.506E-01 8.841E+01 2.000E+00
2.691E+06 8.418E+02 2.982E+00 1.827E-02 5.080E-05 1.283E+03 9.506E-01 8.841E+01 2.000E+00
1.472E+06 9.019E+02 2.907E+00 1.827E-02 6.036E-05 1.252E+03 9.506E-01 8.841E+01 2.000E+00
3.945E+06 7.338E+02 3.130E+00 1.827E-02 7.789E-05 1.353E+03 9.507E-01 8.841E+01 2.000E+00
5.433E+06 3.365E+02 3.900E+00 1.827E-02 1.100E-04 2.256E+03 9.508E-01 8.841E+01 2.000E+00
5.077E+06 6.662E+02 3.235E+00 1.827E-02 1.689E-04 1.411E+03 9.510E-01 8.841E+01 2.000E+00
1.661E+07 4.778E+02 3.581E+00 1.827E-02 2.769E-04 1.691E+03 9.514E-01 8.842E+01 2.000E+00
1.115E+07 5.725E+02 3.397E+00 1.827E-02 4.747E-04 1.521E+03 9.521E-01 8.842E+01 2.000E+00
7.760E+06 6.343E+02 3.288E+00 1.827E-02 8.375E-04 1.444E+03 9.534E-01 8.843E+01 2.000E+00
4.136E+06 5.937E+02 3.360E+00 1.827E-02 1.502E-03 1.492E+03 9.558E-01 8.845E+01 2.000E+00
1.678E+06 7.610E+02 3.094E+00 1.827E-02 2.721E-03 1.334E+03 9.601E-01 8.847E+01 2.000E+00
6.894E+06 4.250E+02 3.706E+00 1.827E-02 4.955E-03 1.822E+03 9.681E-01 8.852E+01 2.000E+00
1.135E+06 4.767E+02 3.583E+00 2.311E-02 3.937E-05 1.694E+03 9.592E-01 8.841E+01 2.000E+00
1.165E+06 4.767E+02 3.583E+00 2.311E-02 3.941E-05 1.694E+03 9.592E-01 8.841E+01 2.000E+00
1.225E+06 4.767E+02 3.583E+00 2.311E-02 3.948E-05 1.694E+03 9.592E-01 8.841E+01 2.000E+00
1.354E+06 4.767E+02 3.583E+00 2.311E-02 3.962E-05 1.694E+03 9.592E-01 8.841E+01 2.000E+00
1.687E+06 4.767E+02 3.583E+00 2.311E-02 3.987E-05 1.694E+03 9.592E-01 8.841E+01 2.000E+00
3.179E+06 4.767E+02 3.583E+00 2.311E-02 4.033E-05 1.694E+03 9.592E-01 8.841E+01 2.000E+00
1.078E+06 4.675E+02 3.603E+00 2.311E-02 4.118E-05 1.721E+03 9.592E-01 8.841E+01 2.000E+00
5.185E+07 4.546E+02 3.630E+00 2.311E-02 4.273E-05 1.749E+03 9.592E-01 8.841E+01 2.000E+00
5.673E+06 5.443E+02 3.449E+00 2.311E-02 4.558E-05 1.564E+03 9.592E-01 8.841E+01 2.000E+00
1.798E+06 6.264E+02 3.301E+00 2.311E-02 5.080E-05 1.454E+03 9.592E-01 8.841E+01 2.000E+00
1.352E+07 7.936E+02 3.045E+00 2.311E-02 6.036E-05 1.312E+03 9.592E-01 8.841E+01 2.000E+00
1.623E+07 8.898E+02 2.922E+00 2.311E-02 7.789E-05 1.258E+03 9.593E-01 8.841E+01 2.000E+00
2.427E+06 8.348E+02 2.991E+00 2.311E-02 1.100E-04 1.287E+03 9.594E-01 8.841E+01 2.000E+00
2.332E+06 9.145E+02 2.892E+00 2.311E-02 1.689E-04 1.271E+03 9.596E-01 8.841E+01 2.000E+00
2.230E+07 7.302E+02 3.136E+00 2.311E-02 2.769E-04 1.357E+03 9.600E-01 8.842E+01 2.000E+00
9.975E+06 6.607E+02 3.244E+00 2.311E-02 4.747E-04 1.418E+03 9.607E-01 8.842E+01 2.000E+00
5.283E+06 4.277E+02 3.690E+00 2.311E-02 8.375E-04 1.824E+03 9.620E-01 8.843E+01 2.000E+00
5.084E+07 5.669E+02 3.408E+00 2.311E-02 1.502E-03 1.529E+03 9.644E-01 8.845E+01 2.000E+00
9.102E+06 8.204E+02 3.012E+00 2.311E-02 2.721E-03 1.296E+03 9.687E-01 8.847E+01 2.000E+00
1.130E+07 5.802E+02 3.389E+00 2.311E-02 4.955E-03 1.508E+03 9.767E-01 8.852E+01 2.000E+00
2.090E+08 9.044E+02 2.904E+00 2.923E-02 3.937E-05 1.253E+03 9.701E-01 8.841E+01 2.000E+00
7.692E+08 9.044E+02 2.904E+00 2.923E-02 3.941E-05 1.268E+03 9.701E-01 8.841E+01 2.000E+00
7.644E+06 9.001E+02 2.909E+00 2.923E-02 3.948E-05 1.254E+03 9.701E-01 8.841E+01 2.000E+00
8.390E+06 9.001E+02 2.909E+00 2.923E-02 3.962E-05 1.254E+03 9.701E-01 8.841E+01 2.000E+00
2.406E+07 4.476E+02 3.645E+00 2.923E-02 3.987E-05 1.768E+03 9.701E-01 8.841E+01 2.000E+00
1.730E+07 9.001E+02 2.909E+00 2.923E-02 4.033E-05 1.254E+03 9.701E-01 8.841E+01 2.000E+00
6.855E+06 8.542E+02 2.966E+00 2.923E-02 4.118E-05 1.277E+03 9.701E-01 8.841E+01 2.000E+00
6.414E+06 4.253E+02 3.694E+00 2.923E-02 4.273E-05 1.835E+03 9.701E-01 8.841E+01 2.000E+00
9.275E+06 6.729E+02 3.224E+00 2.923E-02 4.558E-05 1.407E+03 9.701E-01 8.841E+01 2.000E+00
1.745E+07 7.251E+02 3.143E+00 2.923E-02 5.080E-05 1.362E+03 9.701E-01 8.841E+01 2.000E+00
4.749E+06 6.236E+02 3.305E+00 2.923E-02 6.036E-05 1.458E+03 9.701E-01 8.841E+01 2.000E+00
8.059E+06 7.100E+02 3.166E+00 2.923E-02 7.789E-05 1.374E+03 9.702E-01 8.841E+01 2.000E+00
4.064E+07 5.304E+02 3.475E+00 2.923E-02 1.100E-04 1.588E+03 9.703E-01 8.841E+01 2.000E+00
3.897E+07 5.991E+02 3.348E+00 2.923E-02 1.689E-04 1.495E+03 9.705E-01 8.841E+01 2.000E+00
2.626E+06 9.362E+02 2.867E+00 2.923E-02 2.769E-04 1.237E+03 9.709E-01 8.842E+01 2.000E+00
7.291E+06 4.807E+02 3.576E+00 2.923E-02 4.747E-04 1.685E+03 9.716E-01 8.842E+01 2.000E+00
2.797E+07 6.033E+02 3.342E+00 2.923E-02 8.375E-04 1.482E+03 9.729E-01 8.843E+01 2.000E+00
1.050E+07 4.879E+02 3.563E+00 2.923E-02 1.502E-03 1.668E+03 9.753E-01 8.845E+01 2.000E+00
1.918E+06 5.142E+02 3.512E+00 2.923E-02 2.721E-03 1.616E+03 9.796E-01 8.847E+01 2.000E+00
3.028E+06 3.445E+02 3.895E+00 2.923E-02 4.955E-03 2.176E+03 9.826E-01 8.852E+01 2.000E+00
2.776E+07 7.165E+02 3.156E+00 3.697E-02 3.937E-05 1.369E+03 9.839E-01 8.841E+01 2.000E+00
4.172E+07 7.165E+02 3.156E+00 3.697E-02 3.941E-05 1.370E+03 9.839E-01 8.841E+01 2.000E+00
5.698E+08 7.165E+02 3.156E+00 3.697E-02 3.948E-05 1.371E+03 9.839E-01 8.841E+01 2.000E+00
7.683E+06 7.114E+02 3.164E+00 3.697E-02 3.962E-05 1.374E+03 9.839E-01 8.841E+01 2.000E+00
1.797E+07 7.114E+02 3.164E+00 3.697E-02 3.987E-05 1.374E+03 9.839E-01 8.841E+01 2.000E+00
1.119E+07 8.107E+02 3.022E+00 3.697E-02 4.033E-05 1.304E+03 9.839E-01 8.841E+01 2.000E+00
1.520E+06 3.187E+02 3.942E+00 3.697E-02 4.118E-05 2.400E+03 9.839E-01 8.841E+01 2.000E+00
1.159E+07 6.347E+02 3.287E+00 3.697E-02 4.273E-05 1.446E+03 9.839E-01 8.841E+01 2.000E+00
6.723E+06 5.883E+02 3.367E+00 3.697E-02 4.558E-05 1.502E+03 9.839E-01 8.841E+01 2.000E+00
2.745E+07 5.526E+02 3.433E+00 3.697E-02 5.080E-05 1.553E+03 9.839E-01 8.841E+01 2.000E+00
6.246E+06 7.431E+02 3.117E+00 3.697E-02 6.036E-05 1.349E+03 9.839E-01 8.841E+01 2.000E+00
4.217E+06 5.084E+02 3.519E+00 3.697E-02 7.789E-05 1.629E+03 9.840E-01 8.841E+01 2.000E+00
4.230E+06 7.077E+02 3.170E+00 3.697E-02 1.100E-04 1.377E+03 9.841E-01 8.841E+01 2.000E+00
3.805E+06 4.091E+02 3.731E+00 3.697E-02 1.689E-04 1.890E+03 9.843E-01 8.842E+01 2.000E+00
9.357E+05 3.363E+02 3.901E+00 3.697E-02 2.769E-04 2.258E+03 9.847E-01 8.842E+01 2.000E+00
1.028E+06 7.157E+02 3.158E+00 3.697E-02 4.747E-04 1.370E+03 9.854E-01 8.842E+01 2.000E+00
9.238E+05 4.405E+02 3.662E+00 3.697E-02 8.375E-04 1.788E+03 9.860E-01 8.843E+01 2.000E+00
7.198E+05 2.693E+02 4.065E+00 3.697E-02 1.502E-03 3.044E+03 9.867E-01 8.845E+01 2.000E+00
3.788E+06 8.643E+02 2.955E+00 3.697E-02 2.721E-03 1.274E+03 9.878E-01 8.847E+01 2.000E+00
2.017E+07 8.720E+02 2.948E+00 3.697E-02 4.955E-03 1.271E+03 9.899E-01 8.852E+01 2.000E+00
5.463E+06 5.231E+02 3.490E+00 4.677E-02 3.937E-05 1.604E+03 9.946E-01 8.841E+01 2.000E+00
6.248E+06 5.231E+02 3.490E+00 4.677E-02 3.941E-05 1.610E+03 9.946E-01 8.841E+01 2.000E+00
8.500E+06 5.231E+02 3.490E+00 4.677E-02 3.948E-05 1.603E+03 9.946E-01 8.841E+01 2.000E+00
2.569E+07 5.231E+02 3.490E+00 4.677E-02 3.962E-05 1.603E+03 9.946E-01 8.841E+01 2.000E+00
1.417E+07 8.990E+02 2.910E+00 4.677E-02 3.987E-05 1.258E+03 9.946E-01 8.841E+01 2.000E+00
3.427E+06 4.809E+02 3.575E+00 4.677E-02 4.033E-05 1.687E+03 9.946E-01 8.841E+01 2.000E+00
2.860E+06 8.768E+02 2.937E+00 4.677E-02 4.118E-05 1.268E+03 9.946E-01 8.841E+01 2.000E+00
1.411E+07 5.088E+02 3.518E+00 4.677E-02 4.273E-05 1.630E+03 9.946E-01 8.841E+01 2.000E+00
1.273E+06 8.880E+02 2.924E+00 4.677E-02 4.558E-05 1.264E+03 9.946E-01 8.841E+01 2.000E+00
3.661E+06 8.654E+02 2.952E+00 4.677E-02 5.080E-05 1.274E+03 9.946E-01 8.841E+01 2.000E+00
5.676E+07 9.716E+02 2.827E+00 4.677E-02 6.036E-05 1.225E+03 9.946E-01 8.841E+01 2.000E+00
3.172E+06 7.882E+02 3.053E+00 4.677E-02 7.789E-05 1.319E+03 9.946E-01 8.841E+01 2.000E+00
4.092E+06 8.538E+02 2.966E+00 4.677E-02 1.100E-04 1.280E+03 9.946E-01 8.841E+01 2.000E+00
9.147E+06 6.915E+02 3.195E+00 4.677E-02 1.689E-04 1.392E+03 9.947E-01 8.842E+01 2.000E+00
1.387E+07 3.721E+02 3.816E+00 4.677E-02 2.769E-04 2.047E+03 9.948E-01 8.842E+01 2.000E+00
3.836E+06 8.022E+02 3.034E+00 4.677E-02 4.747E-04 1.310E+03 9.950E-01 8.842E+01 2.000E+00
1.220E+07 9.361E+02 2.867E+00 4.677E-02 8.375E-04 1.254E+03 9.953E-01 8.843E+01 2.000E+00
1.480E+07 5.823E+02 3.380E+00 4.677E-02 1.502E-03 1.511E+03 9.959E-01 8.845E+01 2.000E+00
1.905E+06 6.459E+02 3.271E+00 4.677E-02 2.721E-03 1.435E+03 9.971E-01 8.847E+01 2.000E+00
3.173E+06 7.712E+02 3.082E+00 4.677E-02 4.955E-03 1.331E+03 9.992E-01 8.853E+01 2.000E+00
6.952E+07 3.482E+02 3.872E+00 5.915E-02 3.937E-05 2.182E+03 1.000E+00 8.841E+01 0.000E+00
2.909E+06 6.318E+02 3.292E+00 5.915E-02 3.941E-05 1.453E+03 1.000E+00 8.841E+01 0.000E+00
3.172E+06 6.318E+02 3.292E+00 5.915E-02 3.948E-05 1.453E+03 1.000E+00 8.841E+01 0.000E+00
3.812E+06 6.318E+02 3.292E+00 5.915E-02 3.962E-05 1.453E+03 1.000E+00 8.841E+01 0.000E+00
6.118E+06 6.318E+02 3.292E+00 5.915E-02 3.987E-05 1.473E+03 1.000E+00 8.841E+01 0.000E+00
1.157E+06 4.540E+02 3.631E+00 5.915E-02 4.033E-05 1.758E+03 1.000E+00 8.841E+01 0.000E+00
2.246E+06 4.546E+02 3.630E+00 5.915E-02 4.118E-05 1.754E+03 1.000E+00 8.841E+01 0.000E+00
6.493E+06 4.673E+02 3.603E+00 5.915E-02 4.273E-05 1.721E+03 1.000E+00 8.841E+01 0.000E+00
3.470E+06 9.452E+02 2.856E+00 5.915E-02 4.558E-05 1.238E+03 1.000E+00 8.841E+01 0.000E+00
1.544E+06 3.304E+02 3.915E+00 5.915E-02 5.080E-05 2.320E+03 1.000E+00 8.841E+01 0.000E+00
8.667E+06 7.082E+02 3.169E+00 5.915E-02 6.036E-05 1.380E+03 1.000E+00 8.841E+01 0.000E+00
4.382E+06 6.926E+02 3.193E+00 5.915E-02 7.789E-05 1.393E+03 1.000E+00 8.841E+01 0.000E+00
1.643E+06 3.601E+02 3.844E+00 5.915E-02 1.100E-04 2.114E+03 1.000E+00 8.841E+01 0.000E+00
1.499E+07 5.333E+02 3.470E+00 5.915E-02 1.689E-04 1.587E+03 1.000E+00 8.842E+01 0.000E+00
1.018E+06 3.660E+02 3.831E+00 5.915E-02 2.769E-04 2.079E+03 1.000E+00 8.842E+01 0.000E+00
2.321E+07 9.944E+02 2.802E+00 5.915E-02 4.747E-04 1.219E+03 1.000E+00 8.842E+01 0.000E+00
1.825E+07 9.611E+02 2.839E+00 5.915E-02 8.375E-04 1.233E+03 1.000E+00 8.843E+01 0.000E+00
1.003E+06 6.309E+02 3.295E+00 5.915E-02 1.502E-03 1.456E+03 1.000E+00 8.845E+01 0.000E+00
4.418E+06 2.994E+02 3.998E+00 5.915E-02 2.721E-03 2.572E+03 1.000E+00 8.847E+01 0.000E+00
1.338E+06 7.277E+02 3.145E+00 5.915E-02 4.955E-03 1.365E+03 1.000E+00 8.853E+01 0.000E+00
7.926E+05 2.945E+02 4.001E+00 7.482E-02 3.937E-05 2.661E+03 1.000E+00 8.841E+01 0.000E+00
4.363E+07 8.420E+02 2.981E+00 7.482E-02 3.941E-05 1.291E+03 1.000E+00 8.841E+01 0.000E+00
8.434E+07 8.420E+02 2.981E+00 7.482E-02 3.948E-05 1.291E+03 1.000E+00 8.841E+01 0.000E+00
6.430E+06 6.719E+02 3.226E+00 7.482E-02 3.962E-05 1.414E+03 1.000E+00 8.841E+01 0.000E+00
1.465E+07 6.719E+02 3.226E+00 7.482E-02 3.987E-05 1.414E+03 1.000E+00 8.841E+01 0.000E+00
4.011E+06 6.573E+02 3.249E+00 7.482E-02 4.033E-05 1.428E+03 1.000E+00 8.841E+01 0.000E+00
4.697E+06 8.400E+02 2.984E+00 7.482E-02 4.118E-05 1.297E+03 1.000E+00 8.841E+01 0.000E+00
1.791E+07 5.016E+02 3.533E+00 7.482E-02 4.273E-05 1.648E+03 1.000E+00 8.841E+01 0.000E+00
3.713E+06 5.302E+02 3.476E+00 7.482E-02 4.558E-05 1.595E+03 1.000E+00 8.841E+01 0.000E+00
2.463E+06 3.185E+02 3.943E+00 7.482E-02 5.080E-05 2.405E+03 1.000E+00 8.841E+01 0.000E+00
2.509E+06 8.883E+02 2.923E+00 7.482E-02 6.036E-05 1.267E+03 1.000E+00 8.841E+01 0.000E+00
7.603E+06 9.054E+02 2.903E+00 7.482E-02 7.789E-05 1.258E+03 1.000E+00 8.841E+01 0.000E+00
7.134E+06 3.310E+02 3.914E+00 7.482E-02 1.100E-04 2.302E+03 1.000E+00 8.841E+01 0.000E+00
1.532E+06 3.420E+02 3.887E+00 7.482E-02 1.689E-04 2.223E+03 1.000E+00 8.842E+01 0.000E+00
8.226E+06 8.105E+02 3.023E+00 7.482E-02 2.769E-04 1.310E+03 1.000E+00 8.842E+01 0.000E+00
3.810E+06 8.319E+02 2.995E+00 7.482E-02 4.747E-04 1.297E+03 1.000E+00 8.842E+01 0.000E+00
2.004E+06 4.769E+02 3.585E+00 7.482E-02 8.375E-04 1.699E+03 1.000E+00 8.843E+01 0.000E+00
2.015E+07 9.215E+02 2.885E+00 7.482E-02 1.502E-03 1.252E+03 1.000E+00 8.845E+01 0.000E+00
4.505E+06 9.235E+02 2.884E+00 7.482E-02 2.721E-03 1.252E+03 1.000E+00 8.847E+01 0.000E+00
4.179E+06 9.366E+02 2.870E+00 7.482E-02 4.955E-03 1.247E+03 1.000E+00 8.853E+01 0.000E+00
2.082E+06 6.173E+02 3.316E+00 9.464E-02 3.937E-05 1.474E+03 1.000E+00 8.841E+01 0.000E+00
2.153E+06 6.173E+02 3.316E+00 9.464E-02 3.941E-05 1.480E+03 1.000E+00 8.841E+01 0.000E+00
2.297E+06 6.173E+02 3.316E+00 9.464E-02 3.948E-05 1.475E+03 1.000E+00 8.841E+01 0.000E+00
2.621E+06 6.173E+02 3.316E+00 9.464E-02 3.962E-05 1.474E+03 1.000E+00 8.841E+01 0.000E+00
3.564E+06 6.173E+02 3.316E+00 9.464E-02 3.987E-05 1.475E+03 1.000E+00 8.841E+01 0.000E+00
1.129E+07 6.173E+02 3.316E+00 9.464E-02 4.033E-05 1.474E+03 1.000E+00 8.841E+01 0.000E+00
3.956E+06 6.233E+02 3.306E+00 9.464E-02 4.118E-05 1.467E+03 1.000E+00 8.841E+01 0.000E+00
2.666E+07 8.781E+02 2.936E+00 9.464E-02 4.273E-05 1.276E+03 1.000E+00 8.841E+01 0.000E+00
5.382E+06 7.019E+02 3.179E+00 9.464E-02 4.558E-05 1.390E+03 1.000E+00 8.841E+01 0.000E+00
6.447E+06 7.650E+02 3.085E+00 9.464E-02 5.080E-05 1.342E+03 1.000E+00 8.841E+01 0.000E+00
1.948E+06 8.918E+02 2.919E+00 9.464E-02 6.036E-05 1.268E+03 1.000E+00 8.841E+01 0.000E+00
1.589E+06 5.374E+02 3.462E+00 9.464E-02 7.789E-05 1.586E+03 1.000E+00 8.841E+01 0.000E+00
5.417E+05 2.827E+02 4.029E+00 9.464E-02 1.100E-04 2.827E+03 1.000E+00 8.842E+01 0.000E+00
2.982E+07 7.877E+02 3.054E+00 9.464E-02 1.689E-04 1.327E+03 1.000E+00 8.842E+01 0.000E+00
4.177E+07 6.658E+02 3.236E+00 9.464E-02 2.769E-04 1.423E+03 1.000E+00 8.842E+01 0.000E+00
1.243E+07 9.546E+02 2.846E+00 9.464E-02 4.747E-04 1.240E+03 1.000E+00 8.842E+01 0.000E+00
2.238E+06 9.238E+02 2.882E+00 9.464E-02 8.375E-04 1.254E+03 1.000E+00 8.843E+01 0.000E+00
4.090E+06 7.610E+02 3.093E+00 9.464E-02 1.502E-03 1.345E+03 1.000E+00 8.845E+01 0.000E+00
4.957E+06 9.836E+02 2.816E+00 9.464E-02 2.721E-03 1.232E+03 1.000E+00 8.847E+01 0.000E+00
2.233E+06 6.371E+02 3.289E+00 9.464E-02 4.955E-03 1.451E+03 1.000E+00 8.853E+01 0.000E+00
1.635E+07 9.944E+02 2.802E+00 1.197E-01 3.937E-05 1.228E+03 1.000E+00 8.841E+01 0.000E+00
1.640E+07 9.944E+02 2.802E+00 1.197E-01 3.941E-05 1.229E+03 1.000E+00 8.841E+01 0.000E+00
1.649E+07 9.944E+02 2.802E+00 1.197E-01 3.948E-05 1.228E+03 1.000E+00 8.841E+01 0.000E+00
1.666E+07 9.944E+02 2.802E+00 1.197E-01 3.962E-05 1.590E+03 1.000E+00 8.841E+01 0.000E+00
1.698E+07 9.944E+02 2.802E+00 1.197E-01 3.987E-05 1.228E+03 1.000E+00 8.841E+01 0.000E+00
1.760E+07 9.944E+02 2.802E+00 1.197E-01 4.033E-05 1.229E+03 1.000E+00 8.841E+01 0.000E+00
3.781E+06 7.018E+02 3.179E+00 1.197E-01 4.118E-05 1.395E+03 1.000E+00 8.841E+01 0.000E+00
5.305E+06 2.643E+02 4.072E+00 1.197E-01 4.273E-05 3.180E+03 1.000E+00 8.841E+01 0.000E+00
3.015E+07 9.944E+02 2.802E+00 1.197E-01 4.558E-05 1.228E+03 1.000E+00 8.841E+01 0.000E+00
1.071E+08 9.944E+02 2.802E+00 1.197E-01 5.080E-05 1.228E+03 1.000E+00 8.841E+01 0.000E+00
1.632E+07 9.619E+02 2.838E+00 1.197E-01 6.036E-05 1.246E+03 1.000E+00 8.841E+01 0.000E+00
3.239E+06 4.087E+02 3.732E+00 1.197E-01 7.789E-05 1.902E+03 1.000E+00 8.841E+01 0.000E+00
7.859E+06 6.448E+02 3.270E+00 1.197E-01 1.100E-04 1.448E+03 1.000E+00 8.842E+01 0.000E+00
4.791E+06 4.602E+02 3.619E+00 1.197E-01 1.689E-04 1.746E+03 1.000E+00 8.842E+01 0.000E+00
9.730E+06 9.118E+02 2.895E+00 1.197E-01 2.769E-04 1.278E+03 1.000E+00 8.842E+01 0.000E+00
2.189E+06 4.073E+02 3.736E+00 1.197E-01 4.747E-04 1.906E+03 1.000E+00 8.842E+01 0.000E+00
9.101E+05 3.774E+02 3.806E+00 1.197E-01 8.375E-04 2.028E+03 1.000E+00 8.843E+01 0.000E+00
1.628E+08 9.610E+02 2.840E+00 1.197E-01 1.502E-03 1.242E+03 1.000E+00 8.845E+01 0.000E+00
6.917E+06 5.536E+02 3.436E+00 1.197E-01 2.721E-03 1.561E+03 1.000E+00 8.848E+01 0.000E+00
9.044E+06 5.665E+02 3.415E+00 1.197E-01 4.955E-03 1.541E+03 1.000E+00 8.853E+01 0.000E+00
5.022E+06 9.169E+02 2.889E+00 1.514E-01 3.937E-05 1.266E+03 1.000E+00 8.841E+01 0.000E+00
5.092E+06 9.169E+02 2.889E+00 1.514E-01 3.941E-05 1.268E+03 1.000E+00 8.841E+01 0.000E+00
5.226E+06 9.169E+02 2.889E+00 1.514E-01 3.948E-05 1.266E+03 1.000E+00 8.841E+01 0.000E+00
5.490E+06 9.169E+02 2.889E+00 1.514E-01 3.962E-05 1.266E+03 1.000E+00 8.841E+01 0.000E+00
6.056E+06 9.169E+02 2.889E+00 1.514E-01 3.987E-05 1.266E+03 1.000E+00 8.841E+01 0.000E+00
7.485E+06 9.169E+02 2.889E+00 1.514E-01 4.033E-05 1.266E+03 1.000E+00 8.841E+01 0.000E+00
2.718E+06 5.031E+02 3.530E+00 1.514E-01 4.118E-05 1.655E+03 1.000E+00 8.841E+01 0.000E+00
1.266E+08 9.235E+02 2.881E+00 1.514E-01 4.273E-05 1.290E+03 1.000E+00 8.841E+01 0.000E+00
4.708E+07 5.672E+02 3.406E+00 1.514E-01 4.558E-05 1.548E+03 1.000E+00 8.841E+01 0.000E+00
1.168E+07 5.894E+02 3.366E+00 1.514E-01 5.080E-05 1.517E+03 1.000E+00 8.842E+01 0.000E+00
1.793E+06 3.656E+02 3.832E+00 1.514E-01 6.036E-05 2.093E+03 1.000E+00 8.842E+01 0.000E+00
4.352E+06 5.371E+02 3.463E+00 1.514E-01 7.789E-05 1.594E+03 1.000E+00 8.842E+01 0.000E+00
3.167E+06 3.596E+02 3.846E+00 1.514E-01 1.100E-04 2.125E+03 1.000E+00 8.842E+01 0.000E+00
3.303E+06 9.611E+02 2.839E+00 1.514E-01 1.689E-04 1.247E+03 1.000E+00 8.842E+01 0.000E+00
2.211E+07 9.038E+02 2.905E+00 1.514E-01 2.769E-04 1.272E+03 1.000E+00 8.842E+01 0.000E+00
2.455E+06 6.044E+02 3.340E+00 1.514E-01 4.747E-04 1.498E+03 1.000E+00 8.842E+01 0.000E+00
2.416E+06 5.744E+02 3.394E+00 1.514E-01 8.375E-04 1.537E+03 1.000E+00 8.843E+01 0.000E+00
1.405E+06 4.658E+02 3.610E+00 1.514E-01 1.502E-03 1.735E+03 1.000E+00 8.845E+01 0.000E+00
4.897E+06 9.482E+02 2.855E+00 1.514E-01 2.721E-03 1.254E+03 1.000E+00 8.848E+01 0.000E+00
1.539E+06 2.814E+02 4.051E+00 1.514E-01 4.955E-03 2.781E+03 1.000E+00 8.853E+01 0.000E+00
2.279E+06 5.663E+02 3.408E+00 1.915E-01 3.937E-05 1.555E+03 1.000E+00 8.842E+01 0.000E+00
2.382E+06 5.663E+02 3.408E+00 1.915E-01 3.941E-05 1.555E+03 1.000E+00 8.842E+01 0.000E+00
2.599E+06 5.663E+02 3.408E+00 1.915E-01 3.948E-05 1.555E+03 1.000E+00 8.842E+01 0.000E+00
3.127E+06 5.663E+02 3.408E+00 1.915E-01 3.962E-05 1.555E+03 1.000E+00 8.842E+01 0.000E+00
5.049E+06 5.663E+02 3.408E+00 1.915E-01 3.987E-05 1.555E+03 1.000E+00 8.842E+01 0.000E+00
7.463E+06 5.518E+02 3.435E+00 1.915E-01 4.033E-05 1.580E+03 1.000E+00 8.842E+01 0.000E+00
2.584E+06 4.768E+02 3.584E+00 1.915E-01 4.118E-05 1.716E+03 1.000E+00 8.842E+01 0.000E+00
4.414E+06 4.855E+02 3.566E+00 1.915E-01 4.273E-05 1.698E+03 1.000E+00 8.842E+01 0.000E+00
2.992E+06 4.801E+02 3.577E+00 1.915E-01 4.558E-05 1.709E+03 1.000E+00 8.842E+01 0.000E+00
5.347E+07 4.733E+02 3.591E+00 1.915E-01 5.080E-05 1.725E+03 1.000E+00 8.842E+01 0.000E+00
2.403E+07 6.396E+02 3.279E+00 1.915E-01 6.036E-05 1.465E+03 1.000E+00 8.842E+01 0.000E+00
8.969E+05 4.163E+02 3.715E+00 1.915E-01 7.789E-05 1.885E+03 1.000E+00 8.842E+01 0.000E+00
4.021E+06 7.589E+02 3.094E+00 1.915E-01 1.100E-04 1.362E+03 1.000E+00 8.842E+01 0.000E+00
3.165E+06 6.567E+02 3.251E+00 1.915E-01 1.689E-04 1.447E+03 1.000E+00 8.842E+01 0.000E+00
1.753E+07 4.843E+02 3.569E+00 1.915E-01 2.769E-04 1.699E+03 1.000E+00 8.842E+01 0.000E+00
3.481E+06 9.360E+02 2.867E+00 1.915E-01 4.747E-04 1.265E+03 1.000E+00 8.843E+01 0.000E+00
3.408E+06 8.784E+02 2.936E+00 1.915E-01 8.375E-04 1.292E+03 1.000E+00 8.843E+01 0.000E+00
6.906E+05 5.375E+02 3.465E+00 1.915E-01 1.502E-03 1.598E+03 1.000E+00 8.845E+01 0.000E+00
3.651E+07 4.449E+02 3.657E+00 1.915E-01 2.721E-03 1.792E+03 1.000E+00 8.848E+01 0.000E+00
3.189E+06 9.661E+02 2.837E+00 1.915E-01 4.955E-03 1.257E+03 1.000E+00 8.853E+01 0.000E+00
1.963E+06 7.789E+02 3.066E+00 2.422E-01 3.937E-05 1.361E+03 1.000E+00 8.842E+01 0.000E+00
1.993E+06 7.789E+02 3.066E+00 2.422E-01 3.941E-05 1.357E+03 1.000E+00 8.842E+01 0.000E+00
2.049E+06 7.789E+02 3.066E+00 2.422E-01 3.948E-05 1.357E+03 1.000E+00 8.842E+01 0.000E+00
2.161E+06 7.789E+02 3.066E+00 2.422E-01 3.962E-05 1.357E+03 1.000E+00 8.842E+01 0.000E+00
2.405E+06 7.789E+02 3.066E+00 2.422E-01 3.987E-05 1.357E+03 1.000E+00 8.842E+01 0.000E+00
4.327E+06 2.940E+02 4.004E+00 2.422E-01 4.033E-05 2.676E+03 1.000E+00 8.842E+01 0.000E+00
6.342E+06 7.789E+02 3.066E+00 2.422E-01 4.118E-05 1.357E+03 1.000E+00 8.842E+01 0.000E+00
6.461E+06 7.013E+02 3.180E+00 2.422E-01 4.273E-05 1.415E+03 1.000E+00 8.842E+01 0.000E+00
7.787E+05 8.919E+02 2.919E+00 2.422E-01 4.558E-05 1.295E+03 1.000E+00 8.842E+01 0.000E+00
1.827E+06 4.126E+02 3.724E+00 2.422E-01 5.080E-05 1.904E+03 1.000E+00 8.842E+01 0.000E+00
3.136E+06 6.568E+02 3.250E+00 2.422E-01 6.036E-05 1.455E+03 1.000E+00 8.842E+01 0.000E+00
1.989E+07 4.798E+02 3.578E+00 2.422E-01 7.789E-05 1.722E+03 1.000E+00 8.842E+01 0.000E+00
8.129E+06 8.698E+02 2.946E+00 2.422E-01 1.100E-04 1.306E+03 1.000E+00 8.842E+01 0.000E+00
5.224E+06 3.733E+02 3.815E+00 2.422E-01 1.689E-04 2.067E+03 1.000E+00 8.842E+01 0.000E+00
7.394E+06 9.204E+02 2.885E+00 2.422E-01 2.769E-04 1.282E+03 1.000E+00 8.842E+01 0.000E+00
1.526E+07 8.798E+02 2.934E+00 2.422E-01 4.747E-04 1.301E+03 1.000E+00 8.843E+01 0.000E+00
2.322E+07 9.872E+02 2.810E+00 2.422E-01 8.375E-04 1.255E+03 1.000E+00 8.844E+01 0.000E+00
3.343E+06 5.972E+02 3.354E+00 2.422E-01 1.502E-03 1.524E+03 1.000E+00 8.845E+01 0.000E+00
1.733E+07 8.736E+02 2.944E+00 2.422E-01 2.721E-03 1.309E+03 1.000E+00 8.848E+01 0.000E+00
6.819E+06 6.450E+02 3.276E+00 2.422E-01 4.955E-03 1.469E+03 1.000E+00 8.853E+01 0.000E+00
1.312E+07 3.891E+02 3.778E+00 3.064E-01 3.937E-05 2.003E+03 1.000E+00 8.842E+01 0.000E+00
2.201E+07 3.891E+02 3.778E+00 3.064E-01 3.941E-05 2.003E+03 1.000E+00 8.842E+01 0.000E+00
3.308E+06 5.528E+02 3.433E+00 3.064E-01 3.948E-05 1.593E+03 1.000E+00 8.842E+01 0.000E+00
4.284E+06 5.528E+02 3.433E+00 3.064E-01 3.962E-05 1.593E+03 1.000E+00 8.842E+01 0.000E+00
9.583E+06 5.528E+02 3.433E+00 3.064E-01 3.987E-05 1.594E+03 1.000E+00 8.842E+01 0.000E+00
1.155E+06 5.544E+02 3.430E+00 3.064E-01 4.033E-05 1.591E+03 1.000E+00 8.842E+01 0.000E+00
2.081E+06 5.544E+02 3.430E+00 3.064E-01 4.118E-05 1.600E+03 1.000E+00 8.842E+01 0.000E+00
3.283E+06 5.512E+02 3.436E+00 3.064E-01 4.273E-05 1.596E+03 1.000E+00 8.842E+01 0.000E+00
1.508E+06 6.725E+02 3.225E+00 3.064E-01 4.558E-05 1.452E+03 1.000E+00 8.842E+01 0.000E+00
1.516E+06 3.648E+02 3.835E+00 3.064E-01 5.080E-05 2.116E+03 1.000E+00 8.842E+01 0.000E+00
1.883E+06 6.071E+02 3.335E+00 3.064E-01 6.036E-05 1.520E+03 1.000E+00 8.842E+01 0.000E+00
3.254E+06 2.996E+02 3.991E+00 3.064E-01 7.789E-05 2.614E+03 1.000E+00 8.842E+01 0.000E+00
7.262E+07 7.765E+02 3.069E+00 3.064E-01 1.100E-04 1.372E+03 1.000E+00 8.842E+01 0.000E+00
1.893E+06 6.009E+02 3.346E+00 3.064E-01 1.689E-04 1.528E+03 1.000E+00 8.842E+01 0.000E+00
2.755E+06 8.996E+02 2.910E+00 3.064E-01 2.769E-04 1.305E+03 1.000E+00 8.842E+01 0.000E+00
1.210E+07 9.785E+02 2.820E+00 3.064E-01 4.747E-04 1.272E+03 1.000E+00 8.843E+01 0.000E+00
3.348E+06 6.218E+02 3.310E+00 3.064E-01 8.375E-04 1.504E+03 1.000E+00 8.844E+01 0.000E+00
1.406E+06 8.759E+02 2.940E+00 3.064E-01 1.502E-03 1.317E+03 1.000E+00 8.845E+01 0.000E+00
3.284E+06 5.056E+02 3.530E+00 3.064E-01 2.721E-03 1.673E+03 1.000E+00 8.848E+01 0.000E+00
2.195E+06 6.984E+02 3.190E+00 3.064E-01 4.955E-03 1.433E+03 1.000E+00 8.853E+01 0.000E+00
1.863E+06 6.700E+02 3.229E+00 3.875E-01 3.937E-05 1.471E+03 1.000E+00 8.842E+01 0.000E+00
1.908E+06 6.700E+02 3.229E+00 3.875E-01 3.941E-05 1.471E+03 1.000E+00 8.842E+01 0.000E+00
1.996E+06 6.700E+02 3.229E+00 3.875E-01 3.948E-05 1.477E+03 1.000E+00 8.842E+01 0.000E+00
2.182E+06 6.700E+02 3.229E+00 3.875E-01 3.962E-05 1.470E+03 1.000E+00 8.842E+01 0.000E+00
2.643E+06 6.700E+02 3.229E+00 3.875E-01 3.987E-05 1.472E+03 1.000E+00 8.842E+01 0.000E+00
4.407E+06 6.700E+02 3.229E+00 3.875E-01 4.033E-05 1.470E+03 1.000E+00 8.842E+01 0.000E+00
6.615E+06 6.735E+02 3.224E+00 3.875E-01 4.118E-05 1.467E+03 1.000E+00 8.842E+01 0.000E+00
1.481E+08 8.139E+02 3.018E+00 3.875E-01 4.273E-05 1.366E+03 1.000E+00 8.842E+01 0.000E+00
1.548E+06 7.100E+02 3.167E+00 3.875E-01 4.558E-05 1.436E+03 1.000E+00 8.842E+01 0.000E+00
6.987E+07 6.387E+02 3.281E+00 3.875E-01 5.080E-05 1.501E+03 1.000E+00 8.842E+01 0.000E+00
2.434E+06 7.333E+02 3.132E+00 3.875E-01 6.036E-05 1.418E+03 1.000E+00 8.842E+01 0.000E+00
1.102E+06 7.909E+02 3.050E+00 3.875E-01 7.789E-05 1.381E+03 1.000E+00 8.842E+01 0.000E+00
1.802E+06 7.784E+02 3.067E+00 3.875E-01 1.100E-04 1.388E+03 1.000E+00 8.842E+01 0.000E+00
2.275E+06 8.422E+02 2.982E+00 3.875E-01 1.689E-04 1.351E+03 1.000E+00 8.842E+01 0.000E+00
1.170E+06 5.068E+02 3.524E+00 3.875E-01 2.769E-04 1.686E+03 1.000E+00 8.843E+01 0.000E+00
2.980E+06 5.553E+02 3.429E+00 3.875E-01 4.747E-04 1.610E+03 1.000E+00 8.843E+01 0.000E+00
2.893E+06 7.190E+02 3.154E+00 3.875E-01 8.375E-04 1.430E+03 1.000E+00 8.844E+01 0.000E+00
4.822E+06 5.203E+02 3.499E+00 3.875E-01 1.502E-03 1.661E+03 1.000E+00 8.845E+01 0.000E+00
4.165E+06 6.591E+02 3.250E+00 3.875E-01 2.721E-03 1.483E+03 1.000E+00 8.848E+01 0.000E+00
4.603E+06 8.163E+02 3.020E+00 3.875E-01 4.955E-03 1.372E+03 1.000E+00 8.853E+01 0.000E+00
3.606E+06 7.884E+02 3.053E+00 4.902E-01 3.937E-05 1.407E+03 1.000E+00 8.842E+01 0.000E+00
3.709E+06 7.884E+02 3.053E+00 4.902E-01 3.941E-05 1.406E+03 1.000E+00 8.842E+01 0.000E+00
3.913E+06 7.884E+02 3.053E+00 4.902E-01 3.948E-05 1.406E+03 1.000E+00 8.842E+01 0.000E+00
4.355E+06 7.884E+02 3.053E+00 4.902E-01 3.962E-05 1.406E+03 1.000E+00 8.842E+01 0.000E+00
5.515E+06 7.884E+02 3.053E+00 4.902E-01 3.987E-05 1.407E+03 1.000E+00 8.842E+01 0.000E+00
1.104E+07 7.884E+02 3.053E+00 4.902E-01 4.033E-05 1.407E+03 1.000E+00 8.842E+01 0.000E+00
5.514E+06 7.781E+02 3.067E+00 4.902E-01 4.118E-05 1.413E+03 1.000E+00 8.842E+01 0.000E+00
3.468E+06 5.860E+02 3.372E+00 4.902E-01 4.273E-05 1.583E+03 1.000E+00 8.842E+01 0.000E+00
1.506E+06 6.911E+02 3.196E+00 4.902E-01 4.558E-05 1.475E+03 1.000E+00 8.842E+01 0.000E+00
1.358E+06 3.468E+02 3.879E+00 4.902E-01 5.080E-05 2.244E+03 1.000E+00 8.842E+01 0.000E+00
1.275E+07 7.456E+02 3.114E+00 4.902E-01 6.036E-05 1.435E+03 1.000E+00 8.842E+01 0.000E+00
3.595E+06 3.578E+02 3.853E+00 4.902E-01 7.789E-05 2.180E+03 1.000E+00 8.842E+01 0.000E+00
5.871E+06 4.450E+02 3.653E+00 4.902E-01 1.100E-04 1.844E+03 1.000E+00 8.842E+01 0.000E+00
5.163E+06 6.343E+02 3.288E+00 4.902E-01 1.689E-04 1.528E+03 1.000E+00 8.843E+01 0.000E+00
4.201E+06 4.921E+02 3.554E+00 4.902E-01 2.769E-04 1.734E+03 1.000E+00 8.843E+01 0.000E+00
9.928E+05 2.926E+02 4.012E+00 4.902E-01 4.747E-04 2.709E+03 1.000E+00 8.843E+01 0.000E+00
3.187E+06 8.062E+02 3.030E+00 4.902E-01 8.375E-04 1.398E+03 1.000E+00 8.844E+01 0.000E+00
1.839E+08 8.696E+02 2.948E+00 4.902E-01 1.502E-03 1.367E+03 1.000E+00 8.846E+01 0.000E+00
5.676E+07 7.185E+02 3.157E+00 4.902E-01 2.721E-03 1.458E+03 1.000E+00 8.848E+01 0.000E+00
6.494E+06 6.353E+02 3.293E+00 4.902E-01 4.955E-03 1.533E+03 1.000E+00 8.854E+01 0.000E+00
1.309E+06 7.675E+02 3.082E+00 6.200E-01 3.937E-05 1.457E+03 1.000E+00 8.843E+01 0.000E+00
1.321E+06 7.675E+02 3.082E+00 6.200E-01 3.941E-05 1.457E+03 1.000E+00 8.843E+01 0.000E+00
1.345E+06 7.675E+02 3.083E+00 6.200E-01 3.948E-05 1.457E+03 1.000E+00 8.843E+01 0.000E+00
1.390E+06 7.675E+02 3.083E+00 6.200E-01 3.962E-05 1.457E+03 1.000E+00 8.843E+01 0.000E+00
1.483E+06 7.675E+02 3.083E+00 6.200E-01 3.987E-05 1.457E+03 1.000E+00 8.843E+01 0.000E+00
1.696E+06 7.675E+02 3.083E+00 6.200E-01 4.033E-05 1.457E+03 1.000E+00 8.843E+01 0.000E+00
2.343E+06 7.675E+02 3.083E+00 6.200E-01 4.118E-05 1.457E+03 1.000E+00 8.843E+01 0.000E+00
9.860E+06 7.675E+02 3.083E+00 6.200E-01 4.273E-05 1.457E+03 1.000E+00 8.843E+01 0.000E+00
1.283E+06 3.393E+02 3.898E+00 6.200E-01 4.558E-05 2.318E+03 1.000E+00 8.843E+01 0.000E+00
1.533E+06 6.208E+02 3.312E+00 6.200E-01 5.080E-05 1.574E+03 1.000E+00 8.843E+01 0.000E+00
3.814E+06 9.725E+02 2.826E+00 6.200E-01 6.036E-05 1.371E+03 1.000E+00 8.843E+01 0.000E+00
2.134E+06 9.788E+02 2.819E+00 6.200E-01 7.789E-05 1.366E+03 1.000E+00 8.843E+01 0.000E+00
3.288E+07 9.678E+02 2.831E+00 6.200E-01 1.100E-04 1.371E+03 1.000E+00 8.843E+01 0.000E+00
4.838E+07 8.966E+02 2.914E+00 6.200E-01 1.689E-04 1.395E+03 1.000E+00 8.843E+01 0.000E+00
2.997E+06 8.443E+02 2.979E+00 6.200E-01 2.769E-04 1.418E+03 1.000E+00 8.843E+01 0.000E+00
5.067E+06 5.909E+02 3.365E+00 6.200E-01 4.747E-04 1.609E+03 1.000E+00 8.844E+01 0.000E+00
1.173E+06 7.233E+02 3.148E+00 6.200E-01 8.375E-04 1.487E+03 1.000E+00 8.844E+01 0.000E+00
5.486E+06 5.562E+02 3.430E+00 6.200E-01 1.502E-03 1.656E+03 1.000E+00 8.846E+01 0.000E+00
5.065E+06 9.478E+02 2.856E+00 6.200E-01 2.721E-03 1.385E+03 1.000E+00 8.849E+01 0.000E+00
1.258E+06 4.154E+02 3.731E+00 6.200E-01 4.955E-03 1.955E+03 1.000E+00 8.854E+01 0.000E+00
5.127E+06 3.865E+02 3.787E+00 7.842E-01 3.937E-05 2.102E+03 1.000E+00 8.843E+01 0.000E+00
6.056E+06 3.865E+02 3.787E+00 7.842E-01 3.941E-05 2.100E+03 1.000E+00 8.843E+01 0.000E+00
9.099E+06 3.865E+02 3.787E+00 7.842E-01 3.948E-05 2.100E+03 1.000E+00 8.843E+01 0.000E+00
1.326E+08 3.865E+02 3.787E+00 7.842E-01 3.962E-05 2.100E+03 1.000E+00 8.843E+01 0.000E+00
1.528E+06 7.090E+02 3.169E+00 7.842E-01 3.987E-05 1.553E+03 1.000E+00 8.843E+01 0.000E+00
1.856E+06 7.090E+02 3.169E+00 7.842E-01 4.033E-05 1.555E+03 1.000E+00 8.843E+01 0.000E+00
3.170E+06 7.090E+02 3.169E+00 7.842E-01 4.118E-05 1.553E+03 1.000E+00 8.843E+01 0.000E+00
2.512E+06 6.991E+02 3.184E+00 7.842E-01 4.273E-05 1.560E+03 1.000E+00 8.843E+01 0.000E+00
2.073E+06 9.765E+02 2.822E+00 7.842E-01 4.558E-05 1.448E+03 1.000E+00 8.843E+01 0.000E+00
4.918E+06 6.581E+02 3.249E+00 7.842E-01 5.080E-05 1.591E+03 1.000E+00 8.843E+01 0.000E+00
4.060E+06 9.765E+02 2.822E+00 7.842E-01 6.036E-05 1.448E+03 1.000E+00 8.843E+01 0.000E+00
3.893E+06 5.526E+02 3.435E+00 7.842E-01 7.789E-05 1.705E+03 1.000E+00 8.843E+01 0.000E+00
1.269E+07 2.973E+02 4.003E+00 7.842E-01 1.100E-04 2.697E+03 1.000E+00 8.843E+01 0.000E+00
1.432E+06 9.871E+02 2.810E+00 7.842E-01 1.689E-04 1.447E+03 1.000E+00 8.843E+01 0.000E+00
5.689E+06 3.897E+02 3.780E+00 7.842E-01 2.769E-04 2.087E+03 1.000E+00 8.843E+01 0.000E+00
1.574E+06 9.384E+02 2.865E+00 7.842E-01 4.747E-04 1.459E+03 1.000E+00 8.844E+01 0.000E+00
1.157E+06 6.195E+02 3.315E+00 7.842E-01 8.375E-04 1.629E+03 1.000E+00 8.845E+01 0.000E+00
1.163E+07 9.680E+02 2.832E+00 7.842E-01 1.502E-03 1.458E+03 1.000E+00 8.846E+01 0.000E+00
1.020E+07 4.223E+02 3.711E+00 7.842E-01 2.721E-03 1.975E+03 1.000E+00 8.849E+01 0.000E+00
1.280E+06 7.960E+02 3.048E+00 7.842E-01 4.955E-03 1.529E+03 1.000E+00 8.854E+01 0.000E+00
1.198E+07 9.455E+02 2.857E+00 9.919E-01 3.937E-05 1.627E+03 1.000E+00 8.843E+01 0.000E+00
1.224E+07 9.455E+02 2.857E+00 9.919E-01 3.941E-05 1.626E+03 1.000E+00 8.843E+01 0.000E+00
1.276E+07 9.455E+02 2.857E+00 9.919E-01 3.948E-05 1.627E+03 1.000E+00 8.843E+01 0.000E+00
1.383E+07 9.455E+02 2.857E+00 9.919E-01 3.962E-05 1.626E+03 1.000E+00 8.843E+01 0.000E+00
1.336E+09 2.988E+02 4.001E+00 9.919E-01 3.987E-05 2.715E+03 1.000E+00 8.843E+01 0.000E+00
2.474E+07 9.455E+02 2.857E+00 9.919E-01 4.033E-05 1.626E+03 1.000E+00 8.843E+01 0.000E+00
1.022E+07 6.620E+02 3.243E+00 9.919E-01 4.118E-05 1.684E+03 1.000E+00 8.843E+01 0.000E+00
5.259E+06 9.478E+02 2.854E+00 9.919E-01 4.273E-05 1.627E+03 1.000E+00 8.843E+01 0.000E+00
1.943E+07 9.106E+02 2.897E+00 9.919E-01 4.558E-05 1.624E+03 1.000E+00 8.843E+01 0.000E+00
1.746E+07 8.297E+02 2.998E+00 9.919E-01 5.080E-05 1.626E+03 1.000E+00 8.843E+01 0.000E+00
2.207E+06 7.217E+02 3.150E+00 9.919E-01 6.036E-05 1.654E+03 1.000E+00 8.843E+01 0.000E+00
1.057E+06 3.276E+02 3.930E+00 9.919E-01 7.789E-05 2.481E+03 1.000E+00 8.843E+01 0.000E+00
4.121E+06 5.864E+02 3.373E+00 9.919E-01 1.100E-04 1.745E+03 1.000E+00 8.844E+01 0.000E+00
1.635E+07 2.488E+02 4.122E+00 9.919E-01 1.689E-04 3.568E+03 1.000E+00 8.844E+01 0.000E+00
1.222E+07 8.985E+02 2.912E+00 9.919E-01 2.769E-04 1.625E+03 1.000E+00 8.844E+01 0.000E+00
1.107E+07 7.763E+02 3.071E+00 9.919E-01 4.747E-04 1.639E+03 1.000E+00 8.844E+01 0.000E+00
8.025E+05 7.558E+02 3.101E+00 9.919E-01 8.375E-04 1.654E+03 1.000E+00 8.845E+01 0.000E+00
1.470E+07 5.458E+02 3.451E+00 9.919E-01 1.502E-03 1.798E+03 1.000E+00 8.847E+01 0.000E+00
4.057E+06 3.527E+02 3.877E+00 9.919E-01 2.721E-03 2.309E+03 1.000E+00 8.850E+01 0.000E+00
2.212E+07 5.598E+02 3.430E+00 9.919E-01 4.955E-03 1.801E+03 1.000E+00 8.855E+01 0.000E+00
6.264E+08 5.616E+02 3.419E+00 1.255E+00 3.937E-05 1.935E+03 1.000E+00 8.844E+01 0.000E+00
2.064E+07 9.734E+02 2.826E+00 1.255E+00 3.941E-05 2.573E+03 1.000E+00 8.844E+01 0.000E+00
2.134E+07 9.734E+02 2.826E+00 1.255E+00 3.948E-05 2.573E+03 1.000E+00 8.844E+01 0.000E+00
2.276E+07 9.734E+02 2.826E+00 1.255E+00 3.962E-05 2.573E+03 1.000E+00 8.844E+01 0.000E+00
2.592E+07 9.734E+02 2.826E+00 1.255E+00 3.987E-05 2.573E+03 1.000E+00 8.844E+01 0.000E+00
3.485E+07 9.734E+02 2.826E+00 1.255E+00 4.033E-05 2.573E+03 1.000E+00 8.844E+01 0.000E+00
9.552E+07 9.734E+02 2.826E+00 1.255E+00 4.118E-05 2.573E+03 1.000E+00 8.844E+01 0.000E+00
9.820E+05 9.870E+02 2.811E+00 1.255E+00 4.273E-05 2.657E+03 1.000E+00 8.844E+01 0.000E+00
9.983E+05 9.870E+02 2.811E+00 1.255E+00 4.558E-05 2.658E+03 1.000E+00 8.844E+01 0.000E+00
1.030E+06 9.870E+02 2.811E+00 1.255E+00 5.080E-05 2.661E+03 1.000E+00 8.844E+01 0.000E+00
1.096E+06 9.870E+02 2.811E+00 1.255E+00 6.036E-05 2.671E+03 1.000E+00 8.844E+01 0.000E+00
4.135E+06 6.211E+02 3.312E+00 1.255E+00 7.789E-05 1.913E+03 1.000E+00 8.844E+01 0.000E+00
2.949E+06 8.490E+02 2.974E+00 1.255E+00 1.100E-04 2.114E+03 1.000E+00 8.844E+01 0.000E+00
1.269E+07 9.300E+02 2.875E+00 1.255E+00 1.689E-04 2.368E+03 1.000E+00 8.844E+01 0.000E+00
3.030E+06 3.242E+02 3.942E+00 1.255E+00 2.769E-04 2.568E+03 1.000E+00 8.845E+01 0.000E+00
4.265E+06 4.605E+02 3.624E+00 1.255E+00 4.747E-04 2.058E+03 1.000E+00 8.845E+01 0.000E+00
3.463E+06 7.446E+02 3.117E+00 1.255E+00 8.375E-04 1.980E+03 1.000E+00 8.846E+01 0.000E+00
4.559E+06 9.447E+02 2.859E+00 1.255E+00 1.502E-03 2.550E+03 1.000E+00 8.847E+01 0.000E+00
1.552E+06 9.243E+02 2.884E+00 1.255E+00 2.721E-03 2.548E+03 1.000E+00 8.850E+01 0.000E+00
3.209E+07 9.731E+02 2.830E+00 1.255E+00 4.955E-03 3.065E+03 1.000E+00 8.855E+01 0.000E+00
2.372E+06 4.845E+02 3.573E+00 1.587E+00 3.937E-05 2.367E+03 1.000E+00 8.845E+01 0.000E+00
2.512E+06 4.845E+02 3.573E+00 1.587E+00 3.941E-05 2.367E+03 1.000E+00 8.845E+01 0.000E+00
1.069E+06 2.399E+02 4.153E+00 1.587E+00 3.948E-05 3.888E+03 1.000E+00 8.845E+01 0.000E+00
3.635E+06 4.845E+02 3.573E+00 1.587E+00 3.962E-05 2.367E+03 1.000E+00 8.845E+01 0.000E+00
7.971E+06 4.845E+02 3.573E+00 1.587E+00 3.987E-05 2.368E+03 1.000E+00 8.845E+01 0.000E+00
2.131E+06 4.864E+02 3.569E+00 1.587E+00 4.033E-05 2.369E+03 1.000E+00 8.845E+01 0.000E+00
1.052E+06 2.700E+02 4.080E+00 1.587E+00 4.118E-05 3.257E+03 1.000E+00 8.845E+01 0.000E+00
4.883E+06 2.558E+02 4.115E+00 1.587E+00 4.273E-05 3.493E+03 1.000E+00 8.845E+01 0.000E+00
4.305E+06 2.628E+02 4.098E+00 1.587E+00 4.558E-05 3.360E+03 1.000E+00 8.845E+01 0.000E+00
1.170E+06 4.674E+02 3.609E+00 1.587E+00 5.080E-05 2.360E+03 1.000E+00 8.845E+01 0.000E+00
6.483E+06 5.618E+02 3.420E+00 1.587E+00 6.036E-05 2.557E+03 1.000E+00 8.845E+01 0.000E+00
2.870E+06 4.261E+02 3.700E+00 1.587E+00 7.789E-05 2.381E+03 1.000E+00 8.845E+01 0.000E+00
9.385E+05 5.077E+02 3.526E+00 1.587E+00 1.100E-04 2.396E+03 1.000E+00 8.845E+01 0.000E+00
4.987E+06 5.755E+02 3.395E+00 1.587E+00 1.689E-04 2.648E+03 1.000E+00 8.845E+01 0.000E+00
1.037E+06 4.132E+02 3.730E+00 1.587E+00 2.769E-04 2.402E+03 1.000E+00 8.845E+01 0.000E+00
1.672E+06 3.758E+02 3.819E+00 1.587E+00 4.747E-04 2.489E+03 1.000E+00 8.846E+01 0.000E+00
1.375E+06 4.512E+02 3.646E+00 1.587E+00 8.375E-04 2.381E+03 1.000E+00 8.847E+01 0.000E+00
1.614E+06 2.520E+02 4.130E+00 1.587E+00 1.502E-03 3.823E+03 1.000E+00 8.848E+01 0.000E+00
1.784E+06 6.571E+02 3.256E+00 1.587E+00 2.721E-03 8.042E+03 1.000E+00 8.851E+01 0.000E+00
2.890E+06 6.050E+02 3.348E+00 1.587E+00 4.955E-03 4.318E+03 1.000E+00 8.856E+01 0.000E+00
6.592E+05 3.554E+02 3.870E+00 2.007E+00 3.937E-05 3.198E+03 1.000E+00 8.846E+01 0.000E+00
6.701E+05 3.554E+02 3.870E+00 2.007E+00 3.941E-05 3.147E+03 1.000E+00 8.846E+01 0.000E+00
2.479E+06 3.467E+02 3.892E+00 2.007E+00 3.948E-05 3.304E+03 1.000E+00 8.846E+01 0.000E+00
7.335E+05 3.554E+02 3.870E+00 2.007E+00 3.962E-05 3.147E+03 1.000E+00 8.846E+01 0.000E+00
1.270E+06 3.500E+02 3.884E+00 2.007E+00 3.987E-05 3.134E+03 1.000E+00 8.846E+01 0.000E+00
1.117E+06 3.500E+02 3.884E+00 2.007E+00 4.033E-05 3.135E+03 1.000E+00 8.846E+01 0.000E+00
2.980E+06 3.554E+02 3.870E+00 2.007E+00 4.118E-05 3.162E+03 1.000E+00 8.846E+01 0.000E+00
1.584E+06 2.075E+02 4.235E+00 2.007E+00 4.273E-05 5.643E+03 1.000E+00 8.846E+01 0.000E+00
1.866E+06 3.225E+02 3.953E+00 2.007E+00 4.558E-05 3.143E+03 1.000E+00 8.846E+01 0.000E+00
1.220E+06 3.482E+02 3.888E+00 2.007E+00 5.080E-05 3.131E+03 1.000E+00 8.846E+01 0.000E+00
6.161E+05 2.713E+02 4.083E+00 2.007E+00 6.036E-05 3.481E+03 1.000E+00 8.846E+01 0.000E+00
3.263E+05 2.478E+02 4.142E+00 2.007E+00 7.789E-05 3.854E+03 1.000E+00 8.846E+01 0.000E+00
3.493E+06 3.597E+02 3.860E+00 2.007E+00 1.100E-04 3.166E+03 1.000E+00 8.846E+01 0.000E+00
1.710E+06 2.664E+02 4.096E+00 2.007E+00 1.689E-04 3.545E+03 1.000E+00 8.846E+01 0.000E+00
2.229E+06 2.562E+02 4.122E+00 2.007E+00 2.769E-04 3.697E+03 1.000E+00 8.846E+01 0.000E+00
1.251E+07 2.070E+02 4.239E+00 2.007E+00 4.747E-04 5.655E+03 1.000E+00 8.847E+01 0.000E+00
6.289E+05 2.808E+02 4.062E+00 2.007E+00 8.375E-04 3.394E+03 1.000E+00 8.848E+01 0.000E+00
7.106E+06 3.181E+02 3.969E+00 2.007E+00 1.502E-03 3.212E+03 1.000E+00 8.849E+01 0.000E+00
9.328E+05 2.538E+02 4.138E+00 2.007E+00 2.721E-03 3.753E+03 1.000E+00 8.852E+01 0.000E+00
6.879E+05 2.553E+02 4.143E+00 2.007E+00 4.955E-03 3.756E+03 1.000E+00 8.857E+01 0.000E+00
NAN NAN NAN 2.539E+00 3.937E-05 NAN 1.000E+00 8.847E+01 0.000E+00
NAN NAN NAN 2.539E+00 3.941E-05 NAN 1.000E+00 8.847E+01 0.000E+00
NAN NAN NAN 2.539E+00 3.948E-05 NAN 1.000E+00 8.847E+01 0.000E+00
NAN NAN NAN 2.539E+00 3.962E-05 NAN 1.000E+00 8.847E+01 0.000E+00
NAN NAN NAN 2.539E+00 3.987E-05 NAN 1.000E+00 8.847E+01 0.000E+00
NAN NAN NAN 2.539E+00 4.033E-05 NAN 1.000E+00 8.847E+01 0.000E+00
NAN NAN NAN 2.539E+00 4.118E-05 NAN 1.000E+00 8.847E+01 0.000E+00
NAN NAN NAN 2.539E+00 4.273E-05 NAN 1.000E+00 8.847E+01 0.000E+00
NAN NAN NAN 2.539E+00 4.558E-05 NAN 1.000E+00 8.847E+01 0.000E+00
NAN NAN NAN 2.539E+00 5.080E-05 NAN 1.000E+00 8.847E+01 0.000E+00
NAN NAN NAN 2.539E+00 6.036E-05 NAN 1.000E+00 8.847E+01 0.000E+00
NAN NAN NAN 2.539E+00 7.789E-05 NAN 1.000E+00 8.847E+01 0.000E+00
NAN NAN NAN 2.539E+00 1.100E-04 NAN 1.000E+00 8.847E+01 0.000E+00
NAN NAN NAN 2.539E+00 1.689E-04 NAN 1.000E+00 8.847E+01 0.000E+00
NAN NAN NAN 2.539E+00 2.769E-04 NAN 1.000E+00 8.847E+01 0.000E+00
NAN NAN NAN 2.539E+00 4.747E-04 NAN 1.000E+00 8.848E+01 0.000E+00
NAN NAN NAN 2.539E+00 8.375E-04 NAN 1.000E+00 8.849E+01 0.000E+00
NAN NAN NAN 2.539E+00 1.502E-03 NAN 1.000E+00 8.850E+01 0.000E+00
NAN NAN NAN 2.539E+00 2.721E-03 NAN 1.000E+00 8.853E+01 0.000E+00
NAN NAN NAN 2.539E+00 4.955E-03 NAN 1.000E+00 8.858E+01 0.000E+00
NAN NAN NAN 3.211E+00 3.937E-05 NAN 1.000E+00 8.848E+01 0.000E+00
NAN NAN NAN 3.211E+00 3.941E-05 NAN 1.000E+00 8.848E+01 0.000E+00
NAN NAN NAN 3.211E+00 3.948E-05 NAN 1.000E+00 8.848E+01 0.000E+00
NAN NAN NAN 3.211E+00 3.962E-05 NAN 1.000E+00 8.848E+01 0.000E+00
NAN NAN NAN 3.211E+00 3.987E-05 NAN 1.000E+00 8.848E+01 0.000E+00
NAN NAN NAN 3.211E+00 4.033E-05 NAN 1.000E+00 8.848E+01 0.000E+00
NAN NAN NAN 3.211E+00 4.118E-05 NAN 1.000E+00 8.849E+01 0.000E+00
NAN NAN NAN 3.211E+00 4.273E-05 NAN 1.000E+00 8.849E+01 0.000E+00
NAN NAN NAN 3.211E+00 4.558E-05 NAN 1.000E+00 8.849E+01 0.000E+00
NAN NAN NAN 3.211E+00 5.080E-05 NAN 1.000E+00 8.849E+01 0.000E+00
NAN NAN NAN 3.211E+00 6.036E-05 NAN 1.000E+00 8.849E+01 0.000E+00
NAN NAN NAN 3.211E+00 7.789E-05 NAN 1.000E+00 8.849E+01 0.000E+00
NAN NAN NAN 3.211E+00 1.100E-04 NAN 1.000E+00 8.849E+01 0.000E+00
NAN NAN NAN 3.211E+00 1.689E-04 NAN 1.000E+00 8.849E+01 0.000E+00
NAN NAN NAN 3.211E+00 2.769E-04 NAN 1.000E+00 8.849E+01 0.000E+00
NAN NAN NAN 3.211E+00 4.747E-04 NAN 1.000E+00 8.849E+01 0.000E+00
NAN NAN NAN 3.211E+00 8.375E-04 NAN 1.000E+00 8.850E+01 0.000E+00
NAN NAN NAN 3.211E+00 1.502E-03 NAN 1.000E+00 8.852E+01 0.000E+00
NAN NAN NAN 3.211E+00 2.721E-03 NAN 1.000E+00 8.855E+01 0.000E+00
NAN NAN NAN 3.211E+00 4.955E-03 NAN 1.000E+00 8.860E+01 0.000E+00
NAN NAN NAN 4.062E+00 3.937E-05 NAN 1.000E+00 8.850E+01 0.000E+00
NAN NAN NAN 4.062E+00 3.941E-05 NAN 1.000E+00 8.850E+01 0.000E+00
NAN NAN NAN 4.062E+00 3.948E-05 NAN 1.000E+00 8.850E+01 0.000E+00
NAN NAN NAN 4.062E+00 3.962E-05 NAN 1.000E+00 8.850E+01 0.000E+00
NAN NAN NAN 4.062E+00 3.987E-05 NAN 1.000E+00 8.850E+01 0.000E+00
NAN NAN NAN 4.062E+00 4.033E-05 NAN 1.000E+00 8.850E+01 0.000E+00
NAN NAN NAN 4.062E+00 4.118E-05 NAN 1.000E+00 8.850E+01 0.000E+00
NAN NAN NAN 4.062E+00 4.273E-05 NAN 1.000E+00 8.850E+01 0.000E+00
NAN NAN NAN 4.062E+00 4.558E-05 NAN 1.000E+00 8.850E+01 0.000E+00
NAN NAN NAN 4.062E+00 5.080E-05 NAN 1.000E+00 8.850E+01 0.000E+00
NAN NAN NAN 4.062E+00 6.036E-05 NAN 1.000E+00 8.850E+01 0.000E+00
NAN NAN NAN 4.062E+00 7.789E-05 NAN 1.000E+00 8.851E+01 0.000E+00
NAN NAN NAN 4.062E+00 1.100E-04 NAN 1.000E+00 8.851E+01 0.000E+00
NAN NAN NAN 4.062E+00 1.689E-04 NAN 1.000E+00 8.851E+01 0.000E+00
NAN NAN NAN 4.062E+00 2.769E-04 NAN 1.000E+00 8.851E+01 0.000E+00
NAN NAN NAN 4.062E+00 4.747E-04 NAN 1.000E+00 8.851E+01 0.000E+00
NAN NAN NAN 4.062E+00 8.375E-04 NAN 1.000E+00 8.852E+01 0.000E+00
NAN NAN NAN 4.062E+00 1.502E-03 NAN 1.000E+00 8.854E+01 0.000E+00
NAN NAN NAN 4.062E+00 2.721E-03 NAN 1.000E+00 8.857E+01 0.000E+00
NAN NAN NAN 4.062E+00 4.955E-03 NAN 1.000E+00 8.862E+01 0.000E+00
NAN NAN NAN 5.138E+00 3.937E-05 NAN 1.000E+00 8.853E+01 0.000E+00
NAN NAN NAN 5.138E+00 3.941E-05 NAN 1.000E+00 8.853E+01 0.000E+00
NAN NAN NAN 5.138E+00 3.948E-05 NAN 1.000E+00 8.853E+01 0.000E+00
NAN NAN NAN 5.138E+00 3.962E-05 NAN 1.000E+00 8.853E+01 0.000E+00
NAN NAN NAN 5.138E+00 3.987E-05 NAN 1.000E+00 8.853E+01 0.000E+00
NAN NAN NAN 5.138E+00 4.033E-05 NAN 1.000E+00 8.853E+01 0.000E+00
NAN NAN NAN 5.138E+00 4.118E-05 NAN 1.000E+00 8.853E+01 0.000E+00
NAN NAN NAN 5.138E+00 4.273E-05 NAN 1.000E+00 8.853E+01 0.000E+00
NAN NAN NAN 5.138E+00 4.558E-05 NAN 1.000E+00 8.853E+01 0.000E+00
NAN NAN NAN 5.138E+00 5.080E-05 NAN 1.000E+00 8.853E+01 0.000E+00
NAN NAN NAN 5.138E+00 6.036E-05 NAN 1.000E+00 8.853E+01 0.000E+00
NAN NAN NAN 5.138E+00 7.789E-05 NAN 1.000E+00 8.853E+01 0.000E+00
NAN NAN NAN 5.138E+00 1.100E-04 NAN 1.000E+00 8.853E+01 0.000E+00
NAN NAN NAN 5.138E+00 1.689E-04 NAN 1.000E+00 8.853E+01 0.000E+00
NAN NAN NAN 5.138E+00 2.769E-04 NAN 1.000E+00 8.853E+01 0.000E+00
NAN NAN NAN 5.138E+00 4.747E-04 NAN 1.000E+00 8.854E+01 0.000E+00
NAN NAN NAN 5.138E+00 8.375E-04 NAN 1.000E+00 8.855E+01 0.000E+00
NAN NAN NAN 5.138E+00 1.502E-03 NAN 1.000E+00 8.856E+01 0.000E+00
NAN NAN NAN 5.138E+00 2.721E-03 NAN 1.000E+00 8.859E+01 0.000E+00
NAN NAN NAN 5.138E+00 4.955E-03 NAN 1.000E+00 8.864E+01 0.000E+00
