1.861E+07 9.390E+02 7.242E-01 5.137E-05 6.231E-03 1.277E+03 9.019E-01 2.235E+01 2.000E+00
1.926E+07 9.390E+02 7.242E-01 5.137E-05 6.231E-03 1.277E+03 9.019E-01 2.235E+01 2.000E+00
2.058E+07 9.390E+02 7.242E-01 5.137E-05 6.231E-03 1.277E+03 9.019E-01 2.235E+01 2.000E+00
2.357E+07 9.390E+02 7.242E-01 5.137E-05 6.232E-03 1.277E+03 9.019E-01 2.235E+01 2.000E+00
3.233E+07 9.390E+02 7.242E-01 5.137E-05 6.232E-03 1.278E+03 9.019E-01 2.235E+01 2.000E+00
1.999E+07 6.615E+02 8.223E-01 5.137E-05 6.232E-03 1.434E+03 9.019E-01 2.235E+01 2.000E+00
4.152E+07 2.319E+02 1.069E+00 5.137E-05 6.233E-03 3.434E+03 9.019E-01 2.235E+01 2.000E+00
1.691E+07 6.893E+02 8.108E-01 5.137E-05 6.235E-03 1.412E+03 9.019E-01 2.235E+01 2.000E+00
2.131E+07 9.245E+02 7.285E-01 5.137E-05 6.237E-03 1.282E+03 9.019E-01 2.235E+01 2.000E+00
1.957E+07 2.516E+02 1.056E+00 5.137E-05 6.243E-03 2.974E+03 9.019E-01 2.235E+01 2.000E+00
7.507E+07 5.524E+02 8.724E-01 5.137E-05 6.252E-03 1.553E+03 9.020E-01 2.235E+01 2.000E+00
7.497E+06 4.517E+02 9.264E-01 5.137E-05 6.270E-03 1.729E+03 9.021E-01 2.235E+01 2.000E+00
5.979E+06 2.258E+02 1.073E+00 5.137E-05 6.302E-03 3.616E+03 9.024E-01 2.235E+01 2.000E+00
2.365E+07 8.350E+02 7.570E-01 5.137E-05 6.361E-03 1.322E+03 9.028E-01 2.235E+01 2.000E+00
1.698E+08 9.097E+02 7.332E-01 5.137E-05 6.469E-03 1.290E+03 9.036E-01 2.236E+01 2.000E+00
2.374E+06 2.454E+02 1.062E+00 5.137E-05 6.667E-03 3.059E+03 9.051E-01 2.236E+01 2.000E+00
4.170E+07 8.576E+02 7.501E-01 5.137E-05 7.029E-03 1.339E+03 9.078E-01 2.237E+01 2.000E+00
7.940E+07 7.252E+02 7.981E-01 5.137E-05 7.694E-03 1.388E+03 9.128E-01 2.238E+01 2.000E+00
8.714E+06 4.940E+02 9.077E-01 5.137E-05 8.913E-03 1.634E+03 9.220E-01 2.241E+01 2.000E+00
1.023E+09 5.829E+02 8.650E-01 5.137E-05 1.115E-02 1.508E+03 9.371E-01 2.246E+01 2.000E+00
2.028E+07 9.390E+02 7.242E-01 6.498E-05 6.231E-03 1.277E+03 9.019E-01 2.235E+01 2.000E+00
2.105E+07 9.390E+02 7.242E-01 6.498E-05 6.231E-03 1.277E+03 9.019E-01 2.235E+01 2.000E+00
2.266E+07 9.390E+02 7.242E-01 6.498E-05 6.231E-03 1.280E+03 9.019E-01 2.235E+01 2.000E+00
2.637E+07 9.390E+02 7.242E-01 6.498E-05 6.232E-03 1.277E+03 9.019E-01 2.235E+01 2.000E+00
3.797E+07 9.390E+02 7.242E-01 6.498E-05 6.232E-03 1.277E+03 9.019E-01 2.235E+01 2.000E+00
6.620E+07 6.615E+02 8.223E-01 6.498E-05 6.232E-03 1.435E+03 9.019E-01 2.235E+01 2.000E+00
4.526E+07 9.327E+02 7.260E-01 6.498E-05 6.233E-03 1.279E+03 9.019E-01 2.235E+01 2.000E+00
3.505E+07 6.893E+02 8.108E-01 6.498E-05 6.235E-03 1.411E+03 9.019E-01 2.235E+01 2.000E+00
2.420E+07 9.245E+02 7.285E-01 6.498E-05 6.237E-03 1.283E+03 9.019E-01 2.235E+01 2.000E+00
4.348E+06 2.437E+02 1.061E+00 6.498E-05 6.243E-03 3.126E+03 9.020E-01 2.235E+01 2.000E+00
4.895E+06 8.588E+02 7.491E-01 6.498E-05 6.252E-03 1.310E+03 9.020E-01 2.235E+01 2.000E+00
1.536E+07 4.517E+02 9.264E-01 6.498E-05 6.270E-03 1.964E+03 9.022E-01 2.235E+01 2.000E+00
9.580E+06 2.258E+02 1.073E+00 6.498E-05 6.302E-03 3.616E+03 9.024E-01 2.235E+01 2.000E+00
5.410E+07 2.551E+02 1.054E+00 6.498E-05 6.361E-03 2.901E+03 9.029E-01 2.235E+01 2.000E+00
1.227E+07 9.143E+02 7.318E-01 6.498E-05 6.469E-03 1.287E+03 9.037E-01 2.236E+01 2.000E+00
2.863E+06 2.490E+02 1.059E+00 6.498E-05 6.667E-03 2.988E+03 9.052E-01 2.236E+01 2.000E+00
8.245E+07 8.576E+02 7.501E-01 6.498E-05 7.029E-03 1.313E+03 9.079E-01 2.237E+01 2.000E+00
6.187E+06 7.001E+02 8.081E-01 6.498E-05 7.694E-03 1.405E+03 9.129E-01 2.238E+01 2.000E+00
1.817E+07 4.940E+02 9.077E-01 6.498E-05 8.913E-03 1.634E+03 9.220E-01 2.241E+01 2.000E+00
1.742E+07 5.660E+02 8.734E-01 6.498E-05 1.115E-02 1.527E+03 9.372E-01 2.246E+01 2.000E+00
2.288E+07 9.390E+02 7.242E-01 8.219E-05 6.231E-03 1.278E+03 9.019E-01 2.235E+01 2.000E+00
2.389E+07 9.390E+02 7.242E-01 8.219E-05 6.231E-03 1.277E+03 9.019E-01 2.235E+01 2.000E+00
2.600E+07 9.390E+02 7.242E-01 8.219E-05 6.231E-03 1.277E+03 9.019E-01 2.235E+01 2.000E+00
3.108E+07 9.390E+02 7.242E-01 8.219E-05 6.232E-03 1.277E+03 9.019E-01 2.235E+01 2.000E+00
4.886E+07 9.390E+02 7.242E-01 8.219E-05 6.232E-03 1.277E+03 9.019E-01 2.235E+01 2.000E+00
8.762E+06 2.811E+02 1.036E+00 8.219E-05 6.232E-03 2.560E+03 9.019E-01 2.235E+01 2.000E+00
6.443E+07 9.327E+02 7.260E-01 8.219E-05 6.233E-03 1.281E+03 9.019E-01 2.235E+01 2.000E+00
8.137E+06 5.744E+02 8.617E-01 8.219E-05 6.235E-03 1.524E+03 9.020E-01 2.235E+01 2.000E+00
2.930E+07 9.245E+02 7.285E-01 8.219E-05 6.237E-03 1.282E+03 9.020E-01 2.235E+01 2.000E+00
1.992E+07 2.425E+02 1.062E+00 8.219E-05 6.243E-03 3.170E+03 9.020E-01 2.235E+01 2.000E+00
5.173E+06 8.588E+02 7.491E-01 8.219E-05 6.252E-03 1.310E+03 9.021E-01 2.235E+01 2.000E+00
2.714E+06 2.779E+02 1.038E+00 8.219E-05 6.270E-03 2.593E+03 9.022E-01 2.235E+01 2.000E+00
4.548E+07 2.258E+02 1.073E+00 8.219E-05 6.302E-03 3.630E+03 9.025E-01 2.235E+01 2.000E+00
9.432E+07 8.350E+02 7.570E-01 8.219E-05 6.361E-03 1.322E+03 9.029E-01 2.235E+01 2.000E+00
1.355E+07 9.143E+02 7.318E-01 8.219E-05 6.469E-03 1.288E+03 9.037E-01 2.236E+01 2.000E+00
4.010E+06 2.490E+02 1.059E+00 8.219E-05 6.667E-03 2.988E+03 9.052E-01 2.236E+01 2.000E+00
4.574E+08 4.431E+02 9.330E-01 8.219E-05 7.029E-03 1.746E+03 9.079E-01 2.237E+01 2.000E+00
7.732E+06 7.001E+02 8.081E-01 8.219E-05 7.694E-03 1.405E+03 9.129E-01 2.238E+01 2.000E+00
8.812E+06 2.058E+02 1.099E+00 8.219E-05 8.913E-03 4.045E+03 9.220E-01 2.241E+01 2.000E+00
7.329E+06 5.734E+02 8.697E-01 8.219E-05 1.115E-02 1.519E+03 9.372E-01 2.246E+01 2.000E+00
2.739E+07 9.390E+02 7.242E-01 1.040E-04 6.231E-03 1.277E+03 9.020E-01 2.235E+01 2.000E+00
2.887E+07 9.390E+02 7.242E-01 1.040E-04 6.231E-03 1.278E+03 9.020E-01 2.235E+01 2.000E+00
3.206E+07 9.390E+02 7.242E-01 1.040E-04 6.231E-03 1.277E+03 9.020E-01 2.235E+01 2.000E+00
4.028E+07 9.390E+02 7.242E-01 1.040E-04 6.232E-03 1.277E+03 9.020E-01 2.235E+01 2.000E+00
1.471E+07 6.615E+02 8.223E-01 1.040E-04 6.232E-03 1.434E+03 9.020E-01 2.235E+01 2.000E+00
2.845E+07 4.860E+02 9.070E-01 1.040E-04 6.232E-03 1.658E+03 9.020E-01 2.235E+01 2.000E+00
1.411E+08 9.327E+02 7.260E-01 1.040E-04 6.233E-03 1.280E+03 9.020E-01 2.235E+01 2.000E+00
2.062E+07 5.744E+02 8.617E-01 1.040E-04 6.235E-03 1.524E+03 9.020E-01 2.235E+01 2.000E+00
4.017E+07 9.245E+02 7.285E-01 1.040E-04 6.237E-03 1.283E+03 9.020E-01 2.235E+01 2.000E+00
1.691E+07 2.516E+02 1.056E+00 1.040E-04 6.243E-03 2.969E+03 9.021E-01 2.235E+01 2.000E+00
5.584E+06 8.588E+02 7.491E-01 1.040E-04 6.252E-03 1.310E+03 9.021E-01 2.235E+01 2.000E+00
4.328E+06 2.779E+02 1.038E+00 1.040E-04 6.270E-03 2.593E+03 9.023E-01 2.235E+01 2.000E+00
1.701E+07 6.426E+02 8.305E-01 1.040E-04 6.302E-03 1.451E+03 9.025E-01 2.235E+01 2.000E+00
5.970E+06 2.558E+02 1.054E+00 1.040E-04 6.361E-03 2.890E+03 9.030E-01 2.235E+01 2.000E+00
1.563E+07 9.143E+02 7.318E-01 1.040E-04 6.469E-03 1.338E+03 9.038E-01 2.236E+01 2.000E+00
8.659E+06 2.490E+02 1.059E+00 1.040E-04 6.667E-03 3.147E+03 9.053E-01 2.236E+01 2.000E+00
2.606E+07 8.458E+02 7.540E-01 1.040E-04 7.029E-03 1.318E+03 9.080E-01 2.237E+01 2.000E+00
1.155E+07 7.001E+02 8.081E-01 1.040E-04 7.694E-03 1.405E+03 9.130E-01 2.238E+01 2.000E+00
1.215E+07 2.058E+02 1.099E+00 1.040E-04 8.913E-03 4.043E+03 9.221E-01 2.241E+01 2.000E+00
1.527E+07 5.734E+02 8.697E-01 1.040E-04 1.115E-02 1.519E+03 9.372E-01 2.246E+01 2.000E+00
3.668E+07 9.390E+02 7.242E-01 1.315E-04 6.231E-03 1.278E+03 9.021E-01 2.235E+01 2.000E+00
3.943E+07 9.390E+02 7.242E-01 1.315E-04 6.231E-03 1.277E+03 9.021E-01 2.235E+01 2.000E+00
4.576E+07 9.390E+02 7.242E-01 1.315E-04 6.231E-03 1.277E+03 9.021E-01 2.235E+01 2.000E+00
6.504E+07 9.390E+02 7.242E-01 1.315E-04 6.232E-03 1.277E+03 9.021E-01 2.235E+01 2.000E+00
2.111E+07 3.175E+02 1.011E+00 1.315E-04 6.232E-03 2.251E+03 9.021E-01 2.235E+01 2.000E+00
2.787E+07 2.319E+02 1.069E+00 1.315E-04 6.232E-03 3.426E+03 9.021E-01 2.235E+01 2.000E+00
1.438E+07 3.005E+02 1.023E+00 1.315E-04 6.233E-03 2.377E+03 9.021E-01 2.235E+01 2.000E+00
7.435E+08 5.827E+02 8.577E-01 1.315E-04 6.235E-03 1.515E+03 9.021E-01 2.235E+01 2.000E+00
7.695E+07 9.245E+02 7.285E-01 1.315E-04 6.237E-03 1.282E+03 9.021E-01 2.235E+01 2.000E+00
1.192E+07 6.077E+02 8.460E-01 1.315E-04 6.243E-03 1.487E+03 9.021E-01 2.235E+01 2.000E+00
5.171E+06 2.031E+02 1.086E+00 1.315E-04 6.252E-03 4.919E+03 9.022E-01 2.235E+01 2.000E+00
2.363E+07 2.779E+02 1.038E+00 1.315E-04 6.270E-03 2.593E+03 9.023E-01 2.235E+01 2.000E+00
6.614E+06 6.346E+02 8.340E-01 1.315E-04 6.302E-03 1.459E+03 9.026E-01 2.235E+01 2.000E+00
4.266E+06 2.608E+02 1.050E+00 1.315E-04 6.361E-03 2.813E+03 9.030E-01 2.235E+01 2.000E+00
1.951E+07 9.143E+02 7.318E-01 1.315E-04 6.469E-03 1.288E+03 9.038E-01 2.236E+01 2.000E+00
6.445E+06 4.211E+02 9.454E-01 1.315E-04 6.667E-03 1.803E+03 9.053E-01 2.236E+01 2.000E+00
8.088E+07 8.458E+02 7.540E-01 1.315E-04 7.029E-03 1.321E+03 9.080E-01 2.237E+01 2.000E+00
3.416E+07 7.001E+02 8.081E-01 1.315E-04 7.694E-03 1.405E+03 9.130E-01 2.238E+01 2.000E+00
1.114E+07 3.565E+02 9.926E-01 1.315E-04 8.913E-03 1.999E+03 9.222E-01 2.241E+01 2.000E+00
8.770E+06 4.611E+02 9.310E-01 1.315E-04 1.115E-02 1.683E+03 9.373E-01 2.246E+01 2.000E+00
6.521E+07 9.390E+02 7.242E-01 1.663E-04 6.231E-03 1.277E+03 9.021E-01 2.235E+01 2.000E+00
1.603E+07 6.615E+02 8.223E-01 1.663E-04 6.231E-03 1.436E+03 9.021E-01 2.235E+01 2.000E+00
2.637E+07 6.615E+02 8.223E-01 1.663E-04 6.231E-03 1.434E+03 9.021E-01 2.235E+01 2.000E+00
5.651E+07 6.029E+02 8.482E-01 1.663E-04 6.232E-03 1.492E+03 9.022E-01 2.235E+01 2.000E+00
2.030E+08 4.860E+02 9.070E-01 1.663E-04 6.232E-03 1.658E+03 9.022E-01 2.235E+01 2.000E+00
3.625E+07 9.327E+02 7.260E-01 1.663E-04 6.232E-03 1.279E+03 9.022E-01 2.235E+01 2.000E+00
4.286E+06 6.893E+02 8.108E-01 1.663E-04 6.233E-03 1.412E+03 9.022E-01 2.235E+01 2.000E+00
7.169E+06 4.721E+02 9.148E-01 1.663E-04 6.235E-03 1.685E+03 9.022E-01 2.235E+01 2.000E+00
2.943E+08 9.053E+02 7.343E-01 1.663E-04 6.237E-03 1.290E+03 9.022E-01 2.235E+01 2.000E+00
7.650E+06 6.141E+02 8.431E-01 1.663E-04 6.243E-03 1.663E+03 9.022E-01 2.235E+01 2.000E+00
7.340E+06 8.588E+02 7.491E-01 1.663E-04 6.252E-03 1.310E+03 9.023E-01 2.235E+01 2.000E+00
3.115E+06 2.726E+02 1.042E+00 1.663E-04 6.270E-03 2.655E+03 9.024E-01 2.235E+01 2.000E+00
1.706E+07 6.346E+02 8.340E-01 1.663E-04 6.302E-03 1.459E+03 9.027E-01 2.235E+01 2.000E+00
5.535E+06 3.402E+02 9.962E-01 1.663E-04 6.361E-03 2.113E+03 9.031E-01 2.235E+01 2.000E+00
2.879E+07 9.143E+02 7.318E-01 1.663E-04 6.469E-03 1.287E+03 9.039E-01 2.236E+01 2.000E+00
6.095E+07 4.244E+02 9.434E-01 1.663E-04 6.667E-03 1.794E+03 9.054E-01 2.236E+01 2.000E+00
1.478E+07 3.217E+02 1.011E+00 1.663E-04 7.029E-03 2.206E+03 9.081E-01 2.237E+01 2.000E+00
1.777E+07 7.057E+02 8.059E-01 1.663E-04 7.694E-03 1.401E+03 9.131E-01 2.238E+01 2.000E+00
8.831E+07 3.468E+02 9.992E-01 1.663E-04 8.913E-03 2.041E+03 9.223E-01 2.241E+01 2.000E+00
9.370E+06 8.911E+02 7.429E-01 1.663E-04 1.115E-02 1.314E+03 9.373E-01 2.246E+01 2.000E+00
1.152E+08 6.090E+02 8.454E-01 2.104E-04 6.231E-03 1.485E+03 9.023E-01 2.235E+01 2.000E+00
1.730E+07 9.327E+02 7.260E-01 2.104E-04 6.231E-03 1.280E+03 9.023E-01 2.235E+01 2.000E+00
4.885E+07 4.860E+02 9.070E-01 2.104E-04 6.231E-03 1.658E+03 9.023E-01 2.235E+01 2.000E+00
2.110E+07 9.327E+02 7.260E-01 2.104E-04 6.232E-03 1.282E+03 9.023E-01 2.235E+01 2.000E+00
2.878E+07 9.327E+02 7.260E-01 2.104E-04 6.232E-03 1.308E+03 9.023E-01 2.235E+01 2.000E+00
9.285E+07 9.327E+02 7.260E-01 2.104E-04 6.232E-03 1.279E+03 9.023E-01 2.235E+01 2.000E+00
6.665E+06 6.893E+02 8.108E-01 2.104E-04 6.233E-03 1.412E+03 9.023E-01 2.235E+01 2.000E+00
7.475E+06 9.245E+02 7.285E-01 2.104E-04 6.235E-03 1.283E+03 9.023E-01 2.235E+01 2.000E+00
1.068E+07 3.639E+02 9.802E-01 2.104E-04 6.237E-03 2.002E+03 9.023E-01 2.235E+01 2.000E+00
1.057E+07 6.006E+02 8.493E-01 2.104E-04 6.243E-03 1.495E+03 9.023E-01 2.235E+01 2.000E+00
9.624E+06 8.588E+02 7.491E-01 2.104E-04 6.252E-03 1.310E+03 9.024E-01 2.235E+01 2.000E+00
5.801E+07 2.726E+02 1.042E+00 2.104E-04 6.270E-03 2.655E+03 9.025E-01 2.235E+01 2.000E+00
2.741E+07 4.064E+02 9.535E-01 2.104E-04 6.302E-03 1.848E+03 9.028E-01 2.235E+01 2.000E+00
8.545E+07 4.662E+02 9.183E-01 2.104E-04 6.361E-03 1.697E+03 9.032E-01 2.235E+01 2.000E+00
7.615E+07 9.143E+02 7.318E-01 2.104E-04 6.469E-03 1.287E+03 9.040E-01 2.236E+01 2.000E+00
2.331E+06 5.361E+02 8.813E-01 2.104E-04 6.667E-03 1.574E+03 9.055E-01 2.236E+01 2.000E+00
4.252E+07 4.634E+02 9.213E-01 2.104E-04 7.029E-03 1.699E+03 9.082E-01 2.237E+01 2.000E+00
3.091E+07 6.960E+02 8.098E-01 2.104E-04 7.694E-03 1.408E+03 9.132E-01 2.238E+01 2.000E+00
6.378E+06 2.060E+02 1.099E+00 2.104E-04 8.913E-03 4.034E+03 9.224E-01 2.241E+01 2.000E+00
1.616E+08 4.837E+02 9.177E-01 2.104E-04 1.115E-02 1.642E+03 9.374E-01 2.246E+01 2.000E+00
2.518E+07 9.327E+02 7.260E-01 2.661E-04 6.231E-03 1.280E+03 9.024E-01 2.235E+01 2.000E+00
2.656E+07 9.327E+02 7.260E-01 2.661E-04 6.231E-03 1.281E+03 9.024E-01 2.235E+01 2.000E+00
2.954E+07 9.327E+02 7.260E-01 2.661E-04 6.231E-03 1.280E+03 9.024E-01 2.235E+01 2.000E+00
3.730E+07 9.327E+02 7.260E-01 2.661E-04 6.232E-03 1.280E+03 9.024E-01 2.235E+01 2.000E+00
3.188E+08 3.880E+02 9.648E-01 2.661E-04 6.232E-03 1.909E+03 9.024E-01 2.235E+01 2.000E+00
6.955E+07 7.026E+02 8.054E-01 2.661E-04 6.232E-03 1.402E+03 9.024E-01 2.235E+01 2.000E+00
3.193E+07 6.893E+02 8.108E-01 2.661E-04 6.233E-03 1.412E+03 9.024E-01 2.235E+01 2.000E+00
8.770E+06 9.245E+02 7.285E-01 2.661E-04 6.235E-03 1.283E+03 9.024E-01 2.235E+01 2.000E+00
7.745E+06 6.936E+02 8.090E-01 2.661E-04 6.237E-03 1.409E+03 9.024E-01 2.235E+01 2.000E+00
2.846E+06 3.698E+02 9.764E-01 2.661E-04 6.243E-03 1.978E+03 9.025E-01 2.235E+01 2.000E+00
6.134E+07 4.128E+02 9.495E-01 2.661E-04 6.252E-03 1.849E+03 9.025E-01 2.235E+01 2.000E+00
9.339E+06 5.074E+02 8.956E-01 2.661E-04 6.270E-03 1.730E+03 9.027E-01 2.235E+01 2.000E+00
5.061E+06 6.705E+02 8.186E-01 2.661E-04 6.302E-03 1.427E+03 9.029E-01 2.235E+01 2.000E+00
1.717E+07 4.785E+02 9.114E-01 2.661E-04 6.361E-03 1.672E+03 9.034E-01 2.235E+01 2.000E+00
2.819E+08 4.402E+02 9.336E-01 2.661E-04 6.469E-03 1.755E+03 9.042E-01 2.236E+01 2.000E+00
3.938E+06 5.361E+02 8.813E-01 2.661E-04 6.667E-03 1.583E+03 9.057E-01 2.236E+01 2.000E+00
2.514E+07 8.003E+02 7.696E-01 2.661E-04 7.029E-03 1.341E+03 9.084E-01 2.237E+01 2.000E+00
1.031E+07 3.971E+02 9.627E-01 2.661E-04 7.694E-03 1.866E+03 9.134E-01 2.238E+01 2.000E+00
1.995E+07 6.896E+02 8.139E-01 2.661E-04 8.913E-03 1.415E+03 9.225E-01 2.241E+01 2.000E+00
8.841E+06 4.891E+02 9.146E-01 2.661E-04 1.115E-02 1.634E+03 9.375E-01 2.246E+01 2.000E+00
7.595E+07 9.327E+02 7.260E-01 3.366E-04 6.231E-03 1.283E+03 9.026E-01 2.235E+01 2.000E+00
9.091E+07 9.327E+02 7.260E-01 3.366E-04 6.231E-03 1.280E+03 9.026E-01 2.235E+01 2.000E+00
1.427E+08 9.327E+02 7.260E-01 3.366E-04 6.231E-03 1.281E+03 9.026E-01 2.235E+01 2.000E+00
1.714E+07 9.160E+02 7.311E-01 3.366E-04 6.232E-03 1.286E+03 9.026E-01 2.235E+01 2.000E+00
4.274E+06 6.893E+02 8.108E-01 3.366E-04 6.232E-03 1.412E+03 9.026E-01 2.235E+01 2.000E+00
8.476E+06 6.893E+02 8.108E-01 3.366E-04 6.232E-03 1.412E+03 9.026E-01 2.235E+01 2.000E+00
4.020E+07 5.761E+02 8.608E-01 3.366E-04 6.233E-03 1.523E+03 9.026E-01 2.235E+01 2.000E+00
1.138E+07 9.245E+02 7.285E-01 3.366E-04 6.235E-03 1.293E+03 9.026E-01 2.235E+01 2.000E+00
2.919E+07 6.799E+02 8.146E-01 3.366E-04 6.237E-03 1.421E+03 9.026E-01 2.235E+01 2.000E+00
1.169E+07 7.991E+02 7.692E-01 3.366E-04 6.243E-03 1.340E+03 9.027E-01 2.235E+01 2.000E+00
8.914E+06 7.281E+02 7.954E-01 3.366E-04 6.252E-03 1.477E+03 9.027E-01 2.235E+01 2.000E+00
4.154E+06 4.584E+02 9.226E-01 3.366E-04 6.270E-03 1.714E+03 9.029E-01 2.235E+01 2.000E+00
2.533E+07 6.705E+02 8.186E-01 3.366E-04 6.302E-03 1.428E+03 9.031E-01 2.235E+01 2.000E+00
6.131E+07 7.401E+02 7.909E-01 3.366E-04 6.361E-03 1.376E+03 9.035E-01 2.235E+01 2.000E+00
2.899E+06 8.231E+02 7.612E-01 3.366E-04 6.469E-03 1.328E+03 9.044E-01 2.236E+01 2.000E+00
5.577E+06 5.795E+02 8.599E-01 3.366E-04 6.667E-03 1.518E+03 9.058E-01 2.236E+01 2.000E+00
2.174E+07 9.295E+02 7.276E-01 3.366E-04 7.029E-03 1.284E+03 9.086E-01 2.237E+01 2.000E+00
2.203E+07 7.255E+02 7.980E-01 3.366E-04 7.694E-03 1.388E+03 9.135E-01 2.238E+01 2.000E+00
1.142E+07 2.062E+02 1.099E+00 3.366E-04 8.913E-03 4.024E+03 9.227E-01 2.241E+01 2.000E+00
8.535E+07 5.077E+02 9.042E-01 3.366E-04 1.115E-02 1.618E+03 9.376E-01 2.246E+01 2.000E+00
5.233E+06 6.893E+02 8.108E-01 4.257E-04 6.231E-03 1.412E+03 9.028E-01 2.235E+01 2.000E+00
5.527E+06 6.893E+02 8.108E-01 4.257E-04 6.231E-03 1.506E+03 9.028E-01 2.235E+01 2.000E+00
6.173E+06 6.893E+02 8.108E-01 4.257E-04 6.231E-03 1.412E+03 9.028E-01 2.235E+01 2.000E+00
7.932E+06 6.893E+02 8.108E-01 4.257E-04 6.232E-03 1.412E+03 9.028E-01 2.235E+01 2.000E+00
1.784E+07 6.893E+02 8.108E-01 4.257E-04 6.232E-03 1.412E+03 9.028E-01 2.235E+01 2.000E+00
3.154E+07 5.827E+02 8.577E-01 4.257E-04 6.232E-03 1.514E+03 9.028E-01 2.235E+01 2.000E+00
7.538E+06 9.245E+02 7.285E-01 4.257E-04 6.233E-03 1.283E+03 9.028E-01 2.235E+01 2.000E+00
1.892E+07 9.245E+02 7.285E-01 4.257E-04 6.235E-03 1.285E+03 9.028E-01 2.235E+01 2.000E+00
2.128E+06 7.108E+02 8.021E-01 4.257E-04 6.237E-03 1.438E+03 9.028E-01 2.235E+01 2.000E+00
1.585E+08 8.341E+02 7.572E-01 4.257E-04 6.243E-03 1.323E+03 9.029E-01 2.235E+01 2.000E+00
1.513E+07 8.467E+02 7.530E-01 4.257E-04 6.252E-03 1.316E+03 9.029E-01 2.235E+01 2.000E+00
7.829E+07 4.191E+02 9.457E-01 4.257E-04 6.270E-03 1.812E+03 9.031E-01 2.235E+01 2.000E+00
3.778E+07 7.181E+02 7.993E-01 4.257E-04 6.302E-03 1.426E+03 9.033E-01 2.235E+01 2.000E+00
5.804E+06 7.355E+02 7.927E-01 4.257E-04 6.361E-03 1.379E+03 9.038E-01 2.235E+01 2.000E+00
2.068E+07 6.599E+02 8.233E-01 4.257E-04 6.469E-03 1.437E+03 9.046E-01 2.236E+01 2.000E+00
3.641E+07 2.824E+02 1.037E+00 4.257E-04 6.667E-03 2.530E+03 9.061E-01 2.236E+01 2.000E+00
9.015E+07 9.295E+02 7.276E-01 4.257E-04 7.029E-03 1.284E+03 9.088E-01 2.237E+01 2.000E+00
5.110E+07 3.099E+02 1.021E+00 4.257E-04 7.694E-03 2.271E+03 9.138E-01 2.238E+01 2.000E+00
1.257E+07 5.035E+02 9.025E-01 4.257E-04 8.913E-03 1.619E+03 9.229E-01 2.241E+01 2.000E+00
1.728E+07 4.963E+02 9.105E-01 4.257E-04 1.115E-02 1.629E+03 9.378E-01 2.246E+01 2.000E+00
1.025E+08 5.744E+02 8.616E-01 5.385E-04 6.231E-03 1.531E+03 9.031E-01 2.235E+01 2.000E+00
2.164E+07 5.827E+02 8.577E-01 5.385E-04 6.231E-03 1.515E+03 9.031E-01 2.235E+01 2.000E+00
7.547E+07 5.827E+02 8.577E-01 5.385E-04 6.231E-03 1.515E+03 9.031E-01 2.235E+01 2.000E+00
1.771E+08 5.761E+02 8.608E-01 5.385E-04 6.232E-03 1.522E+03 9.031E-01 2.235E+01 2.000E+00
1.251E+08 4.721E+02 9.147E-01 5.385E-04 6.232E-03 1.686E+03 9.031E-01 2.235E+01 2.000E+00
7.480E+06 9.245E+02 7.285E-01 5.385E-04 6.232E-03 1.283E+03 9.031E-01 2.235E+01 2.000E+00
2.214E+07 4.128E+02 9.494E-01 5.385E-04 6.233E-03 1.830E+03 9.031E-01 2.235E+01 2.000E+00
1.995E+08 9.245E+02 7.285E-01 5.385E-04 6.235E-03 1.283E+03 9.031E-01 2.235E+01 2.000E+00
8.204E+07 2.723E+02 1.042E+00 5.385E-04 6.237E-03 2.661E+03 9.031E-01 2.235E+01 2.000E+00
5.103E+06 8.258E+02 7.600E-01 5.385E-04 6.243E-03 1.326E+03 9.032E-01 2.235E+01 2.000E+00
1.316E+07 5.968E+02 8.511E-01 5.385E-04 6.252E-03 1.501E+03 9.032E-01 2.235E+01 2.000E+00
1.252E+07 7.797E+02 7.762E-01 5.385E-04 6.270E-03 1.351E+03 9.034E-01 2.235E+01 2.000E+00
9.997E+06 6.259E+02 8.379E-01 5.385E-04 6.302E-03 1.471E+03 9.036E-01 2.235E+01 2.000E+00
1.340E+07 7.279E+02 7.956E-01 5.385E-04 6.361E-03 1.384E+03 9.040E-01 2.235E+01 2.000E+00
4.950E+07 6.610E+02 8.228E-01 5.385E-04 6.469E-03 1.435E+03 9.049E-01 2.236E+01 2.000E+00
9.608E+06 3.039E+02 1.022E+00 5.385E-04 6.667E-03 2.357E+03 9.063E-01 2.236E+01 2.000E+00
9.727E+06 5.109E+02 8.951E-01 5.385E-04 7.029E-03 1.613E+03 9.091E-01 2.237E+01 2.000E+00
7.302E+07 9.065E+02 7.352E-01 5.385E-04 7.694E-03 1.295E+03 9.140E-01 2.238E+01 2.000E+00
5.362E+07 6.203E+02 8.440E-01 5.385E-04 8.913E-03 1.474E+03 9.232E-01 2.241E+01 2.000E+00
8.186E+06 9.284E+02 7.313E-01 5.385E-04 1.115E-02 1.299E+03 9.380E-01 2.246E+01 2.000E+00
7.688E+06 9.245E+02 7.285E-01 6.811E-04 6.231E-03 1.283E+03 9.034E-01 2.235E+01 2.000E+00
7.806E+06 9.245E+02 7.285E-01 6.811E-04 6.231E-03 1.284E+03 9.034E-01 2.235E+01 2.000E+00
8.033E+06 9.245E+02 7.285E-01 6.811E-04 6.231E-03 1.283E+03 9.034E-01 2.235E+01 2.000E+00
8.490E+06 9.245E+02 7.285E-01 6.811E-04 6.232E-03 1.283E+03 9.034E-01 2.235E+01 2.000E+00
9.499E+06 9.245E+02 7.285E-01 6.811E-04 6.232E-03 1.284E+03 9.034E-01 2.235E+01 2.000E+00
1.227E+07 9.245E+02 7.285E-01 6.811E-04 6.232E-03 1.285E+03 9.034E-01 2.235E+01 2.000E+00
2.857E+07 9.245E+02 7.285E-01 6.811E-04 6.233E-03 1.284E+03 9.034E-01 2.235E+01 2.000E+00
2.704E+07 6.936E+02 8.090E-01 6.811E-04 6.235E-03 1.409E+03 9.035E-01 2.235E+01 2.000E+00
1.977E+08 5.371E+02 8.801E-01 6.811E-04 6.237E-03 1.575E+03 9.035E-01 2.235E+01 2.000E+00
5.300E+07 2.841E+02 1.034E+00 6.811E-04 6.243E-03 2.528E+03 9.035E-01 2.235E+01 2.000E+00
1.498E+07 2.547E+02 1.054E+00 6.811E-04 6.252E-03 2.914E+03 9.036E-01 2.235E+01 2.000E+00
1.029E+07 8.365E+02 7.564E-01 6.811E-04 6.270E-03 1.321E+03 9.037E-01 2.235E+01 2.000E+00
6.629E+06 8.824E+02 7.415E-01 6.811E-04 6.302E-03 1.300E+03 9.040E-01 2.235E+01 2.000E+00
2.453E+07 9.291E+02 7.272E-01 6.811E-04 6.361E-03 1.286E+03 9.044E-01 2.235E+01 2.000E+00
2.363E+07 8.011E+02 7.688E-01 6.811E-04 6.469E-03 1.340E+03 9.052E-01 2.236E+01 2.000E+00
1.347E+07 6.346E+02 8.345E-01 6.811E-04 6.667E-03 1.460E+03 9.067E-01 2.236E+01 2.000E+00
1.538E+07 9.244E+02 7.292E-01 6.811E-04 7.029E-03 1.286E+03 9.094E-01 2.237E+01 2.000E+00
5.396E+06 3.092E+02 1.022E+00 6.811E-04 7.694E-03 2.274E+03 9.144E-01 2.238E+01 2.000E+00
1.312E+08 8.585E+02 7.515E-01 6.811E-04 8.913E-03 1.319E+03 9.235E-01 2.241E+01 2.000E+00
4.354E+07 6.561E+02 8.309E-01 6.811E-04 1.115E-02 1.441E+03 9.383E-01 2.246E+01 2.000E+00
1.596E+07 9.245E+02 7.285E-01 8.615E-04 6.231E-03 1.287E+03 9.039E-01 2.235E+01 2.000E+00
1.655E+07 9.245E+02 7.285E-01 8.615E-04 6.231E-03 1.283E+03 9.039E-01 2.235E+01 2.000E+00
1.777E+07 9.245E+02 7.285E-01 8.615E-04 6.231E-03 1.283E+03 9.039E-01 2.235E+01 2.000E+00
2.056E+07 9.245E+02 7.285E-01 8.615E-04 6.232E-03 1.283E+03 9.039E-01 2.235E+01 2.000E+00
2.335E+07 3.639E+02 9.802E-01 8.615E-04 6.232E-03 2.003E+03 9.039E-01 2.235E+01 2.000E+00
1.397E+08 9.245E+02 7.285E-01 8.615E-04 6.232E-03 1.284E+03 9.039E-01 2.235E+01 2.000E+00
1.177E+07 6.936E+02 8.090E-01 8.615E-04 6.233E-03 1.409E+03 9.039E-01 2.235E+01 2.000E+00
1.015E+07 3.118E+02 1.015E+00 8.615E-04 6.235E-03 2.306E+03 9.039E-01 2.235E+01 2.000E+00
8.726E+06 5.681E+02 8.647E-01 8.615E-04 6.237E-03 1.533E+03 9.039E-01 2.235E+01 2.000E+00
1.667E+07 3.941E+02 9.610E-01 8.615E-04 6.243E-03 1.889E+03 9.040E-01 2.235E+01 2.000E+00
5.648E+06 6.281E+02 8.368E-01 8.615E-04 6.252E-03 1.466E+03 9.040E-01 2.235E+01 2.000E+00
1.377E+07 8.428E+02 7.543E-01 8.615E-04 6.270E-03 1.319E+03 9.042E-01 2.235E+01 2.000E+00
7.876E+07 2.891E+02 1.031E+00 8.615E-04 6.302E-03 2.476E+03 9.044E-01 2.235E+01 2.000E+00
1.425E+08 5.144E+02 8.920E-01 8.615E-04 6.361E-03 1.609E+03 9.049E-01 2.235E+01 2.000E+00
1.593E+07 7.080E+02 8.035E-01 8.615E-04 6.469E-03 1.400E+03 9.057E-01 2.236E+01 2.000E+00
7.510E+06 6.338E+02 8.349E-01 8.615E-04 6.667E-03 1.461E+03 9.072E-01 2.236E+01 2.000E+00
6.829E+07 2.312E+02 1.073E+00 8.615E-04 7.029E-03 3.360E+03 9.099E-01 2.237E+01 2.000E+00
8.832E+06 4.033E+02 9.588E-01 8.615E-04 7.694E-03 1.847E+03 9.149E-01 2.238E+01 2.000E+00
8.113E+06 8.677E+02 7.485E-01 8.615E-04 8.913E-03 1.315E+03 9.240E-01 2.241E+01 2.000E+00
1.594E+08 9.284E+02 7.313E-01 8.615E-04 1.115E-02 1.299E+03 9.386E-01 2.246E+01 2.000E+00
9.722E+06 6.936E+02 8.090E-01 1.090E-03 6.231E-03 1.409E+03 9.045E-01 2.235E+01 2.000E+00
1.090E+07 6.936E+02 8.090E-01 1.090E-03 6.231E-03 1.409E+03 9.045E-01 2.235E+01 2.000E+00
1.407E+07 6.936E+02 8.090E-01 1.090E-03 6.231E-03 1.409E+03 9.045E-01 2.235E+01 2.000E+00
3.143E+07 6.936E+02 8.090E-01 1.090E-03 6.232E-03 1.409E+03 9.045E-01 2.235E+01 2.000E+00
1.322E+08 6.799E+02 8.146E-01 1.090E-03 6.232E-03 1.421E+03 9.045E-01 2.235E+01 2.000E+00
9.120E+06 2.516E+02 1.056E+00 1.090E-03 6.232E-03 2.970E+03 9.045E-01 2.235E+01 2.000E+00
2.812E+06 7.020E+02 8.056E-01 1.090E-03 6.233E-03 1.403E+03 9.045E-01 2.235E+01 2.000E+00
3.691E+06 6.077E+02 8.460E-01 1.090E-03 6.235E-03 1.490E+03 9.045E-01 2.235E+01 2.000E+00
2.194E+07 8.341E+02 7.572E-01 1.090E-03 6.237E-03 1.323E+03 9.045E-01 2.235E+01 2.000E+00
2.731E+07 5.221E+02 8.878E-01 1.090E-03 6.243E-03 1.597E+03 9.045E-01 2.235E+01 2.000E+00
1.388E+08 4.652E+02 9.187E-01 1.090E-03 6.252E-03 1.701E+03 9.046E-01 2.235E+01 2.000E+00
8.940E+07 8.358E+02 7.567E-01 1.090E-03 6.270E-03 1.322E+03 9.047E-01 2.235E+01 2.000E+00
1.890E+08 7.280E+02 7.955E-01 1.090E-03 6.302E-03 1.384E+03 9.050E-01 2.235E+01 2.000E+00
1.144E+07 9.052E+02 7.345E-01 1.090E-03 6.361E-03 1.292E+03 9.054E-01 2.235E+01 2.000E+00
1.377E+07 2.431E+02 1.063E+00 1.090E-03 6.469E-03 3.122E+03 9.062E-01 2.236E+01 2.000E+00
5.197E+07 7.374E+02 7.923E-01 1.090E-03 6.667E-03 1.379E+03 9.077E-01 2.236E+01 2.000E+00
3.832E+06 4.257E+02 9.434E-01 1.090E-03 7.029E-03 1.789E+03 9.104E-01 2.237E+01 2.000E+00
2.288E+06 2.901E+02 1.035E+00 1.090E-03 7.694E-03 2.424E+03 9.154E-01 2.238E+01 2.000E+00
8.872E+09 7.533E+02 7.887E-01 1.090E-03 8.913E-03 1.373E+03 9.246E-01 2.241E+01 2.000E+00
1.076E+07 6.364E+02 8.397E-01 1.090E-03 1.115E-02 1.457E+03 9.390E-01 2.246E+01 2.000E+00
3.938E+06 4.003E+02 9.571E-01 1.378E-03 6.231E-03 1.869E+03 9.052E-01 2.235E+01 2.000E+00
4.365E+06 4.003E+02 9.571E-01 1.378E-03 6.231E-03 1.869E+03 9.052E-01 2.235E+01 2.000E+00
5.474E+06 4.003E+02 9.571E-01 1.378E-03 6.231E-03 1.869E+03 9.052E-01 2.235E+01 2.000E+00
1.062E+07 4.003E+02 9.571E-01 1.378E-03 6.232E-03 1.869E+03 9.052E-01 2.235E+01 2.000E+00
2.014E+07 5.371E+02 8.801E-01 1.378E-03 6.232E-03 1.575E+03 9.052E-01 2.235E+01 2.000E+00
2.268E+07 6.988E+02 8.069E-01 1.378E-03 6.232E-03 1.406E+03 9.052E-01 2.235E+01 2.000E+00
1.942E+07 5.722E+02 8.627E-01 1.378E-03 6.233E-03 1.528E+03 9.052E-01 2.235E+01 2.000E+00
8.563E+06 3.364E+02 9.983E-01 1.378E-03 6.235E-03 2.137E+03 9.052E-01 2.235E+01 2.000E+00
1.486E+07 8.258E+02 7.600E-01 1.378E-03 6.237E-03 1.327E+03 9.052E-01 2.235E+01 2.000E+00
3.415E+07 4.128E+02 9.495E-01 1.378E-03 6.243E-03 1.830E+03 9.053E-01 2.235E+01 2.000E+00
4.955E+07 7.781E+02 7.767E-01 1.378E-03 6.252E-03 1.353E+03 9.053E-01 2.235E+01 2.000E+00
1.295E+07 6.592E+02 8.233E-01 1.378E-03 6.270E-03 1.438E+03 9.055E-01 2.235E+01 2.000E+00
6.813E+06 6.173E+02 8.418E-01 1.378E-03 6.302E-03 1.477E+03 9.057E-01 2.235E+01 2.000E+00
1.361E+07 9.217E+02 7.294E-01 1.378E-03 6.361E-03 1.286E+03 9.061E-01 2.235E+01 2.000E+00
5.987E+06 4.929E+02 9.037E-01 1.378E-03 6.469E-03 1.646E+03 9.070E-01 2.236E+01 2.000E+00
8.071E+06 5.671E+02 8.659E-01 1.378E-03 6.667E-03 1.534E+03 9.084E-01 2.236E+01 2.000E+00
7.459E+06 6.157E+02 8.435E-01 1.378E-03 7.029E-03 1.487E+03 9.112E-01 2.237E+01 2.000E+00
9.911E+06 9.630E+02 7.183E-01 1.378E-03 7.694E-03 1.276E+03 9.161E-01 2.238E+01 2.000E+00
3.594E+07 4.798E+02 9.157E-01 1.378E-03 8.913E-03 1.661E+03 9.253E-01 2.241E+01 2.000E+00
7.743E+06 9.036E+02 7.390E-01 1.378E-03 1.115E-02 1.309E+03 9.395E-01 2.246E+01 2.000E+00
6.378E+06 3.289E+02 1.003E+00 1.743E-03 6.231E-03 2.180E+03 9.061E-01 2.235E+01 2.000E+00
7.743E+06 3.289E+02 1.003E+00 1.743E-03 6.231E-03 2.181E+03 9.061E-01 2.235E+01 2.000E+00
1.293E+07 3.289E+02 1.003E+00 1.743E-03 6.231E-03 2.180E+03 9.061E-01 2.235E+01 2.000E+00
7.125E+06 8.234E+02 7.608E-01 1.743E-03 6.232E-03 1.347E+03 9.061E-01 2.235E+01 2.000E+00
9.272E+06 8.234E+02 7.608E-01 1.743E-03 6.232E-03 1.329E+03 9.061E-01 2.235E+01 2.000E+00
1.109E+07 3.002E+02 1.023E+00 1.743E-03 6.232E-03 2.541E+03 9.061E-01 2.235E+01 2.000E+00
3.774E+06 8.258E+02 7.600E-01 1.743E-03 6.233E-03 1.327E+03 9.061E-01 2.235E+01 2.000E+00
1.178E+07 8.258E+02 7.600E-01 1.743E-03 6.235E-03 1.328E+03 9.061E-01 2.235E+01 2.000E+00
2.425E+07 7.269E+02 7.959E-01 1.743E-03 6.237E-03 1.386E+03 9.061E-01 2.235E+01 2.000E+00
2.464E+07 8.467E+02 7.530E-01 1.743E-03 6.243E-03 1.317E+03 9.062E-01 2.235E+01 2.000E+00
2.438E+07 6.524E+02 8.262E-01 1.743E-03 6.252E-03 1.444E+03 9.062E-01 2.235E+01 2.000E+00
7.119E+08 7.662E+02 7.811E-01 1.743E-03 6.270E-03 1.360E+03 9.064E-01 2.235E+01 2.000E+00
3.660E+06 2.703E+02 1.043E+00 1.743E-03 6.302E-03 2.683E+03 9.066E-01 2.235E+01 2.000E+00
9.911E+06 2.815E+02 1.036E+00 1.743E-03 6.361E-03 2.551E+03 9.071E-01 2.235E+01 2.000E+00
4.468E+07 5.080E+02 8.957E-01 1.743E-03 6.469E-03 1.623E+03 9.079E-01 2.236E+01 2.000E+00
1.989E+07 3.110E+02 1.017E+00 1.743E-03 6.667E-03 2.286E+03 9.094E-01 2.236E+01 2.000E+00
1.862E+07 6.072E+02 8.474E-01 1.743E-03 7.029E-03 1.488E+03 9.121E-01 2.237E+01 2.000E+00
1.802E+07 8.689E+02 7.471E-01 1.743E-03 7.694E-03 1.312E+03 9.171E-01 2.238E+01 2.000E+00
4.493E+07 7.061E+02 8.071E-01 1.743E-03 8.913E-03 1.404E+03 9.262E-01 2.241E+01 2.000E+00
1.429E+08 8.477E+02 7.572E-01 1.743E-03 1.115E-02 1.331E+03 9.401E-01 2.246E+01 2.000E+00
1.326E+07 8.258E+02 7.600E-01 2.205E-03 6.231E-03 1.328E+03 9.072E-01 2.235E+01 2.000E+00
1.433E+07 8.258E+02 7.600E-01 2.205E-03 6.231E-03 1.328E+03 9.072E-01 2.235E+01 2.000E+00
1.686E+07 8.258E+02 7.600E-01 2.205E-03 6.231E-03 1.328E+03 9.072E-01 2.235E+01 2.000E+00
1.127E+07 8.703E+02 7.453E-01 2.205E-03 6.232E-03 1.307E+03 9.072E-01 2.235E+01 2.000E+00
3.202E+06 2.488E+02 1.058E+00 2.205E-03 6.232E-03 3.023E+03 9.072E-01 2.235E+01 2.000E+00
1.515E+07 8.289E+02 7.590E-01 2.205E-03 6.232E-03 1.326E+03 9.072E-01 2.235E+01 2.000E+00
2.153E+07 8.125E+02 7.646E-01 2.205E-03 6.233E-03 1.335E+03 9.073E-01 2.235E+01 2.000E+00
2.025E+07 7.182E+02 7.992E-01 2.205E-03 6.235E-03 1.392E+03 9.073E-01 2.235E+01 2.000E+00
9.452E+06 8.588E+02 7.490E-01 2.205E-03 6.237E-03 1.419E+03 9.073E-01 2.235E+01 2.000E+00
8.783E+06 3.404E+02 9.957E-01 2.205E-03 6.243E-03 2.115E+03 9.073E-01 2.235E+01 2.000E+00
5.141E+07 7.452E+02 7.889E-01 2.205E-03 6.252E-03 1.374E+03 9.074E-01 2.235E+01 2.000E+00
2.568E+08 5.668E+02 8.654E-01 2.205E-03 6.270E-03 1.535E+03 9.075E-01 2.235E+01 2.000E+00
2.035E+07 8.050E+02 7.672E-01 2.205E-03 6.302E-03 1.339E+03 9.078E-01 2.235E+01 2.000E+00
5.688E+06 5.731E+02 8.625E-01 2.205E-03 6.361E-03 1.528E+03 9.082E-01 2.235E+01 2.000E+00
5.345E+07 9.728E+02 7.146E-01 2.205E-03 6.469E-03 1.269E+03 9.090E-01 2.236E+01 2.000E+00
1.871E+07 8.353E+02 7.572E-01 2.205E-03 6.667E-03 1.325E+03 9.105E-01 2.236E+01 2.000E+00
5.305E+06 2.066E+02 1.089E+00 2.205E-03 7.029E-03 4.428E+03 9.132E-01 2.237E+01 2.000E+00
1.333E+07 9.906E+02 7.105E-01 2.205E-03 7.694E-03 1.270E+03 9.182E-01 2.238E+01 2.000E+00
5.787E+06 6.031E+02 8.520E-01 2.205E-03 8.913E-03 1.492E+03 9.274E-01 2.241E+01 2.000E+00
2.617E+07 6.703E+02 8.248E-01 2.205E-03 1.115E-02 1.459E+03 9.410E-01 2.246E+01 2.000E+00
3.206E+07 7.905E+02 7.723E-01 2.789E-03 6.231E-03 1.347E+03 9.087E-01 2.235E+01 2.000E+00
4.220E+07 7.905E+02 7.723E-01 2.789E-03 6.231E-03 1.350E+03 9.087E-01 2.235E+01 2.000E+00
1.026E+08 7.905E+02 7.723E-01 2.789E-03 6.231E-03 1.347E+03 9.087E-01 2.235E+01 2.000E+00
3.972E+06 8.588E+02 7.490E-01 2.789E-03 6.232E-03 1.313E+03 9.087E-01 2.235E+01 2.000E+00
4.316E+06 8.588E+02 7.490E-01 2.789E-03 6.232E-03 1.313E+03 9.087E-01 2.235E+01 2.000E+00
5.187E+06 8.588E+02 7.490E-01 2.789E-03 6.232E-03 1.338E+03 9.087E-01 2.235E+01 2.000E+00
4.440E+06 7.281E+02 7.954E-01 2.789E-03 6.233E-03 1.386E+03 9.087E-01 2.235E+01 2.000E+00
4.056E+07 5.968E+02 8.511E-01 2.789E-03 6.235E-03 1.500E+03 9.087E-01 2.235E+01 2.000E+00
1.534E+07 3.404E+02 9.957E-01 2.789E-03 6.237E-03 2.116E+03 9.087E-01 2.235E+01 2.000E+00
1.911E+07 3.462E+02 9.919E-01 2.789E-03 6.243E-03 2.128E+03 9.088E-01 2.235E+01 2.000E+00
2.321E+07 4.859E+02 9.071E-01 2.789E-03 6.252E-03 1.660E+03 9.089E-01 2.235E+01 2.000E+00
1.299E+07 8.456E+02 7.534E-01 2.789E-03 6.270E-03 1.324E+03 9.090E-01 2.235E+01 2.000E+00
7.801E+06 4.788E+02 9.112E-01 2.789E-03 6.302E-03 1.674E+03 9.092E-01 2.235E+01 2.000E+00
2.672E+07 2.946E+02 1.027E+00 2.789E-03 6.361E-03 2.425E+03 9.097E-01 2.235E+01 2.000E+00
7.174E+07 2.477E+02 1.060E+00 2.789E-03 6.469E-03 3.029E+03 9.105E-01 2.236E+01 2.000E+00
1.518E+07 5.258E+02 8.866E-01 2.789E-03 6.667E-03 1.592E+03 9.120E-01 2.236E+01 2.000E+00
4.550E+07 8.338E+02 7.581E-01 2.789E-03 7.029E-03 1.327E+03 9.147E-01 2.237E+01 2.000E+00
2.081E+07 9.746E+02 7.150E-01 2.789E-03 7.694E-03 1.274E+03 9.197E-01 2.238E+01 2.000E+00
1.078E+07 8.800E+02 7.446E-01 2.789E-03 8.913E-03 1.313E+03 9.288E-01 2.241E+01 2.000E+00
8.550E+07 8.164E+02 7.679E-01 2.789E-03 1.115E-02 1.346E+03 9.420E-01 2.246E+01 2.000E+00
2.741E+06 4.779E+02 9.115E-01 3.528E-03 6.231E-03 1.710E+03 9.105E-01 2.235E+01 2.000E+00
3.563E+07 5.370E+02 8.801E-01 3.528E-03 6.231E-03 1.577E+03 9.105E-01 2.235E+01 2.000E+00
3.232E+06 4.710E+02 9.154E-01 3.528E-03 6.231E-03 1.690E+03 9.105E-01 2.235E+01 2.000E+00
4.171E+06 4.710E+02 9.154E-01 3.528E-03 6.232E-03 1.690E+03 9.106E-01 2.235E+01 2.000E+00
9.763E+06 4.710E+02 9.154E-01 3.528E-03 6.232E-03 1.690E+03 9.106E-01 2.235E+01 2.000E+00
3.136E+06 6.260E+02 8.378E-01 3.528E-03 6.232E-03 1.470E+03 9.106E-01 2.235E+01 2.000E+00
2.266E+07 6.260E+02 8.378E-01 3.528E-03 6.233E-03 1.470E+03 9.106E-01 2.235E+01 2.000E+00
3.289E+06 3.698E+02 9.764E-01 3.528E-03 6.235E-03 1.980E+03 9.106E-01 2.235E+01 2.000E+00
2.582E+07 7.691E+02 7.800E-01 3.528E-03 6.237E-03 1.360E+03 9.106E-01 2.235E+01 2.000E+00
4.148E+06 4.255E+02 9.418E-01 3.528E-03 6.243E-03 1.796E+03 9.106E-01 2.235E+01 2.000E+00
1.334E+07 7.381E+02 7.916E-01 3.528E-03 6.252E-03 1.521E+03 9.107E-01 2.235E+01 2.000E+00
5.466E+06 9.818E+02 7.119E-01 3.528E-03 6.270E-03 1.267E+03 9.108E-01 2.235E+01 2.000E+00
1.789E+07 2.778E+02 1.038E+00 3.528E-03 6.302E-03 2.594E+03 9.111E-01 2.235E+01 2.000E+00
1.553E+07 7.705E+02 7.796E-01 3.528E-03 6.361E-03 1.363E+03 9.115E-01 2.235E+01 2.000E+00
2.825E+09 5.755E+02 8.615E-01 3.528E-03 6.469E-03 1.526E+03 9.123E-01 2.236E+01 2.000E+00
9.308E+06 5.086E+02 8.957E-01 3.528E-03 6.667E-03 1.620E+03 9.138E-01 2.236E+01 2.000E+00
1.971E+07 7.069E+02 8.046E-01 3.528E-03 7.029E-03 1.403E+03 9.165E-01 2.237E+01 2.000E+00
2.812E+07 8.722E+02 7.460E-01 3.528E-03 7.694E-03 1.313E+03 9.215E-01 2.238E+01 2.000E+00
1.750E+08 7.976E+02 7.724E-01 3.528E-03 8.913E-03 1.353E+03 9.307E-01 2.241E+01 2.000E+00
1.285E+07 7.833E+02 7.798E-01 3.528E-03 1.115E-02 1.364E+03 9.433E-01 2.246E+01 2.000E+00
8.378E+07 6.524E+02 8.262E-01 4.462E-03 6.231E-03 1.447E+03 9.129E-01 2.235E+01 2.000E+00
3.001E+08 7.005E+02 8.062E-01 4.462E-03 6.231E-03 1.409E+03 9.129E-01 2.235E+01 2.000E+00
5.340E+06 8.014E+02 7.684E-01 4.462E-03 6.231E-03 1.350E+03 9.129E-01 2.235E+01 2.000E+00
5.937E+06 8.014E+02 7.684E-01 4.462E-03 6.232E-03 1.343E+03 9.129E-01 2.235E+01 2.000E+00
7.552E+06 8.014E+02 7.684E-01 4.462E-03 6.232E-03 1.343E+03 9.129E-01 2.235E+01 2.000E+00
1.646E+07 8.014E+02 7.684E-01 4.462E-03 6.232E-03 1.343E+03 9.129E-01 2.235E+01 2.000E+00
1.236E+07 5.841E+02 8.570E-01 4.462E-03 6.233E-03 1.516E+03 9.129E-01 2.235E+01 2.000E+00
7.338E+06 7.452E+02 7.889E-01 4.462E-03 6.235E-03 1.376E+03 9.129E-01 2.235E+01 2.000E+00
1.952E+06 2.654E+02 1.047E+00 4.462E-03 6.237E-03 2.753E+03 9.129E-01 2.235E+01 2.000E+00
8.637E+06 8.428E+02 7.543E-01 4.462E-03 6.243E-03 1.322E+03 9.130E-01 2.235E+01 2.000E+00
3.177E+07 8.839E+02 7.410E-01 4.462E-03 6.252E-03 1.303E+03 9.130E-01 2.235E+01 2.000E+00
7.636E+06 6.705E+02 8.186E-01 4.462E-03 6.270E-03 1.431E+03 9.132E-01 2.235E+01 2.000E+00
1.581E+07 9.782E+02 7.129E-01 4.462E-03 6.302E-03 1.270E+03 9.134E-01 2.235E+01 2.000E+00
1.746E+07 6.344E+02 8.342E-01 4.462E-03 6.361E-03 1.467E+03 9.139E-01 2.235E+01 2.000E+00
2.077E+07 9.032E+02 7.352E-01 4.462E-03 6.469E-03 1.300E+03 9.147E-01 2.236E+01 2.000E+00
1.657E+07 7.598E+02 7.839E-01 4.462E-03 6.667E-03 1.368E+03 9.162E-01 2.236E+01 2.000E+00
1.395E+07 3.681E+02 9.797E-01 4.462E-03 7.029E-03 1.979E+03 9.189E-01 2.237E+01 2.000E+00
3.320E+07 5.549E+02 8.735E-01 4.462E-03 7.694E-03 1.551E+03 9.239E-01 2.238E+01 2.000E+00
6.385E+06 3.883E+02 9.714E-01 4.462E-03 8.913E-03 1.886E+03 9.330E-01 2.241E+01 2.000E+00
1.662E+08 8.903E+02 7.432E-01 4.462E-03 1.115E-02 1.318E+03 9.450E-01 2.246E+01 2.000E+00
9.456E+06 7.755E+02 7.777E-01 5.644E-03 6.231E-03 1.361E+03 9.158E-01 2.235E+01 2.000E+00
1.016E+07 7.755E+02 7.777E-01 5.644E-03 6.231E-03 1.359E+03 9.158E-01 2.235E+01 2.000E+00
1.180E+07 7.755E+02 7.777E-01 5.644E-03 6.231E-03 1.360E+03 9.158E-01 2.235E+01 2.000E+00
1.695E+07 7.755E+02 7.777E-01 5.644E-03 6.232E-03 1.359E+03 9.158E-01 2.235E+01 2.000E+00
1.073E+08 7.755E+02 7.777E-01 5.644E-03 6.232E-03 1.378E+03 9.158E-01 2.235E+01 2.000E+00
3.723E+07 2.644E+02 1.047E+00 5.644E-03 6.232E-03 2.768E+03 9.158E-01 2.235E+01 2.000E+00
2.168E+07 4.114E+02 9.503E-01 5.644E-03 6.233E-03 1.838E+03 9.159E-01 2.235E+01 2.000E+00
9.870E+06 3.231E+02 1.007E+00 5.644E-03 6.235E-03 2.218E+03 9.159E-01 2.235E+01 2.000E+00
1.256E+08 8.527E+02 7.510E-01 5.644E-03 6.237E-03 1.318E+03 9.159E-01 2.235E+01 2.000E+00
2.006E+07 5.680E+02 8.648E-01 5.644E-03 6.243E-03 1.537E+03 9.159E-01 2.235E+01 2.000E+00
4.928E+06 9.818E+02 7.119E-01 5.644E-03 6.252E-03 1.269E+03 9.160E-01 2.235E+01 2.000E+00
1.323E+07 9.264E+02 7.280E-01 5.644E-03 6.270E-03 1.288E+03 9.161E-01 2.235E+01 2.000E+00
6.423E+06 9.952E+02 7.082E-01 5.644E-03 6.302E-03 1.302E+03 9.164E-01 2.235E+01 2.000E+00
1.135E+07 9.155E+02 7.313E-01 5.644E-03 6.361E-03 1.293E+03 9.168E-01 2.235E+01 2.000E+00
1.690E+08 7.636E+02 7.823E-01 5.644E-03 6.469E-03 1.366E+03 9.176E-01 2.236E+01 2.000E+00
1.216E+07 6.750E+02 8.172E-01 5.644E-03 6.667E-03 1.429E+03 9.191E-01 2.236E+01 2.000E+00
1.184E+07 7.535E+02 7.866E-01 5.644E-03 7.029E-03 1.374E+03 9.218E-01 2.237E+01 2.000E+00
4.473E+07 8.132E+02 7.657E-01 5.644E-03 7.694E-03 1.342E+03 9.268E-01 2.238E+01 2.000E+00
1.455E+07 7.542E+02 7.883E-01 5.644E-03 8.913E-03 1.378E+03 9.359E-01 2.241E+01 2.000E+00
2.631E+08 7.194E+02 8.044E-01 5.644E-03 1.115E-02 1.403E+03 9.471E-01 2.246E+01 2.000E+00
7.243E+06 8.839E+02 7.410E-01 7.139E-03 6.231E-03 1.306E+03 9.196E-01 2.235E+01 2.000E+00
7.411E+06 8.839E+02 7.410E-01 7.139E-03 6.231E-03 1.307E+03 9.196E-01 2.235E+01 2.000E+00
7.744E+06 8.839E+02 7.410E-01 7.139E-03 6.231E-03 1.306E+03 9.196E-01 2.235E+01 2.000E+00
8.451E+06 8.839E+02 7.410E-01 7.139E-03 6.232E-03 1.306E+03 9.196E-01 2.235E+01 2.000E+00
1.021E+07 8.839E+02 7.410E-01 7.139E-03 6.232E-03 1.306E+03 9.196E-01 2.235E+01 2.000E+00
1.704E+07 8.839E+02 7.410E-01 7.139E-03 6.232E-03 1.307E+03 9.196E-01 2.235E+01 2.000E+00
2.092E+07 3.940E+02 9.611E-01 7.139E-03 6.233E-03 1.894E+03 9.196E-01 2.235E+01 2.000E+00
2.337E+07 6.798E+02 8.147E-01 7.139E-03 6.235E-03 1.426E+03 9.196E-01 2.235E+01 2.000E+00
1.029E+09 8.502E+02 7.519E-01 7.139E-03 6.237E-03 1.321E+03 9.196E-01 2.235E+01 2.000E+00
5.230E+06 9.818E+02 7.119E-01 7.139E-03 6.243E-03 1.270E+03 9.197E-01 2.235E+01 2.000E+00
1.198E+07 3.424E+02 9.944E-01 7.139E-03 6.252E-03 2.108E+03 9.197E-01 2.235E+01 2.000E+00
5.301E+06 5.392E+02 8.791E-01 7.139E-03 6.270E-03 1.577E+03 9.199E-01 2.235E+01 2.000E+00
7.907E+06 9.952E+02 7.082E-01 7.139E-03 6.302E-03 1.267E+03 9.201E-01 2.235E+01 2.000E+00
3.292E+07 9.279E+02 7.276E-01 7.139E-03 6.361E-03 1.290E+03 9.205E-01 2.235E+01 2.000E+00
4.165E+07 5.346E+02 8.818E-01 7.139E-03 6.469E-03 1.583E+03 9.214E-01 2.236E+01 2.000E+00
4.057E+06 3.297E+02 1.004E+00 7.139E-03 6.667E-03 2.170E+03 9.228E-01 2.236E+01 2.000E+00
4.835E+06 9.193E+02 7.307E-01 7.139E-03 7.029E-03 1.297E+03 9.256E-01 2.237E+01 2.000E+00
2.208E+07 7.056E+02 8.059E-01 7.139E-03 7.694E-03 1.417E+03 9.305E-01 2.238E+01 2.000E+00
1.981E+07 9.486E+02 7.235E-01 7.139E-03 8.913E-03 1.294E+03 9.397E-01 2.241E+01 2.000E+00
1.419E+07 6.069E+02 8.534E-01 7.139E-03 1.115E-02 1.492E+03 9.498E-01 2.246E+01 2.000E+00
5.636E+06 2.133E+02 1.081E+00 9.029E-03 6.231E-03 4.188E+03 9.243E-01 2.235E+01 2.000E+00
6.002E+06 2.133E+02 1.081E+00 9.029E-03 6.231E-03 4.188E+03 9.243E-01 2.235E+01 2.000E+00
2.054E+07 3.817E+02 9.688E-01 9.029E-03 6.231E-03 1.938E+03 9.243E-01 2.235E+01 2.000E+00
1.069E+07 2.139E+02 1.080E+00 9.029E-03 6.232E-03 4.154E+03 9.243E-01 2.235E+01 2.000E+00
2.557E+07 2.133E+02 1.081E+00 9.029E-03 6.232E-03 4.201E+03 9.243E-01 2.235E+01 2.000E+00
1.292E+07 3.757E+02 9.727E-01 9.029E-03 6.232E-03 1.961E+03 9.243E-01 2.235E+01 2.000E+00
3.340E+07 3.697E+02 9.765E-01 9.029E-03 6.233E-03 1.985E+03 9.243E-01 2.235E+01 2.000E+00
1.183E+07 5.146E+02 8.918E-01 9.029E-03 6.235E-03 1.616E+03 9.243E-01 2.235E+01 2.000E+00
2.999E+06 8.824E+02 7.415E-01 9.029E-03 6.237E-03 1.499E+03 9.243E-01 2.235E+01 2.000E+00
8.780E+07 2.947E+02 1.027E+00 9.029E-03 6.243E-03 2.431E+03 9.244E-01 2.235E+01 2.000E+00
1.002E+07 2.336E+02 1.068E+00 9.029E-03 6.252E-03 3.373E+03 9.245E-01 2.235E+01 2.000E+00
1.674E+07 7.693E+02 7.800E-01 9.029E-03 6.270E-03 1.366E+03 9.246E-01 2.235E+01 2.000E+00
1.370E+07 5.770E+02 8.605E-01 9.029E-03 6.302E-03 1.529E+03 9.248E-01 2.235E+01 2.000E+00
1.611E+07 2.945E+02 1.027E+00 9.029E-03 6.361E-03 2.429E+03 9.253E-01 2.235E+01 2.000E+00
4.320E+07 6.887E+02 8.113E-01 9.029E-03 6.469E-03 1.434E+03 9.261E-01 2.236E+01 2.000E+00
6.861E+07 7.230E+02 7.979E-01 9.029E-03 6.667E-03 1.396E+03 9.276E-01 2.236E+01 2.000E+00
3.924E+06 3.046E+02 1.023E+00 9.029E-03 7.029E-03 2.329E+03 9.303E-01 2.237E+01 2.000E+00
2.684E+08 3.425E+02 9.986E-01 9.029E-03 7.694E-03 2.087E+03 9.353E-01 2.238E+01 2.000E+00
1.336E+07 7.864E+02 7.764E-01 9.029E-03 8.913E-03 1.364E+03 9.444E-01 2.241E+01 2.000E+00
5.826E+06 2.226E+02 1.099E+00 9.029E-03 1.115E-02 3.192E+03 9.531E-01 2.246E+01 2.000E+00
2.885E+07 9.171E+02 7.307E-01 1.142E-02 6.231E-03 1.300E+03 9.303E-01 2.235E+01 2.000E+00
3.119E+07 9.171E+02 7.307E-01 1.142E-02 6.231E-03 1.299E+03 9.303E-01 2.235E+01 2.000E+00
3.668E+07 9.171E+02 7.307E-01 1.142E-02 6.231E-03 1.299E+03 9.303E-01 2.235E+01 2.000E+00
5.448E+07 9.171E+02 7.307E-01 1.142E-02 6.232E-03 1.298E+03 9.303E-01 2.235E+01 2.000E+00
8.325E+08 5.684E+02 8.646E-01 1.142E-02 6.232E-03 1.542E+03 9.303E-01 2.235E+01 2.000E+00
2.288E+07 9.358E+02 7.251E-01 1.142E-02 6.232E-03 1.291E+03 9.303E-01 2.235E+01 2.000E+00
6.404E+07 7.904E+02 7.723E-01 1.142E-02 6.233E-03 1.356E+03 9.303E-01 2.235E+01 2.000E+00
8.117E+06 3.535E+02 9.871E-01 1.142E-02 6.235E-03 2.057E+03 9.303E-01 2.235E+01 2.000E+00
1.139E+08 9.771E+02 7.132E-01 1.142E-02 6.237E-03 1.277E+03 9.303E-01 2.235E+01 2.000E+00
3.812E+07 9.465E+02 7.220E-01 1.142E-02 6.243E-03 1.287E+03 9.304E-01 2.235E+01 2.000E+00
1.291E+08 7.907E+02 7.722E-01 1.142E-02 6.252E-03 1.356E+03 9.304E-01 2.235E+01 2.000E+00
7.720E+06 9.952E+02 7.082E-01 1.142E-02 6.270E-03 1.272E+03 9.306E-01 2.235E+01 2.000E+00
1.602E+08 5.124E+02 8.931E-01 1.142E-02 6.302E-03 1.621E+03 9.308E-01 2.235E+01 2.000E+00
1.203E+07 7.057E+02 8.043E-01 1.142E-02 6.361E-03 1.410E+03 9.312E-01 2.235E+01 2.000E+00
2.373E+07 9.456E+02 7.224E-01 1.142E-02 6.469E-03 1.289E+03 9.321E-01 2.236E+01 2.000E+00
3.328E+07 8.007E+02 7.691E-01 1.142E-02 6.667E-03 1.353E+03 9.335E-01 2.236E+01 2.000E+00
6.129E+06 5.076E+02 8.969E-01 1.142E-02 7.029E-03 1.628E+03 9.363E-01 2.237E+01 2.000E+00
1.456E+07 6.675E+02 8.216E-01 1.142E-02 7.694E-03 1.442E+03 9.412E-01 2.238E+01 2.000E+00
1.652E+07 9.961E+02 7.098E-01 1.142E-02 8.913E-03 1.286E+03 9.494E-01 2.241E+01 2.000E+00
2.643E+07 4.889E+02 9.148E-01 1.142E-02 1.115E-02 1.646E+03 9.574E-01 2.246E+01 2.000E+00
2.883E+07 9.782E+02 7.129E-01 1.445E-02 6.231E-03 1.281E+03 9.378E-01 2.235E+01 2.000E+00
2.937E+07 9.782E+02 7.129E-01 1.445E-02 6.231E-03 1.281E+03 9.378E-01 2.235E+01 2.000E+00
3.043E+07 9.782E+02 7.129E-01 1.445E-02 6.231E-03 1.281E+03 9.378E-01 2.235E+01 2.000E+00
7.656E+06 3.402E+02 9.959E-01 1.445E-02 6.232E-03 2.125E+03 9.379E-01 2.235E+01 2.000E+00
6.717E+06 2.377E+02 1.065E+00 1.445E-02 6.232E-03 3.267E+03 9.379E-01 2.235E+01 2.000E+00
5.198E+07 9.782E+02 7.129E-01 1.445E-02 6.232E-03 1.281E+03 9.379E-01 2.235E+01 2.000E+00
1.193E+07 2.890E+02 1.031E+00 1.445E-02 6.233E-03 2.487E+03 9.379E-01 2.235E+01 2.000E+00
7.645E+06 6.986E+02 8.070E-01 1.445E-02 6.235E-03 1.487E+03 9.379E-01 2.235E+01 2.000E+00
6.358E+06 9.952E+02 7.081E-01 1.445E-02 6.237E-03 1.276E+03 9.379E-01 2.235E+01 2.000E+00
6.965E+06 9.952E+02 7.081E-01 1.445E-02 6.243E-03 1.276E+03 9.379E-01 2.235E+01 2.000E+00
8.554E+06 9.793E+02 7.126E-01 1.445E-02 6.252E-03 1.280E+03 9.380E-01 2.235E+01 2.000E+00
1.375E+07 3.286E+02 1.004E+00 1.445E-02 6.270E-03 2.189E+03 9.381E-01 2.235E+01 2.000E+00
1.119E+07 8.916E+02 7.387E-01 1.445E-02 6.302E-03 1.312E+03 9.384E-01 2.235E+01 2.000E+00
8.296E+06 6.610E+02 8.227E-01 1.445E-02 6.361E-03 1.449E+03 9.388E-01 2.235E+01 2.000E+00
5.806E+06 5.753E+02 8.616E-01 1.445E-02 6.469E-03 1.536E+03 9.396E-01 2.236E+01 2.000E+00
9.548E+06 9.455E+02 7.226E-01 1.445E-02 6.667E-03 1.294E+03 9.411E-01 2.236E+01 2.000E+00
8.919E+06 5.295E+02 8.854E-01 1.445E-02 7.029E-03 1.596E+03 9.438E-01 2.237E+01 2.000E+00
5.918E+06 7.992E+02 7.707E-01 1.445E-02 7.694E-03 1.361E+03 9.488E-01 2.238E+01 2.000E+00
5.982E+06 8.676E+02 7.486E-01 1.445E-02 8.913E-03 1.333E+03 9.548E-01 2.241E+01 2.000E+00
6.218E+06 6.573E+02 8.304E-01 1.445E-02 1.115E-02 1.457E+03 9.628E-01 2.246E+01 2.000E+00
1.058E+07 5.444E+02 8.765E-01 1.827E-02 6.231E-03 1.579E+03 9.474E-01 2.235E+01 2.000E+00
1.330E+07 5.444E+02 8.765E-01 1.827E-02 6.231E-03 1.579E+03 9.474E-01 2.235E+01 2.000E+00
2.569E+07 5.444E+02 8.765E-01 1.827E-02 6.231E-03 1.580E+03 9.474E-01 2.235E+01 2.000E+00
1.422E+07 9.291E+02 7.271E-01 1.827E-02 6.232E-03 1.316E+03 9.474E-01 2.235E+01 2.000E+00
1.738E+07 9.291E+02 7.271E-01 1.827E-02 6.232E-03 1.303E+03 9.474E-01 2.235E+01 2.000E+00
3.091E+06 4.927E+02 9.035E-01 1.827E-02 6.232E-03 1.661E+03 9.474E-01 2.235E+01 2.000E+00
1.127E+07 5.554E+02 8.710E-01 1.827E-02 6.233E-03 1.569E+03 9.474E-01 2.235E+01 2.000E+00
2.317E+10 5.521E+02 8.726E-01 1.827E-02 6.235E-03 1.569E+03 9.474E-01 2.235E+01 2.000E+00
2.035E+07 9.217E+02 7.294E-01 1.827E-02 6.237E-03 1.306E+03 9.474E-01 2.235E+01 2.000E+00
1.514E+07 2.222E+02 1.075E+00 1.827E-02 6.243E-03 3.751E+03 9.475E-01 2.235E+01 2.000E+00
4.841E+06 7.484E+02 7.877E-01 1.827E-02 6.252E-03 1.389E+03 9.476E-01 2.235E+01 2.000E+00
1.884E+07 8.946E+02 7.377E-01 1.827E-02 6.270E-03 1.357E+03 9.477E-01 2.235E+01 2.000E+00
1.873E+08 9.724E+02 7.146E-01 1.827E-02 6.302E-03 1.288E+03 9.479E-01 2.235E+01 2.000E+00
1.432E+07 3.341E+02 1.000E+00 1.827E-02 6.361E-03 2.159E+03 9.484E-01 2.235E+01 2.000E+00
9.523E+06 8.613E+02 7.485E-01 1.827E-02 6.469E-03 1.330E+03 9.492E-01 2.236E+01 2.000E+00
6.493E+06 7.452E+02 7.893E-01 1.827E-02 6.667E-03 1.392E+03 9.507E-01 2.236E+01 2.000E+00
9.324E+06 9.946E+02 7.089E-01 1.827E-02 7.029E-03 1.286E+03 9.534E-01 2.237E+01 2.000E+00
7.239E+07 8.919E+02 7.397E-01 1.827E-02 7.694E-03 1.323E+03 9.573E-01 2.238E+01 2.000E+00
2.161E+07 4.257E+02 9.478E-01 1.827E-02 8.913E-03 1.793E+03 9.616E-01 2.241E+01 2.000E+00
2.579E+07 8.639E+02 7.518E-01 1.827E-02 1.115E-02 1.349E+03 9.696E-01 2.246E+01 2.000E+00
1.531E+07 8.002E+02 7.689E-01 2.311E-02 6.231E-03 1.364E+03 9.595E-01 2.235E+01 2.000E+00
1.707E+07 8.002E+02 7.689E-01 2.311E-02 6.231E-03 1.364E+03 9.595E-01 2.235E+01 2.000E+00
2.004E+07 4.316E+02 9.382E-01 2.311E-02 6.231E-03 1.797E+03 9.595E-01 2.235E+01 2.000E+00
4.436E+07 8.002E+02 7.689E-01 2.311E-02 6.232E-03 1.364E+03 9.595E-01 2.235E+01 2.000E+00
7.110E+06 3.053E+02 1.020E+00 2.311E-02 6.232E-03 2.353E+03 9.595E-01 2.235E+01 2.000E+00
8.609E+06 9.155E+02 7.312E-01 2.311E-02 6.232E-03 1.322E+03 9.595E-01 2.235E+01 2.000E+00
1.597E+07 5.610E+02 8.682E-01 2.311E-02 6.233E-03 1.562E+03 9.595E-01 2.235E+01 2.000E+00
6.446E+07 8.946E+02 7.377E-01 2.311E-02 6.235E-03 1.321E+03 9.595E-01 2.235E+01 2.000E+00
5.662E+08 4.061E+02 9.537E-01 2.311E-02 6.237E-03 1.868E+03 9.595E-01 2.235E+01 2.000E+00
1.081E+07 9.279E+02 7.275E-01 2.311E-02 6.243E-03 1.309E+03 9.596E-01 2.235E+01 2.000E+00
4.356E+07 5.092E+02 8.947E-01 2.311E-02 6.252E-03 1.637E+03 9.597E-01 2.235E+01 2.000E+00
1.627E+07 8.419E+02 7.547E-01 2.311E-02 6.270E-03 1.345E+03 9.598E-01 2.235E+01 2.000E+00
3.598E+07 8.468E+02 7.531E-01 2.311E-02 6.302E-03 1.342E+03 9.600E-01 2.235E+01 2.000E+00
4.716E+06 4.404E+02 9.333E-01 2.311E-02 6.361E-03 1.983E+03 9.605E-01 2.235E+01 2.000E+00
3.964E+07 4.778E+02 9.121E-01 2.311E-02 6.469E-03 1.692E+03 9.613E-01 2.236E+01 2.000E+00
8.595E+06 4.306E+02 9.398E-01 2.311E-02 6.667E-03 1.797E+03 9.622E-01 2.236E+01 2.000E+00
4.384E+06 8.456E+02 7.541E-01 2.311E-02 7.029E-03 1.362E+03 9.635E-01 2.237E+01 2.000E+00
7.951E+06 9.318E+02 7.275E-01 2.311E-02 7.694E-03 1.316E+03 9.659E-01 2.238E+01 2.000E+00
6.028E+07 8.554E+02 7.526E-01 2.311E-02 8.913E-03 1.351E+03 9.702E-01 2.241E+01 2.000E+00
4.272E+06 9.373E+02 7.286E-01 2.311E-02 1.115E-02 1.333E+03 9.782E-01 2.246E+01 2.000E+00
2.030E+07 8.075E+02 7.663E-01 2.923E-02 6.231E-03 1.368E+03 9.716E-01 2.235E+01 2.000E+00
2.343E+07 8.075E+02 7.663E-01 2.923E-02 6.231E-03 1.368E+03 9.716E-01 2.235E+01 2.000E+00
3.285E+07 8.075E+02 7.663E-01 2.923E-02 6.231E-03 1.380E+03 9.716E-01 2.235E+01 2.000E+00
7.694E+06 5.700E+02 8.639E-01 2.923E-02 6.232E-03 1.558E+03 9.716E-01 2.235E+01 2.000E+00
5.189E+07 5.700E+02 8.639E-01 2.923E-02 6.232E-03 1.557E+03 9.716E-01 2.235E+01 2.000E+00
1.581E+07 7.902E+02 7.724E-01 2.923E-02 6.232E-03 1.377E+03 9.716E-01 2.235E+01 2.000E+00
2.474E+07 9.147E+02 7.315E-01 2.923E-02 6.233E-03 1.321E+03 9.716E-01 2.235E+01 2.000E+00
1.120E+07 6.149E+02 8.428E-01 2.923E-02 6.235E-03 1.507E+03 9.716E-01 2.235E+01 2.000E+00
4.596E+06 3.337E+02 1.000E+00 2.923E-02 6.237E-03 2.172E+03 9.716E-01 2.235E+01 2.000E+00
1.163E+08 7.181E+02 7.993E-01 2.923E-02 6.243E-03 1.421E+03 9.716E-01 2.235E+01 2.000E+00
6.490E+06 7.277E+02 7.956E-01 2.923E-02 6.252E-03 1.414E+03 9.716E-01 2.235E+01 2.000E+00
6.612E+07 9.646E+02 7.168E-01 2.923E-02 6.270E-03 1.306E+03 9.717E-01 2.235E+01 2.000E+00
3.579E+07 8.362E+02 7.566E-01 2.923E-02 6.302E-03 1.355E+03 9.718E-01 2.235E+01 2.000E+00
1.127E+07 7.776E+02 7.771E-01 2.923E-02 6.361E-03 1.386E+03 9.720E-01 2.235E+01 2.000E+00
2.912E+07 6.658E+02 8.209E-01 2.923E-02 6.469E-03 1.461E+03 9.724E-01 2.236E+01 2.000E+00
1.239E+07 9.094E+02 7.335E-01 2.923E-02 6.667E-03 1.326E+03 9.731E-01 2.236E+01 2.000E+00
2.473E+07 5.816E+02 8.595E-01 2.923E-02 7.029E-03 1.544E+03 9.744E-01 2.237E+01 2.000E+00
2.912E+07 6.156E+02 8.445E-01 2.923E-02 7.694E-03 1.509E+03 9.768E-01 2.238E+01 2.000E+00
1.085E+07 9.634E+02 7.191E-01 2.923E-02 8.913E-03 1.325E+03 9.811E-01 2.241E+01 2.000E+00
3.390E+08 6.656E+02 8.268E-01 2.923E-02 1.115E-02 1.472E+03 9.857E-01 2.246E+01 2.000E+00
5.820E+07 2.999E+02 1.023E+00 3.697E-02 6.231E-03 2.405E+03 9.854E-01 2.235E+01 2.000E+00
2.545E+07 8.169E+02 7.631E-01 3.697E-02 6.231E-03 1.373E+03 9.854E-01 2.235E+01 2.000E+00
3.608E+07 8.169E+02 7.631E-01 3.697E-02 6.231E-03 1.373E+03 9.854E-01 2.235E+01 2.000E+00
1.671E+08 8.169E+02 7.631E-01 3.697E-02 6.232E-03 1.374E+03 9.854E-01 2.235E+01 2.000E+00
8.434E+06 7.636E+02 7.820E-01 3.697E-02 6.232E-03 1.402E+03 9.854E-01 2.235E+01 2.000E+00
3.741E+07 7.636E+02 7.820E-01 3.697E-02 6.232E-03 1.401E+03 9.854E-01 2.235E+01 2.000E+00
1.823E+07 2.043E+02 1.087E+00 3.697E-02 6.233E-03 4.761E+03 9.854E-01 2.235E+01 2.000E+00
3.886E+07 9.070E+02 7.338E-01 3.697E-02 6.235E-03 1.335E+03 9.854E-01 2.235E+01 2.000E+00
5.900E+06 8.464E+02 7.532E-01 3.697E-02 6.237E-03 1.359E+03 9.854E-01 2.235E+01 2.000E+00
1.059E+07 7.764E+02 7.774E-01 3.697E-02 6.243E-03 1.394E+03 9.854E-01 2.235E+01 2.000E+00
6.322E+07 7.793E+02 7.763E-01 3.697E-02 6.252E-03 1.392E+03 9.854E-01 2.235E+01 2.000E+00
2.250E+07 5.329E+02 8.824E-01 3.697E-02 6.270E-03 1.615E+03 9.855E-01 2.235E+01 2.000E+00
5.585E+06 4.509E+02 9.271E-01 3.697E-02 6.302E-03 1.763E+03 9.856E-01 2.235E+01 2.000E+00
4.787E+07 6.788E+02 8.153E-01 3.697E-02 6.361E-03 1.459E+03 9.858E-01 2.235E+01 2.000E+00
1.380E+08 8.820E+02 7.418E-01 3.697E-02 6.469E-03 1.346E+03 9.862E-01 2.236E+01 2.000E+00
2.780E+07 7.680E+02 7.809E-01 3.697E-02 6.667E-03 1.416E+03 9.869E-01 2.236E+01 2.000E+00
1.145E+07 8.826E+02 7.421E-01 3.697E-02 7.029E-03 1.351E+03 9.882E-01 2.237E+01 2.000E+00
1.932E+08 8.865E+02 7.415E-01 3.697E-02 7.694E-03 1.353E+03 9.898E-01 2.239E+01 2.000E+00
6.021E+06 3.787E+02 9.779E-01 3.697E-02 8.913E-03 1.949E+03 9.909E-01 2.241E+01 2.000E+00
1.180E+07 9.947E+02 7.119E-01 3.697E-02 1.115E-02 1.349E+03 9.931E-01 2.246E+01 2.000E+00
1.679E+07 5.998E+02 8.498E-01 4.677E-02 6.231E-03 1.542E+03 9.977E-01 2.235E+01 2.000E+00
2.329E+07 5.998E+02 8.498E-01 4.677E-02 6.231E-03 1.541E+03 9.977E-01 2.235E+01 2.000E+00
8.464E+07 5.998E+02 8.498E-01 4.677E-02 6.231E-03 1.542E+03 9.977E-01 2.235E+01 2.000E+00
1.497E+07 4.056E+02 9.541E-01 4.677E-02 6.232E-03 1.890E+03 9.977E-01 2.235E+01 2.000E+00
8.936E+06 8.090E+02 7.658E-01 4.677E-02 6.232E-03 1.391E+03 9.977E-01 2.235E+01 2.000E+00
2.395E+07 8.090E+02 7.658E-01 4.677E-02 6.232E-03 1.390E+03 9.977E-01 2.235E+01 2.000E+00
2.271E+07 5.287E+02 8.845E-01 4.677E-02 6.233E-03 1.631E+03 9.977E-01 2.235E+01 2.000E+00
9.048E+07 4.781E+02 9.116E-01 4.677E-02 6.235E-03 1.715E+03 9.977E-01 2.235E+01 2.000E+00
1.179E+07 9.420E+02 7.233E-01 4.677E-02 6.237E-03 1.338E+03 9.977E-01 2.235E+01 2.000E+00
6.522E+07 7.792E+02 7.764E-01 4.677E-02 6.243E-03 1.481E+03 9.977E-01 2.235E+01 2.000E+00
6.786E+07 9.325E+02 7.262E-01 4.677E-02 6.252E-03 1.341E+03 9.977E-01 2.235E+01 2.000E+00
8.420E+07 7.181E+02 7.994E-01 4.677E-02 6.270E-03 1.442E+03 9.977E-01 2.235E+01 2.000E+00
5.555E+06 3.109E+02 1.016E+00 4.677E-02 6.302E-03 2.327E+03 9.978E-01 2.235E+01 2.000E+00
2.867E+07 8.776E+02 7.432E-01 4.677E-02 6.361E-03 1.362E+03 9.978E-01 2.235E+01 2.000E+00
1.175E+07 7.577E+02 7.845E-01 4.677E-02 6.469E-03 1.419E+03 9.979E-01 2.236E+01 2.000E+00
9.846E+07 3.330E+02 1.002E+00 4.677E-02 6.667E-03 2.182E+03 9.981E-01 2.236E+01 2.000E+00
5.303E+07 9.586E+02 7.191E-01 4.677E-02 7.029E-03 1.340E+03 9.984E-01 2.237E+01 2.000E+00
5.823E+06 9.835E+02 7.125E-01 4.677E-02 7.694E-03 1.341E+03 9.991E-01 2.239E+01 2.000E+00
1.098E+07 7.692E+02 7.828E-01 4.677E-02 8.913E-03 1.427E+03 1.000E+00 2.241E+01 0.000E+00
3.908E+07 8.306E+02 7.630E-01 4.677E-02 1.115E-02 1.421E+03 1.000E+00 2.246E+01 0.000E+00
1.403E+08 6.790E+02 8.151E-01 5.915E-02 6.231E-03 1.486E+03 1.000E+00 2.235E+01 0.000E+00
1.920E+07 2.193E+02 1.078E+00 5.915E-02 6.231E-03 3.846E+03 1.000E+00 2.235E+01 0.000E+00
4.213E+07 2.193E+02 1.078E+00 5.915E-02 6.231E-03 3.846E+03 1.000E+00 2.235E+01 0.000E+00
1.976E+07 4.117E+02 9.504E-01 5.915E-02 6.232E-03 1.884E+03 1.000E+00 2.235E+01 0.000E+00
1.403E+07 4.048E+02 9.547E-01 5.915E-02 6.232E-03 1.904E+03 1.000E+00 2.235E+01 0.000E+00
9.299E+06 7.165E+02 8.000E-01 5.915E-02 6.232E-03 1.460E+03 1.000E+00 2.235E+01 0.000E+00
3.001E+07 7.029E+02 8.054E-01 5.915E-02 6.233E-03 1.469E+03 1.000E+00 2.235E+01 0.000E+00
8.837E+07 6.991E+02 8.069E-01 5.915E-02 6.235E-03 1.471E+03 1.000E+00 2.235E+01 0.000E+00
6.259E+07 5.878E+02 8.554E-01 5.915E-02 6.237E-03 1.569E+03 1.000E+00 2.235E+01 0.000E+00
5.780E+06 8.119E+02 7.649E-01 5.915E-02 6.243E-03 1.408E+03 1.000E+00 2.235E+01 0.000E+00
1.347E+07 7.014E+02 8.060E-01 5.915E-02 6.252E-03 1.470E+03 1.000E+00 2.235E+01 0.000E+00
1.751E+07 8.699E+02 7.455E-01 5.915E-02 6.270E-03 1.384E+03 1.000E+00 2.235E+01 0.000E+00
7.500E+06 6.163E+02 8.423E-01 5.915E-02 6.302E-03 1.540E+03 1.000E+00 2.235E+01 0.000E+00
1.811E+06 2.679E+02 1.046E+00 5.915E-02 6.361E-03 2.741E+03 1.000E+00 2.236E+01 0.000E+00
7.032E+07 8.908E+02 7.391E-01 5.915E-02 6.469E-03 1.378E+03 1.000E+00 2.236E+01 0.000E+00
1.000E+07 6.155E+02 8.432E-01 5.915E-02 6.667E-03 1.543E+03 1.000E+00 2.236E+01 0.000E+00
1.371E+07 7.005E+02 8.073E-01 5.915E-02 7.029E-03 1.475E+03 1.000E+00 2.237E+01 0.000E+00
4.356E+06 2.956E+02 1.032E+00 5.915E-02 7.694E-03 2.421E+03 1.000E+00 2.239E+01 0.000E+00
3.265E+07 3.633E+02 9.884E-01 5.915E-02 8.913E-03 2.029E+03 1.000E+00 2.241E+01 0.000E+00
2.731E+07 4.068E+02 9.652E-01 5.915E-02 1.115E-02 1.877E+03 1.000E+00 2.246E+01 0.000E+00
2.962E+07 9.748E+02 7.139E-01 7.482E-02 6.231E-03 1.383E+03 1.000E+00 2.235E+01 0.000E+00
3.028E+07 9.748E+02 7.139E-01 7.482E-02 6.231E-03 1.387E+03 1.000E+00 2.235E+01 0.000E+00
3.716E+06 3.927E+02 9.623E-01 7.482E-02 6.231E-03 1.959E+03 1.000E+00 2.235E+01 0.000E+00
5.425E+06 3.927E+02 9.623E-01 7.482E-02 6.232E-03 1.960E+03 1.000E+00 2.235E+01 0.000E+00
5.593E+07 3.927E+02 9.623E-01 7.482E-02 6.232E-03 1.958E+03 1.000E+00 2.235E+01 0.000E+00
3.853E+07 3.219E+02 1.009E+00 7.482E-02 6.232E-03 2.278E+03 1.000E+00 2.235E+01 0.000E+00
2.146E+07 9.475E+02 7.217E-01 7.482E-02 6.233E-03 1.390E+03 1.000E+00 2.235E+01 0.000E+00
1.192E+07 9.479E+02 7.216E-01 7.482E-02 6.235E-03 1.389E+03 1.000E+00 2.235E+01 0.000E+00
3.709E+07 9.682E+02 7.158E-01 7.482E-02 6.237E-03 1.384E+03 1.000E+00 2.235E+01 0.000E+00
8.377E+07 9.827E+02 7.117E-01 7.482E-02 6.243E-03 1.381E+03 1.000E+00 2.235E+01 0.000E+00
9.703E+06 8.812E+02 7.419E-01 7.482E-02 6.252E-03 1.427E+03 1.000E+00 2.235E+01 0.000E+00
1.043E+07 6.213E+02 8.401E-01 7.482E-02 6.270E-03 1.585E+03 1.000E+00 2.235E+01 0.000E+00
8.765E+06 6.511E+02 8.270E-01 7.482E-02 6.302E-03 1.530E+03 1.000E+00 2.235E+01 0.000E+00
6.811E+06 6.159E+02 8.426E-01 7.482E-02 6.361E-03 1.562E+03 1.000E+00 2.236E+01 0.000E+00
1.579E+07 8.210E+02 7.620E-01 7.482E-02 6.469E-03 1.456E+03 1.000E+00 2.236E+01 0.000E+00
6.413E+07 6.594E+02 8.239E-01 7.482E-02 6.667E-03 1.526E+03 1.000E+00 2.236E+01 0.000E+00
1.725E+07 8.639E+02 7.482E-01 7.482E-02 7.029E-03 1.423E+03 1.000E+00 2.237E+01 0.000E+00
9.752E+06 3.774E+02 9.759E-01 7.482E-02 7.694E-03 2.003E+03 1.000E+00 2.239E+01 0.000E+00
7.063E+06 9.443E+02 7.248E-01 7.482E-02 8.913E-03 1.428E+03 1.000E+00 2.241E+01 0.000E+00
1.033E+07 2.330E+02 1.092E+00 7.482E-02 1.115E-02 3.026E+03 1.000E+00 2.247E+01 0.000E+00
1.142E+08 3.985E+02 9.588E-01 9.464E-02 6.231E-03 1.962E+03 1.000E+00 2.235E+01 0.000E+00
2.794E+07 7.680E+02 7.805E-01 9.464E-02 6.231E-03 1.491E+03 1.000E+00 2.235E+01 0.000E+00
4.903E+07 7.680E+02 7.805E-01 9.464E-02 6.231E-03 1.491E+03 1.000E+00 2.235E+01 0.000E+00
4.305E+06 2.369E+02 1.067E+00 9.464E-02 6.232E-03 3.297E+03 1.000E+00 2.235E+01 0.000E+00
1.040E+07 2.369E+02 1.067E+00 9.464E-02 6.232E-03 3.297E+03 1.000E+00 2.235E+01 0.000E+00
5.088E+07 9.086E+02 7.334E-01 9.464E-02 6.232E-03 1.445E+03 1.000E+00 2.235E+01 0.000E+00
1.536E+07 9.335E+02 7.259E-01 9.464E-02 6.233E-03 1.439E+03 1.000E+00 2.235E+01 0.000E+00
2.723E+07 8.796E+02 7.425E-01 9.464E-02 6.235E-03 1.453E+03 1.000E+00 2.235E+01 0.000E+00
3.553E+07 2.129E+02 1.083E+00 9.464E-02 6.237E-03 4.113E+03 1.000E+00 2.235E+01 0.000E+00
7.510E+06 6.425E+02 8.307E-01 9.464E-02 6.243E-03 1.568E+03 1.000E+00 2.235E+01 0.000E+00
3.120E+06 6.244E+02 8.387E-01 9.464E-02 6.252E-03 1.584E+03 1.000E+00 2.235E+01 0.000E+00
3.585E+08 8.132E+02 7.645E-01 9.464E-02 6.270E-03 1.473E+03 1.000E+00 2.235E+01 0.000E+00
4.508E+07 9.430E+02 7.231E-01 9.464E-02 6.302E-03 1.439E+03 1.000E+00 2.235E+01 0.000E+00
4.942E+06 7.373E+02 7.921E-01 9.464E-02 6.361E-03 1.509E+03 1.000E+00 2.236E+01 0.000E+00
7.964E+06 9.946E+02 7.085E-01 9.464E-02 6.469E-03 1.435E+03 1.000E+00 2.236E+01 0.000E+00
3.562E+07 7.842E+02 7.751E-01 9.464E-02 6.667E-03 1.490E+03 1.000E+00 2.236E+01 0.000E+00
1.690E+07 7.254E+02 7.975E-01 9.464E-02 7.029E-03 1.523E+03 1.000E+00 2.237E+01 0.000E+00
8.798E+07 5.937E+02 8.549E-01 9.464E-02 7.694E-03 1.626E+03 1.000E+00 2.239E+01 0.000E+00
2.745E+06 3.168E+02 1.021E+00 9.464E-02 8.913E-03 2.291E+03 1.000E+00 2.241E+01 0.000E+00
4.959E+06 8.525E+02 7.556E-01 9.464E-02 1.115E-02 1.543E+03 1.000E+00 2.247E+01 0.000E+00
1.930E+07 8.798E+02 7.424E-01 1.197E-01 6.231E-03 1.523E+03 1.000E+00 2.235E+01 0.000E+00
2.081E+07 8.798E+02 7.424E-01 1.197E-01 6.231E-03 1.535E+03 1.000E+00 2.235E+01 0.000E+00
2.434E+07 8.798E+02 7.424E-01 1.197E-01 6.231E-03 1.531E+03 1.000E+00 2.235E+01 0.000E+00
3.558E+07 8.798E+02 7.424E-01 1.197E-01 6.232E-03 1.523E+03 1.000E+00 2.235E+01 0.000E+00
2.810E+08 8.798E+02 7.424E-01 1.197E-01 6.232E-03 1.524E+03 1.000E+00 2.235E+01 0.000E+00
8.651E+06 8.662E+02 7.468E-01 1.197E-01 6.232E-03 1.525E+03 1.000E+00 2.235E+01 0.000E+00
3.212E+07 8.662E+02 7.468E-01 1.197E-01 6.233E-03 1.525E+03 1.000E+00 2.235E+01 0.000E+00
1.351E+07 7.468E+02 7.884E-01 1.197E-01 6.235E-03 1.558E+03 1.000E+00 2.235E+01 0.000E+00
2.631E+08 9.154E+02 7.314E-01 1.197E-01 6.237E-03 1.520E+03 1.000E+00 2.235E+01 0.000E+00
1.157E+07 5.623E+02 8.679E-01 1.197E-01 6.243E-03 1.693E+03 1.000E+00 2.235E+01 0.000E+00
1.393E+07 7.298E+02 7.949E-01 1.197E-01 6.252E-03 1.565E+03 1.000E+00 2.235E+01 0.000E+00
1.157E+07 4.838E+02 9.088E-01 1.197E-01 6.270E-03 1.797E+03 1.000E+00 2.235E+01 0.000E+00
1.637E+07 9.786E+02 7.129E-01 1.197E-01 6.302E-03 1.521E+03 1.000E+00 2.236E+01 0.000E+00
1.098E+08 8.339E+02 7.575E-01 1.197E-01 6.361E-03 1.535E+03 1.000E+00 2.236E+01 0.000E+00
1.952E+07 7.464E+02 7.888E-01 1.197E-01 6.469E-03 1.568E+03 1.000E+00 2.236E+01 0.000E+00
8.221E+06 9.190E+02 7.306E-01 1.197E-01 6.667E-03 1.532E+03 1.000E+00 2.236E+01 0.000E+00
4.289E+06 6.223E+02 8.408E-01 1.197E-01 7.029E-03 1.643E+03 1.000E+00 2.237E+01 0.000E+00
2.358E+07 4.329E+02 9.411E-01 1.197E-01 7.694E-03 1.907E+03 1.000E+00 2.239E+01 0.000E+00
1.094E+07 2.562E+02 1.066E+00 1.197E-01 8.913E-03 2.836E+03 1.000E+00 2.241E+01 0.000E+00
6.860E+06 4.777E+02 9.217E-01 1.197E-01 1.115E-02 1.845E+03 1.000E+00 2.247E+01 0.000E+00
5.445E+06 3.611E+02 9.832E-01 1.514E-01 6.231E-03 2.170E+03 1.000E+00 2.235E+01 0.000E+00
6.371E+06 3.611E+02 9.832E-01 1.514E-01 6.231E-03 2.170E+03 1.000E+00 2.235E+01 0.000E+00
9.341E+06 3.611E+02 9.832E-01 1.514E-01 6.231E-03 2.170E+03 1.000E+00 2.235E+01 0.000E+00
8.193E+07 3.611E+02 9.832E-01 1.514E-01 6.232E-03 2.170E+03 1.000E+00 2.235E+01 0.000E+00
3.299E+08 2.534E+02 1.057E+00 1.514E-01 6.232E-03 3.017E+03 1.000E+00 2.235E+01 0.000E+00
4.331E+06 4.378E+02 9.352E-01 1.514E-01 6.232E-03 1.941E+03 1.000E+00 2.235E+01 0.000E+00
4.205E+07 5.454E+02 8.764E-01 1.514E-01 6.233E-03 1.772E+03 1.000E+00 2.235E+01 0.000E+00
1.378E+07 6.338E+02 8.346E-01 1.514E-01 6.235E-03 1.700E+03 1.000E+00 2.235E+01 0.000E+00
2.261E+08 7.609E+02 7.832E-01 1.514E-01 6.237E-03 1.657E+03 1.000E+00 2.235E+01 0.000E+00
4.369E+07 9.056E+02 7.344E-01 1.514E-01 6.243E-03 1.670E+03 1.000E+00 2.235E+01 0.000E+00
4.124E+06 3.790E+02 9.716E-01 1.514E-01 6.252E-03 2.124E+03 1.000E+00 2.235E+01 0.000E+00
4.956E+07 6.965E+02 8.082E-01 1.514E-01 6.270E-03 1.671E+03 1.000E+00 2.236E+01 0.000E+00
5.631E+06 6.062E+02 8.472E-01 1.514E-01 6.302E-03 1.719E+03 1.000E+00 2.236E+01 0.000E+00
5.232E+06 2.100E+02 1.087E+00 1.514E-01 6.361E-03 4.193E+03 1.000E+00 2.236E+01 0.000E+00
6.757E+08 3.145E+02 1.015E+00 1.514E-01 6.469E-03 2.406E+03 1.000E+00 2.236E+01 0.000E+00
7.733E+06 6.054E+02 8.481E-01 1.514E-01 6.667E-03 1.728E+03 1.000E+00 2.236E+01 0.000E+00
2.697E+07 8.553E+02 7.511E-01 1.514E-01 7.029E-03 1.695E+03 1.000E+00 2.237E+01 0.000E+00
3.210E+07 9.022E+02 7.367E-01 1.514E-01 7.694E-03 1.753E+03 1.000E+00 2.239E+01 0.000E+00
1.653E+07 8.666E+02 7.490E-01 1.514E-01 8.913E-03 1.804E+03 1.000E+00 2.242E+01 0.000E+00
1.172E+07 7.726E+02 7.840E-01 1.514E-01 1.115E-02 1.859E+03 1.000E+00 2.247E+01 0.000E+00
3.013E+08 4.965E+02 9.020E-01 1.915E-01 6.231E-03 1.940E+03 1.000E+00 2.236E+01 0.000E+00
1.504E+07 8.334E+02 7.577E-01 1.915E-01 6.231E-03 1.976E+03 1.000E+00 2.236E+01 0.000E+00
1.763E+07 8.334E+02 7.577E-01 1.915E-01 6.231E-03 1.975E+03 1.000E+00 2.236E+01 0.000E+00
2.605E+07 8.334E+02 7.577E-01 1.915E-01 6.232E-03 1.974E+03 1.000E+00 2.236E+01 0.000E+00
2.933E+08 8.334E+02 7.577E-01 1.915E-01 6.232E-03 1.979E+03 1.000E+00 2.236E+01 0.000E+00
2.081E+07 6.228E+02 8.396E-01 1.915E-01 6.232E-03 1.851E+03 1.000E+00 2.236E+01 0.000E+00
1.054E+07 4.753E+02 9.137E-01 1.915E-01 6.233E-03 1.963E+03 1.000E+00 2.236E+01 0.000E+00
5.309E+06 9.205E+02 7.299E-01 1.915E-01 6.235E-03 2.191E+03 1.000E+00 2.236E+01 0.000E+00
4.459E+06 2.054E+02 1.090E+00 1.915E-01 6.237E-03 4.436E+03 1.000E+00 2.236E+01 0.000E+00
2.286E+07 2.456E+02 1.063E+00 1.915E-01 6.243E-03 3.183E+03 1.000E+00 2.236E+01 0.000E+00
2.892E+07 3.370E+02 9.997E-01 1.915E-01 6.252E-03 2.344E+03 1.000E+00 2.236E+01 0.000E+00
3.950E+06 3.904E+02 9.646E-01 1.915E-01 6.270E-03 2.142E+03 1.000E+00 2.236E+01 0.000E+00
9.772E+07 4.479E+02 9.296E-01 1.915E-01 6.302E-03 2.030E+03 1.000E+00 2.236E+01 0.000E+00
1.779E+07 3.028E+02 1.024E+00 1.915E-01 6.361E-03 2.563E+03 1.000E+00 2.236E+01 0.000E+00
5.488E+06 8.448E+02 7.541E-01 1.915E-01 6.469E-03 2.024E+03 1.000E+00 2.236E+01 0.000E+00
6.318E+06 4.082E+02 9.544E-01 1.915E-01 6.667E-03 2.100E+03 1.000E+00 2.237E+01 0.000E+00
1.036E+07 6.621E+02 8.234E-01 1.915E-01 7.029E-03 1.893E+03 1.000E+00 2.237E+01 0.000E+00
4.087E+07 7.306E+02 7.963E-01 1.915E-01 7.694E-03 1.985E+03 1.000E+00 2.239E+01 0.000E+00
1.538E+07 7.574E+02 7.874E-01 1.915E-01 8.913E-03 2.156E+03 1.000E+00 2.242E+01 0.000E+00
4.595E+08 5.003E+02 9.090E-01 1.915E-01 1.115E-02 2.097E+03 1.000E+00 2.247E+01 0.000E+00
2.453E+06 7.245E+02 7.971E-01 2.422E-01 6.231E-03 2.801E+03 1.000E+00 2.236E+01 0.000E+00
2.490E+06 7.245E+02 7.971E-01 2.422E-01 6.231E-03 2.803E+03 1.000E+00 2.236E+01 0.000E+00
2.563E+06 7.245E+02 7.971E-01 2.422E-01 6.231E-03 2.801E+03 1.000E+00 2.236E+01 0.000E+00
2.713E+06 7.245E+02 7.971E-01 2.422E-01 6.232E-03 2.802E+03 1.000E+00 2.236E+01 0.000E+00
3.054E+06 7.245E+02 7.971E-01 2.422E-01 6.232E-03 2.801E+03 1.000E+00 2.236E+01 0.000E+00
4.085E+06 7.245E+02 7.971E-01 2.422E-01 6.232E-03 2.802E+03 1.000E+00 2.236E+01 0.000E+00
4.764E+06 3.078E+02 1.020E+00 2.422E-01 6.233E-03 2.612E+03 1.000E+00 2.236E+01 0.000E+00
6.393E+06 6.222E+02 8.400E-01 2.422E-01 6.235E-03 2.263E+03 1.000E+00 2.236E+01 0.000E+00
5.290E+06 5.717E+02 8.636E-01 2.422E-01 6.237E-03 2.179E+03 1.000E+00 2.236E+01 0.000E+00
2.353E+08 6.576E+02 8.245E-01 2.422E-01 6.243E-03 2.371E+03 1.000E+00 2.236E+01 0.000E+00
6.694E+07 6.856E+02 8.127E-01 2.422E-01 6.252E-03 2.504E+03 1.000E+00 2.236E+01 0.000E+00
2.813E+07 6.847E+02 8.131E-01 2.422E-01 6.270E-03 2.503E+03 1.000E+00 2.236E+01 0.000E+00
2.655E+06 6.995E+02 8.071E-01 2.422E-01 6.302E-03 2.608E+03 1.000E+00 2.236E+01 0.000E+00
2.532E+07 5.622E+02 8.685E-01 2.422E-01 6.361E-03 2.183E+03 1.000E+00 2.236E+01 0.000E+00
1.910E+07 5.793E+02 8.603E-01 2.422E-01 6.469E-03 2.215E+03 1.000E+00 2.236E+01 0.000E+00
5.636E+06 4.455E+02 9.320E-01 2.422E-01 6.667E-03 2.210E+03 1.000E+00 2.237E+01 0.000E+00
1.592E+07 5.232E+02 8.894E-01 2.422E-01 7.029E-03 2.216E+03 1.000E+00 2.237E+01 0.000E+00
1.663E+07 5.866E+02 8.586E-01 2.422E-01 7.694E-03 2.402E+03 1.000E+00 2.239E+01 0.000E+00
3.731E+06 5.420E+02 8.828E-01 2.422E-01 8.913E-03 2.465E+03 1.000E+00 2.242E+01 0.000E+00
1.057E+07 4.822E+02 9.195E-01 2.422E-01 1.115E-02 2.603E+03 1.000E+00 2.247E+01 0.000E+00
3.321E+06 4.767E+02 9.134E-01 3.064E-01 6.231E-03 2.892E+03 1.000E+00 2.236E+01 0.000E+00
3.552E+06 4.767E+02 9.134E-01 3.064E-01 6.231E-03 2.888E+03 1.000E+00 2.236E+01 0.000E+00
4.083E+06 4.767E+02 9.134E-01 3.064E-01 6.231E-03 2.888E+03 1.000E+00 2.236E+01 0.000E+00
5.708E+06 4.767E+02 9.134E-01 3.064E-01 6.232E-03 2.888E+03 1.000E+00 2.236E+01 0.000E+00
2.635E+07 4.767E+02 9.134E-01 3.064E-01 6.232E-03 2.888E+03 1.000E+00 2.236E+01 0.000E+00
5.351E+06 2.736E+02 1.045E+00 3.064E-01 6.232E-03 3.051E+03 1.000E+00 2.236E+01 0.000E+00
2.076E+07 3.590E+02 9.858E-01 3.064E-01 6.233E-03 2.652E+03 1.000E+00 2.236E+01 0.000E+00
7.409E+06 2.293E+02 1.077E+00 3.064E-01 6.235E-03 3.678E+03 1.000E+00 2.236E+01 0.000E+00
1.867E+06 5.076E+02 8.965E-01 3.064E-01 6.237E-03 3.239E+03 1.000E+00 2.236E+01 0.000E+00
3.091E+06 2.571E+02 1.057E+00 3.064E-01 6.243E-03 3.224E+03 1.000E+00 2.236E+01 0.000E+00
3.219E+06 4.446E+02 9.320E-01 3.064E-01 6.252E-03 2.723E+03 1.000E+00 2.236E+01 0.000E+00
2.212E+06 2.349E+02 1.073E+00 3.064E-01 6.270E-03 3.565E+03 1.000E+00 2.236E+01 0.000E+00
9.994E+06 3.292E+02 1.006E+00 3.064E-01 6.302E-03 2.732E+03 1.000E+00 2.236E+01 0.000E+00
2.188E+06 3.699E+02 9.789E-01 3.064E-01 6.361E-03 2.650E+03 1.000E+00 2.236E+01 0.000E+00
2.087E+06 5.149E+02 8.930E-01 3.064E-01 6.469E-03 3.578E+03 1.000E+00 2.236E+01 0.000E+00
3.188E+07 3.005E+02 1.028E+00 3.064E-01 6.667E-03 2.877E+03 1.000E+00 2.237E+01 0.000E+00
1.162E+08 4.858E+02 9.099E-01 3.064E-01 7.029E-03 3.381E+03 1.000E+00 2.238E+01 0.000E+00
1.267E+06 2.392E+02 1.076E+00 3.064E-01 7.694E-03 3.473E+03 1.000E+00 2.239E+01 0.000E+00
1.328E+08 4.543E+02 9.318E-01 3.064E-01 8.913E-03 4.221E+03 1.000E+00 2.242E+01 0.000E+00
2.148E+07 2.780E+02 1.061E+00 3.064E-01 1.115E-02 3.357E+03 1.000E+00 2.247E+01 0.000E+00
1.794E+06 3.223E+02 1.012E+00 3.875E-01 6.231E-03 3.606E+03 1.000E+00 2.236E+01 0.000E+00
1.083E+07 2.147E+02 1.089E+00 3.875E-01 6.231E-03 4.282E+03 1.000E+00 2.236E+01 0.000E+00
2.028E+06 3.223E+02 1.012E+00 3.875E-01 6.231E-03 3.606E+03 1.000E+00 2.236E+01 0.000E+00
2.415E+06 3.223E+02 1.012E+00 3.875E-01 6.232E-03 3.606E+03 1.000E+00 2.236E+01 0.000E+00
3.829E+06 3.223E+02 1.012E+00 3.875E-01 6.232E-03 3.606E+03 1.000E+00 2.236E+01 0.000E+00
1.619E+07 2.027E+02 1.097E+00 3.875E-01 6.232E-03 4.689E+03 1.000E+00 2.236E+01 0.000E+00
3.345E+06 2.482E+02 1.065E+00 3.875E-01 6.233E-03 3.691E+03 1.000E+00 2.236E+01 0.000E+00
3.377E+06 2.532E+02 1.061E+00 3.875E-01 6.235E-03 3.642E+03 1.000E+00 2.236E+01 0.000E+00
1.009E+06 2.128E+02 1.090E+00 3.875E-01 6.237E-03 4.337E+03 1.000E+00 2.236E+01 0.000E+00
1.483E+06 2.059E+02 1.095E+00 3.875E-01 6.243E-03 4.562E+03 1.000E+00 2.236E+01 0.000E+00
2.400E+06 3.513E+02 9.917E-01 3.875E-01 6.252E-03 4.213E+03 1.000E+00 2.236E+01 0.000E+00
2.987E+06 2.342E+02 1.075E+00 3.875E-01 6.270E-03 3.875E+03 1.000E+00 2.236E+01 0.000E+00
3.554E+07 2.183E+02 1.086E+00 3.875E-01 6.302E-03 4.193E+03 1.000E+00 2.236E+01 0.000E+00
2.265E+06 2.537E+02 1.061E+00 3.875E-01 6.361E-03 3.656E+03 1.000E+00 2.236E+01 0.000E+00
4.266E+06 2.477E+02 1.066E+00 3.875E-01 6.469E-03 3.720E+03 1.000E+00 2.237E+01 0.000E+00
1.176E+06 2.968E+02 1.031E+00 3.875E-01 6.667E-03 3.601E+03 1.000E+00 2.237E+01 0.000E+00
2.824E+06 2.359E+02 1.077E+00 3.875E-01 7.029E-03 3.908E+03 1.000E+00 2.238E+01 0.000E+00
1.781E+06 2.822E+02 1.046E+00 3.875E-01 7.694E-03 3.911E+03 1.000E+00 2.239E+01 0.000E+00
1.157E+08 2.931E+02 1.042E+00 3.875E-01 8.913E-03 5.282E+03 1.000E+00 2.242E+01 0.000E+00
3.625E+06 2.549E+02 1.080E+00 3.875E-01 1.115E-02 7.170E+03 1.000E+00 2.247E+01 0.000E+00
8.126E+05 2.163E+02 1.090E+00 4.902E-01 6.231E-03 5.347E+03 1.000E+00 2.236E+01 0.000E+00
7.762E+05 2.163E+02 1.090E+00 4.902E-01 6.231E-03 5.347E+03 1.000E+00 2.236E+01 0.000E+00
1.700E+06 2.169E+02 1.089E+00 4.902E-01 6.231E-03 5.349E+03 1.000E+00 2.236E+01 0.000E+00
7.086E+05 2.163E+02 1.090E+00 4.902E-01 6.232E-03 5.347E+03 1.000E+00 2.236E+01 0.000E+00
7.230E+05 2.137E+02 1.092E+00 4.902E-01 6.232E-03 5.355E+03 1.000E+00 2.236E+01 0.000E+00
9.478E+06 2.230E+02 1.085E+00 4.902E-01 6.232E-03 5.408E+03 1.000E+00 2.236E+01 0.000E+00
8.473E+05 2.137E+02 1.092E+00 4.902E-01 6.233E-03 5.347E+03 1.000E+00 2.236E+01 0.000E+00
1.109E+06 2.137E+02 1.092E+00 4.902E-01 6.235E-03 5.348E+03 1.000E+00 2.236E+01 0.000E+00
3.832E+06 2.137E+02 1.092E+00 4.902E-01 6.237E-03 5.350E+03 1.000E+00 2.236E+01 0.000E+00
2.487E+06 2.131E+02 1.092E+00 4.902E-01 6.243E-03 5.365E+03 1.000E+00 2.236E+01 0.000E+00
1.377E+07 2.081E+02 1.096E+00 4.902E-01 6.252E-03 5.934E+03 1.000E+00 2.236E+01 0.000E+00
2.581E+06 2.155E+02 1.091E+00 4.902E-01 6.270E-03 5.380E+03 1.000E+00 2.236E+01 0.000E+00
1.505E+06 2.254E+02 1.084E+00 4.902E-01 6.302E-03 5.527E+03 1.000E+00 2.236E+01 0.000E+00
6.117E+06 2.088E+02 1.096E+00 4.902E-01 6.361E-03 5.437E+03 1.000E+00 2.236E+01 0.000E+00
3.601E+06 2.285E+02 1.082E+00 4.902E-01 6.469E-03 5.869E+03 1.000E+00 2.237E+01 0.000E+00
5.639E+06 2.212E+02 1.088E+00 4.902E-01 6.667E-03 5.833E+03 1.000E+00 2.237E+01 0.000E+00
2.391E+06 2.164E+02 1.094E+00 4.902E-01 7.029E-03 6.160E+03 1.000E+00 2.238E+01 0.000E+00
1.129E+06 2.062E+02 1.105E+00 4.902E-01 7.694E-03 6.788E+03 1.000E+00 2.240E+01 0.000E+00
NAN NAN NAN 4.902E-01 8.913E-03 NAN 1.000E+00 2.242E+01 0.000E+00
NAN NAN NAN 4.902E-01 1.115E-02 NAN 1.000E+00 2.247E+01 0.000E+00
NAN NAN NAN 6.200E-01 6.231E-03 NAN 1.000E+00 2.236E+01 0.000E+00
NAN NAN NAN 6.200E-01 6.231E-03 NAN 1.000E+00 2.236E+01 0.000E+00
NAN NAN NAN 6.200E-01 6.231E-03 NAN 1.000E+00 2.236E+01 0.000E+00
NAN NAN NAN 6.200E-01 6.232E-03 NAN 1.000E+00 2.236E+01 0.000E+00
NAN NAN NAN 6.200E-01 6.232E-03 NAN 1.000E+00 2.236E+01 0.000E+00
NAN NAN NAN 6.200E-01 6.232E-03 NAN 1.000E+00 2.236E+01 0.000E+00
NAN NAN NAN 6.200E-01 6.233E-03 NAN 1.000E+00 2.236E+01 0.000E+00
NAN NAN NAN 6.200E-01 6.235E-03 NAN 1.000E+00 2.236E+01 0.000E+00
NAN NAN NAN 6.200E-01 6.237E-03 NAN 1.000E+00 2.237E+01 0.000E+00
NAN NAN NAN 6.200E-01 6.243E-03 NAN 1.000E+00 2.237E+01 0.000E+00
NAN NAN NAN 6.200E-01 6.252E-03 NAN 1.000E+00 2.237E+01 0.000E+00
NAN NAN NAN 6.200E-01 6.270E-03 NAN 1.000E+00 2.237E+01 0.000E+00
NAN NAN NAN 6.200E-01 6.302E-03 NAN 1.000E+00 2.237E+01 0.000E+00
NAN NAN NAN 6.200E-01 6.361E-03 NAN 1.000E+00 2.237E+01 0.000E+00
NAN NAN NAN 6.200E-01 6.469E-03 NAN 1.000E+00 2.237E+01 0.000E+00
NAN NAN NAN 6.200E-01 6.667E-03 NAN 1.000E+00 2.237E+01 0.000E+00
NAN NAN NAN 6.200E-01 7.029E-03 NAN 1.000E+00 2.238E+01 0.000E+00
NAN NAN NAN 6.200E-01 7.694E-03 NAN 1.000E+00 2.240E+01 0.000E+00
NAN NAN NAN 6.200E-01 8.913E-03 NAN 1.000E+00 2.243E+01 0.000E+00
NAN NAN NAN 6.200E-01 1.115E-02 NAN 1.000E+00 2.248E+01 0.000E+00
NAN NAN NAN 7.842E-01 6.231E-03 NAN 1.000E+00 2.237E+01 0.000E+00
NAN NAN NAN 7.842E-01 6.231E-03 NAN 1.000E+00 2.237E+01 0.000E+00
NAN NAN NAN 7.842E-01 6.231E-03 NAN 1.000E+00 2.237E+01 0.000E+00
NAN NAN NAN 7.842E-01 6.232E-03 NAN 1.000E+00 2.237E+01 0.000E+00
NAN NAN NAN 7.842E-01 6.232E-03 NAN 1.000E+00 2.237E+01 0.000E+00
NAN NAN NAN 7.842E-01 6.232E-03 NAN 1.000E+00 2.237E+01 0.000E+00
NAN NAN NAN 7.842E-01 6.233E-03 NAN 1.000E+00 2.237E+01 0.000E+00
NAN NAN NAN 7.842E-01 6.235E-03 NAN 1.000E+00 2.237E+01 0.000E+00
NAN NAN NAN 7.842E-01 6.237E-03 NAN 1.000E+00 2.237E+01 0.000E+00
NAN NAN NAN 7.842E-01 6.243E-03 NAN 1.000E+00 2.237E+01 0.000E+00
NAN NAN NAN 7.842E-01 6.252E-03 NAN 1.000E+00 2.237E+01 0.000E+00
NAN NAN NAN 7.842E-01 6.270E-03 NAN 1.000E+00 2.237E+01 0.000E+00
NAN NAN NAN 7.842E-01 6.302E-03 NAN 1.000E+00 2.237E+01 0.000E+00
NAN NAN NAN 7.842E-01 6.361E-03 NAN 1.000E+00 2.237E+01 0.000E+00
NAN NAN NAN 7.842E-01 6.469E-03 NAN 1.000E+00 2.237E+01 0.000E+00
NAN NAN NAN 7.842E-01 6.667E-03 NAN 1.000E+00 2.238E+01 0.000E+00
NAN NAN NAN 7.842E-01 7.029E-03 NAN 1.000E+00 2.239E+01 0.000E+00
NAN NAN NAN 7.842E-01 7.694E-03 NAN 1.000E+00 2.240E+01 0.000E+00
NAN NAN NAN 7.842E-01 8.913E-03 NAN 1.000E+00 2.243E+01 0.000E+00
NAN NAN NAN 7.842E-01 1.115E-02 NAN 1.000E+00 2.248E+01 0.000E+00
NAN NAN NAN 9.919E-01 6.231E-03 NAN 1.000E+00 2.237E+01 0.000E+00
NAN NAN NAN 9.919E-01 6.231E-03 NAN 1.000E+00 2.237E+01 0.000E+00
NAN NAN NAN 9.919E-01 6.231E-03 NAN 1.000E+00 2.237E+01 0.000E+00
NAN NAN NAN 9.919E-01 6.232E-03 NAN 1.000E+00 2.237E+01 0.000E+00
NAN NAN NAN 9.919E-01 6.232E-03 NAN 1.000E+00 2.237E+01 0.000E+00
NAN NAN NAN 9.919E-01 6.232E-03 NAN 1.000E+00 2.237E+01 0.000E+00
NAN NAN NAN 9.919E-01 6.233E-03 NAN 1.000E+00 2.237E+01 0.000E+00
NAN NAN NAN 9.919E-01 6.235E-03 NAN 1.000E+00 2.237E+01 0.000E+00
NAN NAN NAN 9.919E-01 6.237E-03 NAN 1.000E+00 2.237E+01 0.000E+00
NAN NAN NAN 9.919E-01 6.243E-03 NAN 1.000E+00 2.237E+01 0.000E+00
NAN NAN NAN 9.919E-01 6.252E-03 NAN 1.000E+00 2.237E+01 0.000E+00
NAN NAN NAN 9.919E-01 6.270E-03 NAN 1.000E+00 2.237E+01 0.000E+00
NAN NAN NAN 9.919E-01 6.302E-03 NAN 1.000E+00 2.238E+01 0.000E+00
NAN NAN NAN 9.919E-01 6.361E-03 NAN 1.000E+00 2.238E+01 0.000E+00
NAN NAN NAN 9.919E-01 6.469E-03 NAN 1.000E+00 2.238E+01 0.000E+00
NAN NAN NAN 9.919E-01 6.667E-03 NAN 1.000E+00 2.238E+01 0.000E+00
NAN NAN NAN 9.919E-01 7.029E-03 NAN 1.000E+00 2.239E+01 0.000E+00
NAN NAN NAN 9.919E-01 7.694E-03 NAN 1.000E+00 2.241E+01 0.000E+00
NAN NAN NAN 9.919E-01 8.913E-03 NAN 1.000E+00 2.243E+01 0.000E+00
NAN NAN NAN 9.919E-01 1.115E-02 NAN 1.000E+00 2.249E+01 0.000E+00
NAN NAN NAN 1.255E+00 6.231E-03 NAN 1.000E+00 2.238E+01 0.000E+00
NAN NAN NAN 1.255E+00 6.231E-03 NAN 1.000E+00 2.238E+01 0.000E+00
NAN NAN NAN 1.255E+00 6.231E-03 NAN 1.000E+00 2.238E+01 0.000E+00
NAN NAN NAN 1.255E+00 6.232E-03 NAN 1.000E+00 2.238E+01 0.000E+00
NAN NAN NAN 1.255E+00 6.232E-03 NAN 1.000E+00 2.238E+01 0.000E+00
NAN NAN NAN 1.255E+00 6.232E-03 NAN 1.000E+00 2.238E+01 0.000E+00
NAN NAN NAN 1.255E+00 6.233E-03 NAN 1.000E+00 2.238E+01 0.000E+00
NAN NAN NAN 1.255E+00 6.235E-03 NAN 1.000E+00 2.238E+01 0.000E+00
NAN NAN NAN 1.255E+00 6.237E-03 NAN 1.000E+00 2.238E+01 0.000E+00
NAN NAN NAN 1.255E+00 6.243E-03 NAN 1.000E+00 2.238E+01 0.000E+00
NAN NAN NAN 1.255E+00 6.252E-03 NAN 1.000E+00 2.238E+01 0.000E+00
NAN NAN NAN 1.255E+00 6.270E-03 NAN 1.000E+00 2.238E+01 0.000E+00
NAN NAN NAN 1.255E+00 6.302E-03 NAN 1.000E+00 2.238E+01 0.000E+00
NAN NAN NAN 1.255E+00 6.361E-03 NAN 1.000E+00 2.238E+01 0.000E+00
NAN NAN NAN 1.255E+00 6.469E-03 NAN 1.000E+00 2.238E+01 0.000E+00
NAN NAN NAN 1.255E+00 6.667E-03 NAN 1.000E+00 2.239E+01 0.000E+00
NAN NAN NAN 1.255E+00 7.029E-03 NAN 1.000E+00 2.240E+01 0.000E+00
NAN NAN NAN 1.255E+00 7.694E-03 NAN 1.000E+00 2.241E+01 0.000E+00
NAN NAN NAN 1.255E+00 8.913E-03 NAN 1.000E+00 2.244E+01 0.000E+00
NAN NAN NAN 1.255E+00 1.115E-02 NAN 1.000E+00 2.249E+01 0.000E+00
NAN NAN NAN 1.587E+00 6.231E-03 NAN 1.000E+00 2.239E+01 0.000E+00
NAN NAN NAN 1.587E+00 6.231E-03 NAN 1.000E+00 2.239E+01 0.000E+00
NAN NAN NAN 1.587E+00 6.231E-03 NAN 1.000E+00 2.239E+01 0.000E+00
NAN NAN NAN 1.587E+00 6.232E-03 NAN 1.000E+00 2.239E+01 0.000E+00
NAN NAN NAN 1.587E+00 6.232E-03 NAN 1.000E+00 2.239E+01 0.000E+00
NAN NAN NAN 1.587E+00 6.232E-03 NAN 1.000E+00 2.239E+01 0.000E+00
NAN NAN NAN 1.587E+00 6.233E-03 NAN 1.000E+00 2.239E+01 0.000E+00
NAN NAN NAN 1.587E+00 6.235E-03 NAN 1.000E+00 2.239E+01 0.000E+00
NAN NAN NAN 1.587E+00 6.237E-03 NAN 1.000E+00 2.239E+01 0.000E+00
NAN NAN NAN 1.587E+00 6.243E-03 NAN 1.000E+00 2.239E+01 0.000E+00
NAN NAN NAN 1.587E+00 6.252E-03 NAN 1.000E+00 2.239E+01 0.000E+00
NAN NAN NAN 1.587E+00 6.270E-03 NAN 1.000E+00 2.239E+01 0.000E+00
NAN NAN NAN 1.587E+00 6.302E-03 NAN 1.000E+00 2.239E+01 0.000E+00
NAN NAN NAN 1.587E+00 6.361E-03 NAN 1.000E+00 2.239E+01 0.000E+00
NAN NAN NAN 1.587E+00 6.469E-03 NAN 1.000E+00 2.239E+01 0.000E+00
NAN NAN NAN 1.587E+00 6.667E-03 NAN 1.000E+00 2.240E+01 0.000E+00
NAN NAN NAN 1.587E+00 7.029E-03 NAN 1.000E+00 2.241E+01 0.000E+00
NAN NAN NAN 1.587E+00 7.694E-03 NAN 1.000E+00 2.242E+01 0.000E+00
NAN NAN NAN 1.587E+00 8.913E-03 NAN 1.000E+00 2.245E+01 0.000E+00
NAN NAN NAN 1.587E+00 1.115E-02 NAN 1.000E+00 2.250E+01 0.000E+00
NAN NAN NAN 2.007E+00 6.231E-03 NAN 1.000E+00 2.240E+01 3.000E+00
NAN NAN NAN 2.007E+00 6.231E-03 NAN 1.000E+00 2.240E+01 3.000E+00
NAN NAN NAN 2.007E+00 6.231E-03 NAN 1.000E+00 2.240E+01 3.000E+00
NAN NAN NAN 2.007E+00 6.232E-03 NAN 1.000E+00 2.240E+01 3.000E+00
NAN NAN NAN 2.007E+00 6.232E-03 NAN 1.000E+00 2.240E+01 3.000E+00
NAN NAN NAN 2.007E+00 6.232E-03 NAN 1.000E+00 2.240E+01 3.000E+00
NAN NAN NAN 2.007E+00 6.233E-03 NAN 1.000E+00 2.240E+01 3.000E+00
NAN NAN NAN 2.007E+00 6.235E-03 NAN 1.000E+00 2.240E+01 3.000E+00
NAN NAN NAN 2.007E+00 6.237E-03 NAN 1.000E+00 2.240E+01 3.000E+00
NAN NAN NAN 2.007E+00 6.243E-03 NAN 1.000E+00 2.240E+01 3.000E+00
NAN NAN NAN 2.007E+00 6.252E-03 NAN 1.000E+00 2.240E+01 3.000E+00
NAN NAN NAN 2.007E+00 6.270E-03 NAN 1.000E+00 2.240E+01 3.000E+00
NAN NAN NAN 2.007E+00 6.302E-03 NAN 1.000E+00 2.240E+01 3.000E+00
NAN NAN NAN 2.007E+00 6.361E-03 NAN 1.000E+00 2.240E+01 3.000E+00
NAN NAN NAN 2.007E+00 6.469E-03 NAN 1.000E+00 2.240E+01 3.000E+00
NAN NAN NAN 2.007E+00 6.667E-03 NAN 1.000E+00 2.241E+01 3.000E+00
NAN NAN NAN 2.007E+00 7.029E-03 NAN 1.000E+00 2.242E+01 3.000E+00
NAN NAN NAN 2.007E+00 7.694E-03 NAN 1.000E+00 2.243E+01 3.000E+00
NAN NAN NAN 2.007E+00 8.913E-03 NAN 1.000E+00 2.246E+01 3.000E+00
NAN NAN NAN 2.007E+00 1.115E-02 NAN 1.000E+00 2.251E+01 3.000E+00
NAN NAN NAN 2.539E+00 6.231E-03 NAN 1.000E+00 2.241E+01 3.000E+00
NAN NAN NAN 2.539E+00 6.231E-03 NAN 1.000E+00 2.241E+01 3.000E+00
NAN NAN NAN 2.539E+00 6.231E-03 NAN 1.000E+00 2.241E+01 3.000E+00
NAN NAN NAN 2.539E+00 6.232E-03 NAN 1.000E+00 2.241E+01 3.000E+00
NAN NAN NAN 2.539E+00 6.232E-03 NAN 1.000E+00 2.241E+01 3.000E+00
NAN NAN NAN 2.539E+00 6.232E-03 NAN 1.000E+00 2.241E+01 3.000E+00
NAN NAN NAN 2.539E+00 6.233E-03 NAN 1.000E+00 2.241E+01 3.000E+00
NAN NAN NAN 2.539E+00 6.235E-03 NAN 1.000E+00 2.241E+01 3.000E+00
NAN NAN NAN 2.539E+00 6.237E-03 NAN 1.000E+00 2.241E+01 3.000E+00
NAN NAN NAN 2.539E+00 6.243E-03 NAN 1.000E+00 2.241E+01 3.000E+00
NAN NAN NAN 2.539E+00 6.252E-03 NAN 1.000E+00 2.241E+01 3.000E+00
NAN NAN NAN 2.539E+00 6.270E-03 NAN 1.000E+00 2.241E+01 3.000E+00
NAN NAN NAN 2.539E+00 6.302E-03 NAN 1.000E+00 2.241E+01 3.000E+00
NAN NAN NAN 2.539E+00 6.361E-03 NAN 1.000E+00 2.241E+01 3.000E+00
NAN NAN NAN 2.539E+00 6.469E-03 NAN 1.000E+00 2.241E+01 3.000E+00
NAN NAN NAN 2.539E+00 6.667E-03 NAN 1.000E+00 2.242E+01 3.000E+00
NAN NAN NAN 2.539E+00 7.029E-03 NAN 1.000E+00 2.243E+01 3.000E+00
NAN NAN NAN 2.539E+00 7.694E-03 NAN 1.000E+00 2.244E+01 3.000E+00
NAN NAN NAN 2.539E+00 8.913E-03 NAN 1.000E+00 2.247E+01 3.000E+00
NAN NAN NAN 2.539E+00 1.115E-02 NAN 1.000E+00 2.252E+01 3.000E+00
NAN NAN NAN 3.211E+00 6.231E-03 NAN 1.000E+00 2.242E+01 3.000E+00
NAN NAN NAN 3.211E+00 6.231E-03 NAN 1.000E+00 2.242E+01 3.000E+00
NAN NAN NAN 3.211E+00 6.231E-03 NAN 1.000E+00 2.242E+01 3.000E+00
NAN NAN NAN 3.211E+00 6.232E-03 NAN 1.000E+00 2.242E+01 3.000E+00
NAN NAN NAN 3.211E+00 6.232E-03 NAN 1.000E+00 2.242E+01 3.000E+00
NAN NAN NAN 3.211E+00 6.232E-03 NAN 1.000E+00 2.242E+01 3.000E+00
NAN NAN NAN 3.211E+00 6.233E-03 NAN 1.000E+00 2.242E+01 3.000E+00
NAN NAN NAN 3.211E+00 6.235E-03 NAN 1.000E+00 2.242E+01 3.000E+00
NAN NAN NAN 3.211E+00 6.237E-03 NAN 1.000E+00 2.242E+01 3.000E+00
NAN NAN NAN 3.211E+00 6.243E-03 NAN 1.000E+00 2.242E+01 3.000E+00
NAN NAN NAN 3.211E+00 6.252E-03 NAN 1.000E+00 2.242E+01 3.000E+00
NAN NAN NAN 3.211E+00 6.270E-03 NAN 1.000E+00 2.243E+01 3.000E+00
NAN NAN NAN 3.211E+00 6.302E-03 NAN 1.000E+00 2.243E+01 3.000E+00
NAN NAN NAN 3.211E+00 6.361E-03 NAN 1.000E+00 2.243E+01 3.000E+00
NAN NAN NAN 3.211E+00 6.469E-03 NAN 1.000E+00 2.243E+01 3.000E+00
NAN NAN NAN 3.211E+00 6.667E-03 NAN 1.000E+00 2.243E+01 3.000E+00
NAN NAN NAN 3.211E+00 7.029E-03 NAN 1.000E+00 2.244E+01 3.000E+00
NAN NAN NAN 3.211E+00 7.694E-03 NAN 1.000E+00 2.246E+01 3.000E+00
NAN NAN NAN 3.211E+00 8.913E-03 NAN 1.000E+00 2.249E+01 3.000E+00
NAN NAN NAN 3.211E+00 1.115E-02 NAN 1.000E+00 2.254E+01 3.000E+00
NAN NAN NAN 4.062E+00 6.231E-03 NAN 1.000E+00 2.244E+01 3.000E+00
NAN NAN NAN 4.062E+00 6.231E-03 NAN 1.000E+00 2.244E+01 3.000E+00
NAN NAN NAN 4.062E+00 6.231E-03 NAN 1.000E+00 2.244E+01 3.000E+00
NAN NAN NAN 4.062E+00 6.232E-03 NAN 1.000E+00 2.244E+01 3.000E+00
NAN NAN NAN 4.062E+00 6.232E-03 NAN 1.000E+00 2.244E+01 3.000E+00
NAN NAN NAN 4.062E+00 6.232E-03 NAN 1.000E+00 2.244E+01 3.000E+00
NAN NAN NAN 4.062E+00 6.233E-03 NAN 1.000E+00 2.244E+01 3.000E+00
NAN NAN NAN 4.062E+00 6.235E-03 NAN 1.000E+00 2.244E+01 3.000E+00
NAN NAN NAN 4.062E+00 6.237E-03 NAN 1.000E+00 2.244E+01 3.000E+00
NAN NAN NAN 4.062E+00 6.243E-03 NAN 1.000E+00 2.244E+01 3.000E+00
NAN NAN NAN 4.062E+00 6.252E-03 NAN 1.000E+00 2.244E+01 3.000E+00
NAN NAN NAN 4.062E+00 6.270E-03 NAN 1.000E+00 2.244E+01 3.000E+00
NAN NAN NAN 4.062E+00 6.302E-03 NAN 1.000E+00 2.245E+01 3.000E+00
NAN NAN NAN 4.062E+00 6.361E-03 NAN 1.000E+00 2.245E+01 3.000E+00
NAN NAN NAN 4.062E+00 6.469E-03 NAN 1.000E+00 2.245E+01 3.000E+00
NAN NAN NAN 4.062E+00 6.667E-03 NAN 1.000E+00 2.245E+01 3.000E+00
NAN NAN NAN 4.062E+00 7.029E-03 NAN 1.000E+00 2.246E+01 3.000E+00
NAN NAN NAN 4.062E+00 7.694E-03 NAN 1.000E+00 2.248E+01 3.000E+00
NAN NAN NAN 4.062E+00 8.913E-03 NAN 1.000E+00 2.251E+01 3.000E+00
NAN NAN NAN 4.062E+00 1.115E-02 NAN 1.000E+00 2.256E+01 3.000E+00
NAN NAN NAN 5.138E+00 6.231E-03 NAN 1.000E+00 2.739E+01 3.000E+00
NAN NAN NAN 5.138E+00 6.231E-03 NAN 1.000E+00 2.739E+01 3.000E+00
NAN NAN NAN 5.138E+00 6.231E-03 NAN 1.000E+00 2.739E+01 3.000E+00
NAN NAN NAN 5.138E+00 6.232E-03 NAN 1.000E+00 2.739E+01 3.000E+00
NAN NAN NAN 5.138E+00 6.232E-03 NAN 1.000E+00 2.739E+01 3.000E+00
NAN NAN NAN 5.138E+00 6.232E-03 NAN 1.000E+00 2.739E+01 3.000E+00
NAN NAN NAN 5.138E+00 6.233E-03 NAN 1.000E+00 2.739E+01 3.000E+00
NAN NAN NAN 5.138E+00 6.235E-03 NAN 1.000E+00 2.739E+01 3.000E+00
NAN NAN NAN 5.138E+00 6.237E-03 NAN 1.000E+00 2.739E+01 3.000E+00
NAN NAN NAN 5.138E+00 6.243E-03 NAN 1.000E+00 2.739E+01 3.000E+00
NAN NAN NAN 5.138E+00 6.252E-03 NAN 1.000E+00 2.739E+01 3.000E+00
NAN NAN NAN 5.138E+00 6.270E-03 NAN 1.000E+00 2.739E+01 3.000E+00
NAN NAN NAN 5.138E+00 6.302E-03 NAN 1.000E+00 2.739E+01 3.000E+00
NAN NAN NAN 5.138E+00 6.361E-03 NAN 1.000E+00 2.739E+01 3.000E+00
NAN NAN NAN 5.138E+00 6.469E-03 NAN 1.000E+00 2.740E+01 3.000E+00
NAN NAN NAN 5.138E+00 6.667E-03 NAN 1.000E+00 2.742E+01 3.000E+00
NAN NAN NAN 5.138E+00 7.029E-03 NAN 1.000E+00 2.744E+01 3.000E+00
NAN NAN NAN 5.138E+00 7.694E-03 NAN 1.000E+00 2.749E+01 3.000E+00
NAN NAN NAN 5.138E+00 8.913E-03 NAN 1.000E+00 2.757E+01 3.000E+00
NAN NAN NAN 5.138E+00 1.115E-02 NAN 1.000E+00 2.773E+01 3.000E+00
