1.584E+07 8.872E+02 2.978E+00 5.137E-05 6.231E-02 1.231E+03 1.000E+00 8.984E+01 0.000E+00
1.673E+07 8.872E+02 2.978E+00 5.137E-05 6.231E-02 1.231E+03 1.000E+00 8.984E+01 0.000E+00
1.867E+07 8.872E+02 2.978E+00 5.137E-05 6.231E-02 1.231E+03 1.000E+00 8.984E+01 0.000E+00
2.371E+07 8.872E+02 2.978E+00 5.137E-05 6.231E-02 1.231E+03 1.000E+00 8.984E+01 0.000E+00
4.724E+07 8.872E+02 2.978E+00 5.137E-05 6.231E-02 1.231E+03 1.000E+00 8.984E+01 0.000E+00
3.333E+06 9.918E+02 2.850E+00 5.137E-05 6.231E-02 1.194E+03 1.000E+00 8.984E+01 0.000E+00
3.379E+06 9.918E+02 2.850E+00 5.137E-05 6.231E-02 1.194E+03 1.000E+00 8.984E+01 0.000E+00
3.727E+06 9.576E+02 2.890E+00 5.137E-05 6.232E-02 1.205E+03 1.000E+00 8.984E+01 0.000E+00
2.126E+06 5.206E+02 3.603E+00 5.137E-05 6.232E-02 1.506E+03 1.000E+00 8.984E+01 0.000E+00
1.515E+06 2.868E+02 4.244E+00 5.137E-05 6.232E-02 2.192E+03 1.000E+00 8.984E+01 0.000E+00
3.830E+06 5.323E+02 3.577E+00 5.137E-05 6.233E-02 1.493E+03 1.000E+00 8.984E+01 0.000E+00
1.446E+08 9.712E+02 2.874E+00 5.137E-05 6.235E-02 1.203E+03 1.000E+00 8.984E+01 0.000E+00
9.102E+05 2.047E+02 4.520E+00 5.137E-05 6.238E-02 3.178E+03 1.000E+00 8.984E+01 0.000E+00
1.700E+06 5.643E+02 3.509E+00 5.137E-05 6.244E-02 1.452E+03 1.000E+00 8.984E+01 0.000E+00
1.688E+06 8.741E+02 2.995E+00 5.137E-05 6.255E-02 1.237E+03 1.000E+00 8.985E+01 0.000E+00
3.485E+07 9.365E+02 2.916E+00 5.137E-05 6.275E-02 1.212E+03 1.000E+00 8.985E+01 0.000E+00
3.506E+07 9.930E+02 2.850E+00 5.137E-05 6.311E-02 1.192E+03 1.000E+00 8.986E+01 0.000E+00
3.851E+06 9.667E+02 2.881E+00 5.137E-05 6.378E-02 1.201E+03 1.000E+00 8.987E+01 0.000E+00
5.266E+06 8.553E+02 3.023E+00 5.137E-05 6.499E-02 1.243E+03 1.000E+00 8.990E+01 0.000E+00
2.945E+06 7.312E+02 3.209E+00 5.137E-05 6.723E-02 1.301E+03 1.000E+00 8.995E+01 0.000E+00
1.830E+07 8.872E+02 2.978E+00 6.498E-05 6.231E-02 1.232E+03 1.000E+00 8.984E+01 0.000E+00
1.951E+07 8.872E+02 2.978E+00 6.498E-05 6.231E-02 1.232E+03 1.000E+00 8.984E+01 0.000E+00
2.220E+07 8.872E+02 2.978E+00 6.498E-05 6.231E-02 1.233E+03 1.000E+00 8.984E+01 0.000E+00
2.974E+07 8.872E+02 2.978E+00 6.498E-05 6.231E-02 1.232E+03 1.000E+00 8.984E+01 0.000E+00
7.976E+07 8.872E+02 2.978E+00 6.498E-05 6.231E-02 1.231E+03 1.000E+00 8.984E+01 0.000E+00
3.338E+06 9.918E+02 2.850E+00 6.498E-05 6.231E-02 1.194E+03 1.000E+00 8.984E+01 0.000E+00
3.385E+06 9.918E+02 2.850E+00 6.498E-05 6.231E-02 1.193E+03 1.000E+00 8.984E+01 0.000E+00
3.764E+06 9.576E+02 2.890E+00 6.498E-05 6.232E-02 1.207E+03 1.000E+00 8.984E+01 0.000E+00
2.386E+06 5.206E+02 3.603E+00 6.498E-05 6.232E-02 1.506E+03 1.000E+00 8.984E+01 0.000E+00
1.749E+06 2.868E+02 4.244E+00 6.498E-05 6.232E-02 2.192E+03 1.000E+00 8.984E+01 0.000E+00
4.765E+06 5.323E+02 3.577E+00 6.498E-05 6.233E-02 1.491E+03 1.000E+00 8.984E+01 0.000E+00
2.048E+08 9.712E+02 2.874E+00 6.498E-05 6.235E-02 1.200E+03 1.000E+00 8.984E+01 0.000E+00
1.473E+06 4.612E+02 3.743E+00 6.498E-05 6.238E-02 1.600E+03 1.000E+00 8.984E+01 0.000E+00
1.834E+06 5.643E+02 3.509E+00 6.498E-05 6.244E-02 1.452E+03 1.000E+00 8.984E+01 0.000E+00
1.710E+06 8.741E+02 2.995E+00 6.498E-05 6.255E-02 1.236E+03 1.000E+00 8.985E+01 0.000E+00
4.150E+07 9.365E+02 2.916E+00 6.498E-05 6.275E-02 1.212E+03 1.000E+00 8.985E+01 0.000E+00
3.566E+07 9.930E+02 2.850E+00 6.498E-05 6.311E-02 1.192E+03 1.000E+00 8.986E+01 0.000E+00
3.882E+06 9.667E+02 2.881E+00 6.498E-05 6.378E-02 1.201E+03 1.000E+00 8.987E+01 0.000E+00
5.580E+06 8.553E+02 3.023E+00 6.498E-05 6.499E-02 1.241E+03 1.000E+00 8.990E+01 0.000E+00
3.149E+06 7.312E+02 3.209E+00 6.498E-05 6.723E-02 1.302E+03 1.000E+00 8.995E+01 0.000E+00
2.279E+07 8.872E+02 2.978E+00 8.219E-05 6.231E-02 1.231E+03 1.000E+00 8.984E+01 0.000E+00
2.471E+07 8.872E+02 2.978E+00 8.219E-05 6.231E-02 1.231E+03 1.000E+00 8.984E+01 0.000E+00
2.921E+07 8.872E+02 2.978E+00 8.219E-05 6.231E-02 1.231E+03 1.000E+00 8.984E+01 0.000E+00
4.395E+07 8.872E+02 2.978E+00 8.219E-05 6.231E-02 1.232E+03 1.000E+00 8.984E+01 0.000E+00
6.341E+08 8.872E+02 2.978E+00 8.219E-05 6.231E-02 1.233E+03 1.000E+00 8.984E+01 0.000E+00
3.345E+06 9.918E+02 2.850E+00 8.219E-05 6.231E-02 1.194E+03 1.000E+00 8.984E+01 0.000E+00
3.392E+06 9.918E+02 2.850E+00 8.219E-05 6.231E-02 1.194E+03 1.000E+00 8.984E+01 0.000E+00
3.813E+06 9.576E+02 2.890E+00 8.219E-05 6.232E-02 1.205E+03 1.000E+00 8.984E+01 0.000E+00
2.829E+06 5.206E+02 3.603E+00 8.219E-05 6.232E-02 1.507E+03 1.000E+00 8.984E+01 0.000E+00
2.178E+06 2.868E+02 4.244E+00 8.219E-05 6.232E-02 2.192E+03 1.000E+00 8.984E+01 0.000E+00
6.925E+06 5.323E+02 3.577E+00 8.219E-05 6.233E-02 1.507E+03 1.000E+00 8.984E+01 0.000E+00
2.555E+06 2.478E+02 4.375E+00 8.219E-05 6.235E-02 2.512E+03 1.000E+00 8.984E+01 0.000E+00
1.659E+06 4.612E+02 3.743E+00 8.219E-05 6.238E-02 1.600E+03 1.000E+00 8.984E+01 0.000E+00
2.039E+06 5.643E+02 3.509E+00 8.219E-05 6.244E-02 1.452E+03 1.000E+00 8.984E+01 0.000E+00
1.739E+06 8.741E+02 2.995E+00 8.219E-05 6.255E-02 1.238E+03 1.000E+00 8.985E+01 0.000E+00
5.473E+07 9.365E+02 2.916E+00 8.219E-05 6.275E-02 1.251E+03 1.000E+00 8.985E+01 0.000E+00
3.644E+07 9.930E+02 2.850E+00 8.219E-05 6.311E-02 1.192E+03 1.000E+00 8.986E+01 0.000E+00
3.922E+06 9.667E+02 2.881E+00 8.219E-05 6.378E-02 1.260E+03 1.000E+00 8.987E+01 0.000E+00
6.037E+06 8.553E+02 3.023E+00 8.219E-05 6.499E-02 1.299E+03 1.000E+00 8.990E+01 0.000E+00
3.455E+06 7.312E+02 3.209E+00 8.219E-05 6.723E-02 1.302E+03 1.000E+00 8.995E+01 0.000E+00
3.314E+07 8.872E+02 2.978E+00 1.040E-04 6.231E-02 1.232E+03 1.000E+00 8.984E+01 0.000E+00
3.738E+07 8.872E+02 2.978E+00 1.040E-04 6.231E-02 1.231E+03 1.000E+00 8.984E+01 0.000E+00
4.883E+07 8.872E+02 2.978E+00 1.040E-04 6.231E-02 1.232E+03 1.000E+00 8.984E+01 0.000E+00
1.119E+08 8.872E+02 2.978E+00 1.040E-04 6.231E-02 1.233E+03 1.000E+00 8.984E+01 0.000E+00
3.329E+06 9.918E+02 2.850E+00 1.040E-04 6.231E-02 1.195E+03 1.000E+00 8.984E+01 0.000E+00
3.354E+06 9.918E+02 2.850E+00 1.040E-04 6.231E-02 1.194E+03 1.000E+00 8.984E+01 0.000E+00
3.401E+06 9.918E+02 2.850E+00 1.040E-04 6.231E-02 1.193E+03 1.000E+00 8.984E+01 0.000E+00
3.877E+06 9.576E+02 2.890E+00 1.040E-04 6.232E-02 1.205E+03 1.000E+00 8.984E+01 0.000E+00
3.712E+06 5.206E+02 3.603E+00 1.040E-04 6.232E-02 1.508E+03 1.000E+00 8.984E+01 0.000E+00
3.176E+06 2.868E+02 4.244E+00 1.040E-04 6.232E-02 2.207E+03 1.000E+00 8.984E+01 0.000E+00
1.653E+07 5.323E+02 3.577E+00 1.040E-04 6.233E-02 1.491E+03 1.000E+00 8.984E+01 0.000E+00
3.655E+06 3.435E+02 4.066E+00 1.040E-04 6.235E-02 1.911E+03 1.000E+00 8.984E+01 0.000E+00
1.978E+06 4.612E+02 3.743E+00 1.040E-04 6.238E-02 1.600E+03 1.000E+00 8.984E+01 0.000E+00
2.380E+06 5.643E+02 3.509E+00 1.040E-04 6.244E-02 1.453E+03 1.000E+00 8.984E+01 0.000E+00
1.778E+06 8.741E+02 2.995E+00 1.040E-04 6.255E-02 1.236E+03 1.000E+00 8.985E+01 0.000E+00
9.187E+07 9.365E+02 2.916E+00 1.040E-04 6.275E-02 1.212E+03 1.000E+00 8.985E+01 0.000E+00
3.749E+07 9.930E+02 2.850E+00 1.040E-04 6.311E-02 1.192E+03 1.000E+00 8.986E+01 0.000E+00
3.974E+06 9.667E+02 2.881E+00 1.040E-04 6.378E-02 1.200E+03 1.000E+00 8.987E+01 0.000E+00
6.740E+06 8.553E+02 3.023E+00 1.040E-04 6.499E-02 1.241E+03 1.000E+00 8.990E+01 0.000E+00
3.944E+06 7.312E+02 3.209E+00 1.040E-04 6.723E-02 1.302E+03 1.000E+00 8.995E+01 0.000E+00
7.852E+07 8.872E+02 2.978E+00 1.315E-04 6.231E-02 1.231E+03 1.000E+00 8.984E+01 0.000E+00
1.076E+08 8.872E+02 2.978E+00 1.315E-04 6.231E-02 1.232E+03 1.000E+00 8.984E+01 0.000E+00
3.360E+08 8.872E+02 2.978E+00 1.315E-04 6.231E-02 1.231E+03 1.000E+00 8.984E+01 0.000E+00
3.327E+06 9.918E+02 2.850E+00 1.315E-04 6.231E-02 1.193E+03 1.000E+00 8.984E+01 0.000E+00
3.340E+06 9.918E+02 2.850E+00 1.315E-04 6.231E-02 1.194E+03 1.000E+00 8.984E+01 0.000E+00
3.365E+06 9.918E+02 2.850E+00 1.315E-04 6.231E-02 1.194E+03 1.000E+00 8.984E+01 0.000E+00
3.412E+06 9.918E+02 2.850E+00 1.315E-04 6.231E-02 1.194E+03 1.000E+00 8.984E+01 0.000E+00
3.961E+06 9.576E+02 2.890E+00 1.315E-04 6.232E-02 1.207E+03 1.000E+00 8.984E+01 0.000E+00
6.198E+06 5.206E+02 3.603E+00 1.315E-04 6.232E-02 1.507E+03 1.000E+00 8.984E+01 0.000E+00
7.707E+06 2.868E+02 4.244E+00 1.315E-04 6.232E-02 2.192E+03 1.000E+00 8.984E+01 0.000E+00
1.270E+06 3.565E+02 4.027E+00 1.315E-04 6.233E-02 1.863E+03 1.000E+00 8.984E+01 0.000E+00
9.401E+06 9.918E+02 2.850E+00 1.315E-04 6.235E-02 1.194E+03 1.000E+00 8.984E+01 0.000E+00
2.628E+06 4.612E+02 3.743E+00 1.315E-04 6.238E-02 1.602E+03 1.000E+00 8.984E+01 0.000E+00
3.033E+06 5.643E+02 3.509E+00 1.315E-04 6.244E-02 1.452E+03 1.000E+00 8.984E+01 0.000E+00
1.829E+06 8.741E+02 2.995E+00 1.315E-04 6.255E-02 1.236E+03 1.000E+00 8.985E+01 0.000E+00
6.643E+08 9.365E+02 2.916E+00 1.315E-04 6.275E-02 1.212E+03 1.000E+00 8.985E+01 0.000E+00
3.890E+07 9.930E+02 2.850E+00 1.315E-04 6.311E-02 1.192E+03 1.000E+00 8.986E+01 0.000E+00
4.042E+06 9.667E+02 2.881E+00 1.315E-04 6.378E-02 1.200E+03 1.000E+00 8.987E+01 0.000E+00
7.916E+06 8.553E+02 3.023E+00 1.315E-04 6.499E-02 1.241E+03 1.000E+00 8.990E+01 0.000E+00
5.802E+06 4.654E+02 3.742E+00 1.315E-04 6.723E-02 1.578E+03 1.000E+00 8.995E+01 0.000E+00
3.327E+06 9.918E+02 2.850E+00 1.663E-04 6.231E-02 1.194E+03 1.000E+00 8.984E+01 0.000E+00
3.329E+06 9.918E+02 2.850E+00 1.663E-04 6.231E-02 1.193E+03 1.000E+00 8.984E+01 0.000E+00
3.333E+06 9.918E+02 2.850E+00 1.663E-04 6.231E-02 1.195E+03 1.000E+00 8.984E+01 0.000E+00
3.340E+06 9.918E+02 2.850E+00 1.663E-04 6.231E-02 1.197E+03 1.000E+00 8.984E+01 0.000E+00
3.354E+06 9.918E+02 2.850E+00 1.663E-04 6.231E-02 1.194E+03 1.000E+00 8.984E+01 0.000E+00
2.299E+06 4.090E+02 3.878E+00 1.663E-04 6.231E-02 1.710E+03 1.000E+00 8.984E+01 0.000E+00
3.490E+06 9.576E+02 2.890E+00 1.663E-04 6.231E-02 1.210E+03 1.000E+00 8.984E+01 0.000E+00
7.986E+05 5.206E+02 3.603E+00 1.663E-04 6.232E-02 1.507E+03 1.000E+00 8.984E+01 0.000E+00
4.612E+07 5.206E+02 3.603E+00 1.663E-04 6.232E-02 1.506E+03 1.000E+00 8.984E+01 0.000E+00
5.271E+07 9.576E+02 2.890E+00 1.663E-04 6.232E-02 1.205E+03 1.000E+00 8.984E+01 0.000E+00
1.689E+06 3.565E+02 4.027E+00 1.663E-04 6.233E-02 1.863E+03 1.000E+00 8.984E+01 0.000E+00
9.525E+06 9.918E+02 2.850E+00 1.663E-04 6.235E-02 1.193E+03 1.000E+00 8.984E+01 0.000E+00
4.568E+06 4.612E+02 3.743E+00 1.663E-04 6.238E-02 1.602E+03 1.000E+00 8.984E+01 0.000E+00
4.506E+06 2.559E+02 4.348E+00 1.663E-04 6.244E-02 2.431E+03 1.000E+00 8.984E+01 0.000E+00
1.899E+06 8.741E+02 2.995E+00 1.663E-04 6.255E-02 1.237E+03 1.000E+00 8.985E+01 0.000E+00
3.397E+06 9.310E+02 2.923E+00 1.663E-04 6.275E-02 1.214E+03 1.000E+00 8.985E+01 0.000E+00
7.485E+05 3.185E+02 4.145E+00 1.663E-04 6.311E-02 2.012E+03 1.000E+00 8.986E+01 0.000E+00
4.602E+06 6.119E+02 3.415E+00 1.663E-04 6.378E-02 1.399E+03 1.000E+00 8.987E+01 0.000E+00
1.018E+07 8.553E+02 3.023E+00 1.663E-04 6.499E-02 1.241E+03 1.000E+00 8.990E+01 0.000E+00
1.104E+08 4.654E+02 3.742E+00 1.663E-04 6.723E-02 1.576E+03 1.000E+00 8.995E+01 0.000E+00
3.344E+06 9.918E+02 2.850E+00 2.104E-04 6.231E-02 1.194E+03 1.000E+00 8.984E+01 0.000E+00
3.347E+06 9.918E+02 2.850E+00 2.104E-04 6.231E-02 1.194E+03 1.000E+00 8.984E+01 0.000E+00
3.351E+06 9.918E+02 2.850E+00 2.104E-04 6.231E-02 1.195E+03 1.000E+00 8.984E+01 0.000E+00
3.358E+06 9.918E+02 2.850E+00 2.104E-04 6.231E-02 1.313E+03 1.000E+00 8.984E+01 0.000E+00
3.372E+06 9.918E+02 2.850E+00 2.104E-04 6.231E-02 1.194E+03 1.000E+00 8.984E+01 0.000E+00
3.398E+06 9.918E+02 2.850E+00 2.104E-04 6.231E-02 1.194E+03 1.000E+00 8.984E+01 0.000E+00
3.598E+06 9.576E+02 2.890E+00 2.104E-04 6.231E-02 1.205E+03 1.000E+00 8.984E+01 0.000E+00
9.035E+05 5.206E+02 3.603E+00 2.104E-04 6.232E-02 1.771E+03 1.000E+00 8.984E+01 0.000E+00
1.134E+06 3.523E+02 4.039E+00 2.104E-04 6.232E-02 1.878E+03 1.000E+00 8.984E+01 0.000E+00
1.088E+08 9.576E+02 2.890E+00 2.104E-04 6.232E-02 1.206E+03 1.000E+00 8.984E+01 0.000E+00
2.952E+06 3.565E+02 4.027E+00 2.104E-04 6.233E-02 1.863E+03 1.000E+00 8.984E+01 0.000E+00
9.686E+06 9.918E+02 2.850E+00 2.104E-04 6.235E-02 1.193E+03 1.000E+00 8.984E+01 0.000E+00
1.129E+08 4.612E+02 3.743E+00 2.104E-04 6.238E-02 1.600E+03 1.000E+00 8.984E+01 0.000E+00
1.620E+07 5.643E+02 3.509E+00 2.104E-04 6.244E-02 1.452E+03 1.000E+00 8.984E+01 0.000E+00
1.997E+06 8.741E+02 2.995E+00 2.104E-04 6.255E-02 1.238E+03 1.000E+00 8.985E+01 0.000E+00
3.572E+06 9.310E+02 2.923E+00 2.104E-04 6.275E-02 1.295E+03 1.000E+00 8.985E+01 0.000E+00
9.227E+05 3.185E+02 4.145E+00 2.104E-04 6.311E-02 2.013E+03 1.000E+00 8.986E+01 0.000E+00
1.102E+07 6.119E+02 3.415E+00 2.104E-04 6.378E-02 1.399E+03 1.000E+00 8.987E+01 0.000E+00
1.608E+07 8.553E+02 3.023E+00 2.104E-04 6.499E-02 1.241E+03 1.000E+00 8.990E+01 0.000E+00
1.381E+07 7.312E+02 3.209E+00 2.104E-04 6.723E-02 1.301E+03 1.000E+00 8.995E+01 0.000E+00
3.367E+06 9.918E+02 2.850E+00 2.661E-04 6.231E-02 1.194E+03 1.000E+00 8.984E+01 0.000E+00
3.369E+06 9.918E+02 2.850E+00 2.661E-04 6.231E-02 1.194E+03 1.000E+00 8.984E+01 0.000E+00
3.373E+06 9.918E+02 2.850E+00 2.661E-04 6.231E-02 1.194E+03 1.000E+00 8.984E+01 0.000E+00
3.381E+06 9.918E+02 2.850E+00 2.661E-04 6.231E-02 1.194E+03 1.000E+00 8.984E+01 0.000E+00
3.395E+06 9.918E+02 2.850E+00 2.661E-04 6.231E-02 1.194E+03 1.000E+00 8.984E+01 0.000E+00
3.458E+06 9.576E+02 2.890E+00 2.661E-04 6.231E-02 1.206E+03 1.000E+00 8.984E+01 0.000E+00
3.746E+06 9.576E+02 2.890E+00 2.661E-04 6.231E-02 1.205E+03 1.000E+00 8.984E+01 0.000E+00
1.090E+06 5.206E+02 3.603E+00 2.661E-04 6.232E-02 1.507E+03 1.000E+00 8.984E+01 0.000E+00
2.955E+06 5.283E+02 3.586E+00 2.661E-04 6.232E-02 1.496E+03 1.000E+00 8.984E+01 0.000E+00
4.152E+06 9.918E+02 2.850E+00 2.661E-04 6.232E-02 1.193E+03 1.000E+00 8.984E+01 0.000E+00
1.185E+08 3.565E+02 4.027E+00 2.661E-04 6.233E-02 1.863E+03 1.000E+00 8.984E+01 0.000E+00
9.898E+06 9.918E+02 2.850E+00 2.661E-04 6.235E-02 1.193E+03 1.000E+00 8.984E+01 0.000E+00
4.380E+06 4.589E+02 3.748E+00 2.661E-04 6.238E-02 1.611E+03 1.000E+00 8.984E+01 0.000E+00
2.125E+06 5.401E+02 3.560E+00 2.661E-04 6.244E-02 1.481E+03 1.000E+00 8.984E+01 0.000E+00
2.138E+06 8.741E+02 2.995E+00 2.661E-04 6.255E-02 1.238E+03 1.000E+00 8.985E+01 0.000E+00
1.489E+06 2.030E+02 4.528E+00 2.661E-04 6.275E-02 3.210E+03 1.000E+00 8.985E+01 0.000E+00
1.324E+06 3.185E+02 4.145E+00 2.661E-04 6.311E-02 2.012E+03 1.000E+00 8.986E+01 0.000E+00
7.945E+06 5.975E+02 3.444E+00 2.661E-04 6.378E-02 1.415E+03 1.000E+00 8.987E+01 0.000E+00
2.769E+05 2.024E+02 4.542E+00 2.661E-04 6.499E-02 3.172E+03 1.000E+00 8.990E+01 0.000E+00
1.070E+07 7.877E+02 3.121E+00 2.661E-04 6.723E-02 1.269E+03 1.000E+00 8.995E+01 0.000E+00
3.396E+06 9.918E+02 2.850E+00 3.366E-04 6.231E-02 1.194E+03 1.000E+00 8.984E+01 0.000E+00
3.398E+06 9.918E+02 2.850E+00 3.366E-04 6.231E-02 1.194E+03 1.000E+00 8.984E+01 0.000E+00
3.403E+06 9.918E+02 2.850E+00 3.366E-04 6.231E-02 1.194E+03 1.000E+00 8.984E+01 0.000E+00
3.410E+06 9.918E+02 2.850E+00 3.366E-04 6.231E-02 1.194E+03 1.000E+00 8.984E+01 0.000E+00
3.478E+06 9.576E+02 2.890E+00 3.366E-04 6.231E-02 1.210E+03 1.000E+00 8.984E+01 0.000E+00
3.631E+06 9.576E+02 2.890E+00 3.366E-04 6.231E-02 1.315E+03 1.000E+00 8.984E+01 0.000E+00
3.952E+06 9.576E+02 2.890E+00 3.366E-04 6.231E-02 1.205E+03 1.000E+00 8.984E+01 0.000E+00
1.499E+06 5.206E+02 3.603E+00 3.366E-04 6.232E-02 1.507E+03 1.000E+00 8.984E+01 0.000E+00
1.470E+07 5.283E+02 3.586E+00 3.366E-04 6.232E-02 1.496E+03 1.000E+00 8.984E+01 0.000E+00
1.329E+07 3.696E+02 3.988E+00 3.366E-04 6.232E-02 1.820E+03 1.000E+00 8.984E+01 0.000E+00
1.376E+07 3.466E+02 4.056E+00 3.366E-04 6.233E-02 1.899E+03 1.000E+00 8.984E+01 0.000E+00
2.272E+06 8.852E+02 2.981E+00 3.366E-04 6.235E-02 1.232E+03 1.000E+00 8.984E+01 0.000E+00
1.205E+06 8.521E+02 3.025E+00 3.366E-04 6.238E-02 1.246E+03 1.000E+00 8.984E+01 0.000E+00
4.604E+06 5.401E+02 3.560E+00 3.366E-04 6.244E-02 1.481E+03 1.000E+00 8.984E+01 0.000E+00
2.352E+06 8.741E+02 2.995E+00 3.366E-04 6.255E-02 1.236E+03 1.000E+00 8.985E+01 0.000E+00
4.203E+06 9.310E+02 2.923E+00 3.366E-04 6.275E-02 1.214E+03 1.000E+00 8.985E+01 0.000E+00
3.082E+06 3.185E+02 4.145E+00 3.366E-04 6.311E-02 2.013E+03 1.000E+00 8.986E+01 0.000E+00
4.640E+06 9.667E+02 2.881E+00 3.366E-04 6.378E-02 1.200E+03 1.000E+00 8.987E+01 0.000E+00
7.925E+06 8.677E+02 3.006E+00 3.366E-04 6.499E-02 1.236E+03 1.000E+00 8.990E+01 0.000E+00
6.282E+08 7.877E+02 3.121E+00 3.366E-04 6.723E-02 1.269E+03 1.000E+00 8.995E+01 0.000E+00
3.530E+06 9.576E+02 2.890E+00 4.257E-04 6.231E-02 1.208E+03 1.000E+00 8.984E+01 0.000E+00
3.543E+06 9.576E+02 2.890E+00 4.257E-04 6.231E-02 1.205E+03 1.000E+00 8.984E+01 0.000E+00
3.568E+06 9.576E+02 2.890E+00 4.257E-04 6.231E-02 1.205E+03 1.000E+00 8.984E+01 0.000E+00
3.615E+06 9.576E+02 2.890E+00 4.257E-04 6.231E-02 1.205E+03 1.000E+00 8.984E+01 0.000E+00
3.704E+06 9.576E+02 2.890E+00 4.257E-04 6.231E-02 1.205E+03 1.000E+00 8.984E+01 0.000E+00
1.307E+06 2.017E+02 4.530E+00 4.257E-04 6.231E-02 3.252E+03 1.000E+00 8.984E+01 0.000E+00
9.967E+05 5.206E+02 3.603E+00 4.257E-04 6.231E-02 1.614E+03 1.000E+00 8.984E+01 0.000E+00
2.990E+06 5.206E+02 3.603E+00 4.257E-04 6.232E-02 1.508E+03 1.000E+00 8.984E+01 0.000E+00
1.146E+06 5.169E+02 3.611E+00 4.257E-04 6.232E-02 1.512E+03 1.000E+00 8.984E+01 0.000E+00
5.571E+06 3.671E+02 3.995E+00 4.257E-04 6.232E-02 1.828E+03 1.000E+00 8.984E+01 0.000E+00
3.118E+07 9.624E+02 2.885E+00 4.257E-04 6.233E-02 1.207E+03 1.000E+00 8.984E+01 0.000E+00
2.556E+06 8.852E+02 2.981E+00 4.257E-04 6.235E-02 1.236E+03 1.000E+00 8.984E+01 0.000E+00
1.292E+06 8.521E+02 3.025E+00 4.257E-04 6.238E-02 1.248E+03 1.000E+00 8.984E+01 0.000E+00
3.718E+06 5.895E+02 3.457E+00 4.257E-04 6.244E-02 1.426E+03 1.000E+00 8.984E+01 0.000E+00
2.058E+06 2.306E+02 4.434E+00 4.257E-04 6.255E-02 2.745E+03 1.000E+00 8.985E+01 0.000E+00
4.812E+06 9.310E+02 2.923E+00 4.257E-04 6.275E-02 1.214E+03 1.000E+00 8.985E+01 0.000E+00
6.517E+07 9.930E+02 2.850E+00 4.257E-04 6.311E-02 1.192E+03 1.000E+00 8.986E+01 0.000E+00
4.962E+06 9.667E+02 2.881E+00 4.257E-04 6.378E-02 1.201E+03 1.000E+00 8.987E+01 0.000E+00
1.644E+07 8.677E+02 3.006E+00 4.257E-04 6.499E-02 1.237E+03 1.000E+00 8.990E+01 0.000E+00
6.606E+06 7.987E+02 3.105E+00 4.257E-04 6.723E-02 1.265E+03 1.000E+00 8.995E+01 0.000E+00
6.114E+06 9.576E+02 2.890E+00 5.385E-04 6.231E-02 1.205E+03 1.000E+00 8.984E+01 0.000E+00
4.288E+06 9.576E+02 2.890E+00 5.385E-04 6.231E-02 1.205E+03 1.000E+00 8.984E+01 0.000E+00
4.054E+06 9.576E+02 2.890E+00 5.385E-04 6.231E-02 1.205E+03 1.000E+00 8.984E+01 0.000E+00
8.021E+05 5.206E+02 3.603E+00 5.385E-04 6.231E-02 1.507E+03 1.000E+00 8.984E+01 0.000E+00
8.711E+05 5.206E+02 3.603E+00 5.385E-04 6.231E-02 1.509E+03 1.000E+00 8.984E+01 0.000E+00
1.039E+06 5.206E+02 3.603E+00 5.385E-04 6.231E-02 1.507E+03 1.000E+00 8.984E+01 0.000E+00
1.654E+06 5.206E+02 3.603E+00 5.385E-04 6.231E-02 1.507E+03 1.000E+00 8.984E+01 0.000E+00
1.719E+06 5.283E+02 3.586E+00 5.385E-04 6.232E-02 1.496E+03 1.000E+00 8.984E+01 0.000E+00
2.181E+06 5.169E+02 3.611E+00 5.385E-04 6.232E-02 1.512E+03 1.000E+00 8.984E+01 0.000E+00
6.310E+05 3.639E+02 4.005E+00 5.385E-04 6.232E-02 1.839E+03 1.000E+00 8.984E+01 0.000E+00
9.956E+07 9.624E+02 2.885E+00 5.385E-04 6.233E-02 1.203E+03 1.000E+00 8.984E+01 0.000E+00
1.758E+06 2.819E+02 4.261E+00 5.385E-04 6.235E-02 2.225E+03 1.000E+00 8.984E+01 0.000E+00
1.427E+06 8.521E+02 3.025E+00 5.385E-04 6.238E-02 1.246E+03 1.000E+00 8.984E+01 0.000E+00
1.392E+07 6.916E+02 3.269E+00 5.385E-04 6.244E-02 1.341E+03 1.000E+00 8.984E+01 0.000E+00
3.342E+06 8.741E+02 2.995E+00 5.385E-04 6.255E-02 1.239E+03 1.000E+00 8.985E+01 0.000E+00
5.914E+06 9.310E+02 2.923E+00 5.385E-04 6.275E-02 1.214E+03 1.000E+00 8.985E+01 0.000E+00
8.804E+07 9.930E+02 2.850E+00 5.385E-04 6.311E-02 1.192E+03 1.000E+00 8.986E+01 0.000E+00
5.458E+06 9.623E+02 2.886E+00 5.385E-04 6.378E-02 1.202E+03 1.000E+00 8.987E+01 0.000E+00
7.829E+07 8.607E+02 3.015E+00 5.385E-04 6.499E-02 1.238E+03 1.000E+00 8.990E+01 0.000E+00
6.477E+07 7.987E+02 3.105E+00 5.385E-04 6.723E-02 1.264E+03 1.000E+00 8.995E+01 0.000E+00
1.153E+06 5.206E+02 3.603E+00 6.811E-04 6.231E-02 1.507E+03 1.000E+00 8.984E+01 0.000E+00
1.177E+06 5.206E+02 3.603E+00 6.811E-04 6.231E-02 1.515E+03 1.000E+00 8.984E+01 0.000E+00
1.222E+06 5.206E+02 3.603E+00 6.811E-04 6.231E-02 1.507E+03 1.000E+00 8.984E+01 0.000E+00
1.315E+06 5.206E+02 3.603E+00 6.811E-04 6.231E-02 1.507E+03 1.000E+00 8.984E+01 0.000E+00
1.533E+06 5.206E+02 3.603E+00 6.811E-04 6.231E-02 1.507E+03 1.000E+00 8.984E+01 0.000E+00
2.227E+06 5.206E+02 3.603E+00 6.811E-04 6.231E-02 1.507E+03 1.000E+00 8.984E+01 0.000E+00
1.783E+07 5.206E+02 3.603E+00 6.811E-04 6.231E-02 1.508E+03 1.000E+00 8.984E+01 0.000E+00
2.032E+07 5.283E+02 3.586E+00 6.811E-04 6.232E-02 1.508E+03 1.000E+00 8.984E+01 0.000E+00
1.691E+07 9.576E+02 2.890E+00 6.811E-04 6.232E-02 1.205E+03 1.000E+00 8.984E+01 0.000E+00
1.193E+06 3.639E+02 4.005E+00 6.811E-04 6.232E-02 1.838E+03 1.000E+00 8.984E+01 0.000E+00
5.656E+06 9.918E+02 2.850E+00 6.811E-04 6.233E-02 1.194E+03 1.000E+00 8.984E+01 0.000E+00
5.648E+05 2.764E+02 4.279E+00 6.811E-04 6.235E-02 2.264E+03 1.000E+00 8.984E+01 0.000E+00
1.653E+06 8.521E+02 3.025E+00 6.811E-04 6.238E-02 1.247E+03 1.000E+00 8.984E+01 0.000E+00
1.078E+06 6.718E+02 3.303E+00 6.811E-04 6.244E-02 1.352E+03 1.000E+00 8.984E+01 0.000E+00
4.853E+06 8.741E+02 2.995E+00 6.811E-04 6.255E-02 1.237E+03 1.000E+00 8.985E+01 0.000E+00
8.395E+06 9.310E+02 2.923E+00 6.811E-04 6.275E-02 1.215E+03 1.000E+00 8.985E+01 0.000E+00
1.586E+08 9.930E+02 2.850E+00 6.811E-04 6.311E-02 1.192E+03 1.000E+00 8.986E+01 0.000E+00
6.360E+06 9.623E+02 2.886E+00 6.811E-04 6.378E-02 1.204E+03 1.000E+00 8.987E+01 0.000E+00
1.771E+06 8.915E+02 2.975E+00 6.811E-04 6.499E-02 1.226E+03 1.000E+00 8.990E+01 0.000E+00
7.817E+05 5.259E+02 3.600E+00 6.811E-04 6.723E-02 1.486E+03 1.000E+00 8.995E+01 0.000E+00
5.061E+06 5.206E+02 3.603E+00 8.615E-04 6.231E-02 1.507E+03 1.000E+00 8.984E+01 0.000E+00
5.607E+06 5.206E+02 3.603E+00 8.615E-04 6.231E-02 1.510E+03 1.000E+00 8.984E+01 0.000E+00
6.993E+06 5.206E+02 3.603E+00 8.615E-04 6.231E-02 1.507E+03 1.000E+00 8.984E+01 0.000E+00
1.289E+07 5.206E+02 3.603E+00 8.615E-04 6.231E-02 1.508E+03 1.000E+00 8.984E+01 0.000E+00
1.537E+06 5.283E+02 3.586E+00 8.615E-04 6.231E-02 1.497E+03 1.000E+00 8.984E+01 0.000E+00
2.212E+06 5.283E+02 3.586E+00 8.615E-04 6.231E-02 1.496E+03 1.000E+00 8.984E+01 0.000E+00
1.455E+07 5.283E+02 3.586E+00 8.615E-04 6.231E-02 1.496E+03 1.000E+00 8.984E+01 0.000E+00
1.941E+06 5.169E+02 3.611E+00 8.615E-04 6.232E-02 1.514E+03 1.000E+00 8.984E+01 0.000E+00
5.118E+07 9.576E+02 2.890E+00 8.615E-04 6.232E-02 1.205E+03 1.000E+00 8.984E+01 0.000E+00
2.928E+06 5.290E+02 3.584E+00 8.615E-04 6.232E-02 1.495E+03 1.000E+00 8.984E+01 0.000E+00
5.887E+06 9.918E+02 2.850E+00 8.615E-04 6.233E-02 1.194E+03 1.000E+00 8.984E+01 0.000E+00
1.524E+06 2.764E+02 4.279E+00 8.615E-04 6.235E-02 2.263E+03 1.000E+00 8.984E+01 0.000E+00
2.092E+06 8.521E+02 3.025E+00 8.615E-04 6.238E-02 1.246E+03 1.000E+00 8.984E+01 0.000E+00
1.725E+06 6.718E+02 3.303E+00 8.615E-04 6.244E-02 1.355E+03 1.000E+00 8.984E+01 0.000E+00
2.070E+07 8.475E+02 3.031E+00 8.615E-04 6.255E-02 1.248E+03 1.000E+00 8.985E+01 0.000E+00
8.772E+05 7.440E+02 3.183E+00 8.615E-04 6.275E-02 1.315E+03 1.000E+00 8.985E+01 0.000E+00
1.829E+07 6.497E+02 3.344E+00 8.615E-04 6.311E-02 1.368E+03 1.000E+00 8.986E+01 0.000E+00
8.070E+06 9.623E+02 2.886E+00 8.615E-04 6.378E-02 1.202E+03 1.000E+00 8.987E+01 0.000E+00
2.098E+06 8.915E+02 2.975E+00 8.615E-04 6.499E-02 1.226E+03 1.000E+00 8.990E+01 0.000E+00
1.475E+06 5.259E+02 3.600E+00 8.615E-04 6.723E-02 1.486E+03 1.000E+00 8.995E+01 0.000E+00
4.294E+07 5.283E+02 3.586E+00 1.090E-03 6.231E-02 1.496E+03 1.000E+00 8.984E+01 0.000E+00
2.557E+08 5.283E+02 3.586E+00 1.090E-03 6.231E-02 1.497E+03 1.000E+00 8.984E+01 0.000E+00
8.057E+05 2.868E+02 4.244E+00 1.090E-03 6.231E-02 2.193E+03 1.000E+00 8.984E+01 0.000E+00
8.646E+05 2.868E+02 4.244E+00 1.090E-03 6.231E-02 2.192E+03 1.000E+00 8.984E+01 0.000E+00
1.000E+06 2.868E+02 4.244E+00 1.090E-03 6.231E-02 2.192E+03 1.000E+00 8.984E+01 0.000E+00
1.415E+06 2.868E+02 4.244E+00 1.090E-03 6.231E-02 2.194E+03 1.000E+00 8.984E+01 0.000E+00
6.771E+06 2.868E+02 4.244E+00 1.090E-03 6.231E-02 2.197E+03 1.000E+00 8.984E+01 0.000E+00
1.306E+06 3.696E+02 3.988E+00 1.090E-03 6.232E-02 1.820E+03 1.000E+00 8.984E+01 0.000E+00
6.192E+05 3.639E+02 4.005E+00 1.090E-03 6.232E-02 1.838E+03 1.000E+00 8.984E+01 0.000E+00
1.558E+06 5.323E+02 3.577E+00 1.090E-03 6.232E-02 1.492E+03 1.000E+00 8.984E+01 0.000E+00
6.208E+06 9.918E+02 2.850E+00 1.090E-03 6.233E-02 1.194E+03 1.000E+00 8.984E+01 0.000E+00
7.028E+05 2.524E+02 4.359E+00 1.090E-03 6.235E-02 2.466E+03 1.000E+00 8.984E+01 0.000E+00
1.476E+07 4.157E+02 3.860E+00 1.090E-03 6.238E-02 1.694E+03 1.000E+00 8.984E+01 0.000E+00
1.145E+07 6.718E+02 3.303E+00 1.090E-03 6.244E-02 1.353E+03 1.000E+00 8.984E+01 0.000E+00
5.394E+06 3.187E+02 4.143E+00 1.090E-03 6.255E-02 2.018E+03 1.000E+00 8.985E+01 0.000E+00
1.163E+06 7.440E+02 3.184E+00 1.090E-03 6.275E-02 1.302E+03 1.000E+00 8.985E+01 0.000E+00
3.225E+07 6.286E+02 3.383E+00 1.090E-03 6.311E-02 1.386E+03 1.000E+00 8.986E+01 0.000E+00
1.234E+07 9.623E+02 2.886E+00 1.090E-03 6.378E-02 1.202E+03 1.000E+00 8.987E+01 0.000E+00
2.777E+06 8.915E+02 2.975E+00 1.090E-03 6.499E-02 1.226E+03 1.000E+00 8.990E+01 0.000E+00
4.371E+06 5.145E+02 3.625E+00 1.090E-03 6.723E-02 1.501E+03 1.000E+00 8.995E+01 0.000E+00
1.760E+07 5.169E+02 3.611E+00 1.378E-03 6.231E-02 1.513E+03 1.000E+00 8.984E+01 0.000E+00
2.707E+07 5.169E+02 3.611E+00 1.378E-03 6.231E-02 1.517E+03 1.000E+00 8.984E+01 0.000E+00
2.916E+09 5.169E+02 3.611E+00 1.378E-03 6.231E-02 1.522E+03 1.000E+00 8.984E+01 0.000E+00
1.238E+07 9.576E+02 2.890E+00 1.378E-03 6.231E-02 1.205E+03 1.000E+00 8.984E+01 0.000E+00
1.361E+07 9.576E+02 2.890E+00 1.378E-03 6.231E-02 1.206E+03 1.000E+00 8.984E+01 0.000E+00
1.664E+07 9.576E+02 2.890E+00 1.378E-03 6.231E-02 1.205E+03 1.000E+00 8.984E+01 0.000E+00
1.159E+07 3.696E+02 3.988E+00 1.378E-03 6.231E-02 1.820E+03 1.000E+00 8.984E+01 0.000E+00
5.790E+05 3.639E+02 4.005E+00 1.378E-03 6.232E-02 1.838E+03 1.000E+00 8.984E+01 0.000E+00
1.283E+07 3.639E+02 4.005E+00 1.378E-03 6.232E-02 1.838E+03 1.000E+00 8.984E+01 0.000E+00
1.055E+07 9.624E+02 2.885E+00 1.378E-03 6.232E-02 1.206E+03 1.000E+00 8.984E+01 0.000E+00
6.292E+05 3.817E+02 3.954E+00 1.378E-03 6.233E-02 1.783E+03 1.000E+00 8.984E+01 0.000E+00
6.954E+06 3.600E+02 4.016E+00 1.378E-03 6.235E-02 1.870E+03 1.000E+00 8.984E+01 0.000E+00
1.339E+07 8.521E+02 3.025E+00 1.378E-03 6.238E-02 1.247E+03 1.000E+00 8.984E+01 0.000E+00
2.521E+06 9.968E+02 2.845E+00 1.378E-03 6.244E-02 1.192E+03 1.000E+00 8.984E+01 0.000E+00
5.156E+06 9.968E+02 2.845E+00 1.378E-03 6.255E-02 1.192E+03 1.000E+00 8.985E+01 0.000E+00
2.161E+06 7.440E+02 3.184E+00 1.378E-03 6.275E-02 1.304E+03 1.000E+00 8.985E+01 0.000E+00
3.918E+06 9.756E+02 2.870E+00 1.378E-03 6.311E-02 1.198E+03 1.000E+00 8.986E+01 0.000E+00
3.924E+07 9.623E+02 2.886E+00 1.378E-03 6.378E-02 1.216E+03 1.000E+00 8.987E+01 0.000E+00
4.910E+06 8.915E+02 2.975E+00 1.378E-03 6.499E-02 1.226E+03 1.000E+00 8.990E+01 0.000E+00
5.557E+06 7.621E+02 3.160E+00 1.378E-03 6.723E-02 1.283E+03 1.000E+00 8.995E+01 0.000E+00
5.792E+05 3.639E+02 4.005E+00 1.743E-03 6.231E-02 1.838E+03 1.000E+00 8.984E+01 0.000E+00
5.865E+05 3.639E+02 4.005E+00 1.743E-03 6.231E-02 2.016E+03 1.000E+00 8.984E+01 0.000E+00
6.006E+05 3.639E+02 4.005E+00 1.743E-03 6.231E-02 1.838E+03 1.000E+00 8.984E+01 0.000E+00
6.283E+05 3.639E+02 4.005E+00 1.743E-03 6.231E-02 1.839E+03 1.000E+00 8.984E+01 0.000E+00
6.872E+05 3.639E+02 4.005E+00 1.743E-03 6.231E-02 1.839E+03 1.000E+00 8.984E+01 0.000E+00
8.341E+05 3.639E+02 4.005E+00 1.743E-03 6.231E-02 1.839E+03 1.000E+00 8.984E+01 0.000E+00
1.412E+06 3.639E+02 4.005E+00 1.743E-03 6.231E-02 1.839E+03 1.000E+00 8.984E+01 0.000E+00
1.573E+06 5.290E+02 3.584E+00 1.743E-03 6.232E-02 1.496E+03 1.000E+00 8.984E+01 0.000E+00
1.864E+06 5.323E+02 3.577E+00 1.743E-03 6.232E-02 1.493E+03 1.000E+00 8.984E+01 0.000E+00
4.044E+07 9.624E+02 2.885E+00 1.743E-03 6.232E-02 1.247E+03 1.000E+00 8.984E+01 0.000E+00
9.724E+06 9.712E+02 2.874E+00 1.743E-03 6.233E-02 1.205E+03 1.000E+00 8.984E+01 0.000E+00
3.991E+06 4.993E+02 3.651E+00 1.743E-03 6.235E-02 1.539E+03 1.000E+00 8.984E+01 0.000E+00
6.840E+06 8.840E+02 2.982E+00 1.743E-03 6.238E-02 1.251E+03 1.000E+00 8.984E+01 0.000E+00
1.286E+07 4.825E+02 3.691E+00 1.743E-03 6.244E-02 1.563E+03 1.000E+00 8.984E+01 0.000E+00
2.487E+06 5.410E+02 3.558E+00 1.743E-03 6.255E-02 1.481E+03 1.000E+00 8.985E+01 0.000E+00
1.640E+06 3.579E+02 4.024E+00 1.743E-03 6.275E-02 1.857E+03 1.000E+00 8.985E+01 0.000E+00
4.670E+06 9.756E+02 2.870E+00 1.743E-03 6.311E-02 1.199E+03 1.000E+00 8.986E+01 0.000E+00
1.525E+07 9.415E+02 2.911E+00 1.743E-03 6.378E-02 1.209E+03 1.000E+00 8.987E+01 0.000E+00
1.094E+07 4.469E+02 3.784E+00 1.743E-03 6.499E-02 1.619E+03 1.000E+00 8.990E+01 0.000E+00
1.390E+07 7.638E+02 3.157E+00 1.743E-03 6.723E-02 1.283E+03 1.000E+00 8.995E+01 0.000E+00
2.377E+06 5.290E+02 3.584E+00 2.205E-03 6.231E-02 1.496E+03 1.000E+00 8.984E+01 0.000E+00
2.483E+06 5.290E+02 3.584E+00 2.205E-03 6.231E-02 1.496E+03 1.000E+00 8.984E+01 0.000E+00
2.706E+06 5.290E+02 3.584E+00 2.205E-03 6.231E-02 1.496E+03 1.000E+00 8.984E+01 0.000E+00
3.245E+06 5.290E+02 3.584E+00 2.205E-03 6.231E-02 1.496E+03 1.000E+00 8.984E+01 0.000E+00
5.157E+06 5.290E+02 3.584E+00 2.205E-03 6.231E-02 1.497E+03 1.000E+00 8.984E+01 0.000E+00
9.120E+05 5.323E+02 3.577E+00 2.205E-03 6.231E-02 1.491E+03 1.000E+00 8.984E+01 0.000E+00
1.314E+06 5.323E+02 3.577E+00 2.205E-03 6.231E-02 1.495E+03 1.000E+00 8.984E+01 0.000E+00
1.163E+07 5.323E+02 3.577E+00 2.205E-03 6.232E-02 1.491E+03 1.000E+00 8.984E+01 0.000E+00
1.421E+07 9.624E+02 2.885E+00 2.205E-03 6.232E-02 1.205E+03 1.000E+00 8.984E+01 0.000E+00
5.965E+06 9.918E+02 2.850E+00 2.205E-03 6.232E-02 1.194E+03 1.000E+00 8.984E+01 0.000E+00
6.596E+05 2.860E+02 4.247E+00 2.205E-03 6.233E-02 2.198E+03 1.000E+00 8.984E+01 0.000E+00
8.367E+06 8.714E+02 2.999E+00 2.205E-03 6.235E-02 1.238E+03 1.000E+00 8.984E+01 0.000E+00
1.858E+06 6.549E+02 3.333E+00 2.205E-03 6.238E-02 1.365E+03 1.000E+00 8.984E+01 0.000E+00
2.593E+06 9.968E+02 2.845E+00 2.205E-03 6.244E-02 1.193E+03 1.000E+00 8.984E+01 0.000E+00
4.387E+06 4.992E+02 3.652E+00 2.205E-03 6.255E-02 1.538E+03 1.000E+00 8.985E+01 0.000E+00
1.585E+08 7.536E+02 3.168E+00 2.205E-03 6.275E-02 1.298E+03 1.000E+00 8.985E+01 0.000E+00
6.217E+06 9.756E+02 2.870E+00 2.205E-03 6.311E-02 1.199E+03 1.000E+00 8.986E+01 0.000E+00
3.540E+07 9.208E+02 2.936E+00 2.205E-03 6.378E-02 1.219E+03 1.000E+00 8.987E+01 0.000E+00
7.173E+06 9.244E+02 2.933E+00 2.205E-03 6.499E-02 1.213E+03 1.000E+00 8.990E+01 0.000E+00
1.346E+06 4.158E+02 3.871E+00 2.205E-03 6.723E-02 1.675E+03 1.000E+00 8.995E+01 0.000E+00
8.537E+06 9.624E+02 2.885E+00 2.789E-03 6.231E-02 1.204E+03 1.000E+00 8.984E+01 0.000E+00
8.612E+06 9.624E+02 2.885E+00 2.789E-03 6.231E-02 1.204E+03 1.000E+00 8.984E+01 0.000E+00
8.754E+06 9.624E+02 2.885E+00 2.789E-03 6.231E-02 1.204E+03 1.000E+00 8.984E+01 0.000E+00
9.026E+06 9.624E+02 2.885E+00 2.789E-03 6.231E-02 1.204E+03 1.000E+00 8.984E+01 0.000E+00
9.573E+06 9.624E+02 2.885E+00 2.789E-03 6.231E-02 1.204E+03 1.000E+00 8.984E+01 0.000E+00
1.078E+07 9.624E+02 2.885E+00 2.789E-03 6.231E-02 1.208E+03 1.000E+00 8.984E+01 0.000E+00
1.403E+07 9.624E+02 2.885E+00 2.789E-03 6.231E-02 1.204E+03 1.000E+00 8.984E+01 0.000E+00
3.201E+07 9.624E+02 2.885E+00 2.789E-03 6.232E-02 1.205E+03 1.000E+00 8.984E+01 0.000E+00
1.008E+06 3.861E+02 3.941E+00 2.789E-03 6.232E-02 1.771E+03 1.000E+00 8.984E+01 0.000E+00
7.341E+06 9.712E+02 2.874E+00 2.789E-03 6.232E-02 1.201E+03 1.000E+00 8.984E+01 0.000E+00
1.553E+06 3.757E+02 3.971E+00 2.789E-03 6.233E-02 1.802E+03 1.000E+00 8.984E+01 0.000E+00
1.547E+06 8.675E+02 3.004E+00 2.789E-03 6.235E-02 1.240E+03 1.000E+00 8.984E+01 0.000E+00
5.987E+05 3.353E+02 4.091E+00 2.789E-03 6.238E-02 1.944E+03 1.000E+00 8.984E+01 0.000E+00
7.488E+05 6.443E+02 3.353E+00 2.789E-03 6.244E-02 1.375E+03 1.000E+00 8.984E+01 0.000E+00
2.471E+06 3.908E+02 3.928E+00 2.789E-03 6.255E-02 1.757E+03 1.000E+00 8.985E+01 0.000E+00
1.231E+07 4.962E+02 3.659E+00 2.789E-03 6.275E-02 1.541E+03 1.000E+00 8.985E+01 0.000E+00
1.932E+06 5.165E+02 3.613E+00 2.789E-03 6.311E-02 1.511E+03 1.000E+00 8.986E+01 0.000E+00
9.019E+07 9.445E+02 2.907E+00 2.789E-03 6.378E-02 1.209E+03 1.000E+00 8.987E+01 0.000E+00
9.280E+06 2.912E+02 4.240E+00 2.789E-03 6.499E-02 2.232E+03 1.000E+00 8.990E+01 0.000E+00
8.604E+06 4.081E+02 3.892E+00 2.789E-03 6.723E-02 1.698E+03 1.000E+00 8.995E+01 0.000E+00
1.426E+06 3.861E+02 3.941E+00 3.528E-03 6.231E-02 1.772E+03 1.000E+00 8.984E+01 0.000E+00
1.476E+06 3.861E+02 3.941E+00 3.528E-03 6.231E-02 1.771E+03 1.000E+00 8.984E+01 0.000E+00
1.579E+06 3.861E+02 3.941E+00 3.528E-03 6.231E-02 1.771E+03 1.000E+00 8.984E+01 0.000E+00
1.812E+06 3.861E+02 3.941E+00 3.528E-03 6.231E-02 1.773E+03 1.000E+00 8.984E+01 0.000E+00
2.497E+06 3.861E+02 3.941E+00 3.528E-03 6.231E-02 1.771E+03 1.000E+00 8.984E+01 0.000E+00
8.634E+06 3.861E+02 3.941E+00 3.528E-03 6.231E-02 1.771E+03 1.000E+00 8.984E+01 0.000E+00
7.375E+05 3.817E+02 3.954E+00 3.528E-03 6.231E-02 1.784E+03 1.000E+00 8.984E+01 0.000E+00
3.818E+06 3.786E+02 3.962E+00 3.528E-03 6.232E-02 1.793E+03 1.000E+00 8.984E+01 0.000E+00
7.654E+06 9.712E+02 2.874E+00 3.528E-03 6.232E-02 1.201E+03 1.000E+00 8.984E+01 0.000E+00
1.450E+06 2.764E+02 4.279E+00 3.528E-03 6.232E-02 2.265E+03 1.000E+00 8.984E+01 0.000E+00
1.004E+06 4.964E+02 3.658E+00 3.528E-03 6.233E-02 1.542E+03 1.000E+00 8.984E+01 0.000E+00
3.961E+06 6.177E+02 3.402E+00 3.528E-03 6.235E-02 1.398E+03 1.000E+00 8.984E+01 0.000E+00
7.801E+07 2.205E+02 4.467E+00 3.528E-03 6.238E-02 2.869E+03 1.000E+00 8.984E+01 0.000E+00
3.286E+06 3.242E+02 4.125E+00 3.528E-03 6.244E-02 1.991E+03 1.000E+00 8.984E+01 0.000E+00
6.171E+06 9.968E+02 2.845E+00 3.528E-03 6.255E-02 1.192E+03 1.000E+00 8.985E+01 0.000E+00
1.554E+07 7.732E+02 3.138E+00 3.528E-03 6.275E-02 1.286E+03 1.000E+00 8.985E+01 0.000E+00
1.277E+07 6.715E+02 3.305E+00 3.528E-03 6.311E-02 1.364E+03 1.000E+00 8.986E+01 0.000E+00
6.856E+06 8.062E+02 3.090E+00 3.528E-03 6.378E-02 1.266E+03 1.000E+00 8.987E+01 0.000E+00
5.773E+06 8.919E+02 2.974E+00 3.528E-03 6.499E-02 1.226E+03 1.000E+00 8.990E+01 0.000E+00
1.970E+06 8.735E+02 3.000E+00 3.528E-03 6.723E-02 1.230E+03 1.000E+00 8.995E+01 0.000E+00
5.335E+05 2.764E+02 4.279E+00 4.462E-03 6.231E-02 2.436E+03 1.000E+00 8.984E+01 0.000E+00
5.403E+05 2.764E+02 4.279E+00 4.462E-03 6.231E-02 2.264E+03 1.000E+00 8.984E+01 0.000E+00
5.532E+05 2.764E+02 4.279E+00 4.462E-03 6.231E-02 2.264E+03 1.000E+00 8.984E+01 0.000E+00
5.788E+05 2.764E+02 4.279E+00 4.462E-03 6.231E-02 2.297E+03 1.000E+00 8.984E+01 0.000E+00
6.330E+05 2.764E+02 4.279E+00 4.462E-03 6.231E-02 2.264E+03 1.000E+00 8.984E+01 0.000E+00
7.671E+05 2.764E+02 4.279E+00 4.462E-03 6.231E-02 2.264E+03 1.000E+00 8.984E+01 0.000E+00
1.284E+06 2.764E+02 4.279E+00 4.462E-03 6.231E-02 2.264E+03 1.000E+00 8.984E+01 0.000E+00
8.043E+06 3.872E+02 3.938E+00 4.462E-03 6.232E-02 1.768E+03 1.000E+00 8.984E+01 0.000E+00
3.306E+06 3.757E+02 3.971E+00 4.462E-03 6.232E-02 1.802E+03 1.000E+00 8.984E+01 0.000E+00
2.521E+06 3.523E+02 4.039E+00 4.462E-03 6.232E-02 1.879E+03 1.000E+00 8.984E+01 0.000E+00
8.207E+05 4.063E+02 3.885E+00 4.462E-03 6.233E-02 1.718E+03 1.000E+00 8.984E+01 0.000E+00
1.128E+06 8.521E+02 3.025E+00 4.462E-03 6.235E-02 1.247E+03 1.000E+00 8.984E+01 0.000E+00
2.106E+06 7.771E+02 3.132E+00 4.462E-03 6.238E-02 1.286E+03 1.000E+00 8.984E+01 0.000E+00
1.606E+06 4.118E+02 3.870E+00 4.462E-03 6.244E-02 1.704E+03 1.000E+00 8.984E+01 0.000E+00
4.573E+06 3.756E+02 3.972E+00 4.462E-03 6.255E-02 1.801E+03 1.000E+00 8.985E+01 0.000E+00
2.886E+07 7.329E+02 3.201E+00 4.462E-03 6.275E-02 1.310E+03 1.000E+00 8.985E+01 0.000E+00
1.579E+07 6.087E+02 3.421E+00 4.462E-03 6.311E-02 1.416E+03 1.000E+00 8.986E+01 0.000E+00
1.273E+06 7.874E+02 3.118E+00 4.462E-03 6.378E-02 1.277E+03 1.000E+00 8.987E+01 0.000E+00
1.131E+07 9.265E+02 2.930E+00 4.462E-03 6.499E-02 1.213E+03 1.000E+00 8.990E+01 0.000E+00
1.317E+06 8.988E+02 2.967E+00 4.462E-03 6.723E-02 1.220E+03 1.000E+00 8.995E+01 0.000E+00
1.586E+06 3.523E+02 4.039E+00 5.644E-03 6.231E-02 1.882E+03 1.000E+00 8.984E+01 0.000E+00
1.651E+06 3.523E+02 4.039E+00 5.644E-03 6.231E-02 1.880E+03 1.000E+00 8.984E+01 0.000E+00
1.786E+06 3.523E+02 4.039E+00 5.644E-03 6.231E-02 1.879E+03 1.000E+00 8.984E+01 0.000E+00
2.104E+06 3.523E+02 4.039E+00 5.644E-03 6.231E-02 1.879E+03 1.000E+00 8.984E+01 0.000E+00
3.141E+06 3.523E+02 4.039E+00 5.644E-03 6.231E-02 1.880E+03 1.000E+00 8.984E+01 0.000E+00
4.202E+07 3.523E+02 4.039E+00 5.644E-03 6.231E-02 1.882E+03 1.000E+00 8.984E+01 0.000E+00
5.474E+06 5.621E+02 3.513E+00 5.644E-03 6.231E-02 1.458E+03 1.000E+00 8.984E+01 0.000E+00
1.202E+06 4.964E+02 3.658E+00 5.644E-03 6.232E-02 1.575E+03 1.000E+00 8.984E+01 0.000E+00
4.037E+06 4.587E+02 3.749E+00 5.644E-03 6.232E-02 1.606E+03 1.000E+00 8.984E+01 0.000E+00
1.537E+06 4.063E+02 3.885E+00 5.644E-03 6.232E-02 1.718E+03 1.000E+00 8.984E+01 0.000E+00
2.573E+06 6.177E+02 3.402E+00 5.644E-03 6.233E-02 1.400E+03 1.000E+00 8.984E+01 0.000E+00
2.952E+07 8.521E+02 3.025E+00 5.644E-03 6.235E-02 1.248E+03 1.000E+00 8.984E+01 0.000E+00
1.658E+07 5.245E+02 3.594E+00 5.644E-03 6.238E-02 1.540E+03 1.000E+00 8.984E+01 0.000E+00
7.383E+06 8.120E+02 3.081E+00 5.644E-03 6.244E-02 1.267E+03 1.000E+00 8.984E+01 0.000E+00
7.685E+06 9.968E+02 2.845E+00 5.644E-03 6.255E-02 1.194E+03 1.000E+00 8.985E+01 0.000E+00
1.030E+06 2.609E+02 4.332E+00 5.644E-03 6.275E-02 2.384E+03 1.000E+00 8.985E+01 0.000E+00
1.558E+06 8.118E+02 3.082E+00 5.644E-03 6.311E-02 1.269E+03 1.000E+00 8.986E+01 0.000E+00
2.273E+07 7.364E+02 3.197E+00 5.644E-03 6.378E-02 1.308E+03 1.000E+00 8.987E+01 0.000E+00
8.715E+07 9.000E+02 2.964E+00 5.644E-03 6.499E-02 1.224E+03 1.000E+00 8.990E+01 0.000E+00
1.175E+06 5.977E+02 3.448E+00 5.644E-03 6.723E-02 1.406E+03 1.000E+00 8.995E+01 0.000E+00
4.589E+06 8.714E+02 2.999E+00 7.139E-03 6.231E-02 1.243E+03 1.000E+00 8.984E+01 0.000E+00
4.667E+06 8.714E+02 2.999E+00 7.139E-03 6.231E-02 1.240E+03 1.000E+00 8.984E+01 0.000E+00
4.819E+06 8.714E+02 2.999E+00 7.139E-03 6.231E-02 1.240E+03 1.000E+00 8.984E+01 0.000E+00
5.125E+06 8.714E+02 2.999E+00 7.139E-03 6.231E-02 1.240E+03 1.000E+00 8.984E+01 0.000E+00
5.806E+06 8.714E+02 2.999E+00 7.139E-03 6.231E-02 1.240E+03 1.000E+00 8.984E+01 0.000E+00
7.706E+06 8.714E+02 2.999E+00 7.139E-03 6.231E-02 1.241E+03 1.000E+00 8.984E+01 0.000E+00
6.564E+06 4.324E+02 3.816E+00 7.139E-03 6.231E-02 1.659E+03 1.000E+00 8.984E+01 0.000E+00
5.041E+06 4.322E+02 3.816E+00 7.139E-03 6.232E-02 1.659E+03 1.000E+00 8.984E+01 0.000E+00
3.463E+06 6.096E+02 3.418E+00 7.139E-03 6.232E-02 1.407E+03 1.000E+00 8.984E+01 0.000E+00
1.065E+08 4.589E+02 3.748E+00 7.139E-03 6.232E-02 1.606E+03 1.000E+00 8.984E+01 0.000E+00
6.112E+06 6.331E+02 3.373E+00 7.139E-03 6.233E-02 1.385E+03 1.000E+00 8.984E+01 0.000E+00
7.991E+05 2.720E+02 4.293E+00 7.139E-03 6.235E-02 2.300E+03 1.000E+00 8.984E+01 0.000E+00
4.430E+06 2.920E+02 4.228E+00 7.139E-03 6.238E-02 2.161E+03 1.000E+00 8.984E+01 0.000E+00
1.349E+07 7.076E+02 3.242E+00 7.139E-03 6.244E-02 1.328E+03 1.000E+00 8.984E+01 0.000E+00
5.721E+06 6.247E+02 3.389E+00 7.139E-03 6.255E-02 1.392E+03 1.000E+00 8.985E+01 0.000E+00
2.482E+06 6.156E+02 3.407E+00 7.139E-03 6.275E-02 1.401E+03 1.000E+00 8.985E+01 0.000E+00
1.265E+07 6.656E+02 3.315E+00 7.139E-03 6.311E-02 1.357E+03 1.000E+00 8.986E+01 0.000E+00
9.236E+06 2.141E+02 4.496E+00 7.139E-03 6.378E-02 2.958E+03 1.000E+00 8.987E+01 0.000E+00
9.591E+06 7.877E+02 3.119E+00 7.139E-03 6.499E-02 1.275E+03 1.000E+00 8.990E+01 0.000E+00
5.491E+06 8.731E+02 3.001E+00 7.139E-03 6.723E-02 1.231E+03 1.000E+00 8.995E+01 0.000E+00
4.490E+07 4.157E+02 3.860E+00 9.029E-03 6.231E-02 1.697E+03 1.000E+00 8.984E+01 0.000E+00
4.374E+06 4.190E+02 3.851E+00 9.029E-03 6.231E-02 1.689E+03 1.000E+00 8.984E+01 0.000E+00
5.426E+06 4.190E+02 3.851E+00 9.029E-03 6.231E-02 1.706E+03 1.000E+00 8.984E+01 0.000E+00
9.769E+06 4.190E+02 3.851E+00 9.029E-03 6.231E-02 1.689E+03 1.000E+00 8.984E+01 0.000E+00
2.078E+07 8.502E+02 3.027E+00 9.029E-03 6.231E-02 1.250E+03 1.000E+00 8.984E+01 0.000E+00
5.137E+06 8.844E+02 2.982E+00 9.029E-03 6.231E-02 1.235E+03 1.000E+00 8.984E+01 0.000E+00
7.947E+06 8.844E+02 2.982E+00 9.029E-03 6.231E-02 1.234E+03 1.000E+00 8.984E+01 0.000E+00
8.928E+07 8.761E+02 2.992E+00 9.029E-03 6.232E-02 1.242E+03 1.000E+00 8.984E+01 0.000E+00
6.121E+07 6.331E+02 3.373E+00 9.029E-03 6.232E-02 1.386E+03 1.000E+00 8.984E+01 0.000E+00
1.493E+07 6.449E+02 3.351E+00 9.029E-03 6.232E-02 1.376E+03 1.000E+00 8.984E+01 0.000E+00
8.762E+06 2.720E+02 4.293E+00 9.029E-03 6.233E-02 2.298E+03 1.000E+00 8.984E+01 0.000E+00
5.454E+06 6.045E+02 3.428E+00 9.029E-03 6.235E-02 1.412E+03 1.000E+00 8.984E+01 0.000E+00
1.890E+07 4.728E+02 3.714E+00 9.029E-03 6.238E-02 1.584E+03 1.000E+00 8.984E+01 0.000E+00
1.505E+06 6.018E+02 3.433E+00 9.029E-03 6.244E-02 1.421E+03 1.000E+00 8.984E+01 0.000E+00
1.283E+07 9.968E+02 2.845E+00 9.029E-03 6.255E-02 1.196E+03 1.000E+00 8.985E+01 0.000E+00
1.798E+06 8.188E+02 3.071E+00 9.029E-03 6.275E-02 1.272E+03 1.000E+00 8.985E+01 0.000E+00
2.354E+06 9.753E+02 2.870E+00 9.029E-03 6.311E-02 1.200E+03 1.000E+00 8.986E+01 0.000E+00
3.745E+06 6.706E+02 3.307E+00 9.029E-03 6.378E-02 1.352E+03 1.000E+00 8.987E+01 0.000E+00
4.022E+06 6.905E+02 3.274E+00 9.029E-03 6.499E-02 1.335E+03 1.000E+00 8.990E+01 0.000E+00
2.517E+06 6.697E+02 3.313E+00 9.029E-03 6.723E-02 1.345E+03 1.000E+00 8.995E+01 0.000E+00
7.901E+05 4.186E+02 3.852E+00 1.142E-02 6.231E-02 1.690E+03 1.000E+00 8.984E+01 0.000E+00
8.034E+05 4.186E+02 3.852E+00 1.142E-02 6.231E-02 1.690E+03 1.000E+00 8.984E+01 0.000E+00
8.293E+05 4.186E+02 3.852E+00 1.142E-02 6.231E-02 1.690E+03 1.000E+00 8.984E+01 0.000E+00
8.816E+05 4.186E+02 3.852E+00 1.142E-02 6.231E-02 1.690E+03 1.000E+00 8.984E+01 0.000E+00
9.988E+05 4.186E+02 3.852E+00 1.142E-02 6.231E-02 1.690E+03 1.000E+00 8.984E+01 0.000E+00
1.332E+06 4.186E+02 3.852E+00 1.142E-02 6.231E-02 1.690E+03 1.000E+00 8.984E+01 0.000E+00
3.711E+06 4.186E+02 3.852E+00 1.142E-02 6.231E-02 1.690E+03 1.000E+00 8.984E+01 0.000E+00
2.636E+06 5.846E+02 3.467E+00 1.142E-02 6.232E-02 1.437E+03 1.000E+00 8.984E+01 0.000E+00
3.567E+06 5.093E+02 3.628E+00 1.142E-02 6.232E-02 1.526E+03 1.000E+00 8.984E+01 0.000E+00
1.584E+06 2.559E+02 4.347E+00 1.142E-02 6.232E-02 2.434E+03 1.000E+00 8.984E+01 0.000E+00
2.861E+06 5.306E+02 3.581E+00 1.142E-02 6.233E-02 1.496E+03 1.000E+00 8.984E+01 0.000E+00
1.930E+07 6.021E+02 3.432E+00 1.142E-02 6.235E-02 1.415E+03 1.000E+00 8.984E+01 0.000E+00
6.409E+06 8.102E+02 3.083E+00 1.142E-02 6.238E-02 1.273E+03 1.000E+00 8.984E+01 0.000E+00
4.308E+06 7.431E+02 3.185E+00 1.142E-02 6.244E-02 1.308E+03 1.000E+00 8.984E+01 0.000E+00
2.481E+07 9.968E+02 2.845E+00 1.142E-02 6.255E-02 1.194E+03 1.000E+00 8.985E+01 0.000E+00
5.294E+06 9.416E+02 2.910E+00 1.142E-02 6.275E-02 1.214E+03 1.000E+00 8.985E+01 0.000E+00
4.181E+06 7.964E+02 3.104E+00 1.142E-02 6.311E-02 1.275E+03 1.000E+00 8.986E+01 0.000E+00
9.201E+06 5.394E+02 3.564E+00 1.142E-02 6.378E-02 1.481E+03 1.000E+00 8.987E+01 0.000E+00
2.789E+06 6.327E+02 3.378E+00 1.142E-02 6.499E-02 1.380E+03 1.000E+00 8.990E+01 0.000E+00
1.780E+06 5.998E+02 3.444E+00 1.142E-02 6.723E-02 1.405E+03 1.000E+00 8.995E+01 0.000E+00
8.674E+05 4.595E+02 3.747E+00 1.445E-02 6.231E-02 1.607E+03 1.000E+00 8.984E+01 0.000E+00
8.820E+05 4.595E+02 3.747E+00 1.445E-02 6.231E-02 1.607E+03 1.000E+00 8.984E+01 0.000E+00
9.101E+05 4.595E+02 3.747E+00 1.445E-02 6.231E-02 1.607E+03 1.000E+00 8.984E+01 0.000E+00
9.673E+05 4.595E+02 3.747E+00 1.445E-02 6.231E-02 1.607E+03 1.000E+00 8.984E+01 0.000E+00
1.095E+06 4.595E+02 3.747E+00 1.445E-02 6.231E-02 1.607E+03 1.000E+00 8.984E+01 0.000E+00
1.461E+06 4.595E+02 3.747E+00 1.445E-02 6.231E-02 1.607E+03 1.000E+00 8.984E+01 0.000E+00
4.129E+06 4.595E+02 3.747E+00 1.445E-02 6.231E-02 1.607E+03 1.000E+00 8.984E+01 0.000E+00
2.234E+06 9.968E+02 2.845E+00 1.445E-02 6.232E-02 1.195E+03 1.000E+00 8.984E+01 0.000E+00
1.298E+06 5.736E+02 3.489E+00 1.445E-02 6.232E-02 1.445E+03 1.000E+00 8.984E+01 0.000E+00
3.093E+06 5.643E+02 3.509E+00 1.445E-02 6.232E-02 1.455E+03 1.000E+00 8.984E+01 0.000E+00
1.421E+06 6.718E+02 3.303E+00 1.445E-02 6.233E-02 1.356E+03 1.000E+00 8.984E+01 0.000E+00
1.567E+06 6.339E+02 3.372E+00 1.445E-02 6.235E-02 1.387E+03 1.000E+00 8.984E+01 0.000E+00
7.051E+05 2.712E+02 4.296E+00 1.445E-02 6.238E-02 2.305E+03 1.000E+00 8.984E+01 0.000E+00
2.013E+06 8.741E+02 2.995E+00 1.445E-02 6.244E-02 1.240E+03 1.000E+00 8.984E+01 0.000E+00
2.001E+06 9.057E+02 2.954E+00 1.445E-02 6.255E-02 1.228E+03 1.000E+00 8.985E+01 0.000E+00
5.215E+06 9.927E+02 2.850E+00 1.445E-02 6.275E-02 1.196E+03 1.000E+00 8.985E+01 0.000E+00
2.573E+06 4.806E+02 3.697E+00 1.445E-02 6.311E-02 1.567E+03 1.000E+00 8.986E+01 0.000E+00
3.872E+06 7.930E+02 3.110E+00 1.445E-02 6.378E-02 1.276E+03 1.000E+00 8.987E+01 0.000E+00
4.025E+06 5.924E+02 3.455E+00 1.445E-02 6.499E-02 1.419E+03 1.000E+00 8.990E+01 0.000E+00
1.421E+06 9.262E+02 2.932E+00 1.445E-02 6.723E-02 1.212E+03 1.000E+00 8.995E+01 0.000E+00
2.477E+06 9.968E+02 2.845E+00 1.827E-02 6.231E-02 1.198E+03 1.000E+00 8.984E+01 0.000E+00
2.477E+06 9.968E+02 2.845E+00 1.827E-02 6.231E-02 1.197E+03 1.000E+00 8.984E+01 0.000E+00
2.478E+06 9.968E+02 2.845E+00 1.827E-02 6.231E-02 1.197E+03 1.000E+00 8.984E+01 0.000E+00
2.480E+06 9.968E+02 2.845E+00 1.827E-02 6.231E-02 1.197E+03 1.000E+00 8.984E+01 0.000E+00
2.483E+06 9.968E+02 2.845E+00 1.827E-02 6.231E-02 1.198E+03 1.000E+00 8.984E+01 0.000E+00
2.488E+06 9.968E+02 2.845E+00 1.827E-02 6.231E-02 1.197E+03 1.000E+00 8.984E+01 0.000E+00
2.497E+06 9.968E+02 2.845E+00 1.827E-02 6.231E-02 1.197E+03 1.000E+00 8.984E+01 0.000E+00
5.738E+05 6.339E+02 3.372E+00 1.827E-02 6.232E-02 1.497E+03 1.000E+00 8.984E+01 0.000E+00
3.757E+06 4.000E+02 3.902E+00 1.827E-02 6.232E-02 1.737E+03 1.000E+00 8.984E+01 0.000E+00
2.609E+06 9.968E+02 2.845E+00 1.827E-02 6.232E-02 1.197E+03 1.000E+00 8.984E+01 0.000E+00
4.620E+06 8.189E+02 3.071E+00 1.827E-02 6.233E-02 1.268E+03 1.000E+00 8.984E+01 0.000E+00
7.535E+05 3.545E+02 4.033E+00 1.827E-02 6.235E-02 1.874E+03 1.000E+00 8.984E+01 0.000E+00
1.887E+06 5.322E+02 3.577E+00 1.827E-02 6.238E-02 1.495E+03 1.000E+00 8.984E+01 0.000E+00
1.371E+06 7.885E+02 3.115E+00 1.827E-02 6.244E-02 1.281E+03 1.000E+00 8.984E+01 0.000E+00
2.750E+07 4.519E+02 3.766E+00 1.827E-02 6.255E-02 1.621E+03 1.000E+00 8.985E+01 0.000E+00
1.170E+06 7.884E+02 3.116E+00 1.827E-02 6.275E-02 1.281E+03 1.000E+00 8.985E+01 0.000E+00
2.304E+06 9.750E+02 2.870E+00 1.827E-02 6.311E-02 1.202E+03 1.000E+00 8.986E+01 0.000E+00
6.312E+06 4.177E+02 3.858E+00 1.827E-02 6.378E-02 1.689E+03 1.000E+00 8.987E+01 0.000E+00
1.182E+06 3.070E+02 4.188E+00 1.827E-02 6.499E-02 2.062E+03 1.000E+00 8.990E+01 0.000E+00
1.808E+07 8.939E+02 2.973E+00 1.827E-02 6.723E-02 1.231E+03 1.000E+00 8.995E+01 0.000E+00
5.309E+07 7.658E+02 3.149E+00 2.311E-02 6.231E-02 1.296E+03 1.000E+00 8.984E+01 0.000E+00
9.167E+07 7.658E+02 3.149E+00 2.311E-02 6.231E-02 1.295E+03 1.000E+00 8.984E+01 0.000E+00
3.906E+06 2.057E+02 4.517E+00 2.311E-02 6.231E-02 3.163E+03 1.000E+00 8.984E+01 0.000E+00
4.169E+06 2.057E+02 4.517E+00 2.311E-02 6.231E-02 3.160E+03 1.000E+00 8.984E+01 0.000E+00
4.756E+06 2.057E+02 4.517E+00 2.311E-02 6.231E-02 3.170E+03 1.000E+00 8.984E+01 0.000E+00
6.421E+06 2.057E+02 4.517E+00 2.311E-02 6.231E-02 3.160E+03 1.000E+00 8.984E+01 0.000E+00
1.815E+07 2.057E+02 4.517E+00 2.311E-02 6.231E-02 3.160E+03 1.000E+00 8.984E+01 0.000E+00
2.205E+06 2.103E+02 4.502E+00 2.311E-02 6.232E-02 3.060E+03 1.000E+00 8.984E+01 0.000E+00
4.071E+05 2.332E+02 4.424E+00 2.311E-02 6.232E-02 2.688E+03 1.000E+00 8.984E+01 0.000E+00
1.301E+06 6.816E+02 3.286E+00 2.311E-02 6.232E-02 1.351E+03 1.000E+00 8.984E+01 0.000E+00
1.461E+06 7.256E+02 3.213E+00 2.311E-02 6.233E-02 1.320E+03 1.000E+00 8.984E+01 0.000E+00
5.222E+06 7.431E+02 3.185E+00 2.311E-02 6.235E-02 1.309E+03 1.000E+00 8.984E+01 0.000E+00
4.893E+06 9.968E+02 2.845E+00 2.311E-02 6.238E-02 1.203E+03 1.000E+00 8.984E+01 0.000E+00
1.179E+07 9.968E+02 2.845E+00 2.311E-02 6.244E-02 1.197E+03 1.000E+00 8.984E+01 0.000E+00
2.528E+06 9.197E+02 2.937E+00 2.311E-02 6.255E-02 1.224E+03 1.000E+00 8.985E+01 0.000E+00
2.485E+06 5.979E+02 3.441E+00 2.311E-02 6.275E-02 1.421E+03 1.000E+00 8.985E+01 0.000E+00
2.836E+06 9.933E+02 2.849E+00 2.311E-02 6.311E-02 1.198E+03 1.000E+00 8.986E+01 0.000E+00
1.088E+06 6.519E+02 3.341E+00 2.311E-02 6.378E-02 1.371E+03 1.000E+00 8.987E+01 0.000E+00
1.175E+08 6.056E+02 3.429E+00 2.311E-02 6.499E-02 1.408E+03 1.000E+00 8.990E+01 0.000E+00
5.573E+05 2.383E+02 4.429E+00 2.311E-02 6.723E-02 2.562E+03 1.000E+00 8.995E+01 0.000E+00
1.268E+07 9.602E+02 2.887E+00 2.923E-02 6.231E-02 1.211E+03 1.000E+00 8.984E+01 0.000E+00
1.286E+07 9.602E+02 2.887E+00 2.923E-02 6.231E-02 1.212E+03 1.000E+00 8.984E+01 0.000E+00
1.321E+07 9.602E+02 2.887E+00 2.923E-02 6.231E-02 1.211E+03 1.000E+00 8.984E+01 0.000E+00
1.389E+07 9.602E+02 2.887E+00 2.923E-02 6.231E-02 1.212E+03 1.000E+00 8.984E+01 0.000E+00
1.535E+07 9.602E+02 2.887E+00 2.923E-02 6.231E-02 1.211E+03 1.000E+00 8.984E+01 0.000E+00
1.902E+07 9.602E+02 2.887E+00 2.923E-02 6.231E-02 1.212E+03 1.000E+00 8.984E+01 0.000E+00
3.413E+07 9.602E+02 2.887E+00 2.923E-02 6.231E-02 1.211E+03 1.000E+00 8.984E+01 0.000E+00
5.210E+06 8.980E+02 2.964E+00 2.923E-02 6.232E-02 1.234E+03 1.000E+00 8.984E+01 0.000E+00
1.694E+06 4.963E+02 3.658E+00 2.923E-02 6.232E-02 1.549E+03 1.000E+00 8.984E+01 0.000E+00
1.091E+06 8.741E+02 2.995E+00 2.923E-02 6.232E-02 1.244E+03 1.000E+00 8.984E+01 0.000E+00
5.096E+06 8.741E+02 2.995E+00 2.923E-02 6.233E-02 1.244E+03 1.000E+00 8.984E+01 0.000E+00
1.164E+06 4.385E+02 3.800E+00 2.923E-02 6.235E-02 1.668E+03 1.000E+00 8.984E+01 0.000E+00
8.880E+06 9.968E+02 2.845E+00 2.923E-02 6.238E-02 1.200E+03 1.000E+00 8.984E+01 0.000E+00
8.241E+05 6.626E+02 3.320E+00 2.923E-02 6.244E-02 1.366E+03 1.000E+00 8.984E+01 0.000E+00
1.295E+07 4.157E+02 3.860E+00 2.923E-02 6.255E-02 2.253E+03 1.000E+00 8.985E+01 0.000E+00
4.700E+06 6.929E+02 3.267E+00 2.923E-02 6.275E-02 1.342E+03 1.000E+00 8.985E+01 0.000E+00
2.105E+06 9.101E+02 2.949E+00 2.923E-02 6.311E-02 1.229E+03 1.000E+00 8.986E+01 0.000E+00
1.075E+07 8.170E+02 3.075E+00 2.923E-02 6.378E-02 1.268E+03 1.000E+00 8.987E+01 0.000E+00
8.623E+05 2.202E+02 4.482E+00 2.923E-02 6.499E-02 2.835E+03 1.000E+00 8.990E+01 0.000E+00
6.247E+06 2.845E+02 4.270E+00 2.923E-02 6.723E-02 2.176E+03 1.000E+00 8.995E+01 0.000E+00
9.602E+06 2.972E+02 4.211E+00 3.697E-02 6.231E-02 2.140E+03 1.000E+00 8.984E+01 0.000E+00
1.310E+07 2.972E+02 4.211E+00 3.697E-02 6.231E-02 2.137E+03 1.000E+00 8.984E+01 0.000E+00
3.967E+07 2.972E+02 4.211E+00 3.697E-02 6.231E-02 2.137E+03 1.000E+00 8.984E+01 0.000E+00
7.197E+06 9.968E+02 2.845E+00 3.697E-02 6.231E-02 1.201E+03 1.000E+00 8.984E+01 0.000E+00
7.223E+06 9.968E+02 2.845E+00 3.697E-02 6.231E-02 1.207E+03 1.000E+00 8.984E+01 0.000E+00
7.273E+06 9.968E+02 2.845E+00 3.697E-02 6.231E-02 1.201E+03 1.000E+00 8.984E+01 0.000E+00
4.885E+06 5.845E+02 3.467E+00 3.697E-02 6.231E-02 1.439E+03 1.000E+00 8.984E+01 0.000E+00
4.686E+06 5.725E+02 3.492E+00 3.697E-02 6.232E-02 1.452E+03 1.000E+00 8.984E+01 0.000E+00
2.309E+06 6.448E+02 3.352E+00 3.697E-02 6.232E-02 1.382E+03 1.000E+00 8.984E+01 0.000E+00
8.616E+06 9.968E+02 2.845E+00 3.697E-02 6.232E-02 1.201E+03 1.000E+00 8.984E+01 0.000E+00
1.039E+07 9.968E+02 2.845E+00 3.697E-02 6.233E-02 1.203E+03 1.000E+00 8.984E+01 0.000E+00
1.682E+07 9.968E+02 2.845E+00 3.697E-02 6.235E-02 1.201E+03 1.000E+00 8.984E+01 0.000E+00
1.567E+07 2.515E+02 4.363E+00 3.697E-02 6.238E-02 2.481E+03 1.000E+00 8.984E+01 0.000E+00
1.768E+06 9.197E+02 2.937E+00 3.697E-02 6.244E-02 1.228E+03 1.000E+00 8.984E+01 0.000E+00
8.533E+06 8.871E+02 2.978E+00 3.697E-02 6.255E-02 1.240E+03 1.000E+00 8.985E+01 0.000E+00
2.207E+06 4.796E+02 3.699E+00 3.697E-02 6.275E-02 1.575E+03 1.000E+00 8.985E+01 0.000E+00
2.504E+06 3.693E+02 3.991E+00 3.697E-02 6.311E-02 1.827E+03 1.000E+00 8.986E+01 0.000E+00
2.024E+06 9.355E+02 2.918E+00 3.697E-02 6.378E-02 1.220E+03 1.000E+00 8.987E+01 0.000E+00
2.414E+06 3.285E+02 4.120E+00 3.697E-02 6.499E-02 1.966E+03 1.000E+00 8.990E+01 0.000E+00
3.336E+06 4.496E+02 3.782E+00 3.697E-02 6.723E-02 1.614E+03 1.000E+00 8.995E+01 0.000E+00
1.813E+07 5.560E+02 3.526E+00 4.677E-02 6.231E-02 1.473E+03 1.000E+00 8.984E+01 0.000E+00
2.674E+07 5.560E+02 3.526E+00 4.677E-02 6.231E-02 1.475E+03 1.000E+00 8.984E+01 0.000E+00
2.151E+08 5.560E+02 3.526E+00 4.677E-02 6.231E-02 1.477E+03 1.000E+00 8.984E+01 0.000E+00
3.565E+06 6.915E+02 3.269E+00 4.677E-02 6.231E-02 1.350E+03 1.000E+00 8.984E+01 0.000E+00
4.629E+06 6.915E+02 3.269E+00 4.677E-02 6.231E-02 1.348E+03 1.000E+00 8.984E+01 0.000E+00
1.054E+07 6.915E+02 3.269E+00 4.677E-02 6.231E-02 1.348E+03 1.000E+00 8.984E+01 0.000E+00
1.486E+06 3.696E+02 3.989E+00 4.677E-02 6.231E-02 1.831E+03 1.000E+00 8.984E+01 0.000E+00
1.527E+06 7.437E+02 3.184E+00 4.677E-02 6.232E-02 1.315E+03 1.000E+00 8.984E+01 0.000E+00
9.435E+06 7.437E+02 3.184E+00 4.677E-02 6.232E-02 1.316E+03 1.000E+00 8.984E+01 0.000E+00
2.044E+06 7.217E+02 3.219E+00 4.677E-02 6.232E-02 1.330E+03 1.000E+00 8.984E+01 0.000E+00
1.580E+06 5.096E+02 3.628E+00 4.677E-02 6.233E-02 1.533E+03 1.000E+00 8.984E+01 0.000E+00
1.363E+07 7.808E+02 3.127E+00 4.677E-02 6.235E-02 1.293E+03 1.000E+00 8.984E+01 0.000E+00
4.741E+06 9.139E+02 2.944E+00 4.677E-02 6.238E-02 1.233E+03 1.000E+00 8.984E+01 0.000E+00
1.849E+06 5.178E+02 3.610E+00 4.677E-02 6.244E-02 1.574E+03 1.000E+00 8.984E+01 0.000E+00
9.385E+06 3.695E+02 3.989E+00 4.677E-02 6.255E-02 1.830E+03 1.000E+00 8.985E+01 0.000E+00
2.460E+07 4.251E+02 3.836E+00 4.677E-02 6.275E-02 1.683E+03 1.000E+00 8.985E+01 0.000E+00
2.202E+06 7.467E+02 3.180E+00 4.677E-02 6.311E-02 1.311E+03 1.000E+00 8.986E+01 0.000E+00
3.488E+06 3.224E+02 4.135E+00 4.677E-02 6.378E-02 2.001E+03 1.000E+00 8.987E+01 0.000E+00
7.563E+06 7.834E+02 3.125E+00 4.677E-02 6.499E-02 1.287E+03 1.000E+00 8.990E+01 0.000E+00
2.049E+06 9.550E+02 2.897E+00 4.677E-02 6.723E-02 1.210E+03 1.000E+00 8.995E+01 0.000E+00
8.715E+06 7.556E+02 3.165E+00 5.915E-02 6.231E-02 1.312E+03 1.000E+00 8.984E+01 0.000E+00
9.377E+06 7.556E+02 3.165E+00 5.915E-02 6.231E-02 1.310E+03 1.000E+00 8.984E+01 0.000E+00
1.090E+07 7.556E+02 3.165E+00 5.915E-02 6.231E-02 1.310E+03 1.000E+00 8.984E+01 0.000E+00
1.556E+07 7.556E+02 3.165E+00 5.915E-02 6.231E-02 1.310E+03 1.000E+00 8.984E+01 0.000E+00
7.549E+07 7.556E+02 3.165E+00 5.915E-02 6.231E-02 1.311E+03 1.000E+00 8.984E+01 0.000E+00
4.350E+06 7.846E+02 3.121E+00 5.915E-02 6.231E-02 1.294E+03 1.000E+00 8.984E+01 0.000E+00
1.131E+07 7.846E+02 3.121E+00 5.915E-02 6.231E-02 1.294E+03 1.000E+00 8.984E+01 0.000E+00
4.225E+06 7.732E+02 3.138E+00 5.915E-02 6.232E-02 1.301E+03 1.000E+00 8.984E+01 0.000E+00
3.378E+06 7.329E+02 3.201E+00 5.915E-02 6.232E-02 1.324E+03 1.000E+00 8.984E+01 0.000E+00
1.514E+06 6.293E+02 3.380E+00 5.915E-02 6.232E-02 1.401E+03 1.000E+00 8.984E+01 0.000E+00
8.826E+06 9.489E+02 2.901E+00 5.915E-02 6.233E-02 1.222E+03 1.000E+00 8.984E+01 0.000E+00
1.535E+07 9.446E+02 2.906E+00 5.915E-02 6.235E-02 1.224E+03 1.000E+00 8.984E+01 0.000E+00
3.294E+07 8.871E+02 2.978E+00 5.915E-02 6.238E-02 1.246E+03 1.000E+00 8.984E+01 0.000E+00
2.411E+06 8.459E+02 3.033E+00 5.915E-02 6.244E-02 1.263E+03 1.000E+00 8.984E+01 0.000E+00
5.550E+06 7.697E+02 3.144E+00 5.915E-02 6.255E-02 1.302E+03 1.000E+00 8.985E+01 0.000E+00
3.826E+06 9.753E+02 2.870E+00 5.915E-02 6.275E-02 1.213E+03 1.000E+00 8.985E+01 0.000E+00
1.142E+06 4.606E+02 3.746E+00 5.915E-02 6.311E-02 1.613E+03 1.000E+00 8.986E+01 0.000E+00
1.134E+08 4.375E+02 3.806E+00 5.915E-02 6.378E-02 1.656E+03 1.000E+00 8.988E+01 0.000E+00
1.491E+06 9.543E+02 2.896E+00 5.915E-02 6.499E-02 1.221E+03 1.000E+00 8.990E+01 0.000E+00
4.307E+05 2.444E+02 4.408E+00 5.915E-02 6.723E-02 2.504E+03 1.000E+00 8.995E+01 0.000E+00
1.020E+07 6.663E+02 3.313E+00 7.482E-02 6.231E-02 1.374E+03 1.000E+00 8.984E+01 0.000E+00
1.164E+07 6.663E+02 3.313E+00 7.482E-02 6.231E-02 1.375E+03 1.000E+00 8.984E+01 0.000E+00
1.569E+07 6.663E+02 3.313E+00 7.482E-02 6.231E-02 1.374E+03 1.000E+00 8.984E+01 0.000E+00
4.412E+07 6.663E+02 3.313E+00 7.482E-02 6.231E-02 1.374E+03 1.000E+00 8.984E+01 0.000E+00
3.511E+06 6.716E+02 3.304E+00 7.482E-02 6.231E-02 1.370E+03 1.000E+00 8.984E+01 0.000E+00
6.423E+06 6.716E+02 3.304E+00 7.482E-02 6.231E-02 1.370E+03 1.000E+00 8.984E+01 0.000E+00
2.395E+06 7.884E+02 3.115E+00 7.482E-02 6.231E-02 1.296E+03 1.000E+00 8.984E+01 0.000E+00
5.698E+06 7.884E+02 3.115E+00 7.482E-02 6.232E-02 1.296E+03 1.000E+00 8.984E+01 0.000E+00
1.293E+06 8.459E+02 3.033E+00 7.482E-02 6.232E-02 1.395E+03 1.000E+00 8.984E+01 0.000E+00
4.712E+06 6.150E+02 3.408E+00 7.482E-02 6.232E-02 1.418E+03 1.000E+00 8.984E+01 0.000E+00
9.050E+07 8.217E+02 3.067E+00 7.482E-02 6.233E-02 1.280E+03 1.000E+00 8.984E+01 0.000E+00
5.439E+07 5.478E+02 3.544E+00 7.482E-02 6.235E-02 1.494E+03 1.000E+00 8.984E+01 0.000E+00
1.423E+06 9.930E+02 2.849E+00 7.482E-02 6.238E-02 1.212E+03 1.000E+00 8.984E+01 0.000E+00
1.675E+06 9.403E+02 2.911E+00 7.482E-02 6.244E-02 1.230E+03 1.000E+00 8.984E+01 0.000E+00
1.019E+07 4.449E+02 3.784E+00 7.482E-02 6.255E-02 1.649E+03 1.000E+00 8.985E+01 0.000E+00
3.759E+06 9.933E+02 2.849E+00 7.482E-02 6.275E-02 1.212E+03 1.000E+00 8.985E+01 0.000E+00
9.117E+05 3.237E+02 4.130E+00 7.482E-02 6.311E-02 2.006E+03 1.000E+00 8.986E+01 0.000E+00
2.322E+06 6.347E+02 3.372E+00 7.482E-02 6.378E-02 1.397E+03 1.000E+00 8.988E+01 0.000E+00
1.619E+07 2.806E+02 4.276E+00 7.482E-02 6.499E-02 2.229E+03 1.000E+00 8.990E+01 0.000E+00
7.856E+05 5.802E+02 3.484E+00 7.482E-02 6.723E-02 1.442E+03 1.000E+00 8.995E+01 0.000E+00
1.348E+08 6.572E+02 3.329E+00 9.464E-02 6.231E-02 1.392E+03 1.000E+00 8.984E+01 0.000E+00
6.696E+06 6.523E+02 3.338E+00 9.464E-02 6.231E-02 1.390E+03 1.000E+00 8.984E+01 0.000E+00
7.920E+06 6.523E+02 3.338E+00 9.464E-02 6.231E-02 1.390E+03 1.000E+00 8.984E+01 0.000E+00
1.196E+07 6.523E+02 3.338E+00 9.464E-02 6.231E-02 1.394E+03 1.000E+00 8.984E+01 0.000E+00
2.322E+08 6.523E+02 3.338E+00 9.464E-02 6.231E-02 1.390E+03 1.000E+00 8.984E+01 0.000E+00
7.050E+06 9.532E+02 2.896E+00 9.464E-02 6.231E-02 1.230E+03 1.000E+00 8.984E+01 0.000E+00
8.660E+06 9.532E+02 2.896E+00 9.464E-02 6.231E-02 1.230E+03 1.000E+00 8.984E+01 0.000E+00
1.509E+07 9.532E+02 2.896E+00 9.464E-02 6.232E-02 1.230E+03 1.000E+00 8.984E+01 0.000E+00
2.399E+06 7.673E+02 3.147E+00 9.464E-02 6.232E-02 1.313E+03 1.000E+00 8.984E+01 0.000E+00
3.033E+06 5.558E+02 3.527E+00 9.464E-02 6.232E-02 1.486E+03 1.000E+00 8.984E+01 0.000E+00
1.707E+08 9.545E+02 2.894E+00 9.464E-02 6.233E-02 1.230E+03 1.000E+00 8.984E+01 0.000E+00
4.724E+06 9.506E+02 2.899E+00 9.464E-02 6.235E-02 1.232E+03 1.000E+00 8.984E+01 0.000E+00
2.253E+06 8.485E+02 3.030E+00 9.464E-02 6.238E-02 1.272E+03 1.000E+00 8.984E+01 0.000E+00
8.705E+06 7.231E+02 3.217E+00 9.464E-02 6.244E-02 1.339E+03 1.000E+00 8.985E+01 0.000E+00
3.590E+07 7.353E+02 3.197E+00 9.464E-02 6.255E-02 1.331E+03 1.000E+00 8.985E+01 0.000E+00
5.188E+05 4.249E+02 3.837E+00 9.464E-02 6.275E-02 1.695E+03 1.000E+00 8.985E+01 0.000E+00
2.902E+06 9.051E+02 2.956E+00 9.464E-02 6.311E-02 1.249E+03 1.000E+00 8.986E+01 0.000E+00
9.057E+06 7.999E+02 3.100E+00 9.464E-02 6.378E-02 1.292E+03 1.000E+00 8.988E+01 0.000E+00
5.200E+06 6.563E+02 3.334E+00 9.464E-02 6.499E-02 1.389E+03 1.000E+00 8.990E+01 0.000E+00
8.441E+06 8.546E+02 3.026E+00 9.464E-02 6.723E-02 1.260E+03 1.000E+00 8.996E+01 0.000E+00
1.372E+06 5.816E+02 3.473E+00 1.197E-01 6.231E-02 1.464E+03 1.000E+00 8.984E+01 0.000E+00
1.579E+06 9.933E+02 2.849E+00 1.197E-01 6.231E-02 1.224E+03 1.000E+00 8.984E+01 0.000E+00
1.580E+06 9.933E+02 2.849E+00 1.197E-01 6.231E-02 1.224E+03 1.000E+00 8.984E+01 0.000E+00
1.581E+06 9.933E+02 2.849E+00 1.197E-01 6.231E-02 1.225E+03 1.000E+00 8.984E+01 0.000E+00
1.583E+06 9.933E+02 2.849E+00 1.197E-01 6.231E-02 1.225E+03 1.000E+00 8.984E+01 0.000E+00
1.606E+06 6.603E+02 3.324E+00 1.197E-01 6.231E-02 1.393E+03 1.000E+00 8.984E+01 0.000E+00
1.640E+06 4.250E+02 3.836E+00 1.197E-01 6.231E-02 1.702E+03 1.000E+00 8.984E+01 0.000E+00
6.529E+06 6.428E+02 3.355E+00 1.197E-01 6.232E-02 1.405E+03 1.000E+00 8.984E+01 0.000E+00
1.632E+06 9.933E+02 2.849E+00 1.197E-01 6.232E-02 1.225E+03 1.000E+00 8.984E+01 0.000E+00
1.679E+06 9.933E+02 2.849E+00 1.197E-01 6.232E-02 1.224E+03 1.000E+00 8.984E+01 0.000E+00
2.004E+06 6.522E+02 3.338E+00 1.197E-01 6.233E-02 1.397E+03 1.000E+00 8.984E+01 0.000E+00
8.210E+06 8.611E+02 3.013E+00 1.197E-01 6.235E-02 1.273E+03 1.000E+00 8.984E+01 0.000E+00
2.560E+06 9.003E+02 2.961E+00 1.197E-01 6.238E-02 1.257E+03 1.000E+00 8.984E+01 0.000E+00
8.580E+07 8.894E+02 2.975E+00 1.197E-01 6.244E-02 1.261E+03 1.000E+00 8.985E+01 0.000E+00
1.617E+07 7.349E+02 3.198E+00 1.197E-01 6.255E-02 1.338E+03 1.000E+00 8.985E+01 0.000E+00
9.493E+07 8.023E+02 3.095E+00 1.197E-01 6.275E-02 1.300E+03 1.000E+00 8.985E+01 0.000E+00
3.939E+06 7.250E+02 3.215E+00 1.197E-01 6.311E-02 1.343E+03 1.000E+00 8.986E+01 0.000E+00
1.025E+08 5.380E+02 3.567E+00 1.197E-01 6.378E-02 1.510E+03 1.000E+00 8.988E+01 0.000E+00
1.745E+06 5.681E+02 3.505E+00 1.197E-01 6.499E-02 1.470E+03 1.000E+00 8.990E+01 0.000E+00
1.241E+07 9.700E+02 2.879E+00 1.197E-01 6.723E-02 1.224E+03 1.000E+00 8.996E+01 0.000E+00
4.719E+06 4.583E+02 3.750E+00 1.514E-01 6.231E-02 1.645E+03 1.000E+00 8.984E+01 0.000E+00
5.274E+06 4.583E+02 3.750E+00 1.514E-01 6.231E-02 1.643E+03 1.000E+00 8.984E+01 0.000E+00
6.733E+06 4.583E+02 3.750E+00 1.514E-01 6.231E-02 1.644E+03 1.000E+00 8.984E+01 0.000E+00
1.379E+07 4.583E+02 3.750E+00 1.514E-01 6.231E-02 1.644E+03 1.000E+00 8.984E+01 0.000E+00
3.200E+06 3.276E+02 4.116E+00 1.514E-01 6.231E-02 2.014E+03 1.000E+00 8.984E+01 0.000E+00
1.440E+06 4.316E+02 3.818E+00 1.514E-01 6.231E-02 1.697E+03 1.000E+00 8.984E+01 0.000E+00
4.477E+06 4.316E+02 3.818E+00 1.514E-01 6.231E-02 1.697E+03 1.000E+00 8.984E+01 0.000E+00
2.367E+06 4.314E+02 3.819E+00 1.514E-01 6.232E-02 1.697E+03 1.000E+00 8.984E+01 0.000E+00
1.368E+06 8.315E+02 3.053E+00 1.514E-01 6.232E-02 1.295E+03 1.000E+00 8.984E+01 0.000E+00
6.576E+07 5.514E+02 3.536E+00 1.514E-01 6.232E-02 1.505E+03 1.000E+00 8.984E+01 0.000E+00
5.653E+06 7.995E+02 3.099E+00 1.514E-01 6.233E-02 1.317E+03 1.000E+00 8.984E+01 0.000E+00
1.204E+07 8.692E+02 3.002E+00 1.514E-01 6.235E-02 1.278E+03 1.000E+00 8.984E+01 0.000E+00
2.128E+07 6.716E+02 3.304E+00 1.514E-01 6.238E-02 1.392E+03 1.000E+00 8.985E+01 0.000E+00
2.008E+06 8.337E+02 3.050E+00 1.514E-01 6.244E-02 1.294E+03 1.000E+00 8.985E+01 0.000E+00
1.357E+06 4.037E+02 3.894E+00 1.514E-01 6.255E-02 1.767E+03 1.000E+00 8.985E+01 0.000E+00
1.256E+06 6.519E+02 3.340E+00 1.514E-01 6.275E-02 1.416E+03 1.000E+00 8.985E+01 0.000E+00
1.739E+06 2.403E+02 4.406E+00 1.514E-01 6.311E-02 2.617E+03 1.000E+00 8.986E+01 0.000E+00
6.388E+06 8.091E+02 3.086E+00 1.514E-01 6.378E-02 1.303E+03 1.000E+00 8.988E+01 0.000E+00
2.751E+06 9.272E+02 2.929E+00 1.514E-01 6.499E-02 1.252E+03 1.000E+00 8.991E+01 0.000E+00
1.499E+06 6.891E+02 3.279E+00 1.514E-01 6.723E-02 1.367E+03 1.000E+00 8.996E+01 0.000E+00
4.116E+06 2.985E+02 4.209E+00 1.915E-01 6.231E-02 2.170E+03 1.000E+00 8.984E+01 0.000E+00
4.630E+06 2.985E+02 4.209E+00 1.915E-01 6.231E-02 2.169E+03 1.000E+00 8.984E+01 0.000E+00
6.013E+06 2.985E+02 4.209E+00 1.915E-01 6.231E-02 2.170E+03 1.000E+00 8.984E+01 0.000E+00
1.338E+07 2.985E+02 4.209E+00 1.915E-01 6.231E-02 2.170E+03 1.000E+00 8.984E+01 0.000E+00
1.919E+06 3.020E+02 4.197E+00 1.915E-01 6.231E-02 2.150E+03 1.000E+00 8.984E+01 0.000E+00
4.598E+06 3.020E+02 4.197E+00 1.915E-01 6.231E-02 2.150E+03 1.000E+00 8.984E+01 0.000E+00
1.257E+06 9.667E+02 2.880E+00 1.915E-01 6.231E-02 1.254E+03 1.000E+00 8.984E+01 0.000E+00
1.429E+06 6.531E+02 3.337E+00 1.915E-01 6.232E-02 1.418E+03 1.000E+00 8.984E+01 0.000E+00
2.555E+06 6.615E+02 3.322E+00 1.915E-01 6.232E-02 1.411E+03 1.000E+00 8.984E+01 0.000E+00
1.563E+06 9.667E+02 2.880E+00 1.915E-01 6.232E-02 1.256E+03 1.000E+00 8.984E+01 0.000E+00
5.504E+06 8.098E+02 3.084E+00 1.915E-01 6.233E-02 1.317E+03 1.000E+00 8.984E+01 0.000E+00
1.322E+07 9.415E+02 2.910E+00 1.915E-01 6.235E-02 1.306E+03 1.000E+00 8.985E+01 0.000E+00
7.207E+05 6.804E+02 3.289E+00 1.915E-01 6.238E-02 1.395E+03 1.000E+00 8.985E+01 0.000E+00
1.427E+06 7.011E+02 3.253E+00 1.915E-01 6.244E-02 1.380E+03 1.000E+00 8.985E+01 0.000E+00
3.039E+06 7.218E+02 3.219E+00 1.915E-01 6.255E-02 1.366E+03 1.000E+00 8.985E+01 0.000E+00
2.469E+06 6.149E+02 3.409E+00 1.915E-01 6.275E-02 1.449E+03 1.000E+00 8.985E+01 0.000E+00
1.948E+07 9.380E+02 2.915E+00 1.915E-01 6.311E-02 1.264E+03 1.000E+00 8.986E+01 0.000E+00
9.134E+05 3.219E+02 4.139E+00 1.915E-01 6.378E-02 2.042E+03 1.000E+00 8.988E+01 0.000E+00
9.056E+06 8.397E+02 3.044E+00 1.915E-01 6.499E-02 1.299E+03 1.000E+00 8.991E+01 0.000E+00
2.267E+06 4.768E+02 3.715E+00 1.915E-01 6.723E-02 1.606E+03 1.000E+00 8.996E+01 0.000E+00
2.283E+07 3.868E+02 3.941E+00 2.422E-01 6.231E-02 1.834E+03 1.000E+00 8.985E+01 0.000E+00
5.530E+07 3.868E+02 3.941E+00 2.422E-01 6.231E-02 1.833E+03 1.000E+00 8.985E+01 0.000E+00
1.173E+07 5.159E+02 3.614E+00 2.422E-01 6.231E-02 1.578E+03 1.000E+00 8.985E+01 0.000E+00
5.341E+07 5.159E+02 3.614E+00 2.422E-01 6.231E-02 1.578E+03 1.000E+00 8.985E+01 0.000E+00
1.401E+07 7.922E+02 3.110E+00 2.422E-01 6.231E-02 1.392E+03 1.000E+00 8.985E+01 0.000E+00
9.983E+06 7.710E+02 3.142E+00 2.422E-01 6.231E-02 1.353E+03 1.000E+00 8.985E+01 0.000E+00
5.710E+06 7.765E+02 3.133E+00 2.422E-01 6.231E-02 1.350E+03 1.000E+00 8.985E+01 0.000E+00
9.255E+06 3.514E+02 4.044E+00 2.422E-01 6.232E-02 1.946E+03 1.000E+00 8.985E+01 0.000E+00
9.596E+06 7.652E+02 3.150E+00 2.422E-01 6.232E-02 1.357E+03 1.000E+00 8.985E+01 0.000E+00
6.787E+06 5.689E+02 3.500E+00 2.422E-01 6.232E-02 1.512E+03 1.000E+00 8.985E+01 0.000E+00
3.269E+06 6.264E+02 3.386E+00 2.422E-01 6.233E-02 1.454E+03 1.000E+00 8.985E+01 0.000E+00
2.359E+06 3.294E+02 4.111E+00 2.422E-01 6.235E-02 2.032E+03 1.000E+00 8.985E+01 0.000E+00
8.488E+05 2.135E+02 4.496E+00 2.422E-01 6.238E-02 3.030E+03 1.000E+00 8.985E+01 0.000E+00
2.793E+06 3.179E+02 4.147E+00 2.422E-01 6.244E-02 2.084E+03 1.000E+00 8.985E+01 0.000E+00
5.771E+06 9.046E+02 2.956E+00 2.422E-01 6.255E-02 1.292E+03 1.000E+00 8.985E+01 0.000E+00
3.218E+07 9.312E+02 2.923E+00 2.422E-01 6.275E-02 1.282E+03 1.000E+00 8.986E+01 0.000E+00
8.135E+05 5.774E+02 3.483E+00 2.422E-01 6.311E-02 1.501E+03 1.000E+00 8.986E+01 0.000E+00
4.754E+06 4.947E+02 3.665E+00 2.422E-01 6.378E-02 1.605E+03 1.000E+00 8.988E+01 0.000E+00
5.513E+06 9.507E+02 2.901E+00 2.422E-01 6.499E-02 1.272E+03 1.000E+00 8.991E+01 0.000E+00
5.234E+06 6.624E+02 3.327E+00 2.422E-01 6.723E-02 1.413E+03 1.000E+00 8.996E+01 0.000E+00
5.361E+06 8.212E+02 3.068E+00 3.064E-01 6.231E-02 1.350E+03 1.000E+00 8.985E+01 0.000E+00
5.521E+06 8.212E+02 3.068E+00 3.064E-01 6.231E-02 1.351E+03 1.000E+00 8.985E+01 0.000E+00
5.841E+06 8.212E+02 3.068E+00 3.064E-01 6.231E-02 1.350E+03 1.000E+00 8.985E+01 0.000E+00
6.539E+06 8.212E+02 3.068E+00 3.064E-01 6.231E-02 1.350E+03 1.000E+00 8.985E+01 0.000E+00
8.395E+06 8.212E+02 3.068E+00 3.064E-01 6.231E-02 1.350E+03 1.000E+00 8.985E+01 0.000E+00
1.784E+07 8.212E+02 3.068E+00 3.064E-01 6.231E-02 1.350E+03 1.000E+00 8.985E+01 0.000E+00
1.126E+06 8.128E+02 3.080E+00 3.064E-01 6.231E-02 1.354E+03 1.000E+00 8.985E+01 0.000E+00
1.395E+06 8.128E+02 3.080E+00 3.064E-01 6.232E-02 1.354E+03 1.000E+00 8.985E+01 0.000E+00
2.706E+06 8.128E+02 3.080E+00 3.064E-01 6.232E-02 1.356E+03 1.000E+00 8.985E+01 0.000E+00
7.344E+05 8.234E+02 3.065E+00 3.064E-01 6.232E-02 1.349E+03 1.000E+00 8.985E+01 0.000E+00
4.704E+06 5.389E+02 3.564E+00 3.064E-01 6.233E-02 1.569E+03 1.000E+00 8.985E+01 0.000E+00
5.423E+06 3.398E+02 4.080E+00 3.064E-01 6.235E-02 2.017E+03 1.000E+00 8.985E+01 0.000E+00
2.849E+07 5.156E+02 3.615E+00 3.064E-01 6.238E-02 1.599E+03 1.000E+00 8.985E+01 0.000E+00
3.066E+07 9.414E+02 2.910E+00 3.064E-01 6.244E-02 1.302E+03 1.000E+00 8.985E+01 0.000E+00
2.001E+06 8.740E+02 2.996E+00 3.064E-01 6.255E-02 1.336E+03 1.000E+00 8.985E+01 0.000E+00
3.978E+06 5.145E+02 3.618E+00 3.064E-01 6.275E-02 1.601E+03 1.000E+00 8.986E+01 0.000E+00
1.545E+06 6.054E+02 3.428E+00 3.064E-01 6.311E-02 1.493E+03 1.000E+00 8.987E+01 0.000E+00
3.519E+07 7.424E+02 3.188E+00 3.064E-01 6.378E-02 1.389E+03 1.000E+00 8.988E+01 0.000E+00
2.380E+06 4.703E+02 3.727E+00 3.064E-01 6.499E-02 1.661E+03 1.000E+00 8.991E+01 0.000E+00
7.556E+06 9.409E+02 2.915E+00 3.064E-01 6.723E-02 1.295E+03 1.000E+00 8.996E+01 0.000E+00
6.743E+05 2.064E+02 4.524E+00 3.875E-01 6.231E-02 3.200E+03 1.000E+00 8.985E+01 0.000E+00
6.763E+05 2.064E+02 4.524E+00 3.875E-01 6.231E-02 3.200E+03 1.000E+00 8.985E+01 0.000E+00
6.800E+05 2.064E+02 4.524E+00 3.875E-01 6.231E-02 3.221E+03 1.000E+00 8.985E+01 0.000E+00
6.481E+05 7.775E+02 3.132E+00 3.875E-01 6.231E-02 1.403E+03 1.000E+00 8.985E+01 0.000E+00
6.593E+05 7.775E+02 3.132E+00 3.875E-01 6.231E-02 1.403E+03 1.000E+00 8.985E+01 0.000E+00
6.813E+05 7.775E+02 3.132E+00 3.875E-01 6.231E-02 1.406E+03 1.000E+00 8.985E+01 0.000E+00
7.270E+05 7.775E+02 3.132E+00 3.875E-01 6.231E-02 1.403E+03 1.000E+00 8.985E+01 0.000E+00
5.859E+05 3.566E+02 4.029E+00 3.875E-01 6.232E-02 1.977E+03 1.000E+00 8.985E+01 0.000E+00
2.169E+07 3.566E+02 4.029E+00 3.875E-01 6.232E-02 1.977E+03 1.000E+00 8.985E+01 0.000E+00
1.045E+06 5.633E+02 3.512E+00 3.875E-01 6.232E-02 1.568E+03 1.000E+00 8.985E+01 0.000E+00
9.456E+06 7.427E+02 3.186E+00 3.875E-01 6.233E-02 1.422E+03 1.000E+00 8.985E+01 0.000E+00
5.445E+06 7.319E+02 3.203E+00 3.875E-01 6.235E-02 1.428E+03 1.000E+00 8.985E+01 0.000E+00
7.007E+05 2.671E+02 4.316E+00 3.875E-01 6.238E-02 2.440E+03 1.000E+00 8.985E+01 0.000E+00
4.962E+06 6.322E+02 3.376E+00 3.875E-01 6.244E-02 1.500E+03 1.000E+00 8.985E+01 0.000E+00
1.403E+06 4.572E+02 3.755E+00 3.875E-01 6.255E-02 1.754E+03 1.000E+00 8.985E+01 0.000E+00
1.191E+08 2.752E+02 4.290E+00 3.875E-01 6.275E-02 2.377E+03 1.000E+00 8.986E+01 0.000E+00
1.944E+06 9.357E+02 2.918E+00 3.875E-01 6.311E-02 1.336E+03 1.000E+00 8.987E+01 0.000E+00
4.075E+06 8.476E+02 3.033E+00 3.875E-01 6.378E-02 1.367E+03 1.000E+00 8.988E+01 0.000E+00
1.207E+06 9.069E+02 2.955E+00 3.875E-01 6.499E-02 1.343E+03 1.000E+00 8.991E+01 0.000E+00
2.117E+06 8.414E+02 3.044E+00 3.875E-01 6.723E-02 1.362E+03 1.000E+00 8.996E+01 0.000E+00
4.481E+07 2.475E+02 4.384E+00 4.902E-01 6.231E-02 2.653E+03 1.000E+00 8.985E+01 0.000E+00
9.156E+05 2.398E+02 4.411E+00 4.902E-01 6.231E-02 2.734E+03 1.000E+00 8.985E+01 0.000E+00
9.477E+05 2.398E+02 4.411E+00 4.902E-01 6.231E-02 2.734E+03 1.000E+00 8.985E+01 0.000E+00
1.013E+06 2.398E+02 4.411E+00 4.902E-01 6.231E-02 2.734E+03 1.000E+00 8.985E+01 0.000E+00
1.162E+06 2.398E+02 4.411E+00 4.902E-01 6.231E-02 2.742E+03 1.000E+00 8.985E+01 0.000E+00
1.597E+06 2.398E+02 4.411E+00 4.902E-01 6.231E-02 2.735E+03 1.000E+00 8.985E+01 0.000E+00
1.125E+07 4.300E+02 3.824E+00 4.902E-01 6.231E-02 1.888E+03 1.000E+00 8.985E+01 0.000E+00
2.996E+07 9.031E+02 2.958E+00 4.902E-01 6.232E-02 1.397E+03 1.000E+00 8.985E+01 0.000E+00
7.649E+05 4.366E+02 3.807E+00 4.902E-01 6.232E-02 1.805E+03 1.000E+00 8.985E+01 0.000E+00
2.881E+06 7.497E+02 3.175E+00 4.902E-01 6.232E-02 1.463E+03 1.000E+00 8.985E+01 0.000E+00
4.721E+06 2.598E+02 4.342E+00 4.902E-01 6.233E-02 2.540E+03 1.000E+00 8.985E+01 0.000E+00
2.975E+06 9.072E+02 2.953E+00 4.902E-01 6.235E-02 1.394E+03 1.000E+00 8.985E+01 0.000E+00
1.437E+06 5.343E+02 3.574E+00 4.902E-01 6.238E-02 1.646E+03 1.000E+00 8.985E+01 0.000E+00
4.421E+06 9.188E+02 2.938E+00 4.902E-01 6.244E-02 1.390E+03 1.000E+00 8.985E+01 0.000E+00
1.914E+06 9.795E+02 2.865E+00 4.902E-01 6.255E-02 1.373E+03 1.000E+00 8.986E+01 0.000E+00
2.378E+07 8.816E+02 2.986E+00 4.902E-01 6.275E-02 1.402E+03 1.000E+00 8.986E+01 0.000E+00
1.926E+06 9.442E+02 2.907E+00 4.902E-01 6.311E-02 1.383E+03 1.000E+00 8.987E+01 0.000E+00
5.029E+06 8.319E+02 3.054E+00 4.902E-01 6.378E-02 1.419E+03 1.000E+00 8.989E+01 0.000E+00
2.387E+06 9.176E+02 2.942E+00 4.902E-01 6.499E-02 1.385E+03 1.000E+00 8.991E+01 0.000E+00
1.750E+06 4.459E+02 3.794E+00 4.902E-01 6.723E-02 1.768E+03 1.000E+00 8.996E+01 0.000E+00
8.468E+05 5.786E+02 3.481E+00 6.200E-01 6.231E-02 1.661E+03 1.000E+00 8.985E+01 0.000E+00
8.562E+05 5.786E+02 3.481E+00 6.200E-01 6.231E-02 1.663E+03 1.000E+00 8.985E+01 0.000E+00
8.740E+05 5.786E+02 3.481E+00 6.200E-01 6.231E-02 1.660E+03 1.000E+00 8.985E+01 0.000E+00
9.089E+05 5.786E+02 3.481E+00 6.200E-01 6.231E-02 1.660E+03 1.000E+00 8.985E+01 0.000E+00
9.818E+05 5.786E+02 3.481E+00 6.200E-01 6.231E-02 1.660E+03 1.000E+00 8.985E+01 0.000E+00
1.156E+06 5.786E+02 3.481E+00 6.200E-01 6.231E-02 1.662E+03 1.000E+00 8.985E+01 0.000E+00
1.756E+06 5.786E+02 3.481E+00 6.200E-01 6.231E-02 1.660E+03 1.000E+00 8.985E+01 0.000E+00
8.245E+06 3.901E+02 3.934E+00 6.200E-01 6.232E-02 1.999E+03 1.000E+00 8.985E+01 0.000E+00
5.083E+06 5.148E+02 3.618E+00 6.200E-01 6.232E-02 1.737E+03 1.000E+00 8.985E+01 0.000E+00
2.501E+06 5.439E+02 3.554E+00 6.200E-01 6.232E-02 1.701E+03 1.000E+00 8.985E+01 0.000E+00
7.100E+05 7.973E+02 3.103E+00 6.200E-01 6.233E-02 1.508E+03 1.000E+00 8.985E+01 0.000E+00
4.541E+06 7.611E+02 3.157E+00 6.200E-01 6.235E-02 1.525E+03 1.000E+00 8.986E+01 0.000E+00
2.680E+07 8.498E+02 3.028E+00 6.200E-01 6.238E-02 1.486E+03 1.000E+00 8.986E+01 0.000E+00
4.975E+06 8.684E+02 3.003E+00 6.200E-01 6.244E-02 1.480E+03 1.000E+00 8.986E+01 0.000E+00
9.981E+05 8.731E+02 2.997E+00 6.200E-01 6.255E-02 1.481E+03 1.000E+00 8.986E+01 0.000E+00
2.202E+06 7.204E+02 3.222E+00 6.200E-01 6.275E-02 1.546E+03 1.000E+00 8.986E+01 0.000E+00
1.743E+06 5.865E+02 3.466E+00 6.200E-01 6.311E-02 1.651E+03 1.000E+00 8.987E+01 0.000E+00
1.364E+07 7.200E+02 3.224E+00 6.200E-01 6.378E-02 1.543E+03 1.000E+00 8.989E+01 0.000E+00
3.155E+06 8.878E+02 2.980E+00 6.200E-01 6.499E-02 1.465E+03 1.000E+00 8.992E+01 0.000E+00
3.262E+06 6.189E+02 3.408E+00 6.200E-01 6.723E-02 1.604E+03 1.000E+00 8.997E+01 0.000E+00
3.069E+06 5.865E+02 3.465E+00 7.842E-01 6.231E-02 1.756E+03 1.000E+00 8.986E+01 0.000E+00
3.217E+06 5.865E+02 3.465E+00 7.842E-01 6.231E-02 1.756E+03 1.000E+00 8.986E+01 0.000E+00
3.532E+06 5.865E+02 3.465E+00 7.842E-01 6.231E-02 1.757E+03 1.000E+00 8.986E+01 0.000E+00
4.311E+06 5.865E+02 3.465E+00 7.842E-01 6.231E-02 1.757E+03 1.000E+00 8.986E+01 0.000E+00
7.316E+06 5.865E+02 3.465E+00 7.842E-01 6.231E-02 1.756E+03 1.000E+00 8.986E+01 0.000E+00
2.453E+06 4.780E+02 3.705E+00 7.842E-01 6.231E-02 1.896E+03 1.000E+00 8.986E+01 0.000E+00
1.812E+07 4.767E+02 3.708E+00 7.842E-01 6.231E-02 1.898E+03 1.000E+00 8.986E+01 0.000E+00
5.891E+05 5.176E+02 3.612E+00 7.842E-01 6.232E-02 1.839E+03 1.000E+00 8.986E+01 0.000E+00
1.714E+06 5.176E+02 3.612E+00 7.842E-01 6.232E-02 1.876E+03 1.000E+00 8.986E+01 0.000E+00
2.264E+06 6.175E+02 3.404E+00 7.842E-01 6.232E-02 1.728E+03 1.000E+00 8.986E+01 0.000E+00
1.050E+06 8.377E+02 3.045E+00 7.842E-01 6.233E-02 1.606E+03 1.000E+00 8.986E+01 0.000E+00
1.688E+06 8.495E+02 3.029E+00 7.842E-01 6.235E-02 1.601E+03 1.000E+00 8.986E+01 0.000E+00
7.543E+05 6.498E+02 3.344E+00 7.842E-01 6.238E-02 1.701E+03 1.000E+00 8.986E+01 0.000E+00
1.180E+06 2.975E+02 4.219E+00 7.842E-01 6.244E-02 2.445E+03 1.000E+00 8.986E+01 0.000E+00
7.818E+05 7.876E+02 3.118E+00 7.842E-01 6.255E-02 1.621E+03 1.000E+00 8.986E+01 0.000E+00
1.958E+06 2.071E+02 4.534E+00 7.842E-01 6.275E-02 3.340E+03 1.000E+00 8.987E+01 0.000E+00
9.967E+06 7.981E+02 3.103E+00 7.842E-01 6.311E-02 1.614E+03 1.000E+00 8.988E+01 0.000E+00
1.396E+06 5.054E+02 3.643E+00 7.842E-01 6.378E-02 1.849E+03 1.000E+00 8.989E+01 0.000E+00
2.145E+06 7.628E+02 3.158E+00 7.842E-01 6.499E-02 1.622E+03 1.000E+00 8.992E+01 0.000E+00
1.510E+06 7.724E+02 3.145E+00 7.842E-01 6.723E-02 1.608E+03 1.000E+00 8.997E+01 0.000E+00
3.837E+06 5.589E+02 3.523E+00 9.919E-01 6.231E-02 1.955E+03 1.000E+00 8.986E+01 0.000E+00
4.098E+06 5.589E+02 3.523E+00 9.919E-01 6.231E-02 1.955E+03 1.000E+00 8.986E+01 0.000E+00
4.685E+06 5.589E+02 3.523E+00 9.919E-01 6.231E-02 1.956E+03 1.000E+00 8.986E+01 0.000E+00
6.369E+06 5.589E+02 3.523E+00 9.919E-01 6.231E-02 1.955E+03 1.000E+00 8.986E+01 0.000E+00
1.925E+07 5.589E+02 3.523E+00 9.919E-01 6.231E-02 1.956E+03 1.000E+00 8.986E+01 0.000E+00
2.885E+05 2.434E+02 4.407E+00 9.919E-01 6.231E-02 3.034E+03 1.000E+00 8.986E+01 0.000E+00
3.234E+05 2.434E+02 4.407E+00 9.919E-01 6.231E-02 3.043E+03 1.000E+00 8.986E+01 0.000E+00
4.216E+05 2.434E+02 4.408E+00 9.919E-01 6.232E-02 3.034E+03 1.000E+00 8.986E+01 0.000E+00
1.073E+06 2.434E+02 4.408E+00 9.919E-01 6.232E-02 3.034E+03 1.000E+00 8.986E+01 0.000E+00
5.357E+05 2.395E+02 4.421E+00 9.919E-01 6.232E-02 3.073E+03 1.000E+00 8.986E+01 0.000E+00
1.170E+07 3.305E+02 4.115E+00 9.919E-01 6.233E-02 2.473E+03 1.000E+00 8.986E+01 0.000E+00
2.812E+07 5.200E+02 3.608E+00 9.919E-01 6.235E-02 2.005E+03 1.000E+00 8.986E+01 0.000E+00
8.570E+06 2.686E+02 4.319E+00 9.919E-01 6.238E-02 2.818E+03 1.000E+00 8.986E+01 0.000E+00
1.969E+07 6.208E+02 3.399E+00 9.919E-01 6.244E-02 1.892E+03 1.000E+00 8.987E+01 0.000E+00
1.036E+06 2.838E+02 4.268E+00 9.919E-01 6.255E-02 2.713E+03 1.000E+00 8.987E+01 0.000E+00
4.049E+06 5.483E+02 3.546E+00 9.919E-01 6.275E-02 1.964E+03 1.000E+00 8.987E+01 0.000E+00
2.092E+06 3.502E+02 4.056E+00 9.919E-01 6.311E-02 2.389E+03 1.000E+00 8.988E+01 0.000E+00
1.954E+06 3.238E+02 4.140E+00 9.919E-01 6.378E-02 2.501E+03 1.000E+00 8.990E+01 0.000E+00
1.453E+06 6.772E+02 3.299E+00 9.919E-01 6.499E-02 1.826E+03 1.000E+00 8.992E+01 0.000E+00
1.465E+06 6.001E+02 3.446E+00 9.919E-01 6.723E-02 1.878E+03 1.000E+00 8.998E+01 0.000E+00
1.257E+06 3.788E+02 3.970E+00 1.255E+00 6.231E-02 2.615E+03 1.000E+00 8.987E+01 0.000E+00
1.295E+06 3.788E+02 3.970E+00 1.255E+00 6.231E-02 2.626E+03 1.000E+00 8.987E+01 0.000E+00
1.371E+06 3.788E+02 3.970E+00 1.255E+00 6.231E-02 2.614E+03 1.000E+00 8.987E+01 0.000E+00
1.538E+06 3.788E+02 3.970E+00 1.255E+00 6.231E-02 2.614E+03 1.000E+00 8.987E+01 0.000E+00
1.985E+06 3.788E+02 3.970E+00 1.255E+00 6.231E-02 2.614E+03 1.000E+00 8.987E+01 0.000E+00
4.368E+06 3.788E+02 3.970E+00 1.255E+00 6.231E-02 2.625E+03 1.000E+00 8.987E+01 0.000E+00
6.531E+05 3.768E+02 3.976E+00 1.255E+00 6.231E-02 2.622E+03 1.000E+00 8.987E+01 0.000E+00
2.498E+07 3.850E+02 3.952E+00 1.255E+00 6.232E-02 2.591E+03 1.000E+00 8.987E+01 0.000E+00
2.402E+06 3.902E+02 3.938E+00 1.255E+00 6.232E-02 2.572E+03 1.000E+00 8.987E+01 0.000E+00
8.123E+05 4.469E+02 3.784E+00 1.255E+00 6.232E-02 2.396E+03 1.000E+00 8.987E+01 0.000E+00
2.045E+06 4.966E+02 3.662E+00 1.255E+00 6.233E-02 2.283E+03 1.000E+00 8.987E+01 0.000E+00
9.390E+05 3.900E+02 3.938E+00 1.255E+00 6.235E-02 2.572E+03 1.000E+00 8.987E+01 0.000E+00
4.830E+07 2.831E+02 4.273E+00 1.255E+00 6.238E-02 3.125E+03 1.000E+00 8.987E+01 0.000E+00
9.250E+05 3.582E+02 4.032E+00 1.255E+00 6.244E-02 2.696E+03 1.000E+00 8.987E+01 0.000E+00
3.897E+05 3.901E+02 3.938E+00 1.255E+00 6.255E-02 2.567E+03 1.000E+00 8.987E+01 0.000E+00
1.968E+06 5.017E+02 3.651E+00 1.255E+00 6.275E-02 2.279E+03 1.000E+00 8.988E+01 0.000E+00
4.431E+05 2.181E+02 4.508E+00 1.255E+00 6.311E-02 3.733E+03 1.000E+00 8.989E+01 0.000E+00
1.346E+06 3.857E+02 3.954E+00 1.255E+00 6.378E-02 2.557E+03 1.000E+00 8.990E+01 0.000E+00
1.644E+07 4.807E+02 3.705E+00 1.255E+00 6.499E-02 2.265E+03 1.000E+00 8.993E+01 0.000E+00
1.673E+06 4.699E+02 3.736E+00 1.255E+00 6.723E-02 2.245E+03 1.000E+00 8.998E+01 0.000E+00
2.912E+05 2.173E+02 4.514E+00 1.587E+00 6.231E-02 4.903E+03 1.000E+00 8.988E+01 0.000E+00
2.921E+05 2.173E+02 4.514E+00 1.587E+00 6.231E-02 4.874E+03 1.000E+00 8.988E+01 0.000E+00
2.936E+05 2.173E+02 4.514E+00 1.587E+00 6.231E-02 4.873E+03 1.000E+00 8.988E+01 0.000E+00
2.965E+05 2.173E+02 4.514E+00 1.587E+00 6.231E-02 4.874E+03 1.000E+00 8.988E+01 0.000E+00
3.020E+05 2.173E+02 4.514E+00 1.587E+00 6.231E-02 4.874E+03 1.000E+00 8.988E+01 0.000E+00
3.126E+05 2.173E+02 4.514E+00 1.587E+00 6.231E-02 4.935E+03 1.000E+00 8.988E+01 0.000E+00
3.344E+05 2.173E+02 4.514E+00 1.587E+00 6.231E-02 4.898E+03 1.000E+00 8.988E+01 0.000E+00
3.848E+05 2.173E+02 4.514E+00 1.587E+00 6.232E-02 4.873E+03 1.000E+00 8.988E+01 0.000E+00
5.407E+05 2.173E+02 4.514E+00 1.587E+00 6.232E-02 4.873E+03 1.000E+00 8.988E+01 0.000E+00
2.768E+06 2.173E+02 4.514E+00 1.587E+00 6.232E-02 4.873E+03 1.000E+00 8.988E+01 0.000E+00
3.883E+06 2.229E+02 4.494E+00 1.587E+00 6.233E-02 4.736E+03 1.000E+00 8.988E+01 0.000E+00
7.451E+06 2.141E+02 4.526E+00 1.587E+00 6.235E-02 4.954E+03 1.000E+00 8.988E+01 0.000E+00
2.833E+05 2.659E+02 4.338E+00 1.587E+00 6.238E-02 3.839E+03 1.000E+00 8.988E+01 0.000E+00
6.490E+05 3.134E+02 4.176E+00 1.587E+00 6.244E-02 3.251E+03 1.000E+00 8.988E+01 0.000E+00
3.307E+05 2.243E+02 4.489E+00 1.587E+00 6.255E-02 4.674E+03 1.000E+00 8.988E+01 0.000E+00
5.994E+05 3.133E+02 4.177E+00 1.587E+00 6.275E-02 3.307E+03 1.000E+00 8.989E+01 0.000E+00
7.785E+06 3.129E+02 4.180E+00 1.587E+00 6.311E-02 3.209E+03 1.000E+00 8.989E+01 0.000E+00
8.189E+05 2.187E+02 4.516E+00 1.587E+00 6.378E-02 4.698E+03 1.000E+00 8.991E+01 0.000E+00
4.389E+05 2.350E+02 4.461E+00 1.587E+00 6.499E-02 4.199E+03 1.000E+00 8.994E+01 0.000E+00
5.159E+05 2.519E+02 4.408E+00 1.587E+00 6.723E-02 3.700E+03 1.000E+00 8.999E+01 0.000E+00
NAN NAN NAN 2.007E+00 6.231E-02 NAN 1.000E+00 8.989E+01 0.000E+00
NAN NAN NAN 2.007E+00 6.231E-02 NAN 1.000E+00 8.989E+01 0.000E+00
NAN NAN NAN 2.007E+00 6.231E-02 NAN 1.000E+00 8.989E+01 0.000E+00
NAN NAN NAN 2.007E+00 6.231E-02 NAN 1.000E+00 8.989E+01 0.000E+00
NAN NAN NAN 2.007E+00 6.231E-02 NAN 1.000E+00 8.989E+01 0.000E+00
NAN NAN NAN 2.007E+00 6.231E-02 NAN 1.000E+00 8.989E+01 0.000E+00
NAN NAN NAN 2.007E+00 6.231E-02 NAN 1.000E+00 8.989E+01 0.000E+00
NAN NAN NAN 2.007E+00 6.232E-02 NAN 1.000E+00 8.989E+01 0.000E+00
NAN NAN NAN 2.007E+00 6.232E-02 NAN 1.000E+00 8.989E+01 0.000E+00
NAN NAN NAN 2.007E+00 6.232E-02 NAN 1.000E+00 8.989E+01 0.000E+00
NAN NAN NAN 2.007E+00 6.233E-02 NAN 1.000E+00 8.989E+01 0.000E+00
NAN NAN NAN 2.007E+00 6.235E-02 NAN 1.000E+00 8.989E+01 0.000E+00
NAN NAN NAN 2.007E+00 6.238E-02 NAN 1.000E+00 8.989E+01 0.000E+00
NAN NAN NAN 2.007E+00 6.244E-02 NAN 1.000E+00 8.989E+01 0.000E+00
NAN NAN NAN 2.007E+00 6.255E-02 NAN 1.000E+00 8.989E+01 0.000E+00
NAN NAN NAN 2.007E+00 6.275E-02 NAN 1.000E+00 8.990E+01 0.000E+00
NAN NAN NAN 2.007E+00 6.311E-02 NAN 1.000E+00 8.990E+01 0.000E+00
NAN NAN NAN 2.007E+00 6.378E-02 NAN 1.000E+00 8.992E+01 0.000E+00
NAN NAN NAN 2.007E+00 6.499E-02 NAN 1.000E+00 8.995E+01 0.000E+00
NAN NAN NAN 2.007E+00 6.723E-02 NAN 1.000E+00 9.000E+01 0.000E+00
NAN NAN NAN 2.539E+00 6.231E-02 NAN 1.000E+00 8.990E+01 0.000E+00
NAN NAN NAN 2.539E+00 6.231E-02 NAN 1.000E+00 8.990E+01 0.000E+00
NAN NAN NAN 2.539E+00 6.231E-02 NAN 1.000E+00 8.990E+01 0.000E+00
NAN NAN NAN 2.539E+00 6.231E-02 NAN 1.000E+00 8.990E+01 0.000E+00
NAN NAN NAN 2.539E+00 6.231E-02 NAN 1.000E+00 8.990E+01 0.000E+00
NAN NAN NAN 2.539E+00 6.231E-02 NAN 1.000E+00 8.990E+01 0.000E+00
NAN NAN NAN 2.539E+00 6.231E-02 NAN 1.000E+00 8.990E+01 0.000E+00
NAN NAN NAN 2.539E+00 6.232E-02 NAN 1.000E+00 8.990E+01 0.000E+00
NAN NAN NAN 2.539E+00 6.232E-02 NAN 1.000E+00 8.990E+01 0.000E+00
NAN NAN NAN 2.539E+00 6.232E-02 NAN 1.000E+00 8.990E+01 0.000E+00
NAN NAN NAN 2.539E+00 6.233E-02 NAN 1.000E+00 8.990E+01 0.000E+00
NAN NAN NAN 2.539E+00 6.235E-02 NAN 1.000E+00 8.990E+01 0.000E+00
NAN NAN NAN 2.539E+00 6.238E-02 NAN 1.000E+00 8.990E+01 0.000E+00
NAN NAN NAN 2.539E+00 6.244E-02 NAN 1.000E+00 8.990E+01 0.000E+00
NAN NAN NAN 2.539E+00 6.255E-02 NAN 1.000E+00 8.990E+01 0.000E+00
NAN NAN NAN 2.539E+00 6.275E-02 NAN 1.000E+00 8.991E+01 0.000E+00
NAN NAN NAN 2.539E+00 6.311E-02 NAN 1.000E+00 8.992E+01 0.000E+00
NAN NAN NAN 2.539E+00 6.378E-02 NAN 1.000E+00 8.993E+01 0.000E+00
NAN NAN NAN 2.539E+00 6.499E-02 NAN 1.000E+00 8.996E+01 0.000E+00
NAN NAN NAN 2.539E+00 6.723E-02 NAN 1.000E+00 9.001E+01 0.000E+00
NAN NAN NAN 3.211E+00 6.231E-02 NAN 1.000E+00 8.991E+01 0.000E+00
NAN NAN NAN 3.211E+00 6.231E-02 NAN 1.000E+00 8.991E+01 0.000E+00
NAN NAN NAN 3.211E+00 6.231E-02 NAN 1.000E+00 8.991E+01 0.000E+00
NAN NAN NAN 3.211E+00 6.231E-02 NAN 1.000E+00 8.991E+01 0.000E+00
NAN NAN NAN 3.211E+00 6.231E-02 NAN 1.000E+00 8.991E+01 0.000E+00
NAN NAN NAN 3.211E+00 6.231E-02 NAN 1.000E+00 8.991E+01 0.000E+00
NAN NAN NAN 3.211E+00 6.231E-02 NAN 1.000E+00 8.991E+01 0.000E+00
NAN NAN NAN 3.211E+00 6.232E-02 NAN 1.000E+00 8.991E+01 0.000E+00
NAN NAN NAN 3.211E+00 6.232E-02 NAN 1.000E+00 8.991E+01 0.000E+00
NAN NAN NAN 3.211E+00 6.232E-02 NAN 1.000E+00 8.991E+01 0.000E+00
NAN NAN NAN 3.211E+00 6.233E-02 NAN 1.000E+00 8.991E+01 0.000E+00
NAN NAN NAN 3.211E+00 6.235E-02 NAN 1.000E+00 8.991E+01 0.000E+00
NAN NAN NAN 3.211E+00 6.238E-02 NAN 1.000E+00 8.992E+01 0.000E+00
NAN NAN NAN 3.211E+00 6.244E-02 NAN 1.000E+00 8.992E+01 0.000E+00
NAN NAN NAN 3.211E+00 6.255E-02 NAN 1.000E+00 8.992E+01 0.000E+00
NAN NAN NAN 3.211E+00 6.275E-02 NAN 1.000E+00 8.992E+01 0.000E+00
NAN NAN NAN 3.211E+00 6.311E-02 NAN 1.000E+00 8.993E+01 0.000E+00
NAN NAN NAN 3.211E+00 6.378E-02 NAN 1.000E+00 8.995E+01 0.000E+00
NAN NAN NAN 3.211E+00 6.499E-02 NAN 1.000E+00 8.998E+01 0.000E+00
NAN NAN NAN 3.211E+00 6.723E-02 NAN 1.000E+00 9.003E+01 0.000E+00
NAN NAN NAN 4.062E+00 6.231E-02 NAN 1.000E+00 8.993E+01 0.000E+00
NAN NAN NAN 4.062E+00 6.231E-02 NAN 1.000E+00 8.993E+01 0.000E+00
NAN NAN NAN 4.062E+00 6.231E-02 NAN 1.000E+00 8.993E+01 0.000E+00
NAN NAN NAN 4.062E+00 6.231E-02 NAN 1.000E+00 8.993E+01 0.000E+00
NAN NAN NAN 4.062E+00 6.231E-02 NAN 1.000E+00 8.993E+01 0.000E+00
NAN NAN NAN 4.062E+00 6.231E-02 NAN 1.000E+00 8.993E+01 0.000E+00
NAN NAN NAN 4.062E+00 6.231E-02 NAN 1.000E+00 8.993E+01 0.000E+00
NAN NAN NAN 4.062E+00 6.232E-02 NAN 1.000E+00 8.993E+01 0.000E+00
NAN NAN NAN 4.062E+00 6.232E-02 NAN 1.000E+00 8.993E+01 0.000E+00
NAN NAN NAN 4.062E+00 6.232E-02 NAN 1.000E+00 8.993E+01 0.000E+00
NAN NAN NAN 4.062E+00 6.233E-02 NAN 1.000E+00 8.993E+01 0.000E+00
NAN NAN NAN 4.062E+00 6.235E-02 NAN 1.000E+00 8.993E+01 0.000E+00
NAN NAN NAN 4.062E+00 6.238E-02 NAN 1.000E+00 8.993E+01 0.000E+00
NAN NAN NAN 4.062E+00 6.244E-02 NAN 1.000E+00 8.994E+01 0.000E+00
NAN NAN NAN 4.062E+00 6.255E-02 NAN 1.000E+00 8.994E+01 0.000E+00
NAN NAN NAN 4.062E+00 6.275E-02 NAN 1.000E+00 8.994E+01 0.000E+00
NAN NAN NAN 4.062E+00 6.311E-02 NAN 1.000E+00 8.995E+01 0.000E+00
NAN NAN NAN 4.062E+00 6.378E-02 NAN 1.000E+00 8.997E+01 0.000E+00
NAN NAN NAN 4.062E+00 6.499E-02 NAN 1.000E+00 8.999E+01 0.000E+00
NAN NAN NAN 4.062E+00 6.723E-02 NAN 1.000E+00 9.005E+01 0.000E+00
NAN NAN NAN 5.138E+00 6.231E-02 NAN 1.000E+00 8.996E+01 0.000E+00
NAN NAN NAN 5.138E+00 6.231E-02 NAN 1.000E+00 8.996E+01 0.000E+00
NAN NAN NAN 5.138E+00 6.231E-02 NAN 1.000E+00 8.996E+01 0.000E+00
NAN NAN NAN 5.138E+00 6.231E-02 NAN 1.000E+00 8.996E+01 0.000E+00
NAN NAN NAN 5.138E+00 6.231E-02 NAN 1.000E+00 8.996E+01 0.000E+00
NAN NAN NAN 5.138E+00 6.231E-02 NAN 1.000E+00 8.996E+01 0.000E+00
NAN NAN NAN 5.138E+00 6.231E-02 NAN 1.000E+00 8.996E+01 0.000E+00
NAN NAN NAN 5.138E+00 6.232E-02 NAN 1.000E+00 8.996E+01 0.000E+00
NAN NAN NAN 5.138E+00 6.232E-02 NAN 1.000E+00 8.996E+01 0.000E+00
NAN NAN NAN 5.138E+00 6.232E-02 NAN 1.000E+00 8.996E+01 0.000E+00
NAN NAN NAN 5.138E+00 6.233E-02 NAN 1.000E+00 8.996E+01 0.000E+00
NAN NAN NAN 5.138E+00 6.235E-02 NAN 1.000E+00 8.996E+01 0.000E+00
NAN NAN NAN 5.138E+00 6.238E-02 NAN 1.000E+00 8.996E+01 0.000E+00
NAN NAN NAN 5.138E+00 6.244E-02 NAN 1.000E+00 8.996E+01 0.000E+00
NAN NAN NAN 5.138E+00 6.255E-02 NAN 1.000E+00 8.996E+01 0.000E+00
NAN NAN NAN 5.138E+00 6.275E-02 NAN 1.000E+00 8.997E+01 0.000E+00
NAN NAN NAN 5.138E+00 6.311E-02 NAN 1.000E+00 8.998E+01 0.000E+00
NAN NAN NAN 5.138E+00 6.378E-02 NAN 1.000E+00 8.999E+01 0.000E+00
NAN NAN NAN 5.138E+00 6.499E-02 NAN 1.000E+00 9.002E+01 0.000E+00
NAN NAN NAN 5.138E+00 6.723E-02 NAN 1.000E+00 9.007E+01 0.000E+00
