3.204E+07 7.352E+02 1.981E-01 5.137E-05 6.232E-04 1.511E+03 6.286E-01 5.593E+00 2.000E+00
4.591E+07 7.352E+02 1.981E-01 5.137E-05 6.232E-04 1.512E+03 6.286E-01 5.593E+00 2.000E+00
2.570E+07 4.020E+02 2.379E-01 5.137E-05 6.233E-04 1.961E+03 6.286E-01 5.593E+00 2.000E+00
6.009E+07 7.281E+02 1.987E-01 5.137E-05 6.234E-04 1.514E+03 6.286E-01 5.593E+00 2.000E+00
1.902E+09 7.349E+02 1.981E-01 5.137E-05 6.237E-04 1.511E+03 6.286E-01 5.593E+00 2.000E+00
3.528E+07 5.382E+02 2.194E-01 5.137E-05 6.241E-04 1.667E+03 6.287E-01 5.593E+00 2.000E+00
2.249E+07 4.606E+02 2.295E-01 5.137E-05 6.250E-04 1.801E+03 6.287E-01 5.593E+00 2.000E+00
9.261E+07 5.927E+02 2.129E-01 5.137E-05 6.265E-04 1.604E+03 6.288E-01 5.593E+00 2.000E+00
3.011E+08 7.155E+02 2.000E-01 5.137E-05 6.294E-04 1.520E+03 6.290E-01 5.593E+00 2.000E+00
1.424E+08 4.878E+02 2.258E-01 5.137E-05 6.346E-04 1.748E+03 6.293E-01 5.593E+00 2.000E+00
7.068E+07 4.149E+02 2.360E-01 5.137E-05 6.442E-04 1.920E+03 6.299E-01 5.593E+00 2.000E+00
3.039E+07 4.339E+02 2.333E-01 5.137E-05 6.617E-04 1.866E+03 6.309E-01 5.594E+00 2.000E+00
5.714E+07 6.509E+02 2.066E-01 5.137E-05 6.938E-04 1.561E+03 6.328E-01 5.594E+00 2.000E+00
4.076E+07 7.183E+02 1.998E-01 5.137E-05 7.527E-04 1.531E+03 6.364E-01 5.596E+00 2.000E+00
2.553E+08 3.544E+02 2.458E-01 5.137E-05 8.607E-04 2.151E+03 6.428E-01 5.598E+00 2.000E+00
4.839E+07 3.011E+02 2.551E-01 5.137E-05 1.059E-03 2.492E+03 6.538E-01 5.603E+00 2.000E+00
3.942E+07 6.564E+02 2.069E-01 5.137E-05 1.421E-03 1.638E+03 6.735E-01 5.611E+00 2.000E+00
9.753E+08 5.631E+02 2.186E-01 5.137E-05 2.086E-03 1.772E+03 7.077E-01 5.626E+00 2.000E+00
2.988E+08 2.281E+02 2.774E-01 5.137E-05 3.305E-03 3.070E+03 7.626E-01 5.654E+00 2.000E+00
1.027E+07 2.522E+02 2.819E-01 5.137E-05 5.538E-03 2.764E+03 8.367E-01 5.705E+00 2.000E+00
1.476E+08 7.352E+02 1.981E-01 6.498E-05 6.232E-04 1.511E+03 6.287E-01 5.593E+00 2.000E+00
2.136E+08 7.496E+02 1.967E-01 6.498E-05 6.232E-04 1.510E+03 6.287E-01 5.593E+00 2.000E+00
3.950E+07 7.281E+02 1.987E-01 6.498E-05 6.233E-04 1.514E+03 6.287E-01 5.593E+00 2.000E+00
2.736E+07 7.349E+02 1.981E-01 6.498E-05 6.234E-04 1.513E+03 6.287E-01 5.593E+00 2.000E+00
5.358E+07 3.780E+02 2.415E-01 6.498E-05 6.237E-04 2.052E+03 6.287E-01 5.593E+00 2.000E+00
1.377E+08 7.881E+02 1.933E-01 6.498E-05 6.241E-04 1.496E+03 6.287E-01 5.593E+00 2.000E+00
1.543E+07 8.688E+02 1.865E-01 6.498E-05 6.250E-04 1.491E+03 6.288E-01 5.593E+00 2.000E+00
1.142E+08 6.874E+02 2.027E-01 6.498E-05 6.265E-04 1.533E+03 6.289E-01 5.593E+00 2.000E+00
2.708E+07 9.540E+02 1.801E-01 6.498E-05 6.294E-04 1.513E+03 6.290E-01 5.593E+00 2.000E+00
2.209E+07 4.087E+02 2.369E-01 6.498E-05 6.346E-04 2.105E+03 6.294E-01 5.593E+00 2.000E+00
6.485E+07 9.347E+02 1.815E-01 6.498E-05 6.442E-04 1.510E+03 6.299E-01 5.593E+00 2.000E+00
3.473E+07 7.749E+02 1.945E-01 6.498E-05 6.617E-04 1.504E+03 6.310E-01 5.594E+00 2.000E+00
4.525E+07 4.599E+02 2.297E-01 6.498E-05 6.938E-04 1.804E+03 6.329E-01 5.594E+00 2.000E+00
6.963E+08 7.122E+02 2.004E-01 6.498E-05 7.527E-04 1.534E+03 6.364E-01 5.596E+00 2.000E+00
1.803E+07 8.499E+02 1.882E-01 6.498E-05 8.607E-04 1.536E+03 6.429E-01 5.598E+00 2.000E+00
4.406E+07 9.388E+02 1.815E-01 6.498E-05 1.059E-03 1.675E+03 6.539E-01 5.603E+00 2.000E+00
1.868E+07 6.373E+02 2.090E-01 6.498E-05 1.421E-03 1.647E+03 6.736E-01 5.611E+00 2.000E+00
8.514E+07 3.335E+02 2.529E-01 6.498E-05 2.086E-03 2.224E+03 7.077E-01 5.626E+00 2.000E+00
7.843E+06 2.407E+02 2.748E-01 6.498E-05 3.305E-03 2.887E+03 7.627E-01 5.654E+00 2.000E+00
5.704E+07 2.522E+02 2.819E-01 6.498E-05 5.538E-03 2.765E+03 8.368E-01 5.705E+00 2.000E+00
4.524E+07 7.281E+02 1.987E-01 8.219E-05 6.232E-04 1.514E+03 6.288E-01 5.593E+00 2.000E+00
8.441E+07 7.281E+02 1.987E-01 8.219E-05 6.232E-04 1.559E+03 6.288E-01 5.593E+00 2.000E+00
2.604E+07 7.349E+02 1.981E-01 8.219E-05 6.233E-04 1.512E+03 6.288E-01 5.593E+00 2.000E+00
1.669E+08 7.349E+02 1.981E-01 8.219E-05 6.234E-04 1.511E+03 6.288E-01 5.593E+00 2.000E+00
1.429E+07 4.151E+02 2.360E-01 8.219E-05 6.237E-04 1.921E+03 6.288E-01 5.593E+00 2.000E+00
1.053E+08 7.961E+02 1.926E-01 8.219E-05 6.241E-04 1.495E+03 6.288E-01 5.593E+00 2.000E+00
1.810E+07 8.688E+02 1.865E-01 8.219E-05 6.250E-04 1.491E+03 6.289E-01 5.593E+00 2.000E+00
3.099E+09 5.384E+02 2.193E-01 8.219E-05 6.265E-04 1.667E+03 6.290E-01 5.593E+00 2.000E+00
3.012E+07 9.505E+02 1.803E-01 8.219E-05 6.294E-04 1.517E+03 6.291E-01 5.593E+00 2.000E+00
8.015E+07 4.605E+02 2.295E-01 8.219E-05 6.346E-04 1.802E+03 6.294E-01 5.593E+00 2.000E+00
1.087E+08 9.347E+02 1.815E-01 8.219E-05 6.442E-04 1.509E+03 6.300E-01 5.593E+00 2.000E+00
2.882E+08 7.749E+02 1.945E-01 8.219E-05 6.617E-04 1.504E+03 6.311E-01 5.594E+00 2.000E+00
8.941E+07 8.476E+02 1.883E-01 8.219E-05 6.938E-04 1.502E+03 6.330E-01 5.594E+00 2.000E+00
1.938E+08 5.360E+02 2.199E-01 8.219E-05 7.527E-04 1.675E+03 6.365E-01 5.596E+00 2.000E+00
2.318E+07 8.499E+02 1.882E-01 8.219E-05 8.607E-04 1.993E+03 6.430E-01 5.598E+00 2.000E+00
1.326E+07 6.931E+02 2.027E-01 8.219E-05 1.059E-03 1.576E+03 6.540E-01 5.603E+00 2.000E+00
1.095E+08 6.373E+02 2.090E-01 8.219E-05 1.421E-03 1.644E+03 6.737E-01 5.611E+00 2.000E+00
2.906E+09 6.354E+02 2.101E-01 8.219E-05 2.086E-03 1.781E+03 7.078E-01 5.626E+00 2.000E+00
3.052E+07 2.407E+02 2.748E-01 8.219E-05 3.305E-03 2.887E+03 7.627E-01 5.654E+00 2.000E+00
1.490E+07 2.884E+02 2.733E-01 8.219E-05 5.538E-03 2.746E+03 8.369E-01 5.705E+00 2.000E+00
3.587E+07 7.349E+02 1.981E-01 1.040E-04 6.232E-04 1.512E+03 6.289E-01 5.593E+00 2.000E+00
2.117E+08 4.896E+02 2.256E-01 1.040E-04 6.232E-04 1.744E+03 6.289E-01 5.593E+00 2.000E+00
1.579E+08 3.747E+02 2.420E-01 1.040E-04 6.233E-04 2.065E+03 6.289E-01 5.593E+00 2.000E+00
1.348E+07 7.881E+02 1.933E-01 1.040E-04 6.234E-04 1.497E+03 6.289E-01 5.593E+00 2.000E+00
9.010E+08 2.592E+02 2.601E-01 1.040E-04 6.237E-04 3.135E+03 6.289E-01 5.593E+00 2.000E+00
3.152E+07 4.128E+02 2.363E-01 1.040E-04 6.241E-04 1.928E+03 6.289E-01 5.593E+00 2.000E+00
3.768E+07 8.255E+02 1.900E-01 1.040E-04 6.250E-04 1.494E+03 6.290E-01 5.593E+00 2.000E+00
4.097E+07 6.428E+02 2.073E-01 1.040E-04 6.265E-04 1.562E+03 6.291E-01 5.593E+00 2.000E+00
2.459E+08 3.719E+02 2.424E-01 1.040E-04 6.294E-04 2.077E+03 6.292E-01 5.593E+00 2.000E+00
5.365E+08 9.055E+02 1.837E-01 1.040E-04 6.346E-04 1.498E+03 6.295E-01 5.593E+00 2.000E+00
1.124E+09 9.347E+02 1.815E-01 1.040E-04 6.442E-04 1.509E+03 6.301E-01 5.593E+00 2.000E+00
5.584E+07 2.877E+02 2.558E-01 1.040E-04 6.617E-04 2.678E+03 6.312E-01 5.594E+00 2.000E+00
3.060E+07 8.507E+02 1.880E-01 1.040E-04 6.938E-04 1.503E+03 6.331E-01 5.594E+00 2.000E+00
4.161E+07 7.050E+02 2.011E-01 1.040E-04 7.527E-04 1.537E+03 6.366E-01 5.596E+00 2.000E+00
3.810E+07 8.499E+02 1.882E-01 1.040E-04 8.607E-04 1.537E+03 6.431E-01 5.598E+00 2.000E+00
3.019E+07 6.426E+02 2.079E-01 1.040E-04 1.059E-03 1.599E+03 6.541E-01 5.603E+00 2.000E+00
8.480E+07 6.445E+02 2.082E-01 1.040E-04 1.421E-03 1.643E+03 6.738E-01 5.611E+00 2.000E+00
7.825E+07 7.064E+02 2.025E-01 1.040E-04 2.086E-03 1.876E+03 7.079E-01 5.626E+00 2.000E+00
1.020E+09 4.421E+02 2.378E-01 1.040E-04 3.305E-03 2.058E+03 7.628E-01 5.654E+00 2.000E+00
6.629E+07 2.860E+02 2.739E-01 1.040E-04 5.538E-03 2.741E+03 8.369E-01 5.705E+00 2.000E+00
1.245E+07 7.881E+02 1.933E-01 1.315E-04 6.232E-04 1.497E+03 6.290E-01 5.593E+00 2.000E+00
1.329E+07 7.881E+02 1.933E-01 1.315E-04 6.232E-04 1.497E+03 6.290E-01 5.593E+00 2.000E+00
1.852E+07 4.151E+02 2.360E-01 1.315E-04 6.233E-04 1.920E+03 6.290E-01 5.593E+00 2.000E+00
4.355E+07 2.574E+02 2.604E-01 1.315E-04 6.234E-04 3.175E+03 6.290E-01 5.593E+00 2.000E+00
8.892E+08 7.881E+02 1.933E-01 1.315E-04 6.237E-04 1.497E+03 6.290E-01 5.593E+00 2.000E+00
2.658E+08 5.847E+02 2.138E-01 1.315E-04 6.241E-04 1.613E+03 6.291E-01 5.593E+00 2.000E+00
6.345E+07 8.286E+02 1.898E-01 1.315E-04 6.250E-04 1.491E+03 6.291E-01 5.593E+00 2.000E+00
3.705E+07 6.587E+02 2.057E-01 1.315E-04 6.265E-04 1.551E+03 6.292E-01 5.593E+00 2.000E+00
4.363E+07 2.662E+02 2.591E-01 1.315E-04 6.294E-04 2.997E+03 6.294E-01 5.593E+00 2.000E+00
1.370E+08 9.103E+02 1.833E-01 1.315E-04 6.346E-04 1.500E+03 6.297E-01 5.593E+00 2.000E+00
1.058E+08 9.051E+02 1.837E-01 1.315E-04 6.442E-04 1.500E+03 6.303E-01 5.593E+00 2.000E+00
1.341E+08 8.321E+02 1.895E-01 1.315E-04 6.617E-04 1.497E+03 6.313E-01 5.594E+00 2.000E+00
3.526E+08 2.717E+02 2.585E-01 1.315E-04 6.938E-04 2.891E+03 6.332E-01 5.594E+00 2.000E+00
6.913E+07 4.593E+02 2.299E-01 1.315E-04 7.527E-04 1.810E+03 6.368E-01 5.596E+00 2.000E+00
6.721E+08 8.499E+02 1.882E-01 1.315E-04 8.607E-04 1.538E+03 6.432E-01 5.598E+00 2.000E+00
3.228E+07 7.124E+02 2.007E-01 1.315E-04 1.059E-03 1.572E+03 6.542E-01 5.603E+00 2.000E+00
7.679E+07 7.935E+02 1.936E-01 1.315E-04 1.421E-03 1.673E+03 6.739E-01 5.611E+00 2.000E+00
7.429E+07 6.389E+02 2.097E-01 1.315E-04 2.086E-03 1.785E+03 7.081E-01 5.626E+00 2.000E+00
1.034E+08 4.423E+02 2.378E-01 1.315E-04 3.305E-03 2.059E+03 7.630E-01 5.654E+00 2.000E+00
9.426E+06 2.854E+02 2.740E-01 1.315E-04 5.538E-03 2.741E+03 8.371E-01 5.705E+00 2.000E+00
1.857E+07 5.382E+02 2.194E-01 1.663E-04 6.232E-04 1.668E+03 6.292E-01 5.593E+00 2.000E+00
2.876E+07 5.382E+02 2.194E-01 1.663E-04 6.232E-04 1.668E+03 6.292E-01 5.593E+00 2.000E+00
3.178E+07 3.014E+02 2.535E-01 1.663E-04 6.233E-04 2.537E+03 6.292E-01 5.593E+00 2.000E+00
3.933E+07 7.961E+02 1.926E-01 1.663E-04 6.234E-04 1.496E+03 6.292E-01 5.593E+00 2.000E+00
1.215E+08 4.088E+02 2.369E-01 1.663E-04 6.237E-04 1.939E+03 6.292E-01 5.593E+00 2.000E+00
5.638E+07 3.406E+02 2.473E-01 1.663E-04 6.241E-04 2.238E+03 6.292E-01 5.593E+00 2.000E+00
1.712E+08 8.741E+02 1.861E-01 1.663E-04 6.250E-04 1.492E+03 6.293E-01 5.593E+00 2.000E+00
2.020E+08 4.278E+02 2.341E-01 1.663E-04 6.265E-04 1.883E+03 6.294E-01 5.593E+00 2.000E+00
1.013E+08 6.692E+02 2.046E-01 1.663E-04 6.294E-04 1.545E+03 6.295E-01 5.593E+00 2.000E+00
8.979E+07 9.155E+02 1.829E-01 1.663E-04 6.346E-04 1.501E+03 6.299E-01 5.593E+00 2.000E+00
6.077E+07 6.770E+02 2.038E-01 1.663E-04 6.442E-04 1.541E+03 6.304E-01 5.593E+00 2.000E+00
3.417E+08 5.764E+02 2.148E-01 1.663E-04 6.617E-04 1.623E+03 6.315E-01 5.594E+00 2.000E+00
1.027E+08 3.834E+02 2.409E-01 1.663E-04 6.938E-04 2.028E+03 6.334E-01 5.594E+00 2.000E+00
3.184E+08 3.951E+02 2.392E-01 1.663E-04 7.527E-04 1.988E+03 6.369E-01 5.596E+00 2.000E+00
5.085E+07 3.225E+02 2.509E-01 1.663E-04 8.607E-04 2.340E+03 6.434E-01 5.598E+00 2.000E+00
3.109E+07 3.153E+02 2.527E-01 1.663E-04 1.059E-03 2.378E+03 6.544E-01 5.603E+00 2.000E+00
6.157E+07 5.013E+02 2.255E-01 1.663E-04 1.421E-03 1.759E+03 6.741E-01 5.611E+00 2.000E+00
7.073E+07 3.832E+02 2.445E-01 1.663E-04 2.086E-03 2.033E+03 7.082E-01 5.626E+00 2.000E+00
1.133E+07 4.297E+02 2.398E-01 1.663E-04 3.305E-03 2.063E+03 7.631E-01 5.654E+00 2.000E+00
1.272E+07 2.896E+02 2.730E-01 1.663E-04 5.538E-03 2.754E+03 8.372E-01 5.705E+00 2.000E+00
7.760E+07 7.961E+02 1.926E-01 2.104E-04 6.232E-04 1.497E+03 6.294E-01 5.593E+00 2.000E+00
1.855E+08 7.961E+02 1.926E-01 2.104E-04 6.232E-04 1.515E+03 6.294E-01 5.593E+00 2.000E+00
5.054E+07 4.088E+02 2.369E-01 2.104E-04 6.233E-04 1.939E+03 6.294E-01 5.593E+00 2.000E+00
2.195E+07 5.847E+02 2.138E-01 2.104E-04 6.234E-04 1.613E+03 6.294E-01 5.593E+00 2.000E+00
2.212E+07 4.606E+02 2.295E-01 2.104E-04 6.237E-04 1.830E+03 6.294E-01 5.593E+00 2.000E+00
1.787E+08 8.500E+02 1.880E-01 2.104E-04 6.241E-04 1.491E+03 6.294E-01 5.593E+00 2.000E+00
8.679E+06 6.992E+02 2.015E-01 2.104E-04 6.250E-04 1.529E+03 6.295E-01 5.593E+00 2.000E+00
5.995E+07 6.173E+02 2.101E-01 2.104E-04 6.265E-04 1.582E+03 6.296E-01 5.593E+00 2.000E+00
1.299E+11 9.505E+02 1.803E-01 2.104E-04 6.294E-04 1.512E+03 6.298E-01 5.593E+00 2.000E+00
8.961E+07 5.465E+02 2.184E-01 2.104E-04 6.346E-04 1.662E+03 6.301E-01 5.593E+00 2.000E+00
4.711E+08 6.965E+02 2.018E-01 2.104E-04 6.442E-04 1.531E+03 6.307E-01 5.593E+00 2.000E+00
5.449E+07 7.275E+02 1.988E-01 2.104E-04 6.617E-04 1.519E+03 6.317E-01 5.594E+00 2.000E+00
4.400E+07 7.305E+02 1.986E-01 2.104E-04 6.938E-04 1.522E+03 6.336E-01 5.594E+00 2.000E+00
3.114E+08 6.956E+02 2.020E-01 2.104E-04 7.527E-04 1.542E+03 6.372E-01 5.596E+00 2.000E+00
7.425E+07 3.578E+02 2.453E-01 2.104E-04 8.607E-04 2.135E+03 6.436E-01 5.598E+00 2.000E+00
2.835E+08 4.494E+02 2.320E-01 2.104E-04 1.059E-03 1.835E+03 6.546E-01 5.603E+00 2.000E+00
3.935E+07 6.455E+02 2.081E-01 2.104E-04 1.421E-03 1.645E+03 6.743E-01 5.611E+00 2.000E+00
1.525E+07 3.247E+02 2.544E-01 2.104E-04 2.086E-03 2.270E+03 7.084E-01 5.626E+00 2.000E+00
5.252E+07 4.531E+02 2.361E-01 2.104E-04 3.305E-03 2.062E+03 7.634E-01 5.654E+00 2.000E+00
7.143E+06 2.311E+02 2.871E-01 2.104E-04 5.538E-03 2.872E+03 8.374E-01 5.705E+00 2.000E+00
1.397E+07 4.606E+02 2.295E-01 2.661E-04 6.232E-04 1.803E+03 6.297E-01 5.593E+00 2.000E+00
2.046E+07 4.606E+02 2.295E-01 2.661E-04 6.232E-04 1.802E+03 6.297E-01 5.593E+00 2.000E+00
3.194E+08 4.606E+02 2.295E-01 2.661E-04 6.233E-04 1.802E+03 6.297E-01 5.593E+00 2.000E+00
1.278E+08 8.773E+02 1.858E-01 2.661E-04 6.234E-04 1.493E+03 6.297E-01 5.593E+00 2.000E+00
2.170E+08 8.394E+02 1.889E-01 2.661E-04 6.237E-04 1.492E+03 6.297E-01 5.593E+00 2.000E+00
1.099E+08 8.688E+02 1.865E-01 2.661E-04 6.241E-04 1.493E+03 6.297E-01 5.593E+00 2.000E+00
5.858E+07 6.874E+02 2.027E-01 2.661E-04 6.250E-04 1.535E+03 6.298E-01 5.593E+00 2.000E+00
7.820E+07 8.306E+02 1.896E-01 2.661E-04 6.265E-04 1.494E+03 6.299E-01 5.593E+00 2.000E+00
7.702E+07 7.213E+02 1.994E-01 2.661E-04 6.294E-04 1.519E+03 6.300E-01 5.593E+00 2.000E+00
1.902E+08 9.737E+02 1.787E-01 2.661E-04 6.346E-04 1.526E+03 6.304E-01 5.593E+00 2.000E+00
2.337E+08 3.303E+02 2.490E-01 2.661E-04 6.442E-04 2.302E+03 6.309E-01 5.593E+00 2.000E+00
1.028E+08 8.174E+02 1.908E-01 2.661E-04 6.617E-04 1.499E+03 6.320E-01 5.594E+00 2.000E+00
2.107E+07 7.246E+02 1.992E-01 2.661E-04 6.938E-04 1.580E+03 6.339E-01 5.594E+00 2.000E+00
2.536E+08 5.755E+02 2.151E-01 2.661E-04 7.527E-04 1.633E+03 6.374E-01 5.596E+00 2.000E+00
1.932E+07 2.887E+02 2.564E-01 2.661E-04 8.607E-04 2.638E+03 6.439E-01 5.598E+00 2.000E+00
1.746E+08 5.805E+02 2.149E-01 2.661E-04 1.059E-03 1.645E+03 6.549E-01 5.603E+00 2.000E+00
1.620E+08 6.808E+02 2.044E-01 2.661E-04 1.421E-03 1.639E+03 6.746E-01 5.611E+00 2.000E+00
7.256E+07 4.231E+02 2.381E-01 2.661E-04 2.086E-03 1.932E+03 7.087E-01 5.626E+00 2.000E+00
7.170E+07 4.593E+02 2.352E-01 2.661E-04 3.305E-03 2.065E+03 7.636E-01 5.654E+00 2.000E+00
2.104E+07 2.312E+02 2.871E-01 2.661E-04 5.538E-03 2.872E+03 8.376E-01 5.705E+00 2.000E+00
3.451E+08 8.394E+02 1.889E-01 3.366E-04 6.232E-04 1.493E+03 6.300E-01 5.593E+00 2.000E+00
1.717E+08 8.500E+02 1.880E-01 3.366E-04 6.232E-04 1.555E+03 6.300E-01 5.593E+00 2.000E+00
2.452E+07 8.286E+02 1.898E-01 3.366E-04 6.233E-04 1.493E+03 6.300E-01 5.593E+00 2.000E+00
4.335E+07 8.286E+02 1.898E-01 3.366E-04 6.234E-04 1.494E+03 6.300E-01 5.593E+00 2.000E+00
3.147E+08 8.688E+02 1.865E-01 3.366E-04 6.237E-04 1.493E+03 6.301E-01 5.593E+00 2.000E+00
1.580E+07 3.576E+02 2.446E-01 3.366E-04 6.241E-04 2.145E+03 6.301E-01 5.593E+00 2.000E+00
3.196E+07 5.459E+02 2.184E-01 3.366E-04 6.250E-04 1.658E+03 6.301E-01 5.593E+00 2.000E+00
2.231E+08 9.583E+02 1.798E-01 3.366E-04 6.265E-04 1.517E+03 6.302E-01 5.593E+00 2.000E+00
1.293E+07 8.510E+02 1.879E-01 3.366E-04 6.294E-04 1.494E+03 6.304E-01 5.593E+00 2.000E+00
5.222E+08 4.740E+02 2.277E-01 3.366E-04 6.346E-04 1.775E+03 6.307E-01 5.593E+00 2.000E+00
5.912E+07 7.449E+02 1.972E-01 3.366E-04 6.442E-04 1.512E+03 6.313E-01 5.593E+00 2.000E+00
4.786E+08 9.143E+02 1.830E-01 3.366E-04 6.617E-04 1.510E+03 6.323E-01 5.594E+00 2.000E+00
4.973E+07 5.475E+02 2.183E-01 3.366E-04 6.938E-04 1.660E+03 6.343E-01 5.594E+00 2.000E+00
1.772E+09 8.401E+02 1.890E-01 3.366E-04 7.527E-04 1.515E+03 6.378E-01 5.596E+00 2.000E+00
8.038E+07 5.228E+02 2.217E-01 3.366E-04 8.607E-04 1.700E+03 6.443E-01 5.598E+00 2.000E+00
2.088E+08 5.569E+02 2.178E-01 3.366E-04 1.059E-03 1.674E+03 6.552E-01 5.603E+00 2.000E+00
3.278E+07 8.319E+02 1.903E-01 3.366E-04 1.421E-03 1.725E+03 6.749E-01 5.611E+00 2.000E+00
5.948E+07 4.229E+02 2.381E-01 3.366E-04 2.086E-03 1.933E+03 7.091E-01 5.626E+00 2.000E+00
5.150E+07 3.441E+02 2.546E-01 3.366E-04 3.305E-03 2.212E+03 7.640E-01 5.654E+00 2.000E+00
1.739E+07 2.315E+02 2.870E-01 3.366E-04 5.538E-03 2.872E+03 8.379E-01 5.705E+00 2.000E+00
1.689E+07 9.638E+02 1.794E-01 4.257E-04 6.232E-04 1.520E+03 6.305E-01 5.593E+00 2.000E+00
1.710E+07 9.638E+02 1.794E-01 4.257E-04 6.232E-04 1.526E+03 6.305E-01 5.593E+00 2.000E+00
7.229E+07 3.558E+02 2.449E-01 4.257E-04 6.233E-04 2.157E+03 6.305E-01 5.593E+00 2.000E+00
6.127E+07 3.576E+02 2.446E-01 4.257E-04 6.234E-04 2.145E+03 6.305E-01 5.593E+00 2.000E+00
2.245E+07 6.874E+02 2.027E-01 4.257E-04 6.237E-04 1.535E+03 6.305E-01 5.593E+00 2.000E+00
2.447E+08 6.449E+02 2.071E-01 4.257E-04 6.241E-04 1.720E+03 6.305E-01 5.593E+00 2.000E+00
5.854E+08 6.090E+02 2.110E-01 4.257E-04 6.250E-04 1.591E+03 6.306E-01 5.593E+00 2.000E+00
1.568E+08 7.313E+02 1.984E-01 4.257E-04 6.265E-04 1.516E+03 6.307E-01 5.593E+00 2.000E+00
7.403E+07 8.510E+02 1.879E-01 4.257E-04 6.294E-04 1.495E+03 6.308E-01 5.593E+00 2.000E+00
8.942E+07 9.630E+02 1.794E-01 4.257E-04 6.346E-04 1.523E+03 6.312E-01 5.593E+00 2.000E+00
3.703E+07 5.457E+02 2.185E-01 4.257E-04 6.442E-04 1.664E+03 6.317E-01 5.593E+00 2.000E+00
1.026E+08 9.043E+02 1.838E-01 4.257E-04 6.617E-04 1.508E+03 6.328E-01 5.594E+00 2.000E+00
3.271E+07 2.843E+02 2.565E-01 4.257E-04 6.938E-04 2.715E+03 6.347E-01 5.594E+00 2.000E+00
2.977E+08 8.782E+02 1.859E-01 4.257E-04 7.527E-04 1.523E+03 6.382E-01 5.596E+00 2.000E+00
3.633E+07 7.430E+02 1.976E-01 4.257E-04 8.607E-04 1.540E+03 6.447E-01 5.598E+00 2.000E+00
1.438E+08 8.723E+02 1.866E-01 4.257E-04 1.059E-03 1.663E+03 6.557E-01 5.603E+00 2.000E+00
3.485E+07 6.682E+02 2.057E-01 4.257E-04 1.421E-03 1.640E+03 6.754E-01 5.611E+00 2.000E+00
8.167E+07 6.978E+02 2.034E-01 4.257E-04 2.086E-03 1.869E+03 7.095E-01 5.626E+00 2.000E+00
1.404E+07 4.441E+02 2.375E-01 4.257E-04 3.305E-03 2.065E+03 7.644E-01 5.654E+00 2.000E+00
5.851E+06 2.319E+02 2.869E-01 4.257E-04 5.538E-03 2.871E+03 8.382E-01 5.705E+00 2.000E+00
3.148E+08 6.523E+02 2.063E-01 5.385E-04 6.232E-04 1.565E+03 6.310E-01 5.593E+00 2.000E+00
4.709E+07 6.428E+02 2.073E-01 5.385E-04 6.232E-04 1.564E+03 6.310E-01 5.593E+00 2.000E+00
1.687E+08 6.394E+02 2.077E-01 5.385E-04 6.233E-04 1.568E+03 6.310E-01 5.593E+00 2.000E+00
2.906E+08 4.278E+02 2.341E-01 5.385E-04 6.234E-04 1.884E+03 6.310E-01 5.593E+00 2.000E+00
4.523E+07 6.257E+02 2.092E-01 5.385E-04 6.237E-04 1.577E+03 6.311E-01 5.593E+00 2.000E+00
3.274E+07 4.214E+02 2.350E-01 5.385E-04 6.241E-04 1.902E+03 6.311E-01 5.593E+00 2.000E+00
1.303E+08 9.583E+02 1.798E-01 5.385E-04 6.250E-04 1.520E+03 6.311E-01 5.593E+00 2.000E+00
7.644E+07 6.692E+02 2.046E-01 5.385E-04 6.265E-04 1.547E+03 6.312E-01 5.593E+00 2.000E+00
1.724E+08 7.855E+02 1.935E-01 5.385E-04 6.294E-04 1.502E+03 6.314E-01 5.593E+00 2.000E+00
3.790E+08 6.172E+02 2.101E-01 5.385E-04 6.346E-04 1.675E+03 6.317E-01 5.593E+00 2.000E+00
6.785E+07 4.738E+02 2.277E-01 5.385E-04 6.442E-04 1.776E+03 6.323E-01 5.593E+00 2.000E+00
5.349E+07 5.933E+02 2.129E-01 5.385E-04 6.617E-04 1.608E+03 6.333E-01 5.594E+00 2.000E+00
1.203E+08 6.868E+02 2.029E-01 5.385E-04 6.938E-04 1.543E+03 6.353E-01 5.594E+00 2.000E+00
1.834E+08 4.526E+02 2.309E-01 5.385E-04 7.527E-04 1.823E+03 6.388E-01 5.596E+00 2.000E+00
1.779E+08 9.319E+02 1.819E-01 5.385E-04 8.607E-04 1.584E+03 6.453E-01 5.598E+00 2.000E+00
3.894E+08 7.319E+02 1.989E-01 5.385E-04 1.059E-03 1.573E+03 6.562E-01 5.603E+00 2.000E+00
4.423E+07 8.536E+02 1.884E-01 5.385E-04 1.421E-03 1.773E+03 6.759E-01 5.611E+00 2.000E+00
2.174E+07 6.755E+02 2.057E-01 5.385E-04 2.086E-03 1.853E+03 7.100E-01 5.626E+00 2.000E+00
2.327E+07 4.645E+02 2.344E-01 5.385E-04 3.305E-03 2.076E+03 7.649E-01 5.654E+00 2.000E+00
1.460E+07 2.294E+02 2.876E-01 5.385E-04 5.538E-03 2.890E+03 8.387E-01 5.705E+00 2.000E+00
3.228E+08 5.689E+02 2.156E-01 6.811E-04 6.232E-04 1.632E+03 6.317E-01 5.593E+00 2.000E+00
3.576E+07 3.363E+02 2.480E-01 6.811E-04 6.232E-04 2.265E+03 6.317E-01 5.593E+00 2.000E+00
2.563E+07 8.306E+02 1.896E-01 6.811E-04 6.233E-04 1.497E+03 6.318E-01 5.593E+00 2.000E+00
4.807E+07 6.638E+02 2.051E-01 6.811E-04 6.234E-04 1.551E+03 6.318E-01 5.593E+00 2.000E+00
3.457E+08 8.176E+02 1.907E-01 6.811E-04 6.237E-04 1.498E+03 6.318E-01 5.593E+00 2.000E+00
3.189E+07 5.236E+02 2.212E-01 6.811E-04 6.241E-04 1.691E+03 6.318E-01 5.593E+00 2.000E+00
2.808E+07 9.505E+02 1.803E-01 6.811E-04 6.250E-04 1.520E+03 6.319E-01 5.593E+00 2.000E+00
3.168E+07 2.602E+02 2.600E-01 6.811E-04 6.265E-04 3.113E+03 6.319E-01 5.593E+00 2.000E+00
1.700E+08 4.127E+02 2.363E-01 6.811E-04 6.294E-04 1.929E+03 6.321E-01 5.593E+00 2.000E+00
6.295E+07 3.362E+02 2.480E-01 6.811E-04 6.346E-04 2.265E+03 6.324E-01 5.593E+00 2.000E+00
6.245E+08 8.797E+02 1.857E-01 6.811E-04 6.442E-04 1.507E+03 6.330E-01 5.593E+00 2.000E+00
6.479E+07 8.536E+02 1.878E-01 6.811E-04 6.617E-04 1.504E+03 6.341E-01 5.594E+00 2.000E+00
4.023E+08 5.920E+02 2.131E-01 6.811E-04 6.938E-04 1.612E+03 6.360E-01 5.594E+00 2.000E+00
9.316E+07 5.223E+02 2.216E-01 6.811E-04 7.527E-04 1.697E+03 6.395E-01 5.596E+00 2.000E+00
3.002E+07 7.946E+02 1.929E-01 6.811E-04 8.607E-04 1.538E+03 6.460E-01 5.598E+00 2.000E+00
2.663E+07 2.751E+02 2.593E-01 6.811E-04 1.059E-03 2.774E+03 6.569E-01 5.603E+00 2.000E+00
4.891E+09 5.381E+02 2.207E-01 6.811E-04 1.421E-03 1.717E+03 6.767E-01 5.611E+00 2.000E+00
1.512E+07 2.242E+02 2.723E-01 6.811E-04 2.086E-03 3.488E+03 7.107E-01 5.626E+00 2.000E+00
1.523E+07 3.662E+02 2.506E-01 6.811E-04 3.305E-03 2.156E+03 7.656E-01 5.654E+00 2.000E+00
2.989E+08 2.227E+02 2.893E-01 6.811E-04 5.538E-03 2.942E+03 8.393E-01 5.705E+00 2.000E+00
3.327E+07 7.313E+02 1.984E-01 8.615E-04 6.232E-04 1.519E+03 6.326E-01 5.593E+00 2.000E+00
4.907E+07 7.313E+02 1.984E-01 8.615E-04 6.232E-04 1.519E+03 6.326E-01 5.593E+00 2.000E+00
7.835E+08 7.313E+02 1.984E-01 8.615E-04 6.233E-04 1.519E+03 6.327E-01 5.593E+00 2.000E+00
2.677E+08 9.447E+02 1.807E-01 8.615E-04 6.234E-04 1.520E+03 6.327E-01 5.593E+00 2.000E+00
2.790E+07 9.505E+02 1.803E-01 8.615E-04 6.237E-04 1.523E+03 6.327E-01 5.593E+00 2.000E+00
2.685E+08 6.691E+02 2.046E-01 8.615E-04 6.241E-04 1.549E+03 6.327E-01 5.593E+00 2.000E+00
1.096E+09 9.474E+02 1.806E-01 8.615E-04 6.250E-04 1.521E+03 6.328E-01 5.593E+00 2.000E+00
3.956E+07 7.447E+02 1.972E-01 8.615E-04 6.265E-04 1.515E+03 6.328E-01 5.593E+00 2.000E+00
8.746E+08 9.103E+02 1.833E-01 8.615E-04 6.294E-04 1.509E+03 6.330E-01 5.593E+00 2.000E+00
2.946E+07 9.241E+02 1.823E-01 8.615E-04 6.346E-04 1.514E+03 6.333E-01 5.593E+00 2.000E+00
9.684E+06 6.712E+02 2.044E-01 8.615E-04 6.442E-04 1.550E+03 6.339E-01 5.593E+00 2.000E+00
5.802E+07 9.681E+02 1.791E-01 8.615E-04 6.617E-04 1.544E+03 6.350E-01 5.594E+00 2.000E+00
1.043E+08 8.856E+02 1.852E-01 8.615E-04 6.938E-04 1.518E+03 6.369E-01 5.594E+00 2.000E+00
1.920E+08 9.402E+02 1.812E-01 8.615E-04 7.527E-04 1.559E+03 6.404E-01 5.596E+00 2.000E+00
6.556E+07 8.667E+02 1.869E-01 8.615E-04 8.607E-04 1.553E+03 6.469E-01 5.598E+00 2.000E+00
1.952E+08 9.466E+02 1.809E-01 8.615E-04 1.059E-03 1.721E+03 6.578E-01 5.603E+00 2.000E+00
1.476E+08 3.811E+02 2.431E-01 8.615E-04 1.421E-03 2.034E+03 6.775E-01 5.611E+00 2.000E+00
9.008E+07 5.174E+02 2.245E-01 8.615E-04 2.086E-03 1.807E+03 7.116E-01 5.626E+00 2.000E+00
7.994E+07 2.459E+02 2.738E-01 8.615E-04 3.305E-03 2.829E+03 7.664E-01 5.654E+00 2.000E+00
1.515E+07 2.670E+02 2.784E-01 8.615E-04 5.538E-03 2.760E+03 8.400E-01 5.705E+00 2.000E+00
3.664E+08 9.397E+02 1.811E-01 1.090E-03 6.232E-04 1.521E+03 6.338E-01 5.593E+00 2.000E+00
1.446E+09 9.397E+02 1.811E-01 1.090E-03 6.232E-04 1.521E+03 6.338E-01 5.593E+00 2.000E+00
3.185E+08 9.474E+02 1.806E-01 1.090E-03 6.233E-04 1.524E+03 6.338E-01 5.593E+00 2.000E+00
2.101E+07 7.251E+02 1.990E-01 1.090E-03 6.234E-04 1.523E+03 6.338E-01 5.593E+00 2.000E+00
1.087E+07 2.850E+02 2.561E-01 1.090E-03 6.237E-04 2.721E+03 6.338E-01 5.593E+00 2.000E+00
1.849E+07 8.510E+02 1.879E-01 1.090E-03 6.241E-04 1.501E+03 6.338E-01 5.593E+00 2.000E+00
1.244E+08 4.895E+02 2.256E-01 1.090E-03 6.250E-04 1.748E+03 6.339E-01 5.593E+00 2.000E+00
7.855E+06 2.658E+02 2.591E-01 1.090E-03 6.265E-04 3.012E+03 6.340E-01 5.593E+00 2.000E+00
4.867E+07 9.733E+02 1.787E-01 1.090E-03 6.294E-04 1.541E+03 6.342E-01 5.593E+00 2.000E+00
2.321E+08 7.059E+02 2.009E-01 1.090E-03 6.346E-04 1.537E+03 6.345E-01 5.593E+00 2.000E+00
1.040E+08 3.664E+02 2.433E-01 1.090E-03 6.442E-04 2.104E+03 6.350E-01 5.593E+00 2.000E+00
6.034E+07 6.081E+02 2.112E-01 1.090E-03 6.617E-04 1.600E+03 6.361E-01 5.594E+00 2.000E+00
3.366E+07 6.166E+02 2.103E-01 1.090E-03 6.938E-04 1.592E+03 6.380E-01 5.594E+00 2.000E+00
1.435E+08 6.667E+02 2.050E-01 1.090E-03 7.527E-04 1.563E+03 6.415E-01 5.596E+00 2.000E+00
4.961E+07 2.519E+02 2.623E-01 1.090E-03 8.607E-04 3.221E+03 6.480E-01 5.598E+00 2.000E+00
2.453E+07 5.804E+02 2.150E-01 1.090E-03 1.059E-03 1.650E+03 6.590E-01 5.603E+00 2.000E+00
2.327E+07 8.094E+02 1.922E-01 1.090E-03 1.421E-03 1.721E+03 6.787E-01 5.611E+00 2.000E+00
8.073E+07 2.469E+02 2.683E-01 1.090E-03 2.086E-03 3.001E+03 7.127E-01 5.626E+00 2.000E+00
1.754E+07 3.003E+02 2.629E-01 1.090E-03 3.305E-03 2.399E+03 7.675E-01 5.654E+00 2.000E+00
6.629E+06 2.051E+02 2.938E-01 1.090E-03 5.538E-03 3.120E+03 8.409E-01 5.705E+00 2.000E+00
4.440E+08 7.855E+02 1.935E-01 1.378E-03 6.232E-04 1.510E+03 6.352E-01 5.593E+00 2.000E+00
2.645E+08 8.479E+02 1.882E-01 1.378E-03 6.232E-04 1.504E+03 6.352E-01 5.593E+00 2.000E+00
1.066E+08 2.480E+02 2.618E-01 1.378E-03 6.233E-04 3.405E+03 6.352E-01 5.593E+00 2.000E+00
1.258E+09 6.771E+02 2.038E-01 1.378E-03 6.234E-04 1.547E+03 6.352E-01 5.593E+00 2.000E+00
1.469E+08 9.789E+02 1.783E-01 1.378E-03 6.237E-04 1.549E+03 6.353E-01 5.593E+00 2.000E+00
2.499E+08 9.745E+02 1.786E-01 1.378E-03 6.241E-04 1.546E+03 6.353E-01 5.593E+00 2.000E+00
1.176E+08 9.793E+02 1.783E-01 1.378E-03 6.250E-04 1.551E+03 6.353E-01 5.593E+00 2.000E+00
1.527E+08 9.737E+02 1.787E-01 1.378E-03 6.265E-04 1.546E+03 6.354E-01 5.593E+00 2.000E+00
1.668E+08 6.602E+02 2.055E-01 1.378E-03 6.294E-04 1.558E+03 6.356E-01 5.593E+00 2.000E+00
9.662E+08 9.439E+02 1.808E-01 1.378E-03 6.346E-04 1.531E+03 6.359E-01 5.593E+00 2.000E+00
1.750E+07 7.317E+02 1.984E-01 1.378E-03 6.442E-04 1.525E+03 6.365E-01 5.593E+00 2.000E+00
3.531E+07 8.334E+02 1.894E-01 1.378E-03 6.617E-04 1.511E+03 6.375E-01 5.594E+00 2.000E+00
8.248E+07 7.054E+02 2.010E-01 1.378E-03 6.938E-04 1.541E+03 6.395E-01 5.594E+00 2.000E+00
5.172E+07 3.950E+02 2.393E-01 1.378E-03 7.527E-04 1.989E+03 6.430E-01 5.596E+00 2.000E+00
4.381E+07 7.713E+02 1.950E-01 1.378E-03 8.607E-04 1.546E+03 6.495E-01 5.598E+00 2.000E+00
2.944E+07 3.799E+02 2.423E-01 1.378E-03 1.059E-03 2.041E+03 6.604E-01 5.603E+00 2.000E+00
6.109E+07 5.126E+02 2.240E-01 1.378E-03 1.421E-03 1.751E+03 6.801E-01 5.611E+00 2.000E+00
1.831E+07 3.303E+02 2.534E-01 1.378E-03 2.086E-03 2.248E+03 7.141E-01 5.626E+00 2.000E+00
4.078E+07 5.210E+02 2.262E-01 1.378E-03 3.305E-03 2.261E+03 7.689E-01 5.654E+00 2.000E+00
1.745E+08 2.027E+02 2.944E-01 1.378E-03 5.538E-03 3.153E+03 8.420E-01 5.705E+00 2.000E+00
9.448E+07 9.155E+02 1.829E-01 1.743E-03 6.232E-04 1.522E+03 6.370E-01 5.593E+00 2.000E+00
3.219E+08 5.527E+02 2.176E-01 1.743E-03 6.232E-04 1.656E+03 6.370E-01 5.593E+00 2.000E+00
3.832E+08 9.155E+02 1.829E-01 1.743E-03 6.233E-04 1.522E+03 6.371E-01 5.593E+00 2.000E+00
6.220E+07 9.737E+02 1.787E-01 1.743E-03 6.234E-04 1.553E+03 6.371E-01 5.593E+00 2.000E+00
8.888E+07 9.737E+02 1.787E-01 1.743E-03 6.237E-04 1.553E+03 6.371E-01 5.593E+00 2.000E+00
5.316E+08 9.737E+02 1.787E-01 1.743E-03 6.241E-04 1.554E+03 6.371E-01 5.593E+00 2.000E+00
6.855E+07 9.630E+02 1.794E-01 1.743E-03 6.250E-04 1.546E+03 6.372E-01 5.593E+00 2.000E+00
1.873E+08 8.067E+02 1.916E-01 1.743E-03 6.265E-04 1.654E+03 6.372E-01 5.593E+00 2.000E+00
4.434E+07 5.596E+02 2.168E-01 1.743E-03 6.294E-04 1.648E+03 6.374E-01 5.593E+00 2.000E+00
2.571E+07 8.858E+02 1.852E-01 1.743E-03 6.346E-04 1.517E+03 6.377E-01 5.593E+00 2.000E+00
8.337E+07 3.419E+02 2.472E-01 1.743E-03 6.442E-04 2.234E+03 6.383E-01 5.593E+00 2.000E+00
1.197E+08 3.764E+02 2.419E-01 1.743E-03 6.617E-04 2.062E+03 6.394E-01 5.594E+00 2.000E+00
3.805E+08 7.943E+02 1.928E-01 1.743E-03 6.938E-04 1.521E+03 6.413E-01 5.594E+00 2.000E+00
1.253E+08 7.049E+02 2.011E-01 1.743E-03 7.527E-04 1.550E+03 6.448E-01 5.596E+00 2.000E+00
5.280E+07 4.716E+02 2.285E-01 1.743E-03 8.607E-04 1.791E+03 6.513E-01 5.598E+00 2.000E+00
6.284E+07 8.538E+02 1.881E-01 1.743E-03 1.059E-03 1.625E+03 6.622E-01 5.603E+00 2.000E+00
1.909E+07 4.799E+02 2.284E-01 1.743E-03 1.421E-03 1.800E+03 6.819E-01 5.611E+00 2.000E+00
1.101E+08 3.146E+02 2.562E-01 1.743E-03 2.086E-03 2.335E+03 7.159E-01 5.626E+00 2.000E+00
9.383E+06 4.565E+02 2.356E-01 1.743E-03 3.305E-03 2.103E+03 7.706E-01 5.654E+00 2.000E+00
2.851E+07 2.367E+02 2.858E-01 1.743E-03 5.538E-03 2.877E+03 8.435E-01 5.705E+00 2.000E+00
4.899E+07 7.944E+02 1.927E-01 2.205E-03 6.232E-04 1.515E+03 6.394E-01 5.593E+00 2.000E+00
7.587E+07 7.944E+02 1.927E-01 2.205E-03 6.232E-04 1.515E+03 6.394E-01 5.593E+00 2.000E+00
1.976E+07 8.002E+02 1.922E-01 2.205E-03 6.233E-04 1.515E+03 6.394E-01 5.593E+00 2.000E+00
4.628E+07 3.636E+02 2.437E-01 2.205E-03 6.234E-04 2.122E+03 6.394E-01 5.593E+00 2.000E+00
3.823E+07 7.880E+02 1.933E-01 2.205E-03 6.237E-04 1.516E+03 6.394E-01 5.593E+00 2.000E+00
6.080E+08 8.080E+02 1.915E-01 2.205E-03 6.241E-04 1.514E+03 6.394E-01 5.593E+00 2.000E+00
1.397E+08 6.721E+02 2.043E-01 2.205E-03 6.250E-04 1.558E+03 6.395E-01 5.593E+00 2.000E+00
2.148E+07 4.126E+02 2.363E-01 2.205E-03 6.265E-04 1.934E+03 6.396E-01 5.593E+00 2.000E+00
4.127E+07 4.276E+02 2.342E-01 2.205E-03 6.294E-04 1.895E+03 6.397E-01 5.593E+00 2.000E+00
9.854E+08 4.807E+02 2.268E-01 2.205E-03 6.346E-04 1.770E+03 6.400E-01 5.593E+00 2.000E+00
4.866E+07 7.545E+02 1.963E-01 2.205E-03 6.442E-04 1.525E+03 6.406E-01 5.593E+00 2.000E+00
3.315E+08 9.331E+02 1.816E-01 2.205E-03 6.617E-04 1.550E+03 6.417E-01 5.594E+00 2.000E+00
7.851E+08 2.891E+02 2.557E-01 2.205E-03 6.938E-04 2.661E+03 6.436E-01 5.594E+00 2.000E+00
1.615E+08 8.168E+02 1.909E-01 2.205E-03 7.527E-04 1.537E+03 6.471E-01 5.596E+00 2.000E+00
6.797E+07 6.581E+02 2.060E-01 2.205E-03 8.607E-04 1.586E+03 6.536E-01 5.598E+00 2.000E+00
2.622E+07 5.310E+02 2.210E-01 2.205E-03 1.059E-03 1.709E+03 6.645E-01 5.603E+00 2.000E+00
6.245E+07 5.592E+02 2.181E-01 2.205E-03 1.421E-03 1.709E+03 6.842E-01 5.611E+00 2.000E+00
1.420E+08 7.042E+02 2.028E-01 2.205E-03 2.086E-03 1.974E+03 7.182E-01 5.626E+00 2.000E+00
1.841E+07 3.511E+02 2.533E-01 2.205E-03 3.305E-03 2.237E+03 7.728E-01 5.654E+00 2.000E+00
4.718E+07 2.923E+02 2.725E-01 2.205E-03 5.538E-03 2.903E+03 8.454E-01 5.705E+00 2.000E+00
8.437E+07 9.532E+02 1.801E-01 2.789E-03 6.232E-04 1.562E+03 6.423E-01 5.593E+00 2.000E+00
9.616E+07 9.532E+02 1.801E-01 2.789E-03 6.232E-04 1.562E+03 6.423E-01 5.593E+00 2.000E+00
1.300E+08 9.532E+02 1.801E-01 2.789E-03 6.233E-04 1.562E+03 6.423E-01 5.593E+00 2.000E+00
3.033E+07 7.303E+02 1.985E-01 2.789E-03 6.234E-04 1.534E+03 6.423E-01 5.593E+00 2.000E+00
6.907E+07 2.720E+02 2.582E-01 2.789E-03 6.237E-04 2.904E+03 6.423E-01 5.593E+00 2.000E+00
1.343E+08 9.497E+02 1.804E-01 2.789E-03 6.241E-04 1.559E+03 6.423E-01 5.593E+00 2.000E+00
1.807E+08 9.099E+02 1.833E-01 2.789E-03 6.250E-04 1.538E+03 6.424E-01 5.593E+00 2.000E+00
2.942E+08 7.794E+02 1.940E-01 2.789E-03 6.265E-04 1.523E+03 6.425E-01 5.593E+00 2.000E+00
1.036E+08 3.838E+02 2.406E-01 2.789E-03 6.294E-04 2.036E+03 6.426E-01 5.593E+00 2.000E+00
1.646E+07 5.381E+02 2.194E-01 2.789E-03 6.346E-04 1.680E+03 6.430E-01 5.593E+00 2.000E+00
3.173E+07 5.531E+02 2.176E-01 2.789E-03 6.442E-04 1.662E+03 6.435E-01 5.593E+00 2.000E+00
3.650E+07 6.465E+02 2.070E-01 2.789E-03 6.617E-04 1.579E+03 6.446E-01 5.594E+00 2.000E+00
4.850E+08 2.748E+02 2.580E-01 2.789E-03 6.938E-04 2.848E+03 6.465E-01 5.594E+00 2.000E+00
9.387E+07 8.059E+02 1.918E-01 2.789E-03 7.527E-04 1.544E+03 6.500E-01 5.596E+00 2.000E+00
9.935E+07 4.580E+02 2.304E-01 2.789E-03 8.607E-04 1.823E+03 6.565E-01 5.598E+00 2.000E+00
1.468E+07 6.769E+02 2.043E-01 2.789E-03 1.059E-03 1.607E+03 6.674E-01 5.603E+00 2.000E+00
4.882E+07 7.282E+02 1.996E-01 2.789E-03 1.421E-03 1.685E+03 6.871E-01 5.611E+00 2.000E+00
4.121E+07 3.010E+02 2.586E-01 2.789E-03 2.086E-03 2.429E+03 7.210E-01 5.626E+00 2.000E+00
6.274E+06 2.993E+02 2.632E-01 2.789E-03 3.305E-03 2.420E+03 7.756E-01 5.654E+00 2.000E+00
1.105E+07 2.155E+02 2.911E-01 2.789E-03 5.538E-03 3.047E+03 8.477E-01 5.705E+00 2.000E+00
4.288E+07 8.797E+02 1.857E-01 3.528E-03 6.232E-04 1.539E+03 6.460E-01 5.593E+00 2.000E+00
5.106E+07 8.797E+02 1.857E-01 3.528E-03 6.232E-04 1.540E+03 6.460E-01 5.593E+00 2.000E+00
8.019E+07 8.797E+02 1.857E-01 3.528E-03 6.233E-04 1.540E+03 6.460E-01 5.593E+00 2.000E+00
2.626E+07 5.063E+02 2.234E-01 3.528E-03 6.234E-04 1.730E+03 6.460E-01 5.593E+00 2.000E+00
2.029E+07 7.347E+02 1.981E-01 3.528E-03 6.237E-04 1.539E+03 6.460E-01 5.593E+00 2.000E+00
4.008E+07 6.601E+02 2.055E-01 3.528E-03 6.241E-04 1.572E+03 6.460E-01 5.593E+00 2.000E+00
2.241E+08 6.797E+02 2.035E-01 3.528E-03 6.250E-04 1.561E+03 6.461E-01 5.593E+00 2.000E+00
4.853E+07 6.690E+02 2.046E-01 3.528E-03 6.265E-04 1.567E+03 6.462E-01 5.593E+00 2.000E+00
5.681E+07 5.390E+02 2.193E-01 3.528E-03 6.294E-04 1.683E+03 6.463E-01 5.593E+00 2.000E+00
9.682E+07 4.928E+02 2.252E-01 3.528E-03 6.346E-04 1.754E+03 6.466E-01 5.593E+00 2.000E+00
1.737E+08 9.833E+02 1.780E-01 3.528E-03 6.442E-04 1.618E+03 6.472E-01 5.593E+00 2.000E+00
3.016E+07 4.019E+02 2.380E-01 3.528E-03 6.617E-04 1.973E+03 6.483E-01 5.594E+00 2.000E+00
1.806E+07 5.962E+02 2.126E-01 3.528E-03 6.938E-04 1.624E+03 6.502E-01 5.594E+00 2.000E+00
5.210E+07 5.731E+02 2.154E-01 3.528E-03 7.527E-04 1.650E+03 6.537E-01 5.596E+00 2.000E+00
9.485E+07 5.836E+02 2.143E-01 3.528E-03 8.607E-04 1.648E+03 6.602E-01 5.598E+00 2.000E+00
1.102E+08 8.464E+02 1.887E-01 3.528E-03 1.059E-03 1.662E+03 6.710E-01 5.603E+00 2.000E+00
3.587E+07 4.660E+02 2.304E-01 3.528E-03 1.421E-03 1.834E+03 6.908E-01 5.611E+00 2.000E+00
5.790E+07 5.960E+02 2.146E-01 3.528E-03 2.086E-03 1.833E+03 7.246E-01 5.626E+00 2.000E+00
1.994E+07 3.053E+02 2.620E-01 3.528E-03 3.305E-03 2.397E+03 7.791E-01 5.654E+00 2.000E+00
5.768E+06 2.498E+02 2.826E-01 3.528E-03 5.538E-03 2.884E+03 8.507E-01 5.705E+00 2.000E+00
2.244E+08 6.905E+02 2.024E-01 4.462E-03 6.232E-04 1.563E+03 6.506E-01 5.593E+00 2.000E+00
3.978E+07 8.148E+02 1.910E-01 4.462E-03 6.232E-04 1.539E+03 6.506E-01 5.593E+00 2.000E+00
6.123E+07 3.804E+02 2.412E-01 4.462E-03 6.233E-04 2.056E+03 6.506E-01 5.593E+00 2.000E+00
2.782E+07 5.233E+02 2.212E-01 4.462E-03 6.234E-04 1.708E+03 6.506E-01 5.593E+00 2.000E+00
8.838E+07 7.959E+02 1.926E-01 4.462E-03 6.237E-04 1.553E+03 6.507E-01 5.593E+00 2.000E+00
7.240E+07 6.160E+02 2.103E-01 4.462E-03 6.241E-04 1.608E+03 6.507E-01 5.593E+00 2.000E+00
2.654E+07 6.082E+02 2.111E-01 4.462E-03 6.250E-04 1.615E+03 6.507E-01 5.593E+00 2.000E+00
4.244E+08 7.388E+02 1.977E-01 4.462E-03 6.265E-04 1.547E+03 6.508E-01 5.593E+00 2.000E+00
2.717E+07 8.184E+02 1.907E-01 4.462E-03 6.294E-04 1.541E+03 6.510E-01 5.593E+00 2.000E+00
3.877E+07 4.403E+02 2.324E-01 4.462E-03 6.346E-04 1.866E+03 6.513E-01 5.593E+00 2.000E+00
3.500E+08 9.312E+02 1.818E-01 4.462E-03 6.442E-04 1.593E+03 6.519E-01 5.593E+00 2.000E+00
3.378E+07 7.851E+02 1.936E-01 4.462E-03 6.617E-04 1.546E+03 6.529E-01 5.594E+00 2.000E+00
1.135E+08 8.855E+02 1.853E-01 4.462E-03 6.938E-04 1.603E+03 6.549E-01 5.594E+00 2.000E+00
1.917E+07 7.536E+02 1.965E-01 4.462E-03 7.527E-04 1.563E+03 6.584E-01 5.596E+00 2.000E+00
6.490E+07 4.947E+02 2.254E-01 4.462E-03 8.607E-04 1.763E+03 6.649E-01 5.598E+00 2.000E+00
2.548E+07 6.386E+02 2.084E-01 4.462E-03 1.059E-03 1.637E+03 6.757E-01 5.603E+00 2.000E+00
7.000E+07 2.963E+02 2.572E-01 4.462E-03 1.421E-03 2.515E+03 6.954E-01 5.611E+00 2.000E+00
2.338E+07 3.358E+02 2.525E-01 4.462E-03 2.086E-03 2.238E+03 7.292E-01 5.626E+00 2.000E+00
8.924E+07 4.086E+02 2.433E-01 4.462E-03 3.305E-03 2.171E+03 7.835E-01 5.654E+00 2.000E+00
5.203E+07 2.813E+02 2.750E-01 4.462E-03 5.538E-03 3.014E+03 8.544E-01 5.706E+00 2.000E+00
4.270E+08 9.143E+02 1.830E-01 5.644E-03 6.232E-04 1.597E+03 6.565E-01 5.593E+00 2.000E+00
4.554E+07 3.989E+02 2.384E-01 5.644E-03 6.232E-04 1.991E+03 6.565E-01 5.593E+00 2.000E+00
4.758E+07 9.091E+02 1.834E-01 5.644E-03 6.233E-04 1.593E+03 6.565E-01 5.593E+00 2.000E+00
8.698E+07 9.091E+02 1.834E-01 5.644E-03 6.234E-04 1.602E+03 6.565E-01 5.593E+00 2.000E+00
6.180E+07 9.043E+02 1.838E-01 5.644E-03 6.237E-04 1.589E+03 6.566E-01 5.593E+00 2.000E+00
4.803E+07 9.685E+02 1.790E-01 5.644E-03 6.241E-04 1.662E+03 6.566E-01 5.593E+00 2.000E+00
1.917E+08 3.188E+02 2.508E-01 5.644E-03 6.250E-04 2.400E+03 6.566E-01 5.593E+00 2.000E+00
4.654E+07 5.684E+02 2.157E-01 5.644E-03 6.265E-04 1.659E+03 6.567E-01 5.593E+00 2.000E+00
6.993E+09 9.833E+02 1.780E-01 5.644E-03 6.294E-04 1.718E+03 6.569E-01 5.593E+00 2.000E+00
7.953E+08 5.808E+02 2.143E-01 5.644E-03 6.346E-04 1.649E+03 6.572E-01 5.593E+00 2.000E+00
1.497E+08 9.473E+02 1.806E-01 5.644E-03 6.442E-04 1.639E+03 6.578E-01 5.593E+00 2.000E+00
1.065E+09 5.527E+02 2.177E-01 5.644E-03 6.617E-04 1.678E+03 6.588E-01 5.594E+00 2.000E+00
1.795E+07 9.807E+02 1.782E-01 5.644E-03 6.938E-04 1.727E+03 6.608E-01 5.594E+00 2.000E+00
6.456E+07 5.155E+02 2.225E-01 5.644E-03 7.527E-04 1.732E+03 6.643E-01 5.596E+00 2.000E+00
6.087E+07 4.509E+02 2.314E-01 5.644E-03 8.607E-04 1.851E+03 6.707E-01 5.598E+00 2.000E+00
1.958E+07 5.579E+02 2.177E-01 5.644E-03 1.059E-03 1.711E+03 6.815E-01 5.603E+00 2.000E+00
3.807E+08 7.815E+02 1.947E-01 5.644E-03 1.421E-03 1.832E+03 7.012E-01 5.611E+00 2.000E+00
3.163E+07 3.828E+02 2.446E-01 5.644E-03 2.086E-03 2.071E+03 7.349E-01 5.626E+00 2.000E+00
1.290E+07 4.166E+02 2.420E-01 5.644E-03 3.305E-03 2.186E+03 7.889E-01 5.654E+00 2.000E+00
1.186E+07 2.075E+02 2.933E-01 5.644E-03 5.538E-03 3.188E+03 8.592E-01 5.706E+00 2.000E+00
3.734E+07 3.937E+02 2.392E-01 7.139E-03 6.232E-04 2.016E+03 6.640E-01 5.593E+00 2.000E+00
3.654E+07 3.835E+02 2.407E-01 7.139E-03 6.232E-04 2.053E+03 6.640E-01 5.593E+00 2.000E+00
2.630E+08 7.830E+02 1.937E-01 7.139E-03 6.233E-04 1.571E+03 6.640E-01 5.593E+00 2.000E+00
1.823E+07 3.183E+02 2.509E-01 7.139E-03 6.234E-04 2.408E+03 6.640E-01 5.593E+00 2.000E+00
5.690E+07 3.475E+02 2.463E-01 7.139E-03 6.237E-04 2.219E+03 6.640E-01 5.593E+00 2.000E+00
1.270E+09 5.158E+02 2.222E-01 7.139E-03 6.241E-04 1.736E+03 6.641E-01 5.593E+00 2.000E+00
8.971E+07 5.006E+02 2.242E-01 7.139E-03 6.250E-04 1.756E+03 6.641E-01 5.593E+00 2.000E+00
1.548E+08 7.852E+02 1.935E-01 7.139E-03 6.265E-04 1.571E+03 6.642E-01 5.593E+00 2.000E+00
5.468E+07 7.247E+02 1.991E-01 7.139E-03 6.294E-04 1.576E+03 6.644E-01 5.593E+00 2.000E+00
3.366E+07 5.965E+02 2.125E-01 7.139E-03 6.346E-04 1.642E+03 6.647E-01 5.593E+00 2.000E+00
4.728E+07 3.833E+02 2.408E-01 7.139E-03 6.442E-04 2.053E+03 6.653E-01 5.593E+00 2.000E+00
3.653E+07 2.948E+02 2.548E-01 7.139E-03 6.617E-04 2.614E+03 6.663E-01 5.594E+00 2.000E+00
4.886E+07 8.637E+02 1.870E-01 7.139E-03 6.938E-04 1.618E+03 6.682E-01 5.594E+00 2.000E+00
7.386E+07 9.020E+02 1.840E-01 7.139E-03 7.527E-04 1.708E+03 6.718E-01 5.596E+00 2.000E+00
6.489E+07 6.146E+02 2.108E-01 7.139E-03 8.607E-04 1.650E+03 6.781E-01 5.598E+00 2.000E+00
1.813E+07 8.039E+02 1.923E-01 7.139E-03 1.059E-03 1.712E+03 6.889E-01 5.603E+00 2.000E+00
4.129E+07 7.089E+02 2.015E-01 7.139E-03 1.421E-03 1.841E+03 7.086E-01 5.611E+00 2.000E+00
9.532E+06 5.638E+02 2.186E-01 7.139E-03 2.086E-03 1.892E+03 7.422E-01 5.626E+00 2.000E+00
1.187E+08 2.684E+02 2.693E-01 7.139E-03 3.305E-03 2.661E+03 7.958E-01 5.654E+00 2.000E+00
5.002E+06 2.753E+02 2.765E-01 7.139E-03 5.538E-03 3.201E+03 8.651E-01 5.706E+00 2.000E+00
8.925E+07 8.615E+02 1.871E-01 9.029E-03 6.232E-04 1.631E+03 6.734E-01 5.593E+00 2.000E+00
1.554E+08 8.615E+02 1.871E-01 9.029E-03 6.232E-04 1.632E+03 6.734E-01 5.593E+00 2.000E+00
9.898E+07 9.346E+02 1.815E-01 9.029E-03 6.233E-04 1.726E+03 6.734E-01 5.593E+00 2.000E+00
3.414E+08 9.346E+02 1.815E-01 9.029E-03 6.234E-04 1.725E+03 6.734E-01 5.593E+00 2.000E+00
9.509E+07 6.422E+02 2.074E-01 9.029E-03 6.237E-04 1.630E+03 6.735E-01 5.593E+00 2.000E+00
8.024E+07 7.261E+02 1.989E-01 9.029E-03 6.241E-04 1.595E+03 6.735E-01 5.593E+00 2.000E+00
5.277E+07 6.509E+02 2.065E-01 9.029E-03 6.250E-04 1.618E+03 6.735E-01 5.593E+00 2.000E+00
1.571E+07 4.335E+02 2.333E-01 9.029E-03 6.265E-04 1.902E+03 6.736E-01 5.593E+00 2.000E+00
1.973E+07 3.881E+02 2.400E-01 9.029E-03 6.294E-04 2.042E+03 6.738E-01 5.593E+00 2.000E+00
4.137E+07 2.774E+02 2.575E-01 9.029E-03 6.346E-04 2.832E+03 6.741E-01 5.593E+00 2.000E+00
1.740E+08 9.296E+02 1.819E-01 9.029E-03 6.442E-04 1.797E+03 6.747E-01 5.593E+00 2.000E+00
5.436E+09 6.958E+02 2.019E-01 9.029E-03 6.617E-04 1.606E+03 6.757E-01 5.594E+00 2.000E+00
5.881E+07 9.129E+02 1.832E-01 9.029E-03 6.938E-04 1.733E+03 6.777E-01 5.594E+00 2.000E+00
1.340E+08 8.733E+02 1.863E-01 9.029E-03 7.527E-04 1.704E+03 6.812E-01 5.596E+00 2.000E+00
6.765E+07 8.382E+02 1.892E-01 9.029E-03 8.607E-04 1.780E+03 6.875E-01 5.598E+00 2.000E+00
7.929E+07 8.372E+02 1.895E-01 9.029E-03 1.059E-03 1.844E+03 6.983E-01 5.603E+00 2.000E+00
4.797E+07 6.359E+02 2.092E-01 9.029E-03 1.421E-03 1.761E+03 7.180E-01 5.611E+00 2.000E+00
3.350E+07 4.751E+02 2.304E-01 9.029E-03 2.086E-03 1.942E+03 7.514E-01 5.626E+00 2.000E+00
1.122E+07 2.617E+02 2.707E-01 9.029E-03 3.305E-03 2.734E+03 8.044E-01 5.654E+00 2.000E+00
6.889E+06 2.393E+02 2.853E-01 9.029E-03 5.538E-03 3.139E+03 8.727E-01 5.706E+00 2.000E+00
1.256E+08 6.792E+02 2.036E-01 1.142E-02 6.232E-04 1.649E+03 6.854E-01 5.593E+00 2.000E+00
3.828E+07 6.828E+02 2.032E-01 1.142E-02 6.232E-04 1.629E+03 6.854E-01 5.593E+00 2.000E+00
4.388E+08 6.647E+02 2.051E-01 1.142E-02 6.233E-04 1.632E+03 6.854E-01 5.593E+00 2.000E+00
3.262E+07 6.685E+02 2.047E-01 1.142E-02 6.234E-04 1.631E+03 6.854E-01 5.593E+00 2.000E+00
2.783E+07 7.566E+02 1.961E-01 1.142E-02 6.237E-04 1.625E+03 6.854E-01 5.593E+00 2.000E+00
6.301E+08 3.472E+02 2.464E-01 1.142E-02 6.241E-04 2.234E+03 6.854E-01 5.593E+00 2.000E+00
1.300E+08 7.793E+02 1.940E-01 1.142E-02 6.250E-04 1.631E+03 6.855E-01 5.593E+00 2.000E+00
5.940E+08 9.060E+02 1.836E-01 1.142E-02 6.265E-04 1.770E+03 6.856E-01 5.593E+00 2.000E+00
2.169E+07 5.737E+02 2.151E-01 1.142E-02 6.294E-04 1.690E+03 6.857E-01 5.593E+00 2.000E+00
1.392E+07 6.866E+02 2.028E-01 1.142E-02 6.346E-04 1.628E+03 6.861E-01 5.593E+00 2.000E+00
1.289E+07 6.153E+02 2.104E-01 1.142E-02 6.442E-04 1.659E+03 6.866E-01 5.593E+00 2.000E+00
2.979E+08 5.915E+02 2.131E-01 1.142E-02 6.617E-04 1.678E+03 6.877E-01 5.594E+00 2.000E+00
3.679E+07 8.597E+02 1.873E-01 1.142E-02 6.938E-04 1.728E+03 6.896E-01 5.595E+00 2.000E+00
1.459E+07 7.829E+02 1.939E-01 1.142E-02 7.527E-04 1.674E+03 6.931E-01 5.596E+00 2.000E+00
1.589E+07 8.158E+02 1.911E-01 1.142E-02 8.607E-04 1.755E+03 6.993E-01 5.598E+00 2.000E+00
1.937E+07 6.924E+02 2.028E-01 1.142E-02 1.059E-03 1.734E+03 7.101E-01 5.603E+00 2.000E+00
3.472E+07 5.659E+02 2.173E-01 1.142E-02 1.421E-03 1.800E+03 7.298E-01 5.611E+00 2.000E+00
1.861E+07 5.026E+02 2.266E-01 1.142E-02 2.086E-03 1.962E+03 7.631E-01 5.626E+00 2.000E+00
3.128E+07 2.576E+02 2.716E-01 1.142E-02 3.305E-03 2.792E+03 8.153E-01 5.654E+00 2.000E+00
8.220E+06 2.442E+02 2.841E-01 1.142E-02 5.538E-03 3.312E+03 8.823E-01 5.706E+00 2.000E+00
7.539E+07 4.798E+02 2.269E-01 1.445E-02 6.232E-04 1.829E+03 7.005E-01 5.593E+00 2.000E+00
2.839E+07 6.683E+02 2.047E-01 1.445E-02 6.232E-04 1.662E+03 7.005E-01 5.593E+00 2.000E+00
8.577E+07 6.683E+02 2.047E-01 1.445E-02 6.233E-04 1.662E+03 7.005E-01 5.593E+00 2.000E+00
1.168E+08 6.879E+02 2.027E-01 1.445E-02 6.234E-04 1.669E+03 7.005E-01 5.593E+00 2.000E+00
6.757E+07 6.865E+02 2.028E-01 1.445E-02 6.237E-04 1.660E+03 7.005E-01 5.593E+00 2.000E+00
9.754E+07 5.080E+02 2.232E-01 1.445E-02 6.241E-04 1.784E+03 7.006E-01 5.593E+00 2.000E+00
3.147E+08 3.588E+02 2.446E-01 1.445E-02 6.250E-04 2.190E+03 7.006E-01 5.593E+00 2.000E+00
6.012E+07 8.250E+02 1.901E-01 1.445E-02 6.265E-04 1.734E+03 7.007E-01 5.593E+00 2.000E+00
1.726E+07 3.223E+02 2.503E-01 1.445E-02 6.294E-04 2.400E+03 7.009E-01 5.593E+00 2.000E+00
1.895E+08 2.217E+02 2.659E-01 1.445E-02 6.346E-04 4.500E+03 7.012E-01 5.593E+00 2.000E+00
6.569E+07 8.391E+02 1.889E-01 1.445E-02 6.442E-04 1.767E+03 7.018E-01 5.593E+00 2.000E+00
2.656E+07 5.753E+02 2.150E-01 1.445E-02 6.617E-04 1.714E+03 7.028E-01 5.594E+00 2.000E+00
3.488E+07 8.041E+02 1.919E-01 1.445E-02 6.938E-04 1.741E+03 7.047E-01 5.595E+00 2.000E+00
5.670E+07 7.340E+02 1.983E-01 1.445E-02 7.527E-04 1.702E+03 7.083E-01 5.596E+00 2.000E+00
1.439E+08 7.594E+02 1.961E-01 1.445E-02 8.607E-04 1.766E+03 7.143E-01 5.598E+00 2.000E+00
9.544E+07 6.238E+02 2.100E-01 1.445E-02 1.059E-03 1.755E+03 7.251E-01 5.603E+00 2.000E+00
2.417E+07 2.583E+02 2.638E-01 1.445E-02 1.421E-03 2.985E+03 7.448E-01 5.611E+00 2.000E+00
9.791E+08 5.513E+02 2.202E-01 1.445E-02 2.086E-03 2.089E+03 7.778E-01 5.627E+00 2.000E+00
2.244E+07 2.359E+02 2.761E-01 1.445E-02 3.305E-03 3.057E+03 8.292E-01 5.655E+00 2.000E+00
7.272E+06 2.411E+02 2.849E-01 1.445E-02 5.538E-03 3.588E+03 8.945E-01 5.706E+00 2.000E+00
1.026E+08 4.917E+02 2.254E-01 1.827E-02 6.232E-04 1.832E+03 7.196E-01 5.593E+00 2.000E+00
1.408E+07 4.934E+02 2.251E-01 1.827E-02 6.232E-04 1.834E+03 7.196E-01 5.593E+00 2.000E+00
3.097E+07 4.934E+02 2.251E-01 1.827E-02 6.233E-04 1.830E+03 7.196E-01 5.593E+00 2.000E+00
1.453E+07 5.149E+02 2.224E-01 1.827E-02 6.234E-04 1.800E+03 7.196E-01 5.593E+00 2.000E+00
3.221E+07 2.827E+02 2.567E-01 1.827E-02 6.237E-04 2.784E+03 7.196E-01 5.593E+00 2.000E+00
1.689E+08 3.681E+02 2.431E-01 1.827E-02 6.241E-04 2.160E+03 7.196E-01 5.593E+00 2.000E+00
1.504E+07 4.263E+02 2.344E-01 1.827E-02 6.250E-04 1.964E+03 7.197E-01 5.593E+00 2.000E+00
1.779E+08 2.274E+02 2.652E-01 1.827E-02 6.265E-04 4.151E+03 7.198E-01 5.593E+00 2.000E+00
6.106E+07 8.255E+02 1.901E-01 1.827E-02 6.294E-04 1.888E+03 7.200E-01 5.593E+00 2.000E+00
1.583E+08 4.457E+02 2.317E-01 1.827E-02 6.346E-04 1.918E+03 7.203E-01 5.593E+00 2.000E+00
3.548E+07 7.666E+02 1.952E-01 1.827E-02 6.442E-04 1.775E+03 7.208E-01 5.594E+00 2.000E+00
1.324E+07 2.998E+02 2.541E-01 1.827E-02 6.617E-04 2.594E+03 7.219E-01 5.594E+00 2.000E+00
1.362E+07 2.880E+02 2.561E-01 1.827E-02 6.938E-04 2.843E+03 7.238E-01 5.595E+00 2.000E+00
1.702E+07 2.848E+02 2.568E-01 1.827E-02 7.527E-04 2.742E+03 7.273E-01 5.596E+00 2.000E+00
1.018E+07 2.578E+02 2.616E-01 1.827E-02 8.607E-04 3.119E+03 7.332E-01 5.599E+00 2.000E+00
1.788E+07 7.415E+02 1.980E-01 1.827E-02 1.059E-03 2.035E+03 7.440E-01 5.603E+00 2.000E+00
1.803E+07 5.521E+02 2.190E-01 1.827E-02 1.421E-03 1.905E+03 7.638E-01 5.611E+00 2.000E+00
7.650E+06 5.618E+02 2.188E-01 1.827E-02 2.086E-03 2.342E+03 7.964E-01 5.627E+00 2.000E+00
1.458E+07 3.608E+02 2.517E-01 1.827E-02 3.305E-03 2.538E+03 8.466E-01 5.655E+00 2.000E+00
2.993E+07 2.175E+02 2.910E-01 1.827E-02 5.538E-03 3.746E+03 9.088E-01 5.706E+00 2.000E+00
1.155E+07 7.800E+02 1.940E-01 2.311E-02 6.232E-04 1.993E+03 7.438E-01 5.593E+00 2.000E+00
8.432E+06 3.883E+02 2.401E-01 2.311E-02 6.232E-04 2.103E+03 7.438E-01 5.593E+00 2.000E+00
1.335E+07 3.883E+02 2.401E-01 2.311E-02 6.233E-04 2.103E+03 7.438E-01 5.593E+00 2.000E+00
3.048E+07 5.073E+02 2.234E-01 2.311E-02 6.234E-04 1.845E+03 7.438E-01 5.593E+00 2.000E+00
4.558E+07 3.268E+02 2.497E-01 2.311E-02 6.237E-04 2.400E+03 7.438E-01 5.593E+00 2.000E+00
9.253E+07 4.860E+02 2.261E-01 2.311E-02 6.241E-04 1.873E+03 7.438E-01 5.593E+00 2.000E+00
6.097E+07 7.306E+02 1.985E-01 2.311E-02 6.250E-04 1.856E+03 7.439E-01 5.593E+00 2.000E+00
1.239E+08 7.468E+02 1.970E-01 2.311E-02 6.265E-04 1.890E+03 7.440E-01 5.593E+00 2.000E+00
1.562E+07 6.156E+02 2.104E-01 2.311E-02 6.294E-04 1.777E+03 7.441E-01 5.593E+00 2.000E+00
2.729E+08 5.749E+02 2.150E-01 2.311E-02 6.346E-04 1.790E+03 7.444E-01 5.593E+00 2.000E+00
2.715E+07 2.640E+02 2.598E-01 2.311E-02 6.442E-04 3.066E+03 7.450E-01 5.594E+00 2.000E+00
7.840E+07 6.512E+02 2.065E-01 2.311E-02 6.617E-04 1.791E+03 7.461E-01 5.594E+00 2.000E+00
2.610E+07 2.359E+02 2.644E-01 2.311E-02 6.938E-04 3.741E+03 7.480E-01 5.595E+00 2.000E+00
3.862E+07 6.666E+02 2.050E-01 2.311E-02 7.527E-04 1.834E+03 7.513E-01 5.596E+00 2.000E+00
8.636E+06 7.330E+02 1.986E-01 2.311E-02 8.607E-04 2.118E+03 7.572E-01 5.599E+00 2.000E+00
1.176E+08 2.089E+02 2.701E-01 2.311E-02 1.059E-03 4.916E+03 7.680E-01 5.603E+00 2.000E+00
3.534E+07 5.223E+02 2.228E-01 2.311E-02 1.421E-03 1.989E+03 7.876E-01 5.611E+00 2.000E+00
3.588E+07 4.253E+02 2.379E-01 2.311E-02 2.086E-03 2.200E+03 8.200E-01 5.627E+00 2.000E+00
1.250E+07 2.319E+02 2.771E-01 2.311E-02 3.305E-03 3.203E+03 8.688E-01 5.655E+00 2.000E+00
7.371E+06 2.028E+02 2.949E-01 2.311E-02 5.538E-03 4.160E+03 9.262E-01 5.706E+00 2.000E+00
1.214E+09 5.262E+02 2.210E-01 2.923E-02 6.232E-04 1.883E+03 7.743E-01 5.593E+00 2.000E+00
5.657E+07 5.213E+02 2.216E-01 2.923E-02 6.232E-04 1.887E+03 7.743E-01 5.593E+00 2.000E+00
5.616E+07 3.878E+02 2.402E-01 2.923E-02 6.233E-04 2.138E+03 7.743E-01 5.593E+00 2.000E+00
9.820E+06 3.242E+02 2.502E-01 2.923E-02 6.234E-04 2.443E+03 7.743E-01 5.593E+00 2.000E+00
1.442E+08 5.068E+02 2.234E-01 2.923E-02 6.237E-04 1.900E+03 7.743E-01 5.593E+00 2.000E+00
1.808E+08 5.662E+02 2.160E-01 2.923E-02 6.241E-04 1.866E+03 7.744E-01 5.593E+00 2.000E+00
2.159E+07 4.190E+02 2.356E-01 2.923E-02 6.250E-04 2.046E+03 7.744E-01 5.593E+00 2.000E+00
2.469E+07 2.385E+02 2.638E-01 2.923E-02 6.265E-04 3.680E+03 7.745E-01 5.593E+00 2.000E+00
5.691E+07 5.331E+02 2.201E-01 2.923E-02 6.294E-04 1.880E+03 7.747E-01 5.593E+00 2.000E+00
2.624E+08 5.243E+02 2.212E-01 2.923E-02 6.346E-04 1.887E+03 7.750E-01 5.594E+00 2.000E+00
4.013E+07 6.762E+02 2.039E-01 2.923E-02 6.442E-04 1.970E+03 7.756E-01 5.594E+00 2.000E+00
9.622E+06 4.631E+02 2.294E-01 2.923E-02 6.617E-04 1.960E+03 7.766E-01 5.594E+00 2.000E+00
1.840E+08 5.466E+02 2.185E-01 2.923E-02 6.938E-04 1.887E+03 7.784E-01 5.595E+00 2.000E+00
1.443E+07 2.151E+02 2.678E-01 2.923E-02 7.527E-04 4.750E+03 7.816E-01 5.596E+00 2.000E+00
1.540E+08 4.173E+02 2.363E-01 2.923E-02 8.607E-04 2.071E+03 7.875E-01 5.599E+00 2.000E+00
1.355E+08 2.503E+02 2.638E-01 2.923E-02 1.059E-03 3.243E+03 7.983E-01 5.603E+00 2.000E+00
1.477E+07 2.787E+02 2.605E-01 2.923E-02 1.421E-03 2.789E+03 8.174E-01 5.612E+00 2.000E+00
1.769E+08 4.623E+02 2.324E-01 2.923E-02 2.086E-03 2.465E+03 8.491E-01 5.627E+00 2.000E+00
2.887E+08 2.312E+02 2.773E-01 2.923E-02 3.305E-03 3.298E+03 8.963E-01 5.655E+00 2.000E+00
NAN NAN NAN 2.923E-02 5.538E-03 NAN 9.481E-01 5.706E+00 2.000E+00
2.929E+07 3.452E+02 2.469E-01 3.697E-02 6.232E-04 2.360E+03 8.129E-01 5.593E+00 2.000E+00
2.072E+08 3.452E+02 2.469E-01 3.697E-02 6.232E-04 2.359E+03 8.129E-01 5.593E+00 2.000E+00
3.419E+07 5.744E+02 2.151E-01 3.697E-02 6.233E-04 2.012E+03 8.129E-01 5.593E+00 2.000E+00
1.213E+08 3.103E+02 2.525E-01 3.697E-02 6.234E-04 2.579E+03 8.129E-01 5.593E+00 2.000E+00
1.293E+08 2.746E+02 2.583E-01 3.697E-02 6.237E-04 2.946E+03 8.129E-01 5.593E+00 2.000E+00
4.499E+07 4.269E+02 2.344E-01 3.697E-02 6.241E-04 2.087E+03 8.130E-01 5.594E+00 2.000E+00
6.596E+07 5.506E+02 2.180E-01 3.697E-02 6.250E-04 1.993E+03 8.130E-01 5.594E+00 2.000E+00
2.133E+07 5.116E+02 2.229E-01 3.697E-02 6.265E-04 1.990E+03 8.131E-01 5.594E+00 2.000E+00
3.525E+08 4.446E+02 2.319E-01 3.697E-02 6.294E-04 2.057E+03 8.132E-01 5.594E+00 2.000E+00
1.785E+07 3.451E+02 2.469E-01 3.697E-02 6.346E-04 2.364E+03 8.135E-01 5.594E+00 2.000E+00
6.033E+07 5.964E+02 2.126E-01 3.697E-02 6.442E-04 2.062E+03 8.140E-01 5.594E+00 2.000E+00
7.971E+06 3.390E+02 2.480E-01 3.697E-02 6.617E-04 2.393E+03 8.150E-01 5.594E+00 2.000E+00
1.158E+07 4.764E+02 2.276E-01 3.697E-02 6.938E-04 2.027E+03 8.167E-01 5.595E+00 2.000E+00
2.011E+07 5.234E+02 2.216E-01 3.697E-02 7.527E-04 2.029E+03 8.200E-01 5.596E+00 2.000E+00
1.181E+08 5.284E+02 2.211E-01 3.697E-02 8.607E-04 2.080E+03 8.258E-01 5.599E+00 2.000E+00
1.704E+08 2.728E+02 2.602E-01 3.697E-02 1.059E-03 2.923E+03 8.366E-01 5.603E+00 2.000E+00
1.175E+07 4.669E+02 2.304E-01 3.697E-02 1.421E-03 2.305E+03 8.552E-01 5.612E+00 2.000E+00
2.611E+07 3.707E+02 2.468E-01 3.697E-02 2.086E-03 2.542E+03 8.858E-01 5.627E+00 2.000E+00
1.088E+07 2.453E+02 2.746E-01 3.697E-02 3.305E-03 3.345E+03 9.297E-01 5.655E+00 2.000E+00
NAN NAN NAN 3.697E-02 5.538E-03 NAN 9.721E-01 5.706E+00 2.000E+00
5.289E+07 3.727E+02 2.426E-01 4.677E-02 6.232E-04 2.326E+03 8.614E-01 5.594E+00 2.000E+00
3.392E+07 3.622E+02 2.443E-01 4.677E-02 6.232E-04 2.353E+03 8.614E-01 5.594E+00 2.000E+00
9.183E+07 5.732E+02 2.153E-01 4.677E-02 6.233E-04 2.488E+03 8.614E-01 5.594E+00 2.000E+00
1.487E+07 2.258E+02 2.660E-01 4.677E-02 6.234E-04 4.159E+03 8.614E-01 5.594E+00 2.000E+00
2.167E+07 2.162E+02 2.674E-01 4.677E-02 6.237E-04 4.704E+03 8.615E-01 5.594E+00 2.000E+00
4.153E+07 2.396E+02 2.639E-01 4.677E-02 6.241E-04 3.662E+03 8.615E-01 5.594E+00 2.000E+00
2.542E+07 5.620E+02 2.166E-01 4.677E-02 6.250E-04 2.364E+03 8.615E-01 5.594E+00 2.000E+00
4.506E+07 3.503E+02 2.462E-01 4.677E-02 6.265E-04 2.402E+03 8.616E-01 5.594E+00 2.000E+00
3.477E+07 5.299E+02 2.206E-01 4.677E-02 6.294E-04 2.279E+03 8.618E-01 5.594E+00 2.000E+00
2.139E+07 2.385E+02 2.642E-01 4.677E-02 6.346E-04 3.696E+03 8.621E-01 5.594E+00 2.000E+00
3.988E+07 3.361E+02 2.485E-01 4.677E-02 6.442E-04 2.476E+03 8.626E-01 5.594E+00 2.000E+00
4.570E+07 2.632E+02 2.604E-01 4.677E-02 6.617E-04 3.147E+03 8.635E-01 5.595E+00 2.000E+00
5.922E+07 5.119E+02 2.230E-01 4.677E-02 6.938E-04 2.231E+03 8.653E-01 5.595E+00 2.000E+00
2.453E+07 5.133E+02 2.229E-01 4.677E-02 7.527E-04 2.278E+03 8.685E-01 5.597E+00 2.000E+00
4.914E+07 3.592E+02 2.454E-01 4.677E-02 8.607E-04 2.393E+03 8.744E-01 5.599E+00 2.000E+00
2.807E+07 2.080E+02 2.708E-01 4.677E-02 1.059E-03 4.825E+03 8.852E-01 5.604E+00 2.000E+00
5.992E+06 3.379E+02 2.505E-01 4.677E-02 1.421E-03 2.568E+03 9.029E-01 5.612E+00 2.000E+00
6.499E+06 2.630E+02 2.661E-01 4.677E-02 2.086E-03 3.115E+03 9.323E-01 5.627E+00 2.000E+00
1.690E+07 2.629E+02 2.711E-01 4.677E-02 3.305E-03 3.936E+03 9.703E-01 5.655E+00 2.000E+00
NAN NAN NAN 4.677E-02 5.538E-03 NAN 9.952E-01 5.706E+00 2.000E+00
3.338E+07 3.703E+02 2.431E-01 5.915E-02 6.232E-04 2.461E+03 9.227E-01 5.594E+00 3.000E+00
1.044E+09 3.703E+02 2.431E-01 5.915E-02 6.232E-04 2.461E+03 9.227E-01 5.594E+00 3.000E+00
2.962E+08 3.643E+02 2.440E-01 5.915E-02 6.233E-04 2.477E+03 9.227E-01 5.594E+00 3.000E+00
2.223E+07 3.614E+02 2.445E-01 5.915E-02 6.234E-04 2.485E+03 9.228E-01 5.594E+00 3.000E+00
2.142E+07 3.672E+02 2.436E-01 5.915E-02 6.237E-04 2.469E+03 9.228E-01 5.594E+00 3.000E+00
1.780E+07 2.917E+02 2.558E-01 5.915E-02 6.241E-04 2.877E+03 9.228E-01 5.594E+00 3.000E+00
2.010E+07 2.060E+02 2.691E-01 5.915E-02 6.250E-04 5.457E+03 9.228E-01 5.594E+00 3.000E+00
5.318E+07 4.911E+02 2.256E-01 5.915E-02 6.265E-04 2.704E+03 9.229E-01 5.594E+00 3.000E+00
1.394E+07 4.624E+02 2.295E-01 5.915E-02 6.294E-04 2.499E+03 9.231E-01 5.594E+00 3.000E+00
9.952E+06 3.976E+02 2.389E-01 5.915E-02 6.346E-04 2.420E+03 9.234E-01 5.594E+00 3.000E+00
9.561E+06 3.410E+02 2.478E-01 5.915E-02 6.442E-04 2.561E+03 9.239E-01 5.594E+00 3.000E+00
7.535E+07 2.508E+02 2.626E-01 5.915E-02 6.617E-04 3.441E+03 9.248E-01 5.595E+00 3.000E+00
9.933E+07 3.673E+02 2.438E-01 5.915E-02 6.938E-04 2.487E+03 9.266E-01 5.596E+00 3.000E+00
3.509E+07 3.965E+02 2.394E-01 5.915E-02 7.527E-04 2.478E+03 9.298E-01 5.597E+00 3.000E+00
9.926E+06 4.336E+02 2.341E-01 5.915E-02 8.607E-04 2.610E+03 9.357E-01 5.599E+00 3.000E+00
2.886E+08 3.589E+02 2.461E-01 5.915E-02 1.059E-03 2.628E+03 9.456E-01 5.604E+00 3.000E+00
1.400E+07 3.776E+02 2.441E-01 5.915E-02 1.421E-03 2.962E+03 9.627E-01 5.612E+00 3.000E+00
2.131E+07 2.151E+02 2.752E-01 5.915E-02 2.086E-03 4.026E+03 9.888E-01 5.628E+00 3.000E+00
6.292E+06 2.141E+02 2.815E-01 5.915E-02 3.305E-03 4.731E+03 1.000E+00 5.656E+00 0.000E+00
NAN NAN NAN 5.915E-02 5.538E-03 NAN 1.000E+00 5.707E+00 0.000E+00
2.097E+07 3.667E+02 2.438E-01 7.482E-02 6.232E-04 2.798E+03 1.000E+00 5.594E+00 3.000E+00
5.016E+07 3.667E+02 2.438E-01 7.482E-02 6.232E-04 2.799E+03 1.000E+00 5.594E+00 3.000E+00
8.831E+07 3.841E+02 2.411E-01 7.482E-02 6.233E-04 2.851E+03 1.000E+00 5.594E+00 3.000E+00
2.967E+08 3.600E+02 2.448E-01 7.482E-02 6.234E-04 2.791E+03 1.000E+00 5.594E+00 3.000E+00
1.180E+07 3.106E+02 2.528E-01 7.482E-02 6.237E-04 2.905E+03 1.000E+00 5.594E+00 3.000E+00
1.273E+07 2.085E+02 2.691E-01 7.482E-02 6.241E-04 5.173E+03 1.000E+00 5.594E+00 3.000E+00
1.082E+07 2.042E+02 2.697E-01 7.482E-02 6.250E-04 5.509E+03 1.000E+00 5.594E+00 3.000E+00
5.200E+07 3.736E+02 2.427E-01 7.482E-02 6.265E-04 2.816E+03 1.000E+00 5.594E+00 3.000E+00
8.746E+06 3.962E+02 2.392E-01 7.482E-02 6.294E-04 2.939E+03 1.000E+00 5.594E+00 3.000E+00
5.525E+07 3.581E+02 2.452E-01 7.482E-02 6.346E-04 2.799E+03 1.000E+00 5.595E+00 3.000E+00
3.162E+07 2.321E+02 2.657E-01 7.482E-02 6.442E-04 3.966E+03 1.000E+00 5.595E+00 3.000E+00
1.245E+07 2.424E+02 2.642E-01 7.482E-02 6.617E-04 3.695E+03 1.000E+00 5.595E+00 3.000E+00
2.534E+07 2.182E+02 2.681E-01 7.482E-02 6.938E-04 4.471E+03 1.000E+00 5.596E+00 3.000E+00
2.367E+07 2.924E+02 2.563E-01 7.482E-02 7.527E-04 3.047E+03 1.000E+00 5.597E+00 3.000E+00
4.479E+07 2.173E+02 2.691E-01 7.482E-02 8.607E-04 4.424E+03 1.000E+00 5.600E+00 3.000E+00
6.451E+08 3.182E+02 2.530E-01 7.482E-02 1.059E-03 3.086E+03 1.000E+00 5.604E+00 3.000E+00
1.238E+07 3.309E+02 2.520E-01 7.482E-02 1.421E-03 3.857E+03 1.000E+00 5.613E+00 3.000E+00
1.094E+08 2.620E+02 2.668E-01 7.482E-02 2.086E-03 4.732E+03 1.000E+00 5.628E+00 0.000E+00
NAN NAN NAN 7.482E-02 3.305E-03 NAN 1.000E+00 5.656E+00 0.000E+00
NAN NAN NAN 7.482E-02 5.538E-03 NAN 1.000E+00 5.707E+00 0.000E+00
1.926E+07 2.349E+02 2.656E-01 9.464E-02 6.232E-04 4.061E+03 1.000E+00 5.595E+00 3.000E+00
4.942E+07 3.344E+02 2.491E-01 9.464E-02 6.232E-04 3.807E+03 1.000E+00 5.595E+00 3.000E+00
6.874E+06 2.447E+02 2.640E-01 9.464E-02 6.233E-04 3.857E+03 1.000E+00 5.595E+00 3.000E+00
2.116E+07 2.504E+02 2.631E-01 9.464E-02 6.234E-04 3.797E+03 1.000E+00 5.595E+00 3.000E+00
7.911E+07 3.142E+02 2.525E-01 9.464E-02 6.237E-04 3.490E+03 1.000E+00 5.595E+00 3.000E+00
1.197E+08 2.434E+02 2.642E-01 9.464E-02 6.241E-04 3.880E+03 1.000E+00 5.595E+00 3.000E+00
4.341E+07 2.457E+02 2.638E-01 9.464E-02 6.250E-04 3.839E+03 1.000E+00 5.595E+00 3.000E+00
1.886E+07 2.482E+02 2.634E-01 9.464E-02 6.265E-04 3.799E+03 1.000E+00 5.595E+00 3.000E+00
8.082E+06 2.429E+02 2.643E-01 9.464E-02 6.294E-04 3.891E+03 1.000E+00 5.595E+00 3.000E+00
1.547E+07 2.893E+02 2.566E-01 9.464E-02 6.346E-04 3.448E+03 1.000E+00 5.595E+00 3.000E+00
8.443E+06 2.266E+02 2.670E-01 9.464E-02 6.442E-04 4.284E+03 1.000E+00 5.595E+00 3.000E+00
4.077E+07 2.586E+02 2.619E-01 9.464E-02 6.617E-04 3.676E+03 1.000E+00 5.596E+00 3.000E+00
1.913E+07 2.987E+02 2.553E-01 9.464E-02 6.938E-04 3.508E+03 1.000E+00 5.596E+00 3.000E+00
1.681E+07 2.460E+02 2.643E-01 9.464E-02 7.527E-04 3.861E+03 1.000E+00 5.598E+00 0.000E+00
5.182E+06 2.506E+02 2.641E-01 9.464E-02 8.607E-04 3.837E+03 1.000E+00 5.600E+00 0.000E+00
1.989E+07 2.364E+02 2.673E-01 9.464E-02 1.059E-03 4.114E+03 1.000E+00 5.605E+00 0.000E+00
3.400E+07 2.526E+02 2.661E-01 9.464E-02 1.421E-03 4.496E+03 1.000E+00 5.613E+00 0.000E+00
1.430E+07 2.035E+02 2.782E-01 9.464E-02 2.086E-03 5.807E+03 1.000E+00 5.628E+00 0.000E+00
NAN NAN NAN 9.464E-02 3.305E-03 NAN 1.000E+00 5.656E+00 0.000E+00
NAN NAN NAN 9.464E-02 5.538E-03 NAN 1.000E+00 5.708E+00 0.000E+00
1.361E+07 2.062E+02 2.706E-01 1.197E-01 6.232E-04 5.471E+03 1.000E+00 5.595E+00 0.000E+00
1.463E+07 2.062E+02 2.706E-01 1.197E-01 6.232E-04 5.474E+03 1.000E+00 5.595E+00 0.000E+00
1.701E+07 2.062E+02 2.706E-01 1.197E-01 6.233E-04 5.471E+03 1.000E+00 5.595E+00 0.000E+00
2.458E+07 2.062E+02 2.706E-01 1.197E-01 6.234E-04 5.471E+03 1.000E+00 5.595E+00 0.000E+00
1.833E+08 2.062E+02 2.706E-01 1.197E-01 6.237E-04 5.471E+03 1.000E+00 5.595E+00 0.000E+00
1.971E+07 2.169E+02 2.690E-01 1.197E-01 6.241E-04 5.266E+03 1.000E+00 5.595E+00 0.000E+00
1.845E+07 2.051E+02 2.708E-01 1.197E-01 6.250E-04 5.540E+03 1.000E+00 5.595E+00 0.000E+00
1.022E+09 2.162E+02 2.691E-01 1.197E-01 6.265E-04 5.068E+03 1.000E+00 5.595E+00 0.000E+00
6.288E+06 2.064E+02 2.706E-01 1.197E-01 6.294E-04 5.462E+03 1.000E+00 5.596E+00 0.000E+00
1.137E+07 2.451E+02 2.644E-01 1.197E-01 6.346E-04 4.759E+03 1.000E+00 5.596E+00 0.000E+00
6.729E+06 2.448E+02 2.645E-01 1.197E-01 6.442E-04 4.745E+03 1.000E+00 5.596E+00 0.000E+00
5.172E+06 2.510E+02 2.636E-01 1.197E-01 6.617E-04 4.888E+03 1.000E+00 5.596E+00 0.000E+00
4.869E+07 2.451E+02 2.647E-01 1.197E-01 6.938E-04 4.882E+03 1.000E+00 5.597E+00 0.000E+00
1.013E+08 2.178E+02 2.695E-01 1.197E-01 7.527E-04 5.109E+03 1.000E+00 5.598E+00 0.000E+00
5.985E+07 2.157E+02 2.703E-01 1.197E-01 8.607E-04 5.267E+03 1.000E+00 5.601E+00 0.000E+00
9.710E+06 2.099E+02 2.723E-01 1.197E-01 1.059E-03 5.710E+03 1.000E+00 5.605E+00 0.000E+00
NAN NAN NAN 1.197E-01 1.421E-03 NAN 1.000E+00 5.614E+00 0.000E+00
NAN NAN NAN 1.197E-01 2.086E-03 NAN 1.000E+00 5.629E+00 0.000E+00
NAN NAN NAN 1.197E-01 3.305E-03 NAN 1.000E+00 5.657E+00 0.000E+00
NAN NAN NAN 1.197E-01 5.538E-03 NAN 1.000E+00 5.708E+00 0.000E+00
NAN NAN NAN 1.514E-01 6.232E-04 NAN 1.000E+00 5.596E+00 0.000E+00
NAN NAN NAN 1.514E-01 6.232E-04 NAN 1.000E+00 5.596E+00 0.000E+00
NAN NAN NAN 1.514E-01 6.233E-04 NAN 1.000E+00 5.596E+00 0.000E+00
NAN NAN NAN 1.514E-01 6.234E-04 NAN 1.000E+00 5.596E+00 0.000E+00
NAN NAN NAN 1.514E-01 6.237E-04 NAN 1.000E+00 5.596E+00 0.000E+00
NAN NAN NAN 1.514E-01 6.241E-04 NAN 1.000E+00 5.596E+00 0.000E+00
NAN NAN NAN 1.514E-01 6.250E-04 NAN 1.000E+00 5.596E+00 0.000E+00
NAN NAN NAN 1.514E-01 6.265E-04 NAN 1.000E+00 5.596E+00 0.000E+00
NAN NAN NAN 1.514E-01 6.294E-04 NAN 1.000E+00 5.596E+00 0.000E+00
NAN NAN NAN 1.514E-01 6.346E-04 NAN 1.000E+00 5.596E+00 0.000E+00
NAN NAN NAN 1.514E-01 6.442E-04 NAN 1.000E+00 5.597E+00 0.000E+00
NAN NAN NAN 1.514E-01 6.617E-04 NAN 1.000E+00 5.597E+00 0.000E+00
NAN NAN NAN 1.514E-01 6.938E-04 NAN 1.000E+00 5.598E+00 0.000E+00
NAN NAN NAN 1.514E-01 7.527E-04 NAN 1.000E+00 5.599E+00 0.000E+00
NAN NAN NAN 1.514E-01 8.607E-04 NAN 1.000E+00 5.602E+00 0.000E+00
NAN NAN NAN 1.514E-01 1.059E-03 NAN 1.000E+00 5.606E+00 0.000E+00
NAN NAN NAN 1.514E-01 1.421E-03 NAN 1.000E+00 5.614E+00 0.000E+00
NAN NAN NAN 1.514E-01 2.086E-03 NAN 1.000E+00 5.630E+00 0.000E+00
NAN NAN NAN 1.514E-01 3.305E-03 NAN 1.000E+00 5.658E+00 0.000E+00
NAN NAN NAN 1.514E-01 5.538E-03 NAN 1.000E+00 5.709E+00 0.000E+00
NAN NAN NAN 1.915E-01 6.232E-04 NAN 1.000E+00 5.597E+00 0.000E+00
NAN NAN NAN 1.915E-01 6.232E-04 NAN 1.000E+00 5.597E+00 0.000E+00
NAN NAN NAN 1.915E-01 6.233E-04 NAN 1.000E+00 5.597E+00 0.000E+00
NAN NAN NAN 1.915E-01 6.234E-04 NAN 1.000E+00 5.597E+00 0.000E+00
NAN NAN NAN 1.915E-01 6.237E-04 NAN 1.000E+00 5.597E+00 0.000E+00
NAN NAN NAN 1.915E-01 6.241E-04 NAN 1.000E+00 5.597E+00 0.000E+00
NAN NAN NAN 1.915E-01 6.250E-04 NAN 1.000E+00 5.597E+00 0.000E+00
NAN NAN NAN 1.915E-01 6.265E-04 NAN 1.000E+00 5.597E+00 0.000E+00
NAN NAN NAN 1.915E-01 6.294E-04 NAN 1.000E+00 5.597E+00 0.000E+00
NAN NAN NAN 1.915E-01 6.346E-04 NAN 1.000E+00 5.597E+00 0.000E+00
NAN NAN NAN 1.915E-01 6.442E-04 NAN 1.000E+00 5.598E+00 0.000E+00
NAN NAN NAN 1.915E-01 6.617E-04 NAN 1.000E+00 5.598E+00 0.000E+00
NAN NAN NAN 1.915E-01 6.938E-04 NAN 1.000E+00 5.599E+00 0.000E+00
NAN NAN NAN 1.915E-01 7.527E-04 NAN 1.000E+00 5.600E+00 0.000E+00
NAN NAN NAN 1.915E-01 8.607E-04 NAN 1.000E+00 5.602E+00 0.000E+00
NAN NAN NAN 1.915E-01 1.059E-03 NAN 1.000E+00 5.607E+00 0.000E+00
NAN NAN NAN 1.915E-01 1.421E-03 NAN 1.000E+00 5.615E+00 0.000E+00
NAN NAN NAN 1.915E-01 2.086E-03 NAN 1.000E+00 5.631E+00 0.000E+00
NAN NAN NAN 1.915E-01 3.305E-03 NAN 1.000E+00 5.659E+00 0.000E+00
NAN NAN NAN 1.915E-01 5.538E-03 NAN 1.000E+00 5.710E+00 0.000E+00
NAN NAN NAN 2.422E-01 6.232E-04 NAN 1.000E+00 5.598E+00 0.000E+00
NAN NAN NAN 2.422E-01 6.232E-04 NAN 1.000E+00 5.598E+00 0.000E+00
NAN NAN NAN 2.422E-01 6.233E-04 NAN 1.000E+00 5.598E+00 0.000E+00
NAN NAN NAN 2.422E-01 6.234E-04 NAN 1.000E+00 5.598E+00 0.000E+00
NAN NAN NAN 2.422E-01 6.237E-04 NAN 1.000E+00 5.598E+00 0.000E+00
NAN NAN NAN 2.422E-01 6.241E-04 NAN 1.000E+00 5.598E+00 0.000E+00
NAN NAN NAN 2.422E-01 6.250E-04 NAN 1.000E+00 5.598E+00 0.000E+00
NAN NAN NAN 2.422E-01 6.265E-04 NAN 1.000E+00 5.598E+00 0.000E+00
NAN NAN NAN 2.422E-01 6.294E-04 NAN 1.000E+00 5.598E+00 0.000E+00
NAN NAN NAN 2.422E-01 6.346E-04 NAN 1.000E+00 5.598E+00 0.000E+00
NAN NAN NAN 2.422E-01 6.442E-04 NAN 1.000E+00 5.599E+00 0.000E+00
NAN NAN NAN 2.422E-01 6.617E-04 NAN 1.000E+00 5.599E+00 0.000E+00
NAN NAN NAN 2.422E-01 6.938E-04 NAN 1.000E+00 5.600E+00 0.000E+00
NAN NAN NAN 2.422E-01 7.527E-04 NAN 1.000E+00 5.601E+00 0.000E+00
NAN NAN NAN 2.422E-01 8.607E-04 NAN 1.000E+00 5.604E+00 0.000E+00
NAN NAN NAN 2.422E-01 1.059E-03 NAN 1.000E+00 5.608E+00 0.000E+00
NAN NAN NAN 2.422E-01 1.421E-03 NAN 1.000E+00 5.617E+00 0.000E+00
NAN NAN NAN 2.422E-01 2.086E-03 NAN 1.000E+00 5.632E+00 0.000E+00
NAN NAN NAN 2.422E-01 3.305E-03 NAN 1.000E+00 5.660E+00 0.000E+00
NAN NAN NAN 2.422E-01 5.538E-03 NAN 1.000E+00 5.711E+00 0.000E+00
NAN NAN NAN 3.064E-01 6.232E-04 NAN 1.000E+00 5.600E+00 3.000E+00
NAN NAN NAN 3.064E-01 6.232E-04 NAN 1.000E+00 5.600E+00 3.000E+00
NAN NAN NAN 3.064E-01 6.233E-04 NAN 1.000E+00 5.600E+00 3.000E+00
NAN NAN NAN 3.064E-01 6.234E-04 NAN 1.000E+00 5.600E+00 3.000E+00
NAN NAN NAN 3.064E-01 6.237E-04 NAN 1.000E+00 5.600E+00 3.000E+00
NAN NAN NAN 3.064E-01 6.241E-04 NAN 1.000E+00 5.600E+00 3.000E+00
NAN NAN NAN 3.064E-01 6.250E-04 NAN 1.000E+00 5.600E+00 3.000E+00
NAN NAN NAN 3.064E-01 6.265E-04 NAN 1.000E+00 5.600E+00 3.000E+00
NAN NAN NAN 3.064E-01 6.294E-04 NAN 1.000E+00 5.600E+00 3.000E+00
NAN NAN NAN 3.064E-01 6.346E-04 NAN 1.000E+00 5.600E+00 3.000E+00
NAN NAN NAN 3.064E-01 6.442E-04 NAN 1.000E+00 5.600E+00 3.000E+00
NAN NAN NAN 3.064E-01 6.617E-04 NAN 1.000E+00 5.601E+00 3.000E+00
NAN NAN NAN 3.064E-01 6.938E-04 NAN 1.000E+00 5.601E+00 3.000E+00
NAN NAN NAN 3.064E-01 7.527E-04 NAN 1.000E+00 5.603E+00 3.000E+00
NAN NAN NAN 3.064E-01 8.607E-04 NAN 1.000E+00 5.605E+00 3.000E+00
NAN NAN NAN 3.064E-01 1.059E-03 NAN 1.000E+00 5.610E+00 3.000E+00
NAN NAN NAN 3.064E-01 1.421E-03 NAN 1.000E+00 5.618E+00 3.000E+00
NAN NAN NAN 3.064E-01 2.086E-03 NAN 1.000E+00 5.633E+00 0.000E+00
NAN NAN NAN 3.064E-01 3.305E-03 NAN 1.000E+00 5.661E+00 0.000E+00
NAN NAN NAN 3.064E-01 5.538E-03 NAN 1.000E+00 5.712E+00 0.000E+00
NAN NAN NAN 3.875E-01 6.232E-04 NAN 1.000E+00 5.602E+00 3.000E+00
NAN NAN NAN 3.875E-01 6.232E-04 NAN 1.000E+00 5.602E+00 3.000E+00
NAN NAN NAN 3.875E-01 6.233E-04 NAN 1.000E+00 5.602E+00 3.000E+00
NAN NAN NAN 3.875E-01 6.234E-04 NAN 1.000E+00 5.602E+00 3.000E+00
NAN NAN NAN 3.875E-01 6.237E-04 NAN 1.000E+00 5.602E+00 3.000E+00
NAN NAN NAN 3.875E-01 6.241E-04 NAN 1.000E+00 5.602E+00 3.000E+00
NAN NAN NAN 3.875E-01 6.250E-04 NAN 1.000E+00 5.602E+00 3.000E+00
NAN NAN NAN 3.875E-01 6.265E-04 NAN 1.000E+00 5.602E+00 3.000E+00
NAN NAN NAN 3.875E-01 6.294E-04 NAN 1.000E+00 5.602E+00 3.000E+00
NAN NAN NAN 3.875E-01 6.346E-04 NAN 1.000E+00 5.602E+00 3.000E+00
NAN NAN NAN 3.875E-01 6.442E-04 NAN 1.000E+00 5.602E+00 3.000E+00
NAN NAN NAN 3.875E-01 6.617E-04 NAN 1.000E+00 5.602E+00 3.000E+00
NAN NAN NAN 3.875E-01 6.938E-04 NAN 1.000E+00 5.603E+00 3.000E+00
NAN NAN NAN 3.875E-01 7.527E-04 NAN 1.000E+00 5.605E+00 3.000E+00
NAN NAN NAN 3.875E-01 8.607E-04 NAN 1.000E+00 5.607E+00 3.000E+00
NAN NAN NAN 3.875E-01 1.059E-03 NAN 1.000E+00 5.612E+00 3.000E+00
NAN NAN NAN 3.875E-01 1.421E-03 NAN 1.000E+00 5.620E+00 3.000E+00
NAN NAN NAN 3.875E-01 2.086E-03 NAN 1.000E+00 5.635E+00 3.000E+00
NAN NAN NAN 3.875E-01 3.305E-03 NAN 1.000E+00 5.663E+00 3.000E+00
NAN NAN NAN 3.875E-01 5.538E-03 NAN 1.000E+00 5.714E+00 0.000E+00
NAN NAN NAN 4.902E-01 6.232E-04 NAN 1.000E+00 5.604E+00 3.000E+00
NAN NAN NAN 4.902E-01 6.232E-04 NAN 1.000E+00 5.604E+00 3.000E+00
NAN NAN NAN 4.902E-01 6.233E-04 NAN 1.000E+00 5.604E+00 3.000E+00
NAN NAN NAN 4.902E-01 6.234E-04 NAN 1.000E+00 5.604E+00 3.000E+00
NAN NAN NAN 4.902E-01 6.237E-04 NAN 1.000E+00 5.604E+00 3.000E+00
NAN NAN NAN 4.902E-01 6.241E-04 NAN 1.000E+00 5.604E+00 3.000E+00
NAN NAN NAN 4.902E-01 6.250E-04 NAN 1.000E+00 5.604E+00 3.000E+00
NAN NAN NAN 4.902E-01 6.265E-04 NAN 1.000E+00 5.604E+00 3.000E+00
NAN NAN NAN 4.902E-01 6.294E-04 NAN 1.000E+00 5.604E+00 3.000E+00
NAN NAN NAN 4.902E-01 6.346E-04 NAN 1.000E+00 5.604E+00 3.000E+00
NAN NAN NAN 4.902E-01 6.442E-04 NAN 1.000E+00 5.604E+00 3.000E+00
NAN NAN NAN 4.902E-01 6.617E-04 NAN 1.000E+00 5.605E+00 3.000E+00
NAN NAN NAN 4.902E-01 6.938E-04 NAN 1.000E+00 5.606E+00 3.000E+00
NAN NAN NAN 4.902E-01 7.527E-04 NAN 1.000E+00 5.607E+00 3.000E+00
NAN NAN NAN 4.902E-01 8.607E-04 NAN 1.000E+00 5.609E+00 3.000E+00
NAN NAN NAN 4.902E-01 1.059E-03 NAN 1.000E+00 5.614E+00 3.000E+00
NAN NAN NAN 4.902E-01 1.421E-03 NAN 1.000E+00 5.622E+00 3.000E+00
NAN NAN NAN 4.902E-01 2.086E-03 NAN 1.000E+00 5.637E+00 3.000E+00
NAN NAN NAN 4.902E-01 3.305E-03 NAN 1.000E+00 5.665E+00 3.000E+00
NAN NAN NAN 4.902E-01 5.538E-03 NAN 1.000E+00 5.717E+00 3.000E+00
NAN NAN NAN 6.200E-01 6.232E-04 NAN 1.000E+00 5.607E+00 3.000E+00
NAN NAN NAN 6.200E-01 6.232E-04 NAN 1.000E+00 5.607E+00 3.000E+00
NAN NAN NAN 6.200E-01 6.233E-04 NAN 1.000E+00 5.607E+00 3.000E+00
NAN NAN NAN 6.200E-01 6.234E-04 NAN 1.000E+00 5.607E+00 3.000E+00
NAN NAN NAN 6.200E-01 6.237E-04 NAN 1.000E+00 5.607E+00 3.000E+00
NAN NAN NAN 6.200E-01 6.241E-04 NAN 1.000E+00 5.607E+00 3.000E+00
NAN NAN NAN 6.200E-01 6.250E-04 NAN 1.000E+00 5.607E+00 3.000E+00
NAN NAN NAN 6.200E-01 6.265E-04 NAN 1.000E+00 5.607E+00 3.000E+00
NAN NAN NAN 6.200E-01 6.294E-04 NAN 1.000E+00 5.607E+00 3.000E+00
NAN NAN NAN 6.200E-01 6.346E-04 NAN 1.000E+00 5.607E+00 3.000E+00
NAN NAN NAN 6.200E-01 6.442E-04 NAN 1.000E+00 5.607E+00 3.000E+00
NAN NAN NAN 6.200E-01 6.617E-04 NAN 1.000E+00 5.608E+00 3.000E+00
NAN NAN NAN 6.200E-01 6.938E-04 NAN 1.000E+00 5.608E+00 3.000E+00
NAN NAN NAN 6.200E-01 7.527E-04 NAN 1.000E+00 5.610E+00 3.000E+00
NAN NAN NAN 6.200E-01 8.607E-04 NAN 1.000E+00 5.612E+00 3.000E+00
NAN NAN NAN 6.200E-01 1.059E-03 NAN 1.000E+00 5.617E+00 3.000E+00
NAN NAN NAN 6.200E-01 1.421E-03 NAN 1.000E+00 5.625E+00 3.000E+00
NAN NAN NAN 6.200E-01 2.086E-03 NAN 1.000E+00 5.640E+00 3.000E+00
NAN NAN NAN 6.200E-01 3.305E-03 NAN 1.000E+00 5.668E+00 3.000E+00
NAN NAN NAN 6.200E-01 5.538E-03 NAN 1.000E+00 5.720E+00 3.000E+00
NAN NAN NAN 7.842E-01 6.232E-04 NAN 1.000E+00 5.611E+00 3.000E+00
NAN NAN NAN 7.842E-01 6.232E-04 NAN 1.000E+00 5.611E+00 3.000E+00
NAN NAN NAN 7.842E-01 6.233E-04 NAN 1.000E+00 5.611E+00 3.000E+00
NAN NAN NAN 7.842E-01 6.234E-04 NAN 1.000E+00 5.611E+00 3.000E+00
NAN NAN NAN 7.842E-01 6.237E-04 NAN 1.000E+00 5.611E+00 3.000E+00
NAN NAN NAN 7.842E-01 6.241E-04 NAN 1.000E+00 5.611E+00 3.000E+00
NAN NAN NAN 7.842E-01 6.250E-04 NAN 1.000E+00 5.611E+00 3.000E+00
NAN NAN NAN 7.842E-01 6.265E-04 NAN 1.000E+00 5.611E+00 3.000E+00
NAN NAN NAN 7.842E-01 6.294E-04 NAN 1.000E+00 5.611E+00 3.000E+00
NAN NAN NAN 7.842E-01 6.346E-04 NAN 1.000E+00 5.611E+00 3.000E+00
NAN NAN NAN 7.842E-01 6.442E-04 NAN 1.000E+00 5.611E+00 3.000E+00
NAN NAN NAN 7.842E-01 6.617E-04 NAN 1.000E+00 5.612E+00 3.000E+00
NAN NAN NAN 7.842E-01 6.938E-04 NAN 1.000E+00 5.612E+00 3.000E+00
NAN NAN NAN 7.842E-01 7.527E-04 NAN 1.000E+00 5.614E+00 3.000E+00
NAN NAN NAN 7.842E-01 8.607E-04 NAN 1.000E+00 5.616E+00 3.000E+00
NAN NAN NAN 7.842E-01 1.059E-03 NAN 1.000E+00 5.621E+00 3.000E+00
NAN NAN NAN 7.842E-01 1.421E-03 NAN 1.000E+00 5.629E+00 3.000E+00
NAN NAN NAN 7.842E-01 2.086E-03 NAN 1.000E+00 5.644E+00 3.000E+00
NAN NAN NAN 7.842E-01 3.305E-03 NAN 1.000E+00 5.672E+00 3.000E+00
NAN NAN NAN 7.842E-01 5.538E-03 NAN 1.000E+00 5.723E+00 3.000E+00
NAN NAN NAN 9.919E-01 6.232E-04 NAN 1.000E+00 5.615E+00 3.000E+00
NAN NAN NAN 9.919E-01 6.232E-04 NAN 1.000E+00 5.615E+00 3.000E+00
NAN NAN NAN 9.919E-01 6.233E-04 NAN 1.000E+00 5.615E+00 3.000E+00
NAN NAN NAN 9.919E-01 6.234E-04 NAN 1.000E+00 5.615E+00 3.000E+00
NAN NAN NAN 9.919E-01 6.237E-04 NAN 1.000E+00 5.615E+00 3.000E+00
NAN NAN NAN 9.919E-01 6.241E-04 NAN 1.000E+00 5.615E+00 3.000E+00
NAN NAN NAN 9.919E-01 6.250E-04 NAN 1.000E+00 5.615E+00 3.000E+00
NAN NAN NAN 9.919E-01 6.265E-04 NAN 1.000E+00 5.615E+00 3.000E+00
NAN NAN NAN 9.919E-01 6.294E-04 NAN 1.000E+00 5.616E+00 3.000E+00
NAN NAN NAN 9.919E-01 6.346E-04 NAN 1.000E+00 5.616E+00 3.000E+00
NAN NAN NAN 9.919E-01 6.442E-04 NAN 1.000E+00 5.616E+00 3.000E+00
NAN NAN NAN 9.919E-01 6.617E-04 NAN 1.000E+00 5.616E+00 3.000E+00
NAN NAN NAN 9.919E-01 6.938E-04 NAN 1.000E+00 5.617E+00 3.000E+00
NAN NAN NAN 9.919E-01 7.527E-04 NAN 1.000E+00 5.618E+00 3.000E+00
NAN NAN NAN 9.919E-01 8.607E-04 NAN 1.000E+00 5.621E+00 3.000E+00
NAN NAN NAN 9.919E-01 1.059E-03 NAN 1.000E+00 5.625E+00 3.000E+00
NAN NAN NAN 9.919E-01 1.421E-03 NAN 1.000E+00 5.648E+00 3.000E+00
NAN NAN NAN 9.919E-01 2.086E-03 NAN 1.000E+00 5.691E+00 3.000E+00
NAN NAN NAN 9.919E-01 3.305E-03 NAN 1.000E+00 5.776E+00 3.000E+00
NAN NAN NAN 9.919E-01 5.538E-03 NAN 1.000E+00 5.933E+00 3.000E+00
NAN NAN NAN 1.255E+00 6.232E-04 NAN 1.000E+00 6.913E+00 3.000E+00
NAN NAN NAN 1.255E+00 6.232E-04 NAN 1.000E+00 6.913E+00 3.000E+00
NAN NAN NAN 1.255E+00 6.233E-04 NAN 1.000E+00 6.913E+00 3.000E+00
NAN NAN NAN 1.255E+00 6.234E-04 NAN 1.000E+00 6.913E+00 3.000E+00
NAN NAN NAN 1.255E+00 6.237E-04 NAN 1.000E+00 6.913E+00 3.000E+00
NAN NAN NAN 1.255E+00 6.241E-04 NAN 1.000E+00 6.913E+00 3.000E+00
NAN NAN NAN 1.255E+00 6.250E-04 NAN 1.000E+00 6.913E+00 3.000E+00
NAN NAN NAN 1.255E+00 6.265E-04 NAN 1.000E+00 6.913E+00 3.000E+00
NAN NAN NAN 1.255E+00 6.294E-04 NAN 1.000E+00 6.913E+00 3.000E+00
NAN NAN NAN 1.255E+00 6.346E-04 NAN 1.000E+00 6.913E+00 3.000E+00
NAN NAN NAN 1.255E+00 6.442E-04 NAN 1.000E+00 6.914E+00 3.000E+00
NAN NAN NAN 1.255E+00 6.617E-04 NAN 1.000E+00 6.915E+00 3.000E+00
NAN NAN NAN 1.255E+00 6.938E-04 NAN 1.000E+00 6.917E+00 3.000E+00
NAN NAN NAN 1.255E+00 7.527E-04 NAN 1.000E+00 6.921E+00 3.000E+00
NAN NAN NAN 1.255E+00 8.607E-04 NAN 1.000E+00 6.928E+00 3.000E+00
NAN NAN NAN 1.255E+00 1.059E-03 NAN 1.000E+00 6.941E+00 3.000E+00
NAN NAN NAN 1.255E+00 1.421E-03 NAN 1.000E+00 6.965E+00 3.000E+00
NAN NAN NAN 1.255E+00 2.086E-03 NAN 1.000E+00 7.008E+00 3.000E+00
NAN NAN NAN 1.255E+00 3.305E-03 NAN 1.000E+00 7.090E+00 3.000E+00
NAN NAN NAN 1.255E+00 5.538E-03 NAN 1.000E+00 7.246E+00 3.000E+00
NAN NAN NAN 1.587E+00 6.232E-04 NAN 1.000E+00 8.574E+00 3.000E+00
NAN NAN NAN 1.587E+00 6.232E-04 NAN 1.000E+00 8.574E+00 3.000E+00
NAN NAN NAN 1.587E+00 6.233E-04 NAN 1.000E+00 8.574E+00 3.000E+00
NAN NAN NAN 1.587E+00 6.234E-04 NAN 1.000E+00 8.574E+00 3.000E+00
NAN NAN NAN 1.587E+00 6.237E-04 NAN 1.000E+00 8.574E+00 3.000E+00
NAN NAN NAN 1.587E+00 6.241E-04 NAN 1.000E+00 8.574E+00 3.000E+00
NAN NAN NAN 1.587E+00 6.250E-04 NAN 1.000E+00 8.574E+00 3.000E+00
NAN NAN NAN 1.587E+00 6.265E-04 NAN 1.000E+00 8.575E+00 3.000E+00
NAN NAN NAN 1.587E+00 6.294E-04 NAN 1.000E+00 8.575E+00 3.000E+00
NAN NAN NAN 1.587E+00 6.346E-04 NAN 1.000E+00 8.575E+00 3.000E+00
NAN NAN NAN 1.587E+00 6.442E-04 NAN 1.000E+00 8.576E+00 3.000E+00
NAN NAN NAN 1.587E+00 6.617E-04 NAN 1.000E+00 8.577E+00 3.000E+00
NAN NAN NAN 1.587E+00 6.938E-04 NAN 1.000E+00 8.579E+00 3.000E+00
NAN NAN NAN 1.587E+00 7.527E-04 NAN 1.000E+00 8.583E+00 3.000E+00
NAN NAN NAN 1.587E+00 8.607E-04 NAN 1.000E+00 8.590E+00 3.000E+00
NAN NAN NAN 1.587E+00 1.059E-03 NAN 1.000E+00 8.603E+00 3.000E+00
NAN NAN NAN 1.587E+00 1.421E-03 NAN 1.000E+00 8.626E+00 3.000E+00
NAN NAN NAN 1.587E+00 2.086E-03 NAN 1.000E+00 8.670E+00 3.000E+00
NAN NAN NAN 1.587E+00 3.305E-03 NAN 1.000E+00 8.749E+00 3.000E+00
NAN NAN NAN 1.587E+00 5.538E-03 NAN 1.000E+00 8.903E+00 3.000E+00
NAN NAN NAN 2.007E+00 6.232E-04 NAN 1.000E+00 1.068E+01 3.000E+00
NAN NAN NAN 2.007E+00 6.232E-04 NAN 1.000E+00 1.068E+01 3.000E+00
NAN NAN NAN 2.007E+00 6.233E-04 NAN 1.000E+00 1.068E+01 3.000E+00
NAN NAN NAN 2.007E+00 6.234E-04 NAN 1.000E+00 1.068E+01 3.000E+00
NAN NAN NAN 2.007E+00 6.237E-04 NAN 1.000E+00 1.068E+01 3.000E+00
NAN NAN NAN 2.007E+00 6.241E-04 NAN 1.000E+00 1.068E+01 3.000E+00
NAN NAN NAN 2.007E+00 6.250E-04 NAN 1.000E+00 1.068E+01 3.000E+00
NAN NAN NAN 2.007E+00 6.265E-04 NAN 1.000E+00 1.068E+01 3.000E+00
NAN NAN NAN 2.007E+00 6.294E-04 NAN 1.000E+00 1.068E+01 3.000E+00
NAN NAN NAN 2.007E+00 6.346E-04 NAN 1.000E+00 1.068E+01 3.000E+00
NAN NAN NAN 2.007E+00 6.442E-04 NAN 1.000E+00 1.068E+01 3.000E+00
NAN NAN NAN 2.007E+00 6.617E-04 NAN 1.000E+00 1.068E+01 3.000E+00
NAN NAN NAN 2.007E+00 6.938E-04 NAN 1.000E+00 1.068E+01 3.000E+00
NAN NAN NAN 2.007E+00 7.527E-04 NAN 1.000E+00 1.068E+01 3.000E+00
NAN NAN NAN 2.007E+00 8.607E-04 NAN 1.000E+00 1.069E+01 3.000E+00
NAN NAN NAN 2.007E+00 1.059E-03 NAN 1.000E+00 1.070E+01 3.000E+00
NAN NAN NAN 2.007E+00 1.421E-03 NAN 1.000E+00 1.073E+01 3.000E+00
NAN NAN NAN 2.007E+00 2.086E-03 NAN 1.000E+00 1.077E+01 3.000E+00
NAN NAN NAN 2.007E+00 3.305E-03 NAN 1.000E+00 1.085E+01 3.000E+00
NAN NAN NAN 2.007E+00 5.538E-03 NAN 1.000E+00 1.100E+01 3.000E+00
NAN NAN NAN 2.539E+00 6.232E-04 NAN 1.000E+00 1.334E+01 3.000E+00
NAN NAN NAN 2.539E+00 6.232E-04 NAN 1.000E+00 1.334E+01 3.000E+00
NAN NAN NAN 2.539E+00 6.233E-04 NAN 1.000E+00 1.334E+01 3.000E+00
NAN NAN NAN 2.539E+00 6.234E-04 NAN 1.000E+00 1.334E+01 3.000E+00
NAN NAN NAN 2.539E+00 6.237E-04 NAN 1.000E+00 1.334E+01 3.000E+00
NAN NAN NAN 2.539E+00 6.241E-04 NAN 1.000E+00 1.334E+01 3.000E+00
NAN NAN NAN 2.539E+00 6.250E-04 NAN 1.000E+00 1.334E+01 3.000E+00
NAN NAN NAN 2.539E+00 6.265E-04 NAN 1.000E+00 1.334E+01 3.000E+00
NAN NAN NAN 2.539E+00 6.294E-04 NAN 1.000E+00 1.334E+01 3.000E+00
NAN NAN NAN 2.539E+00 6.346E-04 NAN 1.000E+00 1.334E+01 3.000E+00
NAN NAN NAN 2.539E+00 6.442E-04 NAN 1.000E+00 1.334E+01 3.000E+00
NAN NAN NAN 2.539E+00 6.617E-04 NAN 1.000E+00 1.334E+01 3.000E+00
NAN NAN NAN 2.539E+00 6.938E-04 NAN 1.000E+00 1.334E+01 3.000E+00
NAN NAN NAN 2.539E+00 7.527E-04 NAN 1.000E+00 1.335E+01 3.000E+00
NAN NAN NAN 2.539E+00 8.607E-04 NAN 1.000E+00 1.335E+01 3.000E+00
NAN NAN NAN 2.539E+00 1.059E-03 NAN 1.000E+00 1.337E+01 3.000E+00
NAN NAN NAN 2.539E+00 1.421E-03 NAN 1.000E+00 1.339E+01 3.000E+00
NAN NAN NAN 2.539E+00 2.086E-03 NAN 1.000E+00 1.343E+01 3.000E+00
NAN NAN NAN 2.539E+00 3.305E-03 NAN 1.000E+00 1.351E+01 3.000E+00
NAN NAN NAN 2.539E+00 5.538E-03 NAN 1.000E+00 1.366E+01 3.000E+00
NAN NAN NAN 3.211E+00 6.232E-04 NAN 1.000E+00 1.670E+01 3.000E+00
NAN NAN NAN 3.211E+00 6.232E-04 NAN 1.000E+00 1.670E+01 3.000E+00
NAN NAN NAN 3.211E+00 6.233E-04 NAN 1.000E+00 1.670E+01 3.000E+00
NAN NAN NAN 3.211E+00 6.234E-04 NAN 1.000E+00 1.670E+01 3.000E+00
NAN NAN NAN 3.211E+00 6.237E-04 NAN 1.000E+00 1.670E+01 3.000E+00
NAN NAN NAN 3.211E+00 6.241E-04 NAN 1.000E+00 1.670E+01 3.000E+00
NAN NAN NAN 3.211E+00 6.250E-04 NAN 1.000E+00 1.670E+01 3.000E+00
NAN NAN NAN 3.211E+00 6.265E-04 NAN 1.000E+00 1.670E+01 3.000E+00
NAN NAN NAN 3.211E+00 6.294E-04 NAN 1.000E+00 1.670E+01 3.000E+00
NAN NAN NAN 3.211E+00 6.346E-04 NAN 1.000E+00 1.670E+01 3.000E+00
NAN NAN NAN 3.211E+00 6.442E-04 NAN 1.000E+00 1.670E+01 3.000E+00
NAN NAN NAN 3.211E+00 6.617E-04 NAN 1.000E+00 1.671E+01 3.000E+00
NAN NAN NAN 3.211E+00 6.938E-04 NAN 1.000E+00 1.671E+01 3.000E+00
NAN NAN NAN 3.211E+00 7.527E-04 NAN 1.000E+00 1.671E+01 3.000E+00
NAN NAN NAN 3.211E+00 8.607E-04 NAN 1.000E+00 1.672E+01 3.000E+00
NAN NAN NAN 3.211E+00 1.059E-03 NAN 1.000E+00 1.673E+01 3.000E+00
NAN NAN NAN 3.211E+00 1.421E-03 NAN 1.000E+00 1.675E+01 3.000E+00
NAN NAN NAN 3.211E+00 2.086E-03 NAN 1.000E+00 1.680E+01 3.000E+00
NAN NAN NAN 3.211E+00 3.305E-03 NAN 1.000E+00 1.688E+01 3.000E+00
NAN NAN NAN 3.211E+00 5.538E-03 NAN 1.000E+00 1.702E+01 3.000E+00
NAN NAN NAN 4.062E+00 6.232E-04 NAN 1.000E+00 2.096E+01 3.000E+00
NAN NAN NAN 4.062E+00 6.232E-04 NAN 1.000E+00 2.096E+01 3.000E+00
NAN NAN NAN 4.062E+00 6.233E-04 NAN 1.000E+00 2.096E+01 3.000E+00
NAN NAN NAN 4.062E+00 6.234E-04 NAN 1.000E+00 2.096E+01 3.000E+00
NAN NAN NAN 4.062E+00 6.237E-04 NAN 1.000E+00 2.096E+01 3.000E+00
NAN NAN NAN 4.062E+00 6.241E-04 NAN 1.000E+00 2.096E+01 3.000E+00
NAN NAN NAN 4.062E+00 6.250E-04 NAN 1.000E+00 2.096E+01 3.000E+00
NAN NAN NAN 4.062E+00 6.265E-04 NAN 1.000E+00 2.096E+01 3.000E+00
NAN NAN NAN 4.062E+00 6.294E-04 NAN 1.000E+00 2.096E+01 3.000E+00
NAN NAN NAN 4.062E+00 6.346E-04 NAN 1.000E+00 2.096E+01 3.000E+00
NAN NAN NAN 4.062E+00 6.442E-04 NAN 1.000E+00 2.096E+01 3.000E+00
NAN NAN NAN 4.062E+00 6.617E-04 NAN 1.000E+00 2.096E+01 3.000E+00
NAN NAN NAN 4.062E+00 6.938E-04 NAN 1.000E+00 2.097E+01 3.000E+00
NAN NAN NAN 4.062E+00 7.527E-04 NAN 1.000E+00 2.097E+01 3.000E+00
NAN NAN NAN 4.062E+00 8.607E-04 NAN 1.000E+00 2.098E+01 3.000E+00
NAN NAN NAN 4.062E+00 1.059E-03 NAN 1.000E+00 2.099E+01 3.000E+00
NAN NAN NAN 4.062E+00 1.421E-03 NAN 1.000E+00 2.101E+01 3.000E+00
NAN NAN NAN 4.062E+00 2.086E-03 NAN 1.000E+00 2.106E+01 3.000E+00
NAN NAN NAN 4.062E+00 3.305E-03 NAN 1.000E+00 2.114E+01 3.000E+00
NAN NAN NAN 4.062E+00 5.538E-03 NAN 1.000E+00 2.128E+01 3.000E+00
NAN NAN NAN 5.138E+00 6.232E-04 NAN 1.000E+00 2.635E+01 3.000E+00
NAN NAN NAN 5.138E+00 6.232E-04 NAN 1.000E+00 2.635E+01 3.000E+00
NAN NAN NAN 5.138E+00 6.233E-04 NAN 1.000E+00 2.635E+01 3.000E+00
NAN NAN NAN 5.138E+00 6.234E-04 NAN 1.000E+00 2.635E+01 3.000E+00
NAN NAN NAN 5.138E+00 6.237E-04 NAN 1.000E+00 2.635E+01 3.000E+00
NAN NAN NAN 5.138E+00 6.241E-04 NAN 1.000E+00 2.635E+01 3.000E+00
NAN NAN NAN 5.138E+00 6.250E-04 NAN 1.000E+00 2.635E+01 3.000E+00
NAN NAN NAN 5.138E+00 6.265E-04 NAN 1.000E+00 2.635E+01 3.000E+00
NAN NAN NAN 5.138E+00 6.294E-04 NAN 1.000E+00 2.635E+01 3.000E+00
NAN NAN NAN 5.138E+00 6.346E-04 NAN 1.000E+00 2.635E+01 3.000E+00
NAN NAN NAN 5.138E+00 6.442E-04 NAN 1.000E+00 2.635E+01 3.000E+00
NAN NAN NAN 5.138E+00 6.617E-04 NAN 1.000E+00 2.635E+01 3.000E+00
NAN NAN NAN 5.138E+00 6.938E-04 NAN 1.000E+00 2.635E+01 3.000E+00
NAN NAN NAN 5.138E+00 7.527E-04 NAN 1.000E+00 2.636E+01 3.000E+00
NAN NAN NAN 5.138E+00 8.607E-04 NAN 1.000E+00 2.636E+01 3.000E+00
NAN NAN NAN 5.138E+00 1.059E-03 NAN 1.000E+00 2.638E+01 3.000E+00
NAN NAN NAN 5.138E+00 1.421E-03 NAN 1.000E+00 2.640E+01 3.000E+00
NAN NAN NAN 5.138E+00 2.086E-03 NAN 1.000E+00 2.644E+01 3.000E+00
NAN NAN NAN 5.138E+00 3.305E-03 NAN 1.000E+00 2.652E+01 3.000E+00
NAN NAN NAN 5.138E+00 5.538E-03 NAN 1.000E+00 2.667E+01 3.000E+00
