1.723E+07 4.948E+02 1.412E+00 5.137E-05 6.236E-05 1.658E+03 8.536E-01 3.520E+01 2.000E+00
3.033E+07 4.948E+02 1.412E+00 5.137E-05 6.240E-05 1.658E+03 8.536E-01 3.520E+01 2.000E+00
4.707E+07 4.542E+02 1.446E+00 5.137E-05 6.248E-05 1.754E+03 8.536E-01 3.520E+01 2.000E+00
1.726E+07 5.443E+02 1.373E+00 5.137E-05 6.261E-05 1.568E+03 8.536E-01 3.520E+01 2.000E+00
5.195E+06 5.452E+02 1.372E+00 5.137E-05 6.287E-05 1.576E+03 8.536E-01 3.520E+01 2.000E+00
5.770E+06 5.425E+02 1.374E+00 5.137E-05 6.333E-05 1.571E+03 8.536E-01 3.520E+01 2.000E+00
6.724E+06 6.264E+02 1.314E+00 5.137E-05 6.418E-05 1.458E+03 8.536E-01 3.520E+01 2.000E+00
2.359E+07 6.840E+02 1.276E+00 5.137E-05 6.573E-05 1.400E+03 8.536E-01 3.520E+01 2.000E+00
4.600E+06 9.062E+02 1.155E+00 5.137E-05 6.858E-05 1.256E+03 8.537E-01 3.520E+01 2.000E+00
1.220E+07 9.080E+02 1.154E+00 5.137E-05 7.379E-05 1.259E+03 8.537E-01 3.520E+01 2.000E+00
2.727E+07 4.282E+02 1.468E+00 5.137E-05 8.336E-05 1.827E+03 8.539E-01 3.520E+01 2.000E+00
2.543E+07 6.072E+02 1.327E+00 5.137E-05 1.009E-04 1.480E+03 8.541E-01 3.520E+01 2.000E+00
2.754E+06 4.607E+02 1.440E+00 5.137E-05 1.330E-04 1.735E+03 8.545E-01 3.520E+01 2.000E+00
2.302E+07 4.606E+02 1.440E+00 5.137E-05 1.919E-04 1.741E+03 8.552E-01 3.520E+01 2.000E+00
5.732E+06 5.439E+02 1.374E+00 5.137E-05 2.999E-04 1.568E+03 8.565E-01 3.520E+01 2.000E+00
8.062E+06 4.275E+02 1.470E+00 5.137E-05 4.977E-04 1.827E+03 8.590E-01 3.521E+01 2.000E+00
1.049E+07 7.934E+02 1.213E+00 5.137E-05 8.604E-04 1.318E+03 8.635E-01 3.522E+01 2.000E+00
2.260E+07 7.780E+02 1.223E+00 5.137E-05 1.525E-03 1.329E+03 8.718E-01 3.523E+01 2.000E+00
3.304E+08 8.325E+02 1.194E+00 5.137E-05 2.744E-03 1.297E+03 8.869E-01 3.526E+01 2.000E+00
4.736E+06 4.527E+02 1.457E+00 5.137E-05 4.978E-03 1.741E+03 9.052E-01 3.531E+01 2.000E+00
4.070E+07 4.542E+02 1.446E+00 6.498E-05 6.236E-05 1.752E+03 8.536E-01 3.520E+01 2.000E+00
8.820E+06 5.443E+02 1.373E+00 6.498E-05 6.240E-05 1.568E+03 8.536E-01 3.520E+01 2.000E+00
6.107E+07 4.810E+02 1.423E+00 6.498E-05 6.248E-05 1.687E+03 8.536E-01 3.520E+01 2.000E+00
4.206E+09 5.443E+02 1.373E+00 6.498E-05 6.261E-05 1.581E+03 8.536E-01 3.520E+01 2.000E+00
7.192E+06 5.452E+02 1.372E+00 6.498E-05 6.287E-05 1.567E+03 8.536E-01 3.520E+01 2.000E+00
8.420E+06 5.425E+02 1.374E+00 6.498E-05 6.333E-05 1.574E+03 8.536E-01 3.520E+01 2.000E+00
9.238E+06 6.264E+02 1.314E+00 6.498E-05 6.418E-05 1.458E+03 8.537E-01 3.520E+01 2.000E+00
1.233E+08 6.840E+02 1.276E+00 6.498E-05 6.573E-05 1.400E+03 8.537E-01 3.520E+01 2.000E+00
7.491E+05 2.811E+02 1.605E+00 6.498E-05 6.858E-05 2.855E+03 8.537E-01 3.520E+01 2.000E+00
1.340E+07 9.080E+02 1.154E+00 6.498E-05 7.379E-05 1.256E+03 8.538E-01 3.520E+01 2.000E+00
4.086E+07 7.535E+02 1.235E+00 6.498E-05 8.336E-05 1.345E+03 8.539E-01 3.520E+01 2.000E+00
2.998E+06 4.340E+02 1.463E+00 6.498E-05 1.009E-04 1.809E+03 8.541E-01 3.520E+01 2.000E+00
3.351E+06 4.607E+02 1.440E+00 6.498E-05 1.330E-04 1.735E+03 8.545E-01 3.520E+01 2.000E+00
3.912E+07 6.073E+02 1.327E+00 6.498E-05 1.919E-04 1.480E+03 8.552E-01 3.520E+01 2.000E+00
8.313E+06 5.439E+02 1.374E+00 6.498E-05 2.999E-04 1.568E+03 8.566E-01 3.520E+01 2.000E+00
2.198E+07 4.275E+02 1.470E+00 6.498E-05 4.977E-04 1.827E+03 8.590E-01 3.521E+01 2.000E+00
1.304E+07 7.934E+02 1.213E+00 6.498E-05 8.604E-04 1.318E+03 8.635E-01 3.522E+01 2.000E+00
4.350E+07 7.780E+02 1.223E+00 6.498E-05 1.525E-03 1.329E+03 8.718E-01 3.523E+01 2.000E+00
2.236E+08 8.409E+02 1.190E+00 6.498E-05 2.744E-03 1.292E+03 8.869E-01 3.526E+01 2.000E+00
7.045E+06 4.527E+02 1.457E+00 6.498E-05 4.978E-03 1.779E+03 9.052E-01 3.531E+01 2.000E+00
1.560E+07 5.443E+02 1.373E+00 8.219E-05 6.236E-05 1.568E+03 8.537E-01 3.520E+01 2.000E+00
2.367E+07 5.443E+02 1.373E+00 8.219E-05 6.240E-05 1.568E+03 8.537E-01 3.520E+01 2.000E+00
6.398E+08 5.443E+02 1.373E+00 8.219E-05 6.248E-05 1.568E+03 8.537E-01 3.520E+01 2.000E+00
2.838E+08 5.434E+02 1.374E+00 8.219E-05 6.261E-05 1.569E+03 8.537E-01 3.520E+01 2.000E+00
1.447E+07 5.452E+02 1.372E+00 8.219E-05 6.287E-05 1.566E+03 8.537E-01 3.520E+01 2.000E+00
2.109E+07 5.425E+02 1.374E+00 8.219E-05 6.333E-05 1.571E+03 8.537E-01 3.520E+01 2.000E+00
1.802E+07 6.264E+02 1.314E+00 8.219E-05 6.418E-05 1.459E+03 8.537E-01 3.520E+01 2.000E+00
7.984E+06 7.830E+02 1.218E+00 8.219E-05 6.573E-05 1.324E+03 8.537E-01 3.520E+01 2.000E+00
4.928E+06 9.062E+02 1.155E+00 8.219E-05 6.858E-05 1.277E+03 8.538E-01 3.520E+01 2.000E+00
1.532E+07 9.080E+02 1.154E+00 8.219E-05 7.379E-05 1.255E+03 8.538E-01 3.520E+01 2.000E+00
2.245E+08 7.399E+02 1.243E+00 8.219E-05 8.336E-05 1.354E+03 8.539E-01 3.520E+01 2.000E+00
4.097E+06 4.340E+02 1.463E+00 8.219E-05 1.009E-04 1.809E+03 8.542E-01 3.520E+01 2.000E+00
4.678E+06 4.607E+02 1.440E+00 8.219E-05 1.330E-04 1.735E+03 8.546E-01 3.520E+01 2.000E+00
1.017E+07 7.495E+02 1.237E+00 8.219E-05 1.919E-04 1.348E+03 8.553E-01 3.520E+01 2.000E+00
2.023E+07 5.439E+02 1.374E+00 8.219E-05 2.999E-04 1.568E+03 8.566E-01 3.520E+01 2.000E+00
4.679E+07 7.539E+02 1.235E+00 8.219E-05 4.977E-04 1.345E+03 8.591E-01 3.521E+01 2.000E+00
1.900E+07 7.934E+02 1.213E+00 8.219E-05 8.604E-04 1.321E+03 8.636E-01 3.522E+01 2.000E+00
1.037E+08 7.883E+02 1.217E+00 8.219E-05 1.525E-03 1.322E+03 8.719E-01 3.523E+01 2.000E+00
6.256E+06 8.590E+02 1.181E+00 8.219E-05 2.744E-03 1.283E+03 8.870E-01 3.526E+01 2.000E+00
1.945E+07 4.527E+02 1.457E+00 8.219E-05 4.978E-03 1.735E+03 9.053E-01 3.531E+01 2.000E+00
2.070E+07 5.434E+02 1.374E+00 1.040E-04 6.236E-05 1.569E+03 8.538E-01 3.520E+01 2.000E+00
3.813E+07 5.434E+02 1.374E+00 1.040E-04 6.240E-05 1.570E+03 8.538E-01 3.520E+01 2.000E+00
5.523E+06 5.452E+02 1.372E+00 1.040E-04 6.248E-05 1.566E+03 8.538E-01 3.520E+01 2.000E+00
8.969E+06 5.452E+02 1.372E+00 1.040E-04 6.261E-05 1.566E+03 8.538E-01 3.520E+01 2.000E+00
5.057E+06 5.425E+02 1.374E+00 1.040E-04 6.287E-05 1.571E+03 8.538E-01 3.520E+01 2.000E+00
7.849E+06 6.248E+02 1.315E+00 1.040E-04 6.333E-05 1.460E+03 8.538E-01 3.520E+01 2.000E+00
6.788E+06 6.154E+02 1.322E+00 1.040E-04 6.418E-05 1.576E+03 8.538E-01 3.520E+01 2.000E+00
1.063E+07 7.830E+02 1.218E+00 1.040E-04 6.573E-05 1.324E+03 8.538E-01 3.520E+01 2.000E+00
5.194E+06 9.062E+02 1.155E+00 1.040E-04 6.858E-05 1.256E+03 8.538E-01 3.520E+01 2.000E+00
1.876E+07 9.080E+02 1.154E+00 1.040E-04 7.379E-05 1.255E+03 8.539E-01 3.520E+01 2.000E+00
1.531E+07 8.056E+02 1.206E+00 1.040E-04 8.336E-05 1.310E+03 8.540E-01 3.520E+01 2.000E+00
7.960E+06 4.340E+02 1.463E+00 1.040E-04 1.009E-04 1.809E+03 8.542E-01 3.520E+01 2.000E+00
9.818E+06 4.607E+02 1.440E+00 1.040E-04 1.330E-04 1.938E+03 8.546E-01 3.520E+01 2.000E+00
1.673E+07 7.495E+02 1.237E+00 1.040E-04 1.919E-04 1.347E+03 8.554E-01 3.520E+01 2.000E+00
1.895E+09 5.314E+02 1.383E+00 1.040E-04 2.999E-04 1.589E+03 8.567E-01 3.520E+01 2.000E+00
1.036E+07 7.590E+02 1.232E+00 1.040E-04 4.977E-04 1.341E+03 8.592E-01 3.521E+01 2.000E+00
4.663E+07 7.934E+02 1.213E+00 1.040E-04 8.604E-04 1.318E+03 8.637E-01 3.522E+01 2.000E+00
3.974E+06 7.002E+02 1.268E+00 1.040E-04 1.525E-03 1.386E+03 8.719E-01 3.523E+01 2.000E+00
6.878E+06 8.590E+02 1.181E+00 1.040E-04 2.744E-03 1.283E+03 8.871E-01 3.526E+01 2.000E+00
6.332E+06 6.747E+02 1.288E+00 1.040E-04 4.978E-03 1.409E+03 9.053E-01 3.531E+01 2.000E+00
7.652E+06 5.452E+02 1.372E+00 1.315E-04 6.236E-05 1.567E+03 8.538E-01 3.520E+01 2.000E+00
9.117E+06 5.452E+02 1.372E+00 1.315E-04 6.240E-05 1.569E+03 8.538E-01 3.520E+01 2.000E+00
1.417E+07 5.452E+02 1.372E+00 1.315E-04 6.248E-05 1.567E+03 8.538E-01 3.520E+01 2.000E+00
4.642E+06 5.425E+02 1.374E+00 1.315E-04 6.261E-05 1.571E+03 8.538E-01 3.520E+01 2.000E+00
1.147E+07 5.425E+02 1.374E+00 1.315E-04 6.287E-05 1.571E+03 8.538E-01 3.520E+01 2.000E+00
4.233E+06 6.264E+02 1.314E+00 1.315E-04 6.333E-05 1.458E+03 8.539E-01 3.520E+01 2.000E+00
1.654E+07 6.154E+02 1.322E+00 1.315E-04 6.418E-05 1.470E+03 8.539E-01 3.520E+01 2.000E+00
1.876E+07 7.830E+02 1.218E+00 1.315E-04 6.573E-05 1.324E+03 8.539E-01 3.520E+01 2.000E+00
5.580E+06 9.062E+02 1.155E+00 1.315E-04 6.858E-05 1.256E+03 8.539E-01 3.520E+01 2.000E+00
2.639E+07 9.080E+02 1.154E+00 1.315E-04 7.379E-05 1.255E+03 8.540E-01 3.520E+01 2.000E+00
3.464E+07 8.056E+02 1.206E+00 1.315E-04 8.336E-05 1.337E+03 8.541E-01 3.520E+01 2.000E+00
5.348E+06 4.218E+02 1.474E+00 1.315E-04 1.009E-04 1.849E+03 8.543E-01 3.520E+01 2.000E+00
4.808E+06 6.590E+02 1.293E+00 1.315E-04 1.330E-04 1.424E+03 8.547E-01 3.520E+01 2.000E+00
1.092E+08 7.495E+02 1.237E+00 1.315E-04 1.919E-04 1.347E+03 8.554E-01 3.520E+01 2.000E+00
5.074E+07 6.750E+02 1.282E+00 1.315E-04 2.999E-04 1.410E+03 8.568E-01 3.520E+01 2.000E+00
1.998E+07 7.590E+02 1.232E+00 1.315E-04 4.977E-04 1.341E+03 8.592E-01 3.521E+01 2.000E+00
9.553E+06 7.890E+02 1.216E+00 1.315E-04 8.604E-04 1.321E+03 8.638E-01 3.522E+01 2.000E+00
5.081E+06 7.002E+02 1.268E+00 1.315E-04 1.525E-03 1.386E+03 8.720E-01 3.523E+01 2.000E+00
1.252E+07 4.529E+02 1.452E+00 1.315E-04 2.744E-03 1.744E+03 8.872E-01 3.526E+01 2.000E+00
1.079E+07 6.747E+02 1.288E+00 1.315E-04 4.978E-03 1.409E+03 9.054E-01 3.531E+01 2.000E+00
4.866E+06 5.425E+02 1.374E+00 1.663E-04 6.236E-05 1.573E+03 8.539E-01 3.520E+01 2.000E+00
5.400E+06 5.425E+02 1.374E+00 1.663E-04 6.240E-05 1.571E+03 8.539E-01 3.520E+01 2.000E+00
6.788E+06 5.425E+02 1.374E+00 1.663E-04 6.248E-05 1.571E+03 8.539E-01 3.520E+01 2.000E+00
1.318E+07 5.425E+02 1.374E+00 1.663E-04 6.261E-05 1.571E+03 8.540E-01 3.520E+01 2.000E+00
3.273E+06 6.264E+02 1.314E+00 1.663E-04 6.287E-05 1.458E+03 8.540E-01 3.520E+01 2.000E+00
7.321E+06 6.264E+02 1.314E+00 1.663E-04 6.333E-05 1.458E+03 8.540E-01 3.520E+01 2.000E+00
3.963E+06 6.840E+02 1.276E+00 1.663E-04 6.418E-05 1.401E+03 8.540E-01 3.520E+01 2.000E+00
1.782E+07 7.936E+02 1.212E+00 1.663E-04 6.573E-05 1.317E+03 8.540E-01 3.520E+01 2.000E+00
6.171E+06 9.062E+02 1.155E+00 1.663E-04 6.858E-05 1.256E+03 8.540E-01 3.520E+01 2.000E+00
5.550E+07 9.080E+02 1.154E+00 1.663E-04 7.379E-05 1.256E+03 8.541E-01 3.520E+01 2.000E+00
6.084E+06 3.845E+02 1.508E+00 1.663E-04 8.336E-05 1.991E+03 8.542E-01 3.520E+01 2.000E+00
1.022E+07 5.907E+02 1.339E+00 1.663E-04 1.009E-04 1.501E+03 8.544E-01 3.520E+01 2.000E+00
8.349E+06 6.590E+02 1.293E+00 1.663E-04 1.330E-04 1.424E+03 8.548E-01 3.520E+01 2.000E+00
2.055E+06 5.230E+02 1.390E+00 1.663E-04 1.919E-04 1.603E+03 8.556E-01 3.520E+01 2.000E+00
2.582E+07 5.448E+02 1.373E+00 1.663E-04 2.999E-04 1.573E+03 8.569E-01 3.520E+01 2.000E+00
1.885E+07 5.625E+02 1.360E+00 1.663E-04 4.977E-04 1.539E+03 8.594E-01 3.521E+01 2.000E+00
1.804E+07 7.890E+02 1.216E+00 1.663E-04 8.604E-04 1.430E+03 8.639E-01 3.522E+01 2.000E+00
8.077E+06 7.002E+02 1.268E+00 1.663E-04 1.525E-03 1.386E+03 8.721E-01 3.523E+01 2.000E+00
1.825E+07 4.531E+02 1.452E+00 1.663E-04 2.744E-03 1.744E+03 8.873E-01 3.526E+01 2.000E+00
1.791E+08 6.747E+02 1.288E+00 1.663E-04 4.978E-03 1.409E+03 9.055E-01 3.531E+01 2.000E+00
3.823E+07 5.425E+02 1.374E+00 2.104E-04 6.236E-05 1.572E+03 8.541E-01 3.520E+01 2.000E+00
2.660E+08 5.425E+02 1.374E+00 2.104E-04 6.240E-05 1.571E+03 8.541E-01 3.520E+01 2.000E+00
3.089E+06 6.264E+02 1.314E+00 2.104E-04 6.248E-05 1.458E+03 8.541E-01 3.520E+01 2.000E+00
3.622E+06 6.264E+02 1.314E+00 2.104E-04 6.261E-05 1.458E+03 8.541E-01 3.520E+01 2.000E+00
5.423E+06 6.264E+02 1.314E+00 2.104E-04 6.287E-05 1.458E+03 8.541E-01 3.520E+01 2.000E+00
2.490E+09 6.264E+02 1.314E+00 2.104E-04 6.333E-05 1.458E+03 8.541E-01 3.520E+01 2.000E+00
6.441E+06 6.840E+02 1.276E+00 2.104E-04 6.418E-05 1.400E+03 8.541E-01 3.520E+01 2.000E+00
6.622E+07 7.958E+02 1.211E+00 2.104E-04 6.573E-05 1.316E+03 8.541E-01 3.520E+01 2.000E+00
3.013E+06 3.010E+02 1.586E+00 2.104E-04 6.858E-05 2.580E+03 8.542E-01 3.520E+01 2.000E+00
1.654E+07 7.303E+02 1.248E+00 2.104E-04 7.379E-05 1.364E+03 8.542E-01 3.520E+01 2.000E+00
1.443E+07 7.917E+02 1.214E+00 2.104E-04 8.336E-05 1.322E+03 8.543E-01 3.520E+01 2.000E+00
1.275E+07 5.919E+02 1.338E+00 2.104E-04 1.009E-04 1.499E+03 8.546E-01 3.520E+01 2.000E+00
2.278E+07 6.501E+02 1.298E+00 2.104E-04 1.330E-04 1.432E+03 8.550E-01 3.520E+01 2.000E+00
3.098E+06 5.230E+02 1.390E+00 2.104E-04 1.919E-04 1.603E+03 8.557E-01 3.520E+01 2.000E+00
1.728E+07 8.022E+02 1.208E+00 2.104E-04 2.999E-04 1.312E+03 8.570E-01 3.520E+01 2.000E+00
1.636E+07 5.704E+02 1.354E+00 2.104E-04 4.977E-04 1.528E+03 8.595E-01 3.521E+01 2.000E+00
9.693E+06 5.589E+02 1.363E+00 2.104E-04 8.604E-04 1.544E+03 8.640E-01 3.522E+01 2.000E+00
3.973E+07 7.002E+02 1.268E+00 2.104E-04 1.525E-03 1.386E+03 8.723E-01 3.523E+01 2.000E+00
1.756E+07 8.590E+02 1.181E+00 2.104E-04 2.744E-03 1.283E+03 8.874E-01 3.526E+01 2.000E+00
6.110E+06 6.592E+02 1.299E+00 2.104E-04 4.978E-03 1.423E+03 9.056E-01 3.531E+01 2.000E+00
4.672E+06 6.264E+02 1.314E+00 2.661E-04 6.236E-05 1.458E+03 8.543E-01 3.520E+01 2.000E+00
5.028E+06 6.264E+02 1.314E+00 2.661E-04 6.240E-05 1.458E+03 8.543E-01 3.520E+01 2.000E+00
5.856E+06 6.264E+02 1.314E+00 2.661E-04 6.248E-05 1.458E+03 8.543E-01 3.520E+01 2.000E+00
7.107E+06 7.174E+02 1.256E+00 2.661E-04 6.261E-05 1.372E+03 8.543E-01 3.520E+01 2.000E+00
6.384E+07 6.264E+02 1.314E+00 2.661E-04 6.287E-05 1.458E+03 8.543E-01 3.520E+01 2.000E+00
3.582E+06 6.840E+02 1.276E+00 2.661E-04 6.333E-05 1.400E+03 8.543E-01 3.520E+01 2.000E+00
4.686E+07 6.840E+02 1.276E+00 2.661E-04 6.418E-05 1.400E+03 8.543E-01 3.520E+01 2.000E+00
6.133E+07 6.149E+02 1.322E+00 2.661E-04 6.573E-05 1.471E+03 8.543E-01 3.520E+01 2.000E+00
9.028E+06 9.062E+02 1.155E+00 2.661E-04 6.858E-05 1.256E+03 8.543E-01 3.520E+01 2.000E+00
1.930E+08 9.044E+02 1.156E+00 2.661E-04 7.379E-05 1.258E+03 8.544E-01 3.520E+01 2.000E+00
2.302E+07 8.002E+02 1.209E+00 2.661E-04 8.336E-05 1.313E+03 8.545E-01 3.520E+01 2.000E+00
1.369E+07 8.059E+02 1.206E+00 2.661E-04 1.009E-04 1.310E+03 8.547E-01 3.520E+01 2.000E+00
5.945E+06 5.231E+02 1.389E+00 2.661E-04 1.330E-04 1.603E+03 8.551E-01 3.520E+01 2.000E+00
1.082E+07 5.230E+02 1.390E+00 2.661E-04 1.919E-04 1.603E+03 8.559E-01 3.520E+01 2.000E+00
4.904E+06 8.163E+02 1.200E+00 2.661E-04 2.999E-04 1.304E+03 8.572E-01 3.520E+01 2.000E+00
6.770E+06 5.524E+02 1.368E+00 2.661E-04 4.977E-04 1.556E+03 8.597E-01 3.521E+01 2.000E+00
1.771E+07 7.011E+02 1.267E+00 2.661E-04 8.604E-04 1.385E+03 8.642E-01 3.522E+01 2.000E+00
1.436E+07 7.095E+02 1.262E+00 2.661E-04 1.525E-03 1.379E+03 8.724E-01 3.523E+01 2.000E+00
2.247E+06 2.625E+02 1.633E+00 2.661E-04 2.744E-03 3.080E+03 8.876E-01 3.526E+01 2.000E+00
5.572E+07 2.773E+02 1.627E+00 2.661E-04 4.978E-03 2.737E+03 9.057E-01 3.531E+01 2.000E+00
5.583E+08 6.264E+02 1.314E+00 3.366E-04 6.236E-05 1.458E+03 8.545E-01 3.520E+01 2.000E+00
6.971E+06 6.154E+02 1.322E+00 3.366E-04 6.240E-05 1.470E+03 8.545E-01 3.520E+01 2.000E+00
8.845E+06 6.154E+02 1.322E+00 3.366E-04 6.248E-05 1.471E+03 8.545E-01 3.520E+01 2.000E+00
1.793E+07 6.154E+02 1.322E+00 3.366E-04 6.261E-05 1.471E+03 8.545E-01 3.520E+01 2.000E+00
3.843E+06 6.840E+02 1.276E+00 3.366E-04 6.287E-05 1.400E+03 8.545E-01 3.520E+01 2.000E+00
8.084E+06 6.840E+02 1.276E+00 3.366E-04 6.333E-05 1.400E+03 8.545E-01 3.520E+01 2.000E+00
1.612E+07 7.830E+02 1.218E+00 3.366E-04 6.418E-05 1.324E+03 8.545E-01 3.520E+01 2.000E+00
3.280E+07 5.992E+02 1.333E+00 3.366E-04 6.573E-05 1.490E+03 8.545E-01 3.520E+01 2.000E+00
1.378E+07 9.062E+02 1.155E+00 3.366E-04 6.858E-05 1.257E+03 8.546E-01 3.520E+01 2.000E+00
5.487E+07 9.001E+02 1.158E+00 3.366E-04 7.379E-05 1.261E+03 8.546E-01 3.520E+01 2.000E+00
6.655E+07 6.231E+02 1.316E+00 3.366E-04 8.336E-05 1.462E+03 8.547E-01 3.520E+01 2.000E+00
8.122E+07 6.393E+02 1.305E+00 3.366E-04 1.009E-04 1.444E+03 8.550E-01 3.520E+01 2.000E+00
3.078E+06 6.839E+02 1.277E+00 3.366E-04 1.330E-04 1.400E+03 8.554E-01 3.520E+01 2.000E+00
5.292E+06 3.304E+02 1.559E+00 3.366E-04 1.919E-04 2.304E+03 8.561E-01 3.520E+01 2.000E+00
7.902E+06 8.163E+02 1.200E+00 3.366E-04 2.999E-04 1.304E+03 8.574E-01 3.520E+01 2.000E+00
3.448E+06 3.976E+02 1.497E+00 3.366E-04 4.977E-04 1.935E+03 8.599E-01 3.521E+01 2.000E+00
2.197E+07 8.784E+02 1.169E+00 3.366E-04 8.604E-04 1.271E+03 8.644E-01 3.522E+01 2.000E+00
4.676E+07 3.761E+02 1.519E+00 3.366E-04 1.525E-03 2.017E+03 8.726E-01 3.523E+01 2.000E+00
4.315E+06 8.635E+02 1.178E+00 3.366E-04 2.744E-03 1.281E+03 8.878E-01 3.526E+01 2.000E+00
4.346E+06 7.050E+02 1.269E+00 3.366E-04 4.978E-03 1.421E+03 9.059E-01 3.531E+01 2.000E+00
4.694E+06 6.840E+02 1.276E+00 4.257E-04 6.236E-05 1.401E+03 8.548E-01 3.520E+01 2.000E+00
4.973E+06 6.840E+02 1.276E+00 4.257E-04 6.240E-05 1.401E+03 8.548E-01 3.520E+01 2.000E+00
5.591E+06 6.840E+02 1.276E+00 4.257E-04 6.248E-05 1.400E+03 8.548E-01 3.520E+01 2.000E+00
7.291E+06 6.840E+02 1.276E+00 4.257E-04 6.261E-05 1.400E+03 8.548E-01 3.520E+01 2.000E+00
1.751E+07 6.840E+02 1.276E+00 4.257E-04 6.287E-05 1.402E+03 8.548E-01 3.520E+01 2.000E+00
9.986E+06 7.830E+02 1.218E+00 4.257E-04 6.333E-05 1.324E+03 8.548E-01 3.520E+01 2.000E+00
1.064E+08 7.958E+02 1.211E+00 4.257E-04 6.418E-05 1.316E+03 8.548E-01 3.520E+01 2.000E+00
4.407E+06 9.062E+02 1.155E+00 4.257E-04 6.573E-05 1.256E+03 8.548E-01 3.520E+01 2.000E+00
4.606E+07 9.062E+02 1.155E+00 4.257E-04 6.858E-05 1.256E+03 8.548E-01 3.520E+01 2.000E+00
1.872E+07 8.542E+02 1.181E+00 4.257E-04 7.379E-05 1.282E+03 8.549E-01 3.520E+01 2.000E+00
1.239E+07 5.160E+02 1.395E+00 4.257E-04 8.336E-05 1.616E+03 8.550E-01 3.520E+01 2.000E+00
2.853E+06 6.319E+02 1.310E+00 4.257E-04 1.009E-04 1.452E+03 8.552E-01 3.520E+01 2.000E+00
7.549E+06 6.839E+02 1.277E+00 4.257E-04 1.330E-04 1.400E+03 8.556E-01 3.520E+01 2.000E+00
1.739E+07 5.143E+02 1.396E+00 4.257E-04 1.919E-04 1.620E+03 8.564E-01 3.520E+01 2.000E+00
5.179E+07 8.163E+02 1.200E+00 4.257E-04 2.999E-04 1.304E+03 8.577E-01 3.520E+01 2.000E+00
2.086E+06 3.961E+02 1.498E+00 4.257E-04 4.977E-04 1.943E+03 8.602E-01 3.521E+01 2.000E+00
8.121E+07 8.879E+02 1.165E+00 4.257E-04 8.604E-04 1.266E+03 8.647E-01 3.522E+01 2.000E+00
1.044E+07 9.327E+02 1.144E+00 4.257E-04 1.525E-03 1.250E+03 8.729E-01 3.523E+01 2.000E+00
5.984E+06 8.635E+02 1.178E+00 4.257E-04 2.744E-03 1.281E+03 8.881E-01 3.526E+01 2.000E+00
4.481E+07 4.139E+02 1.492E+00 4.257E-04 4.978E-03 1.844E+03 9.061E-01 3.531E+01 2.000E+00
7.885E+06 7.830E+02 1.218E+00 5.385E-04 6.236E-05 1.324E+03 8.551E-01 3.520E+01 2.000E+00
8.407E+06 7.830E+02 1.218E+00 5.385E-04 6.240E-05 1.324E+03 8.551E-01 3.520E+01 2.000E+00
9.581E+06 7.830E+02 1.218E+00 5.385E-04 6.248E-05 1.324E+03 8.551E-01 3.520E+01 2.000E+00
1.296E+07 7.830E+02 1.218E+00 5.385E-04 6.261E-05 1.324E+03 8.551E-01 3.520E+01 2.000E+00
3.936E+07 7.830E+02 1.218E+00 5.385E-04 6.287E-05 1.327E+03 8.551E-01 3.520E+01 2.000E+00
7.605E+07 7.958E+02 1.211E+00 5.385E-04 6.333E-05 1.317E+03 8.551E-01 3.520E+01 2.000E+00
3.431E+07 5.992E+02 1.333E+00 5.385E-04 6.418E-05 1.490E+03 8.551E-01 3.520E+01 2.000E+00
4.454E+06 3.010E+02 1.586E+00 5.385E-04 6.573E-05 2.580E+03 8.551E-01 3.520E+01 2.000E+00
7.913E+06 8.898E+02 1.163E+00 5.385E-04 6.858E-05 1.264E+03 8.552E-01 3.520E+01 2.000E+00
8.196E+06 5.145E+02 1.396E+00 5.385E-04 7.379E-05 1.619E+03 8.552E-01 3.520E+01 2.000E+00
3.491E+06 4.155E+02 1.479E+00 5.385E-04 8.336E-05 1.869E+03 8.554E-01 3.520E+01 2.000E+00
2.659E+07 6.319E+02 1.310E+00 5.385E-04 1.009E-04 1.452E+03 8.556E-01 3.520E+01 2.000E+00
5.471E+06 4.809E+02 1.423E+00 5.385E-04 1.330E-04 1.687E+03 8.560E-01 3.520E+01 2.000E+00
1.869E+06 4.028E+02 1.491E+00 5.385E-04 1.919E-04 1.914E+03 8.567E-01 3.520E+01 2.000E+00
3.205E+08 8.057E+02 1.206E+00 5.385E-04 2.999E-04 1.310E+03 8.581E-01 3.520E+01 2.000E+00
3.215E+06 6.105E+02 1.326E+00 5.385E-04 4.977E-04 1.476E+03 8.605E-01 3.521E+01 2.000E+00
7.129E+06 3.669E+02 1.526E+00 5.385E-04 8.604E-04 2.066E+03 8.650E-01 3.522E+01 2.000E+00
1.896E+07 9.327E+02 1.144E+00 5.385E-04 1.525E-03 1.247E+03 8.733E-01 3.523E+01 2.000E+00
1.281E+07 8.635E+02 1.178E+00 5.385E-04 2.744E-03 1.281E+03 8.884E-01 3.526E+01 2.000E+00
9.783E+06 8.279E+02 1.199E+00 5.385E-04 4.978E-03 1.309E+03 9.064E-01 3.531E+01 2.000E+00
2.202E+07 7.796E+02 1.220E+00 6.811E-04 6.236E-05 1.327E+03 8.555E-01 3.520E+01 2.000E+00
2.720E+07 7.796E+02 1.220E+00 6.811E-04 6.240E-05 1.327E+03 8.555E-01 3.520E+01 2.000E+00
4.818E+07 7.796E+02 1.220E+00 6.811E-04 6.248E-05 1.332E+03 8.555E-01 3.520E+01 2.000E+00
4.410E+06 5.992E+02 1.333E+00 6.811E-04 6.261E-05 1.490E+03 8.555E-01 3.520E+01 2.000E+00
8.189E+06 5.992E+02 1.333E+00 6.811E-04 6.287E-05 1.490E+03 8.556E-01 3.520E+01 2.000E+00
2.161E+07 6.620E+02 1.290E+00 6.811E-04 6.333E-05 1.421E+03 8.556E-01 3.520E+01 2.000E+00
1.748E+07 3.012E+02 1.586E+00 6.811E-04 6.418E-05 2.583E+03 8.556E-01 3.520E+01 2.000E+00
9.998E+06 9.062E+02 1.155E+00 6.811E-04 6.573E-05 1.257E+03 8.556E-01 3.520E+01 2.000E+00
4.455E+07 7.568E+02 1.233E+00 6.811E-04 6.858E-05 1.343E+03 8.556E-01 3.520E+01 2.000E+00
1.047E+07 4.810E+02 1.423E+00 6.811E-04 7.379E-05 1.688E+03 8.557E-01 3.520E+01 2.000E+00
4.539E+06 3.784E+02 1.513E+00 6.811E-04 8.336E-05 2.018E+03 8.558E-01 3.520E+01 2.000E+00
4.383E+06 7.811E+02 1.219E+00 6.811E-04 1.009E-04 1.326E+03 8.560E-01 3.520E+01 2.000E+00
3.588E+06 5.731E+02 1.352E+00 6.811E-04 1.330E-04 1.525E+03 8.564E-01 3.520E+01 2.000E+00
5.682E+06 2.829E+02 1.604E+00 6.811E-04 1.919E-04 2.820E+03 8.572E-01 3.520E+01 2.000E+00
1.071E+07 9.837E+02 1.120E+00 6.811E-04 2.999E-04 1.224E+03 8.585E-01 3.520E+01 2.000E+00
4.085E+06 5.985E+02 1.334E+00 6.811E-04 4.977E-04 1.492E+03 8.610E-01 3.521E+01 2.000E+00
1.877E+07 2.940E+02 1.596E+00 6.811E-04 8.604E-04 2.672E+03 8.655E-01 3.522E+01 2.000E+00
2.278E+07 9.597E+02 1.132E+00 6.811E-04 1.525E-03 1.236E+03 8.737E-01 3.523E+01 2.000E+00
6.139E+06 4.765E+02 1.432E+00 6.811E-04 2.744E-03 1.688E+03 8.889E-01 3.526E+01 2.000E+00
1.478E+07 8.782E+02 1.173E+00 6.811E-04 4.978E-03 1.276E+03 9.068E-01 3.531E+01 2.000E+00
5.196E+06 3.012E+02 1.586E+00 8.615E-04 6.236E-05 2.578E+03 8.561E-01 3.520E+01 2.000E+00
7.864E+06 2.972E+02 1.590E+00 8.615E-04 6.240E-05 2.640E+03 8.561E-01 3.520E+01 2.000E+00
9.813E+06 3.012E+02 1.586E+00 8.615E-04 6.248E-05 2.623E+03 8.561E-01 3.520E+01 2.000E+00
2.836E+06 3.010E+02 1.586E+00 8.615E-04 6.261E-05 2.581E+03 8.561E-01 3.520E+01 2.000E+00
6.176E+06 3.010E+02 1.586E+00 8.615E-04 6.287E-05 2.581E+03 8.561E-01 3.520E+01 2.000E+00
5.613E+06 9.062E+02 1.155E+00 8.615E-04 6.333E-05 1.257E+03 8.561E-01 3.520E+01 2.000E+00
8.431E+06 9.062E+02 1.155E+00 8.615E-04 6.418E-05 1.257E+03 8.561E-01 3.520E+01 2.000E+00
2.744E+06 2.770E+02 1.609E+00 8.615E-04 6.573E-05 2.923E+03 8.561E-01 3.520E+01 2.000E+00
1.438E+07 4.608E+02 1.440E+00 8.615E-04 6.858E-05 1.736E+03 8.562E-01 3.520E+01 2.000E+00
2.430E+06 7.251E+02 1.251E+00 8.615E-04 7.379E-05 1.367E+03 8.562E-01 3.520E+01 2.000E+00
5.708E+07 5.912E+02 1.339E+00 8.615E-04 8.336E-05 1.500E+03 8.564E-01 3.520E+01 2.000E+00
9.592E+06 5.431E+02 1.374E+00 8.615E-04 1.009E-04 1.570E+03 8.566E-01 3.520E+01 2.000E+00
8.544E+06 4.475E+02 1.451E+00 8.615E-04 1.330E-04 1.771E+03 8.570E-01 3.520E+01 2.000E+00
3.078E+06 4.693E+02 1.433E+00 8.615E-04 1.919E-04 1.720E+03 8.577E-01 3.520E+01 2.000E+00
1.546E+07 4.492E+02 1.450E+00 8.615E-04 2.999E-04 1.765E+03 8.591E-01 3.520E+01 2.000E+00
3.232E+06 6.793E+02 1.280E+00 8.615E-04 4.977E-04 1.405E+03 8.615E-01 3.521E+01 2.000E+00
5.777E+06 8.763E+02 1.170E+00 8.615E-04 8.604E-04 1.272E+03 8.660E-01 3.522E+01 2.000E+00
7.749E+08 9.597E+02 1.132E+00 8.615E-04 1.525E-03 1.236E+03 8.743E-01 3.523E+01 2.000E+00
5.056E+07 6.512E+02 1.301E+00 8.615E-04 2.744E-03 1.431E+03 8.894E-01 3.526E+01 2.000E+00
1.642E+07 8.591E+02 1.183E+00 8.615E-04 4.978E-03 1.405E+03 9.072E-01 3.531E+01 2.000E+00
7.638E+06 9.062E+02 1.155E+00 1.090E-03 6.236E-05 1.257E+03 8.568E-01 3.520E+01 2.000E+00
7.814E+06 9.062E+02 1.155E+00 1.090E-03 6.240E-05 1.257E+03 8.568E-01 3.520E+01 2.000E+00
8.159E+06 9.062E+02 1.155E+00 1.090E-03 6.248E-05 1.257E+03 8.568E-01 3.520E+01 2.000E+00
8.887E+06 9.062E+02 1.155E+00 1.090E-03 6.261E-05 1.257E+03 8.568E-01 3.520E+01 2.000E+00
1.066E+07 9.062E+02 1.155E+00 1.090E-03 6.287E-05 1.257E+03 8.568E-01 3.520E+01 2.000E+00
4.378E+06 4.411E+02 1.457E+00 1.090E-03 6.333E-05 1.789E+03 8.568E-01 3.520E+01 2.000E+00
3.559E+06 3.365E+02 1.553E+00 1.090E-03 6.418E-05 2.259E+03 8.568E-01 3.520E+01 2.000E+00
2.054E+07 7.595E+02 1.231E+00 1.090E-03 6.573E-05 1.340E+03 8.569E-01 3.520E+01 2.000E+00
9.767E+06 8.542E+02 1.181E+00 1.090E-03 6.858E-05 1.282E+03 8.569E-01 3.520E+01 2.000E+00
2.335E+08 7.251E+02 1.251E+00 1.090E-03 7.379E-05 1.383E+03 8.570E-01 3.520E+01 2.000E+00
1.484E+07 3.663E+02 1.525E+00 1.090E-03 8.336E-05 2.077E+03 8.571E-01 3.520E+01 2.000E+00
3.907E+06 5.018E+02 1.406E+00 1.090E-03 1.009E-04 1.647E+03 8.573E-01 3.520E+01 2.000E+00
5.039E+06 4.314E+02 1.465E+00 1.090E-03 1.330E-04 1.817E+03 8.577E-01 3.520E+01 2.000E+00
3.956E+06 7.985E+02 1.210E+00 1.090E-03 1.919E-04 1.315E+03 8.584E-01 3.520E+01 2.000E+00
4.528E+06 6.927E+02 1.271E+00 1.090E-03 2.999E-04 1.393E+03 8.598E-01 3.520E+01 2.000E+00
1.022E+07 6.656E+02 1.289E+00 1.090E-03 4.977E-04 1.418E+03 8.622E-01 3.521E+01 2.000E+00
2.115E+08 8.763E+02 1.170E+00 1.090E-03 8.604E-04 1.272E+03 8.667E-01 3.522E+01 2.000E+00
2.620E+07 4.777E+02 1.429E+00 1.090E-03 1.525E-03 1.690E+03 8.750E-01 3.523E+01 2.000E+00
3.558E+07 4.561E+02 1.449E+00 1.090E-03 2.744E-03 1.736E+03 8.901E-01 3.526E+01 2.000E+00
2.124E+07 8.584E+02 1.183E+00 1.090E-03 4.978E-03 1.286E+03 9.078E-01 3.531E+01 2.000E+00
1.414E+07 7.580E+02 1.232E+00 1.378E-03 6.236E-05 1.342E+03 8.577E-01 3.520E+01 2.000E+00
1.633E+07 7.580E+02 1.232E+00 1.378E-03 6.240E-05 1.342E+03 8.577E-01 3.520E+01 2.000E+00
2.904E+06 2.647E+02 1.620E+00 1.378E-03 6.248E-05 3.176E+03 8.577E-01 3.520E+01 2.000E+00
4.049E+06 2.647E+02 1.620E+00 1.378E-03 6.261E-05 3.176E+03 8.577E-01 3.520E+01 2.000E+00
1.721E+07 2.647E+02 1.620E+00 1.378E-03 6.287E-05 3.176E+03 8.577E-01 3.520E+01 2.000E+00
9.336E+07 7.592E+02 1.232E+00 1.378E-03 6.333E-05 1.341E+03 8.577E-01 3.520E+01 2.000E+00
1.163E+07 9.080E+02 1.154E+00 1.378E-03 6.418E-05 1.256E+03 8.577E-01 3.520E+01 2.000E+00
2.330E+07 5.232E+02 1.389E+00 1.378E-03 6.573E-05 1.604E+03 8.578E-01 3.520E+01 2.000E+00
8.275E+06 5.563E+02 1.364E+00 1.378E-03 6.858E-05 1.549E+03 8.578E-01 3.520E+01 2.000E+00
9.642E+06 8.056E+02 1.206E+00 1.378E-03 7.379E-05 1.311E+03 8.579E-01 3.520E+01 2.000E+00
2.029E+06 8.269E+02 1.195E+00 1.378E-03 8.336E-05 1.298E+03 8.580E-01 3.520E+01 2.000E+00
3.011E+06 3.187E+02 1.570E+00 1.378E-03 1.009E-04 2.401E+03 8.582E-01 3.520E+01 2.000E+00
5.954E+06 7.882E+02 1.215E+00 1.378E-03 1.330E-04 1.322E+03 8.586E-01 3.520E+01 2.000E+00
4.335E+07 7.020E+02 1.265E+00 1.378E-03 1.919E-04 1.632E+03 8.593E-01 3.520E+01 2.000E+00
9.170E+07 7.300E+02 1.249E+00 1.378E-03 2.999E-04 1.362E+03 8.607E-01 3.520E+01 2.000E+00
8.412E+06 6.147E+02 1.323E+00 1.378E-03 4.977E-04 1.471E+03 8.631E-01 3.521E+01 2.000E+00
1.119E+07 7.994E+02 1.210E+00 1.378E-03 8.604E-04 1.315E+03 8.676E-01 3.522E+01 2.000E+00
4.154E+06 6.297E+02 1.314E+00 1.378E-03 1.525E-03 1.454E+03 8.759E-01 3.523E+01 2.000E+00
3.041E+07 5.712E+02 1.357E+00 1.378E-03 2.744E-03 1.524E+03 8.910E-01 3.526E+01 2.000E+00
1.300E+07 8.577E+02 1.183E+00 1.378E-03 4.978E-03 1.287E+03 9.085E-01 3.531E+01 2.000E+00
2.845E+08 7.277E+02 1.250E+00 1.743E-03 6.236E-05 1.364E+03 8.588E-01 3.520E+01 2.000E+00
1.829E+07 7.303E+02 1.248E+00 1.743E-03 6.240E-05 1.363E+03 8.588E-01 3.520E+01 2.000E+00
2.903E+07 7.303E+02 1.248E+00 1.743E-03 6.248E-05 1.362E+03 8.588E-01 3.520E+01 2.000E+00
3.434E+08 9.080E+02 1.154E+00 1.743E-03 6.261E-05 1.256E+03 8.588E-01 3.520E+01 2.000E+00
3.678E+07 5.232E+02 1.389E+00 1.743E-03 6.287E-05 1.604E+03 8.589E-01 3.520E+01 2.000E+00
2.486E+06 2.933E+02 1.594E+00 1.743E-03 6.333E-05 2.684E+03 8.589E-01 3.520E+01 2.000E+00
1.711E+07 8.542E+02 1.181E+00 1.743E-03 6.418E-05 1.283E+03 8.589E-01 3.520E+01 2.000E+00
8.537E+06 5.563E+02 1.364E+00 1.743E-03 6.573E-05 1.550E+03 8.589E-01 3.520E+01 2.000E+00
1.466E+07 6.507E+02 1.298E+00 1.743E-03 6.858E-05 1.432E+03 8.589E-01 3.520E+01 2.000E+00
5.505E+06 8.348E+02 1.191E+00 1.743E-03 7.379E-05 1.293E+03 8.590E-01 3.520E+01 2.000E+00
1.264E+07 6.662E+02 1.288E+00 1.743E-03 8.336E-05 1.417E+03 8.591E-01 3.520E+01 2.000E+00
1.688E+07 6.823E+02 1.278E+00 1.743E-03 1.009E-04 1.403E+03 8.593E-01 3.520E+01 2.000E+00
6.385E+06 4.154E+02 1.480E+00 1.743E-03 1.330E-04 1.869E+03 8.597E-01 3.520E+01 2.000E+00
1.474E+08 8.541E+02 1.181E+00 1.743E-03 1.919E-04 1.283E+03 8.605E-01 3.520E+01 2.000E+00
9.364E+06 9.944E+02 1.116E+00 1.743E-03 2.999E-04 1.221E+03 8.618E-01 3.520E+01 2.000E+00
6.309E+06 3.477E+02 1.543E+00 1.743E-03 4.977E-04 2.178E+03 8.643E-01 3.521E+01 2.000E+00
8.046E+06 3.353E+02 1.556E+00 1.743E-03 8.604E-04 2.270E+03 8.688E-01 3.522E+01 2.000E+00
6.823E+06 8.093E+02 1.205E+00 1.743E-03 1.525E-03 1.310E+03 8.770E-01 3.523E+01 2.000E+00
8.496E+06 6.112E+02 1.328E+00 1.743E-03 2.744E-03 1.474E+03 8.922E-01 3.526E+01 2.000E+00
3.615E+06 8.129E+02 1.207E+00 1.743E-03 4.978E-03 1.311E+03 9.094E-01 3.531E+01 2.000E+00
9.954E+06 5.602E+02 1.361E+00 2.205E-03 6.236E-05 1.544E+03 8.603E-01 3.520E+01 2.000E+00
1.249E+07 5.602E+02 1.361E+00 2.205E-03 6.240E-05 1.544E+03 8.603E-01 3.520E+01 2.000E+00
2.377E+07 5.602E+02 1.361E+00 2.205E-03 6.248E-05 1.544E+03 8.603E-01 3.520E+01 2.000E+00
1.298E+08 4.478E+02 1.451E+00 2.205E-03 6.261E-05 1.770E+03 8.603E-01 3.520E+01 2.000E+00
2.047E+06 4.476E+02 1.451E+00 2.205E-03 6.287E-05 1.771E+03 8.603E-01 3.520E+01 2.000E+00
4.700E+06 4.476E+02 1.451E+00 2.205E-03 6.333E-05 1.771E+03 8.603E-01 3.520E+01 2.000E+00
3.042E+06 7.251E+02 1.251E+00 2.205E-03 6.418E-05 1.366E+03 8.603E-01 3.520E+01 2.000E+00
2.737E+06 3.845E+02 1.508E+00 2.205E-03 6.573E-05 1.992E+03 8.603E-01 3.520E+01 2.000E+00
1.091E+07 7.917E+02 1.213E+00 2.205E-03 6.858E-05 1.319E+03 8.604E-01 3.520E+01 2.000E+00
2.986E+07 3.663E+02 1.524E+00 2.205E-03 7.379E-05 2.078E+03 8.604E-01 3.520E+01 2.000E+00
3.871E+07 8.107E+02 1.203E+00 2.205E-03 8.336E-05 1.320E+03 8.605E-01 3.520E+01 2.000E+00
2.584E+07 9.325E+02 1.143E+00 2.205E-03 1.009E-04 1.245E+03 8.608E-01 3.520E+01 2.000E+00
5.386E+06 9.562E+02 1.132E+00 2.205E-03 1.330E-04 1.235E+03 8.612E-01 3.520E+01 2.000E+00
1.389E+07 8.410E+02 1.188E+00 2.205E-03 1.919E-04 1.367E+03 8.619E-01 3.520E+01 2.000E+00
3.161E+08 6.561E+02 1.295E+00 2.205E-03 2.999E-04 1.427E+03 8.632E-01 3.520E+01 2.000E+00
4.336E+06 4.051E+02 1.490E+00 2.205E-03 4.977E-04 1.904E+03 8.657E-01 3.521E+01 2.000E+00
2.991E+06 5.979E+02 1.335E+00 2.205E-03 8.604E-04 1.492E+03 8.702E-01 3.522E+01 2.000E+00
4.012E+06 9.812E+02 1.122E+00 2.205E-03 1.525E-03 1.228E+03 8.784E-01 3.523E+01 2.000E+00
7.260E+06 7.310E+02 1.251E+00 2.205E-03 2.744E-03 1.363E+03 8.936E-01 3.526E+01 2.000E+00
7.559E+06 7.847E+02 1.222E+00 2.205E-03 4.978E-03 1.328E+03 9.106E-01 3.531E+01 2.000E+00
7.043E+06 7.361E+02 1.245E+00 2.789E-03 6.236E-05 1.358E+03 8.621E-01 3.520E+01 2.000E+00
7.573E+06 7.361E+02 1.245E+00 2.789E-03 6.240E-05 1.358E+03 8.621E-01 3.520E+01 2.000E+00
8.803E+06 7.361E+02 1.245E+00 2.789E-03 6.248E-05 1.358E+03 8.621E-01 3.520E+01 2.000E+00
1.265E+07 7.361E+02 1.245E+00 2.789E-03 6.261E-05 1.358E+03 8.621E-01 3.520E+01 2.000E+00
7.716E+07 7.361E+02 1.245E+00 2.789E-03 6.287E-05 1.358E+03 8.621E-01 3.520E+01 2.000E+00
8.061E+06 8.056E+02 1.206E+00 2.789E-03 6.333E-05 1.311E+03 8.621E-01 3.520E+01 2.000E+00
8.976E+06 7.917E+02 1.213E+00 2.789E-03 6.418E-05 1.320E+03 8.621E-01 3.520E+01 2.000E+00
4.224E+06 8.348E+02 1.191E+00 2.789E-03 6.573E-05 1.297E+03 8.621E-01 3.520E+01 2.000E+00
8.572E+07 3.727E+02 1.519E+00 2.789E-03 6.858E-05 2.046E+03 8.622E-01 3.520E+01 2.000E+00
5.573E+06 6.670E+02 1.287E+00 2.789E-03 7.379E-05 1.417E+03 8.622E-01 3.520E+01 2.000E+00
5.745E+06 6.319E+02 1.310E+00 2.789E-03 8.336E-05 1.497E+03 8.624E-01 3.520E+01 2.000E+00
9.764E+06 5.451E+02 1.372E+00 2.789E-03 1.009E-04 1.567E+03 8.626E-01 3.520E+01 2.000E+00
1.945E+07 9.562E+02 1.132E+00 2.789E-03 1.330E-04 1.236E+03 8.630E-01 3.520E+01 2.000E+00
3.096E+06 3.008E+02 1.587E+00 2.789E-03 1.919E-04 2.580E+03 8.637E-01 3.520E+01 2.000E+00
6.007E+06 3.243E+02 1.565E+00 2.789E-03 2.999E-04 2.349E+03 8.650E-01 3.520E+01 2.000E+00
9.972E+06 7.878E+02 1.216E+00 2.789E-03 4.977E-04 1.323E+03 8.675E-01 3.521E+01 2.000E+00
2.339E+07 2.999E+02 1.590E+00 2.789E-03 8.604E-04 2.572E+03 8.720E-01 3.522E+01 2.000E+00
4.961E+06 9.812E+02 1.122E+00 2.789E-03 1.525E-03 1.228E+03 8.803E-01 3.523E+01 2.000E+00
2.228E+06 8.986E+02 1.161E+00 2.789E-03 2.744E-03 1.265E+03 8.953E-01 3.526E+01 2.000E+00
1.191E+07 9.291E+02 1.148E+00 2.789E-03 4.978E-03 1.255E+03 9.120E-01 3.531E+01 2.000E+00
2.165E+07 3.738E+02 1.517E+00 3.528E-03 6.236E-05 2.041E+03 8.644E-01 3.520E+01 2.000E+00
6.773E+07 3.738E+02 1.517E+00 3.528E-03 6.240E-05 2.040E+03 8.644E-01 3.520E+01 2.000E+00
7.517E+07 5.857E+02 1.342E+00 3.528E-03 6.248E-05 1.509E+03 8.644E-01 3.520E+01 2.000E+00
1.214E+07 5.912E+02 1.338E+00 3.528E-03 6.261E-05 1.501E+03 8.644E-01 3.520E+01 2.000E+00
6.991E+06 8.421E+02 1.187E+00 3.528E-03 6.287E-05 1.290E+03 8.644E-01 3.520E+01 2.000E+00
5.890E+08 3.442E+02 1.545E+00 3.528E-03 6.333E-05 2.207E+03 8.644E-01 3.520E+01 2.000E+00
3.548E+07 8.586E+02 1.178E+00 3.528E-03 6.418E-05 1.281E+03 8.644E-01 3.520E+01 2.000E+00
1.012E+07 6.919E+02 1.272E+00 3.528E-03 6.573E-05 1.401E+03 8.644E-01 3.520E+01 2.000E+00
1.762E+07 6.670E+02 1.287E+00 3.528E-03 6.858E-05 1.417E+03 8.645E-01 3.520E+01 2.000E+00
3.162E+08 8.107E+02 1.203E+00 3.528E-03 7.379E-05 1.308E+03 8.645E-01 3.520E+01 2.000E+00
4.668E+06 7.496E+02 1.237E+00 3.528E-03 8.336E-05 1.348E+03 8.646E-01 3.520E+01 2.000E+00
3.225E+07 8.990E+02 1.159E+00 3.528E-03 1.009E-04 1.261E+03 8.649E-01 3.520E+01 2.000E+00
1.723E+07 9.486E+02 1.136E+00 3.528E-03 1.330E-04 1.240E+03 8.653E-01 3.520E+01 2.000E+00
3.981E+07 3.960E+02 1.497E+00 3.528E-03 1.919E-04 1.942E+03 8.660E-01 3.520E+01 2.000E+00
8.791E+07 4.342E+02 1.463E+00 3.528E-03 2.999E-04 1.810E+03 8.673E-01 3.520E+01 2.000E+00
1.337E+08 7.052E+02 1.264E+00 3.528E-03 4.977E-04 1.383E+03 8.698E-01 3.521E+01 2.000E+00
3.142E+06 7.448E+02 1.241E+00 3.528E-03 8.604E-04 1.352E+03 8.743E-01 3.522E+01 2.000E+00
2.153E+07 6.049E+02 1.331E+00 3.528E-03 1.525E-03 1.483E+03 8.826E-01 3.523E+01 2.000E+00
1.160E+07 6.363E+02 1.311E+00 3.528E-03 2.744E-03 1.447E+03 8.971E-01 3.526E+01 2.000E+00
6.370E+06 7.004E+02 1.272E+00 3.528E-03 4.978E-03 1.389E+03 9.139E-01 3.531E+01 2.000E+00
4.495E+06 6.662E+02 1.288E+00 4.462E-03 6.236E-05 1.418E+03 8.673E-01 3.520E+01 2.000E+00
4.768E+06 6.662E+02 1.288E+00 4.462E-03 6.240E-05 1.418E+03 8.673E-01 3.520E+01 2.000E+00
5.374E+06 6.662E+02 1.288E+00 4.462E-03 6.248E-05 1.420E+03 8.673E-01 3.520E+01 2.000E+00
9.651E+06 4.092E+02 1.485E+00 4.462E-03 6.261E-05 1.898E+03 8.673E-01 3.520E+01 2.000E+00
1.793E+07 6.662E+02 1.288E+00 4.462E-03 6.287E-05 1.419E+03 8.673E-01 3.520E+01 2.000E+00
5.866E+06 5.807E+02 1.346E+00 4.462E-03 6.333E-05 1.516E+03 8.673E-01 3.520E+01 2.000E+00
1.114E+07 8.269E+02 1.195E+00 4.462E-03 6.418E-05 1.299E+03 8.673E-01 3.520E+01 2.000E+00
7.644E+06 3.128E+02 1.575E+00 4.462E-03 6.573E-05 2.464E+03 8.673E-01 3.520E+01 2.000E+00
3.935E+06 6.347E+02 1.308E+00 4.462E-03 6.858E-05 1.451E+03 8.674E-01 3.520E+01 2.000E+00
1.175E+07 7.811E+02 1.219E+00 4.462E-03 7.379E-05 1.336E+03 8.674E-01 3.520E+01 2.000E+00
9.119E+06 9.325E+02 1.143E+00 4.462E-03 8.336E-05 1.246E+03 8.675E-01 3.520E+01 2.000E+00
3.570E+07 6.488E+02 1.299E+00 4.462E-03 1.009E-04 1.436E+03 8.678E-01 3.520E+01 2.000E+00
2.277E+07 9.452E+02 1.137E+00 4.462E-03 1.330E-04 1.241E+03 8.682E-01 3.520E+01 2.000E+00
6.679E+07 4.876E+02 1.418E+00 4.462E-03 1.919E-04 1.674E+03 8.689E-01 3.520E+01 2.000E+00
4.020E+07 9.944E+02 1.116E+00 4.462E-03 2.999E-04 1.223E+03 8.702E-01 3.520E+01 2.000E+00
4.234E+06 6.407E+02 1.305E+00 4.462E-03 4.977E-04 1.444E+03 8.727E-01 3.521E+01 2.000E+00
3.470E+08 4.675E+02 1.436E+00 4.462E-03 8.604E-04 1.717E+03 8.772E-01 3.522E+01 2.000E+00
6.421E+07 5.427E+02 1.377E+00 4.462E-03 1.525E-03 1.569E+03 8.855E-01 3.523E+01 2.000E+00
6.059E+06 6.857E+02 1.279E+00 4.462E-03 2.744E-03 1.401E+03 8.995E-01 3.526E+01 2.000E+00
1.540E+07 9.219E+02 1.152E+00 4.462E-03 4.978E-03 1.259E+03 9.162E-01 3.531E+01 2.000E+00
1.830E+06 3.187E+02 1.570E+00 5.644E-03 6.236E-05 2.402E+03 8.710E-01 3.520E+01 2.000E+00
1.925E+06 3.187E+02 1.570E+00 5.644E-03 6.240E-05 2.402E+03 8.710E-01 3.520E+01 2.000E+00
2.133E+06 3.187E+02 1.570E+00 5.644E-03 6.248E-05 2.402E+03 8.710E-01 3.520E+01 2.000E+00
2.678E+06 3.187E+02 1.570E+00 5.644E-03 6.261E-05 2.403E+03 8.710E-01 3.520E+01 2.000E+00
5.279E+06 3.187E+02 1.570E+00 5.644E-03 6.287E-05 2.402E+03 8.710E-01 3.520E+01 2.000E+00
1.158E+07 5.304E+02 1.384E+00 5.644E-03 6.333E-05 1.596E+03 8.710E-01 3.520E+01 2.000E+00
3.935E+06 7.811E+02 1.219E+00 5.644E-03 6.418E-05 1.330E+03 8.710E-01 3.520E+01 2.000E+00
1.057E+07 4.878E+02 1.417E+00 5.644E-03 6.573E-05 1.675E+03 8.710E-01 3.520E+01 2.000E+00
5.161E+07 7.496E+02 1.237E+00 5.644E-03 6.858E-05 1.349E+03 8.710E-01 3.520E+01 2.000E+00
4.069E+06 3.483E+02 1.541E+00 5.644E-03 7.379E-05 2.181E+03 8.711E-01 3.520E+01 2.000E+00
8.042E+07 9.240E+02 1.147E+00 5.644E-03 8.336E-05 1.251E+03 8.712E-01 3.520E+01 2.000E+00
6.422E+07 9.392E+02 1.140E+00 5.644E-03 1.009E-04 1.244E+03 8.714E-01 3.520E+01 2.000E+00
1.853E+07 7.113E+02 1.260E+00 5.644E-03 1.330E-04 1.379E+03 8.718E-01 3.520E+01 2.000E+00
1.399E+07 4.545E+02 1.446E+00 5.644E-03 1.919E-04 1.753E+03 8.726E-01 3.520E+01 2.000E+00
2.091E+07 9.739E+02 1.125E+00 5.644E-03 2.999E-04 1.232E+03 8.739E-01 3.520E+01 2.000E+00
6.008E+07 4.600E+02 1.441E+00 5.644E-03 4.977E-04 1.737E+03 8.764E-01 3.521E+01 2.000E+00
6.489E+06 9.703E+02 1.127E+00 5.644E-03 8.604E-04 1.232E+03 8.809E-01 3.522E+01 2.000E+00
5.309E+06 5.968E+02 1.337E+00 5.644E-03 1.525E-03 1.494E+03 8.891E-01 3.523E+01 2.000E+00
8.727E+06 6.575E+02 1.297E+00 5.644E-03 2.744E-03 1.427E+03 9.024E-01 3.526E+01 2.000E+00
4.969E+06 6.474E+02 1.306E+00 5.644E-03 4.978E-03 1.437E+03 9.192E-01 3.531E+01 2.000E+00
2.718E+06 4.674E+02 1.434E+00 7.139E-03 6.236E-05 1.721E+03 8.756E-01 3.520E+01 2.000E+00
2.901E+06 4.674E+02 1.434E+00 7.139E-03 6.240E-05 1.722E+03 8.756E-01 3.520E+01 2.000E+00
3.317E+06 4.674E+02 1.434E+00 7.139E-03 6.248E-05 1.723E+03 8.756E-01 3.520E+01 2.000E+00
4.548E+06 4.674E+02 1.434E+00 7.139E-03 6.261E-05 1.721E+03 8.756E-01 3.520E+01 2.000E+00
1.614E+07 4.674E+02 1.434E+00 7.139E-03 6.287E-05 1.721E+03 8.756E-01 3.520E+01 2.000E+00
1.192E+07 5.084E+02 1.401E+00 7.139E-03 6.333E-05 1.636E+03 8.756E-01 3.520E+01 2.000E+00
1.793E+08 3.381E+02 1.551E+00 7.139E-03 6.418E-05 2.250E+03 8.756E-01 3.520E+01 2.000E+00
1.749E+07 6.421E+02 1.304E+00 7.139E-03 6.573E-05 1.454E+03 8.756E-01 3.520E+01 2.000E+00
1.427E+07 9.471E+02 1.136E+00 7.139E-03 6.858E-05 1.241E+03 8.757E-01 3.520E+01 2.000E+00
8.566E+06 8.990E+02 1.159E+00 7.139E-03 7.379E-05 1.263E+03 8.757E-01 3.520E+01 2.000E+00
1.513E+07 4.741E+02 1.429E+00 7.139E-03 8.336E-05 1.705E+03 8.759E-01 3.520E+01 2.000E+00
6.160E+06 3.542E+02 1.536E+00 7.139E-03 1.009E-04 2.146E+03 8.761E-01 3.520E+01 2.000E+00
3.426E+07 4.685E+02 1.434E+00 7.139E-03 1.330E-04 1.718E+03 8.765E-01 3.520E+01 2.000E+00
2.100E+06 4.605E+02 1.440E+00 7.139E-03 1.919E-04 1.738E+03 8.772E-01 3.520E+01 2.000E+00
6.419E+06 3.006E+02 1.588E+00 7.139E-03 2.999E-04 2.580E+03 8.786E-01 3.520E+01 2.000E+00
1.507E+07 6.741E+02 1.283E+00 7.139E-03 4.977E-04 1.412E+03 8.810E-01 3.521E+01 2.000E+00
7.935E+06 9.668E+02 1.128E+00 7.139E-03 8.604E-04 1.235E+03 8.855E-01 3.522E+01 2.000E+00
5.280E+06 5.809E+02 1.348E+00 7.139E-03 1.525E-03 1.515E+03 8.938E-01 3.523E+01 2.000E+00
1.167E+07 8.736E+02 1.173E+00 7.139E-03 2.744E-03 1.279E+03 9.062E-01 3.526E+01 2.000E+00
1.125E+07 3.951E+02 1.510E+00 7.139E-03 4.978E-03 1.911E+03 9.229E-01 3.531E+01 2.000E+00
2.431E+07 2.708E+02 1.615E+00 9.029E-03 6.236E-05 3.042E+03 8.815E-01 3.520E+01 2.000E+00
1.208E+08 2.708E+02 1.615E+00 9.029E-03 6.240E-05 3.049E+03 8.815E-01 3.520E+01 2.000E+00
1.316E+07 8.768E+02 1.169E+00 9.029E-03 6.248E-05 1.274E+03 8.815E-01 3.520E+01 2.000E+00
1.623E+07 8.768E+02 1.169E+00 9.029E-03 6.261E-05 1.275E+03 8.815E-01 3.520E+01 2.000E+00
2.880E+07 8.768E+02 1.169E+00 9.029E-03 6.287E-05 1.278E+03 8.815E-01 3.520E+01 2.000E+00
3.108E+06 5.231E+02 1.389E+00 9.029E-03 6.333E-05 1.606E+03 8.815E-01 3.520E+01 2.000E+00
3.760E+06 8.654E+02 1.175E+00 9.029E-03 6.418E-05 1.280E+03 8.815E-01 3.520E+01 2.000E+00
9.157E+06 8.654E+02 1.175E+00 9.029E-03 6.573E-05 1.280E+03 8.815E-01 3.520E+01 2.000E+00
3.478E+07 6.839E+02 1.277E+00 9.029E-03 6.858E-05 1.403E+03 8.815E-01 3.520E+01 2.000E+00
5.137E+06 3.783E+02 1.513E+00 9.029E-03 7.379E-05 2.021E+03 8.816E-01 3.520E+01 2.000E+00
2.299E+07 3.068E+02 1.581E+00 9.029E-03 8.336E-05 2.531E+03 8.817E-01 3.520E+01 2.000E+00
6.230E+07 9.452E+02 1.137E+00 9.029E-03 1.009E-04 1.243E+03 8.820E-01 3.520E+01 2.000E+00
1.443E+08 8.090E+02 1.204E+00 9.029E-03 1.330E-04 1.311E+03 8.824E-01 3.520E+01 2.000E+00
6.309E+06 3.842E+02 1.508E+00 9.029E-03 1.919E-04 1.993E+03 8.831E-01 3.520E+01 2.000E+00
2.493E+08 6.605E+02 1.292E+00 9.029E-03 2.999E-04 1.427E+03 8.844E-01 3.520E+01 2.000E+00
4.351E+06 7.393E+02 1.244E+00 9.029E-03 4.977E-04 1.358E+03 8.869E-01 3.521E+01 2.000E+00
2.476E+07 8.631E+02 1.177E+00 9.029E-03 8.604E-04 1.282E+03 8.914E-01 3.522E+01 2.000E+00
8.683E+06 9.808E+02 1.122E+00 9.029E-03 1.525E-03 1.231E+03 8.996E-01 3.523E+01 2.000E+00
8.852E+06 5.043E+02 1.409E+00 9.029E-03 2.744E-03 1.635E+03 9.109E-01 3.526E+01 2.000E+00
8.118E+07 2.508E+02 1.654E+00 9.029E-03 4.978E-03 3.227E+03 9.276E-01 3.531E+01 2.000E+00
1.228E+07 6.574E+02 1.293E+00 1.142E-02 6.236E-05 1.431E+03 8.889E-01 3.520E+01 2.000E+00
1.499E+07 6.574E+02 1.293E+00 1.142E-02 6.240E-05 1.429E+03 8.889E-01 3.520E+01 2.000E+00
2.538E+07 6.574E+02 1.293E+00 1.142E-02 6.248E-05 1.430E+03 8.889E-01 3.520E+01 2.000E+00
3.209E+06 5.911E+02 1.339E+00 1.142E-02 6.261E-05 1.505E+03 8.889E-01 3.520E+01 2.000E+00
4.778E+06 5.911E+02 1.339E+00 1.142E-02 6.287E-05 1.504E+03 8.889E-01 3.520E+01 2.000E+00
3.205E+08 5.911E+02 1.339E+00 1.142E-02 6.333E-05 1.504E+03 8.889E-01 3.520E+01 2.000E+00
1.179E+07 4.091E+02 1.485E+00 1.142E-02 6.418E-05 1.895E+03 8.889E-01 3.520E+01 2.000E+00
4.475E+06 9.562E+02 1.132E+00 1.142E-02 6.573E-05 1.239E+03 8.889E-01 3.520E+01 2.000E+00
3.387E+07 7.302E+02 1.248E+00 1.142E-02 6.858E-05 1.369E+03 8.890E-01 3.520E+01 2.000E+00
1.925E+07 8.213E+02 1.198E+00 1.142E-02 7.379E-05 1.306E+03 8.890E-01 3.520E+01 2.000E+00
2.972E+07 9.452E+02 1.137E+00 1.142E-02 8.336E-05 1.244E+03 8.892E-01 3.520E+01 2.000E+00
4.213E+06 4.028E+02 1.491E+00 1.142E-02 1.009E-04 1.932E+03 8.894E-01 3.520E+01 2.000E+00
6.746E+06 8.883E+02 1.164E+00 1.142E-02 1.330E-04 1.270E+03 8.898E-01 3.520E+01 2.000E+00
8.000E+06 3.540E+02 1.536E+00 1.142E-02 1.919E-04 2.147E+03 8.905E-01 3.520E+01 2.000E+00
1.856E+08 7.130E+02 1.259E+00 1.142E-02 2.999E-04 1.380E+03 8.918E-01 3.520E+01 2.000E+00
4.693E+06 3.239E+02 1.566E+00 1.142E-02 4.977E-04 2.359E+03 8.943E-01 3.521E+01 2.000E+00
5.281E+06 6.306E+02 1.312E+00 1.142E-02 8.604E-04 1.457E+03 8.988E-01 3.522E+01 2.000E+00
7.440E+06 7.577E+02 1.234E+00 1.142E-02 1.525E-03 1.347E+03 9.071E-01 3.523E+01 2.000E+00
1.206E+07 2.617E+02 1.634E+00 1.142E-02 2.744E-03 3.098E+03 9.169E-01 3.526E+01 2.000E+00
3.708E+06 5.754E+02 1.357E+00 1.142E-02 4.978E-03 1.520E+03 9.336E-01 3.531E+01 2.000E+00
5.675E+08 9.452E+02 1.137E+00 1.445E-02 6.236E-05 1.245E+03 8.983E-01 3.520E+01 2.000E+00
3.168E+06 9.362E+02 1.141E+00 1.445E-02 6.240E-05 1.249E+03 8.983E-01 3.520E+01 2.000E+00
3.196E+06 9.362E+02 1.141E+00 1.445E-02 6.248E-05 1.249E+03 8.983E-01 3.520E+01 2.000E+00
3.249E+06 9.362E+02 1.141E+00 1.445E-02 6.261E-05 1.249E+03 8.983E-01 3.520E+01 2.000E+00
3.352E+06 9.362E+02 1.141E+00 1.445E-02 6.287E-05 1.249E+03 8.983E-01 3.520E+01 2.000E+00
6.971E+06 4.881E+02 1.417E+00 1.445E-02 6.333E-05 1.676E+03 8.983E-01 3.520E+01 2.000E+00
1.171E+08 3.422E+02 1.547E+00 1.445E-02 6.418E-05 2.223E+03 8.983E-01 3.520E+01 2.000E+00
5.508E+06 9.362E+02 1.141E+00 1.445E-02 6.573E-05 1.249E+03 8.984E-01 3.520E+01 2.000E+00
2.246E+07 9.362E+02 1.141E+00 1.445E-02 6.858E-05 1.249E+03 8.984E-01 3.520E+01 2.000E+00
6.992E+06 6.926E+02 1.271E+00 1.445E-02 7.379E-05 1.399E+03 8.985E-01 3.520E+01 2.000E+00
2.236E+07 7.654E+02 1.228E+00 1.445E-02 8.336E-05 1.341E+03 8.986E-01 3.520E+01 2.000E+00
3.559E+06 5.910E+02 1.339E+00 1.445E-02 1.009E-04 1.506E+03 8.988E-01 3.520E+01 2.000E+00
8.484E+06 4.605E+02 1.440E+00 1.445E-02 1.330E-04 1.740E+03 8.992E-01 3.520E+01 2.000E+00
2.370E+07 6.659E+02 1.288E+00 1.445E-02 1.919E-04 1.422E+03 8.999E-01 3.520E+01 2.000E+00
4.391E+07 8.587E+02 1.179E+00 1.445E-02 2.999E-04 1.286E+03 9.013E-01 3.520E+01 2.000E+00
9.651E+06 7.628E+02 1.230E+00 1.445E-02 4.977E-04 1.344E+03 9.037E-01 3.521E+01 2.000E+00
4.488E+06 7.388E+02 1.244E+00 1.445E-02 8.604E-04 1.361E+03 9.082E-01 3.522E+01 2.000E+00
2.767E+07 6.380E+02 1.308E+00 1.445E-02 1.525E-03 1.450E+03 9.153E-01 3.523E+01 2.000E+00
1.551E+07 9.073E+02 1.157E+00 1.445E-02 2.744E-03 1.267E+03 9.244E-01 3.526E+01 2.000E+00
7.714E+06 4.659E+02 1.446E+00 1.445E-02 4.978E-03 1.710E+03 9.412E-01 3.531E+01 2.000E+00
4.098E+06 7.810E+02 1.219E+00 1.827E-02 6.236E-05 1.333E+03 9.102E-01 3.520E+01 2.000E+00
4.221E+06 7.810E+02 1.219E+00 1.827E-02 6.240E-05 1.333E+03 9.102E-01 3.520E+01 2.000E+00
4.469E+06 7.810E+02 1.219E+00 1.827E-02 6.248E-05 1.332E+03 9.102E-01 3.520E+01 2.000E+00
5.021E+06 7.810E+02 1.219E+00 1.827E-02 6.261E-05 1.332E+03 9.102E-01 3.520E+01 2.000E+00
6.554E+06 7.810E+02 1.219E+00 1.827E-02 6.287E-05 1.333E+03 9.102E-01 3.520E+01 2.000E+00
2.248E+06 6.934E+02 1.271E+00 1.827E-02 6.333E-05 1.399E+03 9.102E-01 3.520E+01 2.000E+00
4.311E+06 6.934E+02 1.271E+00 1.827E-02 6.418E-05 1.398E+03 9.102E-01 3.520E+01 2.000E+00
1.115E+09 8.004E+02 1.209E+00 1.827E-02 6.573E-05 1.321E+03 9.102E-01 3.520E+01 2.000E+00
4.815E+06 4.338E+02 1.463E+00 1.827E-02 6.858E-05 1.816E+03 9.102E-01 3.520E+01 2.000E+00
4.845E+06 8.410E+02 1.187E+00 1.827E-02 7.379E-05 1.299E+03 9.103E-01 3.520E+01 2.000E+00
1.262E+07 5.831E+02 1.344E+00 1.827E-02 8.336E-05 1.517E+03 9.104E-01 3.520E+01 2.000E+00
7.266E+06 4.684E+02 1.434E+00 1.827E-02 1.009E-04 1.722E+03 9.107E-01 3.520E+01 2.000E+00
4.338E+06 6.013E+02 1.331E+00 1.827E-02 1.330E-04 1.494E+03 9.111E-01 3.520E+01 2.000E+00
4.615E+07 7.556E+02 1.234E+00 1.827E-02 1.919E-04 1.350E+03 9.118E-01 3.520E+01 2.000E+00
8.701E+06 8.999E+02 1.158E+00 1.827E-02 2.999E-04 1.278E+03 9.131E-01 3.520E+01 2.000E+00
8.690E+06 9.323E+02 1.143E+00 1.827E-02 4.977E-04 1.255E+03 9.156E-01 3.521E+01 2.000E+00
1.101E+07 9.872E+02 1.119E+00 1.827E-02 8.604E-04 1.256E+03 9.199E-01 3.522E+01 2.000E+00
7.110E+06 4.384E+02 1.462E+00 1.827E-02 1.525E-03 1.795E+03 9.248E-01 3.523E+01 2.000E+00
1.021E+07 5.174E+02 1.399E+00 1.827E-02 2.744E-03 1.614E+03 9.340E-01 3.526E+01 2.000E+00
8.702E+06 5.994E+02 1.340E+00 1.827E-02 4.978E-03 1.494E+03 9.507E-01 3.531E+01 2.000E+00
1.353E+08 9.332E+02 1.143E+00 2.311E-02 6.236E-05 1.254E+03 9.252E-01 3.520E+01 2.000E+00
1.988E+08 9.332E+02 1.143E+00 2.311E-02 6.240E-05 1.254E+03 9.252E-01 3.520E+01 2.000E+00
1.448E+09 9.332E+02 1.143E+00 2.311E-02 6.248E-05 1.254E+03 9.252E-01 3.520E+01 2.000E+00
7.936E+07 4.605E+02 1.440E+00 2.311E-02 6.261E-05 1.744E+03 9.252E-01 3.520E+01 2.000E+00
2.140E+07 9.119E+02 1.153E+00 2.311E-02 6.287E-05 1.263E+03 9.252E-01 3.520E+01 2.000E+00
8.408E+07 9.119E+02 1.153E+00 2.311E-02 6.333E-05 1.612E+03 9.252E-01 3.520E+01 2.000E+00
7.806E+06 9.952E+02 1.115E+00 2.311E-02 6.418E-05 1.231E+03 9.252E-01 3.520E+01 2.000E+00
3.677E+06 9.090E+02 1.154E+00 2.311E-02 6.573E-05 1.265E+03 9.252E-01 3.520E+01 2.000E+00
1.275E+07 3.397E+02 1.550E+00 2.311E-02 6.858E-05 2.242E+03 9.253E-01 3.520E+01 2.000E+00
4.250E+06 4.152E+02 1.480E+00 2.311E-02 7.379E-05 1.877E+03 9.253E-01 3.520E+01 2.000E+00
3.406E+06 8.975E+02 1.159E+00 2.311E-02 8.336E-05 1.270E+03 9.255E-01 3.520E+01 2.000E+00
5.407E+07 8.653E+02 1.175E+00 2.311E-02 1.009E-04 1.286E+03 9.257E-01 3.520E+01 2.000E+00
6.845E+06 8.163E+02 1.200E+00 2.311E-02 1.330E-04 1.322E+03 9.261E-01 3.520E+01 2.000E+00
9.301E+06 3.319E+02 1.558E+00 2.311E-02 1.919E-04 2.341E+03 9.268E-01 3.520E+01 2.000E+00
6.800E+06 9.696E+02 1.126E+00 2.311E-02 2.999E-04 1.239E+03 9.278E-01 3.520E+01 2.000E+00
1.217E+07 7.588E+02 1.232E+00 2.311E-02 4.977E-04 1.350E+03 9.292E-01 3.521E+01 2.000E+00
4.749E+06 9.785E+02 1.123E+00 2.311E-02 8.604E-04 1.237E+03 9.320E-01 3.522E+01 2.000E+00
9.426E+07 7.332E+02 1.248E+00 2.311E-02 1.525E-03 1.369E+03 9.369E-01 3.523E+01 2.000E+00
4.451E+06 6.729E+02 1.287E+00 2.311E-02 2.744E-03 1.429E+03 9.461E-01 3.526E+01 2.000E+00
3.518E+06 2.284E+02 1.675E+00 2.311E-02 4.978E-03 4.011E+03 9.602E-01 3.531E+01 2.000E+00
1.967E+08 3.480E+02 1.542E+00 2.923E-02 6.236E-05 2.189E+03 9.413E-01 3.520E+01 2.000E+00
8.640E+06 3.102E+02 1.578E+00 2.923E-02 6.240E-05 2.525E+03 9.413E-01 3.520E+01 2.000E+00
1.059E+07 8.918E+02 1.162E+00 2.923E-02 6.248E-05 1.458E+03 9.413E-01 3.520E+01 2.000E+00
1.215E+07 8.918E+02 1.162E+00 2.923E-02 6.261E-05 1.281E+03 9.413E-01 3.520E+01 2.000E+00
1.677E+07 8.918E+02 1.162E+00 2.923E-02 6.287E-05 1.275E+03 9.413E-01 3.520E+01 2.000E+00
6.062E+07 8.918E+02 1.162E+00 2.923E-02 6.333E-05 1.275E+03 9.413E-01 3.520E+01 2.000E+00
2.964E+07 8.767E+02 1.170E+00 2.923E-02 6.418E-05 1.283E+03 9.413E-01 3.520E+01 2.000E+00
1.910E+07 8.086E+02 1.204E+00 2.923E-02 6.573E-05 1.320E+03 9.413E-01 3.520E+01 2.000E+00
1.046E+07 9.948E+02 1.115E+00 2.923E-02 6.858E-05 1.232E+03 9.413E-01 3.520E+01 2.000E+00
2.495E+06 6.344E+02 1.309E+00 2.923E-02 7.379E-05 1.460E+03 9.414E-01 3.520E+01 2.000E+00
2.655E+07 9.948E+02 1.115E+00 2.923E-02 8.336E-05 1.232E+03 9.414E-01 3.520E+01 2.000E+00
4.475E+06 6.680E+02 1.287E+00 2.923E-02 1.009E-04 1.426E+03 9.416E-01 3.520E+01 2.000E+00
7.742E+08 9.619E+02 1.130E+00 2.923E-02 1.330E-04 1.245E+03 9.418E-01 3.520E+01 2.000E+00
9.311E+06 8.104E+02 1.204E+00 2.923E-02 1.919E-04 1.319E+03 9.422E-01 3.520E+01 2.000E+00
5.074E+06 7.751E+02 1.223E+00 2.923E-02 2.999E-04 1.341E+03 9.431E-01 3.520E+01 2.000E+00
2.001E+07 9.375E+02 1.141E+00 2.923E-02 4.977E-04 1.256E+03 9.445E-01 3.521E+01 2.000E+00
1.642E+08 4.119E+02 1.485E+00 2.923E-02 8.604E-04 1.885E+03 9.473E-01 3.522E+01 2.000E+00
2.015E+07 9.447E+02 1.139E+00 2.923E-02 1.525E-03 1.255E+03 9.522E-01 3.523E+01 2.000E+00
5.974E+06 8.749E+02 1.173E+00 2.923E-02 2.744E-03 1.288E+03 9.614E-01 3.526E+01 2.000E+00
1.880E+08 5.519E+02 1.375E+00 2.923E-02 4.978E-03 1.561E+03 9.711E-01 3.531E+01 2.000E+00
9.468E+06 8.540E+02 1.181E+00 3.697E-02 6.236E-05 1.298E+03 9.606E-01 3.520E+01 2.000E+00
9.938E+06 8.540E+02 1.181E+00 3.697E-02 6.240E-05 1.298E+03 9.606E-01 3.520E+01 2.000E+00
1.094E+07 8.540E+02 1.181E+00 3.697E-02 6.248E-05 1.298E+03 9.606E-01 3.520E+01 2.000E+00
1.346E+07 8.540E+02 1.181E+00 3.697E-02 6.261E-05 1.298E+03 9.606E-01 3.520E+01 2.000E+00
2.376E+07 8.540E+02 1.181E+00 3.697E-02 6.287E-05 1.298E+03 9.606E-01 3.520E+01 2.000E+00
3.671E+06 3.242E+02 1.565E+00 3.697E-02 6.333E-05 2.362E+03 9.606E-01 3.520E+01 2.000E+00
2.334E+07 9.944E+02 1.115E+00 3.697E-02 6.418E-05 1.236E+03 9.606E-01 3.520E+01 2.000E+00
2.775E+07 9.944E+02 1.115E+00 3.697E-02 6.573E-05 1.236E+03 9.606E-01 3.520E+01 2.000E+00
1.538E+07 5.373E+02 1.378E+00 3.697E-02 6.858E-05 1.592E+03 9.607E-01 3.520E+01 2.000E+00
5.943E+08 9.673E+02 1.127E+00 3.697E-02 7.379E-05 1.246E+03 9.607E-01 3.520E+01 2.000E+00
1.400E+07 7.493E+02 1.237E+00 3.697E-02 8.336E-05 1.362E+03 9.608E-01 3.520E+01 2.000E+00
1.617E+07 8.382E+02 1.189E+00 3.697E-02 1.009E-04 1.306E+03 9.609E-01 3.520E+01 2.000E+00
6.316E+08 8.683E+02 1.174E+00 3.697E-02 1.330E-04 1.291E+03 9.611E-01 3.520E+01 2.000E+00
4.418E+06 4.735E+02 1.430E+00 3.697E-02 1.919E-04 1.716E+03 9.616E-01 3.520E+01 2.000E+00
1.193E+08 8.427E+02 1.187E+00 3.697E-02 2.999E-04 1.304E+03 9.624E-01 3.520E+01 2.000E+00
2.999E+06 5.277E+02 1.387E+00 3.697E-02 4.977E-04 1.607E+03 9.639E-01 3.521E+01 2.000E+00
4.941E+06 6.303E+02 1.313E+00 3.697E-02 8.604E-04 1.467E+03 9.666E-01 3.522E+01 2.000E+00
2.924E+07 4.988E+02 1.411E+00 3.697E-02 1.525E-03 1.659E+03 9.716E-01 3.523E+01 2.000E+00
3.699E+07 3.570E+02 1.541E+00 3.697E-02 2.744E-03 2.108E+03 9.770E-01 3.526E+01 2.000E+00
2.249E+07 5.367E+02 1.387E+00 3.697E-02 4.978E-03 1.587E+03 9.849E-01 3.531E+01 2.000E+00
9.039E+06 7.743E+02 1.223E+00 4.677E-02 6.236E-05 1.349E+03 9.849E-01 3.520E+01 2.000E+00
5.564E+06 2.631E+02 1.622E+00 4.677E-02 6.240E-05 3.210E+03 9.849E-01 3.520E+01 2.000E+00
1.152E+07 7.743E+02 1.223E+00 4.677E-02 6.248E-05 1.349E+03 9.849E-01 3.520E+01 2.000E+00
1.730E+07 7.743E+02 1.223E+00 4.677E-02 6.261E-05 1.349E+03 9.849E-01 3.520E+01 2.000E+00
3.728E+08 7.743E+02 1.223E+00 4.677E-02 6.287E-05 1.351E+03 9.849E-01 3.520E+01 2.000E+00
4.042E+07 6.570E+02 1.294E+00 4.677E-02 6.333E-05 1.451E+03 9.849E-01 3.520E+01 2.000E+00
1.481E+07 8.628E+02 1.176E+00 4.677E-02 6.418E-05 1.301E+03 9.849E-01 3.520E+01 2.000E+00
3.535E+07 8.652E+02 1.175E+00 4.677E-02 6.573E-05 1.296E+03 9.849E-01 3.520E+01 2.000E+00
4.428E+06 7.031E+02 1.265E+00 4.677E-02 6.858E-05 1.402E+03 9.849E-01 3.520E+01 2.000E+00
4.422E+06 5.698E+02 1.354E+00 4.677E-02 7.379E-05 1.546E+03 9.849E-01 3.520E+01 2.000E+00
5.446E+06 8.766E+02 1.170E+00 4.677E-02 8.336E-05 1.291E+03 9.849E-01 3.520E+01 2.000E+00
3.410E+07 6.925E+02 1.271E+00 4.677E-02 1.009E-04 1.412E+03 9.850E-01 3.520E+01 2.000E+00
4.536E+08 2.703E+02 1.616E+00 4.677E-02 1.330E-04 3.048E+03 9.851E-01 3.520E+01 2.000E+00
5.899E+06 3.595E+02 1.532E+00 4.677E-02 1.919E-04 2.125E+03 9.853E-01 3.520E+01 2.000E+00
1.017E+08 3.474E+02 1.543E+00 4.677E-02 2.999E-04 2.195E+03 9.857E-01 3.520E+01 2.000E+00
5.600E+07 6.338E+02 1.310E+00 4.677E-02 4.977E-04 1.468E+03 9.864E-01 3.521E+01 2.000E+00
2.150E+06 4.928E+02 1.415E+00 4.677E-02 8.604E-04 1.683E+03 9.877E-01 3.522E+01 2.000E+00
4.850E+06 4.577E+02 1.446E+00 4.677E-02 1.525E-03 1.753E+03 9.901E-01 3.523E+01 2.000E+00
3.263E+06 5.038E+02 1.410E+00 4.677E-02 2.744E-03 1.650E+03 9.944E-01 3.526E+01 2.000E+00
6.430E+06 8.388E+02 1.193E+00 4.677E-02 4.978E-03 1.320E+03 9.970E-01 3.531E+01 2.000E+00
3.682E+07 6.446E+02 1.302E+00 5.915E-02 6.236E-05 1.461E+03 1.000E+00 3.520E+01 0.000E+00
8.926E+07 6.446E+02 1.302E+00 5.915E-02 6.240E-05 1.461E+03 1.000E+00 3.520E+01 0.000E+00
1.099E+07 6.397E+02 1.305E+00 5.915E-02 6.248E-05 1.466E+03 1.000E+00 3.520E+01 0.000E+00
2.627E+07 6.397E+02 1.305E+00 5.915E-02 6.261E-05 1.466E+03 1.000E+00 3.520E+01 0.000E+00
2.356E+07 5.519E+02 1.367E+00 5.915E-02 6.287E-05 1.577E+03 1.000E+00 3.520E+01 0.000E+00
8.831E+06 8.318E+02 1.192E+00 5.915E-02 6.333E-05 1.320E+03 1.000E+00 3.520E+01 0.000E+00
6.064E+06 9.485E+02 1.136E+00 5.915E-02 6.418E-05 1.264E+03 1.000E+00 3.520E+01 0.000E+00
9.328E+06 9.485E+02 1.136E+00 5.915E-02 6.573E-05 1.265E+03 1.000E+00 3.520E+01 0.000E+00
4.184E+07 3.121E+02 1.576E+00 5.915E-02 6.858E-05 2.474E+03 1.000E+00 3.520E+01 0.000E+00
8.137E+06 8.213E+02 1.198E+00 5.915E-02 7.379E-05 1.326E+03 1.000E+00 3.520E+01 0.000E+00
6.851E+06 6.744E+02 1.283E+00 5.915E-02 8.336E-05 1.432E+03 1.000E+00 3.520E+01 0.000E+00
1.363E+06 2.641E+02 1.622E+00 5.915E-02 1.009E-04 3.184E+03 1.000E+00 3.520E+01 0.000E+00
2.469E+06 5.825E+02 1.345E+00 5.915E-02 1.330E-04 1.535E+03 1.000E+00 3.520E+01 0.000E+00
2.492E+06 9.297E+02 1.144E+00 5.915E-02 1.919E-04 1.272E+03 1.000E+00 3.520E+01 0.000E+00
2.930E+06 6.309E+02 1.311E+00 5.915E-02 2.999E-04 1.476E+03 1.000E+00 3.521E+01 0.000E+00
3.110E+07 7.486E+02 1.238E+00 5.915E-02 4.977E-04 1.373E+03 1.000E+00 3.521E+01 0.000E+00
1.124E+08 7.005E+02 1.267E+00 5.915E-02 8.604E-04 1.410E+03 1.000E+00 3.522E+01 0.000E+00
3.814E+07 6.929E+02 1.273E+00 5.915E-02 1.525E-03 1.417E+03 1.000E+00 3.523E+01 0.000E+00
1.176E+07 9.389E+02 1.142E+00 5.915E-02 2.744E-03 1.276E+03 1.000E+00 3.526E+01 0.000E+00
3.103E+07 7.981E+02 1.215E+00 5.915E-02 4.978E-03 1.349E+03 1.000E+00 3.531E+01 0.000E+00
6.237E+07 8.504E+02 1.183E+00 7.482E-02 6.236E-05 1.317E+03 1.000E+00 3.520E+01 0.000E+00
9.602E+07 8.504E+02 1.183E+00 7.482E-02 6.240E-05 1.317E+03 1.000E+00 3.520E+01 0.000E+00
2.857E+10 8.504E+02 1.183E+00 7.482E-02 6.248E-05 1.318E+03 1.000E+00 3.520E+01 0.000E+00
2.933E+07 8.317E+02 1.192E+00 7.482E-02 6.261E-05 1.327E+03 1.000E+00 3.520E+01 0.000E+00
1.987E+07 3.835E+02 1.509E+00 7.482E-02 6.287E-05 2.017E+03 1.000E+00 3.520E+01 0.000E+00
2.808E+07 7.124E+02 1.259E+00 7.482E-02 6.333E-05 1.407E+03 1.000E+00 3.520E+01 0.000E+00
1.225E+07 7.244E+02 1.252E+00 7.482E-02 6.418E-05 1.397E+03 1.000E+00 3.520E+01 0.000E+00
2.846E+07 4.336E+02 1.464E+00 7.482E-02 6.573E-05 1.836E+03 1.000E+00 3.520E+01 0.000E+00
4.535E+06 8.998E+02 1.158E+00 7.482E-02 6.858E-05 1.293E+03 1.000E+00 3.520E+01 0.000E+00
4.147E+06 6.395E+02 1.305E+00 7.482E-02 7.379E-05 1.474E+03 1.000E+00 3.520E+01 0.000E+00
5.482E+06 9.088E+02 1.154E+00 7.482E-02 8.336E-05 1.295E+03 1.000E+00 3.520E+01 0.000E+00
2.140E+06 3.042E+02 1.584E+00 7.482E-02 1.009E-04 2.619E+03 1.000E+00 3.520E+01 0.000E+00
2.582E+07 7.489E+02 1.238E+00 7.482E-02 1.330E-04 1.379E+03 1.000E+00 3.520E+01 0.000E+00
8.507E+06 5.865E+02 1.342E+00 7.482E-02 1.919E-04 1.535E+03 1.000E+00 3.520E+01 0.000E+00
9.685E+07 5.513E+02 1.368E+00 7.482E-02 2.999E-04 1.586E+03 1.000E+00 3.521E+01 0.000E+00
9.073E+06 9.785E+02 1.123E+00 7.482E-02 4.977E-04 1.262E+03 1.000E+00 3.521E+01 0.000E+00
1.444E+07 8.518E+02 1.183E+00 7.482E-02 8.604E-04 1.319E+03 1.000E+00 3.522E+01 0.000E+00
1.298E+07 5.645E+02 1.360E+00 7.482E-02 1.525E-03 1.564E+03 1.000E+00 3.523E+01 0.000E+00
1.583E+07 8.659E+02 1.177E+00 7.482E-02 2.744E-03 1.317E+03 1.000E+00 3.526E+01 0.000E+00
3.072E+08 7.532E+02 1.240E+00 7.482E-02 4.978E-03 1.387E+03 1.000E+00 3.531E+01 0.000E+00
8.867E+06 7.159E+02 1.257E+00 9.464E-02 6.236E-05 1.413E+03 1.000E+00 3.520E+01 0.000E+00
9.841E+06 7.159E+02 1.257E+00 9.464E-02 6.240E-05 1.457E+03 1.000E+00 3.520E+01 0.000E+00
1.236E+07 7.159E+02 1.257E+00 9.464E-02 6.248E-05 1.413E+03 1.000E+00 3.520E+01 0.000E+00
2.379E+07 7.159E+02 1.257E+00 9.464E-02 6.261E-05 1.413E+03 1.000E+00 3.520E+01 0.000E+00
6.195E+06 7.199E+02 1.255E+00 9.464E-02 6.287E-05 1.410E+03 1.000E+00 3.520E+01 0.000E+00
4.214E+07 6.652E+02 1.289E+00 9.464E-02 6.333E-05 1.459E+03 1.000E+00 3.520E+01 0.000E+00
4.223E+06 7.043E+02 1.264E+00 9.464E-02 6.418E-05 1.423E+03 1.000E+00 3.520E+01 0.000E+00
2.092E+07 4.017E+02 1.492E+00 9.464E-02 6.573E-05 1.950E+03 1.000E+00 3.520E+01 0.000E+00
2.528E+07 7.488E+02 1.238E+00 9.464E-02 6.858E-05 1.388E+03 1.000E+00 3.520E+01 0.000E+00
3.605E+06 7.408E+02 1.242E+00 9.464E-02 7.379E-05 1.407E+03 1.000E+00 3.520E+01 0.000E+00
6.451E+06 5.325E+02 1.382E+00 9.464E-02 8.336E-05 1.623E+03 1.000E+00 3.520E+01 0.000E+00
1.034E+07 9.160E+02 1.151E+00 9.464E-02 1.009E-04 1.297E+03 1.000E+00 3.520E+01 0.000E+00
3.203E+07 9.545E+02 1.133E+00 9.464E-02 1.330E-04 1.281E+03 1.000E+00 3.520E+01 0.000E+00
4.997E+06 4.849E+02 1.420E+00 9.464E-02 1.919E-04 1.713E+03 1.000E+00 3.520E+01 0.000E+00
7.781E+07 9.664E+02 1.128E+00 9.464E-02 2.999E-04 1.277E+03 1.000E+00 3.521E+01 0.000E+00
9.443E+06 9.002E+02 1.159E+00 9.464E-02 4.977E-04 1.305E+03 1.000E+00 3.521E+01 0.000E+00
2.909E+06 6.729E+02 1.285E+00 9.464E-02 8.604E-04 1.451E+03 1.000E+00 3.522E+01 0.000E+00
4.736E+06 5.195E+02 1.395E+00 9.464E-02 1.525E-03 1.644E+03 1.000E+00 3.523E+01 0.000E+00
4.751E+06 7.450E+02 1.243E+00 9.464E-02 2.744E-03 1.398E+03 1.000E+00 3.526E+01 0.000E+00
1.229E+07 9.458E+02 1.141E+00 9.464E-02 4.978E-03 1.303E+03 1.000E+00 3.531E+01 0.000E+00
2.663E+06 5.043E+02 1.405E+00 1.197E-01 6.236E-05 1.684E+03 1.000E+00 3.520E+01 0.000E+00
2.818E+06 5.043E+02 1.405E+00 1.197E-01 6.240E-05 1.684E+03 1.000E+00 3.520E+01 0.000E+00
3.162E+06 5.043E+02 1.405E+00 1.197E-01 6.248E-05 1.695E+03 1.000E+00 3.520E+01 0.000E+00
4.104E+06 5.043E+02 1.405E+00 1.197E-01 6.261E-05 1.684E+03 1.000E+00 3.520E+01 0.000E+00
9.692E+06 5.043E+02 1.405E+00 1.197E-01 6.287E-05 1.684E+03 1.000E+00 3.520E+01 0.000E+00
1.176E+07 5.073E+02 1.402E+00 1.197E-01 6.333E-05 1.678E+03 1.000E+00 3.520E+01 0.000E+00
1.900E+07 3.877E+02 1.505E+00 1.197E-01 6.418E-05 2.015E+03 1.000E+00 3.520E+01 0.000E+00
1.880E+06 6.222E+02 1.317E+00 1.197E-01 6.573E-05 1.512E+03 1.000E+00 3.520E+01 0.000E+00
1.515E+06 5.362E+02 1.380E+00 1.197E-01 6.858E-05 1.627E+03 1.000E+00 3.520E+01 0.000E+00
6.817E+06 8.314E+02 1.193E+00 1.197E-01 7.379E-05 1.352E+03 1.000E+00 3.520E+01 0.000E+00
3.970E+07 8.648E+02 1.176E+00 1.197E-01 8.336E-05 1.335E+03 1.000E+00 3.520E+01 0.000E+00
5.123E+07 9.032E+02 1.157E+00 1.197E-01 1.009E-04 1.317E+03 1.000E+00 3.520E+01 0.000E+00
3.639E+07 5.683E+02 1.355E+00 1.197E-01 1.330E-04 1.579E+03 1.000E+00 3.520E+01 0.000E+00
7.714E+06 6.388E+02 1.306E+00 1.197E-01 1.919E-04 1.502E+03 1.000E+00 3.520E+01 0.000E+00
3.543E+07 9.483E+02 1.136E+00 1.197E-01 2.999E-04 1.299E+03 1.000E+00 3.521E+01 0.000E+00
9.001E+06 5.764E+02 1.350E+00 1.197E-01 4.977E-04 1.568E+03 1.000E+00 3.521E+01 0.000E+00
1.475E+07 4.935E+02 1.415E+00 1.197E-01 8.604E-04 1.704E+03 1.000E+00 3.522E+01 0.000E+00
9.936E+06 4.907E+02 1.418E+00 1.197E-01 1.525E-03 1.709E+03 1.000E+00 3.523E+01 0.000E+00
3.565E+06 3.194E+02 1.579E+00 1.197E-01 2.744E-03 2.378E+03 1.000E+00 3.526E+01 0.000E+00
5.143E+07 4.580E+02 1.453E+00 1.197E-01 4.978E-03 1.777E+03 1.000E+00 3.531E+01 0.000E+00
4.100E+07 8.322E+02 1.192E+00 1.514E-01 6.236E-05 1.370E+03 1.000E+00 3.520E+01 0.000E+00
5.534E+07 8.322E+02 1.192E+00 1.514E-01 6.240E-05 1.370E+03 1.000E+00 3.520E+01 0.000E+00
1.569E+08 8.322E+02 1.192E+00 1.514E-01 6.248E-05 1.371E+03 1.000E+00 3.520E+01 0.000E+00
9.242E+06 8.459E+02 1.185E+00 1.514E-01 6.261E-05 1.363E+03 1.000E+00 3.520E+01 0.000E+00
1.327E+07 8.459E+02 1.185E+00 1.514E-01 6.287E-05 1.364E+03 1.000E+00 3.520E+01 0.000E+00
7.078E+06 4.654E+02 1.437E+00 1.514E-01 6.333E-05 1.781E+03 1.000E+00 3.520E+01 0.000E+00
7.067E+06 4.858E+02 1.420E+00 1.514E-01 6.418E-05 1.906E+03 1.000E+00 3.520E+01 0.000E+00
2.847E+07 8.902E+02 1.163E+00 1.514E-01 6.573E-05 1.343E+03 1.000E+00 3.520E+01 0.000E+00
2.194E+08 5.659E+02 1.357E+00 1.514E-01 6.858E-05 1.598E+03 1.000E+00 3.520E+01 0.000E+00
2.441E+07 4.664E+02 1.436E+00 1.514E-01 7.379E-05 1.779E+03 1.000E+00 3.520E+01 0.000E+00
1.696E+07 7.385E+02 1.244E+00 1.514E-01 8.336E-05 1.428E+03 1.000E+00 3.520E+01 0.000E+00
2.977E+06 3.798E+02 1.513E+00 1.514E-01 1.009E-04 2.060E+03 1.000E+00 3.520E+01 0.000E+00
3.818E+06 4.586E+02 1.443E+00 1.514E-01 1.330E-04 1.797E+03 1.000E+00 3.520E+01 0.000E+00
7.906E+06 4.662E+02 1.436E+00 1.514E-01 1.919E-04 1.779E+03 1.000E+00 3.520E+01 0.000E+00
6.320E+06 6.132E+02 1.324E+00 1.514E-01 2.999E-04 1.539E+03 1.000E+00 3.521E+01 0.000E+00
1.391E+07 7.779E+02 1.222E+00 1.514E-01 4.977E-04 1.418E+03 1.000E+00 3.521E+01 0.000E+00
1.158E+07 7.894E+02 1.216E+00 1.514E-01 8.604E-04 1.397E+03 1.000E+00 3.522E+01 0.000E+00
3.784E+06 6.513E+02 1.300E+00 1.514E-01 1.525E-03 1.503E+03 1.000E+00 3.524E+01 0.000E+00
2.240E+07 7.451E+02 1.243E+00 1.514E-01 2.744E-03 1.434E+03 1.000E+00 3.526E+01 0.000E+00
3.111E+07 9.890E+02 1.122E+00 1.514E-01 4.978E-03 1.338E+03 1.000E+00 3.531E+01 0.000E+00
4.603E+07 3.819E+02 1.511E+00 1.915E-01 6.236E-05 2.068E+03 1.000E+00 3.520E+01 0.000E+00
8.606E+06 3.281E+02 1.562E+00 1.915E-01 6.240E-05 2.375E+03 1.000E+00 3.520E+01 0.000E+00
1.685E+07 3.281E+02 1.562E+00 1.915E-01 6.248E-05 2.376E+03 1.000E+00 3.520E+01 0.000E+00
5.870E+06 4.192E+02 1.477E+00 1.915E-01 6.261E-05 1.928E+03 1.000E+00 3.520E+01 0.000E+00
4.679E+06 2.627E+02 1.625E+00 1.915E-01 6.287E-05 3.214E+03 1.000E+00 3.520E+01 0.000E+00
9.620E+06 4.066E+02 1.488E+00 1.915E-01 6.333E-05 1.971E+03 1.000E+00 3.520E+01 0.000E+00
3.057E+06 8.847E+02 1.166E+00 1.915E-01 6.418E-05 1.375E+03 1.000E+00 3.520E+01 0.000E+00
6.874E+06 6.410E+02 1.305E+00 1.915E-01 6.573E-05 1.532E+03 1.000E+00 3.520E+01 0.000E+00
5.410E+06 6.343E+02 1.309E+00 1.915E-01 6.858E-05 1.540E+03 1.000E+00 3.520E+01 0.000E+00
7.475E+07 3.880E+02 1.506E+00 1.915E-01 7.379E-05 2.042E+03 1.000E+00 3.520E+01 0.000E+00
3.718E+07 2.868E+02 1.602E+00 1.915E-01 8.336E-05 2.793E+03 1.000E+00 3.520E+01 0.000E+00
7.774E+07 7.777E+02 1.221E+00 1.915E-01 1.009E-04 1.428E+03 1.000E+00 3.520E+01 0.000E+00
3.302E+07 8.419E+02 1.187E+00 1.915E-01 1.330E-04 1.395E+03 1.000E+00 3.520E+01 0.000E+00
3.724E+06 2.514E+02 1.636E+00 1.915E-01 1.919E-04 3.527E+03 1.000E+00 3.521E+01 0.000E+00
6.955E+06 8.992E+02 1.159E+00 1.915E-01 2.999E-04 1.410E+03 1.000E+00 3.521E+01 0.000E+00
8.316E+07 6.603E+02 1.293E+00 1.915E-01 4.977E-04 1.516E+03 1.000E+00 3.521E+01 0.000E+00
8.758E+07 6.471E+02 1.302E+00 1.915E-01 8.604E-04 1.530E+03 1.000E+00 3.522E+01 0.000E+00
2.535E+06 5.786E+02 1.350E+00 1.915E-01 1.525E-03 1.607E+03 1.000E+00 3.524E+01 0.000E+00
5.848E+06 5.504E+02 1.373E+00 1.915E-01 2.744E-03 1.649E+03 1.000E+00 3.526E+01 0.000E+00
2.938E+07 7.516E+02 1.241E+00 1.915E-01 4.978E-03 1.475E+03 1.000E+00 3.532E+01 0.000E+00
5.621E+06 5.989E+02 1.334E+00 2.422E-01 6.236E-05 1.610E+03 1.000E+00 3.520E+01 0.000E+00
6.210E+06 5.989E+02 1.334E+00 2.422E-01 6.240E-05 1.610E+03 1.000E+00 3.520E+01 0.000E+00
7.714E+06 5.989E+02 1.334E+00 2.422E-01 6.248E-05 1.612E+03 1.000E+00 3.520E+01 0.000E+00
1.419E+07 5.989E+02 1.334E+00 2.422E-01 6.261E-05 1.610E+03 1.000E+00 3.520E+01 0.000E+00
5.950E+06 6.043E+02 1.330E+00 2.422E-01 6.287E-05 1.608E+03 1.000E+00 3.520E+01 0.000E+00
6.716E+06 8.283E+02 1.194E+00 2.422E-01 6.333E-05 1.444E+03 1.000E+00 3.520E+01 0.000E+00
1.875E+06 4.059E+02 1.489E+00 2.422E-01 6.418E-05 1.998E+03 1.000E+00 3.520E+01 0.000E+00
8.390E+06 6.633E+02 1.290E+00 2.422E-01 6.573E-05 1.549E+03 1.000E+00 3.520E+01 0.000E+00
7.360E+06 7.574E+02 1.233E+00 2.422E-01 6.858E-05 1.481E+03 1.000E+00 3.520E+01 0.000E+00
9.737E+06 5.882E+02 1.341E+00 2.422E-01 7.379E-05 1.631E+03 1.000E+00 3.520E+01 0.000E+00
3.182E+07 9.721E+02 1.125E+00 2.422E-01 8.336E-05 1.500E+03 1.000E+00 3.520E+01 0.000E+00
1.002E+08 7.776E+02 1.222E+00 2.422E-01 1.009E-04 1.471E+03 1.000E+00 3.520E+01 0.000E+00
1.147E+07 7.534E+02 1.235E+00 2.422E-01 1.330E-04 1.483E+03 1.000E+00 3.521E+01 0.000E+00
7.967E+06 7.775E+02 1.222E+00 2.422E-01 1.919E-04 1.470E+03 1.000E+00 3.521E+01 0.000E+00
1.957E+07 7.523E+02 1.236E+00 2.422E-01 2.999E-04 1.486E+03 1.000E+00 3.521E+01 0.000E+00
5.370E+06 7.569E+02 1.234E+00 2.422E-01 4.977E-04 1.485E+03 1.000E+00 3.521E+01 0.000E+00
1.247E+07 5.335E+02 1.383E+00 2.422E-01 8.604E-04 1.701E+03 1.000E+00 3.522E+01 0.000E+00
4.011E+06 2.962E+02 1.599E+00 2.422E-01 1.525E-03 2.657E+03 1.000E+00 3.524E+01 0.000E+00
3.637E+08 7.443E+02 1.243E+00 2.422E-01 2.744E-03 1.513E+03 1.000E+00 3.527E+01 0.000E+00
2.515E+08 7.417E+02 1.247E+00 2.422E-01 4.978E-03 1.536E+03 1.000E+00 3.532E+01 0.000E+00
2.828E+06 9.681E+02 1.127E+00 3.064E-01 6.236E-05 1.494E+03 1.000E+00 3.521E+01 0.000E+00
1.683E+07 2.758E+02 1.614E+00 3.064E-01 6.240E-05 2.985E+03 1.000E+00 3.521E+01 0.000E+00
2.843E+06 9.681E+02 1.127E+00 3.064E-01 6.248E-05 1.494E+03 1.000E+00 3.521E+01 0.000E+00
4.589E+06 4.236E+02 1.474E+00 3.064E-01 6.261E-05 1.977E+03 1.000E+00 3.521E+01 0.000E+00
2.085E+07 4.236E+02 1.474E+00 3.064E-01 6.287E-05 1.977E+03 1.000E+00 3.521E+01 0.000E+00
3.337E+06 5.264E+02 1.388E+00 3.064E-01 6.333E-05 1.755E+03 1.000E+00 3.521E+01 0.000E+00
3.091E+06 9.681E+02 1.127E+00 3.064E-01 6.418E-05 1.494E+03 1.000E+00 3.521E+01 0.000E+00
9.960E+06 5.795E+02 1.348E+00 3.064E-01 6.573E-05 1.684E+03 1.000E+00 3.521E+01 0.000E+00
1.464E+08 8.389E+02 1.189E+00 3.064E-01 6.858E-05 1.517E+03 1.000E+00 3.521E+01 0.000E+00
7.293E+06 9.681E+02 1.127E+00 3.064E-01 7.379E-05 1.494E+03 1.000E+00 3.521E+01 0.000E+00
4.331E+08 9.736E+02 1.125E+00 3.064E-01 8.336E-05 1.497E+03 1.000E+00 3.521E+01 0.000E+00
2.020E+07 2.385E+02 1.649E+00 3.064E-01 1.009E-04 3.947E+03 1.000E+00 3.521E+01 0.000E+00
3.820E+06 7.143E+02 1.258E+00 3.064E-01 1.330E-04 1.572E+03 1.000E+00 3.521E+01 0.000E+00
3.014E+06 7.567E+02 1.234E+00 3.064E-01 1.919E-04 1.550E+03 1.000E+00 3.521E+01 0.000E+00
4.161E+06 8.310E+02 1.193E+00 3.064E-01 2.999E-04 1.524E+03 1.000E+00 3.521E+01 0.000E+00
3.109E+06 3.209E+02 1.572E+00 3.064E-01 4.977E-04 2.474E+03 1.000E+00 3.522E+01 0.000E+00
4.990E+06 4.755E+02 1.430E+00 3.064E-01 8.604E-04 1.855E+03 1.000E+00 3.522E+01 0.000E+00
2.185E+06 3.356E+02 1.561E+00 3.064E-01 1.525E-03 2.363E+03 1.000E+00 3.524E+01 0.000E+00
5.104E+07 8.504E+02 1.185E+00 3.064E-01 2.744E-03 1.565E+03 1.000E+00 3.527E+01 0.000E+00
2.587E+06 2.848E+02 1.624E+00 3.064E-01 4.978E-03 2.744E+03 1.000E+00 3.532E+01 0.000E+00
3.699E+06 3.022E+02 1.590E+00 3.875E-01 6.236E-05 2.686E+03 1.000E+00 3.521E+01 0.000E+00
4.161E+06 3.022E+02 1.590E+00 3.875E-01 6.240E-05 2.686E+03 1.000E+00 3.521E+01 0.000E+00
5.420E+06 3.022E+02 1.590E+00 3.875E-01 6.248E-05 2.686E+03 1.000E+00 3.521E+01 0.000E+00
1.263E+07 3.022E+02 1.590E+00 3.875E-01 6.261E-05 2.686E+03 1.000E+00 3.521E+01 0.000E+00
5.667E+07 8.582E+02 1.179E+00 3.875E-01 6.287E-05 1.690E+03 1.000E+00 3.521E+01 0.000E+00
2.537E+06 2.722E+02 1.619E+00 3.875E-01 6.333E-05 3.068E+03 1.000E+00 3.521E+01 0.000E+00
5.960E+06 5.152E+02 1.397E+00 3.875E-01 6.418E-05 1.849E+03 1.000E+00 3.521E+01 0.000E+00
3.227E+06 6.359E+02 1.308E+00 3.875E-01 6.573E-05 1.727E+03 1.000E+00 3.521E+01 0.000E+00
3.947E+06 8.520E+02 1.182E+00 3.875E-01 6.858E-05 1.688E+03 1.000E+00 3.521E+01 0.000E+00
1.633E+07 4.689E+02 1.435E+00 3.875E-01 7.379E-05 1.929E+03 1.000E+00 3.521E+01 0.000E+00
1.103E+08 5.253E+02 1.389E+00 3.875E-01 8.336E-05 1.834E+03 1.000E+00 3.521E+01 0.000E+00
6.527E+06 7.662E+02 1.228E+00 3.875E-01 1.009E-04 1.683E+03 1.000E+00 3.521E+01 0.000E+00
4.854E+07 4.164E+02 1.481E+00 3.875E-01 1.330E-04 2.060E+03 1.000E+00 3.521E+01 0.000E+00
8.014E+06 7.972E+02 1.211E+00 3.875E-01 1.919E-04 1.686E+03 1.000E+00 3.521E+01 0.000E+00
6.135E+06 3.548E+02 1.539E+00 3.875E-01 2.999E-04 2.305E+03 1.000E+00 3.521E+01 0.000E+00
1.948E+08 8.954E+02 1.161E+00 3.875E-01 4.977E-04 1.722E+03 1.000E+00 3.522E+01 0.000E+00
5.741E+06 8.981E+02 1.160E+00 3.875E-01 8.604E-04 1.742E+03 1.000E+00 3.523E+01 0.000E+00
3.087E+06 3.954E+02 1.504E+00 3.875E-01 1.525E-03 2.135E+03 1.000E+00 3.524E+01 0.000E+00
2.070E+07 6.762E+02 1.285E+00 3.875E-01 2.744E-03 1.776E+03 1.000E+00 3.527E+01 0.000E+00
7.961E+06 3.964E+02 1.511E+00 3.875E-01 4.978E-03 2.159E+03 1.000E+00 3.532E+01 0.000E+00
5.745E+06 5.121E+02 1.400E+00 4.902E-01 6.236E-05 2.009E+03 1.000E+00 3.521E+01 0.000E+00
6.572E+06 5.121E+02 1.400E+00 4.902E-01 6.240E-05 2.002E+03 1.000E+00 3.521E+01 0.000E+00
1.855E+08 5.202E+02 1.393E+00 4.902E-01 6.248E-05 1.995E+03 1.000E+00 3.521E+01 0.000E+00
2.909E+07 5.121E+02 1.400E+00 4.902E-01 6.261E-05 2.008E+03 1.000E+00 3.521E+01 0.000E+00
1.387E+07 5.167E+02 1.396E+00 4.902E-01 6.287E-05 1.998E+03 1.000E+00 3.521E+01 0.000E+00
4.307E+06 6.013E+02 1.333E+00 4.902E-01 6.333E-05 1.962E+03 1.000E+00 3.521E+01 0.000E+00
8.284E+06 6.972E+02 1.269E+00 4.902E-01 6.418E-05 2.019E+03 1.000E+00 3.521E+01 0.000E+00
1.412E+07 6.885E+02 1.275E+00 4.902E-01 6.573E-05 2.010E+03 1.000E+00 3.521E+01 0.000E+00
6.518E+06 8.787E+02 1.169E+00 4.902E-01 6.858E-05 2.951E+03 1.000E+00 3.521E+01 0.000E+00
3.462E+06 3.538E+02 1.540E+00 4.902E-01 7.379E-05 2.397E+03 1.000E+00 3.521E+01 0.000E+00
2.280E+06 6.399E+02 1.306E+00 4.902E-01 8.336E-05 1.973E+03 1.000E+00 3.521E+01 0.000E+00
1.367E+07 6.608E+02 1.292E+00 4.902E-01 1.009E-04 1.986E+03 1.000E+00 3.521E+01 0.000E+00
3.659E+06 8.744E+02 1.171E+00 4.902E-01 1.330E-04 2.922E+03 1.000E+00 3.521E+01 0.000E+00
1.868E+07 7.159E+02 1.258E+00 4.902E-01 1.919E-04 2.145E+03 1.000E+00 3.521E+01 0.000E+00
2.952E+06 5.205E+02 1.393E+00 4.902E-01 2.999E-04 2.002E+03 1.000E+00 3.521E+01 0.000E+00
1.083E+07 7.612E+02 1.232E+00 4.902E-01 4.977E-04 2.204E+03 1.000E+00 3.522E+01 0.000E+00
9.685E+07 5.084E+02 1.404E+00 4.902E-01 8.604E-04 2.030E+03 1.000E+00 3.523E+01 0.000E+00
2.718E+06 6.577E+02 1.296E+00 4.902E-01 1.525E-03 2.092E+03 1.000E+00 3.524E+01 0.000E+00
1.843E+07 5.810E+02 1.351E+00 4.902E-01 2.744E-03 2.106E+03 1.000E+00 3.527E+01 0.000E+00
3.439E+06 5.516E+02 1.377E+00 4.902E-01 4.978E-03 2.243E+03 1.000E+00 3.532E+01 0.000E+00
2.344E+07 5.317E+02 1.385E+00 6.200E-01 6.236E-05 2.566E+03 1.000E+00 3.521E+01 0.000E+00
4.832E+07 5.317E+02 1.385E+00 6.200E-01 6.240E-05 2.564E+03 1.000E+00 3.521E+01 0.000E+00
3.448E+07 5.299E+02 1.386E+00 6.200E-01 6.248E-05 2.555E+03 1.000E+00 3.521E+01 0.000E+00
3.005E+06 5.223E+02 1.392E+00 6.200E-01 6.261E-05 2.530E+03 1.000E+00 3.521E+01 0.000E+00
4.765E+06 5.223E+02 1.392E+00 6.200E-01 6.287E-05 2.523E+03 1.000E+00 3.521E+01 0.000E+00
6.181E+06 5.290E+02 1.387E+00 6.200E-01 6.333E-05 2.552E+03 1.000E+00 3.521E+01 0.000E+00
1.751E+07 5.150E+02 1.398E+00 6.200E-01 6.418E-05 2.496E+03 1.000E+00 3.521E+01 0.000E+00
1.185E+07 5.894E+02 1.341E+00 6.200E-01 6.573E-05 3.183E+03 1.000E+00 3.521E+01 0.000E+00
6.350E+07 4.726E+02 1.433E+00 6.200E-01 6.858E-05 2.409E+03 1.000E+00 3.521E+01 0.000E+00
1.080E+08 4.453E+02 1.456E+00 6.200E-01 7.379E-05 2.397E+03 1.000E+00 3.521E+01 0.000E+00
1.659E+06 5.960E+02 1.337E+00 6.200E-01 8.336E-05 3.366E+03 1.000E+00 3.521E+01 0.000E+00
1.696E+07 2.474E+02 1.646E+00 6.200E-01 1.009E-04 3.685E+03 1.000E+00 3.521E+01 0.000E+00
1.589E+06 2.834E+02 1.611E+00 6.200E-01 1.330E-04 3.071E+03 1.000E+00 3.521E+01 0.000E+00
7.481E+07 4.724E+02 1.433E+00 6.200E-01 1.919E-04 2.420E+03 1.000E+00 3.522E+01 0.000E+00
1.783E+06 3.050E+02 1.590E+00 6.200E-01 2.999E-04 2.865E+03 1.000E+00 3.522E+01 0.000E+00
2.118E+06 4.127E+02 1.486E+00 6.200E-01 4.977E-04 2.444E+03 1.000E+00 3.522E+01 0.000E+00
2.724E+07 5.580E+02 1.366E+00 6.200E-01 8.604E-04 3.043E+03 1.000E+00 3.523E+01 0.000E+00
2.640E+06 4.653E+02 1.442E+00 6.200E-01 1.525E-03 3.147E+03 1.000E+00 3.525E+01 0.000E+00
3.868E+06 3.857E+02 1.517E+00 6.200E-01 2.744E-03 2.613E+03 1.000E+00 3.527E+01 0.000E+00
2.777E+06 3.093E+02 1.602E+00 6.200E-01 4.978E-03 2.950E+03 1.000E+00 3.533E+01 0.000E+00
3.448E+06 4.049E+02 1.494E+00 7.842E-01 6.236E-05 3.975E+03 1.000E+00 3.522E+01 0.000E+00
3.788E+06 4.049E+02 1.494E+00 7.842E-01 6.240E-05 3.975E+03 1.000E+00 3.522E+01 0.000E+00
4.638E+06 4.049E+02 1.494E+00 7.842E-01 6.248E-05 3.975E+03 1.000E+00 3.522E+01 0.000E+00
8.040E+06 4.049E+02 1.494E+00 7.842E-01 6.261E-05 3.977E+03 1.000E+00 3.522E+01 0.000E+00
4.022E+06 3.605E+02 1.536E+00 7.842E-01 6.287E-05 3.202E+03 1.000E+00 3.522E+01 0.000E+00
9.001E+06 3.609E+02 1.536E+00 7.842E-01 6.333E-05 3.204E+03 1.000E+00 3.522E+01 0.000E+00
2.014E+06 3.580E+02 1.538E+00 7.842E-01 6.418E-05 3.190E+03 1.000E+00 3.522E+01 0.000E+00
8.675E+05 3.638E+02 1.533E+00 7.842E-01 6.573E-05 3.221E+03 1.000E+00 3.522E+01 0.000E+00
8.383E+05 2.376E+02 1.659E+00 7.842E-01 6.858E-05 4.123E+03 1.000E+00 3.522E+01 0.000E+00
2.048E+06 3.990E+02 1.499E+00 7.842E-01 7.379E-05 3.759E+03 1.000E+00 3.522E+01 0.000E+00
6.181E+06 3.801E+02 1.517E+00 7.842E-01 8.336E-05 3.375E+03 1.000E+00 3.522E+01 0.000E+00
1.255E+08 3.862E+02 1.511E+00 7.842E-01 1.009E-04 3.473E+03 1.000E+00 3.522E+01 0.000E+00
1.751E+06 3.107E+02 1.586E+00 7.842E-01 1.330E-04 3.196E+03 1.000E+00 3.522E+01 0.000E+00
1.383E+06 3.326E+02 1.564E+00 7.842E-01 1.919E-04 3.158E+03 1.000E+00 3.522E+01 0.000E+00
4.985E+06 3.564E+02 1.541E+00 7.842E-01 2.999E-04 3.231E+03 1.000E+00 3.522E+01 0.000E+00
1.225E+06 3.976E+02 1.501E+00 7.842E-01 4.977E-04 4.091E+03 1.000E+00 3.523E+01 0.000E+00
3.227E+06 2.034E+02 1.694E+00 7.842E-01 8.604E-04 5.888E+03 1.000E+00 3.523E+01 0.000E+00
1.621E+07 3.100E+02 1.591E+00 7.842E-01 1.525E-03 3.343E+03 1.000E+00 3.525E+01 0.000E+00
2.458E+06 3.145E+02 1.590E+00 7.842E-01 2.744E-03 3.666E+03 1.000E+00 3.528E+01 0.000E+00
2.528E+07 2.944E+02 1.619E+00 7.842E-01 4.978E-03 4.069E+03 1.000E+00 3.533E+01 0.000E+00
6.546E+06 2.429E+02 1.657E+00 9.919E-01 6.236E-05 4.750E+03 1.000E+00 3.522E+01 0.000E+00
2.941E+07 2.346E+02 1.666E+00 9.919E-01 6.240E-05 4.840E+03 1.000E+00 3.522E+01 0.000E+00
1.242E+07 2.429E+02 1.657E+00 9.919E-01 6.248E-05 4.750E+03 1.000E+00 3.522E+01 0.000E+00
8.195E+06 2.447E+02 1.656E+00 9.919E-01 6.261E-05 4.740E+03 1.000E+00 3.522E+01 0.000E+00
1.253E+07 2.373E+02 1.663E+00 9.919E-01 6.287E-05 4.803E+03 1.000E+00 3.522E+01 0.000E+00
1.149E+06 2.647E+02 1.635E+00 9.919E-01 6.333E-05 4.900E+03 1.000E+00 3.522E+01 0.000E+00
1.875E+06 2.607E+02 1.639E+00 9.919E-01 6.418E-05 4.817E+03 1.000E+00 3.522E+01 0.000E+00
1.163E+06 2.352E+02 1.665E+00 9.919E-01 6.573E-05 4.833E+03 1.000E+00 3.522E+01 0.000E+00
7.786E+06 2.388E+02 1.661E+00 9.919E-01 6.858E-05 4.817E+03 1.000E+00 3.522E+01 0.000E+00
3.056E+06 2.468E+02 1.653E+00 9.919E-01 7.379E-05 4.735E+03 1.000E+00 3.522E+01 0.000E+00
3.063E+06 2.243E+02 1.676E+00 9.919E-01 8.336E-05 5.058E+03 1.000E+00 3.522E+01 0.000E+00
7.812E+06 2.696E+02 1.630E+00 9.919E-01 1.009E-04 5.088E+03 1.000E+00 3.522E+01 0.000E+00
6.293E+06 2.615E+02 1.639E+00 9.919E-01 1.330E-04 4.869E+03 1.000E+00 3.522E+01 0.000E+00
1.418E+07 2.066E+02 1.693E+00 9.919E-01 1.919E-04 5.819E+03 1.000E+00 3.522E+01 0.000E+00
1.132E+06 2.628E+02 1.638E+00 9.919E-01 2.999E-04 5.003E+03 1.000E+00 3.523E+01 0.000E+00
8.066E+06 2.554E+02 1.646E+00 9.919E-01 4.977E-04 4.953E+03 1.000E+00 3.523E+01 0.000E+00
6.688E+06 2.240E+02 1.680E+00 9.919E-01 8.604E-04 5.161E+03 1.000E+00 3.524E+01 0.000E+00
1.643E+06 2.082E+02 1.698E+00 9.919E-01 1.525E-03 5.739E+03 1.000E+00 3.525E+01 0.000E+00
1.531E+06 2.326E+02 1.680E+00 9.919E-01 2.744E-03 5.958E+03 1.000E+00 3.528E+01 0.000E+00
3.423E+06 2.021E+02 1.723E+00 9.919E-01 4.978E-03 6.946E+03 1.000E+00 3.533E+01 0.000E+00
NAN NAN NAN 1.255E+00 6.236E-05 NAN 1.000E+00 3.523E+01 0.000E+00
NAN NAN NAN 1.255E+00 6.240E-05 NAN 1.000E+00 3.523E+01 0.000E+00
NAN NAN NAN 1.255E+00 6.248E-05 NAN 1.000E+00 3.523E+01 0.000E+00
NAN NAN NAN 1.255E+00 6.261E-05 NAN 1.000E+00 3.523E+01 0.000E+00
NAN NAN NAN 1.255E+00 6.287E-05 NAN 1.000E+00 3.523E+01 0.000E+00
NAN NAN NAN 1.255E+00 6.333E-05 NAN 1.000E+00 3.523E+01 0.000E+00
NAN NAN NAN 1.255E+00 6.418E-05 NAN 1.000E+00 3.523E+01 0.000E+00
NAN NAN NAN 1.255E+00 6.573E-05 NAN 1.000E+00 3.523E+01 0.000E+00
NAN NAN NAN 1.255E+00 6.858E-05 NAN 1.000E+00 3.523E+01 0.000E+00
NAN NAN NAN 1.255E+00 7.379E-05 NAN 1.000E+00 3.523E+01 0.000E+00
NAN NAN NAN 1.255E+00 8.336E-05 NAN 1.000E+00 3.523E+01 0.000E+00
NAN NAN NAN 1.255E+00 1.009E-04 NAN 1.000E+00 3.523E+01 0.000E+00
NAN NAN NAN 1.255E+00 1.330E-04 NAN 1.000E+00 3.523E+01 0.000E+00
NAN NAN NAN 1.255E+00 1.919E-04 NAN 1.000E+00 3.523E+01 0.000E+00
NAN NAN NAN 1.255E+00 2.999E-04 NAN 1.000E+00 3.523E+01 0.000E+00
NAN NAN NAN 1.255E+00 4.977E-04 NAN 1.000E+00 3.524E+01 0.000E+00
NAN NAN NAN 1.255E+00 8.604E-04 NAN 1.000E+00 3.525E+01 0.000E+00
NAN NAN NAN 1.255E+00 1.525E-03 NAN 1.000E+00 3.526E+01 0.000E+00
NAN NAN NAN 1.255E+00 2.744E-03 NAN 1.000E+00 3.529E+01 0.000E+00
NAN NAN NAN 1.255E+00 4.978E-03 NAN 1.000E+00 3.534E+01 0.000E+00
NAN NAN NAN 1.587E+00 6.236E-05 NAN 1.000E+00 3.523E+01 0.000E+00
NAN NAN NAN 1.587E+00 6.240E-05 NAN 1.000E+00 3.523E+01 0.000E+00
NAN NAN NAN 1.587E+00 6.248E-05 NAN 1.000E+00 3.523E+01 0.000E+00
NAN NAN NAN 1.587E+00 6.261E-05 NAN 1.000E+00 3.523E+01 0.000E+00
NAN NAN NAN 1.587E+00 6.287E-05 NAN 1.000E+00 3.523E+01 0.000E+00
NAN NAN NAN 1.587E+00 6.333E-05 NAN 1.000E+00 3.523E+01 0.000E+00
NAN NAN NAN 1.587E+00 6.418E-05 NAN 1.000E+00 3.523E+01 0.000E+00
NAN NAN NAN 1.587E+00 6.573E-05 NAN 1.000E+00 3.523E+01 0.000E+00
NAN NAN NAN 1.587E+00 6.858E-05 NAN 1.000E+00 3.523E+01 0.000E+00
NAN NAN NAN 1.587E+00 7.379E-05 NAN 1.000E+00 3.523E+01 0.000E+00
NAN NAN NAN 1.587E+00 8.336E-05 NAN 1.000E+00 3.524E+01 0.000E+00
NAN NAN NAN 1.587E+00 1.009E-04 NAN 1.000E+00 3.524E+01 0.000E+00
NAN NAN NAN 1.587E+00 1.330E-04 NAN 1.000E+00 3.524E+01 0.000E+00
NAN NAN NAN 1.587E+00 1.919E-04 NAN 1.000E+00 3.524E+01 0.000E+00
NAN NAN NAN 1.587E+00 2.999E-04 NAN 1.000E+00 3.524E+01 0.000E+00
NAN NAN NAN 1.587E+00 4.977E-04 NAN 1.000E+00 3.524E+01 0.000E+00
NAN NAN NAN 1.587E+00 8.604E-04 NAN 1.000E+00 3.525E+01 0.000E+00
NAN NAN NAN 1.587E+00 1.525E-03 NAN 1.000E+00 3.527E+01 0.000E+00
NAN NAN NAN 1.587E+00 2.744E-03 NAN 1.000E+00 3.530E+01 0.000E+00
NAN NAN NAN 1.587E+00 4.978E-03 NAN 1.000E+00 3.535E+01 0.000E+00
NAN NAN NAN 2.007E+00 6.236E-05 NAN 1.000E+00 3.524E+01 0.000E+00
NAN NAN NAN 2.007E+00 6.240E-05 NAN 1.000E+00 3.524E+01 0.000E+00
NAN NAN NAN 2.007E+00 6.248E-05 NAN 1.000E+00 3.524E+01 0.000E+00
NAN NAN NAN 2.007E+00 6.261E-05 NAN 1.000E+00 3.524E+01 0.000E+00
NAN NAN NAN 2.007E+00 6.287E-05 NAN 1.000E+00 3.524E+01 0.000E+00
NAN NAN NAN 2.007E+00 6.333E-05 NAN 1.000E+00 3.524E+01 0.000E+00
NAN NAN NAN 2.007E+00 6.418E-05 NAN 1.000E+00 3.524E+01 0.000E+00
NAN NAN NAN 2.007E+00 6.573E-05 NAN 1.000E+00 3.524E+01 0.000E+00
NAN NAN NAN 2.007E+00 6.858E-05 NAN 1.000E+00 3.524E+01 0.000E+00
NAN NAN NAN 2.007E+00 7.379E-05 NAN 1.000E+00 3.524E+01 0.000E+00
NAN NAN NAN 2.007E+00 8.336E-05 NAN 1.000E+00 3.524E+01 0.000E+00
NAN NAN NAN 2.007E+00 1.009E-04 NAN 1.000E+00 3.525E+01 0.000E+00
NAN NAN NAN 2.007E+00 1.330E-04 NAN 1.000E+00 3.525E+01 0.000E+00
NAN NAN NAN 2.007E+00 1.919E-04 NAN 1.000E+00 3.525E+01 0.000E+00
NAN NAN NAN 2.007E+00 2.999E-04 NAN 1.000E+00 3.525E+01 0.000E+00
NAN NAN NAN 2.007E+00 4.977E-04 NAN 1.000E+00 3.525E+01 0.000E+00
NAN NAN NAN 2.007E+00 8.604E-04 NAN 1.000E+00 3.526E+01 0.000E+00
NAN NAN NAN 2.007E+00 1.525E-03 NAN 1.000E+00 3.528E+01 0.000E+00
NAN NAN NAN 2.007E+00 2.744E-03 NAN 1.000E+00 3.531E+01 0.000E+00
NAN NAN NAN 2.007E+00 4.978E-03 NAN 1.000E+00 3.536E+01 0.000E+00
NAN NAN NAN 2.539E+00 6.236E-05 NAN 1.000E+00 3.526E+01 3.000E+00
NAN NAN NAN 2.539E+00 6.240E-05 NAN 1.000E+00 3.526E+01 3.000E+00
NAN NAN NAN 2.539E+00 6.248E-05 NAN 1.000E+00 3.526E+01 3.000E+00
NAN NAN NAN 2.539E+00 6.261E-05 NAN 1.000E+00 3.526E+01 3.000E+00
NAN NAN NAN 2.539E+00 6.287E-05 NAN 1.000E+00 3.526E+01 3.000E+00
NAN NAN NAN 2.539E+00 6.333E-05 NAN 1.000E+00 3.526E+01 3.000E+00
NAN NAN NAN 2.539E+00 6.418E-05 NAN 1.000E+00 3.526E+01 3.000E+00
NAN NAN NAN 2.539E+00 6.573E-05 NAN 1.000E+00 3.526E+01 3.000E+00
NAN NAN NAN 2.539E+00 6.858E-05 NAN 1.000E+00 3.526E+01 3.000E+00
NAN NAN NAN 2.539E+00 7.379E-05 NAN 1.000E+00 3.526E+01 3.000E+00
NAN NAN NAN 2.539E+00 8.336E-05 NAN 1.000E+00 3.526E+01 3.000E+00
NAN NAN NAN 2.539E+00 1.009E-04 NAN 1.000E+00 3.526E+01 3.000E+00
NAN NAN NAN 2.539E+00 1.330E-04 NAN 1.000E+00 3.526E+01 3.000E+00
NAN NAN NAN 2.539E+00 1.919E-04 NAN 1.000E+00 3.526E+01 3.000E+00
NAN NAN NAN 2.539E+00 2.999E-04 NAN 1.000E+00 3.526E+01 3.000E+00
NAN NAN NAN 2.539E+00 4.977E-04 NAN 1.000E+00 3.527E+01 3.000E+00
NAN NAN NAN 2.539E+00 8.604E-04 NAN 1.000E+00 3.527E+01 3.000E+00
NAN NAN NAN 2.539E+00 1.525E-03 NAN 1.000E+00 3.529E+01 3.000E+00
NAN NAN NAN 2.539E+00 2.744E-03 NAN 1.000E+00 3.532E+01 3.000E+00
NAN NAN NAN 2.539E+00 4.978E-03 NAN 1.000E+00 3.537E+01 3.000E+00
NAN NAN NAN 3.211E+00 6.236E-05 NAN 1.000E+00 3.527E+01 3.000E+00
NAN NAN NAN 3.211E+00 6.240E-05 NAN 1.000E+00 3.527E+01 3.000E+00
NAN NAN NAN 3.211E+00 6.248E-05 NAN 1.000E+00 3.527E+01 3.000E+00
NAN NAN NAN 3.211E+00 6.261E-05 NAN 1.000E+00 3.527E+01 3.000E+00
NAN NAN NAN 3.211E+00 6.287E-05 NAN 1.000E+00 3.527E+01 3.000E+00
NAN NAN NAN 3.211E+00 6.333E-05 NAN 1.000E+00 3.527E+01 3.000E+00
NAN NAN NAN 3.211E+00 6.418E-05 NAN 1.000E+00 3.527E+01 3.000E+00
NAN NAN NAN 3.211E+00 6.573E-05 NAN 1.000E+00 3.527E+01 3.000E+00
NAN NAN NAN 3.211E+00 6.858E-05 NAN 1.000E+00 3.527E+01 3.000E+00
NAN NAN NAN 3.211E+00 7.379E-05 NAN 1.000E+00 3.527E+01 3.000E+00
NAN NAN NAN 3.211E+00 8.336E-05 NAN 1.000E+00 3.527E+01 3.000E+00
NAN NAN NAN 3.211E+00 1.009E-04 NAN 1.000E+00 3.527E+01 3.000E+00
NAN NAN NAN 3.211E+00 1.330E-04 NAN 1.000E+00 3.527E+01 3.000E+00
NAN NAN NAN 3.211E+00 1.919E-04 NAN 1.000E+00 3.527E+01 3.000E+00
NAN NAN NAN 3.211E+00 2.999E-04 NAN 1.000E+00 3.528E+01 3.000E+00
NAN NAN NAN 3.211E+00 4.977E-04 NAN 1.000E+00 3.528E+01 3.000E+00
NAN NAN NAN 3.211E+00 8.604E-04 NAN 1.000E+00 3.529E+01 3.000E+00
NAN NAN NAN 3.211E+00 1.525E-03 NAN 1.000E+00 3.531E+01 3.000E+00
NAN NAN NAN 3.211E+00 2.744E-03 NAN 1.000E+00 3.533E+01 3.000E+00
NAN NAN NAN 3.211E+00 4.978E-03 NAN 1.000E+00 3.538E+01 3.000E+00
NAN NAN NAN 4.062E+00 6.236E-05 NAN 1.000E+00 3.529E+01 3.000E+00
NAN NAN NAN 4.062E+00 6.240E-05 NAN 1.000E+00 3.529E+01 3.000E+00
NAN NAN NAN 4.062E+00 6.248E-05 NAN 1.000E+00 3.529E+01 3.000E+00
NAN NAN NAN 4.062E+00 6.261E-05 NAN 1.000E+00 3.529E+01 3.000E+00
NAN NAN NAN 4.062E+00 6.287E-05 NAN 1.000E+00 3.529E+01 3.000E+00
NAN NAN NAN 4.062E+00 6.333E-05 NAN 1.000E+00 3.529E+01 3.000E+00
NAN NAN NAN 4.062E+00 6.418E-05 NAN 1.000E+00 3.529E+01 3.000E+00
NAN NAN NAN 4.062E+00 6.573E-05 NAN 1.000E+00 3.529E+01 3.000E+00
NAN NAN NAN 4.062E+00 6.858E-05 NAN 1.000E+00 3.529E+01 3.000E+00
NAN NAN NAN 4.062E+00 7.379E-05 NAN 1.000E+00 3.529E+01 3.000E+00
NAN NAN NAN 4.062E+00 8.336E-05 NAN 1.000E+00 3.529E+01 3.000E+00
NAN NAN NAN 4.062E+00 1.009E-04 NAN 1.000E+00 3.529E+01 3.000E+00
NAN NAN NAN 4.062E+00 1.330E-04 NAN 1.000E+00 3.529E+01 3.000E+00
NAN NAN NAN 4.062E+00 1.919E-04 NAN 1.000E+00 3.529E+01 3.000E+00
NAN NAN NAN 4.062E+00 2.999E-04 NAN 1.000E+00 3.530E+01 3.000E+00
NAN NAN NAN 4.062E+00 4.977E-04 NAN 1.000E+00 3.530E+01 3.000E+00
NAN NAN NAN 4.062E+00 8.604E-04 NAN 1.000E+00 3.531E+01 3.000E+00
NAN NAN NAN 4.062E+00 1.525E-03 NAN 1.000E+00 3.533E+01 3.000E+00
NAN NAN NAN 4.062E+00 2.744E-03 NAN 1.000E+00 3.535E+01 3.000E+00
NAN NAN NAN 4.062E+00 4.978E-03 NAN 1.000E+00 3.540E+01 3.000E+00
NAN NAN NAN 5.138E+00 6.236E-05 NAN 1.000E+00 3.532E+01 3.000E+00
NAN NAN NAN 5.138E+00 6.240E-05 NAN 1.000E+00 3.532E+01 3.000E+00
NAN NAN NAN 5.138E+00 6.248E-05 NAN 1.000E+00 3.532E+01 3.000E+00
NAN NAN NAN 5.138E+00 6.261E-05 NAN 1.000E+00 3.532E+01 3.000E+00
NAN NAN NAN 5.138E+00 6.287E-05 NAN 1.000E+00 3.532E+01 3.000E+00
NAN NAN NAN 5.138E+00 6.333E-05 NAN 1.000E+00 3.532E+01 3.000E+00
NAN NAN NAN 5.138E+00 6.418E-05 NAN 1.000E+00 3.532E+01 3.000E+00
NAN NAN NAN 5.138E+00 6.573E-05 NAN 1.000E+00 3.532E+01 3.000E+00
NAN NAN NAN 5.138E+00 6.858E-05 NAN 1.000E+00 3.532E+01 3.000E+00
NAN NAN NAN 5.138E+00 7.379E-05 NAN 1.000E+00 3.532E+01 3.000E+00
NAN NAN NAN 5.138E+00 8.336E-05 NAN 1.000E+00 3.532E+01 3.000E+00
NAN NAN NAN 5.138E+00 1.009E-04 NAN 1.000E+00 3.532E+01 3.000E+00
NAN NAN NAN 5.138E+00 1.330E-04 NAN 1.000E+00 3.532E+01 3.000E+00
NAN NAN NAN 5.138E+00 1.919E-04 NAN 1.000E+00 3.532E+01 3.000E+00
NAN NAN NAN 5.138E+00 2.999E-04 NAN 1.000E+00 3.532E+01 3.000E+00
NAN NAN NAN 5.138E+00 4.977E-04 NAN 1.000E+00 3.533E+01 3.000E+00
NAN NAN NAN 5.138E+00 8.604E-04 NAN 1.000E+00 3.533E+01 3.000E+00
NAN NAN NAN 5.138E+00 1.525E-03 NAN 1.000E+00 3.535E+01 3.000E+00
NAN NAN NAN 5.138E+00 2.744E-03 NAN 1.000E+00 3.538E+01 3.000E+00
NAN NAN NAN 5.138E+00 4.978E-03 NAN 1.000E+00 3.543E+01 3.000E+00
