3.032E+07 6.940E+02 2.025E+00 5.137E-05 9.876E-03 1.390E+03 9.430E-01 5.601E+01 2.000E+00
4.902E+07 6.940E+02 2.025E+00 5.137E-05 9.876E-03 1.385E+03 9.430E-01 5.601E+01 2.000E+00
1.354E+07 3.872E+02 2.410E+00 5.137E-05 9.876E-03 1.924E+03 9.430E-01 5.601E+01 2.000E+00
7.782E+06 3.163E+02 2.523E+00 5.137E-05 9.876E-03 2.304E+03 9.430E-01 5.601E+01 2.000E+00
5.216E+06 9.815E+02 1.784E+00 5.137E-05 9.876E-03 1.225E+03 9.430E-01 5.601E+01 2.000E+00
5.380E+06 9.815E+02 1.784E+00 5.137E-05 9.877E-03 1.225E+03 9.430E-01 5.601E+01 2.000E+00
8.795E+06 9.271E+02 1.823E+00 5.137E-05 9.878E-03 1.247E+03 9.430E-01 5.601E+01 2.000E+00
4.127E+07 9.271E+02 1.823E+00 5.137E-05 9.879E-03 1.247E+03 9.430E-01 5.601E+01 2.000E+00
3.371E+06 3.336E+02 2.495E+00 5.137E-05 9.882E-03 2.185E+03 9.430E-01 5.601E+01 2.000E+00
2.827E+06 9.367E+02 1.816E+00 5.137E-05 9.887E-03 1.243E+03 9.431E-01 5.601E+01 2.000E+00
1.842E+07 9.734E+02 1.790E+00 5.137E-05 9.897E-03 1.229E+03 9.431E-01 5.601E+01 2.000E+00
1.016E+07 9.468E+02 1.809E+00 5.137E-05 9.914E-03 1.238E+03 9.432E-01 5.601E+01 2.000E+00
2.719E+07 5.035E+02 2.244E+00 5.137E-05 9.947E-03 1.618E+03 9.433E-01 5.601E+01 2.000E+00
5.126E+07 6.754E+02 2.044E+00 5.137E-05 1.001E-02 1.401E+03 9.435E-01 5.601E+01 2.000E+00
2.379E+07 7.572E+02 1.964E+00 5.137E-05 1.011E-02 1.367E+03 9.438E-01 5.602E+01 2.000E+00
3.516E+06 3.991E+02 2.393E+00 5.137E-05 1.031E-02 1.879E+03 9.446E-01 5.602E+01 2.000E+00
7.702E+06 5.212E+02 2.223E+00 5.137E-05 1.067E-02 1.586E+03 9.458E-01 5.603E+01 2.000E+00
1.278E+06 3.072E+02 2.543E+00 5.137E-05 1.134E-02 2.360E+03 9.482E-01 5.604E+01 2.000E+00
3.741E+06 5.955E+02 2.135E+00 5.137E-05 1.256E-02 1.480E+03 9.526E-01 5.607E+01 2.000E+00
1.530E+06 2.615E+02 2.632E+00 5.137E-05 1.479E-02 2.816E+03 9.605E-01 5.612E+01 2.000E+00
9.649E+08 6.940E+02 2.025E+00 6.498E-05 9.876E-03 1.385E+03 9.430E-01 5.601E+01 2.000E+00
2.310E+07 3.872E+02 2.410E+00 6.498E-05 9.876E-03 1.924E+03 9.430E-01 5.601E+01 2.000E+00
7.231E+06 3.163E+02 2.523E+00 6.498E-05 9.876E-03 2.304E+03 9.430E-01 5.601E+01 2.000E+00
2.935E+07 3.163E+02 2.523E+00 6.498E-05 9.876E-03 2.304E+03 9.430E-01 5.601E+01 2.000E+00
5.250E+06 9.815E+02 1.784E+00 6.498E-05 9.876E-03 1.225E+03 9.430E-01 5.601E+01 2.000E+00
5.416E+06 9.815E+02 1.784E+00 6.498E-05 9.877E-03 1.225E+03 9.430E-01 5.601E+01 2.000E+00
9.244E+06 9.271E+02 1.823E+00 6.498E-05 9.878E-03 1.247E+03 9.430E-01 5.601E+01 2.000E+00
5.456E+07 9.271E+02 1.823E+00 6.498E-05 9.879E-03 1.247E+03 9.431E-01 5.601E+01 2.000E+00
1.849E+06 9.367E+02 1.816E+00 6.498E-05 9.882E-03 1.243E+03 9.431E-01 5.601E+01 2.000E+00
2.859E+06 9.367E+02 1.816E+00 6.498E-05 9.887E-03 1.243E+03 9.431E-01 5.601E+01 2.000E+00
1.912E+07 9.734E+02 1.790E+00 6.498E-05 9.897E-03 1.252E+03 9.431E-01 5.601E+01 2.000E+00
1.059E+07 9.468E+02 1.809E+00 6.498E-05 9.914E-03 1.238E+03 9.432E-01 5.601E+01 2.000E+00
1.173E+07 4.916E+02 2.260E+00 6.498E-05 9.947E-03 1.641E+03 9.433E-01 5.601E+01 2.000E+00
1.262E+07 5.959E+02 2.131E+00 6.498E-05 1.001E-02 1.482E+03 9.435E-01 5.601E+01 2.000E+00
5.375E+07 7.572E+02 1.964E+00 6.498E-05 1.011E-02 1.338E+03 9.439E-01 5.602E+01 2.000E+00
4.870E+06 3.991E+02 2.393E+00 6.498E-05 1.031E-02 1.879E+03 9.446E-01 5.602E+01 2.000E+00
1.409E+07 5.212E+02 2.223E+00 6.498E-05 1.067E-02 1.586E+03 9.459E-01 5.603E+01 2.000E+00
1.649E+07 6.378E+02 2.085E+00 6.498E-05 1.134E-02 1.436E+03 9.483E-01 5.604E+01 2.000E+00
4.457E+06 5.955E+02 2.135E+00 6.498E-05 1.256E-02 1.481E+03 9.526E-01 5.607E+01 2.000E+00
1.763E+06 2.615E+02 2.632E+00 6.498E-05 1.479E-02 2.815E+03 9.605E-01 5.612E+01 2.000E+00
9.340E+06 3.163E+02 2.523E+00 8.219E-05 9.876E-03 2.306E+03 9.431E-01 5.601E+01 2.000E+00
1.315E+07 3.163E+02 2.523E+00 8.219E-05 9.876E-03 2.304E+03 9.431E-01 5.601E+01 2.000E+00
5.325E+07 3.163E+02 2.523E+00 8.219E-05 9.876E-03 2.304E+03 9.431E-01 5.601E+01 2.000E+00
5.206E+06 9.815E+02 1.784E+00 8.219E-05 9.876E-03 1.225E+03 9.431E-01 5.601E+01 2.000E+00
5.293E+06 9.815E+02 1.784E+00 8.219E-05 9.876E-03 1.225E+03 9.431E-01 5.601E+01 2.000E+00
5.462E+06 9.815E+02 1.784E+00 8.219E-05 9.877E-03 1.225E+03 9.431E-01 5.601E+01 2.000E+00
9.885E+06 9.271E+02 1.823E+00 8.219E-05 9.878E-03 1.251E+03 9.431E-01 5.601E+01 2.000E+00
9.236E+07 9.271E+02 1.823E+00 8.219E-05 9.879E-03 1.247E+03 9.431E-01 5.601E+01 2.000E+00
1.863E+06 9.367E+02 1.816E+00 8.219E-05 9.882E-03 1.243E+03 9.431E-01 5.601E+01 2.000E+00
2.900E+06 9.367E+02 1.816E+00 8.219E-05 9.887E-03 1.243E+03 9.431E-01 5.601E+01 2.000E+00
2.010E+07 9.734E+02 1.790E+00 8.219E-05 9.897E-03 1.228E+03 9.431E-01 5.601E+01 2.000E+00
1.119E+07 9.468E+02 1.809E+00 8.219E-05 9.914E-03 1.238E+03 9.432E-01 5.601E+01 2.000E+00
4.415E+08 4.916E+02 2.260E+00 8.219E-05 9.947E-03 1.644E+03 9.433E-01 5.601E+01 2.000E+00
4.901E+07 5.959E+02 2.131E+00 8.219E-05 1.001E-02 1.546E+03 9.435E-01 5.601E+01 2.000E+00
2.868E+06 7.422E+02 1.978E+00 8.219E-05 1.011E-02 1.348E+03 9.439E-01 5.602E+01 2.000E+00
9.683E+06 3.991E+02 2.393E+00 8.219E-05 1.031E-02 1.879E+03 9.446E-01 5.602E+01 2.000E+00
3.443E+06 5.383E+02 2.201E+00 8.219E-05 1.067E-02 1.559E+03 9.459E-01 5.603E+01 2.000E+00
9.669E+07 6.378E+02 2.085E+00 8.219E-05 1.134E-02 1.436E+03 9.483E-01 5.604E+01 2.000E+00
5.918E+06 5.955E+02 2.135E+00 8.219E-05 1.256E-02 1.480E+03 9.526E-01 5.607E+01 2.000E+00
2.192E+06 2.615E+02 2.632E+00 8.219E-05 1.479E-02 2.817E+03 9.606E-01 5.612E+01 2.000E+00
5.173E+06 9.815E+02 1.784E+00 1.040E-04 9.876E-03 1.226E+03 9.431E-01 5.601E+01 2.000E+00
5.187E+06 9.815E+02 1.784E+00 1.040E-04 9.876E-03 1.225E+03 9.431E-01 5.601E+01 2.000E+00
5.213E+06 9.815E+02 1.784E+00 1.040E-04 9.876E-03 1.225E+03 9.431E-01 5.601E+01 2.000E+00
5.260E+06 9.815E+02 1.784E+00 1.040E-04 9.876E-03 1.225E+03 9.431E-01 5.601E+01 2.000E+00
5.349E+06 9.815E+02 1.784E+00 1.040E-04 9.876E-03 1.225E+03 9.431E-01 5.601E+01 2.000E+00
5.522E+06 9.815E+02 1.784E+00 1.040E-04 9.877E-03 1.225E+03 9.431E-01 5.601E+01 2.000E+00
1.084E+07 9.271E+02 1.823E+00 1.040E-04 9.878E-03 1.499E+03 9.431E-01 5.601E+01 2.000E+00
7.804E+08 9.271E+02 1.823E+00 1.040E-04 9.879E-03 1.247E+03 9.431E-01 5.601E+01 2.000E+00
1.882E+06 9.367E+02 1.816E+00 1.040E-04 9.882E-03 1.243E+03 9.431E-01 5.601E+01 2.000E+00
3.525E+06 4.044E+02 2.384E+00 1.040E-04 9.887E-03 1.863E+03 9.431E-01 5.601E+01 2.000E+00
2.149E+07 9.734E+02 1.790E+00 1.040E-04 9.897E-03 1.228E+03 9.432E-01 5.601E+01 2.000E+00
1.205E+07 9.468E+02 1.809E+00 1.040E-04 9.914E-03 1.238E+03 9.432E-01 5.601E+01 2.000E+00
2.922E+07 3.278E+02 2.504E+00 1.040E-04 9.947E-03 2.223E+03 9.434E-01 5.601E+01 2.000E+00
1.307E+08 5.895E+02 2.138E+00 1.040E-04 1.001E-02 1.491E+03 9.436E-01 5.601E+01 2.000E+00
3.184E+06 7.422E+02 1.978E+00 1.040E-04 1.011E-02 1.348E+03 9.439E-01 5.602E+01 2.000E+00
3.505E+06 6.536E+02 2.067E+00 1.040E-04 1.031E-02 1.426E+03 9.447E-01 5.602E+01 2.000E+00
4.859E+06 5.383E+02 2.201E+00 1.040E-04 1.067E-02 1.559E+03 9.459E-01 5.603E+01 2.000E+00
3.945E+06 6.214E+02 2.104E+00 1.040E-04 1.134E-02 1.453E+03 9.483E-01 5.604E+01 2.000E+00
1.028E+07 5.955E+02 2.135E+00 1.040E-04 1.256E-02 1.480E+03 9.527E-01 5.607E+01 2.000E+00
3.208E+06 2.615E+02 2.632E+00 1.040E-04 1.479E-02 2.815E+03 9.606E-01 5.612E+01 2.000E+00
5.241E+06 9.815E+02 1.784E+00 1.315E-04 9.876E-03 1.225E+03 9.432E-01 5.601E+01 2.000E+00
5.255E+06 9.815E+02 1.784E+00 1.315E-04 9.876E-03 1.225E+03 9.432E-01 5.601E+01 2.000E+00
5.281E+06 9.815E+02 1.784E+00 1.315E-04 9.876E-03 1.226E+03 9.432E-01 5.601E+01 2.000E+00
5.330E+06 9.815E+02 1.784E+00 1.315E-04 9.876E-03 1.225E+03 9.432E-01 5.601E+01 2.000E+00
5.422E+06 9.815E+02 1.784E+00 1.315E-04 9.876E-03 1.225E+03 9.432E-01 5.601E+01 2.000E+00
5.600E+06 9.815E+02 1.784E+00 1.315E-04 9.877E-03 1.225E+03 9.432E-01 5.601E+01 2.000E+00
1.237E+07 9.271E+02 1.823E+00 1.315E-04 9.878E-03 1.247E+03 9.432E-01 5.601E+01 2.000E+00
1.618E+06 9.367E+02 1.816E+00 1.315E-04 9.879E-03 1.243E+03 9.432E-01 5.601E+01 2.000E+00
1.906E+06 9.367E+02 1.816E+00 1.315E-04 9.882E-03 1.243E+03 9.432E-01 5.601E+01 2.000E+00
8.073E+06 4.044E+02 2.384E+00 1.315E-04 9.887E-03 1.865E+03 9.432E-01 5.601E+01 2.000E+00
3.667E+06 5.352E+02 2.203E+00 1.315E-04 9.897E-03 1.566E+03 9.432E-01 5.601E+01 2.000E+00
1.337E+07 9.468E+02 1.809E+00 1.315E-04 9.914E-03 1.239E+03 9.433E-01 5.601E+01 2.000E+00
4.242E+07 8.144E+02 1.913E+00 1.315E-04 9.947E-03 1.302E+03 9.434E-01 5.601E+01 2.000E+00
1.217E+07 8.638E+02 1.872E+00 1.315E-04 1.001E-02 1.276E+03 9.436E-01 5.601E+01 2.000E+00
3.712E+06 7.422E+02 1.978E+00 1.315E-04 1.011E-02 1.348E+03 9.440E-01 5.602E+01 2.000E+00
4.629E+06 6.536E+02 2.067E+00 1.315E-04 1.031E-02 1.421E+03 9.447E-01 5.602E+01 2.000E+00
1.051E+07 5.383E+02 2.201E+00 1.315E-04 1.067E-02 1.559E+03 9.460E-01 5.603E+01 2.000E+00
5.764E+06 6.214E+02 2.104E+00 1.315E-04 1.134E-02 1.454E+03 9.484E-01 5.604E+01 2.000E+00
2.589E+08 5.955E+02 2.135E+00 1.315E-04 1.256E-02 1.481E+03 9.527E-01 5.607E+01 2.000E+00
8.136E+06 2.615E+02 2.632E+00 1.315E-04 1.479E-02 2.815E+03 9.607E-01 5.612E+01 2.000E+00
5.329E+06 9.815E+02 1.784E+00 1.663E-04 9.876E-03 1.226E+03 9.432E-01 5.601E+01 2.000E+00
5.344E+06 9.815E+02 1.784E+00 1.663E-04 9.876E-03 1.227E+03 9.432E-01 5.601E+01 2.000E+00
5.371E+06 9.815E+02 1.784E+00 1.663E-04 9.876E-03 1.225E+03 9.432E-01 5.601E+01 2.000E+00
5.422E+06 9.815E+02 1.784E+00 1.663E-04 9.876E-03 1.225E+03 9.432E-01 5.601E+01 2.000E+00
5.517E+06 9.815E+02 1.784E+00 1.663E-04 9.876E-03 1.225E+03 9.432E-01 5.601E+01 2.000E+00
8.744E+06 9.271E+02 1.823E+00 1.663E-04 9.877E-03 1.247E+03 9.432E-01 5.601E+01 2.000E+00
1.508E+07 9.271E+02 1.823E+00 1.663E-04 9.878E-03 1.247E+03 9.432E-01 5.601E+01 2.000E+00
1.639E+06 9.367E+02 1.816E+00 1.663E-04 9.879E-03 1.243E+03 9.432E-01 5.601E+01 2.000E+00
1.939E+06 9.367E+02 1.816E+00 1.663E-04 9.882E-03 1.244E+03 9.432E-01 5.601E+01 2.000E+00
3.123E+06 9.367E+02 1.816E+00 1.663E-04 9.887E-03 1.243E+03 9.433E-01 5.601E+01 2.000E+00
7.519E+06 5.352E+02 2.203E+00 1.663E-04 9.897E-03 1.565E+03 9.433E-01 5.601E+01 2.000E+00
1.553E+07 9.468E+02 1.809E+00 1.663E-04 9.914E-03 1.239E+03 9.434E-01 5.601E+01 2.000E+00
3.093E+07 8.231E+02 1.906E+00 1.663E-04 9.947E-03 1.297E+03 9.435E-01 5.601E+01 2.000E+00
1.890E+07 8.638E+02 1.872E+00 1.663E-04 1.001E-02 1.276E+03 9.437E-01 5.601E+01 2.000E+00
4.733E+06 7.422E+02 1.978E+00 1.663E-04 1.011E-02 1.348E+03 9.441E-01 5.602E+01 2.000E+00
7.977E+06 6.536E+02 2.067E+00 1.663E-04 1.031E-02 1.421E+03 9.448E-01 5.602E+01 2.000E+00
1.192E+06 5.324E+02 2.208E+00 1.663E-04 1.067E-02 1.568E+03 9.460E-01 5.603E+01 2.000E+00
1.458E+07 6.214E+02 2.104E+00 1.663E-04 1.134E-02 1.453E+03 9.484E-01 5.604E+01 2.000E+00
2.314E+07 5.871E+02 2.145E+00 1.663E-04 1.256E-02 1.491E+03 9.528E-01 5.607E+01 2.000E+00
2.895E+07 5.987E+02 2.134E+00 1.663E-04 1.479E-02 1.477E+03 9.607E-01 5.612E+01 2.000E+00
5.446E+06 9.815E+02 1.784E+00 2.104E-04 9.876E-03 1.228E+03 9.433E-01 5.601E+01 2.000E+00
5.461E+06 9.815E+02 1.784E+00 2.104E-04 9.876E-03 1.225E+03 9.433E-01 5.601E+01 2.000E+00
5.490E+06 9.815E+02 1.784E+00 2.104E-04 9.876E-03 1.225E+03 9.433E-01 5.601E+01 2.000E+00
5.543E+06 9.815E+02 1.784E+00 2.104E-04 9.876E-03 1.227E+03 9.433E-01 5.601E+01 2.000E+00
8.180E+06 9.271E+02 1.823E+00 2.104E-04 9.876E-03 1.247E+03 9.433E-01 5.601E+01 2.000E+00
1.037E+07 9.271E+02 1.823E+00 2.104E-04 9.877E-03 1.247E+03 9.433E-01 5.601E+01 2.000E+00
2.097E+07 9.271E+02 1.823E+00 2.104E-04 9.878E-03 1.247E+03 9.433E-01 5.601E+01 2.000E+00
3.684E+07 4.282E+02 2.349E+00 2.104E-04 9.879E-03 1.789E+03 9.433E-01 5.601E+01 2.000E+00
1.981E+06 9.367E+02 1.816E+00 2.104E-04 9.882E-03 1.243E+03 9.433E-01 5.601E+01 2.000E+00
3.256E+06 9.367E+02 1.816E+00 2.104E-04 9.887E-03 1.243E+03 9.433E-01 5.601E+01 2.000E+00
3.259E+07 9.734E+02 1.790E+00 2.104E-04 9.897E-03 1.228E+03 9.434E-01 5.601E+01 2.000E+00
1.958E+07 9.468E+02 1.809E+00 2.104E-04 9.914E-03 1.239E+03 9.434E-01 5.601E+01 2.000E+00
1.380E+07 8.012E+02 1.925E+00 2.104E-04 9.947E-03 1.310E+03 9.436E-01 5.601E+01 2.000E+00
6.612E+07 8.638E+02 1.872E+00 2.104E-04 1.001E-02 1.276E+03 9.438E-01 5.601E+01 2.000E+00
7.397E+06 7.422E+02 1.978E+00 2.104E-04 1.011E-02 1.348E+03 9.441E-01 5.602E+01 2.000E+00
1.826E+08 6.536E+02 2.067E+00 2.104E-04 1.031E-02 1.431E+03 9.448E-01 5.602E+01 2.000E+00
1.446E+06 5.324E+02 2.208E+00 2.104E-04 1.067E-02 1.568E+03 9.461E-01 5.603E+01 2.000E+00
3.694E+07 9.172E+02 1.832E+00 2.104E-04 1.134E-02 1.252E+03 9.485E-01 5.604E+01 2.000E+00
7.826E+06 9.249E+02 1.827E+00 2.104E-04 1.256E-02 1.249E+03 9.529E-01 5.607E+01 2.000E+00
2.866E+06 5.932E+02 2.141E+00 2.104E-04 1.479E-02 1.481E+03 9.608E-01 5.612E+01 2.000E+00
5.601E+06 9.815E+02 1.784E+00 2.661E-04 9.876E-03 1.225E+03 9.434E-01 5.601E+01 2.000E+00
5.617E+06 9.815E+02 1.784E+00 2.661E-04 9.876E-03 1.225E+03 9.434E-01 5.601E+01 2.000E+00
8.237E+06 9.271E+02 1.823E+00 2.661E-04 9.876E-03 1.248E+03 9.434E-01 5.601E+01 2.000E+00
8.791E+06 9.271E+02 1.823E+00 2.661E-04 9.876E-03 1.247E+03 9.434E-01 5.601E+01 2.000E+00
1.004E+07 9.271E+02 1.823E+00 2.661E-04 9.876E-03 1.247E+03 9.434E-01 5.601E+01 2.000E+00
1.364E+07 9.271E+02 1.823E+00 2.661E-04 9.877E-03 1.247E+03 9.434E-01 5.601E+01 2.000E+00
1.463E+06 3.093E+02 2.534E+00 2.661E-04 9.878E-03 2.363E+03 9.434E-01 5.601E+01 2.000E+00
5.071E+06 4.247E+02 2.354E+00 2.661E-04 9.879E-03 2.071E+03 9.434E-01 5.601E+01 2.000E+00
2.038E+06 9.367E+02 1.816E+00 2.661E-04 9.882E-03 1.243E+03 9.434E-01 5.601E+01 2.000E+00
9.917E+06 4.574E+02 2.307E+00 2.661E-04 9.887E-03 1.715E+03 9.434E-01 5.601E+01 2.000E+00
4.484E+07 9.734E+02 1.790E+00 2.661E-04 9.897E-03 1.228E+03 9.435E-01 5.601E+01 2.000E+00
2.935E+07 9.468E+02 1.809E+00 2.661E-04 9.914E-03 1.239E+03 9.435E-01 5.601E+01 2.000E+00
1.293E+07 8.174E+02 1.911E+00 2.661E-04 9.947E-03 1.301E+03 9.437E-01 5.601E+01 2.000E+00
2.978E+07 8.727E+02 1.865E+00 2.661E-04 1.001E-02 1.272E+03 9.439E-01 5.601E+01 2.000E+00
2.906E+07 7.422E+02 1.978E+00 2.661E-04 1.011E-02 1.348E+03 9.442E-01 5.602E+01 2.000E+00
4.863E+07 6.571E+02 2.063E+00 2.661E-04 1.031E-02 1.417E+03 9.449E-01 5.602E+01 2.000E+00
2.024E+06 5.324E+02 2.208E+00 2.661E-04 1.067E-02 1.568E+03 9.462E-01 5.603E+01 2.000E+00
6.265E+07 9.302E+02 1.822E+00 2.661E-04 1.134E-02 1.246E+03 9.486E-01 5.604E+01 2.000E+00
9.548E+06 9.249E+02 1.827E+00 2.661E-04 1.256E-02 1.249E+03 9.530E-01 5.607E+01 2.000E+00
5.758E+06 5.932E+02 2.141E+00 2.661E-04 1.479E-02 1.482E+03 9.609E-01 5.612E+01 2.000E+00
1.008E+07 9.271E+02 1.823E+00 3.366E-04 9.876E-03 1.247E+03 9.435E-01 5.601E+01 2.000E+00
1.032E+07 9.271E+02 1.823E+00 3.366E-04 9.876E-03 1.247E+03 9.435E-01 5.601E+01 2.000E+00
1.079E+07 9.271E+02 1.823E+00 3.366E-04 9.876E-03 1.247E+03 9.435E-01 5.601E+01 2.000E+00
1.178E+07 9.271E+02 1.823E+00 3.366E-04 9.876E-03 1.247E+03 9.435E-01 5.601E+01 2.000E+00
1.420E+07 9.271E+02 1.823E+00 3.366E-04 9.876E-03 1.248E+03 9.435E-01 5.601E+01 2.000E+00
2.295E+07 9.271E+02 1.823E+00 3.366E-04 9.877E-03 1.247E+03 9.435E-01 5.601E+01 2.000E+00
1.613E+06 9.367E+02 1.816E+00 3.366E-04 9.878E-03 1.243E+03 9.435E-01 5.601E+01 2.000E+00
1.754E+06 9.367E+02 1.816E+00 3.366E-04 9.879E-03 1.243E+03 9.435E-01 5.601E+01 2.000E+00
5.842E+07 4.189E+02 2.362E+00 3.366E-04 9.882E-03 1.816E+03 9.435E-01 5.601E+01 2.000E+00
3.721E+06 9.367E+02 1.816E+00 3.366E-04 9.887E-03 1.243E+03 9.436E-01 5.601E+01 2.000E+00
8.603E+07 9.734E+02 1.790E+00 3.366E-04 9.897E-03 1.228E+03 9.436E-01 5.601E+01 2.000E+00
8.166E+07 9.468E+02 1.809E+00 3.366E-04 9.914E-03 1.239E+03 9.437E-01 5.601E+01 2.000E+00
2.499E+06 8.134E+02 1.914E+00 3.366E-04 9.947E-03 1.303E+03 9.438E-01 5.601E+01 2.000E+00
6.716E+06 3.520E+02 2.466E+00 3.366E-04 1.001E-02 2.081E+03 9.440E-01 5.601E+01 2.000E+00
2.591E+06 7.833E+02 1.941E+00 3.366E-04 1.011E-02 1.321E+03 9.444E-01 5.602E+01 2.000E+00
4.475E+06 5.147E+02 2.230E+00 3.366E-04 1.031E-02 1.609E+03 9.451E-01 5.602E+01 2.000E+00
4.471E+06 5.324E+02 2.208E+00 3.366E-04 1.067E-02 1.568E+03 9.464E-01 5.603E+01 2.000E+00
3.239E+06 9.329E+02 1.820E+00 3.366E-04 1.134E-02 1.245E+03 9.487E-01 5.604E+01 2.000E+00
1.333E+07 9.249E+02 1.827E+00 3.366E-04 1.256E-02 1.249E+03 9.531E-01 5.607E+01 2.000E+00
8.982E+06 7.653E+02 1.962E+00 3.366E-04 1.479E-02 1.355E+03 9.610E-01 5.612E+01 2.000E+00
1.607E+07 9.271E+02 1.823E+00 4.257E-04 9.876E-03 1.250E+03 9.437E-01 5.601E+01 2.000E+00
1.671E+07 9.271E+02 1.823E+00 4.257E-04 9.876E-03 1.247E+03 9.437E-01 5.601E+01 2.000E+00
1.802E+07 9.271E+02 1.823E+00 4.257E-04 9.876E-03 1.247E+03 9.437E-01 5.601E+01 2.000E+00
2.107E+07 9.271E+02 1.823E+00 4.257E-04 9.876E-03 1.247E+03 9.437E-01 5.601E+01 2.000E+00
3.065E+07 9.271E+02 1.823E+00 4.257E-04 9.876E-03 1.248E+03 9.437E-01 5.601E+01 2.000E+00
2.002E+08 9.271E+02 1.823E+00 4.257E-04 9.877E-03 1.247E+03 9.437E-01 5.601E+01 2.000E+00
3.021E+06 4.247E+02 2.354E+00 4.257E-04 9.878E-03 1.799E+03 9.437E-01 5.601E+01 2.000E+00
1.823E+06 9.367E+02 1.816E+00 4.257E-04 9.879E-03 1.243E+03 9.437E-01 5.601E+01 2.000E+00
2.239E+07 6.217E+02 2.101E+00 4.257E-04 9.882E-03 1.453E+03 9.437E-01 5.601E+01 2.000E+00
4.150E+06 9.367E+02 1.816E+00 4.257E-04 9.887E-03 1.290E+03 9.437E-01 5.601E+01 2.000E+00
2.257E+07 9.519E+02 1.805E+00 4.257E-04 9.897E-03 1.236E+03 9.438E-01 5.601E+01 2.000E+00
9.959E+06 9.210E+02 1.828E+00 4.257E-04 9.914E-03 1.249E+03 9.438E-01 5.601E+01 2.000E+00
3.235E+06 8.134E+02 1.914E+00 4.257E-04 9.947E-03 1.303E+03 9.439E-01 5.601E+01 2.000E+00
3.571E+06 5.223E+02 2.220E+00 4.257E-04 1.001E-02 1.586E+03 9.442E-01 5.601E+01 2.000E+00
3.652E+06 7.833E+02 1.941E+00 4.257E-04 1.011E-02 1.322E+03 9.445E-01 5.602E+01 2.000E+00
4.031E+06 5.200E+02 2.223E+00 4.257E-04 1.031E-02 1.591E+03 9.452E-01 5.602E+01 2.000E+00
2.938E+06 5.896E+02 2.139E+00 4.257E-04 1.067E-02 1.489E+03 9.465E-01 5.603E+01 2.000E+00
3.569E+06 9.329E+02 1.820E+00 4.257E-04 1.134E-02 1.245E+03 9.489E-01 5.604E+01 2.000E+00
2.741E+07 9.249E+02 1.827E+00 4.257E-04 1.256E-02 1.249E+03 9.532E-01 5.607E+01 2.000E+00
1.897E+07 6.183E+02 2.112E+00 4.257E-04 1.479E-02 1.454E+03 9.612E-01 5.612E+01 2.000E+00
7.181E+07 9.271E+02 1.823E+00 5.385E-04 9.876E-03 1.247E+03 9.439E-01 5.601E+01 2.000E+00
8.721E+07 9.271E+02 1.823E+00 5.385E-04 9.876E-03 1.247E+03 9.439E-01 5.601E+01 2.000E+00
1.439E+08 9.271E+02 1.823E+00 5.385E-04 9.876E-03 1.247E+03 9.439E-01 5.601E+01 2.000E+00
1.605E+06 9.367E+02 1.816E+00 5.385E-04 9.876E-03 1.243E+03 9.439E-01 5.601E+01 2.000E+00
1.051E+07 4.282E+02 2.349E+00 5.385E-04 9.876E-03 1.789E+03 9.439E-01 5.601E+01 2.000E+00
3.784E+06 4.247E+02 2.354E+00 5.385E-04 9.877E-03 1.799E+03 9.439E-01 5.601E+01 2.000E+00
1.745E+06 9.367E+02 1.816E+00 5.385E-04 9.878E-03 1.243E+03 9.439E-01 5.601E+01 2.000E+00
1.920E+06 9.367E+02 1.816E+00 5.385E-04 9.879E-03 1.243E+03 9.439E-01 5.601E+01 2.000E+00
6.387E+07 6.143E+02 2.109E+00 5.385E-04 9.882E-03 1.461E+03 9.439E-01 5.601E+01 2.000E+00
7.737E+06 5.580E+02 2.175E+00 5.385E-04 9.887E-03 1.532E+03 9.439E-01 5.601E+01 2.000E+00
7.677E+07 9.519E+02 1.805E+00 5.385E-04 9.897E-03 1.237E+03 9.440E-01 5.601E+01 2.000E+00
2.036E+07 9.210E+02 1.828E+00 5.385E-04 9.914E-03 1.249E+03 9.440E-01 5.601E+01 2.000E+00
2.196E+07 3.366E+02 2.490E+00 5.385E-04 9.947E-03 2.166E+03 9.441E-01 5.601E+01 2.000E+00
3.641E+06 5.308E+02 2.209E+00 5.385E-04 1.001E-02 1.572E+03 9.444E-01 5.601E+01 2.000E+00
8.297E+06 7.833E+02 1.941E+00 5.385E-04 1.011E-02 1.321E+03 9.447E-01 5.602E+01 2.000E+00
3.703E+07 4.637E+02 2.299E+00 5.385E-04 1.031E-02 1.698E+03 9.454E-01 5.602E+01 2.000E+00
4.216E+07 6.123E+02 2.113E+00 5.385E-04 1.067E-02 1.464E+03 9.467E-01 5.603E+01 2.000E+00
4.113E+06 9.329E+02 1.820E+00 5.385E-04 1.134E-02 1.245E+03 9.491E-01 5.604E+01 2.000E+00
1.186E+07 7.380E+02 1.985E+00 5.385E-04 1.256E-02 1.376E+03 9.534E-01 5.607E+01 2.000E+00
6.077E+07 3.513E+02 2.480E+00 5.385E-04 1.479E-02 2.055E+03 9.614E-01 5.612E+01 2.000E+00
9.164E+06 4.247E+02 2.354E+00 6.811E-04 9.876E-03 1.808E+03 9.441E-01 5.601E+01 2.000E+00
1.227E+07 4.247E+02 2.354E+00 6.811E-04 9.876E-03 1.799E+03 9.441E-01 5.601E+01 2.000E+00
3.294E+07 4.247E+02 2.354E+00 6.811E-04 9.876E-03 1.800E+03 9.441E-01 5.601E+01 2.000E+00
1.695E+06 9.367E+02 1.816E+00 6.811E-04 9.876E-03 1.243E+03 9.441E-01 5.601E+01 2.000E+00
1.718E+06 9.367E+02 1.816E+00 6.811E-04 9.876E-03 1.243E+03 9.441E-01 5.601E+01 2.000E+00
1.764E+06 9.367E+02 1.816E+00 6.811E-04 9.877E-03 1.243E+03 9.441E-01 5.601E+01 2.000E+00
1.857E+06 9.367E+02 1.816E+00 6.811E-04 9.878E-03 1.248E+03 9.441E-01 5.601E+01 2.000E+00
9.055E+06 4.120E+02 2.373E+00 6.811E-04 9.879E-03 1.838E+03 9.441E-01 5.601E+01 2.000E+00
8.737E+06 6.755E+02 2.044E+00 6.811E-04 9.882E-03 1.402E+03 9.442E-01 5.601E+01 2.000E+00
6.338E+06 9.367E+02 1.816E+00 6.811E-04 9.887E-03 1.243E+03 9.442E-01 5.601E+01 2.000E+00
5.605E+06 9.598E+02 1.799E+00 6.811E-04 9.897E-03 1.234E+03 9.442E-01 5.601E+01 2.000E+00
1.009E+07 9.142E+02 1.833E+00 6.811E-04 9.914E-03 1.252E+03 9.443E-01 5.601E+01 2.000E+00
1.235E+07 3.451E+02 2.476E+00 6.811E-04 9.947E-03 2.117E+03 9.444E-01 5.601E+01 2.000E+00
5.483E+06 5.317E+02 2.208E+00 6.811E-04 1.001E-02 1.623E+03 9.446E-01 5.601E+01 2.000E+00
5.927E+06 7.064E+02 2.013E+00 6.811E-04 1.011E-02 1.376E+03 9.450E-01 5.602E+01 2.000E+00
3.477E+06 6.353E+02 2.087E+00 6.811E-04 1.031E-02 1.439E+03 9.457E-01 5.602E+01 2.000E+00
2.581E+06 6.080E+02 2.118E+00 6.811E-04 1.067E-02 1.468E+03 9.470E-01 5.603E+01 2.000E+00
5.137E+06 9.329E+02 1.820E+00 6.811E-04 1.134E-02 1.245E+03 9.494E-01 5.604E+01 2.000E+00
1.227E+07 7.206E+02 2.002E+00 6.811E-04 1.256E-02 1.364E+03 9.537E-01 5.607E+01 2.000E+00
2.841E+06 7.546E+02 1.972E+00 6.811E-04 1.479E-02 1.339E+03 9.616E-01 5.612E+01 2.000E+00
1.800E+06 9.367E+02 1.816E+00 8.615E-04 9.876E-03 1.243E+03 9.445E-01 5.601E+01 2.000E+00
1.805E+06 9.367E+02 1.816E+00 8.615E-04 9.876E-03 1.243E+03 9.445E-01 5.601E+01 2.000E+00
1.813E+06 9.367E+02 1.816E+00 8.615E-04 9.876E-03 1.243E+03 9.445E-01 5.601E+01 2.000E+00
1.828E+06 9.367E+02 1.816E+00 8.615E-04 9.876E-03 1.243E+03 9.445E-01 5.601E+01 2.000E+00
1.430E+07 2.622E+02 2.611E+00 8.615E-04 9.876E-03 2.924E+03 9.445E-01 5.601E+01 2.000E+00
3.337E+06 2.525E+02 2.626E+00 8.615E-04 9.877E-03 3.133E+03 9.445E-01 5.601E+01 2.000E+00
8.071E+06 4.120E+02 2.373E+00 8.615E-04 9.878E-03 1.838E+03 9.445E-01 5.601E+01 2.000E+00
9.514E+06 6.284E+02 2.094E+00 8.615E-04 9.879E-03 1.446E+03 9.445E-01 5.601E+01 2.000E+00
3.611E+06 4.574E+02 2.307E+00 8.615E-04 9.882E-03 1.714E+03 9.445E-01 5.601E+01 2.000E+00
1.046E+07 9.367E+02 1.816E+00 8.615E-04 9.887E-03 1.243E+03 9.445E-01 5.601E+01 2.000E+00
7.068E+06 9.598E+02 1.799E+00 8.615E-04 9.897E-03 1.234E+03 9.445E-01 5.601E+01 2.000E+00
1.021E+07 6.664E+02 2.053E+00 8.615E-04 9.914E-03 1.409E+03 9.446E-01 5.601E+01 2.000E+00
5.806E+06 8.184E+02 1.910E+00 8.615E-04 9.947E-03 1.300E+03 9.447E-01 5.601E+01 2.000E+00
4.489E+06 4.310E+02 2.345E+00 8.615E-04 1.001E-02 1.782E+03 9.449E-01 5.601E+01 2.000E+00
1.910E+08 6.921E+02 2.027E+00 8.615E-04 1.011E-02 1.387E+03 9.453E-01 5.602E+01 2.000E+00
1.218E+07 6.395E+02 2.082E+00 8.615E-04 1.031E-02 1.435E+03 9.460E-01 5.602E+01 2.000E+00
1.011E+07 9.946E+02 1.775E+00 8.615E-04 1.067E-02 1.221E+03 9.473E-01 5.603E+01 2.000E+00
7.655E+06 9.329E+02 1.820E+00 8.615E-04 1.134E-02 1.245E+03 9.497E-01 5.604E+01 2.000E+00
3.718E+06 9.334E+02 1.821E+00 8.615E-04 1.256E-02 1.245E+03 9.540E-01 5.607E+01 2.000E+00
1.411E+07 7.546E+02 1.972E+00 8.615E-04 1.479E-02 1.340E+03 9.620E-01 5.612E+01 2.000E+00
2.635E+07 4.120E+02 2.373E+00 1.090E-03 9.876E-03 1.840E+03 9.449E-01 5.601E+01 2.000E+00
1.083E+08 4.120E+02 2.373E+00 1.090E-03 9.876E-03 1.838E+03 9.449E-01 5.601E+01 2.000E+00
2.021E+06 9.367E+02 1.816E+00 1.090E-03 9.876E-03 1.246E+03 9.449E-01 5.601E+01 2.000E+00
2.041E+06 9.367E+02 1.816E+00 1.090E-03 9.876E-03 1.243E+03 9.449E-01 5.601E+01 2.000E+00
2.459E+06 3.811E+02 2.420E+00 1.090E-03 9.876E-03 1.948E+03 9.449E-01 5.601E+01 2.000E+00
1.167E+07 3.811E+02 2.420E+00 1.090E-03 9.877E-03 1.948E+03 9.449E-01 5.601E+01 2.000E+00
4.599E+07 6.284E+02 2.094E+00 1.090E-03 9.878E-03 1.446E+03 9.449E-01 5.601E+01 2.000E+00
4.370E+07 3.995E+02 2.391E+00 1.090E-03 9.879E-03 1.879E+03 9.449E-01 5.601E+01 2.000E+00
3.874E+06 9.367E+02 1.816E+00 1.090E-03 9.882E-03 1.243E+03 9.449E-01 5.601E+01 2.000E+00
1.058E+08 9.340E+02 1.818E+00 1.090E-03 9.887E-03 1.244E+03 9.449E-01 5.601E+01 2.000E+00
1.080E+07 9.598E+02 1.799E+00 1.090E-03 9.897E-03 1.234E+03 9.449E-01 5.601E+01 2.000E+00
5.255E+06 8.967E+02 1.846E+00 1.090E-03 9.914E-03 1.261E+03 9.450E-01 5.601E+01 2.000E+00
1.713E+06 3.630E+02 2.448E+00 1.090E-03 9.947E-03 2.026E+03 9.451E-01 5.601E+01 2.000E+00
7.600E+06 5.410E+02 2.196E+00 1.090E-03 1.001E-02 1.556E+03 9.453E-01 5.601E+01 2.000E+00
1.545E+06 3.046E+02 2.543E+00 1.090E-03 1.011E-02 2.396E+03 9.457E-01 5.602E+01 2.000E+00
2.969E+06 5.499E+02 2.186E+00 1.090E-03 1.031E-02 1.543E+03 9.464E-01 5.602E+01 2.000E+00
1.081E+07 9.946E+02 1.775E+00 1.090E-03 1.067E-02 1.221E+03 9.477E-01 5.603E+01 2.000E+00
2.529E+07 7.657E+02 1.958E+00 1.090E-03 1.134E-02 1.332E+03 9.501E-01 5.604E+01 2.000E+00
5.180E+06 9.334E+02 1.821E+00 1.090E-03 1.256E-02 1.246E+03 9.544E-01 5.607E+01 2.000E+00
7.022E+06 9.475E+02 1.812E+00 1.090E-03 1.479E-02 1.241E+03 9.624E-01 5.612E+01 2.000E+00
2.630E+06 6.755E+02 2.044E+00 1.378E-03 9.876E-03 1.404E+03 9.454E-01 5.601E+01 2.000E+00
2.713E+06 6.755E+02 2.044E+00 1.378E-03 9.876E-03 1.401E+03 9.454E-01 5.601E+01 2.000E+00
2.880E+06 6.755E+02 2.044E+00 1.378E-03 9.876E-03 1.401E+03 9.454E-01 5.601E+01 2.000E+00
3.253E+06 6.755E+02 2.044E+00 1.378E-03 9.876E-03 1.405E+03 9.454E-01 5.601E+01 2.000E+00
4.301E+06 6.755E+02 2.044E+00 1.378E-03 9.876E-03 1.401E+03 9.454E-01 5.601E+01 2.000E+00
1.133E+07 6.755E+02 2.044E+00 1.378E-03 9.877E-03 1.401E+03 9.454E-01 5.601E+01 2.000E+00
2.876E+06 4.574E+02 2.307E+00 1.378E-03 9.878E-03 1.714E+03 9.454E-01 5.601E+01 2.000E+00
3.449E+06 9.367E+02 1.816E+00 1.378E-03 9.879E-03 1.243E+03 9.454E-01 5.601E+01 2.000E+00
6.078E+06 9.367E+02 1.816E+00 1.378E-03 9.882E-03 1.243E+03 9.454E-01 5.601E+01 2.000E+00
1.511E+07 5.352E+02 2.203E+00 1.378E-03 9.887E-03 1.565E+03 9.454E-01 5.601E+01 2.000E+00
3.599E+07 9.598E+02 1.799E+00 1.378E-03 9.897E-03 1.234E+03 9.455E-01 5.601E+01 2.000E+00
5.673E+07 8.967E+02 1.846E+00 1.378E-03 9.914E-03 1.260E+03 9.455E-01 5.601E+01 2.000E+00
5.431E+06 8.124E+02 1.915E+00 1.378E-03 9.947E-03 1.304E+03 9.456E-01 5.601E+01 2.000E+00
1.141E+06 4.022E+02 2.388E+00 1.378E-03 1.001E-02 1.870E+03 9.459E-01 5.601E+01 2.000E+00
8.018E+07 3.931E+02 2.402E+00 1.378E-03 1.011E-02 1.910E+03 9.462E-01 5.602E+01 2.000E+00
5.121E+06 5.831E+02 2.146E+00 1.378E-03 1.031E-02 1.498E+03 9.469E-01 5.602E+01 2.000E+00
1.147E+06 2.389E+02 2.651E+00 1.378E-03 1.067E-02 3.434E+03 9.482E-01 5.603E+01 2.000E+00
6.628E+06 9.210E+02 1.829E+00 1.378E-03 1.134E-02 1.251E+03 9.506E-01 5.604E+01 2.000E+00
3.404E+07 8.475E+02 1.888E+00 1.378E-03 1.256E-02 1.285E+03 9.549E-01 5.607E+01 2.000E+00
2.419E+06 5.611E+02 2.179E+00 1.378E-03 1.479E-02 1.522E+03 9.629E-01 5.612E+01 2.000E+00
3.133E+06 9.367E+02 1.816E+00 1.743E-03 9.876E-03 1.243E+03 9.460E-01 5.601E+01 2.000E+00
3.150E+06 9.367E+02 1.816E+00 1.743E-03 9.876E-03 1.244E+03 9.460E-01 5.601E+01 2.000E+00
3.180E+06 9.367E+02 1.816E+00 1.743E-03 9.876E-03 1.243E+03 9.460E-01 5.601E+01 2.000E+00
5.148E+06 9.594E+02 1.800E+00 1.743E-03 9.876E-03 1.234E+03 9.460E-01 5.601E+01 2.000E+00
3.351E+06 9.367E+02 1.816E+00 1.743E-03 9.876E-03 1.248E+03 9.460E-01 5.601E+01 2.000E+00
3.582E+06 9.367E+02 1.816E+00 1.743E-03 9.877E-03 1.243E+03 9.460E-01 5.601E+01 2.000E+00
6.241E+06 5.580E+02 2.175E+00 1.743E-03 9.878E-03 1.532E+03 9.460E-01 5.601E+01 2.000E+00
5.747E+06 9.367E+02 1.816E+00 1.743E-03 9.879E-03 1.243E+03 9.460E-01 5.601E+01 2.000E+00
2.878E+07 9.340E+02 1.818E+00 1.743E-03 9.882E-03 1.247E+03 9.460E-01 5.601E+01 2.000E+00
2.216E+07 9.519E+02 1.805E+00 1.743E-03 9.887E-03 1.237E+03 9.461E-01 5.601E+01 2.000E+00
2.645E+08 4.040E+02 2.385E+00 1.743E-03 9.897E-03 1.864E+03 9.461E-01 5.601E+01 2.000E+00
2.378E+06 7.524E+02 1.969E+00 1.743E-03 9.914E-03 1.342E+03 9.462E-01 5.601E+01 2.000E+00
7.705E+06 7.963E+02 1.929E+00 1.743E-03 9.947E-03 1.313E+03 9.463E-01 5.601E+01 2.000E+00
8.040E+06 5.759E+02 2.154E+00 1.743E-03 1.001E-02 1.535E+03 9.465E-01 5.601E+01 2.000E+00
6.898E+06 8.257E+02 1.904E+00 1.743E-03 1.011E-02 1.297E+03 9.469E-01 5.602E+01 2.000E+00
4.289E+06 7.223E+02 1.998E+00 1.743E-03 1.031E-02 1.363E+03 9.476E-01 5.602E+01 2.000E+00
2.082E+06 3.498E+02 2.471E+00 1.743E-03 1.067E-02 2.086E+03 9.489E-01 5.603E+01 2.000E+00
2.254E+06 5.150E+02 2.232E+00 1.743E-03 1.134E-02 1.596E+03 9.512E-01 5.604E+01 2.000E+00
7.339E+06 5.632E+02 2.173E+00 1.743E-03 1.256E-02 1.522E+03 9.556E-01 5.607E+01 2.000E+00
9.582E+06 9.290E+02 1.826E+00 1.743E-03 1.479E-02 1.250E+03 9.635E-01 5.612E+01 2.000E+00
5.720E+06 9.367E+02 1.816E+00 2.205E-03 9.876E-03 1.243E+03 9.469E-01 5.601E+01 2.000E+00
5.782E+06 9.367E+02 1.816E+00 2.205E-03 9.876E-03 1.243E+03 9.469E-01 5.601E+01 2.000E+00
5.899E+06 9.367E+02 1.816E+00 2.205E-03 9.876E-03 1.243E+03 9.469E-01 5.601E+01 2.000E+00
6.128E+06 9.367E+02 1.816E+00 2.205E-03 9.876E-03 1.243E+03 9.469E-01 5.601E+01 2.000E+00
6.601E+06 9.367E+02 1.816E+00 2.205E-03 9.876E-03 1.243E+03 9.469E-01 5.601E+01 2.000E+00
7.705E+06 9.367E+02 1.816E+00 2.205E-03 9.877E-03 1.243E+03 9.469E-01 5.601E+01 2.000E+00
1.123E+07 9.367E+02 1.816E+00 2.205E-03 9.878E-03 1.244E+03 9.469E-01 5.601E+01 2.000E+00
1.321E+08 9.340E+02 1.818E+00 2.205E-03 9.879E-03 1.245E+03 9.469E-01 5.601E+01 2.000E+00
2.595E+07 9.734E+02 1.790E+00 2.205E-03 9.882E-03 1.229E+03 9.469E-01 5.601E+01 2.000E+00
7.299E+06 9.598E+02 1.799E+00 2.205E-03 9.887E-03 1.234E+03 9.469E-01 5.601E+01 2.000E+00
1.474E+07 9.429E+02 1.812E+00 2.205E-03 9.897E-03 1.241E+03 9.469E-01 5.601E+01 2.000E+00
3.247E+06 4.441E+02 2.326E+00 2.205E-03 9.914E-03 1.750E+03 9.470E-01 5.601E+01 2.000E+00
2.095E+06 8.470E+02 1.886E+00 2.205E-03 9.947E-03 1.285E+03 9.471E-01 5.601E+01 2.000E+00
2.121E+06 6.395E+02 2.082E+00 2.205E-03 1.001E-02 1.435E+03 9.473E-01 5.601E+01 2.000E+00
4.171E+06 8.047E+02 1.922E+00 2.205E-03 1.011E-02 1.310E+03 9.477E-01 5.602E+01 2.000E+00
1.450E+07 7.951E+02 1.930E+00 2.205E-03 1.031E-02 1.314E+03 9.484E-01 5.602E+01 2.000E+00
6.916E+06 9.292E+02 1.822E+00 2.205E-03 1.067E-02 1.247E+03 9.497E-01 5.603E+01 2.000E+00
4.294E+07 7.582E+02 1.965E+00 2.205E-03 1.134E-02 1.338E+03 9.521E-01 5.604E+01 2.000E+00
1.011E+07 9.089E+02 1.839E+00 2.205E-03 1.256E-02 1.256E+03 9.564E-01 5.607E+01 2.000E+00
6.255E+07 2.842E+02 2.593E+00 2.205E-03 1.479E-02 2.528E+03 9.644E-01 5.612E+01 2.000E+00
6.977E+06 5.352E+02 2.203E+00 2.789E-03 9.876E-03 1.566E+03 9.479E-01 5.601E+01 2.000E+00
8.173E+06 5.352E+02 2.203E+00 2.789E-03 9.876E-03 1.566E+03 9.479E-01 5.601E+01 2.000E+00
1.197E+07 5.352E+02 2.203E+00 2.789E-03 9.876E-03 1.580E+03 9.479E-01 5.601E+01 2.000E+00
9.014E+07 5.352E+02 2.203E+00 2.789E-03 9.876E-03 1.566E+03 9.479E-01 5.601E+01 2.000E+00
1.450E+07 9.734E+02 1.790E+00 2.789E-03 9.876E-03 1.230E+03 9.479E-01 5.601E+01 2.000E+00
1.677E+07 9.734E+02 1.790E+00 2.789E-03 9.877E-03 1.229E+03 9.479E-01 5.601E+01 2.000E+00
2.364E+07 9.734E+02 1.790E+00 2.789E-03 9.878E-03 1.229E+03 9.479E-01 5.601E+01 2.000E+00
1.005E+08 9.734E+02 1.790E+00 2.789E-03 9.879E-03 1.230E+03 9.479E-01 5.601E+01 2.000E+00
6.036E+06 9.598E+02 1.799E+00 2.789E-03 9.882E-03 1.234E+03 9.479E-01 5.601E+01 2.000E+00
1.388E+08 9.598E+02 1.799E+00 2.789E-03 9.887E-03 1.241E+03 9.479E-01 5.601E+01 2.000E+00
5.956E+08 9.468E+02 1.809E+00 2.789E-03 9.897E-03 1.240E+03 9.480E-01 5.601E+01 2.000E+00
1.856E+07 8.839E+02 1.856E+00 2.789E-03 9.914E-03 1.267E+03 9.480E-01 5.601E+01 2.000E+00
2.974E+06 6.574E+02 2.063E+00 2.789E-03 9.947E-03 1.418E+03 9.481E-01 5.601E+01 2.000E+00
4.638E+06 6.493E+02 2.071E+00 2.789E-03 1.001E-02 1.426E+03 9.484E-01 5.601E+01 2.000E+00
7.330E+06 4.509E+02 2.316E+00 2.789E-03 1.011E-02 1.729E+03 9.487E-01 5.602E+01 2.000E+00
4.439E+07 5.732E+02 2.158E+00 2.789E-03 1.031E-02 1.511E+03 9.494E-01 5.602E+01 2.000E+00
9.112E+05 3.099E+02 2.536E+00 2.789E-03 1.067E-02 2.346E+03 9.507E-01 5.603E+01 2.000E+00
5.951E+06 4.445E+02 2.328E+00 2.789E-03 1.134E-02 1.742E+03 9.531E-01 5.604E+01 2.000E+00
1.718E+07 5.007E+02 2.253E+00 2.789E-03 1.256E-02 1.619E+03 9.575E-01 5.607E+01 2.000E+00
3.188E+06 2.059E+02 2.720E+00 2.789E-03 1.479E-02 4.810E+03 9.654E-01 5.612E+01 2.000E+00
3.170E+07 9.625E+02 1.797E+00 3.528E-03 9.876E-03 1.233E+03 9.492E-01 5.601E+01 2.000E+00
5.287E+06 9.598E+02 1.799E+00 3.528E-03 9.876E-03 1.234E+03 9.492E-01 5.601E+01 2.000E+00
5.346E+06 9.598E+02 1.799E+00 3.528E-03 9.876E-03 1.234E+03 9.492E-01 5.601E+01 2.000E+00
5.459E+06 9.598E+02 1.799E+00 3.528E-03 9.876E-03 1.235E+03 9.492E-01 5.601E+01 2.000E+00
2.101E+07 8.494E+02 1.884E+00 3.528E-03 9.876E-03 1.284E+03 9.492E-01 5.601E+01 2.000E+00
6.138E+06 9.598E+02 1.799E+00 3.528E-03 9.877E-03 1.234E+03 9.492E-01 5.601E+01 2.000E+00
7.224E+06 9.598E+02 1.799E+00 3.528E-03 9.878E-03 1.234E+03 9.492E-01 5.601E+01 2.000E+00
1.084E+07 9.598E+02 1.799E+00 3.528E-03 9.879E-03 1.234E+03 9.492E-01 5.601E+01 2.000E+00
3.202E+08 9.598E+02 1.799E+00 3.528E-03 9.882E-03 1.235E+03 9.492E-01 5.601E+01 2.000E+00
2.251E+08 6.486E+02 2.072E+00 3.528E-03 9.887E-03 1.427E+03 9.492E-01 5.601E+01 2.000E+00
5.924E+06 8.967E+02 1.846E+00 3.528E-03 9.897E-03 1.261E+03 9.493E-01 5.601E+01 2.000E+00
1.028E+07 8.688E+02 1.868E+00 3.528E-03 9.914E-03 1.274E+03 9.493E-01 5.601E+01 2.000E+00
4.331E+06 7.420E+02 1.978E+00 3.528E-03 9.947E-03 1.478E+03 9.495E-01 5.601E+01 2.000E+00
2.514E+07 8.494E+02 1.884E+00 3.528E-03 1.001E-02 1.290E+03 9.497E-01 5.601E+01 2.000E+00
1.108E+07 6.484E+02 2.072E+00 3.528E-03 1.011E-02 1.427E+03 9.500E-01 5.602E+01 2.000E+00
7.894E+06 9.339E+02 1.819E+00 3.528E-03 1.031E-02 1.245E+03 9.508E-01 5.602E+01 2.000E+00
2.747E+06 4.757E+02 2.283E+00 3.528E-03 1.067E-02 1.672E+03 9.520E-01 5.603E+01 2.000E+00
6.029E+06 2.644E+02 2.613E+00 3.528E-03 1.134E-02 2.887E+03 9.544E-01 5.604E+01 2.000E+00
1.857E+07 4.350E+02 2.345E+00 3.528E-03 1.256E-02 1.763E+03 9.588E-01 5.607E+01 2.000E+00
5.224E+06 8.902E+02 1.856E+00 3.528E-03 1.479E-02 1.266E+03 9.662E-01 5.612E+01 2.000E+00
1.244E+07 4.057E+02 2.382E+00 4.462E-03 9.876E-03 1.863E+03 9.509E-01 5.601E+01 2.000E+00
1.934E+07 4.057E+02 2.382E+00 4.462E-03 9.876E-03 1.859E+03 9.509E-01 5.601E+01 2.000E+00
3.928E+06 9.429E+02 1.812E+00 4.462E-03 9.876E-03 1.242E+03 9.509E-01 5.601E+01 2.000E+00
4.012E+06 9.429E+02 1.812E+00 4.462E-03 9.876E-03 1.241E+03 9.509E-01 5.601E+01 2.000E+00
2.809E+06 2.332E+02 2.656E+00 4.462E-03 9.876E-03 3.671E+03 9.509E-01 5.601E+01 2.000E+00
8.839E+06 2.332E+02 2.656E+00 4.462E-03 9.877E-03 3.671E+03 9.509E-01 5.601E+01 2.000E+00
2.623E+07 5.427E+02 2.194E+00 4.462E-03 9.878E-03 1.557E+03 9.509E-01 5.601E+01 2.000E+00
8.144E+06 9.429E+02 1.812E+00 4.462E-03 9.879E-03 1.241E+03 9.509E-01 5.601E+01 2.000E+00
8.906E+06 9.468E+02 1.809E+00 4.462E-03 9.882E-03 1.240E+03 9.509E-01 5.601E+01 2.000E+00
1.166E+07 3.105E+02 2.532E+00 4.462E-03 9.887E-03 2.350E+03 9.509E-01 5.601E+01 2.000E+00
6.287E+07 5.131E+02 2.232E+00 4.462E-03 9.897E-03 1.679E+03 9.509E-01 5.601E+01 2.000E+00
3.204E+07 8.144E+02 1.913E+00 4.462E-03 9.914E-03 1.303E+03 9.510E-01 5.601E+01 2.000E+00
1.927E+06 4.246E+02 2.354E+00 4.462E-03 9.947E-03 1.800E+03 9.511E-01 5.601E+01 2.000E+00
2.455E+06 5.976E+02 2.129E+00 4.462E-03 1.001E-02 1.486E+03 9.513E-01 5.601E+01 2.000E+00
3.076E+06 3.321E+02 2.498E+00 4.462E-03 1.011E-02 2.194E+03 9.517E-01 5.602E+01 2.000E+00
1.549E+06 4.773E+02 2.280E+00 4.462E-03 1.031E-02 1.670E+03 9.524E-01 5.602E+01 2.000E+00
3.566E+06 5.008E+02 2.249E+00 4.462E-03 1.067E-02 1.623E+03 9.537E-01 5.603E+01 2.000E+00
9.793E+06 7.825E+02 1.943E+00 4.462E-03 1.134E-02 1.323E+03 9.561E-01 5.604E+01 2.000E+00
3.146E+06 8.433E+02 1.891E+00 4.462E-03 1.256E-02 1.288E+03 9.604E-01 5.607E+01 2.000E+00
1.195E+07 8.828E+02 1.861E+00 4.462E-03 1.479E-02 1.271E+03 9.671E-01 5.612E+01 2.000E+00
6.725E+07 9.468E+02 1.809E+00 5.644E-03 9.876E-03 1.240E+03 9.530E-01 5.601E+01 2.000E+00
7.629E+07 9.468E+02 1.809E+00 5.644E-03 9.876E-03 1.240E+03 9.530E-01 5.601E+01 2.000E+00
1.013E+08 9.468E+02 1.809E+00 5.644E-03 9.876E-03 1.240E+03 9.530E-01 5.601E+01 2.000E+00
2.550E+08 9.468E+02 1.809E+00 5.644E-03 9.876E-03 1.240E+03 9.530E-01 5.601E+01 2.000E+00
8.177E+06 3.105E+02 2.532E+00 5.644E-03 9.876E-03 2.352E+03 9.530E-01 5.601E+01 2.000E+00
3.688E+06 6.615E+02 2.058E+00 5.644E-03 9.877E-03 1.415E+03 9.530E-01 5.601E+01 2.000E+00
8.290E+06 6.664E+02 2.053E+00 5.644E-03 9.878E-03 1.410E+03 9.530E-01 5.601E+01 2.000E+00
9.711E+07 3.690E+02 2.438E+00 5.644E-03 9.879E-03 2.000E+03 9.530E-01 5.601E+01 2.000E+00
8.691E+06 8.967E+02 1.846E+00 5.644E-03 9.882E-03 1.263E+03 9.530E-01 5.601E+01 2.000E+00
3.305E+07 5.131E+02 2.232E+00 5.644E-03 9.887E-03 1.603E+03 9.530E-01 5.601E+01 2.000E+00
3.352E+06 8.688E+02 1.868E+00 5.644E-03 9.897E-03 1.275E+03 9.530E-01 5.601E+01 2.000E+00
1.520E+06 4.804E+02 2.275E+00 5.644E-03 9.914E-03 1.664E+03 9.531E-01 5.601E+01 2.000E+00
9.030E+06 7.786E+02 1.945E+00 5.644E-03 9.947E-03 1.326E+03 9.532E-01 5.601E+01 2.000E+00
1.906E+06 9.168E+02 1.831E+00 5.644E-03 1.001E-02 1.253E+03 9.535E-01 5.601E+01 2.000E+00
6.440E+06 7.032E+02 2.016E+00 5.644E-03 1.011E-02 1.379E+03 9.538E-01 5.602E+01 2.000E+00
1.262E+07 7.521E+02 1.969E+00 5.644E-03 1.031E-02 1.343E+03 9.545E-01 5.602E+01 2.000E+00
1.123E+07 8.123E+02 1.916E+00 5.644E-03 1.067E-02 1.305E+03 9.558E-01 5.603E+01 2.000E+00
4.800E+07 5.882E+02 2.141E+00 5.644E-03 1.134E-02 1.492E+03 9.582E-01 5.604E+01 2.000E+00
8.332E+06 7.401E+02 1.983E+00 5.644E-03 1.256E-02 1.351E+03 9.625E-01 5.607E+01 2.000E+00
2.873E+06 4.498E+02 2.328E+00 5.644E-03 1.479E-02 1.720E+03 9.682E-01 5.612E+01 2.000E+00
3.941E+08 7.524E+02 1.969E+00 7.139E-03 9.876E-03 1.343E+03 9.556E-01 5.601E+01 2.000E+00
5.326E+06 7.626E+02 1.959E+00 7.139E-03 9.876E-03 1.336E+03 9.556E-01 5.601E+01 2.000E+00
5.805E+06 7.626E+02 1.959E+00 7.139E-03 9.876E-03 1.336E+03 9.556E-01 5.601E+01 2.000E+00
6.968E+06 7.626E+02 1.959E+00 7.139E-03 9.876E-03 1.337E+03 9.556E-01 5.601E+01 2.000E+00
1.116E+07 7.626E+02 1.959E+00 7.139E-03 9.876E-03 1.336E+03 9.556E-01 5.601E+01 2.000E+00
9.141E+06 7.366E+02 1.983E+00 7.139E-03 9.877E-03 1.354E+03 9.556E-01 5.601E+01 2.000E+00
7.283E+06 7.369E+02 1.983E+00 7.139E-03 9.878E-03 1.355E+03 9.556E-01 5.601E+01 2.000E+00
5.769E+07 5.977E+02 2.128E+00 7.139E-03 9.879E-03 1.482E+03 9.556E-01 5.601E+01 2.000E+00
1.783E+06 3.278E+02 2.504E+00 7.139E-03 9.882E-03 2.223E+03 9.557E-01 5.601E+01 2.000E+00
6.235E+06 8.688E+02 1.868E+00 7.139E-03 9.887E-03 1.276E+03 9.557E-01 5.601E+01 2.000E+00
3.368E+06 8.134E+02 1.914E+00 7.139E-03 9.897E-03 1.305E+03 9.557E-01 5.601E+01 2.000E+00
6.413E+05 2.817E+02 2.580E+00 7.139E-03 9.914E-03 2.637E+03 9.558E-01 5.601E+01 2.000E+00
2.580E+06 8.817E+02 1.858E+00 7.139E-03 9.947E-03 1.269E+03 9.559E-01 5.601E+01 2.000E+00
4.242E+06 3.629E+02 2.448E+00 7.139E-03 1.001E-02 2.027E+03 9.561E-01 5.601E+01 2.000E+00
1.724E+07 7.939E+02 1.931E+00 7.139E-03 1.011E-02 1.316E+03 9.565E-01 5.602E+01 2.000E+00
6.362E+05 2.774E+02 2.588E+00 7.139E-03 1.031E-02 2.684E+03 9.572E-01 5.602E+01 2.000E+00
7.288E+06 3.803E+02 2.423E+00 7.139E-03 1.067E-02 1.948E+03 9.585E-01 5.603E+01 2.000E+00
5.261E+06 7.616E+02 1.962E+00 7.139E-03 1.134E-02 1.338E+03 9.609E-01 5.604E+01 2.000E+00
2.506E+07 3.429E+02 2.488E+00 7.139E-03 1.256E-02 2.111E+03 9.652E-01 5.607E+01 2.000E+00
2.035E+07 6.995E+02 2.025E+00 7.139E-03 1.479E-02 1.382E+03 9.697E-01 5.612E+01 2.000E+00
1.336E+07 6.312E+02 2.091E+00 9.029E-03 9.876E-03 1.446E+03 9.590E-01 5.601E+01 2.000E+00
1.692E+07 6.312E+02 2.091E+00 9.029E-03 9.876E-03 1.446E+03 9.590E-01 5.601E+01 2.000E+00
3.336E+07 6.312E+02 2.091E+00 9.029E-03 9.876E-03 1.446E+03 9.590E-01 5.601E+01 2.000E+00
3.705E+07 8.810E+02 1.859E+00 9.029E-03 9.876E-03 1.274E+03 9.590E-01 5.601E+01 2.000E+00
7.664E+08 8.810E+02 1.859E+00 9.029E-03 9.876E-03 1.270E+03 9.590E-01 5.601E+01 2.000E+00
5.146E+06 8.610E+02 1.875E+00 9.029E-03 9.877E-03 1.280E+03 9.590E-01 5.601E+01 2.000E+00
9.966E+06 8.610E+02 1.875E+00 9.029E-03 9.878E-03 1.280E+03 9.590E-01 5.601E+01 2.000E+00
4.099E+07 8.164E+02 1.912E+00 9.029E-03 9.879E-03 1.304E+03 9.590E-01 5.601E+01 2.000E+00
1.304E+07 3.749E+02 2.429E+00 9.029E-03 9.882E-03 1.976E+03 9.590E-01 5.601E+01 2.000E+00
3.163E+06 4.804E+02 2.275E+00 9.029E-03 9.887E-03 1.667E+03 9.590E-01 5.601E+01 2.000E+00
2.551E+06 8.268E+02 1.903E+00 9.029E-03 9.897E-03 1.298E+03 9.591E-01 5.601E+01 2.000E+00
8.054E+06 4.630E+02 2.299E+00 9.029E-03 9.914E-03 1.703E+03 9.591E-01 5.601E+01 2.000E+00
1.688E+06 5.747E+02 2.155E+00 9.029E-03 9.947E-03 1.511E+03 9.593E-01 5.601E+01 2.000E+00
5.432E+06 3.305E+02 2.500E+00 9.029E-03 1.001E-02 2.205E+03 9.595E-01 5.601E+01 2.000E+00
6.850E+06 8.223E+02 1.907E+00 9.029E-03 1.011E-02 1.300E+03 9.598E-01 5.602E+01 2.000E+00
8.262E+06 5.828E+02 2.146E+00 9.029E-03 1.031E-02 1.501E+03 9.605E-01 5.602E+01 2.000E+00
8.714E+06 9.087E+02 1.838E+00 9.029E-03 1.067E-02 1.258E+03 9.618E-01 5.603E+01 2.000E+00
1.031E+06 3.617E+02 2.454E+00 9.029E-03 1.134E-02 2.029E+03 9.642E-01 5.604E+01 2.000E+00
9.942E+06 6.489E+02 2.075E+00 9.029E-03 1.256E-02 1.429E+03 9.686E-01 5.607E+01 2.000E+00
3.962E+06 4.526E+02 2.324E+00 9.029E-03 1.479E-02 1.715E+03 9.714E-01 5.612E+01 2.000E+00
6.815E+06 2.817E+02 2.579E+00 1.142E-02 9.876E-03 2.639E+03 9.633E-01 5.601E+01 2.000E+00
8.658E+06 2.817E+02 2.579E+00 1.142E-02 9.876E-03 2.641E+03 9.633E-01 5.601E+01 2.000E+00
1.734E+07 2.817E+02 2.579E+00 1.142E-02 9.876E-03 2.638E+03 9.633E-01 5.601E+01 2.000E+00
1.149E+07 7.834E+02 1.940E+00 1.142E-02 9.876E-03 1.331E+03 9.633E-01 5.601E+01 2.000E+00
2.675E+07 7.834E+02 1.940E+00 1.142E-02 9.876E-03 1.324E+03 9.633E-01 5.601E+01 2.000E+00
1.098E+10 8.194E+02 1.909E+00 1.142E-02 9.877E-03 1.303E+03 9.633E-01 5.601E+01 2.000E+00
1.769E+06 8.268E+02 1.903E+00 1.142E-02 9.878E-03 1.299E+03 9.633E-01 5.601E+01 2.000E+00
2.593E+06 8.268E+02 1.903E+00 1.142E-02 9.879E-03 1.300E+03 9.633E-01 5.601E+01 2.000E+00
2.051E+06 7.417E+02 1.979E+00 1.142E-02 9.882E-03 1.352E+03 9.633E-01 5.601E+01 2.000E+00
8.861E+06 3.047E+02 2.542E+00 1.142E-02 9.887E-03 2.400E+03 9.633E-01 5.601E+01 2.000E+00
1.706E+06 3.162E+02 2.523E+00 1.142E-02 9.897E-03 2.306E+03 9.633E-01 5.601E+01 2.000E+00
2.244E+06 8.817E+02 1.858E+00 1.142E-02 9.914E-03 1.271E+03 9.634E-01 5.601E+01 2.000E+00
7.210E+06 8.494E+02 1.884E+00 1.142E-02 9.947E-03 1.287E+03 9.635E-01 5.601E+01 2.000E+00
3.432E+06 6.397E+02 2.082E+00 1.142E-02 1.001E-02 1.438E+03 9.637E-01 5.601E+01 2.000E+00
2.121E+07 7.331E+02 1.987E+00 1.142E-02 1.011E-02 1.358E+03 9.641E-01 5.602E+01 2.000E+00
2.284E+07 8.608E+02 1.875E+00 1.142E-02 1.031E-02 1.281E+03 9.648E-01 5.602E+01 2.000E+00
1.463E+07 9.265E+02 1.824E+00 1.142E-02 1.067E-02 1.251E+03 9.661E-01 5.603E+01 2.000E+00
9.186E+06 8.373E+02 1.895E+00 1.142E-02 1.134E-02 1.294E+03 9.685E-01 5.604E+01 2.000E+00
1.505E+08 9.703E+02 1.794E+00 1.142E-02 1.256E-02 1.234E+03 9.716E-01 5.607E+01 2.000E+00
1.649E+07 8.242E+02 1.910E+00 1.142E-02 1.479E-02 1.302E+03 9.737E-01 5.612E+01 2.000E+00
2.564E+06 4.764E+02 2.280E+00 1.445E-02 9.876E-03 1.675E+03 9.687E-01 5.601E+01 2.000E+00
2.724E+06 4.764E+02 2.280E+00 1.445E-02 9.876E-03 1.675E+03 9.687E-01 5.601E+01 2.000E+00
3.079E+06 4.764E+02 2.280E+00 1.445E-02 9.876E-03 1.675E+03 9.687E-01 5.601E+01 2.000E+00
4.070E+06 4.764E+02 2.280E+00 1.445E-02 9.876E-03 1.675E+03 9.687E-01 5.601E+01 2.000E+00
1.039E+07 4.764E+02 2.280E+00 1.445E-02 9.876E-03 1.675E+03 9.687E-01 5.601E+01 2.000E+00
1.880E+07 4.708E+02 2.288E+00 1.445E-02 9.877E-03 1.688E+03 9.687E-01 5.601E+01 2.000E+00
1.560E+06 7.786E+02 1.945E+00 1.445E-02 9.878E-03 1.328E+03 9.687E-01 5.601E+01 2.000E+00
2.415E+06 5.579E+02 2.175E+00 1.445E-02 9.879E-03 1.535E+03 9.687E-01 5.601E+01 2.000E+00
2.749E+06 8.930E+02 1.849E+00 1.445E-02 9.882E-03 1.266E+03 9.687E-01 5.601E+01 2.000E+00
8.613E+06 6.976E+02 2.021E+00 1.445E-02 9.887E-03 1.386E+03 9.687E-01 5.601E+01 2.000E+00
1.717E+07 3.671E+02 2.441E+00 1.445E-02 9.897E-03 2.010E+03 9.687E-01 5.601E+01 2.000E+00
5.086E+06 4.440E+02 2.326E+00 1.445E-02 9.914E-03 1.750E+03 9.688E-01 5.601E+01 2.000E+00
3.911E+06 9.168E+02 1.831E+00 1.445E-02 9.947E-03 1.256E+03 9.689E-01 5.601E+01 2.000E+00
1.968E+07 7.572E+02 1.964E+00 1.445E-02 1.001E-02 1.342E+03 9.691E-01 5.601E+01 2.000E+00
5.666E+07 7.127E+02 2.007E+00 1.445E-02 1.011E-02 1.374E+03 9.695E-01 5.602E+01 2.000E+00
4.016E+07 9.471E+02 1.809E+00 1.445E-02 1.031E-02 1.244E+03 9.702E-01 5.602E+01 2.000E+00
7.027E+06 9.242E+02 1.826E+00 1.445E-02 1.067E-02 1.253E+03 9.715E-01 5.603E+01 2.000E+00
6.005E+06 4.226E+02 2.360E+00 1.445E-02 1.134E-02 1.804E+03 9.733E-01 5.604E+01 2.000E+00
2.364E+07 7.226E+02 2.000E+00 1.445E-02 1.256E-02 1.366E+03 9.745E-01 5.607E+01 2.000E+00
3.313E+06 9.820E+02 1.787E+00 1.445E-02 1.479E-02 1.232E+03 9.766E-01 5.612E+01 2.000E+00
2.361E+06 5.735E+02 2.157E+00 1.827E-02 9.876E-03 1.515E+03 9.755E-01 5.601E+01 2.000E+00
2.459E+06 5.735E+02 2.157E+00 1.827E-02 9.876E-03 1.515E+03 9.755E-01 5.601E+01 2.000E+00
2.664E+06 5.735E+02 2.157E+00 1.827E-02 9.876E-03 1.621E+03 9.755E-01 5.601E+01 2.000E+00
3.152E+06 5.735E+02 2.157E+00 1.827E-02 9.876E-03 1.515E+03 9.755E-01 5.601E+01 2.000E+00
4.822E+06 5.735E+02 2.157E+00 1.827E-02 9.876E-03 1.515E+03 9.755E-01 5.601E+01 2.000E+00
9.551E+05 2.403E+02 2.645E+00 1.827E-02 9.877E-03 3.427E+03 9.755E-01 5.601E+01 2.000E+00
1.682E+06 2.403E+02 2.645E+00 1.827E-02 9.878E-03 3.427E+03 9.755E-01 5.601E+01 2.000E+00
3.452E+06 3.452E+02 2.476E+00 1.827E-02 9.879E-03 2.120E+03 9.755E-01 5.601E+01 2.000E+00
1.584E+07 4.508E+02 2.316E+00 1.827E-02 9.882E-03 1.734E+03 9.755E-01 5.601E+01 2.000E+00
1.291E+06 3.104E+02 2.533E+00 1.827E-02 9.887E-03 2.353E+03 9.755E-01 5.601E+01 2.000E+00
2.481E+07 8.494E+02 1.884E+00 1.827E-02 9.897E-03 1.289E+03 9.755E-01 5.601E+01 2.000E+00
5.038E+06 6.311E+02 2.091E+00 1.827E-02 9.914E-03 1.448E+03 9.756E-01 5.601E+01 2.000E+00
4.779E+06 9.089E+02 1.837E+00 1.827E-02 9.947E-03 1.260E+03 9.756E-01 5.601E+01 2.000E+00
1.002E+07 8.335E+02 1.897E+00 1.827E-02 1.001E-02 1.343E+03 9.757E-01 5.601E+01 2.000E+00
2.808E+06 8.726E+02 1.865E+00 1.827E-02 1.011E-02 1.277E+03 9.758E-01 5.602E+01 2.000E+00
1.632E+06 9.467E+02 1.809E+00 1.827E-02 1.031E-02 1.245E+03 9.760E-01 5.602E+01 2.000E+00
9.307E+06 2.460E+02 2.640E+00 1.827E-02 1.067E-02 3.237E+03 9.763E-01 5.603E+01 2.000E+00
2.058E+06 2.864E+02 2.577E+00 1.827E-02 1.134E-02 2.560E+03 9.769E-01 5.604E+01 2.000E+00
1.238E+07 5.476E+02 2.192E+00 1.827E-02 1.256E-02 1.548E+03 9.781E-01 5.607E+01 2.000E+00
3.056E+06 9.591E+02 1.804E+00 1.827E-02 1.479E-02 1.242E+03 9.802E-01 5.612E+01 2.000E+00
1.788E+06 6.311E+02 2.091E+00 2.311E-02 9.876E-03 1.451E+03 9.801E-01 5.601E+01 2.000E+00
1.830E+06 6.311E+02 2.091E+00 2.311E-02 9.876E-03 1.450E+03 9.801E-01 5.601E+01 2.000E+00
1.914E+06 6.311E+02 2.091E+00 2.311E-02 9.876E-03 1.450E+03 9.801E-01 5.601E+01 2.000E+00
2.090E+06 6.311E+02 2.091E+00 2.311E-02 9.876E-03 1.451E+03 9.801E-01 5.601E+01 2.000E+00
2.531E+06 6.311E+02 2.091E+00 2.311E-02 9.876E-03 1.450E+03 9.801E-01 5.601E+01 2.000E+00
4.268E+06 6.311E+02 2.091E+00 2.311E-02 9.877E-03 1.450E+03 9.801E-01 5.601E+01 2.000E+00
2.388E+06 2.711E+02 2.597E+00 2.311E-02 9.878E-03 2.782E+03 9.801E-01 5.601E+01 2.000E+00
4.547E+06 5.218E+02 2.221E+00 2.311E-02 9.879E-03 1.593E+03 9.801E-01 5.601E+01 2.000E+00
6.271E+06 5.773E+02 2.152E+00 2.311E-02 9.882E-03 1.606E+03 9.801E-01 5.601E+01 2.000E+00
5.700E+06 5.785E+02 2.151E+00 2.311E-02 9.887E-03 1.514E+03 9.801E-01 5.601E+01 2.000E+00
7.969E+06 7.523E+02 1.969E+00 2.311E-02 9.897E-03 1.349E+03 9.801E-01 5.601E+01 2.000E+00
1.859E+06 6.397E+02 2.082E+00 2.311E-02 9.914E-03 1.441E+03 9.802E-01 5.601E+01 2.000E+00
4.332E+06 6.904E+02 2.029E+00 2.311E-02 9.947E-03 1.403E+03 9.802E-01 5.601E+01 2.000E+00
1.834E+06 4.373E+02 2.336E+00 2.311E-02 1.001E-02 1.769E+03 9.803E-01 5.601E+01 2.000E+00
2.749E+06 3.991E+02 2.393E+00 2.311E-02 1.011E-02 1.885E+03 9.803E-01 5.602E+01 2.000E+00
5.287E+06 4.703E+02 2.290E+00 2.311E-02 1.031E-02 1.689E+03 9.805E-01 5.602E+01 2.000E+00
6.145E+06 7.219E+02 1.998E+00 2.311E-02 1.067E-02 1.373E+03 9.809E-01 5.603E+01 2.000E+00
3.354E+06 9.548E+02 1.804E+00 2.311E-02 1.134E-02 1.244E+03 9.815E-01 5.604E+01 2.000E+00
1.237E+08 9.322E+02 1.822E+00 2.311E-02 1.256E-02 1.254E+03 9.827E-01 5.607E+01 2.000E+00
4.425E+06 6.968E+02 2.028E+00 2.311E-02 1.479E-02 1.396E+03 9.848E-01 5.612E+01 2.000E+00
6.446E+06 5.149E+02 2.229E+00 2.923E-02 9.876E-03 1.606E+03 9.859E-01 5.601E+01 2.000E+00
7.517E+06 5.149E+02 2.229E+00 2.923E-02 9.876E-03 1.606E+03 9.859E-01 5.601E+01 2.000E+00
1.085E+07 5.149E+02 2.229E+00 2.923E-02 9.876E-03 1.606E+03 9.859E-01 5.601E+01 2.000E+00
6.352E+07 5.149E+02 2.229E+00 2.923E-02 9.876E-03 1.606E+03 9.859E-01 5.601E+01 2.000E+00
3.710E+06 5.138E+02 2.231E+00 2.923E-02 9.876E-03 1.608E+03 9.859E-01 5.601E+01 2.000E+00
5.260E+07 5.138E+02 2.231E+00 2.923E-02 9.877E-03 1.608E+03 9.859E-01 5.601E+01 2.000E+00
1.080E+07 3.601E+02 2.453E+00 2.923E-02 9.878E-03 2.046E+03 9.859E-01 5.601E+01 2.000E+00
1.899E+07 3.569E+02 2.458E+00 2.923E-02 9.879E-03 2.063E+03 9.859E-01 5.601E+01 2.000E+00
6.741E+06 5.894E+02 2.138E+00 2.923E-02 9.882E-03 1.498E+03 9.859E-01 5.601E+01 2.000E+00
1.985E+06 6.845E+02 2.035E+00 2.923E-02 9.887E-03 1.401E+03 9.859E-01 5.601E+01 2.000E+00
1.225E+07 7.782E+02 1.945E+00 2.923E-02 9.897E-03 1.333E+03 9.859E-01 5.601E+01 2.000E+00
2.373E+06 6.484E+02 2.072E+00 2.923E-02 9.914E-03 1.434E+03 9.860E-01 5.601E+01 2.000E+00
9.715E+06 7.952E+02 1.930E+00 2.923E-02 9.947E-03 1.322E+03 9.860E-01 5.601E+01 2.000E+00
1.071E+07 6.997E+02 2.019E+00 2.923E-02 1.001E-02 1.389E+03 9.860E-01 5.601E+01 2.000E+00
1.563E+07 9.479E+02 1.808E+00 2.923E-02 1.011E-02 1.247E+03 9.861E-01 5.602E+01 2.000E+00
3.840E+07 8.265E+02 1.903E+00 2.923E-02 1.031E-02 1.323E+03 9.863E-01 5.602E+01 2.000E+00
6.518E+06 3.652E+02 2.447E+00 2.923E-02 1.067E-02 2.019E+03 9.867E-01 5.603E+01 2.000E+00
6.809E+06 6.833E+02 2.038E+00 2.923E-02 1.134E-02 1.411E+03 9.873E-01 5.604E+01 2.000E+00
2.520E+07 9.594E+02 1.802E+00 2.923E-02 1.256E-02 1.245E+03 9.885E-01 5.607E+01 2.000E+00
1.976E+07 7.090E+02 2.016E+00 2.923E-02 1.479E-02 1.381E+03 9.906E-01 5.612E+01 2.000E+00
1.739E+07 7.032E+02 2.016E+00 3.697E-02 9.876E-03 1.388E+03 9.932E-01 5.601E+01 2.000E+00
2.195E+07 7.032E+02 2.016E+00 3.697E-02 9.876E-03 1.389E+03 9.932E-01 5.601E+01 2.000E+00
4.259E+07 7.032E+02 2.016E+00 3.697E-02 9.876E-03 1.388E+03 9.932E-01 5.601E+01 2.000E+00
4.832E+06 5.655E+02 2.166E+00 3.697E-02 9.876E-03 1.532E+03 9.932E-01 5.601E+01 2.000E+00
1.115E+07 5.655E+02 2.166E+00 3.697E-02 9.876E-03 1.531E+03 9.932E-01 5.601E+01 2.000E+00
8.994E+06 8.240E+02 1.905E+00 3.697E-02 9.877E-03 1.308E+03 9.932E-01 5.601E+01 2.000E+00
6.798E+06 8.483E+02 1.885E+00 3.697E-02 9.878E-03 1.295E+03 9.932E-01 5.601E+01 2.000E+00
8.914E+06 8.267E+02 1.903E+00 3.697E-02 9.879E-03 1.307E+03 9.932E-01 5.601E+01 2.000E+00
2.487E+06 5.784E+02 2.151E+00 3.697E-02 9.882E-03 1.515E+03 9.933E-01 5.601E+01 2.000E+00
8.492E+06 4.571E+02 2.307E+00 3.697E-02 9.887E-03 1.724E+03 9.933E-01 5.601E+01 2.000E+00
5.661E+06 8.609E+02 1.875E+00 3.697E-02 9.897E-03 1.297E+03 9.933E-01 5.601E+01 2.000E+00
5.200E+06 7.224E+02 1.997E+00 3.697E-02 9.914E-03 1.373E+03 9.933E-01 5.601E+01 2.000E+00
5.912E+07 9.160E+02 1.832E+00 3.697E-02 9.947E-03 1.263E+03 9.933E-01 5.601E+01 2.000E+00
1.202E+07 5.012E+02 2.248E+00 3.697E-02 1.001E-02 1.632E+03 9.934E-01 5.601E+01 2.000E+00
6.115E+07 5.575E+02 2.176E+00 3.697E-02 1.011E-02 1.542E+03 9.935E-01 5.602E+01 2.000E+00
1.023E+07 7.830E+02 1.941E+00 3.697E-02 1.031E-02 1.332E+03 9.937E-01 5.602E+01 2.000E+00
7.288E+06 6.838E+02 2.036E+00 3.697E-02 1.067E-02 1.404E+03 9.940E-01 5.603E+01 2.000E+00
1.754E+06 5.477E+02 2.190E+00 3.697E-02 1.134E-02 1.555E+03 9.946E-01 5.604E+01 2.000E+00
3.356E+07 6.916E+02 2.031E+00 3.697E-02 1.256E-02 1.398E+03 9.958E-01 5.607E+01 2.000E+00
5.808E+06 8.241E+02 1.910E+00 3.697E-02 1.479E-02 1.311E+03 9.979E-01 5.612E+01 2.000E+00
3.854E+07 8.966E+02 1.846E+00 4.677E-02 9.876E-03 1.275E+03 1.000E+00 5.601E+01 0.000E+00
4.464E+07 8.966E+02 1.846E+00 4.677E-02 9.876E-03 1.287E+03 1.000E+00 5.601E+01 0.000E+00
6.297E+07 8.966E+02 1.846E+00 4.677E-02 9.876E-03 1.276E+03 1.000E+00 5.601E+01 0.000E+00
2.596E+08 8.966E+02 1.846E+00 4.677E-02 9.876E-03 1.275E+03 1.000E+00 5.601E+01 0.000E+00
1.153E+07 9.213E+02 1.828E+00 4.677E-02 9.876E-03 1.266E+03 1.000E+00 5.601E+01 0.000E+00
1.727E+07 9.213E+02 1.828E+00 4.677E-02 9.877E-03 1.264E+03 1.000E+00 5.601E+01 0.000E+00
2.833E+08 9.213E+02 1.828E+00 4.677E-02 9.878E-03 1.264E+03 1.000E+00 5.601E+01 0.000E+00
1.464E+07 6.273E+02 2.095E+00 4.677E-02 9.879E-03 1.463E+03 1.000E+00 5.601E+01 0.000E+00
1.970E+06 3.102E+02 2.533E+00 4.677E-02 9.882E-03 2.365E+03 1.000E+00 5.601E+01 0.000E+00
4.510E+06 8.379E+02 1.894E+00 4.677E-02 9.887E-03 1.307E+03 1.000E+00 5.601E+01 0.000E+00
1.012E+07 8.493E+02 1.884E+00 4.677E-02 9.897E-03 1.298E+03 1.000E+00 5.601E+01 0.000E+00
3.088E+06 6.309E+02 2.091E+00 4.677E-02 9.914E-03 1.457E+03 1.000E+00 5.601E+01 0.000E+00
1.224E+06 5.637E+02 2.169E+00 4.677E-02 9.947E-03 1.536E+03 1.000E+00 5.601E+01 0.000E+00
1.506E+07 5.734E+02 2.157E+00 4.677E-02 1.001E-02 1.523E+03 1.000E+00 5.601E+01 0.000E+00
2.804E+06 9.467E+02 1.809E+00 4.677E-02 1.011E-02 1.254E+03 1.000E+00 5.602E+01 0.000E+00
2.716E+06 7.482E+02 1.973E+00 4.677E-02 1.031E-02 1.358E+03 1.000E+00 5.602E+01 0.000E+00
1.168E+07 3.032E+02 2.548E+00 4.677E-02 1.067E-02 2.410E+03 1.000E+00 5.603E+01 0.000E+00
1.288E+07 3.321E+02 2.502E+00 4.677E-02 1.134E-02 2.192E+03 1.000E+00 5.604E+01 0.000E+00
3.026E+06 3.243E+02 2.519E+00 4.677E-02 1.256E-02 2.231E+03 1.000E+00 5.607E+01 0.000E+00
7.119E+06 9.899E+02 1.782E+00 4.677E-02 1.479E-02 1.241E+03 1.000E+00 5.612E+01 0.000E+00
1.789E+06 7.223E+02 1.997E+00 5.915E-02 9.876E-03 1.381E+03 1.000E+00 5.601E+01 0.000E+00
1.816E+06 7.223E+02 1.997E+00 5.915E-02 9.876E-03 1.380E+03 1.000E+00 5.601E+01 0.000E+00
1.869E+06 7.223E+02 1.997E+00 5.915E-02 9.876E-03 1.380E+03 1.000E+00 5.601E+01 0.000E+00
1.976E+06 7.223E+02 1.997E+00 5.915E-02 9.876E-03 1.401E+03 1.000E+00 5.601E+01 0.000E+00
2.214E+06 7.223E+02 1.997E+00 5.915E-02 9.876E-03 1.380E+03 1.000E+00 5.601E+01 0.000E+00
2.876E+06 7.223E+02 1.997E+00 5.915E-02 9.877E-03 1.380E+03 1.000E+00 5.601E+01 0.000E+00
7.067E+06 7.223E+02 1.997E+00 5.915E-02 9.878E-03 1.380E+03 1.000E+00 5.601E+01 0.000E+00
2.532E+06 9.247E+02 1.825E+00 5.915E-02 9.879E-03 1.267E+03 1.000E+00 5.601E+01 0.000E+00
3.805E+06 9.247E+02 1.825E+00 5.915E-02 9.882E-03 1.267E+03 1.000E+00 5.601E+01 0.000E+00
9.076E+06 7.951E+02 1.930E+00 5.915E-02 9.887E-03 1.332E+03 1.000E+00 5.601E+01 0.000E+00
1.540E+07 3.274E+02 2.505E+00 5.915E-02 9.897E-03 2.239E+03 1.000E+00 5.601E+01 0.000E+00
2.025E+06 3.806E+02 2.421E+00 5.915E-02 9.914E-03 1.964E+03 1.000E+00 5.601E+01 0.000E+00
1.178E+07 4.444E+02 2.326E+00 5.915E-02 9.947E-03 1.761E+03 1.000E+00 5.601E+01 0.000E+00
1.253E+06 7.222E+02 1.997E+00 5.915E-02 1.001E-02 1.381E+03 1.000E+00 5.601E+01 0.000E+00
2.801E+06 4.157E+02 2.368E+00 5.915E-02 1.011E-02 1.841E+03 1.000E+00 5.602E+01 0.000E+00
2.654E+07 9.443E+02 1.811E+00 5.915E-02 1.031E-02 1.259E+03 1.000E+00 5.602E+01 0.000E+00
1.451E+06 4.765E+02 2.282E+00 5.915E-02 1.067E-02 1.685E+03 1.000E+00 5.603E+01 0.000E+00
5.157E+07 6.648E+02 2.057E+00 5.915E-02 1.134E-02 1.428E+03 1.000E+00 5.604E+01 0.000E+00
2.933E+06 9.879E+02 1.782E+00 5.915E-02 1.256E-02 1.245E+03 1.000E+00 5.607E+01 0.000E+00
4.377E+06 8.354E+02 1.900E+00 5.915E-02 1.479E-02 1.312E+03 1.000E+00 5.612E+01 0.000E+00
1.233E+07 3.331E+02 2.496E+00 7.482E-02 9.876E-03 2.204E+03 1.000E+00 5.601E+01 0.000E+00
1.954E+07 3.331E+02 2.496E+00 7.482E-02 9.876E-03 2.204E+03 1.000E+00 5.601E+01 0.000E+00
5.913E+07 4.114E+02 2.374E+00 7.482E-02 9.876E-03 1.858E+03 1.000E+00 5.601E+01 0.000E+00
7.321E+06 3.349E+02 2.493E+00 7.482E-02 9.876E-03 2.193E+03 1.000E+00 5.601E+01 0.000E+00
4.806E+06 3.273E+02 2.506E+00 7.482E-02 9.876E-03 2.573E+03 1.000E+00 5.601E+01 0.000E+00
2.898E+06 8.534E+02 1.881E+00 7.482E-02 9.877E-03 1.305E+03 1.000E+00 5.601E+01 0.000E+00
3.922E+06 8.534E+02 1.881E+00 7.482E-02 9.878E-03 1.306E+03 1.000E+00 5.601E+01 0.000E+00
1.589E+07 8.378E+02 1.894E+00 7.482E-02 9.879E-03 1.313E+03 1.000E+00 5.601E+01 0.000E+00
6.744E+06 7.726E+02 1.950E+00 7.482E-02 9.882E-03 1.351E+03 1.000E+00 5.601E+01 0.000E+00
3.372E+07 5.586E+02 2.175E+00 7.482E-02 9.887E-03 1.557E+03 1.000E+00 5.601E+01 0.000E+00
8.911E+06 8.569E+02 1.878E+00 7.482E-02 9.897E-03 1.303E+03 1.000E+00 5.601E+01 0.000E+00
9.674E+06 8.045E+02 1.922E+00 7.482E-02 9.914E-03 1.332E+03 1.000E+00 5.601E+01 0.000E+00
4.993E+06 5.890E+02 2.139E+00 7.482E-02 9.947E-03 1.515E+03 1.000E+00 5.601E+01 0.000E+00
7.051E+06 5.809E+02 2.148E+00 7.482E-02 1.001E-02 1.522E+03 1.000E+00 5.601E+01 0.000E+00
1.757E+06 5.344E+02 2.205E+00 7.482E-02 1.011E-02 1.590E+03 1.000E+00 5.602E+01 0.000E+00
9.999E+06 6.653E+02 2.055E+00 7.482E-02 1.031E-02 1.432E+03 1.000E+00 5.602E+01 0.000E+00
3.480E+06 8.856E+02 1.856E+00 7.482E-02 1.067E-02 1.291E+03 1.000E+00 5.603E+01 0.000E+00
1.090E+06 2.992E+02 2.557E+00 7.482E-02 1.134E-02 2.443E+03 1.000E+00 5.605E+01 0.000E+00
8.604E+06 4.542E+02 2.317E+00 7.482E-02 1.256E-02 1.735E+03 1.000E+00 5.607E+01 0.000E+00
1.857E+07 8.469E+02 1.891E+00 7.482E-02 1.479E-02 1.314E+03 1.000E+00 5.612E+01 0.000E+00
2.502E+07 6.374E+02 2.084E+00 9.464E-02 9.876E-03 1.465E+03 1.000E+00 5.601E+01 0.000E+00
4.098E+07 6.374E+02 2.084E+00 9.464E-02 9.876E-03 1.465E+03 1.000E+00 5.601E+01 0.000E+00
1.165E+07 6.293E+02 2.093E+00 9.464E-02 9.876E-03 1.473E+03 1.000E+00 5.601E+01 0.000E+00
3.071E+07 6.293E+02 2.093E+00 9.464E-02 9.876E-03 1.473E+03 1.000E+00 5.601E+01 0.000E+00
6.264E+06 5.124E+02 2.233E+00 9.464E-02 9.876E-03 1.629E+03 1.000E+00 5.601E+01 0.000E+00
3.302E+08 7.875E+02 1.937E+00 9.464E-02 9.877E-03 1.349E+03 1.000E+00 5.601E+01 0.000E+00
1.552E+06 7.830E+02 1.941E+00 9.464E-02 9.878E-03 1.351E+03 1.000E+00 5.601E+01 0.000E+00
2.425E+06 7.830E+02 1.941E+00 9.464E-02 9.879E-03 1.398E+03 1.000E+00 5.601E+01 0.000E+00
3.356E+07 4.856E+02 2.268E+00 9.464E-02 9.882E-03 1.679E+03 1.000E+00 5.601E+01 0.000E+00
3.023E+06 7.092E+02 2.010E+00 9.464E-02 9.887E-03 1.403E+03 1.000E+00 5.601E+01 0.000E+00
8.252E+06 5.889E+02 2.139E+00 9.464E-02 9.897E-03 1.518E+03 1.000E+00 5.601E+01 0.000E+00
5.338E+06 9.689E+02 1.793E+00 9.464E-02 9.914E-03 1.290E+03 1.000E+00 5.601E+01 0.000E+00
3.807E+06 7.881E+02 1.936E+00 9.464E-02 9.947E-03 1.349E+03 1.000E+00 5.601E+01 0.000E+00
7.598E+06 8.281E+02 1.902E+00 9.464E-02 1.001E-02 1.326E+03 1.000E+00 5.602E+01 0.000E+00
4.373E+07 7.935E+02 1.932E+00 9.464E-02 1.011E-02 1.355E+03 1.000E+00 5.602E+01 0.000E+00
2.710E+06 9.466E+02 1.809E+00 9.464E-02 1.031E-02 1.271E+03 1.000E+00 5.602E+01 0.000E+00
5.952E+06 3.381E+02 2.491E+00 9.464E-02 1.067E-02 2.172E+03 1.000E+00 5.603E+01 0.000E+00
4.203E+06 9.732E+02 1.791E+00 9.464E-02 1.134E-02 1.265E+03 1.000E+00 5.605E+01 0.000E+00
6.593E+07 4.278E+02 2.356E+00 9.464E-02 1.256E-02 1.808E+03 1.000E+00 5.607E+01 0.000E+00
8.209E+06 7.799E+02 1.949E+00 9.464E-02 1.479E-02 1.356E+03 1.000E+00 5.612E+01 0.000E+00
1.810E+06 5.122E+02 2.233E+00 1.197E-01 9.876E-03 1.637E+03 1.000E+00 5.601E+01 0.000E+00
1.877E+06 5.122E+02 2.233E+00 1.197E-01 9.876E-03 1.637E+03 1.000E+00 5.601E+01 0.000E+00
2.014E+06 5.122E+02 2.233E+00 1.197E-01 9.876E-03 1.637E+03 1.000E+00 5.601E+01 0.000E+00
2.332E+06 5.122E+02 2.233E+00 1.197E-01 9.876E-03 1.637E+03 1.000E+00 5.601E+01 0.000E+00
3.323E+06 5.122E+02 2.233E+00 1.197E-01 9.876E-03 1.638E+03 1.000E+00 5.601E+01 0.000E+00
1.901E+07 5.122E+02 2.233E+00 1.197E-01 9.877E-03 1.637E+03 1.000E+00 5.601E+01 0.000E+00
6.106E+06 5.418E+02 2.196E+00 1.197E-01 9.878E-03 1.590E+03 1.000E+00 5.601E+01 0.000E+00
5.903E+06 7.472E+02 1.974E+00 1.197E-01 9.879E-03 1.383E+03 1.000E+00 5.601E+01 0.000E+00
2.417E+07 9.223E+02 1.827E+00 1.197E-01 9.882E-03 1.617E+03 1.000E+00 5.601E+01 0.000E+00
6.716E+06 6.046E+02 2.121E+00 1.197E-01 9.887E-03 1.544E+03 1.000E+00 5.601E+01 0.000E+00
1.731E+06 6.470E+02 2.074E+00 1.197E-01 9.897E-03 1.464E+03 1.000E+00 5.601E+01 0.000E+00
1.326E+06 8.843E+02 1.856E+00 1.197E-01 9.914E-03 1.307E+03 1.000E+00 5.601E+01 0.000E+00
1.014E+07 6.932E+02 2.026E+00 1.197E-01 9.947E-03 1.424E+03 1.000E+00 5.601E+01 0.000E+00
4.123E+06 8.152E+02 1.913E+00 1.197E-01 1.001E-02 1.342E+03 1.000E+00 5.602E+01 0.000E+00
1.230E+06 3.210E+02 2.517E+00 1.197E-01 1.011E-02 2.292E+03 1.000E+00 5.602E+01 0.000E+00
2.479E+06 6.661E+02 2.054E+00 1.197E-01 1.031E-02 1.763E+03 1.000E+00 5.602E+01 0.000E+00
5.654E+06 5.207E+02 2.224E+00 1.197E-01 1.067E-02 1.622E+03 1.000E+00 5.603E+01 0.000E+00
2.296E+06 5.744E+02 2.158E+00 1.197E-01 1.134E-02 1.544E+03 1.000E+00 5.605E+01 0.000E+00
7.159E+06 4.276E+02 2.356E+00 1.197E-01 1.256E-02 1.816E+03 1.000E+00 5.607E+01 0.000E+00
5.510E+06 7.490E+02 1.977E+00 1.197E-01 1.479E-02 1.386E+03 1.000E+00 5.613E+01 0.000E+00
1.694E+06 3.799E+02 2.422E+00 1.514E-01 9.876E-03 1.991E+03 1.000E+00 5.601E+01 0.000E+00
1.773E+06 3.799E+02 2.422E+00 1.514E-01 9.876E-03 1.991E+03 1.000E+00 5.601E+01 0.000E+00
1.940E+06 3.799E+02 2.422E+00 1.514E-01 9.876E-03 1.991E+03 1.000E+00 5.601E+01 0.000E+00
2.353E+06 3.799E+02 2.422E+00 1.514E-01 9.876E-03 1.991E+03 1.000E+00 5.601E+01 0.000E+00
3.929E+06 3.799E+02 2.422E+00 1.514E-01 9.876E-03 1.991E+03 1.000E+00 5.601E+01 0.000E+00
4.447E+06 4.701E+02 2.290E+00 1.514E-01 9.877E-03 1.728E+03 1.000E+00 5.601E+01 0.000E+00
2.930E+06 6.289E+02 2.094E+00 1.514E-01 9.878E-03 1.493E+03 1.000E+00 5.601E+01 0.000E+00
1.015E+07 3.152E+02 2.526E+00 1.514E-01 9.879E-03 2.344E+03 1.000E+00 5.601E+01 0.000E+00
1.033E+07 7.002E+02 2.019E+00 1.514E-01 9.882E-03 1.430E+03 1.000E+00 5.601E+01 0.000E+00
1.361E+07 2.576E+02 2.621E+00 1.514E-01 9.887E-03 3.037E+03 1.000E+00 5.601E+01 0.000E+00
5.608E+06 4.429E+02 2.328E+00 1.514E-01 9.897E-03 1.791E+03 1.000E+00 5.601E+01 0.000E+00
1.912E+08 7.741E+02 1.949E+00 1.514E-01 9.914E-03 1.378E+03 1.000E+00 5.601E+01 0.000E+00
8.304E+06 8.111E+02 1.916E+00 1.514E-01 9.947E-03 1.357E+03 1.000E+00 5.601E+01 0.000E+00
4.076E+06 7.050E+02 2.014E+00 1.514E-01 1.001E-02 1.426E+03 1.000E+00 5.602E+01 0.000E+00
6.382E+06 8.722E+02 1.866E+00 1.514E-01 1.011E-02 1.329E+03 1.000E+00 5.602E+01 0.000E+00
6.443E+06 3.034E+02 2.547E+00 1.514E-01 1.031E-02 2.434E+03 1.000E+00 5.602E+01 0.000E+00
9.971E+06 9.837E+02 1.783E+00 1.514E-01 1.067E-02 1.282E+03 1.000E+00 5.603E+01 0.000E+00
1.818E+07 3.606E+02 2.457E+00 1.514E-01 1.134E-02 2.067E+03 1.000E+00 5.605E+01 0.000E+00
1.390E+07 8.792E+02 1.863E+00 1.514E-01 1.256E-02 1.326E+03 1.000E+00 5.607E+01 0.000E+00
1.001E+07 8.824E+02 1.862E+00 1.514E-01 1.479E-02 1.328E+03 1.000E+00 5.613E+01 0.000E+00
3.578E+06 6.562E+02 2.064E+00 1.915E-01 9.876E-03 1.482E+03 1.000E+00 5.601E+01 0.000E+00
3.753E+06 6.562E+02 2.064E+00 1.915E-01 9.876E-03 1.482E+03 1.000E+00 5.601E+01 0.000E+00
4.127E+06 6.562E+02 2.064E+00 1.915E-01 9.876E-03 1.483E+03 1.000E+00 5.601E+01 0.000E+00
5.065E+06 6.562E+02 2.064E+00 1.915E-01 9.876E-03 1.482E+03 1.000E+00 5.601E+01 0.000E+00
8.864E+06 6.562E+02 2.064E+00 1.915E-01 9.876E-03 1.482E+03 1.000E+00 5.601E+01 0.000E+00
2.550E+06 5.882E+02 2.140E+00 1.915E-01 9.877E-03 1.553E+03 1.000E+00 5.601E+01 0.000E+00
2.680E+07 5.882E+02 2.140E+00 1.915E-01 9.878E-03 1.560E+03 1.000E+00 5.601E+01 0.000E+00
3.478E+06 7.919E+02 1.933E+00 1.915E-01 9.879E-03 1.384E+03 1.000E+00 5.601E+01 0.000E+00
4.616E+06 8.530E+02 1.881E+00 1.915E-01 9.882E-03 1.352E+03 1.000E+00 5.601E+01 0.000E+00
7.104E+06 8.537E+02 1.881E+00 1.915E-01 9.887E-03 1.352E+03 1.000E+00 5.601E+01 0.000E+00
5.864E+06 8.040E+02 1.923E+00 1.915E-01 9.897E-03 1.377E+03 1.000E+00 5.601E+01 0.000E+00
1.188E+07 7.867E+02 1.938E+00 1.915E-01 9.914E-03 1.387E+03 1.000E+00 5.602E+01 0.000E+00
1.720E+07 9.596E+02 1.800E+00 1.915E-01 9.947E-03 1.308E+03 1.000E+00 5.602E+01 0.000E+00
5.017E+06 8.547E+02 1.880E+00 1.915E-01 1.001E-02 1.352E+03 1.000E+00 5.602E+01 0.000E+00
6.925E+06 8.746E+02 1.864E+00 1.915E-01 1.011E-02 1.343E+03 1.000E+00 5.602E+01 0.000E+00
2.983E+07 9.190E+02 1.830E+00 1.915E-01 1.031E-02 1.325E+03 1.000E+00 5.602E+01 0.000E+00
4.039E+07 6.689E+02 2.052E+00 1.915E-01 1.067E-02 1.478E+03 1.000E+00 5.603E+01 0.000E+00
3.639E+06 5.323E+02 2.210E+00 1.915E-01 1.134E-02 1.629E+03 1.000E+00 5.605E+01 0.000E+00
4.925E+07 3.970E+02 2.403E+00 1.915E-01 1.256E-02 1.932E+03 1.000E+00 5.608E+01 0.000E+00
1.012E+07 6.775E+02 2.048E+00 1.915E-01 1.479E-02 1.472E+03 1.000E+00 5.613E+01 0.000E+00
3.392E+06 7.823E+02 1.942E+00 2.422E-01 9.876E-03 1.414E+03 1.000E+00 5.602E+01 0.000E+00
3.475E+06 7.823E+02 1.942E+00 2.422E-01 9.876E-03 1.414E+03 1.000E+00 5.602E+01 0.000E+00
3.640E+06 7.823E+02 1.942E+00 2.422E-01 9.876E-03 1.414E+03 1.000E+00 5.602E+01 0.000E+00
3.990E+06 7.823E+02 1.942E+00 2.422E-01 9.876E-03 1.416E+03 1.000E+00 5.602E+01 0.000E+00
4.866E+06 7.823E+02 1.942E+00 2.422E-01 9.876E-03 1.428E+03 1.000E+00 5.602E+01 0.000E+00
8.351E+06 7.823E+02 1.942E+00 2.422E-01 9.877E-03 1.414E+03 1.000E+00 5.602E+01 0.000E+00
7.473E+06 9.371E+02 1.816E+00 2.422E-01 9.878E-03 1.344E+03 1.000E+00 5.602E+01 0.000E+00
1.679E+07 9.371E+02 1.816E+00 2.422E-01 9.879E-03 1.348E+03 1.000E+00 5.602E+01 0.000E+00
4.436E+06 4.781E+02 2.279E+00 2.422E-01 9.882E-03 1.743E+03 1.000E+00 5.602E+01 0.000E+00
5.600E+06 9.282E+02 1.823E+00 2.422E-01 9.887E-03 1.347E+03 1.000E+00 5.602E+01 0.000E+00
1.910E+06 9.453E+02 1.810E+00 2.422E-01 9.897E-03 1.341E+03 1.000E+00 5.602E+01 0.000E+00
9.069E+06 8.961E+02 1.847E+00 2.422E-01 9.914E-03 1.359E+03 1.000E+00 5.602E+01 0.000E+00
1.001E+07 7.019E+02 2.017E+00 2.422E-01 9.947E-03 1.467E+03 1.000E+00 5.602E+01 0.000E+00
4.926E+06 5.133E+02 2.232E+00 2.422E-01 1.001E-02 1.679E+03 1.000E+00 5.602E+01 0.000E+00
1.193E+07 9.826E+02 1.784E+00 2.422E-01 1.011E-02 1.329E+03 1.000E+00 5.602E+01 0.000E+00
2.107E+06 5.119E+02 2.235E+00 2.422E-01 1.031E-02 1.681E+03 1.000E+00 5.603E+01 0.000E+00
1.063E+09 2.797E+02 2.589E+00 2.422E-01 1.067E-02 2.689E+03 1.000E+00 5.603E+01 0.000E+00
1.211E+07 7.300E+02 1.992E+00 2.422E-01 1.134E-02 1.450E+03 1.000E+00 5.605E+01 0.000E+00
3.646E+06 9.012E+02 1.845E+00 2.422E-01 1.256E-02 1.384E+03 1.000E+00 5.608E+01 0.000E+00
4.120E+06 8.309E+02 1.904E+00 2.422E-01 1.479E-02 1.401E+03 1.000E+00 5.613E+01 0.000E+00
4.393E+07 9.464E+02 1.809E+00 3.064E-01 9.876E-03 1.382E+03 1.000E+00 5.602E+01 0.000E+00
4.758E+07 9.464E+02 1.809E+00 3.064E-01 9.876E-03 1.383E+03 1.000E+00 5.602E+01 0.000E+00
5.615E+07 9.464E+02 1.809E+00 3.064E-01 9.876E-03 1.382E+03 1.000E+00 5.602E+01 0.000E+00
8.394E+07 9.464E+02 1.809E+00 3.064E-01 9.876E-03 1.382E+03 1.000E+00 5.602E+01 0.000E+00
9.653E+08 9.464E+02 1.809E+00 3.064E-01 9.876E-03 1.382E+03 1.000E+00 5.602E+01 0.000E+00
9.797E+06 7.567E+02 1.965E+00 3.064E-01 9.877E-03 1.464E+03 1.000E+00 5.602E+01 0.000E+00
3.491E+07 7.407E+02 1.980E+00 3.064E-01 9.878E-03 1.474E+03 1.000E+00 5.602E+01 0.000E+00
4.803E+07 7.062E+02 2.013E+00 3.064E-01 9.879E-03 1.506E+03 1.000E+00 5.602E+01 0.000E+00
3.577E+07 9.370E+02 1.816E+00 3.064E-01 9.882E-03 1.385E+03 1.000E+00 5.602E+01 0.000E+00
4.388E+07 8.838E+02 1.857E+00 3.064E-01 9.887E-03 1.405E+03 1.000E+00 5.602E+01 0.000E+00
2.642E+07 7.416E+02 1.979E+00 3.064E-01 9.897E-03 1.474E+03 1.000E+00 5.602E+01 0.000E+00
1.543E+07 6.573E+02 2.063E+00 3.064E-01 9.914E-03 1.535E+03 1.000E+00 5.602E+01 0.000E+00
4.624E+06 8.414E+02 1.891E+00 3.064E-01 9.947E-03 1.423E+03 1.000E+00 5.602E+01 0.000E+00
1.344E+06 4.350E+02 2.341E+00 3.064E-01 1.001E-02 1.869E+03 1.000E+00 5.602E+01 0.000E+00
6.905E+06 2.389E+02 2.654E+00 3.064E-01 1.011E-02 3.439E+03 1.000E+00 5.602E+01 0.000E+00
8.232E+07 7.274E+02 1.993E+00 3.064E-01 1.031E-02 1.487E+03 1.000E+00 5.603E+01 0.000E+00
2.811E+06 5.273E+02 2.216E+00 3.064E-01 1.067E-02 1.692E+03 1.000E+00 5.604E+01 0.000E+00
8.840E+06 5.093E+02 2.240E+00 3.064E-01 1.134E-02 1.715E+03 1.000E+00 5.605E+01 0.000E+00
2.545E+06 7.729E+02 1.953E+00 3.064E-01 1.256E-02 1.490E+03 1.000E+00 5.608E+01 0.000E+00
5.325E+06 9.011E+02 1.847E+00 3.064E-01 1.479E-02 1.417E+03 1.000E+00 5.613E+01 0.000E+00
1.726E+06 8.587E+02 1.877E+00 3.875E-01 9.876E-03 1.476E+03 1.000E+00 5.602E+01 0.000E+00
7.520E+06 7.063E+02 2.013E+00 3.875E-01 9.876E-03 1.549E+03 1.000E+00 5.602E+01 0.000E+00
8.900E+06 7.063E+02 2.013E+00 3.875E-01 9.876E-03 1.550E+03 1.000E+00 5.602E+01 0.000E+00
4.009E+06 2.994E+02 2.555E+00 3.875E-01 9.876E-03 2.540E+03 1.000E+00 5.602E+01 0.000E+00
1.714E+07 2.994E+02 2.555E+00 3.875E-01 9.876E-03 2.540E+03 1.000E+00 5.602E+01 0.000E+00
3.181E+06 2.964E+02 2.560E+00 3.875E-01 9.877E-03 2.567E+03 1.000E+00 5.602E+01 0.000E+00
1.348E+07 3.964E+02 2.398E+00 3.875E-01 9.878E-03 2.017E+03 1.000E+00 5.602E+01 0.000E+00
1.231E+07 3.720E+02 2.436E+00 3.875E-01 9.879E-03 2.110E+03 1.000E+00 5.602E+01 0.000E+00
1.919E+06 6.460E+02 2.075E+00 3.875E-01 9.882E-03 1.594E+03 1.000E+00 5.602E+01 0.000E+00
1.865E+07 7.139E+02 2.006E+00 3.875E-01 9.887E-03 1.545E+03 1.000E+00 5.602E+01 0.000E+00
2.576E+06 3.115E+02 2.535E+00 3.875E-01 9.897E-03 2.442E+03 1.000E+00 5.602E+01 0.000E+00
5.670E+06 8.467E+02 1.887E+00 3.875E-01 9.914E-03 1.481E+03 1.000E+00 5.602E+01 0.000E+00
3.274E+07 9.711E+02 1.792E+00 3.875E-01 9.947E-03 1.447E+03 1.000E+00 5.602E+01 0.000E+00
9.539E+06 3.309E+02 2.503E+00 3.875E-01 1.001E-02 2.311E+03 1.000E+00 5.602E+01 0.000E+00
2.959E+06 3.707E+02 2.439E+00 3.875E-01 1.011E-02 2.112E+03 1.000E+00 5.602E+01 0.000E+00
1.520E+07 6.271E+02 2.097E+00 3.875E-01 1.031E-02 1.612E+03 1.000E+00 5.603E+01 0.000E+00
1.668E+07 9.593E+02 1.801E+00 3.875E-01 1.067E-02 1.456E+03 1.000E+00 5.604E+01 0.000E+00
1.970E+06 7.701E+02 1.954E+00 3.875E-01 1.134E-02 1.523E+03 1.000E+00 5.605E+01 0.000E+00
1.722E+06 5.075E+02 2.245E+00 3.875E-01 1.256E-02 1.764E+03 1.000E+00 5.608E+01 0.000E+00
4.833E+06 8.696E+02 1.872E+00 3.875E-01 1.479E-02 1.506E+03 1.000E+00 5.613E+01 0.000E+00
1.949E+07 7.309E+02 1.990E+00 4.902E-01 9.876E-03 1.631E+03 1.000E+00 5.602E+01 0.000E+00
2.444E+07 7.309E+02 1.990E+00 4.902E-01 9.876E-03 1.631E+03 1.000E+00 5.602E+01 0.000E+00
4.610E+07 7.309E+02 1.990E+00 4.902E-01 9.876E-03 1.630E+03 1.000E+00 5.602E+01 0.000E+00
3.702E+07 7.483E+02 1.973E+00 4.902E-01 9.876E-03 1.623E+03 1.000E+00 5.602E+01 0.000E+00
2.112E+06 7.595E+02 1.963E+00 4.902E-01 9.876E-03 1.619E+03 1.000E+00 5.602E+01 0.000E+00
7.008E+07 4.115E+02 2.376E+00 4.902E-01 9.877E-03 2.024E+03 1.000E+00 5.602E+01 0.000E+00
4.973E+06 7.312E+02 1.989E+00 4.902E-01 9.878E-03 1.630E+03 1.000E+00 5.602E+01 0.000E+00
4.547E+06 6.816E+02 2.038E+00 4.902E-01 9.879E-03 1.654E+03 1.000E+00 5.602E+01 0.000E+00
2.600E+06 3.712E+02 2.438E+00 4.902E-01 9.882E-03 2.166E+03 1.000E+00 5.602E+01 0.000E+00
9.329E+07 2.261E+02 2.677E+00 4.902E-01 9.887E-03 3.855E+03 1.000E+00 5.602E+01 0.000E+00
1.564E+07 9.537E+02 1.804E+00 4.902E-01 9.897E-03 1.587E+03 1.000E+00 5.602E+01 0.000E+00
1.711E+07 6.024E+02 2.124E+00 4.902E-01 9.914E-03 1.712E+03 1.000E+00 5.602E+01 0.000E+00
2.030E+06 5.022E+02 2.248E+00 4.902E-01 9.947E-03 1.831E+03 1.000E+00 5.602E+01 0.000E+00
4.572E+06 8.477E+02 1.886E+00 4.902E-01 1.001E-02 1.597E+03 1.000E+00 5.602E+01 0.000E+00
5.554E+06 8.079E+02 1.920E+00 4.902E-01 1.011E-02 1.607E+03 1.000E+00 5.603E+01 0.000E+00
5.856E+06 8.596E+02 1.877E+00 4.902E-01 1.031E-02 1.599E+03 1.000E+00 5.603E+01 0.000E+00
3.463E+07 4.200E+02 2.365E+00 4.902E-01 1.067E-02 2.002E+03 1.000E+00 5.604E+01 0.000E+00
1.231E+07 7.744E+02 1.951E+00 4.902E-01 1.134E-02 1.629E+03 1.000E+00 5.605E+01 0.000E+00
2.758E+06 6.089E+02 2.120E+00 4.902E-01 1.256E-02 1.726E+03 1.000E+00 5.608E+01 0.000E+00
7.132E+06 9.722E+02 1.795E+00 4.902E-01 1.479E-02 1.653E+03 1.000E+00 5.613E+01 0.000E+00
2.027E+07 8.452E+02 1.888E+00 6.200E-01 9.876E-03 1.886E+03 1.000E+00 5.602E+01 0.000E+00
2.274E+07 8.452E+02 1.888E+00 6.200E-01 9.876E-03 1.886E+03 1.000E+00 5.602E+01 0.000E+00
2.933E+07 8.452E+02 1.888E+00 6.200E-01 9.876E-03 1.886E+03 1.000E+00 5.602E+01 0.000E+00
3.359E+06 5.019E+02 2.249E+00 6.200E-01 9.876E-03 1.949E+03 1.000E+00 5.602E+01 0.000E+00
3.898E+06 8.396E+02 1.893E+00 6.200E-01 9.876E-03 1.884E+03 1.000E+00 5.602E+01 0.000E+00
1.578E+06 3.644E+02 2.450E+00 6.200E-01 9.877E-03 2.271E+03 1.000E+00 5.602E+01 0.000E+00
1.516E+06 6.181E+02 2.107E+00 6.200E-01 9.878E-03 1.860E+03 1.000E+00 5.602E+01 0.000E+00
9.774E+06 6.015E+02 2.125E+00 6.200E-01 9.879E-03 1.867E+03 1.000E+00 5.602E+01 0.000E+00
3.835E+07 8.330E+02 1.898E+00 6.200E-01 9.882E-03 1.883E+03 1.000E+00 5.602E+01 0.000E+00
8.376E+06 3.076E+02 2.544E+00 6.200E-01 9.887E-03 2.580E+03 1.000E+00 5.602E+01 0.000E+00
3.811E+07 8.473E+02 1.886E+00 6.200E-01 9.897E-03 1.888E+03 1.000E+00 5.602E+01 0.000E+00
1.668E+08 4.070E+02 2.384E+00 6.200E-01 9.914E-03 2.130E+03 1.000E+00 5.602E+01 0.000E+00
1.246E+06 8.041E+02 1.923E+00 6.200E-01 9.947E-03 1.866E+03 1.000E+00 5.603E+01 0.000E+00
2.759E+07 7.319E+02 1.989E+00 6.200E-01 1.001E-02 1.846E+03 1.000E+00 5.603E+01 0.000E+00
5.266E+06 5.032E+02 2.247E+00 6.200E-01 1.011E-02 1.950E+03 1.000E+00 5.603E+01 0.000E+00
4.696E+06 9.571E+02 1.802E+00 6.200E-01 1.031E-02 2.001E+03 1.000E+00 5.603E+01 0.000E+00
8.428E+06 4.384E+02 2.339E+00 6.200E-01 1.067E-02 2.061E+03 1.000E+00 5.604E+01 0.000E+00
3.145E+06 5.837E+02 2.148E+00 6.200E-01 1.134E-02 2.082E+03 1.000E+00 5.606E+01 0.000E+00
2.433E+07 9.471E+02 1.811E+00 6.200E-01 1.256E-02 2.066E+03 1.000E+00 5.609E+01 0.000E+00
4.933E+07 4.770E+02 2.292E+00 6.200E-01 1.479E-02 2.048E+03 1.000E+00 5.614E+01 0.000E+00
2.200E+06 7.483E+02 1.973E+00 7.842E-01 9.876E-03 2.938E+03 1.000E+00 5.603E+01 0.000E+00
2.238E+06 7.483E+02 1.973E+00 7.842E-01 9.876E-03 2.938E+03 1.000E+00 5.603E+01 0.000E+00
2.311E+06 7.483E+02 1.973E+00 7.842E-01 9.876E-03 2.938E+03 1.000E+00 5.603E+01 0.000E+00
2.459E+06 7.483E+02 1.973E+00 7.842E-01 9.876E-03 2.938E+03 1.000E+00 5.603E+01 0.000E+00
2.794E+06 7.483E+02 1.973E+00 7.842E-01 9.876E-03 2.938E+03 1.000E+00 5.603E+01 0.000E+00
3.774E+06 7.483E+02 1.973E+00 7.842E-01 9.877E-03 2.940E+03 1.000E+00 5.603E+01 0.000E+00
1.228E+07 7.483E+02 1.973E+00 7.842E-01 9.878E-03 2.938E+03 1.000E+00 5.603E+01 0.000E+00
2.839E+06 2.039E+02 2.717E+00 7.842E-01 9.879E-03 4.969E+03 1.000E+00 5.603E+01 0.000E+00
1.761E+06 4.607E+02 2.306E+00 7.842E-01 9.882E-03 2.250E+03 1.000E+00 5.603E+01 0.000E+00
1.493E+07 7.807E+02 1.944E+00 7.842E-01 9.887E-03 3.188E+03 1.000E+00 5.603E+01 0.000E+00
1.000E+07 6.569E+02 2.065E+00 7.842E-01 9.897E-03 2.476E+03 1.000E+00 5.603E+01 0.000E+00
1.142E+06 5.572E+02 2.178E+00 7.842E-01 9.914E-03 2.266E+03 1.000E+00 5.603E+01 0.000E+00
2.066E+06 7.353E+02 1.986E+00 7.842E-01 9.947E-03 2.859E+03 1.000E+00 5.603E+01 0.000E+00
2.129E+06 6.257E+02 2.099E+00 7.842E-01 1.001E-02 2.392E+03 1.000E+00 5.603E+01 0.000E+00
1.655E+06 2.251E+02 2.686E+00 7.842E-01 1.011E-02 3.913E+03 1.000E+00 5.603E+01 0.000E+00
2.489E+07 7.378E+02 1.984E+00 7.842E-01 1.031E-02 2.918E+03 1.000E+00 5.604E+01 0.000E+00
3.490E+07 4.530E+02 2.318E+00 7.842E-01 1.067E-02 2.278E+03 1.000E+00 5.605E+01 0.000E+00
2.338E+06 5.298E+02 2.215E+00 7.842E-01 1.134E-02 2.311E+03 1.000E+00 5.606E+01 0.000E+00
3.703E+06 6.882E+02 2.035E+00 7.842E-01 1.256E-02 2.852E+03 1.000E+00 5.609E+01 0.000E+00
1.382E+06 7.121E+02 2.014E+00 7.842E-01 1.479E-02 3.121E+03 1.000E+00 5.614E+01 0.000E+00
1.449E+09 3.555E+02 2.468E+00 9.919E-01 9.876E-03 2.888E+03 1.000E+00 5.603E+01 0.000E+00
4.533E+06 2.275E+02 2.685E+00 9.919E-01 9.876E-03 3.970E+03 1.000E+00 5.603E+01 0.000E+00
9.025E+05 2.170E+02 2.702E+00 9.919E-01 9.876E-03 4.300E+03 1.000E+00 5.603E+01 0.000E+00
9.341E+05 2.170E+02 2.702E+00 9.919E-01 9.876E-03 4.300E+03 1.000E+00 5.603E+01 0.000E+00
3.950E+07 2.247E+02 2.689E+00 9.919E-01 9.876E-03 4.054E+03 1.000E+00 5.603E+01 0.000E+00
1.149E+06 2.170E+02 2.702E+00 9.919E-01 9.877E-03 4.309E+03 1.000E+00 5.603E+01 0.000E+00
1.609E+06 2.170E+02 2.702E+00 9.919E-01 9.878E-03 4.300E+03 1.000E+00 5.603E+01 0.000E+00
7.743E+06 2.170E+02 2.702E+00 9.919E-01 9.879E-03 4.300E+03 1.000E+00 5.603E+01 0.000E+00
4.251E+06 2.589E+02 2.632E+00 9.919E-01 9.882E-03 3.394E+03 1.000E+00 5.603E+01 0.000E+00
2.557E+06 4.426E+02 2.333E+00 9.919E-01 9.887E-03 3.523E+03 1.000E+00 5.603E+01 0.000E+00
5.316E+06 2.757E+02 2.603E+00 9.919E-01 9.897E-03 3.215E+03 1.000E+00 5.603E+01 0.000E+00
4.239E+07 5.291E+02 2.214E+00 9.919E-01 9.914E-03 9.073E+03 1.000E+00 5.603E+01 0.000E+00
2.289E+06 2.397E+02 2.665E+00 9.919E-01 9.947E-03 3.696E+03 1.000E+00 5.603E+01 0.000E+00
7.988E+05 5.023E+02 2.250E+00 9.919E-01 1.001E-02 5.776E+03 1.000E+00 5.604E+01 0.000E+00
8.244E+05 2.705E+02 2.613E+00 9.919E-01 1.011E-02 3.268E+03 1.000E+00 5.604E+01 0.000E+00
1.063E+06 3.958E+02 2.404E+00 9.919E-01 1.031E-02 2.997E+03 1.000E+00 5.604E+01 0.000E+00
2.623E+06 5.117E+02 2.238E+00 9.919E-01 1.067E-02 7.942E+03 1.000E+00 5.605E+01 0.000E+00
1.436E+06 5.093E+02 2.243E+00 9.919E-01 1.134E-02 8.048E+03 1.000E+00 5.607E+01 0.000E+00
7.085E+06 4.743E+02 2.293E+00 9.919E-01 1.256E-02 6.024E+03 1.000E+00 5.609E+01 0.000E+00
8.445E+06 4.585E+02 2.320E+00 9.919E-01 1.479E-02 6.400E+03 1.000E+00 5.615E+01 0.000E+00
7.274E+05 2.273E+02 2.691E+00 1.255E+00 9.876E-03 4.435E+03 1.000E+00 5.604E+01 0.000E+00
7.355E+05 2.273E+02 2.691E+00 1.255E+00 9.876E-03 4.435E+03 1.000E+00 5.604E+01 0.000E+00
7.508E+05 2.273E+02 2.691E+00 1.255E+00 9.876E-03 4.435E+03 1.000E+00 5.604E+01 0.000E+00
7.811E+05 2.273E+02 2.691E+00 1.255E+00 9.876E-03 4.435E+03 1.000E+00 5.604E+01 0.000E+00
1.126E+06 2.151E+02 2.711E+00 1.255E+00 9.876E-03 4.718E+03 1.000E+00 5.604E+01 0.000E+00
9.992E+05 2.273E+02 2.691E+00 1.255E+00 9.877E-03 4.439E+03 1.000E+00 5.604E+01 0.000E+00
1.552E+06 2.273E+02 2.691E+00 1.255E+00 9.878E-03 4.436E+03 1.000E+00 5.604E+01 0.000E+00
1.411E+06 2.180E+02 2.706E+00 1.255E+00 9.879E-03 4.667E+03 1.000E+00 5.604E+01 0.000E+00
2.367E+07 2.180E+02 2.706E+00 1.255E+00 9.882E-03 4.639E+03 1.000E+00 5.604E+01 0.000E+00
7.319E+05 2.309E+02 2.685E+00 1.255E+00 9.887E-03 4.374E+03 1.000E+00 5.604E+01 0.000E+00
6.544E+06 2.247E+02 2.695E+00 1.255E+00 9.897E-03 4.486E+03 1.000E+00 5.604E+01 0.000E+00
3.981E+06 2.166E+02 2.709E+00 1.255E+00 9.914E-03 4.678E+03 1.000E+00 5.604E+01 0.000E+00
1.345E+06 2.121E+02 2.716E+00 1.255E+00 9.947E-03 4.812E+03 1.000E+00 5.604E+01 0.000E+00
5.118E+07 2.390E+02 2.671E+00 1.255E+00 1.001E-02 4.277E+03 1.000E+00 5.604E+01 0.000E+00
6.219E+05 2.575E+02 2.639E+00 1.255E+00 1.011E-02 4.184E+03 1.000E+00 5.604E+01 0.000E+00
4.513E+06 2.270E+02 2.693E+00 1.255E+00 1.031E-02 4.468E+03 1.000E+00 5.605E+01 0.000E+00
1.106E+06 2.257E+02 2.697E+00 1.255E+00 1.067E-02 4.515E+03 1.000E+00 5.606E+01 0.000E+00
6.205E+06 2.112E+02 2.725E+00 1.255E+00 1.134E-02 5.243E+03 1.000E+00 5.607E+01 0.000E+00
4.198E+05 2.061E+02 2.740E+00 1.255E+00 1.256E-02 5.061E+03 1.000E+00 5.610E+01 0.000E+00
9.590E+05 2.253E+02 2.718E+00 1.255E+00 1.479E-02 4.965E+03 1.000E+00 5.615E+01 0.000E+00
NAN NAN NAN 1.587E+00 9.876E-03 NAN 1.000E+00 5.605E+01 0.000E+00
NAN NAN NAN 1.587E+00 9.876E-03 NAN 1.000E+00 5.605E+01 0.000E+00
NAN NAN NAN 1.587E+00 9.876E-03 NAN 1.000E+00 5.605E+01 0.000E+00
NAN NAN NAN 1.587E+00 9.876E-03 NAN 1.000E+00 5.605E+01 0.000E+00
NAN NAN NAN 1.587E+00 9.876E-03 NAN 1.000E+00 5.605E+01 0.000E+00
NAN NAN NAN 1.587E+00 9.877E-03 NAN 1.000E+00 5.605E+01 0.000E+00
NAN NAN NAN 1.587E+00 9.878E-03 NAN 1.000E+00 5.605E+01 0.000E+00
NAN NAN NAN 1.587E+00 9.879E-03 NAN 1.000E+00 5.605E+01 0.000E+00
NAN NAN NAN 1.587E+00 9.882E-03 NAN 1.000E+00 5.605E+01 0.000E+00
NAN NAN NAN 1.587E+00 9.887E-03 NAN 1.000E+00 5.605E+01 0.000E+00
NAN NAN NAN 1.587E+00 9.897E-03 NAN 1.000E+00 5.605E+01 0.000E+00
NAN NAN NAN 1.587E+00 9.914E-03 NAN 1.000E+00 5.605E+01 0.000E+00
NAN NAN NAN 1.587E+00 9.947E-03 NAN 1.000E+00 5.605E+01 0.000E+00
NAN NAN NAN 1.587E+00 1.001E-02 NAN 1.000E+00 5.605E+01 0.000E+00
NAN NAN NAN 1.587E+00 1.011E-02 NAN 1.000E+00 5.605E+01 0.000E+00
NAN NAN NAN 1.587E+00 1.031E-02 NAN 1.000E+00 5.606E+01 0.000E+00
NAN NAN NAN 1.587E+00 1.067E-02 NAN 1.000E+00 5.606E+01 0.000E+00
NAN NAN NAN 1.587E+00 1.134E-02 NAN 1.000E+00 5.608E+01 0.000E+00
NAN NAN NAN 1.587E+00 1.256E-02 NAN 1.000E+00 5.611E+01 0.000E+00
NAN NAN NAN 1.587E+00 1.479E-02 NAN 1.000E+00 5.616E+01 0.000E+00
NAN NAN NAN 2.007E+00 9.876E-03 NAN 1.000E+00 5.606E+01 0.000E+00
NAN NAN NAN 2.007E+00 9.876E-03 NAN 1.000E+00 5.606E+01 0.000E+00
NAN NAN NAN 2.007E+00 9.876E-03 NAN 1.000E+00 5.606E+01 0.000E+00
NAN NAN NAN 2.007E+00 9.876E-03 NAN 1.000E+00 5.606E+01 0.000E+00
NAN NAN NAN 2.007E+00 9.876E-03 NAN 1.000E+00 5.606E+01 0.000E+00
NAN NAN NAN 2.007E+00 9.877E-03 NAN 1.000E+00 5.606E+01 0.000E+00
NAN NAN NAN 2.007E+00 9.878E-03 NAN 1.000E+00 5.606E+01 0.000E+00
NAN NAN NAN 2.007E+00 9.879E-03 NAN 1.000E+00 5.606E+01 0.000E+00
NAN NAN NAN 2.007E+00 9.882E-03 NAN 1.000E+00 5.606E+01 0.000E+00
NAN NAN NAN 2.007E+00 9.887E-03 NAN 1.000E+00 5.606E+01 0.000E+00
NAN NAN NAN 2.007E+00 9.897E-03 NAN 1.000E+00 5.606E+01 0.000E+00
NAN NAN NAN 2.007E+00 9.914E-03 NAN 1.000E+00 5.606E+01 0.000E+00
NAN NAN NAN 2.007E+00 9.947E-03 NAN 1.000E+00 5.606E+01 0.000E+00
NAN NAN NAN 2.007E+00 1.001E-02 NAN 1.000E+00 5.606E+01 0.000E+00
NAN NAN NAN 2.007E+00 1.011E-02 NAN 1.000E+00 5.606E+01 0.000E+00
NAN NAN NAN 2.007E+00 1.031E-02 NAN 1.000E+00 5.607E+01 0.000E+00
NAN NAN NAN 2.007E+00 1.067E-02 NAN 1.000E+00 5.607E+01 0.000E+00
NAN NAN NAN 2.007E+00 1.134E-02 NAN 1.000E+00 5.609E+01 0.000E+00
NAN NAN NAN 2.007E+00 1.256E-02 NAN 1.000E+00 5.612E+01 0.000E+00
NAN NAN NAN 2.007E+00 1.479E-02 NAN 1.000E+00 5.617E+01 0.000E+00
NAN NAN NAN 2.539E+00 9.876E-03 NAN 1.000E+00 5.607E+01 0.000E+00
NAN NAN NAN 2.539E+00 9.876E-03 NAN 1.000E+00 5.607E+01 0.000E+00
NAN NAN NAN 2.539E+00 9.876E-03 NAN 1.000E+00 5.607E+01 0.000E+00
NAN NAN NAN 2.539E+00 9.876E-03 NAN 1.000E+00 5.607E+01 0.000E+00
NAN NAN NAN 2.539E+00 9.876E-03 NAN 1.000E+00 5.607E+01 0.000E+00
NAN NAN NAN 2.539E+00 9.877E-03 NAN 1.000E+00 5.607E+01 0.000E+00
NAN NAN NAN 2.539E+00 9.878E-03 NAN 1.000E+00 5.607E+01 0.000E+00
NAN NAN NAN 2.539E+00 9.879E-03 NAN 1.000E+00 5.607E+01 0.000E+00
NAN NAN NAN 2.539E+00 9.882E-03 NAN 1.000E+00 5.607E+01 0.000E+00
NAN NAN NAN 2.539E+00 9.887E-03 NAN 1.000E+00 5.607E+01 0.000E+00
NAN NAN NAN 2.539E+00 9.897E-03 NAN 1.000E+00 5.607E+01 0.000E+00
NAN NAN NAN 2.539E+00 9.914E-03 NAN 1.000E+00 5.607E+01 0.000E+00
NAN NAN NAN 2.539E+00 9.947E-03 NAN 1.000E+00 5.607E+01 0.000E+00
NAN NAN NAN 2.539E+00 1.001E-02 NAN 1.000E+00 5.607E+01 0.000E+00
NAN NAN NAN 2.539E+00 1.011E-02 NAN 1.000E+00 5.607E+01 0.000E+00
NAN NAN NAN 2.539E+00 1.031E-02 NAN 1.000E+00 5.608E+01 0.000E+00
NAN NAN NAN 2.539E+00 1.067E-02 NAN 1.000E+00 5.609E+01 0.000E+00
NAN NAN NAN 2.539E+00 1.134E-02 NAN 1.000E+00 5.610E+01 0.000E+00
NAN NAN NAN 2.539E+00 1.256E-02 NAN 1.000E+00 5.613E+01 0.000E+00
NAN NAN NAN 2.539E+00 1.479E-02 NAN 1.000E+00 5.618E+01 0.000E+00
NAN NAN NAN 3.211E+00 9.876E-03 NAN 1.000E+00 5.608E+01 0.000E+00
NAN NAN NAN 3.211E+00 9.876E-03 NAN 1.000E+00 5.608E+01 0.000E+00
NAN NAN NAN 3.211E+00 9.876E-03 NAN 1.000E+00 5.608E+01 0.000E+00
NAN NAN NAN 3.211E+00 9.876E-03 NAN 1.000E+00 5.608E+01 0.000E+00
NAN NAN NAN 3.211E+00 9.876E-03 NAN 1.000E+00 5.608E+01 0.000E+00
NAN NAN NAN 3.211E+00 9.877E-03 NAN 1.000E+00 5.608E+01 0.000E+00
NAN NAN NAN 3.211E+00 9.878E-03 NAN 1.000E+00 5.608E+01 0.000E+00
NAN NAN NAN 3.211E+00 9.879E-03 NAN 1.000E+00 5.608E+01 0.000E+00
NAN NAN NAN 3.211E+00 9.882E-03 NAN 1.000E+00 5.608E+01 0.000E+00
NAN NAN NAN 3.211E+00 9.887E-03 NAN 1.000E+00 5.608E+01 0.000E+00
NAN NAN NAN 3.211E+00 9.897E-03 NAN 1.000E+00 5.608E+01 0.000E+00
NAN NAN NAN 3.211E+00 9.914E-03 NAN 1.000E+00 5.608E+01 0.000E+00
NAN NAN NAN 3.211E+00 9.947E-03 NAN 1.000E+00 5.609E+01 0.000E+00
NAN NAN NAN 3.211E+00 1.001E-02 NAN 1.000E+00 5.609E+01 0.000E+00
NAN NAN NAN 3.211E+00 1.011E-02 NAN 1.000E+00 5.609E+01 0.000E+00
NAN NAN NAN 3.211E+00 1.031E-02 NAN 1.000E+00 5.609E+01 0.000E+00
NAN NAN NAN 3.211E+00 1.067E-02 NAN 1.000E+00 5.610E+01 0.000E+00
NAN NAN NAN 3.211E+00 1.134E-02 NAN 1.000E+00 5.612E+01 0.000E+00
NAN NAN NAN 3.211E+00 1.256E-02 NAN 1.000E+00 5.615E+01 0.000E+00
NAN NAN NAN 3.211E+00 1.479E-02 NAN 1.000E+00 5.620E+01 0.000E+00
NAN NAN NAN 4.062E+00 9.876E-03 NAN 1.000E+00 5.610E+01 3.000E+00
NAN NAN NAN 4.062E+00 9.876E-03 NAN 1.000E+00 5.610E+01 3.000E+00
NAN NAN NAN 4.062E+00 9.876E-03 NAN 1.000E+00 5.610E+01 3.000E+00
NAN NAN NAN 4.062E+00 9.876E-03 NAN 1.000E+00 5.610E+01 3.000E+00
NAN NAN NAN 4.062E+00 9.876E-03 NAN 1.000E+00 5.610E+01 3.000E+00
NAN NAN NAN 4.062E+00 9.877E-03 NAN 1.000E+00 5.610E+01 3.000E+00
NAN NAN NAN 4.062E+00 9.878E-03 NAN 1.000E+00 5.610E+01 3.000E+00
NAN NAN NAN 4.062E+00 9.879E-03 NAN 1.000E+00 5.610E+01 3.000E+00
NAN NAN NAN 4.062E+00 9.882E-03 NAN 1.000E+00 5.610E+01 3.000E+00
NAN NAN NAN 4.062E+00 9.887E-03 NAN 1.000E+00 5.610E+01 3.000E+00
NAN NAN NAN 4.062E+00 9.897E-03 NAN 1.000E+00 5.610E+01 3.000E+00
NAN NAN NAN 4.062E+00 9.914E-03 NAN 1.000E+00 5.610E+01 3.000E+00
NAN NAN NAN 4.062E+00 9.947E-03 NAN 1.000E+00 5.610E+01 3.000E+00
NAN NAN NAN 4.062E+00 1.001E-02 NAN 1.000E+00 5.611E+01 3.000E+00
NAN NAN NAN 4.062E+00 1.011E-02 NAN 1.000E+00 5.611E+01 0.000E+00
NAN NAN NAN 4.062E+00 1.031E-02 NAN 1.000E+00 5.611E+01 0.000E+00
NAN NAN NAN 4.062E+00 1.067E-02 NAN 1.000E+00 5.612E+01 0.000E+00
NAN NAN NAN 4.062E+00 1.134E-02 NAN 1.000E+00 5.614E+01 0.000E+00
NAN NAN NAN 4.062E+00 1.256E-02 NAN 1.000E+00 5.616E+01 0.000E+00
NAN NAN NAN 4.062E+00 1.479E-02 NAN 1.000E+00 5.622E+01 0.000E+00
NAN NAN NAN 5.138E+00 9.876E-03 NAN 1.000E+00 5.613E+01 3.000E+00
NAN NAN NAN 5.138E+00 9.876E-03 NAN 1.000E+00 5.613E+01 3.000E+00
NAN NAN NAN 5.138E+00 9.876E-03 NAN 1.000E+00 5.613E+01 3.000E+00
NAN NAN NAN 5.138E+00 9.876E-03 NAN 1.000E+00 5.613E+01 3.000E+00
NAN NAN NAN 5.138E+00 9.876E-03 NAN 1.000E+00 5.613E+01 3.000E+00
NAN NAN NAN 5.138E+00 9.877E-03 NAN 1.000E+00 5.613E+01 3.000E+00
NAN NAN NAN 5.138E+00 9.878E-03 NAN 1.000E+00 5.613E+01 3.000E+00
NAN NAN NAN 5.138E+00 9.879E-03 NAN 1.000E+00 5.613E+01 3.000E+00
NAN NAN NAN 5.138E+00 9.882E-03 NAN 1.000E+00 5.613E+01 3.000E+00
NAN NAN NAN 5.138E+00 9.887E-03 NAN 1.000E+00 5.613E+01 3.000E+00
NAN NAN NAN 5.138E+00 9.897E-03 NAN 1.000E+00 5.613E+01 3.000E+00
NAN NAN NAN 5.138E+00 9.914E-03 NAN 1.000E+00 5.613E+01 3.000E+00
NAN NAN NAN 5.138E+00 9.947E-03 NAN 1.000E+00 5.613E+01 3.000E+00
NAN NAN NAN 5.138E+00 1.001E-02 NAN 1.000E+00 5.613E+01 3.000E+00
NAN NAN NAN 5.138E+00 1.011E-02 NAN 1.000E+00 5.613E+01 3.000E+00
NAN NAN NAN 5.138E+00 1.031E-02 NAN 1.000E+00 5.614E+01 3.000E+00
NAN NAN NAN 5.138E+00 1.067E-02 NAN 1.000E+00 5.615E+01 3.000E+00
NAN NAN NAN 5.138E+00 1.134E-02 NAN 1.000E+00 5.616E+01 3.000E+00
NAN NAN NAN 5.138E+00 1.256E-02 NAN 1.000E+00 5.619E+01 3.000E+00
NAN NAN NAN 5.138E+00 1.479E-02 NAN 1.000E+00 5.624E+01 3.000E+00
