2.009E+07 4.879E+02 7.105E-01 5.137E-05 1.244E-04 1.682E+03 7.824E-01 1.764E+01 2.000E+00
4.056E+07 4.879E+02 7.105E-01 5.137E-05 1.244E-04 1.682E+03 7.824E-01 1.764E+01 2.000E+00
2.595E+09 4.902E+02 7.096E-01 5.137E-05 1.245E-04 1.677E+03 7.824E-01 1.764E+01 2.000E+00
3.948E+06 3.066E+02 7.927E-01 5.137E-05 1.246E-04 2.522E+03 7.824E-01 1.764E+01 2.000E+00
1.467E+07 3.066E+02 7.927E-01 5.137E-05 1.249E-04 2.522E+03 7.824E-01 1.764E+01 2.000E+00
2.866E+07 8.038E+02 6.050E-01 5.137E-05 1.253E-04 1.327E+03 7.824E-01 1.764E+01 2.000E+00
5.138E+06 7.896E+02 6.089E-01 5.137E-05 1.262E-04 1.336E+03 7.824E-01 1.764E+01 2.000E+00
3.494E+07 6.316E+02 6.570E-01 5.137E-05 1.277E-04 1.465E+03 7.825E-01 1.764E+01 2.000E+00
8.866E+06 8.163E+02 6.017E-01 5.137E-05 1.306E-04 1.320E+03 7.825E-01 1.764E+01 2.000E+00
4.458E+06 5.988E+02 6.683E-01 5.137E-05 1.358E-04 1.503E+03 7.827E-01 1.764E+01 2.000E+00
5.811E+08 6.566E+02 6.487E-01 5.137E-05 1.454E-04 1.440E+03 7.829E-01 1.764E+01 2.000E+00
1.813E+07 4.471E+02 7.278E-01 5.137E-05 1.629E-04 1.780E+03 7.833E-01 1.764E+01 2.000E+00
2.329E+07 9.118E+02 5.778E-01 5.137E-05 1.950E-04 1.273E+03 7.841E-01 1.764E+01 2.000E+00
5.164E+07 7.108E+02 6.317E-01 5.137E-05 2.539E-04 1.392E+03 7.855E-01 1.765E+01 2.000E+00
8.378E+06 7.810E+02 6.115E-01 5.137E-05 3.619E-04 1.342E+03 7.881E-01 1.765E+01 2.000E+00
2.915E+07 9.652E+02 5.658E-01 5.137E-05 5.598E-04 1.253E+03 7.929E-01 1.765E+01 2.000E+00
3.009E+07 8.243E+02 6.003E-01 5.137E-05 9.225E-04 1.319E+03 8.016E-01 1.766E+01 2.000E+00
6.394E+06 6.264E+02 6.607E-01 5.137E-05 1.587E-03 1.472E+03 8.176E-01 1.768E+01 2.000E+00
1.072E+07 4.583E+02 7.284E-01 5.137E-05 2.806E-03 1.733E+03 8.412E-01 1.770E+01 2.000E+00
3.948E+07 4.582E+02 7.330E-01 5.137E-05 5.040E-03 1.722E+03 8.774E-01 1.776E+01 2.000E+00
2.167E+08 4.902E+02 7.096E-01 6.498E-05 1.244E-04 1.677E+03 7.824E-01 1.764E+01 2.000E+00
3.192E+06 3.066E+02 7.927E-01 6.498E-05 1.244E-04 2.522E+03 7.824E-01 1.764E+01 2.000E+00
3.802E+06 3.066E+02 7.927E-01 6.498E-05 1.245E-04 2.525E+03 7.824E-01 1.764E+01 2.000E+00
6.035E+06 3.066E+02 7.927E-01 6.498E-05 1.246E-04 2.522E+03 7.824E-01 1.764E+01 2.000E+00
3.315E+06 5.228E+02 6.966E-01 6.498E-05 1.249E-04 1.615E+03 7.824E-01 1.764E+01 2.000E+00
5.963E+07 8.038E+02 6.050E-01 6.498E-05 1.253E-04 1.327E+03 7.825E-01 1.764E+01 2.000E+00
5.548E+06 7.896E+02 6.089E-01 6.498E-05 1.262E-04 1.336E+03 7.825E-01 1.764E+01 2.000E+00
2.129E+08 5.448E+02 6.881E-01 6.498E-05 1.277E-04 1.578E+03 7.825E-01 1.764E+01 2.000E+00
1.015E+07 8.163E+02 6.017E-01 6.498E-05 1.306E-04 1.320E+03 7.826E-01 1.764E+01 2.000E+00
5.354E+06 5.988E+02 6.683E-01 6.498E-05 1.358E-04 1.503E+03 7.827E-01 1.764E+01 2.000E+00
1.377E+07 8.540E+02 5.919E-01 6.498E-05 1.454E-04 1.301E+03 7.829E-01 1.764E+01 2.000E+00
9.838E+07 6.666E+02 6.455E-01 6.498E-05 1.629E-04 1.430E+03 7.834E-01 1.764E+01 2.000E+00
2.781E+07 9.118E+02 5.778E-01 6.498E-05 1.950E-04 1.273E+03 7.841E-01 1.764E+01 2.000E+00
1.554E+07 4.274E+02 7.366E-01 6.498E-05 2.539E-04 1.839E+03 7.855E-01 1.765E+01 2.000E+00
9.836E+06 7.810E+02 6.115E-01 6.498E-05 3.619E-04 1.342E+03 7.881E-01 1.765E+01 2.000E+00
3.156E+07 9.652E+02 5.658E-01 6.498E-05 5.598E-04 1.253E+03 7.929E-01 1.765E+01 2.000E+00
6.633E+06 3.890E+02 7.557E-01 6.498E-05 9.225E-04 1.966E+03 8.016E-01 1.766E+01 2.000E+00
9.196E+06 6.264E+02 6.607E-01 6.498E-05 1.587E-03 1.472E+03 8.176E-01 1.768E+01 2.000E+00
4.227E+07 4.583E+02 7.284E-01 6.498E-05 2.806E-03 1.733E+03 8.413E-01 1.770E+01 2.000E+00
1.179E+07 9.999E+02 5.615E-01 6.498E-05 5.040E-03 1.276E+03 8.774E-01 1.776E+01 2.000E+00
4.249E+06 3.066E+02 7.927E-01 8.219E-05 1.244E-04 2.522E+03 7.825E-01 1.764E+01 2.000E+00
4.842E+06 3.066E+02 7.927E-01 8.219E-05 1.244E-04 2.522E+03 7.825E-01 1.764E+01 2.000E+00
6.576E+06 3.066E+02 7.927E-01 8.219E-05 1.245E-04 2.522E+03 7.825E-01 1.764E+01 2.000E+00
2.145E+07 3.066E+02 7.927E-01 8.219E-05 1.246E-04 2.624E+03 7.825E-01 1.764E+01 2.000E+00
1.326E+07 8.038E+02 6.050E-01 8.219E-05 1.249E-04 1.327E+03 7.825E-01 1.764E+01 2.000E+00
3.636E+06 7.896E+02 6.088E-01 8.219E-05 1.253E-04 1.336E+03 7.825E-01 1.764E+01 2.000E+00
7.813E+06 2.706E+02 8.097E-01 8.219E-05 1.262E-04 3.043E+03 7.825E-01 1.764E+01 2.000E+00
4.060E+06 2.767E+02 8.069E-01 8.219E-05 1.277E-04 2.932E+03 7.826E-01 1.764E+01 2.000E+00
1.252E+07 8.163E+02 6.017E-01 8.219E-05 1.306E-04 1.321E+03 7.827E-01 1.764E+01 2.000E+00
7.326E+06 5.988E+02 6.683E-01 8.219E-05 1.358E-04 1.503E+03 7.828E-01 1.764E+01 2.000E+00
1.730E+07 8.540E+02 5.919E-01 8.219E-05 1.454E-04 1.300E+03 7.830E-01 1.764E+01 2.000E+00
1.578E+07 6.776E+02 6.419E-01 8.219E-05 1.629E-04 1.420E+03 7.834E-01 1.764E+01 2.000E+00
3.708E+07 9.118E+02 5.778E-01 8.219E-05 1.950E-04 1.273E+03 7.842E-01 1.764E+01 2.000E+00
8.925E+06 4.022E+02 7.480E-01 8.219E-05 2.539E-04 1.923E+03 7.856E-01 1.765E+01 2.000E+00
1.276E+07 7.810E+02 6.115E-01 8.219E-05 3.619E-04 1.342E+03 7.882E-01 1.765E+01 2.000E+00
3.527E+07 9.652E+02 5.658E-01 8.219E-05 5.598E-04 1.253E+03 7.930E-01 1.765E+01 2.000E+00
2.058E+07 3.890E+02 7.557E-01 8.219E-05 9.225E-04 1.966E+03 8.017E-01 1.766E+01 2.000E+00
1.396E+07 6.264E+02 6.607E-01 8.219E-05 1.587E-03 1.473E+03 8.177E-01 1.768E+01 2.000E+00
2.233E+07 3.127E+02 7.987E-01 8.219E-05 2.806E-03 2.358E+03 8.413E-01 1.770E+01 2.000E+00
1.039E+07 9.952E+02 5.625E-01 8.219E-05 5.040E-03 1.277E+03 8.775E-01 1.776E+01 2.000E+00
1.104E+07 3.066E+02 7.927E-01 1.040E-04 1.244E-04 2.522E+03 7.826E-01 1.764E+01 2.000E+00
1.705E+07 3.066E+02 7.927E-01 1.040E-04 1.244E-04 2.522E+03 7.826E-01 1.764E+01 2.000E+00
3.998E+07 9.948E+02 5.590E-01 1.040E-04 1.245E-04 1.240E+03 7.826E-01 1.764E+01 2.000E+00
1.106E+07 8.038E+02 6.050E-01 1.040E-04 1.246E-04 1.328E+03 7.826E-01 1.764E+01 2.000E+00
2.069E+07 8.038E+02 6.050E-01 1.040E-04 1.249E-04 1.327E+03 7.826E-01 1.764E+01 2.000E+00
3.912E+06 7.896E+02 6.088E-01 1.040E-04 1.253E-04 1.336E+03 7.826E-01 1.764E+01 2.000E+00
7.329E+06 7.896E+02 6.089E-01 1.040E-04 1.262E-04 1.336E+03 7.826E-01 1.764E+01 2.000E+00
1.018E+07 2.767E+02 8.069E-01 1.040E-04 1.277E-04 2.927E+03 7.827E-01 1.764E+01 2.000E+00
1.829E+07 8.163E+02 6.017E-01 1.040E-04 1.306E-04 1.320E+03 7.827E-01 1.764E+01 2.000E+00
1.473E+07 5.988E+02 6.683E-01 1.040E-04 1.358E-04 1.503E+03 7.829E-01 1.764E+01 2.000E+00
2.605E+07 8.540E+02 5.919E-01 1.040E-04 1.454E-04 1.300E+03 7.831E-01 1.764E+01 2.000E+00
2.127E+07 4.025E+02 7.476E-01 1.040E-04 1.629E-04 1.924E+03 7.835E-01 1.764E+01 2.000E+00
6.526E+07 9.118E+02 5.778E-01 1.040E-04 1.950E-04 1.273E+03 7.843E-01 1.764E+01 2.000E+00
2.243E+07 6.666E+02 6.456E-01 1.040E-04 2.539E-04 1.431E+03 7.857E-01 1.765E+01 2.000E+00
2.108E+07 7.810E+02 6.115E-01 1.040E-04 3.619E-04 1.342E+03 7.883E-01 1.765E+01 2.000E+00
5.049E+07 2.696E+02 8.119E-01 1.040E-04 5.598E-04 3.049E+03 7.931E-01 1.765E+01 2.000E+00
8.478E+06 8.406E+02 5.960E-01 1.040E-04 9.225E-04 1.311E+03 8.018E-01 1.766E+01 2.000E+00
1.552E+08 6.264E+02 6.607E-01 1.040E-04 1.587E-03 1.472E+03 8.178E-01 1.768E+01 2.000E+00
1.943E+07 3.170E+02 7.964E-01 1.040E-04 2.806E-03 2.324E+03 8.414E-01 1.770E+01 2.000E+00
1.044E+07 9.952E+02 5.625E-01 1.040E-04 5.040E-03 1.278E+03 8.776E-01 1.776E+01 2.000E+00
4.050E+07 9.948E+02 5.590E-01 1.315E-04 1.244E-04 1.240E+03 7.827E-01 1.764E+01 2.000E+00
1.086E+07 8.038E+02 6.050E-01 1.315E-04 1.244E-04 1.330E+03 7.827E-01 1.764E+01 2.000E+00
1.646E+07 4.518E+02 7.257E-01 1.315E-04 1.245E-04 1.768E+03 7.827E-01 1.764E+01 2.000E+00
1.755E+07 8.038E+02 6.050E-01 1.315E-04 1.246E-04 1.335E+03 7.827E-01 1.764E+01 2.000E+00
8.350E+07 8.038E+02 6.050E-01 1.315E-04 1.249E-04 1.327E+03 7.827E-01 1.764E+01 2.000E+00
4.352E+06 7.896E+02 6.088E-01 1.315E-04 1.253E-04 1.336E+03 7.827E-01 1.764E+01 2.000E+00
9.708E+06 7.896E+02 6.089E-01 1.315E-04 1.262E-04 1.336E+03 7.827E-01 1.764E+01 2.000E+00
1.132E+08 6.777E+02 6.419E-01 1.315E-04 1.277E-04 1.420E+03 7.828E-01 1.764E+01 2.000E+00
4.507E+07 8.163E+02 6.017E-01 1.315E-04 1.306E-04 1.320E+03 7.828E-01 1.764E+01 2.000E+00
1.697E+08 3.302E+02 7.815E-01 1.315E-04 1.358E-04 2.310E+03 7.830E-01 1.764E+01 2.000E+00
7.928E+07 8.540E+02 5.919E-01 1.315E-04 1.454E-04 1.300E+03 7.832E-01 1.764E+01 2.000E+00
3.026E+08 6.658E+02 6.457E-01 1.315E-04 1.629E-04 1.431E+03 7.836E-01 1.764E+01 2.000E+00
7.592E+09 9.118E+02 5.778E-01 1.315E-04 1.950E-04 1.273E+03 7.844E-01 1.764E+01 2.000E+00
1.611E+07 6.658E+02 6.458E-01 1.315E-04 2.539E-04 1.431E+03 7.858E-01 1.765E+01 2.000E+00
4.655E+06 2.741E+02 8.090E-01 1.315E-04 3.619E-04 2.961E+03 7.884E-01 1.765E+01 2.000E+00
2.106E+09 3.113E+02 7.919E-01 1.315E-04 5.598E-04 2.457E+03 7.932E-01 1.765E+01 2.000E+00
1.590E+07 3.338E+02 7.821E-01 1.315E-04 9.225E-04 2.261E+03 8.019E-01 1.766E+01 2.000E+00
1.479E+07 6.033E+02 6.688E-01 1.315E-04 1.587E-03 1.499E+03 8.179E-01 1.768E+01 2.000E+00
6.267E+06 9.369E+02 5.740E-01 1.315E-04 2.806E-03 1.279E+03 8.415E-01 1.770E+01 2.000E+00
1.050E+07 9.952E+02 5.625E-01 1.315E-04 5.040E-03 1.277E+03 8.777E-01 1.776E+01 2.000E+00
1.766E+07 8.038E+02 6.050E-01 1.663E-04 1.244E-04 1.327E+03 7.828E-01 1.764E+01 2.000E+00
2.017E+07 8.038E+02 6.050E-01 1.663E-04 1.244E-04 1.327E+03 7.828E-01 1.764E+01 2.000E+00
2.748E+07 8.038E+02 6.050E-01 1.663E-04 1.245E-04 1.327E+03 7.828E-01 1.764E+01 2.000E+00
8.816E+07 8.038E+02 6.050E-01 1.663E-04 1.246E-04 1.327E+03 7.828E-01 1.764E+01 2.000E+00
3.906E+06 7.896E+02 6.088E-01 1.663E-04 1.249E-04 1.336E+03 7.829E-01 1.764E+01 2.000E+00
5.990E+06 2.706E+02 8.097E-01 1.663E-04 1.253E-04 3.044E+03 7.829E-01 1.764E+01 2.000E+00
1.744E+07 7.896E+02 6.089E-01 1.663E-04 1.262E-04 1.336E+03 7.829E-01 1.764E+01 2.000E+00
1.813E+07 6.667E+02 6.454E-01 1.663E-04 1.277E-04 1.430E+03 7.829E-01 1.764E+01 2.000E+00
3.054E+07 8.057E+02 6.045E-01 1.663E-04 1.306E-04 1.326E+03 7.830E-01 1.764E+01 2.000E+00
1.435E+07 6.561E+02 6.488E-01 1.663E-04 1.358E-04 1.442E+03 7.831E-01 1.764E+01 2.000E+00
7.311E+07 9.944E+02 5.591E-01 1.663E-04 1.454E-04 1.248E+03 7.833E-01 1.764E+01 2.000E+00
4.169E+07 8.143E+02 6.022E-01 1.663E-04 1.629E-04 1.321E+03 7.838E-01 1.764E+01 2.000E+00
1.153E+07 8.999E+02 5.806E-01 1.663E-04 1.950E-04 1.278E+03 7.845E-01 1.764E+01 2.000E+00
1.129E+08 6.682E+02 6.451E-01 1.663E-04 2.539E-04 1.429E+03 7.860E-01 1.765E+01 2.000E+00
2.069E+08 2.639E+02 8.137E-01 1.663E-04 3.619E-04 3.164E+03 7.886E-01 1.765E+01 2.000E+00
8.611E+07 9.652E+02 5.658E-01 1.663E-04 5.598E-04 1.253E+03 7.933E-01 1.765E+01 2.000E+00
1.615E+07 8.406E+02 5.960E-01 1.663E-04 9.225E-04 1.311E+03 8.020E-01 1.766E+01 2.000E+00
3.639E+08 6.110E+02 6.661E-01 1.663E-04 1.587E-03 1.489E+03 8.180E-01 1.768E+01 2.000E+00
6.637E+06 9.369E+02 5.740E-01 1.663E-04 2.806E-03 1.279E+03 8.417E-01 1.770E+01 2.000E+00
1.058E+07 9.952E+02 5.625E-01 1.663E-04 5.040E-03 1.277E+03 8.778E-01 1.776E+01 2.000E+00
3.598E+06 7.896E+02 6.088E-01 2.104E-04 1.244E-04 1.336E+03 7.830E-01 1.764E+01 2.000E+00
3.662E+06 7.896E+02 6.088E-01 2.104E-04 1.244E-04 1.336E+03 7.830E-01 1.764E+01 2.000E+00
3.787E+06 7.896E+02 6.088E-01 2.104E-04 1.245E-04 1.336E+03 7.830E-01 1.764E+01 2.000E+00
4.048E+06 7.896E+02 6.088E-01 2.104E-04 1.246E-04 1.337E+03 7.830E-01 1.764E+01 2.000E+00
5.001E+06 2.706E+02 8.097E-01 2.104E-04 1.249E-04 3.043E+03 7.830E-01 1.764E+01 2.000E+00
6.821E+06 7.896E+02 6.089E-01 2.104E-04 1.253E-04 1.336E+03 7.830E-01 1.764E+01 2.000E+00
3.849E+07 5.374E+02 6.909E-01 2.104E-04 1.262E-04 1.590E+03 7.831E-01 1.764E+01 2.000E+00
2.808E+07 4.407E+02 7.305E-01 2.104E-04 1.277E-04 1.799E+03 7.831E-01 1.764E+01 2.000E+00
3.952E+07 8.105E+02 6.032E-01 2.104E-04 1.306E-04 1.323E+03 7.832E-01 1.764E+01 2.000E+00
8.030E+06 6.150E+02 6.626E-01 2.104E-04 1.358E-04 1.495E+03 7.833E-01 1.764E+01 2.000E+00
8.146E+07 9.944E+02 5.591E-01 2.104E-04 1.454E-04 1.240E+03 7.835E-01 1.764E+01 2.000E+00
6.758E+07 3.993E+02 7.491E-01 2.104E-04 1.629E-04 1.936E+03 7.839E-01 1.764E+01 2.000E+00
5.436E+07 3.424E+02 7.758E-01 2.104E-04 1.950E-04 2.222E+03 7.847E-01 1.764E+01 2.000E+00
2.103E+07 6.650E+02 6.461E-01 2.104E-04 2.539E-04 1.432E+03 7.861E-01 1.765E+01 2.000E+00
3.618E+07 8.062E+02 6.046E-01 2.104E-04 3.619E-04 1.327E+03 7.887E-01 1.765E+01 2.000E+00
6.468E+07 5.584E+02 6.836E-01 2.104E-04 5.598E-04 1.557E+03 7.935E-01 1.765E+01 2.000E+00
5.562E+07 8.406E+02 5.960E-01 2.104E-04 9.225E-04 1.311E+03 8.022E-01 1.766E+01 2.000E+00
1.587E+09 4.914E+02 7.118E-01 2.104E-04 1.587E-03 1.668E+03 8.182E-01 1.768E+01 2.000E+00
3.044E+06 4.320E+02 7.402E-01 2.104E-04 2.806E-03 1.800E+03 8.418E-01 1.770E+01 2.000E+00
1.068E+07 9.952E+02 5.625E-01 2.104E-04 5.040E-03 1.277E+03 8.779E-01 1.776E+01 2.000E+00
5.375E+06 2.706E+02 8.097E-01 2.661E-04 1.244E-04 3.043E+03 7.832E-01 1.764E+01 2.000E+00
6.375E+06 2.706E+02 8.097E-01 2.661E-04 1.244E-04 3.043E+03 7.832E-01 1.764E+01 2.000E+00
9.837E+06 2.706E+02 8.097E-01 2.661E-04 1.245E-04 3.043E+03 7.832E-01 1.764E+01 2.000E+00
5.207E+06 7.896E+02 6.088E-01 2.661E-04 1.246E-04 1.336E+03 7.832E-01 1.764E+01 2.000E+00
6.464E+06 7.896E+02 6.088E-01 2.661E-04 1.249E-04 1.336E+03 7.833E-01 1.764E+01 2.000E+00
1.282E+07 7.896E+02 6.089E-01 2.661E-04 1.253E-04 1.336E+03 7.833E-01 1.764E+01 2.000E+00
8.354E+06 2.767E+02 8.069E-01 2.661E-04 1.262E-04 2.928E+03 7.833E-01 1.764E+01 2.000E+00
1.451E+08 9.948E+02 5.590E-01 2.661E-04 1.277E-04 1.252E+03 7.833E-01 1.764E+01 2.000E+00
1.112E+07 4.806E+02 7.136E-01 2.661E-04 1.306E-04 1.698E+03 7.834E-01 1.764E+01 2.000E+00
9.802E+08 5.156E+02 6.994E-01 2.661E-04 1.358E-04 1.628E+03 7.835E-01 1.764E+01 2.000E+00
9.527E+07 9.944E+02 5.591E-01 2.661E-04 1.454E-04 1.262E+03 7.837E-01 1.764E+01 2.000E+00
1.050E+07 4.248E+02 7.376E-01 2.661E-04 1.629E-04 1.847E+03 7.842E-01 1.764E+01 2.000E+00
3.280E+07 8.999E+02 5.806E-01 2.661E-04 1.950E-04 1.278E+03 7.849E-01 1.764E+01 2.000E+00
1.609E+07 3.960E+02 7.508E-01 2.661E-04 2.539E-04 1.948E+03 7.864E-01 1.765E+01 2.000E+00
1.521E+07 8.046E+02 6.050E-01 2.661E-04 3.619E-04 1.328E+03 7.890E-01 1.765E+01 2.000E+00
6.799E+08 9.483E+02 5.696E-01 2.661E-04 5.598E-04 1.263E+03 7.937E-01 1.765E+01 2.000E+00
5.440E+07 7.280E+02 6.273E-01 2.661E-04 9.225E-04 1.400E+03 8.024E-01 1.766E+01 2.000E+00
4.596E+08 4.895E+02 7.126E-01 2.661E-04 1.587E-03 1.673E+03 8.184E-01 1.768E+01 2.000E+00
1.502E+07 4.320E+02 7.402E-01 2.661E-04 2.806E-03 1.800E+03 8.420E-01 1.770E+01 2.000E+00
1.087E+07 9.793E+02 5.661E-01 2.661E-04 5.040E-03 1.282E+03 8.781E-01 1.776E+01 2.000E+00
6.547E+06 7.896E+02 6.088E-01 3.366E-04 1.244E-04 1.336E+03 7.835E-01 1.764E+01 2.000E+00
6.832E+06 7.896E+02 6.088E-01 3.366E-04 1.244E-04 1.475E+03 7.835E-01 1.764E+01 2.000E+00
7.436E+06 7.896E+02 6.088E-01 3.366E-04 1.245E-04 1.336E+03 7.835E-01 1.764E+01 2.000E+00
8.934E+06 7.896E+02 6.088E-01 3.366E-04 1.246E-04 1.336E+03 7.835E-01 1.764E+01 2.000E+00
1.475E+07 7.896E+02 6.089E-01 3.366E-04 1.249E-04 1.336E+03 7.835E-01 1.764E+01 2.000E+00
8.886E+06 6.316E+02 6.569E-01 3.366E-04 1.253E-04 1.465E+03 7.835E-01 1.764E+01 2.000E+00
9.125E+07 6.777E+02 6.419E-01 3.366E-04 1.262E-04 1.420E+03 7.836E-01 1.764E+01 2.000E+00
4.915E+06 4.604E+02 7.220E-01 3.366E-04 1.277E-04 1.746E+03 7.836E-01 1.764E+01 2.000E+00
3.892E+07 4.134E+02 7.426E-01 3.366E-04 1.306E-04 1.885E+03 7.837E-01 1.764E+01 2.000E+00
2.034E+07 9.944E+02 5.591E-01 3.366E-04 1.358E-04 1.240E+03 7.838E-01 1.764E+01 2.000E+00
1.100E+08 5.674E+02 6.796E-01 3.366E-04 1.454E-04 1.545E+03 7.840E-01 1.764E+01 2.000E+00
1.513E+07 8.382E+02 5.960E-01 3.366E-04 1.629E-04 1.317E+03 7.844E-01 1.764E+01 2.000E+00
1.677E+08 5.684E+02 6.793E-01 3.366E-04 1.950E-04 1.553E+03 7.852E-01 1.764E+01 2.000E+00
3.993E+06 6.435E+02 6.531E-01 3.366E-04 2.539E-04 1.453E+03 7.866E-01 1.765E+01 2.000E+00
1.847E+08 7.245E+02 6.277E-01 3.366E-04 3.619E-04 1.382E+03 7.892E-01 1.765E+01 2.000E+00
1.926E+07 8.902E+02 5.833E-01 3.366E-04 5.598E-04 1.284E+03 7.940E-01 1.765E+01 2.000E+00
6.423E+06 2.808E+02 8.080E-01 3.366E-04 9.225E-04 2.800E+03 8.027E-01 1.766E+01 2.000E+00
7.858E+08 3.555E+02 7.735E-01 3.366E-04 1.587E-03 2.110E+03 8.187E-01 1.768E+01 2.000E+00
5.122E+07 8.461E+02 5.963E-01 3.366E-04 2.806E-03 1.318E+03 8.423E-01 1.770E+01 2.000E+00
1.169E+07 9.793E+02 5.661E-01 3.366E-04 5.040E-03 1.282E+03 8.783E-01 1.776E+01 2.000E+00
2.520E+07 7.896E+02 6.088E-01 4.257E-04 1.244E-04 1.336E+03 7.839E-01 1.764E+01 2.000E+00
3.149E+07 7.896E+02 6.088E-01 4.257E-04 1.244E-04 1.337E+03 7.839E-01 1.764E+01 2.000E+00
5.915E+07 7.896E+02 6.088E-01 4.257E-04 1.245E-04 1.336E+03 7.839E-01 1.764E+01 2.000E+00
8.036E+06 6.316E+02 6.569E-01 4.257E-04 1.246E-04 1.468E+03 7.839E-01 1.764E+01 2.000E+00
8.079E+07 5.421E+02 6.891E-01 4.257E-04 1.249E-04 1.583E+03 7.839E-01 1.764E+01 2.000E+00
1.459E+07 6.777E+02 6.419E-01 4.257E-04 1.253E-04 1.420E+03 7.839E-01 1.764E+01 2.000E+00
5.246E+07 3.184E+02 7.871E-01 4.257E-04 1.262E-04 2.417E+03 7.839E-01 1.764E+01 2.000E+00
5.257E+06 3.480E+02 7.730E-01 4.257E-04 1.277E-04 2.188E+03 7.840E-01 1.764E+01 2.000E+00
7.864E+06 3.964E+02 7.503E-01 4.257E-04 1.306E-04 1.948E+03 7.840E-01 1.764E+01 2.000E+00
2.147E+07 9.944E+02 5.591E-01 4.257E-04 1.358E-04 1.240E+03 7.842E-01 1.764E+01 2.000E+00
1.437E+07 5.014E+02 7.051E-01 4.257E-04 1.454E-04 1.655E+03 7.844E-01 1.764E+01 2.000E+00
4.075E+07 8.198E+02 6.008E-01 4.257E-04 1.629E-04 1.319E+03 7.848E-01 1.764E+01 2.000E+00
4.485E+07 9.421E+02 5.708E-01 4.257E-04 1.950E-04 1.260E+03 7.856E-01 1.764E+01 2.000E+00
3.360E+07 6.435E+02 6.531E-01 4.257E-04 2.539E-04 1.453E+03 7.870E-01 1.765E+01 2.000E+00
2.393E+07 7.367E+02 6.241E-01 4.257E-04 3.619E-04 1.373E+03 7.896E-01 1.765E+01 2.000E+00
2.247E+07 3.950E+02 7.520E-01 4.257E-04 5.598E-04 1.947E+03 7.944E-01 1.765E+01 2.000E+00
7.973E+06 5.740E+02 6.784E-01 4.257E-04 9.225E-04 1.535E+03 8.031E-01 1.766E+01 2.000E+00
1.066E+07 4.622E+02 7.242E-01 4.257E-04 1.587E-03 1.732E+03 8.191E-01 1.768E+01 2.000E+00
9.379E+06 4.718E+02 7.225E-01 4.257E-04 2.806E-03 1.704E+03 8.426E-01 1.770E+01 2.000E+00
1.296E+07 9.793E+02 5.661E-01 4.257E-04 5.040E-03 1.282E+03 8.786E-01 1.776E+01 2.000E+00
7.777E+07 9.948E+02 5.590E-01 5.385E-04 1.244E-04 1.240E+03 7.843E-01 1.764E+01 2.000E+00
7.881E+07 9.948E+02 5.590E-01 5.385E-04 1.244E-04 1.240E+03 7.843E-01 1.764E+01 2.000E+00
8.079E+07 9.948E+02 5.590E-01 5.385E-04 1.245E-04 1.240E+03 7.843E-01 1.764E+01 2.000E+00
4.138E+07 6.777E+02 6.419E-01 5.385E-04 1.246E-04 1.420E+03 7.843E-01 1.764E+01 2.000E+00
1.188E+07 4.492E+02 7.268E-01 5.385E-04 1.249E-04 1.775E+03 7.843E-01 1.764E+01 2.000E+00
8.996E+07 6.577E+02 6.483E-01 5.385E-04 1.253E-04 1.439E+03 7.844E-01 1.764E+01 2.000E+00
6.633E+06 4.604E+02 7.220E-01 5.385E-04 1.262E-04 1.746E+03 7.844E-01 1.764E+01 2.000E+00
1.887E+07 8.057E+02 6.045E-01 5.385E-04 1.277E-04 1.327E+03 7.844E-01 1.764E+01 2.000E+00
5.997E+07 7.300E+02 6.258E-01 5.385E-04 1.306E-04 1.377E+03 7.845E-01 1.764E+01 2.000E+00
7.857E+06 6.747E+02 6.428E-01 5.385E-04 1.358E-04 1.423E+03 7.846E-01 1.764E+01 2.000E+00
5.971E+08 9.944E+02 5.591E-01 5.385E-04 1.454E-04 1.241E+03 7.848E-01 1.764E+01 2.000E+00
1.136E+07 5.205E+02 6.975E-01 5.385E-04 1.629E-04 1.619E+03 7.853E-01 1.764E+01 2.000E+00
1.819E+08 9.546E+02 5.679E-01 5.385E-04 1.950E-04 1.256E+03 7.860E-01 1.764E+01 2.000E+00
5.504E+07 6.312E+02 6.573E-01 5.385E-04 2.539E-04 1.466E+03 7.874E-01 1.765E+01 2.000E+00
2.269E+08 5.366E+02 6.916E-01 5.385E-04 3.619E-04 1.591E+03 7.900E-01 1.765E+01 2.000E+00
2.286E+07 2.995E+02 7.976E-01 5.385E-04 5.598E-04 2.577E+03 7.948E-01 1.765E+01 2.000E+00
9.621E+06 3.073E+02 7.951E-01 5.385E-04 9.225E-04 2.479E+03 8.035E-01 1.766E+01 2.000E+00
1.136E+07 3.057E+02 7.981E-01 5.385E-04 1.587E-03 2.465E+03 8.195E-01 1.768E+01 2.000E+00
3.574E+06 8.499E+02 5.954E-01 5.385E-04 2.806E-03 1.316E+03 8.430E-01 1.770E+01 2.000E+00
1.082E+07 4.785E+02 7.240E-01 5.385E-04 5.040E-03 1.681E+03 8.789E-01 1.776E+01 2.000E+00
4.835E+07 6.750E+02 6.427E-01 6.811E-04 1.244E-04 1.423E+03 7.849E-01 1.764E+01 2.000E+00
1.532E+08 6.750E+02 6.427E-01 6.811E-04 1.244E-04 1.423E+03 7.849E-01 1.764E+01 2.000E+00
5.934E+07 6.659E+02 6.456E-01 6.811E-04 1.245E-04 1.431E+03 7.849E-01 1.764E+01 2.000E+00
1.323E+08 9.948E+02 5.590E-01 6.811E-04 1.246E-04 1.240E+03 7.849E-01 1.764E+01 2.000E+00
4.260E+06 4.604E+02 7.220E-01 6.811E-04 1.249E-04 1.746E+03 7.849E-01 1.764E+01 2.000E+00
4.346E+07 8.073E+02 6.041E-01 6.811E-04 1.253E-04 1.326E+03 7.849E-01 1.764E+01 2.000E+00
1.067E+07 3.184E+02 7.871E-01 6.811E-04 1.262E-04 2.409E+03 7.849E-01 1.764E+01 2.000E+00
2.603E+07 5.167E+02 6.990E-01 6.811E-04 1.277E-04 1.628E+03 7.850E-01 1.764E+01 2.000E+00
1.170E+07 3.052E+02 7.935E-01 6.811E-04 1.306E-04 2.537E+03 7.851E-01 1.764E+01 2.000E+00
6.531E+07 9.646E+02 5.656E-01 6.811E-04 1.358E-04 1.251E+03 7.852E-01 1.764E+01 2.000E+00
2.511E+07 9.739E+02 5.636E-01 6.811E-04 1.454E-04 1.248E+03 7.854E-01 1.764E+01 2.000E+00
2.392E+07 9.064E+02 5.791E-01 6.811E-04 1.629E-04 1.275E+03 7.858E-01 1.764E+01 2.000E+00
8.494E+07 7.492E+02 6.203E-01 6.811E-04 1.950E-04 1.364E+03 7.866E-01 1.764E+01 2.000E+00
2.459E+07 6.918E+02 6.376E-01 6.811E-04 2.539E-04 1.421E+03 7.880E-01 1.765E+01 2.000E+00
3.872E+07 3.652E+02 7.655E-01 6.811E-04 3.619E-04 2.085E+03 7.906E-01 1.765E+01 2.000E+00
7.477E+07 4.200E+02 7.406E-01 6.811E-04 5.598E-04 1.858E+03 7.954E-01 1.765E+01 2.000E+00
3.631E+07 2.812E+02 8.078E-01 6.811E-04 9.225E-04 2.794E+03 8.041E-01 1.766E+01 2.000E+00
1.285E+07 6.887E+02 6.402E-01 6.811E-04 1.587E-03 1.414E+03 8.201E-01 1.768E+01 2.000E+00
5.062E+06 8.499E+02 5.954E-01 6.811E-04 2.806E-03 1.317E+03 8.435E-01 1.770E+01 2.000E+00
6.786E+06 9.252E+02 5.786E-01 6.811E-04 5.040E-03 1.301E+03 8.794E-01 1.776E+01 2.000E+00
4.243E+06 3.184E+02 7.871E-01 8.615E-04 1.244E-04 2.408E+03 7.856E-01 1.764E+01 2.000E+00
4.822E+06 3.184E+02 7.871E-01 8.615E-04 1.244E-04 2.408E+03 7.856E-01 1.764E+01 2.000E+00
6.491E+06 3.184E+02 7.871E-01 8.615E-04 1.245E-04 2.408E+03 7.856E-01 1.764E+01 2.000E+00
1.970E+07 3.184E+02 7.871E-01 8.615E-04 1.246E-04 2.408E+03 7.856E-01 1.764E+01 2.000E+00
1.244E+07 8.163E+02 6.017E-01 8.615E-04 1.249E-04 1.321E+03 7.856E-01 1.764E+01 2.000E+00
1.831E+08 8.163E+02 6.017E-01 8.615E-04 1.253E-04 1.321E+03 7.856E-01 1.764E+01 2.000E+00
2.829E+07 4.134E+02 7.426E-01 8.615E-04 1.262E-04 1.887E+03 7.857E-01 1.764E+01 2.000E+00
3.829E+08 7.364E+02 6.239E-01 8.615E-04 1.277E-04 1.373E+03 7.857E-01 1.764E+01 2.000E+00
2.446E+07 6.400E+02 6.541E-01 8.615E-04 1.306E-04 1.457E+03 7.858E-01 1.764E+01 2.000E+00
1.817E+08 9.782E+02 5.626E-01 8.615E-04 1.358E-04 1.250E+03 7.859E-01 1.764E+01 2.000E+00
7.425E+07 9.739E+02 5.636E-01 8.615E-04 1.454E-04 1.248E+03 7.861E-01 1.764E+01 2.000E+00
1.478E+07 8.985E+02 5.809E-01 8.615E-04 1.629E-04 1.279E+03 7.866E-01 1.764E+01 2.000E+00
1.187E+07 9.361E+02 5.721E-01 8.615E-04 1.950E-04 1.263E+03 7.873E-01 1.764E+01 2.000E+00
5.139E+08 6.023E+02 6.672E-01 8.615E-04 2.539E-04 1.499E+03 7.887E-01 1.765E+01 2.000E+00
9.096E+06 5.062E+02 7.036E-01 8.615E-04 3.619E-04 1.645E+03 7.913E-01 1.765E+01 2.000E+00
1.710E+07 8.422E+02 5.953E-01 8.615E-04 5.598E-04 1.309E+03 7.961E-01 1.765E+01 2.000E+00
2.362E+08 8.617E+02 5.907E-01 8.615E-04 9.225E-04 1.309E+03 8.048E-01 1.766E+01 2.000E+00
9.189E+06 4.386E+02 7.346E-01 8.615E-04 1.587E-03 1.792E+03 8.208E-01 1.768E+01 2.000E+00
1.581E+07 8.499E+02 5.954E-01 8.615E-04 2.806E-03 1.317E+03 8.442E-01 1.770E+01 2.000E+00
6.702E+07 7.276E+02 6.320E-01 8.615E-04 5.040E-03 1.404E+03 8.799E-01 1.776E+01 2.000E+00
2.594E+07 4.026E+02 7.475E-01 1.090E-03 1.244E-04 1.924E+03 7.865E-01 1.764E+01 2.000E+00
1.194E+08 4.026E+02 7.475E-01 1.090E-03 1.244E-04 1.924E+03 7.865E-01 1.764E+01 2.000E+00
2.350E+07 5.167E+02 6.990E-01 1.090E-03 1.245E-04 1.626E+03 7.865E-01 1.764E+01 2.000E+00
3.804E+07 5.070E+02 7.028E-01 1.090E-03 1.246E-04 1.644E+03 7.865E-01 1.764E+01 2.000E+00
1.018E+07 4.472E+02 7.277E-01 1.090E-03 1.249E-04 1.795E+03 7.866E-01 1.764E+01 2.000E+00
2.232E+07 6.927E+02 6.371E-01 1.090E-03 1.253E-04 1.413E+03 7.866E-01 1.764E+01 2.000E+00
1.090E+07 7.300E+02 6.258E-01 1.090E-03 1.262E-04 1.377E+03 7.866E-01 1.764E+01 2.000E+00
4.111E+06 5.988E+02 6.683E-01 1.090E-03 1.277E-04 1.504E+03 7.866E-01 1.764E+01 2.000E+00
2.063E+07 9.944E+02 5.591E-01 1.090E-03 1.306E-04 1.241E+03 7.867E-01 1.764E+01 2.000E+00
2.973E+07 7.550E+02 6.186E-01 1.090E-03 1.358E-04 1.360E+03 7.868E-01 1.764E+01 2.000E+00
1.850E+08 4.878E+02 7.106E-01 1.090E-03 1.454E-04 1.684E+03 7.870E-01 1.764E+01 2.000E+00
4.464E+07 8.452E+02 5.942E-01 1.090E-03 1.629E-04 1.305E+03 7.875E-01 1.764E+01 2.000E+00
3.485E+08 9.361E+02 5.721E-01 1.090E-03 1.950E-04 1.264E+03 7.882E-01 1.764E+01 2.000E+00
5.324E+06 7.393E+02 6.232E-01 1.090E-03 2.539E-04 1.371E+03 7.897E-01 1.765E+01 2.000E+00
8.332E+06 7.476E+02 6.209E-01 1.090E-03 3.619E-04 1.365E+03 7.923E-01 1.765E+01 2.000E+00
7.958E+06 4.131E+02 7.438E-01 1.090E-03 5.598E-04 1.884E+03 7.970E-01 1.765E+01 2.000E+00
6.050E+06 7.011E+02 6.355E-01 1.090E-03 9.225E-04 1.402E+03 8.057E-01 1.766E+01 2.000E+00
1.439E+08 4.489E+02 7.300E-01 1.090E-03 1.587E-03 1.765E+03 8.217E-01 1.768E+01 2.000E+00
7.941E+07 5.336E+02 6.969E-01 1.090E-03 2.806E-03 1.594E+03 8.450E-01 1.770E+01 2.000E+00
1.658E+08 6.146E+02 6.696E-01 1.090E-03 5.040E-03 1.491E+03 8.806E-01 1.776E+01 2.000E+00
1.867E+08 7.300E+02 6.258E-01 1.378E-03 1.244E-04 1.378E+03 7.877E-01 1.764E+01 2.000E+00
9.709E+06 7.205E+02 6.287E-01 1.378E-03 1.244E-04 1.385E+03 7.877E-01 1.764E+01 2.000E+00
1.188E+07 7.205E+02 6.287E-01 1.378E-03 1.245E-04 1.385E+03 7.877E-01 1.764E+01 2.000E+00
2.081E+07 7.205E+02 6.287E-01 1.378E-03 1.246E-04 1.385E+03 7.877E-01 1.764E+01 2.000E+00
3.413E+07 9.837E+02 5.614E-01 1.378E-03 1.249E-04 1.245E+03 7.877E-01 1.764E+01 2.000E+00
4.646E+06 2.644E+02 8.126E-01 1.378E-03 1.253E-04 3.178E+03 7.877E-01 1.764E+01 2.000E+00
5.053E+06 6.400E+02 6.541E-01 1.378E-03 1.262E-04 1.457E+03 7.877E-01 1.764E+01 2.000E+00
1.933E+07 9.944E+02 5.591E-01 1.378E-03 1.277E-04 1.259E+03 7.878E-01 1.764E+01 2.000E+00
1.416E+07 5.265E+02 6.951E-01 1.378E-03 1.306E-04 1.609E+03 7.878E-01 1.764E+01 2.000E+00
3.013E+07 5.908E+02 6.711E-01 1.378E-03 1.358E-04 1.626E+03 7.880E-01 1.764E+01 2.000E+00
3.057E+07 9.287E+02 5.738E-01 1.378E-03 1.454E-04 1.266E+03 7.882E-01 1.764E+01 2.000E+00
3.454E+07 7.184E+02 6.293E-01 1.378E-03 1.629E-04 1.387E+03 7.886E-01 1.764E+01 2.000E+00
4.232E+07 8.428E+02 5.948E-01 1.378E-03 1.950E-04 1.307E+03 7.894E-01 1.764E+01 2.000E+00
9.852E+06 6.241E+02 6.597E-01 1.378E-03 2.539E-04 1.476E+03 7.908E-01 1.765E+01 2.000E+00
4.519E+07 9.204E+02 5.759E-01 1.378E-03 3.619E-04 1.271E+03 7.934E-01 1.765E+01 2.000E+00
2.096E+07 7.498E+02 6.205E-01 1.378E-03 5.598E-04 1.372E+03 7.982E-01 1.765E+01 2.000E+00
3.366E+06 4.711E+02 7.191E-01 1.378E-03 9.225E-04 1.716E+03 8.069E-01 1.766E+01 2.000E+00
2.476E+07 8.378E+02 5.974E-01 1.378E-03 1.587E-03 1.317E+03 8.229E-01 1.768E+01 2.000E+00
6.339E+07 6.220E+02 6.639E-01 1.378E-03 2.806E-03 1.480E+03 8.460E-01 1.770E+01 2.000E+00
8.198E+06 9.052E+02 5.834E-01 1.378E-03 5.040E-03 1.309E+03 8.815E-01 1.776E+01 2.000E+00
9.100E+06 3.841E+02 7.560E-01 1.743E-03 1.244E-04 2.003E+03 7.892E-01 1.764E+01 2.000E+00
1.240E+07 3.841E+02 7.560E-01 1.743E-03 1.244E-04 2.001E+03 7.892E-01 1.764E+01 2.000E+00
3.960E+07 3.841E+02 7.560E-01 1.743E-03 1.245E-04 2.158E+03 7.892E-01 1.764E+01 2.000E+00
1.859E+07 9.944E+02 5.591E-01 1.743E-03 1.246E-04 1.241E+03 7.892E-01 1.764E+01 2.000E+00
1.894E+07 9.944E+02 5.591E-01 1.743E-03 1.249E-04 1.241E+03 7.892E-01 1.764E+01 2.000E+00
5.494E+06 4.452E+02 7.286E-01 1.743E-03 1.253E-04 1.787E+03 7.892E-01 1.764E+01 2.000E+00
2.105E+07 9.944E+02 5.591E-01 1.743E-03 1.262E-04 1.241E+03 7.892E-01 1.764E+01 2.000E+00
3.504E+07 9.646E+02 5.656E-01 1.743E-03 1.277E-04 1.252E+03 7.892E-01 1.764E+01 2.000E+00
3.630E+07 4.214E+02 7.390E-01 1.743E-03 1.306E-04 1.858E+03 7.893E-01 1.764E+01 2.000E+00
1.625E+08 9.944E+02 5.591E-01 1.743E-03 1.358E-04 1.241E+03 7.894E-01 1.764E+01 2.000E+00
9.785E+06 7.493E+02 6.202E-01 1.743E-03 1.454E-04 1.364E+03 7.897E-01 1.764E+01 2.000E+00
4.085E+07 5.852E+02 6.732E-01 1.743E-03 1.629E-04 1.521E+03 7.901E-01 1.764E+01 2.000E+00
2.538E+08 5.672E+02 6.798E-01 1.743E-03 1.950E-04 1.560E+03 7.909E-01 1.764E+01 2.000E+00
4.025E+07 8.765E+02 5.864E-01 1.743E-03 2.539E-04 1.291E+03 7.923E-01 1.765E+01 2.000E+00
1.202E+07 9.215E+02 5.757E-01 1.743E-03 3.619E-04 1.271E+03 7.949E-01 1.765E+01 2.000E+00
8.219E+07 8.817E+02 5.854E-01 1.743E-03 5.598E-04 1.291E+03 7.996E-01 1.765E+01 2.000E+00
1.220E+07 6.548E+02 6.503E-01 1.743E-03 9.225E-04 1.444E+03 8.084E-01 1.766E+01 2.000E+00
2.527E+07 4.358E+02 7.358E-01 1.743E-03 1.587E-03 1.830E+03 8.243E-01 1.768E+01 2.000E+00
3.099E+07 9.458E+02 5.720E-01 1.743E-03 2.806E-03 1.281E+03 8.473E-01 1.770E+01 2.000E+00
2.734E+08 4.000E+02 7.606E-01 1.743E-03 5.040E-03 1.877E+03 8.827E-01 1.776E+01 2.000E+00
3.293E+07 9.646E+02 5.656E-01 2.205E-03 1.244E-04 1.253E+03 7.910E-01 1.764E+01 2.000E+00
3.421E+07 9.646E+02 5.656E-01 2.205E-03 1.244E-04 1.255E+03 7.910E-01 1.764E+01 2.000E+00
3.685E+07 9.646E+02 5.656E-01 2.205E-03 1.245E-04 1.253E+03 7.910E-01 1.764E+01 2.000E+00
7.318E+07 7.080E+02 6.324E-01 2.205E-03 1.246E-04 1.396E+03 7.910E-01 1.764E+01 2.000E+00
7.521E+06 7.111E+02 6.315E-01 2.205E-03 1.249E-04 1.393E+03 7.910E-01 1.764E+01 2.000E+00
1.343E+08 7.111E+02 6.315E-01 2.205E-03 1.253E-04 1.393E+03 7.910E-01 1.764E+01 2.000E+00
1.139E+07 4.088E+02 7.447E-01 2.205E-03 1.262E-04 1.902E+03 7.911E-01 1.764E+01 2.000E+00
3.314E+07 7.592E+02 6.174E-01 2.205E-03 1.277E-04 1.357E+03 7.911E-01 1.764E+01 2.000E+00
6.748E+07 9.944E+02 5.591E-01 2.205E-03 1.306E-04 1.242E+03 7.912E-01 1.764E+01 2.000E+00
7.844E+07 9.739E+02 5.636E-01 2.205E-03 1.358E-04 1.250E+03 7.913E-01 1.764E+01 2.000E+00
1.348E+07 3.242E+02 7.844E-01 2.205E-03 1.454E-04 2.358E+03 7.915E-01 1.764E+01 2.000E+00
4.639E+06 8.683E+02 5.883E-01 2.205E-03 1.629E-04 1.297E+03 7.919E-01 1.764E+01 2.000E+00
5.444E+07 5.225E+02 6.968E-01 2.205E-03 1.950E-04 1.618E+03 7.927E-01 1.764E+01 2.000E+00
1.452E+07 5.566E+02 6.838E-01 2.205E-03 2.539E-04 1.561E+03 7.941E-01 1.765E+01 2.000E+00
4.970E+07 5.620E+02 6.820E-01 2.205E-03 3.619E-04 1.553E+03 7.967E-01 1.765E+01 2.000E+00
3.007E+07 4.002E+02 7.497E-01 2.205E-03 5.598E-04 1.928E+03 8.015E-01 1.765E+01 2.000E+00
8.421E+06 2.601E+02 8.178E-01 2.205E-03 9.225E-04 3.197E+03 8.102E-01 1.766E+01 2.000E+00
3.723E+07 8.294E+02 5.996E-01 2.205E-03 1.587E-03 1.322E+03 8.262E-01 1.768E+01 2.000E+00
7.159E+06 6.151E+02 6.663E-01 2.205E-03 2.806E-03 1.488E+03 8.490E-01 1.770E+01 2.000E+00
1.309E+08 2.946E+02 8.158E-01 2.205E-03 5.040E-03 2.431E+03 8.841E-01 1.776E+01 2.000E+00
1.471E+07 8.389E+02 5.957E-01 2.789E-03 1.244E-04 1.310E+03 7.934E-01 1.764E+01 2.000E+00
1.744E+07 6.485E+02 6.513E-01 2.789E-03 1.244E-04 1.450E+03 7.934E-01 1.764E+01 2.000E+00
3.358E+07 6.485E+02 6.513E-01 2.789E-03 1.245E-04 1.500E+03 7.934E-01 1.764E+01 2.000E+00
3.004E+07 8.389E+02 5.957E-01 2.789E-03 1.246E-04 1.310E+03 7.934E-01 1.764E+01 2.000E+00
1.636E+09 8.429E+02 5.947E-01 2.789E-03 1.249E-04 1.308E+03 7.934E-01 1.764E+01 2.000E+00
1.030E+07 8.540E+02 5.919E-01 2.789E-03 1.253E-04 1.302E+03 7.934E-01 1.764E+01 2.000E+00
2.317E+07 5.674E+02 6.796E-01 2.789E-03 1.262E-04 1.546E+03 7.934E-01 1.764E+01 2.000E+00
1.119E+08 9.944E+02 5.591E-01 2.789E-03 1.277E-04 1.242E+03 7.934E-01 1.764E+01 2.000E+00
2.916E+07 9.739E+02 5.636E-01 2.789E-03 1.306E-04 1.250E+03 7.935E-01 1.764E+01 2.000E+00
1.247E+07 9.395E+02 5.713E-01 2.789E-03 1.358E-04 1.263E+03 7.936E-01 1.764E+01 2.000E+00
6.193E+07 8.382E+02 5.959E-01 2.789E-03 1.454E-04 1.310E+03 7.939E-01 1.764E+01 2.000E+00
6.846E+07 8.652E+02 5.891E-01 2.789E-03 1.629E-04 1.297E+03 7.943E-01 1.764E+01 2.000E+00
3.455E+07 5.371E+02 6.911E-01 2.789E-03 1.950E-04 1.592E+03 7.951E-01 1.764E+01 2.000E+00
7.083E+07 8.538E+02 5.921E-01 2.789E-03 2.539E-04 1.303E+03 7.965E-01 1.765E+01 2.000E+00
7.377E+08 5.139E+02 7.005E-01 2.789E-03 3.619E-04 1.632E+03 7.991E-01 1.765E+01 2.000E+00
1.401E+11 5.737E+02 6.780E-01 2.789E-03 5.598E-04 1.537E+03 8.038E-01 1.765E+01 2.000E+00
8.021E+06 7.335E+02 6.257E-01 2.789E-03 9.225E-04 1.379E+03 8.126E-01 1.766E+01 2.000E+00
2.099E+07 7.727E+02 6.150E-01 2.789E-03 1.587E-03 1.355E+03 8.285E-01 1.768E+01 2.000E+00
2.601E+07 7.888E+02 6.118E-01 2.789E-03 2.806E-03 1.351E+03 8.511E-01 1.770E+01 2.000E+00
1.048E+07 8.695E+02 5.923E-01 2.789E-03 5.040E-03 1.325E+03 8.859E-01 1.776E+01 2.000E+00
3.454E+09 9.944E+02 5.591E-01 3.528E-03 1.244E-04 1.260E+03 7.963E-01 1.764E+01 2.000E+00
9.951E+09 9.944E+02 5.591E-01 3.528E-03 1.244E-04 1.243E+03 7.963E-01 1.764E+01 2.000E+00
1.253E+08 9.673E+02 5.650E-01 3.528E-03 1.245E-04 1.254E+03 7.963E-01 1.764E+01 2.000E+00
2.357E+08 9.673E+02 5.650E-01 3.528E-03 1.246E-04 1.253E+03 7.963E-01 1.764E+01 2.000E+00
6.031E+07 4.670E+02 7.192E-01 3.528E-03 1.249E-04 1.733E+03 7.963E-01 1.764E+01 2.000E+00
2.967E+07 9.739E+02 5.636E-01 3.528E-03 1.253E-04 1.251E+03 7.963E-01 1.764E+01 2.000E+00
6.136E+07 9.739E+02 5.636E-01 3.528E-03 1.262E-04 1.251E+03 7.964E-01 1.764E+01 2.000E+00
3.331E+07 9.228E+02 5.752E-01 3.528E-03 1.277E-04 1.272E+03 7.964E-01 1.764E+01 2.000E+00
1.306E+07 9.395E+02 5.713E-01 3.528E-03 1.306E-04 1.264E+03 7.965E-01 1.764E+01 2.000E+00
9.462E+06 4.248E+02 7.376E-01 3.528E-03 1.358E-04 1.849E+03 7.966E-01 1.764E+01 2.000E+00
1.104E+07 8.319E+02 5.976E-01 3.528E-03 1.454E-04 1.315E+03 7.968E-01 1.764E+01 2.000E+00
1.900E+07 4.804E+02 7.137E-01 3.528E-03 1.629E-04 1.701E+03 7.972E-01 1.764E+01 2.000E+00
1.067E+08 9.611E+02 5.665E-01 3.528E-03 1.950E-04 1.256E+03 7.980E-01 1.764E+01 2.000E+00
4.156E+07 9.139E+02 5.774E-01 3.528E-03 2.539E-04 1.277E+03 7.994E-01 1.765E+01 2.000E+00
1.623E+07 9.237E+02 5.751E-01 3.528E-03 3.619E-04 1.272E+03 8.020E-01 1.765E+01 2.000E+00
2.004E+07 7.450E+02 6.219E-01 3.528E-03 5.598E-04 1.370E+03 8.068E-01 1.765E+01 2.000E+00
2.089E+07 7.534E+02 6.199E-01 3.528E-03 9.225E-04 1.366E+03 8.155E-01 1.766E+01 2.000E+00
2.005E+07 8.747E+02 5.880E-01 3.528E-03 1.587E-03 1.301E+03 8.315E-01 1.768E+01 2.000E+00
3.542E+07 8.756E+02 5.888E-01 3.528E-03 2.806E-03 1.315E+03 8.538E-01 1.770E+01 2.000E+00
1.336E+07 7.453E+02 6.267E-01 3.528E-03 5.040E-03 1.390E+03 8.882E-01 1.776E+01 2.000E+00
1.829E+07 9.395E+02 5.713E-01 4.462E-03 1.244E-04 1.265E+03 8.001E-01 1.764E+01 2.000E+00
1.894E+07 9.395E+02 5.713E-01 4.462E-03 1.244E-04 1.265E+03 8.001E-01 1.764E+01 2.000E+00
2.027E+07 9.395E+02 5.713E-01 4.462E-03 1.245E-04 1.265E+03 8.001E-01 1.764E+01 2.000E+00
2.331E+07 9.395E+02 5.713E-01 4.462E-03 1.246E-04 1.265E+03 8.001E-01 1.764E+01 2.000E+00
3.638E+07 9.173E+02 5.765E-01 4.462E-03 1.249E-04 1.275E+03 8.001E-01 1.764E+01 2.000E+00
1.279E+08 9.395E+02 5.713E-01 4.462E-03 1.253E-04 1.265E+03 8.001E-01 1.764E+01 2.000E+00
1.258E+07 4.025E+02 7.476E-01 4.462E-03 1.262E-04 1.927E+03 8.001E-01 1.764E+01 2.000E+00
1.548E+07 2.705E+02 8.098E-01 4.462E-03 1.277E-04 3.045E+03 8.001E-01 1.764E+01 2.000E+00
4.106E+06 4.110E+02 7.437E-01 4.462E-03 1.306E-04 1.896E+03 8.002E-01 1.764E+01 2.000E+00
9.947E+06 6.926E+02 6.372E-01 4.462E-03 1.358E-04 1.410E+03 8.003E-01 1.764E+01 2.000E+00
7.036E+07 7.201E+02 6.288E-01 4.462E-03 1.454E-04 1.388E+03 8.006E-01 1.764E+01 2.000E+00
1.508E+07 9.118E+02 5.778E-01 4.462E-03 1.629E-04 1.279E+03 8.010E-01 1.764E+01 2.000E+00
1.091E+08 9.485E+02 5.693E-01 4.462E-03 1.950E-04 1.262E+03 8.018E-01 1.764E+01 2.000E+00
1.752E+07 8.998E+02 5.807E-01 4.462E-03 2.539E-04 1.282E+03 8.032E-01 1.765E+01 2.000E+00
5.449E+07 9.484E+02 5.695E-01 4.462E-03 3.619E-04 1.263E+03 8.058E-01 1.765E+01 2.000E+00
5.686E+07 7.099E+02 6.324E-01 4.462E-03 5.598E-04 1.397E+03 8.105E-01 1.765E+01 2.000E+00
1.459E+07 5.765E+02 6.775E-01 4.462E-03 9.225E-04 1.535E+03 8.193E-01 1.766E+01 2.000E+00
5.083E+06 6.616E+02 6.489E-01 4.462E-03 1.587E-03 1.441E+03 8.352E-01 1.768E+01 2.000E+00
7.446E+06 3.460E+02 7.817E-01 4.462E-03 2.806E-03 2.139E+03 8.571E-01 1.770E+01 2.000E+00
1.708E+08 9.048E+02 5.835E-01 4.462E-03 5.040E-03 1.314E+03 8.911E-01 1.776E+01 2.000E+00
7.837E+07 5.987E+02 6.683E-01 5.644E-03 1.244E-04 1.507E+03 8.048E-01 1.764E+01 2.000E+00
2.817E+07 8.382E+02 5.959E-01 5.644E-03 1.244E-04 1.313E+03 8.048E-01 1.764E+01 2.000E+00
4.044E+07 8.382E+02 5.959E-01 5.644E-03 1.245E-04 1.313E+03 8.048E-01 1.764E+01 2.000E+00
2.284E+08 8.382E+02 5.959E-01 5.644E-03 1.246E-04 1.313E+03 8.048E-01 1.764E+01 2.000E+00
2.519E+07 8.211E+02 6.004E-01 5.644E-03 1.249E-04 1.323E+03 8.048E-01 1.764E+01 2.000E+00
1.468E+07 9.046E+02 5.795E-01 5.644E-03 1.253E-04 1.281E+03 8.048E-01 1.764E+01 2.000E+00
5.413E+08 9.046E+02 5.795E-01 5.644E-03 1.262E-04 1.281E+03 8.048E-01 1.764E+01 2.000E+00
2.048E+07 9.028E+02 5.799E-01 5.644E-03 1.277E-04 1.282E+03 8.049E-01 1.764E+01 2.000E+00
1.143E+08 7.113E+02 6.315E-01 5.644E-03 1.306E-04 1.396E+03 8.049E-01 1.764E+01 2.000E+00
2.371E+08 6.615E+02 6.471E-01 5.644E-03 1.358E-04 1.576E+03 8.051E-01 1.764E+01 2.000E+00
1.232E+07 6.876E+02 6.388E-01 5.644E-03 1.454E-04 1.416E+03 8.053E-01 1.764E+01 2.000E+00
3.160E+07 6.881E+02 6.386E-01 5.644E-03 1.629E-04 1.415E+03 8.057E-01 1.764E+01 2.000E+00
3.905E+06 5.893E+02 6.718E-01 5.644E-03 1.950E-04 1.519E+03 8.065E-01 1.764E+01 2.000E+00
8.933E+06 9.323E+02 5.731E-01 5.644E-03 2.539E-04 1.270E+03 8.079E-01 1.765E+01 2.000E+00
1.605E+07 7.042E+02 6.339E-01 5.644E-03 3.619E-04 1.403E+03 8.105E-01 1.765E+01 2.000E+00
4.285E+07 7.908E+02 6.090E-01 5.644E-03 5.598E-04 1.343E+03 8.153E-01 1.765E+01 2.000E+00
9.735E+06 2.747E+02 8.110E-01 5.644E-03 9.225E-04 2.898E+03 8.240E-01 1.766E+01 2.000E+00
1.108E+07 6.581E+02 6.500E-01 5.644E-03 1.587E-03 1.446E+03 8.394E-01 1.768E+01 2.000E+00
2.288E+08 9.216E+02 5.776E-01 5.644E-03 2.806E-03 1.316E+03 8.614E-01 1.770E+01 2.000E+00
4.939E+08 8.849E+02 5.884E-01 5.644E-03 5.040E-03 1.324E+03 8.948E-01 1.776E+01 2.000E+00
7.292E+06 6.484E+02 6.514E-01 7.139E-03 1.244E-04 1.453E+03 8.108E-01 1.764E+01 2.000E+00
8.077E+06 6.484E+02 6.514E-01 7.139E-03 1.244E-04 1.453E+03 8.108E-01 1.764E+01 2.000E+00
1.013E+07 6.484E+02 6.514E-01 7.139E-03 1.245E-04 1.454E+03 8.108E-01 1.764E+01 2.000E+00
1.989E+07 6.484E+02 6.514E-01 7.139E-03 1.246E-04 1.453E+03 8.108E-01 1.764E+01 2.000E+00
1.161E+08 4.669E+02 7.193E-01 7.139E-03 1.249E-04 1.735E+03 8.108E-01 1.764E+01 2.000E+00
8.029E+07 5.521E+02 6.853E-01 7.139E-03 1.253E-04 1.572E+03 8.108E-01 1.764E+01 2.000E+00
1.855E+07 4.942E+02 7.080E-01 7.139E-03 1.262E-04 1.674E+03 8.108E-01 1.764E+01 2.000E+00
4.092E+06 7.448E+02 6.215E-01 7.139E-03 1.277E-04 1.372E+03 8.109E-01 1.764E+01 2.000E+00
3.056E+07 8.628E+02 5.897E-01 7.139E-03 1.306E-04 1.302E+03 8.109E-01 1.764E+01 2.000E+00
6.242E+07 4.276E+02 7.363E-01 7.139E-03 1.358E-04 1.842E+03 8.111E-01 1.764E+01 2.000E+00
4.778E+07 4.266E+02 7.368E-01 7.139E-03 1.454E-04 1.845E+03 8.113E-01 1.764E+01 2.000E+00
7.079E+06 7.109E+02 6.316E-01 7.139E-03 1.629E-04 1.398E+03 8.117E-01 1.764E+01 2.000E+00
1.085E+07 4.391E+02 7.314E-01 7.139E-03 1.950E-04 1.807E+03 8.125E-01 1.764E+01 2.000E+00
1.698E+07 5.222E+02 6.970E-01 7.139E-03 2.539E-04 1.655E+03 8.139E-01 1.765E+01 2.000E+00
2.525E+07 8.770E+02 5.864E-01 7.139E-03 3.619E-04 1.297E+03 8.165E-01 1.765E+01 2.000E+00
7.388E+07 9.261E+02 5.747E-01 7.139E-03 5.598E-04 1.276E+03 8.213E-01 1.765E+01 2.000E+00
8.838E+06 8.385E+02 5.966E-01 7.139E-03 9.225E-04 1.319E+03 8.300E-01 1.766E+01 2.000E+00
4.410E+07 8.864E+02 5.851E-01 7.139E-03 1.587E-03 1.300E+03 8.448E-01 1.768E+01 2.000E+00
4.246E+06 5.227E+02 7.013E-01 7.139E-03 2.806E-03 1.615E+03 8.668E-01 1.770E+01 2.000E+00
5.574E+06 2.945E+02 8.159E-01 7.139E-03 5.040E-03 2.436E+03 8.994E-01 1.776E+01 2.000E+00
3.239E+07 3.254E+02 7.839E-01 9.029E-03 1.244E-04 2.353E+03 8.184E-01 1.764E+01 2.000E+00
2.033E+07 3.541E+02 7.701E-01 9.029E-03 1.244E-04 2.159E+03 8.184E-01 1.764E+01 2.000E+00
1.477E+07 3.338E+02 7.798E-01 9.029E-03 1.245E-04 2.288E+03 8.184E-01 1.764E+01 2.000E+00
1.406E+07 4.340E+02 7.335E-01 9.029E-03 1.246E-04 1.827E+03 8.184E-01 1.764E+01 2.000E+00
2.561E+07 5.294E+02 6.940E-01 9.029E-03 1.249E-04 1.610E+03 8.184E-01 1.764E+01 2.000E+00
5.925E+06 8.850E+02 5.842E-01 9.029E-03 1.253E-04 1.293E+03 8.184E-01 1.764E+01 2.000E+00
9.828E+06 8.766E+02 5.862E-01 9.029E-03 1.262E-04 1.304E+03 8.184E-01 1.764E+01 2.000E+00
1.978E+07 7.989E+02 6.063E-01 9.029E-03 1.277E-04 1.345E+03 8.185E-01 1.764E+01 2.000E+00
4.243E+07 9.118E+02 5.778E-01 9.029E-03 1.306E-04 1.281E+03 8.185E-01 1.764E+01 2.000E+00
9.204E+06 9.361E+02 5.721E-01 9.029E-03 1.358E-04 1.271E+03 8.186E-01 1.764E+01 2.000E+00
2.943E+07 7.465E+02 6.210E-01 9.029E-03 1.454E-04 1.372E+03 8.189E-01 1.764E+01 2.000E+00
5.299E+06 6.242E+02 6.595E-01 9.029E-03 1.629E-04 1.480E+03 8.193E-01 1.764E+01 2.000E+00
6.391E+06 7.393E+02 6.232E-01 9.029E-03 1.950E-04 1.378E+03 8.201E-01 1.764E+01 2.000E+00
1.211E+07 6.310E+02 6.573E-01 9.029E-03 2.539E-04 1.473E+03 8.215E-01 1.765E+01 2.000E+00
1.144E+07 9.499E+02 5.691E-01 9.029E-03 3.619E-04 1.267E+03 8.241E-01 1.765E+01 2.000E+00
9.735E+06 6.557E+02 6.495E-01 9.029E-03 5.598E-04 1.449E+03 8.288E-01 1.765E+01 2.000E+00
8.328E+06 3.936E+02 7.536E-01 9.029E-03 9.225E-04 1.953E+03 8.376E-01 1.766E+01 2.000E+00
1.592E+07 6.021E+02 6.692E-01 9.029E-03 1.587E-03 1.508E+03 8.516E-01 1.768E+01 2.000E+00
2.153E+08 5.158E+02 7.041E-01 9.029E-03 2.806E-03 1.628E+03 8.736E-01 1.770E+01 2.000E+00
1.055E+09 3.400E+02 7.914E-01 9.029E-03 5.040E-03 2.129E+03 9.053E-01 1.776E+01 2.000E+00
1.643E+07 2.637E+02 8.131E-01 1.142E-02 1.244E-04 3.195E+03 8.280E-01 1.764E+01 2.000E+00
4.004E+07 5.782E+02 6.757E-01 1.142E-02 1.244E-04 1.538E+03 8.280E-01 1.764E+01 2.000E+00
6.878E+06 5.749E+02 6.769E-01 1.142E-02 1.245E-04 1.543E+03 8.280E-01 1.764E+01 2.000E+00
1.172E+07 5.749E+02 6.769E-01 1.142E-02 1.246E-04 1.545E+03 8.280E-01 1.764E+01 2.000E+00
9.210E+06 6.638E+02 6.463E-01 1.142E-02 1.249E-04 1.442E+03 8.280E-01 1.764E+01 2.000E+00
2.612E+07 6.593E+02 6.478E-01 1.142E-02 1.253E-04 1.447E+03 8.280E-01 1.764E+01 2.000E+00
1.354E+07 7.203E+02 6.287E-01 1.142E-02 1.262E-04 1.425E+03 8.280E-01 1.764E+01 2.000E+00
5.934E+08 7.465E+02 6.210E-01 1.142E-02 1.277E-04 1.374E+03 8.280E-01 1.764E+01 2.000E+00
2.961E+07 3.063E+02 7.930E-01 1.142E-02 1.306E-04 2.530E+03 8.281E-01 1.764E+01 2.000E+00
5.311E+08 9.731E+02 5.638E-01 1.142E-02 1.358E-04 1.259E+03 8.282E-01 1.764E+01 2.000E+00
7.923E+08 6.147E+02 6.628E-01 1.142E-02 1.454E-04 1.493E+03 8.285E-01 1.764E+01 2.000E+00
2.817E+07 4.107E+02 7.440E-01 1.142E-02 1.629E-04 1.901E+03 8.289E-01 1.764E+01 2.000E+00
1.277E+09 3.476E+02 7.734E-01 1.142E-02 1.950E-04 2.196E+03 8.297E-01 1.764E+01 2.000E+00
2.941E+07 8.101E+02 6.034E-01 1.142E-02 2.539E-04 1.335E+03 8.311E-01 1.765E+01 2.000E+00
1.129E+07 8.424E+02 5.951E-01 1.142E-02 3.619E-04 1.318E+03 8.337E-01 1.765E+01 2.000E+00
1.136E+07 3.169E+02 7.893E-01 1.142E-02 5.598E-04 2.409E+03 8.384E-01 1.765E+01 2.000E+00
3.263E+07 9.143E+02 5.778E-01 1.142E-02 9.225E-04 1.288E+03 8.472E-01 1.766E+01 2.000E+00
7.054E+06 5.431E+02 6.912E-01 1.142E-02 1.587E-03 1.593E+03 8.603E-01 1.768E+01 2.000E+00
2.074E+07 7.637E+02 6.189E-01 1.142E-02 2.806E-03 1.377E+03 8.822E-01 1.770E+01 2.000E+00
1.101E+08 7.341E+02 6.301E-01 1.142E-02 5.040E-03 1.408E+03 9.127E-01 1.776E+01 2.000E+00
1.426E+07 6.545E+02 6.494E-01 1.445E-02 1.244E-04 1.453E+03 8.401E-01 1.764E+01 2.000E+00
1.791E+07 6.545E+02 6.494E-01 1.445E-02 1.244E-04 1.453E+03 8.401E-01 1.764E+01 2.000E+00
3.460E+07 6.545E+02 6.494E-01 1.445E-02 1.245E-04 1.453E+03 8.401E-01 1.764E+01 2.000E+00
1.692E+07 6.566E+02 6.487E-01 1.445E-02 1.246E-04 1.451E+03 8.401E-01 1.764E+01 2.000E+00
4.504E+07 3.727E+02 7.614E-01 1.445E-02 1.249E-04 2.061E+03 8.401E-01 1.764E+01 2.000E+00
1.324E+07 3.096E+02 7.914E-01 1.445E-02 1.253E-04 2.496E+03 8.401E-01 1.764E+01 2.000E+00
7.611E+07 5.713E+02 6.782E-01 1.445E-02 1.262E-04 1.565E+03 8.401E-01 1.764E+01 2.000E+00
7.903E+06 5.657E+02 6.803E-01 1.445E-02 1.277E-04 1.558E+03 8.402E-01 1.764E+01 2.000E+00
6.677E+06 5.857E+02 6.730E-01 1.445E-02 1.306E-04 1.531E+03 8.403E-01 1.764E+01 2.000E+00
1.830E+07 3.476E+02 7.733E-01 1.445E-02 1.358E-04 2.198E+03 8.404E-01 1.764E+01 2.000E+00
4.838E+07 5.594E+02 6.826E-01 1.445E-02 1.454E-04 1.567E+03 8.406E-01 1.764E+01 2.000E+00
5.276E+07 7.868E+02 6.097E-01 1.445E-02 1.629E-04 1.352E+03 8.410E-01 1.764E+01 2.000E+00
7.882E+06 7.448E+02 6.216E-01 1.445E-02 1.950E-04 1.379E+03 8.418E-01 1.765E+01 2.000E+00
1.305E+07 5.744E+02 6.773E-01 1.445E-02 2.539E-04 1.546E+03 8.432E-01 1.765E+01 2.000E+00
2.278E+07 4.932E+02 7.089E-01 1.445E-02 3.619E-04 1.773E+03 8.458E-01 1.765E+01 2.000E+00
3.426E+07 7.383E+02 6.239E-01 1.445E-02 5.598E-04 1.385E+03 8.506E-01 1.765E+01 2.000E+00
3.280E+07 5.659E+02 6.814E-01 1.445E-02 9.225E-04 1.557E+03 8.592E-01 1.766E+01 2.000E+00
8.216E+06 8.547E+02 5.930E-01 1.445E-02 1.587E-03 1.323E+03 8.712E-01 1.768E+01 2.000E+00
4.885E+07 4.047E+02 7.531E-01 1.445E-02 2.806E-03 1.895E+03 8.932E-01 1.770E+01 2.000E+00
9.074E+06 9.790E+02 5.661E-01 1.445E-02 5.040E-03 1.307E+03 9.221E-01 1.776E+01 2.000E+00
1.232E+07 6.146E+02 6.628E-01 1.827E-02 1.244E-04 1.499E+03 8.554E-01 1.764E+01 2.000E+00
1.543E+07 6.146E+02 6.628E-01 1.827E-02 1.244E-04 1.499E+03 8.554E-01 1.764E+01 2.000E+00
2.951E+07 6.146E+02 6.628E-01 1.827E-02 1.245E-04 1.499E+03 8.554E-01 1.764E+01 2.000E+00
6.607E+07 4.897E+02 7.099E-01 1.827E-02 1.246E-04 1.692E+03 8.554E-01 1.764E+01 2.000E+00
1.996E+07 5.029E+02 7.045E-01 1.827E-02 1.249E-04 1.665E+03 8.554E-01 1.764E+01 2.000E+00
5.297E+06 7.449E+02 6.215E-01 1.827E-02 1.253E-04 1.382E+03 8.554E-01 1.764E+01 2.000E+00
5.515E+06 2.776E+02 8.067E-01 1.827E-02 1.262E-04 2.914E+03 8.555E-01 1.764E+01 2.000E+00
6.259E+06 5.459E+02 6.877E-01 1.827E-02 1.277E-04 1.590E+03 8.555E-01 1.764E+01 2.000E+00
1.837E+08 8.377E+02 5.961E-01 1.827E-02 1.306E-04 1.326E+03 8.556E-01 1.764E+01 2.000E+00
6.588E+06 5.300E+02 6.938E-01 1.827E-02 1.358E-04 1.616E+03 8.557E-01 1.764E+01 2.000E+00
1.992E+07 5.623E+02 6.816E-01 1.827E-02 1.454E-04 1.566E+03 8.559E-01 1.764E+01 2.000E+00
1.225E+08 3.958E+02 7.508E-01 1.827E-02 1.629E-04 1.982E+03 8.563E-01 1.764E+01 2.000E+00
1.231E+07 6.394E+02 6.545E-01 1.827E-02 1.950E-04 1.472E+03 8.571E-01 1.765E+01 2.000E+00
4.076E+07 2.880E+02 8.023E-01 1.827E-02 2.539E-04 2.744E+03 8.585E-01 1.765E+01 2.000E+00
7.560E+06 9.785E+02 5.628E-01 1.827E-02 3.619E-04 1.269E+03 8.611E-01 1.765E+01 2.000E+00
1.436E+07 5.970E+02 6.696E-01 1.827E-02 5.598E-04 1.571E+03 8.659E-01 1.765E+01 2.000E+00
1.854E+07 6.600E+02 6.486E-01 1.827E-02 9.225E-04 1.454E+03 8.730E-01 1.766E+01 2.000E+00
6.967E+07 8.454E+02 5.954E-01 1.827E-02 1.587E-03 1.332E+03 8.850E-01 1.768E+01 2.000E+00
3.852E+07 7.488E+02 6.232E-01 1.827E-02 2.806E-03 1.395E+03 9.062E-01 1.771E+01 2.000E+00
5.454E+07 8.822E+02 5.891E-01 1.827E-02 5.040E-03 1.347E+03 9.340E-01 1.776E+01 2.000E+00
5.277E+06 2.577E+02 8.160E-01 2.311E-02 1.244E-04 3.343E+03 8.748E-01 1.764E+01 2.000E+00
6.173E+06 2.577E+02 8.160E-01 2.311E-02 1.244E-04 3.343E+03 8.748E-01 1.764E+01 2.000E+00
9.089E+06 2.577E+02 8.160E-01 2.311E-02 1.245E-04 3.343E+03 8.748E-01 1.764E+01 2.000E+00
1.086E+08 2.577E+02 8.160E-01 2.311E-02 1.246E-04 3.343E+03 8.748E-01 1.764E+01 2.000E+00
6.373E+06 6.509E+02 6.506E-01 2.311E-02 1.249E-04 1.465E+03 8.748E-01 1.764E+01 2.000E+00
3.131E+07 6.395E+02 6.543E-01 2.311E-02 1.253E-04 1.476E+03 8.748E-01 1.764E+01 2.000E+00
1.210E+07 5.824E+02 6.742E-01 2.311E-02 1.262E-04 1.542E+03 8.749E-01 1.764E+01 2.000E+00
2.973E+07 3.001E+02 7.961E-01 2.311E-02 1.277E-04 2.603E+03 8.749E-01 1.764E+01 2.000E+00
7.218E+06 7.448E+02 6.215E-01 2.311E-02 1.306E-04 1.387E+03 8.750E-01 1.764E+01 2.000E+00
2.904E+07 3.564E+02 7.692E-01 2.311E-02 1.358E-04 2.151E+03 8.751E-01 1.764E+01 2.000E+00
6.695E+07 7.777E+02 6.122E-01 2.311E-02 1.454E-04 1.365E+03 8.753E-01 1.764E+01 2.000E+00
2.295E+07 8.919E+02 5.826E-01 2.311E-02 1.629E-04 1.305E+03 8.758E-01 1.764E+01 2.000E+00
6.742E+06 7.976E+02 6.068E-01 2.311E-02 1.950E-04 1.354E+03 8.765E-01 1.765E+01 2.000E+00
5.605E+07 2.711E+02 8.103E-01 2.311E-02 2.539E-04 3.021E+03 8.779E-01 1.765E+01 2.000E+00
1.411E+07 8.534E+02 5.923E-01 2.311E-02 3.619E-04 1.324E+03 8.803E-01 1.765E+01 2.000E+00
7.497E+06 9.482E+02 5.697E-01 2.311E-02 5.598E-04 1.287E+03 8.839E-01 1.765E+01 2.000E+00
1.910E+07 9.549E+02 5.684E-01 2.311E-02 9.225E-04 1.286E+03 8.904E-01 1.766E+01 2.000E+00
5.353E+06 2.905E+02 8.059E-01 2.311E-02 1.587E-03 2.640E+03 9.024E-01 1.768E+01 2.000E+00
1.291E+07 5.281E+02 6.992E-01 2.311E-02 2.806E-03 1.623E+03 9.213E-01 1.771E+01 2.000E+00
9.921E+06 6.232E+02 6.666E-01 2.311E-02 5.040E-03 1.511E+03 9.461E-01 1.776E+01 2.000E+00
4.274E+07 8.554E+02 5.916E-01 2.923E-02 1.244E-04 1.328E+03 8.981E-01 1.764E+01 2.000E+00
5.509E+07 8.554E+02 5.916E-01 2.923E-02 1.244E-04 1.331E+03 8.981E-01 1.764E+01 2.000E+00
1.193E+08 8.554E+02 5.916E-01 2.923E-02 1.245E-04 1.334E+03 8.981E-01 1.764E+01 2.000E+00
1.815E+07 8.612E+02 5.901E-01 2.923E-02 1.246E-04 1.354E+03 8.981E-01 1.764E+01 2.000E+00
3.924E+07 8.612E+02 5.901E-01 2.923E-02 1.249E-04 1.325E+03 8.981E-01 1.764E+01 2.000E+00
1.355E+08 8.636E+02 5.895E-01 2.923E-02 1.253E-04 1.324E+03 8.981E-01 1.764E+01 2.000E+00
5.616E+07 9.267E+02 5.743E-01 2.923E-02 1.262E-04 1.297E+03 8.981E-01 1.764E+01 2.000E+00
1.782E+07 9.360E+02 5.721E-01 2.923E-02 1.277E-04 1.293E+03 8.982E-01 1.764E+01 2.000E+00
3.677E+06 4.303E+02 7.352E-01 2.923E-02 1.306E-04 1.850E+03 8.982E-01 1.764E+01 2.000E+00
6.215E+07 6.091E+02 6.647E-01 2.923E-02 1.358E-04 1.515E+03 8.983E-01 1.764E+01 2.000E+00
5.530E+07 6.754E+02 6.427E-01 2.923E-02 1.454E-04 1.449E+03 8.985E-01 1.764E+01 2.000E+00
1.027E+07 6.740E+02 6.431E-01 2.923E-02 1.629E-04 1.450E+03 8.988E-01 1.764E+01 2.000E+00
2.791E+07 6.731E+02 6.435E-01 2.923E-02 1.950E-04 1.450E+03 8.994E-01 1.765E+01 2.000E+00
1.264E+07 8.996E+02 5.808E-01 2.923E-02 2.539E-04 1.309E+03 9.004E-01 1.765E+01 2.000E+00
1.099E+08 9.067E+02 5.792E-01 2.923E-02 3.619E-04 1.307E+03 9.024E-01 1.765E+01 2.000E+00
1.415E+07 5.595E+02 6.833E-01 2.923E-02 5.598E-04 1.580E+03 9.060E-01 1.765E+01 2.000E+00
1.638E+07 9.863E+02 5.615E-01 2.923E-02 9.225E-04 1.283E+03 9.125E-01 1.766E+01 2.000E+00
1.674E+08 3.162E+02 7.932E-01 2.923E-02 1.587E-03 2.389E+03 9.245E-01 1.768E+01 2.000E+00
1.035E+07 2.297E+02 8.406E-01 2.923E-02 2.806E-03 3.860E+03 9.403E-01 1.771E+01 2.000E+00
1.527E+07 3.749E+02 7.734E-01 2.923E-02 5.040E-03 1.993E+03 9.614E-01 1.776E+01 2.000E+00
6.058E+06 9.484E+02 5.693E-01 3.697E-02 1.244E-04 1.298E+03 9.260E-01 1.764E+01 2.000E+00
6.101E+06 9.484E+02 5.693E-01 3.697E-02 1.244E-04 1.298E+03 9.260E-01 1.764E+01 2.000E+00
6.182E+06 9.484E+02 5.693E-01 3.697E-02 1.245E-04 1.299E+03 9.260E-01 1.764E+01 2.000E+00
2.193E+07 4.050E+02 7.466E-01 3.697E-02 1.246E-04 1.940E+03 9.260E-01 1.764E+01 2.000E+00
6.649E+06 9.484E+02 5.693E-01 3.697E-02 1.249E-04 1.299E+03 9.260E-01 1.764E+01 2.000E+00
7.332E+06 9.484E+02 5.693E-01 3.697E-02 1.253E-04 1.298E+03 9.260E-01 1.764E+01 2.000E+00
3.396E+07 7.586E+02 6.176E-01 3.697E-02 1.262E-04 1.392E+03 9.260E-01 1.764E+01 2.000E+00
1.125E+08 7.104E+02 6.318E-01 3.697E-02 1.277E-04 1.426E+03 9.261E-01 1.764E+01 2.000E+00
1.322E+07 7.604E+02 6.171E-01 3.697E-02 1.306E-04 1.390E+03 9.261E-01 1.764E+01 2.000E+00
1.517E+07 5.218E+02 6.971E-01 3.697E-02 1.358E-04 1.648E+03 9.262E-01 1.764E+01 2.000E+00
1.927E+07 8.770E+02 5.862E-01 3.697E-02 1.454E-04 1.328E+03 9.264E-01 1.764E+01 2.000E+00
3.192E+07 5.671E+02 6.799E-01 3.697E-02 1.629E-04 1.578E+03 9.267E-01 1.764E+01 2.000E+00
1.427E+07 5.960E+02 6.695E-01 3.697E-02 1.950E-04 1.538E+03 9.273E-01 1.765E+01 2.000E+00
1.505E+07 7.760E+02 6.128E-01 3.697E-02 2.539E-04 1.381E+03 9.283E-01 1.765E+01 2.000E+00
8.760E+06 5.618E+02 6.822E-01 3.697E-02 3.619E-04 1.583E+03 9.303E-01 1.765E+01 2.000E+00
1.784E+07 6.902E+02 6.385E-01 3.697E-02 5.598E-04 1.445E+03 9.339E-01 1.765E+01 2.000E+00
9.864E+06 7.083E+02 6.333E-01 3.697E-02 9.225E-04 1.433E+03 9.404E-01 1.766E+01 2.000E+00
5.606E+06 6.434E+02 6.550E-01 3.697E-02 1.587E-03 1.492E+03 9.492E-01 1.768E+01 2.000E+00
2.100E+07 6.399E+02 6.578E-01 3.697E-02 2.806E-03 1.503E+03 9.640E-01 1.771E+01 2.000E+00
5.685E+06 6.337E+02 6.629E-01 3.697E-02 5.040E-03 1.525E+03 9.797E-01 1.776E+01 2.000E+00
6.340E+06 8.641E+02 5.894E-01 4.677E-02 1.244E-04 1.345E+03 9.613E-01 1.764E+01 2.000E+00
6.488E+06 8.641E+02 5.894E-01 4.677E-02 1.244E-04 1.345E+03 9.613E-01 1.764E+01 2.000E+00
6.782E+06 8.641E+02 5.894E-01 4.677E-02 1.245E-04 1.345E+03 9.613E-01 1.764E+01 2.000E+00
7.412E+06 8.641E+02 5.894E-01 4.677E-02 1.246E-04 1.345E+03 9.614E-01 1.764E+01 2.000E+00
1.544E+07 5.740E+02 6.773E-01 4.677E-02 1.249E-04 1.575E+03 9.614E-01 1.764E+01 2.000E+00
1.581E+07 8.641E+02 5.894E-01 4.677E-02 1.253E-04 1.345E+03 9.614E-01 1.764E+01 2.000E+00
5.127E+07 9.032E+02 5.798E-01 4.677E-02 1.262E-04 1.329E+03 9.614E-01 1.764E+01 2.000E+00
2.875E+07 8.996E+02 5.807E-01 4.677E-02 1.277E-04 1.330E+03 9.614E-01 1.764E+01 2.000E+00
6.686E+06 7.196E+02 6.290E-01 4.677E-02 1.306E-04 1.430E+03 9.615E-01 1.764E+01 2.000E+00
1.208E+07 9.789E+02 5.625E-01 4.677E-02 1.358E-04 1.301E+03 9.616E-01 1.764E+01 2.000E+00
1.188E+07 6.221E+02 6.603E-01 4.677E-02 1.454E-04 1.517E+03 9.617E-01 1.764E+01 2.000E+00
1.466E+07 9.785E+02 5.626E-01 4.677E-02 1.629E-04 1.301E+03 9.619E-01 1.765E+01 2.000E+00
2.153E+07 5.584E+02 6.832E-01 4.677E-02 1.950E-04 1.597E+03 9.623E-01 1.765E+01 2.000E+00
2.139E+07 8.533E+02 5.922E-01 4.677E-02 2.539E-04 1.356E+03 9.630E-01 1.765E+01 2.000E+00
8.151E+07 9.190E+02 5.763E-01 4.677E-02 3.619E-04 1.325E+03 9.644E-01 1.765E+01 2.000E+00
1.797E+07 7.475E+02 6.212E-01 4.677E-02 5.598E-04 1.414E+03 9.668E-01 1.765E+01 2.000E+00
6.900E+06 6.538E+02 6.507E-01 4.677E-02 9.225E-04 1.490E+03 9.713E-01 1.766E+01 2.000E+00
9.742E+07 6.800E+02 6.430E-01 4.677E-02 1.587E-03 1.472E+03 9.793E-01 1.768E+01 2.000E+00
3.326E+07 2.339E+02 8.390E-01 4.677E-02 2.806E-03 3.680E+03 9.885E-01 1.771E+01 2.000E+00
2.211E+07 9.483E+02 5.732E-01 4.677E-02 5.040E-03 1.391E+03 9.964E-01 1.776E+01 2.000E+00
2.524E+08 9.184E+02 5.762E-01 5.915E-02 1.244E-04 1.341E+03 9.993E-01 1.764E+01 3.000E+00
9.414E+08 9.184E+02 5.762E-01 5.915E-02 1.244E-04 1.340E+03 9.993E-01 1.764E+01 3.000E+00
9.881E+06 8.895E+02 5.831E-01 5.915E-02 1.245E-04 1.351E+03 9.993E-01 1.764E+01 3.000E+00
1.108E+07 8.895E+02 5.831E-01 5.915E-02 1.246E-04 1.356E+03 9.993E-01 1.764E+01 3.000E+00
1.440E+07 8.895E+02 5.831E-01 5.915E-02 1.249E-04 1.351E+03 9.993E-01 1.764E+01 3.000E+00
1.329E+07 4.890E+02 7.103E-01 5.915E-02 1.253E-04 1.727E+03 9.993E-01 1.764E+01 3.000E+00
1.353E+08 7.289E+02 6.262E-01 5.915E-02 1.262E-04 1.437E+03 9.993E-01 1.764E+01 3.000E+00
4.090E+08 6.646E+02 6.462E-01 5.915E-02 1.277E-04 1.488E+03 9.993E-01 1.764E+01 3.000E+00
9.796E+06 9.726E+02 5.639E-01 5.915E-02 1.306E-04 1.322E+03 9.994E-01 1.764E+01 3.000E+00
1.976E+07 9.483E+02 5.694E-01 5.915E-02 1.358E-04 1.331E+03 9.994E-01 1.764E+01 3.000E+00
1.127E+07 7.385E+02 6.234E-01 5.915E-02 1.454E-04 1.431E+03 9.995E-01 1.764E+01 3.000E+00
5.059E+07 3.824E+02 7.573E-01 5.915E-02 1.629E-04 2.063E+03 9.996E-01 1.765E+01 3.000E+00
1.316E+07 6.575E+02 6.486E-01 5.915E-02 1.950E-04 1.495E+03 9.998E-01 1.765E+01 3.000E+00
2.423E+07 8.535E+02 5.922E-01 5.915E-02 2.539E-04 1.370E+03 1.000E+00 1.765E+01 3.000E+00
5.364E+06 9.804E+02 5.624E-01 5.915E-02 3.619E-04 1.323E+03 1.000E+00 1.765E+01 3.000E+00
1.438E+08 4.888E+02 7.112E-01 5.915E-02 5.598E-04 1.729E+03 1.000E+00 1.765E+01 3.000E+00
4.779E+06 7.975E+02 6.076E-01 5.915E-02 9.225E-04 1.404E+03 1.000E+00 1.766E+01 0.000E+00
1.427E+07 8.643E+02 5.906E-01 5.915E-02 1.587E-03 1.390E+03 1.000E+00 1.768E+01 0.000E+00
5.595E+07 3.214E+02 7.948E-01 5.915E-02 2.806E-03 2.337E+03 1.000E+00 1.771E+01 0.000E+00
3.655E+07 8.752E+02 5.909E-01 5.915E-02 5.040E-03 1.444E+03 1.000E+00 1.776E+01 0.000E+00
5.385E+06 7.421E+02 6.224E-01 7.482E-02 1.244E-04 1.449E+03 1.000E+00 1.764E+01 0.000E+00
8.983E+06 5.370E+02 6.913E-01 7.482E-02 1.244E-04 1.657E+03 1.000E+00 1.764E+01 0.000E+00
6.120E+06 7.421E+02 6.224E-01 7.482E-02 1.245E-04 1.450E+03 1.000E+00 1.764E+01 0.000E+00
2.469E+06 3.358E+02 7.794E-01 7.482E-02 1.246E-04 2.314E+03 1.000E+00 1.764E+01 0.000E+00
3.961E+06 3.358E+02 7.794E-01 7.482E-02 1.249E-04 2.317E+03 1.000E+00 1.764E+01 0.000E+00
3.504E+07 3.401E+02 7.774E-01 7.482E-02 1.253E-04 2.285E+03 1.000E+00 1.764E+01 0.000E+00
3.258E+07 5.890E+02 6.719E-01 7.482E-02 1.262E-04 1.586E+03 1.000E+00 1.764E+01 0.000E+00
3.029E+07 6.555E+02 6.492E-01 7.482E-02 1.277E-04 1.516E+03 1.000E+00 1.764E+01 0.000E+00
2.818E+07 8.390E+02 5.958E-01 7.482E-02 1.306E-04 1.398E+03 1.000E+00 1.764E+01 0.000E+00
1.004E+07 8.310E+02 5.979E-01 7.482E-02 1.358E-04 1.401E+03 1.000E+00 1.765E+01 0.000E+00
9.663E+07 7.096E+02 6.321E-01 7.482E-02 1.454E-04 1.472E+03 1.000E+00 1.765E+01 0.000E+00
6.276E+06 2.503E+02 8.203E-01 7.482E-02 1.629E-04 3.538E+03 1.000E+00 1.765E+01 0.000E+00
1.750E+07 9.234E+02 5.751E-01 7.482E-02 1.950E-04 1.366E+03 1.000E+00 1.765E+01 0.000E+00
2.374E+07 4.646E+02 7.208E-01 7.482E-02 2.539E-04 1.804E+03 1.000E+00 1.765E+01 0.000E+00
4.422E+06 3.335E+02 7.813E-01 7.482E-02 3.619E-04 2.324E+03 1.000E+00 1.765E+01 0.000E+00
4.604E+07 9.576E+02 5.676E-01 7.482E-02 5.598E-04 1.362E+03 1.000E+00 1.765E+01 0.000E+00
1.628E+08 3.319E+02 7.838E-01 7.482E-02 9.225E-04 2.321E+03 1.000E+00 1.766E+01 0.000E+00
1.137E+07 9.062E+02 5.804E-01 7.482E-02 1.587E-03 1.399E+03 1.000E+00 1.768E+01 0.000E+00
1.395E+07 3.620E+02 7.743E-01 7.482E-02 2.806E-03 2.121E+03 1.000E+00 1.771E+01 0.000E+00
1.138E+07 6.329E+02 6.633E-01 7.482E-02 5.040E-03 1.599E+03 1.000E+00 1.776E+01 0.000E+00
1.494E+08 7.379E+02 6.236E-01 9.464E-02 1.244E-04 1.486E+03 1.000E+00 1.765E+01 0.000E+00
5.329E+06 5.203E+02 6.979E-01 9.464E-02 1.244E-04 1.707E+03 1.000E+00 1.765E+01 0.000E+00
6.613E+06 5.203E+02 6.979E-01 9.464E-02 1.245E-04 1.712E+03 1.000E+00 1.765E+01 0.000E+00
1.241E+07 5.203E+02 6.979E-01 9.464E-02 1.246E-04 1.707E+03 1.000E+00 1.765E+01 0.000E+00
5.658E+06 5.168E+02 6.992E-01 9.464E-02 1.249E-04 1.713E+03 1.000E+00 1.765E+01 0.000E+00
9.250E+06 5.131E+02 7.007E-01 9.464E-02 1.253E-04 1.719E+03 1.000E+00 1.765E+01 0.000E+00
1.162E+07 7.701E+02 6.144E-01 9.464E-02 1.262E-04 1.464E+03 1.000E+00 1.765E+01 0.000E+00
1.278E+08 2.440E+02 8.233E-01 9.464E-02 1.277E-04 3.751E+03 1.000E+00 1.765E+01 0.000E+00
4.515E+06 8.874E+02 5.837E-01 9.464E-02 1.306E-04 1.415E+03 1.000E+00 1.765E+01 0.000E+00
1.714E+07 7.900E+02 6.089E-01 9.464E-02 1.358E-04 1.454E+03 1.000E+00 1.765E+01 0.000E+00
4.360E+07 2.504E+02 8.205E-01 9.464E-02 1.454E-04 3.540E+03 1.000E+00 1.765E+01 0.000E+00
1.090E+07 4.711E+02 7.180E-01 9.464E-02 1.629E-04 1.802E+03 1.000E+00 1.765E+01 0.000E+00
1.859E+07 9.788E+02 5.626E-01 9.464E-02 1.950E-04 1.393E+03 1.000E+00 1.765E+01 0.000E+00
1.155E+07 5.881E+02 6.725E-01 9.464E-02 2.539E-04 1.613E+03 1.000E+00 1.765E+01 0.000E+00
2.291E+08 8.126E+02 6.030E-01 9.464E-02 3.619E-04 1.448E+03 1.000E+00 1.765E+01 0.000E+00
7.671E+06 7.907E+02 6.091E-01 9.464E-02 5.598E-04 1.462E+03 1.000E+00 1.766E+01 0.000E+00
8.128E+06 8.747E+02 5.875E-01 9.464E-02 9.225E-04 1.439E+03 1.000E+00 1.766E+01 0.000E+00
3.813E+06 2.502E+02 8.268E-01 9.464E-02 1.587E-03 3.351E+03 1.000E+00 1.768E+01 0.000E+00
1.183E+07 5.732E+02 6.819E-01 9.464E-02 2.806E-03 1.662E+03 1.000E+00 1.771E+01 0.000E+00
2.312E+08 7.513E+02 6.250E-01 9.464E-02 5.040E-03 1.599E+03 1.000E+00 1.776E+01 0.000E+00
7.368E+06 7.234E+02 6.280E-01 1.197E-01 1.244E-04 1.538E+03 1.000E+00 1.765E+01 0.000E+00
7.914E+06 7.234E+02 6.280E-01 1.197E-01 1.244E-04 1.538E+03 1.000E+00 1.765E+01 0.000E+00
9.191E+06 7.234E+02 6.280E-01 1.197E-01 1.245E-04 1.549E+03 1.000E+00 1.765E+01 0.000E+00
5.676E+07 7.796E+02 6.118E-01 1.197E-01 1.246E-04 1.519E+03 1.000E+00 1.765E+01 0.000E+00
1.204E+08 7.234E+02 6.280E-01 1.197E-01 1.249E-04 1.539E+03 1.000E+00 1.765E+01 0.000E+00
1.638E+07 7.182E+02 6.295E-01 1.197E-01 1.253E-04 1.542E+03 1.000E+00 1.765E+01 0.000E+00
7.476E+07 2.520E+02 8.201E-01 1.197E-01 1.262E-04 3.480E+03 1.000E+00 1.765E+01 0.000E+00
2.056E+07 7.890E+02 6.092E-01 1.197E-01 1.277E-04 1.507E+03 1.000E+00 1.765E+01 0.000E+00
1.216E+07 9.191E+02 5.761E-01 1.197E-01 1.306E-04 1.472E+03 1.000E+00 1.765E+01 0.000E+00
1.775E+07 3.330E+02 7.812E-01 1.197E-01 1.358E-04 2.369E+03 1.000E+00 1.765E+01 0.000E+00
4.216E+07 8.078E+02 6.041E-01 1.197E-01 1.454E-04 1.502E+03 1.000E+00 1.765E+01 0.000E+00
1.499E+07 4.244E+02 7.384E-01 1.197E-01 1.629E-04 1.952E+03 1.000E+00 1.765E+01 0.000E+00
1.227E+07 8.871E+02 5.838E-01 1.197E-01 1.950E-04 1.482E+03 1.000E+00 1.765E+01 0.000E+00
5.401E+06 9.736E+02 5.638E-01 1.197E-01 2.539E-04 1.472E+03 1.000E+00 1.765E+01 0.000E+00
2.048E+07 5.484E+02 6.874E-01 1.197E-01 3.619E-04 1.701E+03 1.000E+00 1.765E+01 0.000E+00
1.949E+07 8.520E+02 5.929E-01 1.197E-01 5.598E-04 1.501E+03 1.000E+00 1.766E+01 0.000E+00
3.041E+06 6.015E+02 6.688E-01 1.197E-01 9.225E-04 1.648E+03 1.000E+00 1.766E+01 0.000E+00
2.001E+07 8.883E+02 5.847E-01 1.197E-01 1.587E-03 1.539E+03 1.000E+00 1.768E+01 0.000E+00
1.489E+07 2.204E+02 8.469E-01 1.197E-01 2.806E-03 4.211E+03 1.000E+00 1.771E+01 0.000E+00
5.545E+06 5.244E+02 7.048E-01 1.197E-01 5.040E-03 1.824E+03 1.000E+00 1.776E+01 0.000E+00
7.331E+07 7.150E+02 6.306E-01 1.514E-01 1.244E-04 1.622E+03 1.000E+00 1.765E+01 0.000E+00
5.616E+08 7.150E+02 6.306E-01 1.514E-01 1.244E-04 1.622E+03 1.000E+00 1.765E+01 0.000E+00
2.326E+07 6.988E+02 6.355E-01 1.514E-01 1.245E-04 1.629E+03 1.000E+00 1.765E+01 0.000E+00
8.470E+08 6.988E+02 6.355E-01 1.514E-01 1.246E-04 1.629E+03 1.000E+00 1.765E+01 0.000E+00
4.413E+07 8.554E+02 5.917E-01 1.514E-01 1.249E-04 1.598E+03 1.000E+00 1.765E+01 0.000E+00
4.722E+07 7.667E+02 6.154E-01 1.514E-01 1.253E-04 1.606E+03 1.000E+00 1.765E+01 0.000E+00
4.808E+06 8.869E+02 5.839E-01 1.514E-01 1.262E-04 1.600E+03 1.000E+00 1.765E+01 0.000E+00
1.549E+06 3.225E+02 7.867E-01 1.514E-01 1.277E-04 2.477E+03 1.000E+00 1.765E+01 0.000E+00
7.703E+07 8.738E+02 5.871E-01 1.514E-01 1.306E-04 1.599E+03 1.000E+00 1.765E+01 0.000E+00
3.101E+07 9.622E+02 5.663E-01 1.514E-01 1.358E-04 1.628E+03 1.000E+00 1.765E+01 0.000E+00
2.294E+07 8.237E+02 5.999E-01 1.514E-01 1.454E-04 1.599E+03 1.000E+00 1.765E+01 0.000E+00
6.305E+06 3.498E+02 7.734E-01 1.514E-01 1.629E-04 2.299E+03 1.000E+00 1.765E+01 0.000E+00
5.197E+06 9.471E+02 5.698E-01 1.514E-01 1.950E-04 1.622E+03 1.000E+00 1.765E+01 0.000E+00
2.424E+07 2.671E+02 8.141E-01 1.514E-01 2.539E-04 3.129E+03 1.000E+00 1.765E+01 0.000E+00
1.778E+08 9.735E+02 5.640E-01 1.514E-01 3.619E-04 1.651E+03 1.000E+00 1.765E+01 0.000E+00
3.809E+06 5.320E+02 6.942E-01 1.514E-01 5.598E-04 1.783E+03 1.000E+00 1.766E+01 0.000E+00
5.030E+07 9.208E+02 5.764E-01 1.514E-01 9.225E-04 1.681E+03 1.000E+00 1.766E+01 0.000E+00
2.256E+08 4.192E+02 7.442E-01 1.514E-01 1.587E-03 2.022E+03 1.000E+00 1.768E+01 0.000E+00
3.081E+07 9.112E+02 5.802E-01 1.514E-01 2.806E-03 1.967E+03 1.000E+00 1.771E+01 0.000E+00
2.890E+07 8.176E+02 6.062E-01 1.514E-01 5.040E-03 2.322E+03 1.000E+00 1.776E+01 0.000E+00
1.764E+07 9.039E+02 5.798E-01 1.915E-01 1.244E-04 2.041E+03 1.000E+00 1.765E+01 0.000E+00
1.863E+07 9.039E+02 5.798E-01 1.915E-01 1.244E-04 2.042E+03 1.000E+00 1.765E+01 0.000E+00
2.079E+07 9.039E+02 5.798E-01 1.915E-01 1.245E-04 2.052E+03 1.000E+00 1.765E+01 0.000E+00
2.655E+07 9.039E+02 5.798E-01 1.915E-01 1.246E-04 2.044E+03 1.000E+00 1.765E+01 0.000E+00
5.599E+07 9.039E+02 5.798E-01 1.915E-01 1.249E-04 2.041E+03 1.000E+00 1.765E+01 0.000E+00
1.190E+07 4.804E+02 7.144E-01 1.915E-01 1.253E-04 1.939E+03 1.000E+00 1.765E+01 0.000E+00
4.147E+07 6.736E+02 6.435E-01 1.915E-01 1.262E-04 1.976E+03 1.000E+00 1.765E+01 0.000E+00
2.848E+07 6.529E+02 6.502E-01 1.915E-01 1.277E-04 1.789E+03 1.000E+00 1.765E+01 0.000E+00
2.499E+07 7.305E+02 6.260E-01 1.915E-01 1.306E-04 1.796E+03 1.000E+00 1.765E+01 0.000E+00
7.556E+06 6.271E+02 6.589E-01 1.915E-01 1.358E-04 1.796E+03 1.000E+00 1.765E+01 0.000E+00
1.018E+08 4.419E+02 7.310E-01 1.915E-01 1.454E-04 2.017E+03 1.000E+00 1.765E+01 0.000E+00
7.187E+08 8.840E+02 5.846E-01 1.915E-01 1.629E-04 1.994E+03 1.000E+00 1.765E+01 0.000E+00
9.744E+06 8.405E+02 5.956E-01 1.915E-01 1.950E-04 1.907E+03 1.000E+00 1.765E+01 0.000E+00
4.962E+07 8.421E+02 5.952E-01 1.915E-01 2.539E-04 1.923E+03 1.000E+00 1.765E+01 0.000E+00
1.431E+07 7.439E+02 6.223E-01 1.915E-01 3.619E-04 1.826E+03 1.000E+00 1.765E+01 0.000E+00
5.761E+06 5.612E+02 6.831E-01 1.915E-01 5.598E-04 1.856E+03 1.000E+00 1.766E+01 0.000E+00
7.746E+06 7.468E+02 6.221E-01 1.915E-01 9.225E-04 1.906E+03 1.000E+00 1.767E+01 0.000E+00
2.273E+07 8.176E+02 6.029E-01 1.915E-01 1.587E-03 2.259E+03 1.000E+00 1.768E+01 0.000E+00
2.579E+07 7.101E+02 6.352E-01 1.915E-01 2.806E-03 2.231E+03 1.000E+00 1.771E+01 0.000E+00
4.065E+06 3.187E+02 8.047E-01 1.915E-01 5.040E-03 2.570E+03 1.000E+00 1.776E+01 0.000E+00
6.954E+06 5.237E+02 6.970E-01 2.422E-01 1.244E-04 2.073E+03 1.000E+00 1.765E+01 0.000E+00
8.081E+06 5.237E+02 6.970E-01 2.422E-01 1.244E-04 2.067E+03 1.000E+00 1.765E+01 0.000E+00
1.165E+07 5.237E+02 6.970E-01 2.422E-01 1.245E-04 2.067E+03 1.000E+00 1.765E+01 0.000E+00
8.092E+07 5.237E+02 6.970E-01 2.422E-01 1.246E-04 2.067E+03 1.000E+00 1.765E+01 0.000E+00
9.066E+06 4.212E+02 7.404E-01 2.422E-01 1.249E-04 2.192E+03 1.000E+00 1.765E+01 0.000E+00
2.186E+07 4.538E+02 7.260E-01 2.422E-01 1.253E-04 2.129E+03 1.000E+00 1.765E+01 0.000E+00
5.319E+06 5.929E+02 6.710E-01 2.422E-01 1.262E-04 2.092E+03 1.000E+00 1.765E+01 0.000E+00
2.937E+07 3.863E+02 7.566E-01 2.422E-01 1.277E-04 2.289E+03 1.000E+00 1.765E+01 0.000E+00
3.079E+07 3.557E+02 7.712E-01 2.422E-01 1.306E-04 2.412E+03 1.000E+00 1.765E+01 0.000E+00
6.217E+06 4.125E+02 7.444E-01 2.422E-01 1.358E-04 2.213E+03 1.000E+00 1.765E+01 0.000E+00
3.159E+07 2.924E+02 8.025E-01 2.422E-01 1.454E-04 2.875E+03 1.000E+00 1.765E+01 0.000E+00
7.528E+06 3.654E+02 7.666E-01 2.422E-01 1.629E-04 2.374E+03 1.000E+00 1.765E+01 0.000E+00
2.923E+07 4.104E+02 7.455E-01 2.422E-01 1.950E-04 2.221E+03 1.000E+00 1.765E+01 0.000E+00
1.567E+07 4.382E+02 7.331E-01 2.422E-01 2.539E-04 2.163E+03 1.000E+00 1.765E+01 0.000E+00
1.656E+07 6.519E+02 6.510E-01 2.422E-01 3.619E-04 2.284E+03 1.000E+00 1.765E+01 0.000E+00
7.660E+06 4.392E+02 7.333E-01 2.422E-01 5.598E-04 2.179E+03 1.000E+00 1.766E+01 0.000E+00
2.721E+07 6.503E+02 6.522E-01 2.422E-01 9.225E-04 2.526E+03 1.000E+00 1.767E+01 0.000E+00
5.107E+06 5.350E+02 6.950E-01 2.422E-01 1.587E-03 2.272E+03 1.000E+00 1.768E+01 0.000E+00
2.011E+08 3.345E+02 7.897E-01 2.422E-01 2.806E-03 2.597E+03 1.000E+00 1.771E+01 0.000E+00
1.238E+07 4.452E+02 7.402E-01 2.422E-01 5.040E-03 2.989E+03 1.000E+00 1.776E+01 0.000E+00
1.336E+07 3.167E+02 7.910E-01 3.064E-01 1.244E-04 2.802E+03 1.000E+00 1.765E+01 0.000E+00
2.248E+07 3.167E+02 7.910E-01 3.064E-01 1.244E-04 2.836E+03 1.000E+00 1.765E+01 0.000E+00
5.707E+06 2.643E+02 8.172E-01 3.064E-01 1.245E-04 3.356E+03 1.000E+00 1.765E+01 0.000E+00
1.256E+07 2.643E+02 8.172E-01 3.064E-01 1.246E-04 3.356E+03 1.000E+00 1.765E+01 0.000E+00
1.086E+07 2.402E+02 8.289E-01 3.064E-01 1.249E-04 3.892E+03 1.000E+00 1.765E+01 0.000E+00
5.306E+06 5.256E+02 6.965E-01 3.064E-01 1.253E-04 3.086E+03 1.000E+00 1.765E+01 0.000E+00
1.641E+06 5.244E+02 6.969E-01 3.064E-01 1.262E-04 3.065E+03 1.000E+00 1.765E+01 0.000E+00
2.163E+07 5.247E+02 6.968E-01 3.064E-01 1.277E-04 3.234E+03 1.000E+00 1.765E+01 0.000E+00
9.065E+06 4.874E+02 7.119E-01 3.064E-01 1.306E-04 2.666E+03 1.000E+00 1.765E+01 0.000E+00
1.162E+07 5.305E+02 6.946E-01 3.064E-01 1.358E-04 3.214E+03 1.000E+00 1.765E+01 0.000E+00
2.832E+07 3.328E+02 7.831E-01 3.064E-01 1.454E-04 2.709E+03 1.000E+00 1.765E+01 0.000E+00
3.034E+06 3.518E+02 7.737E-01 3.064E-01 1.629E-04 2.627E+03 1.000E+00 1.765E+01 0.000E+00
8.189E+06 2.008E+02 8.464E-01 3.064E-01 1.950E-04 NAN 1.000E+00 1.765E+01 0.000E+00
1.989E+06 4.809E+02 7.149E-01 3.064E-01 2.539E-04 2.686E+03 1.000E+00 1.765E+01 0.000E+00
6.162E+06 3.045E+02 7.980E-01 3.064E-01 3.619E-04 2.898E+03 1.000E+00 1.766E+01 0.000E+00
4.427E+06 2.972E+02 8.023E-01 3.064E-01 5.598E-04 2.963E+03 1.000E+00 1.766E+01 0.000E+00
6.558E+06 4.172E+02 7.444E-01 3.064E-01 9.225E-04 2.655E+03 1.000E+00 1.767E+01 0.000E+00
2.871E+06 2.779E+02 8.160E-01 3.064E-01 1.587E-03 3.178E+03 1.000E+00 1.768E+01 0.000E+00
1.651E+06 2.438E+02 8.389E-01 3.064E-01 2.806E-03 3.670E+03 1.000E+00 1.771E+01 0.000E+00
1.104E+07 2.362E+02 8.531E-01 3.064E-01 5.040E-03 3.888E+03 1.000E+00 1.776E+01 0.000E+00
4.321E+07 2.177E+02 8.409E-01 3.875E-01 1.244E-04 4.903E+03 1.000E+00 1.765E+01 0.000E+00
1.797E+07 2.312E+02 8.347E-01 3.875E-01 1.244E-04 4.319E+03 1.000E+00 1.765E+01 0.000E+00
7.181E+07 2.312E+02 8.347E-01 3.875E-01 1.245E-04 4.319E+03 1.000E+00 1.765E+01 0.000E+00
5.413E+06 2.259E+02 8.372E-01 3.875E-01 1.246E-04 4.513E+03 1.000E+00 1.765E+01 0.000E+00
9.257E+06 3.155E+02 7.925E-01 3.875E-01 1.249E-04 3.263E+03 1.000E+00 1.765E+01 0.000E+00
3.841E+06 2.744E+02 8.134E-01 3.875E-01 1.253E-04 3.494E+03 1.000E+00 1.765E+01 0.000E+00
1.952E+07 2.658E+02 8.177E-01 3.875E-01 1.262E-04 3.593E+03 1.000E+00 1.765E+01 0.000E+00
8.698E+06 3.504E+02 7.750E-01 3.875E-01 1.277E-04 3.361E+03 1.000E+00 1.765E+01 0.000E+00
1.585E+07 2.928E+02 8.041E-01 3.875E-01 1.306E-04 3.348E+03 1.000E+00 1.765E+01 0.000E+00
7.271E+06 3.738E+02 7.636E-01 3.875E-01 1.358E-04 3.741E+03 1.000E+00 1.765E+01 0.000E+00
1.796E+06 3.473E+02 7.766E-01 3.875E-01 1.454E-04 3.347E+03 1.000E+00 1.765E+01 0.000E+00
1.934E+07 3.512E+02 7.747E-01 3.875E-01 1.629E-04 3.396E+03 1.000E+00 1.765E+01 0.000E+00
2.079E+06 3.164E+02 7.923E-01 3.875E-01 1.950E-04 3.279E+03 1.000E+00 1.765E+01 0.000E+00
1.990E+07 3.645E+02 7.684E-01 3.875E-01 2.539E-04 3.646E+03 1.000E+00 1.765E+01 0.000E+00
5.832E+06 3.651E+02 7.684E-01 3.875E-01 3.619E-04 3.786E+03 1.000E+00 1.766E+01 0.000E+00
1.216E+08 3.162E+02 7.936E-01 3.875E-01 5.598E-04 3.394E+03 1.000E+00 1.766E+01 0.000E+00
2.472E+06 3.082E+02 7.988E-01 3.875E-01 9.225E-04 3.508E+03 1.000E+00 1.767E+01 0.000E+00
3.512E+06 2.885E+02 8.115E-01 3.875E-01 1.587E-03 3.716E+03 1.000E+00 1.769E+01 0.000E+00
1.958E+06 2.529E+02 8.354E-01 3.875E-01 2.806E-03 4.209E+03 1.000E+00 1.771E+01 0.000E+00
4.148E+06 2.192E+02 8.645E-01 3.875E-01 5.040E-03 5.648E+03 1.000E+00 1.776E+01 0.000E+00
1.853E+06 2.281E+02 8.383E-01 4.902E-01 1.244E-04 5.045E+03 1.000E+00 1.765E+01 0.000E+00
1.212E+06 2.194E+02 8.425E-01 4.902E-01 1.244E-04 5.272E+03 1.000E+00 1.765E+01 0.000E+00
6.537E+06 2.169E+02 8.436E-01 4.902E-01 1.245E-04 5.356E+03 1.000E+00 1.765E+01 0.000E+00
1.431E+06 2.255E+02 8.395E-01 4.902E-01 1.246E-04 5.100E+03 1.000E+00 1.765E+01 0.000E+00
1.379E+06 2.194E+02 8.425E-01 4.902E-01 1.249E-04 5.271E+03 1.000E+00 1.765E+01 0.000E+00
1.627E+06 2.207E+02 8.418E-01 4.902E-01 1.253E-04 5.229E+03 1.000E+00 1.765E+01 0.000E+00
2.599E+06 2.194E+02 8.425E-01 4.902E-01 1.262E-04 5.271E+03 1.000E+00 1.765E+01 0.000E+00
7.143E+06 2.211E+02 8.417E-01 4.902E-01 1.277E-04 5.224E+03 1.000E+00 1.765E+01 0.000E+00
2.409E+07 2.525E+02 8.261E-01 4.902E-01 1.306E-04 4.954E+03 1.000E+00 1.765E+01 0.000E+00
2.847E+06 2.158E+02 8.442E-01 4.902E-01 1.358E-04 5.402E+03 1.000E+00 1.765E+01 0.000E+00
7.030E+06 2.281E+02 8.384E-01 4.902E-01 1.454E-04 5.052E+03 1.000E+00 1.765E+01 0.000E+00
9.709E+06 2.192E+02 8.428E-01 4.902E-01 1.629E-04 5.284E+03 1.000E+00 1.766E+01 0.000E+00
3.331E+07 2.523E+02 8.265E-01 4.902E-01 1.950E-04 5.015E+03 1.000E+00 1.766E+01 0.000E+00
7.864E+06 2.193E+02 8.432E-01 4.902E-01 2.539E-04 5.298E+03 1.000E+00 1.766E+01 0.000E+00
3.004E+06 2.266E+02 8.401E-01 4.902E-01 3.619E-04 5.157E+03 1.000E+00 1.766E+01 0.000E+00
4.293E+06 2.129E+02 8.478E-01 4.902E-01 5.598E-04 5.576E+03 1.000E+00 1.766E+01 0.000E+00
1.177E+07 2.308E+02 8.407E-01 4.902E-01 9.225E-04 5.480E+03 1.000E+00 1.767E+01 0.000E+00
1.870E+06 2.139E+02 8.524E-01 4.902E-01 1.587E-03 6.066E+03 1.000E+00 1.769E+01 0.000E+00
NAN NAN NAN 4.902E-01 2.806E-03 NAN 1.000E+00 1.772E+01 0.000E+00
NAN NAN NAN 4.902E-01 5.040E-03 NAN 1.000E+00 1.777E+01 0.000E+00
NAN NAN NAN 6.200E-01 1.244E-04 NAN 1.000E+00 1.766E+01 0.000E+00
NAN NAN NAN 6.200E-01 1.244E-04 NAN 1.000E+00 1.766E+01 0.000E+00
NAN NAN NAN 6.200E-01 1.245E-04 NAN 1.000E+00 1.766E+01 0.000E+00
NAN NAN NAN 6.200E-01 1.246E-04 NAN 1.000E+00 1.766E+01 0.000E+00
NAN NAN NAN 6.200E-01 1.249E-04 NAN 1.000E+00 1.766E+01 0.000E+00
NAN NAN NAN 6.200E-01 1.253E-04 NAN 1.000E+00 1.766E+01 0.000E+00
NAN NAN NAN 6.200E-01 1.262E-04 NAN 1.000E+00 1.766E+01 0.000E+00
NAN NAN NAN 6.200E-01 1.277E-04 NAN 1.000E+00 1.766E+01 0.000E+00
NAN NAN NAN 6.200E-01 1.306E-04 NAN 1.000E+00 1.766E+01 0.000E+00
NAN NAN NAN 6.200E-01 1.358E-04 NAN 1.000E+00 1.766E+01 0.000E+00
NAN NAN NAN 6.200E-01 1.454E-04 NAN 1.000E+00 1.766E+01 0.000E+00
NAN NAN NAN 6.200E-01 1.629E-04 NAN 1.000E+00 1.766E+01 0.000E+00
NAN NAN NAN 6.200E-01 1.950E-04 NAN 1.000E+00 1.766E+01 0.000E+00
NAN NAN NAN 6.200E-01 2.539E-04 NAN 1.000E+00 1.766E+01 0.000E+00
NAN NAN NAN 6.200E-01 3.619E-04 NAN 1.000E+00 1.766E+01 0.000E+00
NAN NAN NAN 6.200E-01 5.598E-04 NAN 1.000E+00 1.767E+01 0.000E+00
NAN NAN NAN 6.200E-01 9.225E-04 NAN 1.000E+00 1.768E+01 0.000E+00
NAN NAN NAN 6.200E-01 1.587E-03 NAN 1.000E+00 1.769E+01 0.000E+00
NAN NAN NAN 6.200E-01 2.806E-03 NAN 1.000E+00 1.772E+01 0.000E+00
NAN NAN NAN 6.200E-01 5.040E-03 NAN 1.000E+00 1.777E+01 0.000E+00
NAN NAN NAN 7.842E-01 1.244E-04 NAN 1.000E+00 1.766E+01 0.000E+00
NAN NAN NAN 7.842E-01 1.244E-04 NAN 1.000E+00 1.766E+01 0.000E+00
NAN NAN NAN 7.842E-01 1.245E-04 NAN 1.000E+00 1.766E+01 0.000E+00
NAN NAN NAN 7.842E-01 1.246E-04 NAN 1.000E+00 1.766E+01 0.000E+00
NAN NAN NAN 7.842E-01 1.249E-04 NAN 1.000E+00 1.766E+01 0.000E+00
NAN NAN NAN 7.842E-01 1.253E-04 NAN 1.000E+00 1.766E+01 0.000E+00
NAN NAN NAN 7.842E-01 1.262E-04 NAN 1.000E+00 1.766E+01 0.000E+00
NAN NAN NAN 7.842E-01 1.277E-04 NAN 1.000E+00 1.766E+01 0.000E+00
NAN NAN NAN 7.842E-01 1.306E-04 NAN 1.000E+00 1.766E+01 0.000E+00
NAN NAN NAN 7.842E-01 1.358E-04 NAN 1.000E+00 1.766E+01 0.000E+00
NAN NAN NAN 7.842E-01 1.454E-04 NAN 1.000E+00 1.766E+01 0.000E+00
NAN NAN NAN 7.842E-01 1.629E-04 NAN 1.000E+00 1.766E+01 0.000E+00
NAN NAN NAN 7.842E-01 1.950E-04 NAN 1.000E+00 1.766E+01 0.000E+00
NAN NAN NAN 7.842E-01 2.539E-04 NAN 1.000E+00 1.766E+01 0.000E+00
NAN NAN NAN 7.842E-01 3.619E-04 NAN 1.000E+00 1.767E+01 0.000E+00
NAN NAN NAN 7.842E-01 5.598E-04 NAN 1.000E+00 1.767E+01 0.000E+00
NAN NAN NAN 7.842E-01 9.225E-04 NAN 1.000E+00 1.768E+01 0.000E+00
NAN NAN NAN 7.842E-01 1.587E-03 NAN 1.000E+00 1.769E+01 0.000E+00
NAN NAN NAN 7.842E-01 2.806E-03 NAN 1.000E+00 1.772E+01 0.000E+00
NAN NAN NAN 7.842E-01 5.040E-03 NAN 1.000E+00 1.777E+01 0.000E+00
NAN NAN NAN 9.919E-01 1.244E-04 NAN 1.000E+00 1.767E+01 0.000E+00
NAN NAN NAN 9.919E-01 1.244E-04 NAN 1.000E+00 1.767E+01 0.000E+00
NAN NAN NAN 9.919E-01 1.245E-04 NAN 1.000E+00 1.767E+01 0.000E+00
NAN NAN NAN 9.919E-01 1.246E-04 NAN 1.000E+00 1.767E+01 0.000E+00
NAN NAN NAN 9.919E-01 1.249E-04 NAN 1.000E+00 1.767E+01 0.000E+00
NAN NAN NAN 9.919E-01 1.253E-04 NAN 1.000E+00 1.767E+01 0.000E+00
NAN NAN NAN 9.919E-01 1.262E-04 NAN 1.000E+00 1.767E+01 0.000E+00
NAN NAN NAN 9.919E-01 1.277E-04 NAN 1.000E+00 1.767E+01 0.000E+00
NAN NAN NAN 9.919E-01 1.306E-04 NAN 1.000E+00 1.767E+01 0.000E+00
NAN NAN NAN 9.919E-01 1.358E-04 NAN 1.000E+00 1.767E+01 0.000E+00
NAN NAN NAN 9.919E-01 1.454E-04 NAN 1.000E+00 1.767E+01 0.000E+00
NAN NAN NAN 9.919E-01 1.629E-04 NAN 1.000E+00 1.767E+01 0.000E+00
NAN NAN NAN 9.919E-01 1.950E-04 NAN 1.000E+00 1.767E+01 0.000E+00
NAN NAN NAN 9.919E-01 2.539E-04 NAN 1.000E+00 1.767E+01 0.000E+00
NAN NAN NAN 9.919E-01 3.619E-04 NAN 1.000E+00 1.767E+01 0.000E+00
NAN NAN NAN 9.919E-01 5.598E-04 NAN 1.000E+00 1.768E+01 0.000E+00
NAN NAN NAN 9.919E-01 9.225E-04 NAN 1.000E+00 1.768E+01 0.000E+00
NAN NAN NAN 9.919E-01 1.587E-03 NAN 1.000E+00 1.770E+01 0.000E+00
NAN NAN NAN 9.919E-01 2.806E-03 NAN 1.000E+00 1.773E+01 0.000E+00
NAN NAN NAN 9.919E-01 5.040E-03 NAN 1.000E+00 1.778E+01 0.000E+00
NAN NAN NAN 1.255E+00 1.244E-04 NAN 1.000E+00 1.767E+01 3.000E+00
NAN NAN NAN 1.255E+00 1.244E-04 NAN 1.000E+00 1.767E+01 3.000E+00
NAN NAN NAN 1.255E+00 1.245E-04 NAN 1.000E+00 1.767E+01 3.000E+00
NAN NAN NAN 1.255E+00 1.246E-04 NAN 1.000E+00 1.767E+01 3.000E+00
NAN NAN NAN 1.255E+00 1.249E-04 NAN 1.000E+00 1.767E+01 3.000E+00
NAN NAN NAN 1.255E+00 1.253E-04 NAN 1.000E+00 1.767E+01 3.000E+00
NAN NAN NAN 1.255E+00 1.262E-04 NAN 1.000E+00 1.767E+01 3.000E+00
NAN NAN NAN 1.255E+00 1.277E-04 NAN 1.000E+00 1.767E+01 3.000E+00
NAN NAN NAN 1.255E+00 1.306E-04 NAN 1.000E+00 1.767E+01 3.000E+00
NAN NAN NAN 1.255E+00 1.358E-04 NAN 1.000E+00 1.767E+01 3.000E+00
NAN NAN NAN 1.255E+00 1.454E-04 NAN 1.000E+00 1.767E+01 3.000E+00
NAN NAN NAN 1.255E+00 1.629E-04 NAN 1.000E+00 1.767E+01 3.000E+00
NAN NAN NAN 1.255E+00 1.950E-04 NAN 1.000E+00 1.767E+01 3.000E+00
NAN NAN NAN 1.255E+00 2.539E-04 NAN 1.000E+00 1.767E+01 3.000E+00
NAN NAN NAN 1.255E+00 3.619E-04 NAN 1.000E+00 1.768E+01 3.000E+00
NAN NAN NAN 1.255E+00 5.598E-04 NAN 1.000E+00 1.768E+01 3.000E+00
NAN NAN NAN 1.255E+00 9.225E-04 NAN 1.000E+00 1.769E+01 3.000E+00
NAN NAN NAN 1.255E+00 1.587E-03 NAN 1.000E+00 1.771E+01 3.000E+00
NAN NAN NAN 1.255E+00 2.806E-03 NAN 1.000E+00 1.773E+01 3.000E+00
NAN NAN NAN 1.255E+00 5.040E-03 NAN 1.000E+00 1.778E+01 3.000E+00
NAN NAN NAN 1.587E+00 1.244E-04 NAN 1.000E+00 1.768E+01 3.000E+00
NAN NAN NAN 1.587E+00 1.244E-04 NAN 1.000E+00 1.768E+01 3.000E+00
NAN NAN NAN 1.587E+00 1.245E-04 NAN 1.000E+00 1.768E+01 3.000E+00
NAN NAN NAN 1.587E+00 1.246E-04 NAN 1.000E+00 1.768E+01 3.000E+00
NAN NAN NAN 1.587E+00 1.249E-04 NAN 1.000E+00 1.768E+01 3.000E+00
NAN NAN NAN 1.587E+00 1.253E-04 NAN 1.000E+00 1.768E+01 3.000E+00
NAN NAN NAN 1.587E+00 1.262E-04 NAN 1.000E+00 1.768E+01 3.000E+00
NAN NAN NAN 1.587E+00 1.277E-04 NAN 1.000E+00 1.768E+01 3.000E+00
NAN NAN NAN 1.587E+00 1.306E-04 NAN 1.000E+00 1.768E+01 3.000E+00
NAN NAN NAN 1.587E+00 1.358E-04 NAN 1.000E+00 1.768E+01 3.000E+00
NAN NAN NAN 1.587E+00 1.454E-04 NAN 1.000E+00 1.768E+01 3.000E+00
NAN NAN NAN 1.587E+00 1.629E-04 NAN 1.000E+00 1.768E+01 3.000E+00
NAN NAN NAN 1.587E+00 1.950E-04 NAN 1.000E+00 1.768E+01 3.000E+00
NAN NAN NAN 1.587E+00 2.539E-04 NAN 1.000E+00 1.768E+01 3.000E+00
NAN NAN NAN 1.587E+00 3.619E-04 NAN 1.000E+00 1.768E+01 3.000E+00
NAN NAN NAN 1.587E+00 5.598E-04 NAN 1.000E+00 1.769E+01 3.000E+00
NAN NAN NAN 1.587E+00 9.225E-04 NAN 1.000E+00 1.770E+01 3.000E+00
NAN NAN NAN 1.587E+00 1.587E-03 NAN 1.000E+00 1.771E+01 3.000E+00
NAN NAN NAN 1.587E+00 2.806E-03 NAN 1.000E+00 1.774E+01 3.000E+00
NAN NAN NAN 1.587E+00 5.040E-03 NAN 1.000E+00 1.779E+01 3.000E+00
NAN NAN NAN 2.007E+00 1.244E-04 NAN 1.000E+00 1.769E+01 3.000E+00
NAN NAN NAN 2.007E+00 1.244E-04 NAN 1.000E+00 1.769E+01 3.000E+00
NAN NAN NAN 2.007E+00 1.245E-04 NAN 1.000E+00 1.769E+01 3.000E+00
NAN NAN NAN 2.007E+00 1.246E-04 NAN 1.000E+00 1.769E+01 3.000E+00
NAN NAN NAN 2.007E+00 1.249E-04 NAN 1.000E+00 1.769E+01 3.000E+00
NAN NAN NAN 2.007E+00 1.253E-04 NAN 1.000E+00 1.769E+01 3.000E+00
NAN NAN NAN 2.007E+00 1.262E-04 NAN 1.000E+00 1.769E+01 3.000E+00
NAN NAN NAN 2.007E+00 1.277E-04 NAN 1.000E+00 1.769E+01 3.000E+00
NAN NAN NAN 2.007E+00 1.306E-04 NAN 1.000E+00 1.769E+01 3.000E+00
NAN NAN NAN 2.007E+00 1.358E-04 NAN 1.000E+00 1.769E+01 3.000E+00
NAN NAN NAN 2.007E+00 1.454E-04 NAN 1.000E+00 1.769E+01 3.000E+00
NAN NAN NAN 2.007E+00 1.629E-04 NAN 1.000E+00 1.769E+01 3.000E+00
NAN NAN NAN 2.007E+00 1.950E-04 NAN 1.000E+00 1.769E+01 3.000E+00
NAN NAN NAN 2.007E+00 2.539E-04 NAN 1.000E+00 1.769E+01 3.000E+00
NAN NAN NAN 2.007E+00 3.619E-04 NAN 1.000E+00 1.769E+01 3.000E+00
NAN NAN NAN 2.007E+00 5.598E-04 NAN 1.000E+00 1.770E+01 3.000E+00
NAN NAN NAN 2.007E+00 9.225E-04 NAN 1.000E+00 1.771E+01 3.000E+00
NAN NAN NAN 2.007E+00 1.587E-03 NAN 1.000E+00 1.772E+01 3.000E+00
NAN NAN NAN 2.007E+00 2.806E-03 NAN 1.000E+00 1.775E+01 3.000E+00
NAN NAN NAN 2.007E+00 5.040E-03 NAN 1.000E+00 1.780E+01 3.000E+00
NAN NAN NAN 2.539E+00 1.244E-04 NAN 1.000E+00 1.770E+01 3.000E+00
NAN NAN NAN 2.539E+00 1.244E-04 NAN 1.000E+00 1.770E+01 3.000E+00
NAN NAN NAN 2.539E+00 1.245E-04 NAN 1.000E+00 1.770E+01 3.000E+00
NAN NAN NAN 2.539E+00 1.246E-04 NAN 1.000E+00 1.770E+01 3.000E+00
NAN NAN NAN 2.539E+00 1.249E-04 NAN 1.000E+00 1.770E+01 3.000E+00
NAN NAN NAN 2.539E+00 1.253E-04 NAN 1.000E+00 1.770E+01 3.000E+00
NAN NAN NAN 2.539E+00 1.262E-04 NAN 1.000E+00 1.770E+01 3.000E+00
NAN NAN NAN 2.539E+00 1.277E-04 NAN 1.000E+00 1.770E+01 3.000E+00
NAN NAN NAN 2.539E+00 1.306E-04 NAN 1.000E+00 1.770E+01 3.000E+00
NAN NAN NAN 2.539E+00 1.358E-04 NAN 1.000E+00 1.770E+01 3.000E+00
NAN NAN NAN 2.539E+00 1.454E-04 NAN 1.000E+00 1.770E+01 3.000E+00
NAN NAN NAN 2.539E+00 1.629E-04 NAN 1.000E+00 1.770E+01 3.000E+00
NAN NAN NAN 2.539E+00 1.950E-04 NAN 1.000E+00 1.770E+01 3.000E+00
NAN NAN NAN 2.539E+00 2.539E-04 NAN 1.000E+00 1.770E+01 3.000E+00
NAN NAN NAN 2.539E+00 3.619E-04 NAN 1.000E+00 1.771E+01 3.000E+00
NAN NAN NAN 2.539E+00 5.598E-04 NAN 1.000E+00 1.771E+01 3.000E+00
NAN NAN NAN 2.539E+00 9.225E-04 NAN 1.000E+00 1.772E+01 3.000E+00
NAN NAN NAN 2.539E+00 1.587E-03 NAN 1.000E+00 1.773E+01 3.000E+00
NAN NAN NAN 2.539E+00 2.806E-03 NAN 1.000E+00 1.776E+01 3.000E+00
NAN NAN NAN 2.539E+00 5.040E-03 NAN 1.000E+00 1.781E+01 3.000E+00
NAN NAN NAN 3.211E+00 1.244E-04 NAN 1.000E+00 1.772E+01 3.000E+00
NAN NAN NAN 3.211E+00 1.244E-04 NAN 1.000E+00 1.772E+01 3.000E+00
NAN NAN NAN 3.211E+00 1.245E-04 NAN 1.000E+00 1.772E+01 3.000E+00
NAN NAN NAN 3.211E+00 1.246E-04 NAN 1.000E+00 1.772E+01 3.000E+00
NAN NAN NAN 3.211E+00 1.249E-04 NAN 1.000E+00 1.772E+01 3.000E+00
NAN NAN NAN 3.211E+00 1.253E-04 NAN 1.000E+00 1.772E+01 3.000E+00
NAN NAN NAN 3.211E+00 1.262E-04 NAN 1.000E+00 1.772E+01 3.000E+00
NAN NAN NAN 3.211E+00 1.277E-04 NAN 1.000E+00 1.772E+01 3.000E+00
NAN NAN NAN 3.211E+00 1.306E-04 NAN 1.000E+00 1.772E+01 3.000E+00
NAN NAN NAN 3.211E+00 1.358E-04 NAN 1.000E+00 1.772E+01 3.000E+00
NAN NAN NAN 3.211E+00 1.454E-04 NAN 1.000E+00 1.772E+01 3.000E+00
NAN NAN NAN 3.211E+00 1.629E-04 NAN 1.000E+00 1.772E+01 3.000E+00
NAN NAN NAN 3.211E+00 1.950E-04 NAN 1.000E+00 1.772E+01 3.000E+00
NAN NAN NAN 3.211E+00 2.539E-04 NAN 1.000E+00 1.772E+01 3.000E+00
NAN NAN NAN 3.211E+00 3.619E-04 NAN 1.000E+00 1.772E+01 3.000E+00
NAN NAN NAN 3.211E+00 5.598E-04 NAN 1.000E+00 1.773E+01 3.000E+00
NAN NAN NAN 3.211E+00 9.225E-04 NAN 1.000E+00 1.774E+01 3.000E+00
NAN NAN NAN 3.211E+00 1.587E-03 NAN 1.000E+00 1.775E+01 3.000E+00
NAN NAN NAN 3.211E+00 2.806E-03 NAN 1.000E+00 1.778E+01 3.000E+00
NAN NAN NAN 3.211E+00 5.040E-03 NAN 1.000E+00 1.783E+01 3.000E+00
NAN NAN NAN 4.062E+00 1.244E-04 NAN 1.000E+00 2.139E+01 3.000E+00
NAN NAN NAN 4.062E+00 1.244E-04 NAN 1.000E+00 2.139E+01 3.000E+00
NAN NAN NAN 4.062E+00 1.245E-04 NAN 1.000E+00 2.139E+01 3.000E+00
NAN NAN NAN 4.062E+00 1.246E-04 NAN 1.000E+00 2.139E+01 3.000E+00
NAN NAN NAN 4.062E+00 1.249E-04 NAN 1.000E+00 2.139E+01 3.000E+00
NAN NAN NAN 4.062E+00 1.253E-04 NAN 1.000E+00 2.139E+01 3.000E+00
NAN NAN NAN 4.062E+00 1.262E-04 NAN 1.000E+00 2.139E+01 3.000E+00
NAN NAN NAN 4.062E+00 1.277E-04 NAN 1.000E+00 2.139E+01 3.000E+00
NAN NAN NAN 4.062E+00 1.306E-04 NAN 1.000E+00 2.139E+01 3.000E+00
NAN NAN NAN 4.062E+00 1.358E-04 NAN 1.000E+00 2.139E+01 3.000E+00
NAN NAN NAN 4.062E+00 1.454E-04 NAN 1.000E+00 2.139E+01 3.000E+00
NAN NAN NAN 4.062E+00 1.629E-04 NAN 1.000E+00 2.140E+01 3.000E+00
NAN NAN NAN 4.062E+00 1.950E-04 NAN 1.000E+00 2.140E+01 3.000E+00
NAN NAN NAN 4.062E+00 2.539E-04 NAN 1.000E+00 2.140E+01 3.000E+00
NAN NAN NAN 4.062E+00 3.619E-04 NAN 1.000E+00 2.141E+01 3.000E+00
NAN NAN NAN 4.062E+00 5.598E-04 NAN 1.000E+00 2.142E+01 3.000E+00
NAN NAN NAN 4.062E+00 9.225E-04 NAN 1.000E+00 2.145E+01 3.000E+00
NAN NAN NAN 4.062E+00 1.587E-03 NAN 1.000E+00 2.150E+01 3.000E+00
NAN NAN NAN 4.062E+00 2.806E-03 NAN 1.000E+00 2.158E+01 3.000E+00
NAN NAN NAN 4.062E+00 5.040E-03 NAN 1.000E+00 2.174E+01 3.000E+00
NAN NAN NAN 5.138E+00 1.244E-04 NAN 1.000E+00 2.676E+01 3.000E+00
NAN NAN NAN 5.138E+00 1.244E-04 NAN 1.000E+00 2.676E+01 3.000E+00
NAN NAN NAN 5.138E+00 1.245E-04 NAN 1.000E+00 2.676E+01 3.000E+00
NAN NAN NAN 5.138E+00 1.246E-04 NAN 1.000E+00 2.676E+01 3.000E+00
NAN NAN NAN 5.138E+00 1.249E-04 NAN 1.000E+00 2.676E+01 3.000E+00
NAN NAN NAN 5.138E+00 1.253E-04 NAN 1.000E+00 2.676E+01 3.000E+00
NAN NAN NAN 5.138E+00 1.262E-04 NAN 1.000E+00 2.676E+01 3.000E+00
NAN NAN NAN 5.138E+00 1.277E-04 NAN 1.000E+00 2.676E+01 3.000E+00
NAN NAN NAN 5.138E+00 1.306E-04 NAN 1.000E+00 2.676E+01 3.000E+00
NAN NAN NAN 5.138E+00 1.358E-04 NAN 1.000E+00 2.676E+01 3.000E+00
NAN NAN NAN 5.138E+00 1.454E-04 NAN 1.000E+00 2.677E+01 3.000E+00
NAN NAN NAN 5.138E+00 1.629E-04 NAN 1.000E+00 2.677E+01 3.000E+00
NAN NAN NAN 5.138E+00 1.950E-04 NAN 1.000E+00 2.677E+01 3.000E+00
NAN NAN NAN 5.138E+00 2.539E-04 NAN 1.000E+00 2.677E+01 3.000E+00
NAN NAN NAN 5.138E+00 3.619E-04 NAN 1.000E+00 2.678E+01 3.000E+00
NAN NAN NAN 5.138E+00 5.598E-04 NAN 1.000E+00 2.679E+01 3.000E+00
NAN NAN NAN 5.138E+00 9.225E-04 NAN 1.000E+00 2.682E+01 3.000E+00
NAN NAN NAN 5.138E+00 1.587E-03 NAN 1.000E+00 2.687E+01 3.000E+00
NAN NAN NAN 5.138E+00 2.806E-03 NAN 1.000E+00 2.695E+01 3.000E+00
NAN NAN NAN 5.138E+00 5.040E-03 NAN 1.000E+00 2.711E+01 3.000E+00
