4.522E+07 2.634E+02 5.142E-02 5.137E-05 2.486E-05 3.537E+03 2.888E-01 1.114E+00 2.000E+00
1.997E+08 2.665E+02 5.133E-02 5.137E-05 2.490E-05 3.480E+03 2.888E-01 1.114E+00 2.000E+00
1.859E+08 3.199E+02 4.970E-02 5.137E-05 2.497E-05 2.988E+03 2.888E-01 1.114E+00 2.000E+00
1.003E+09 2.476E+02 5.188E-02 5.137E-05 2.511E-05 3.921E+03 2.888E-01 1.114E+00 2.000E+00
2.201E+08 2.680E+02 5.129E-02 5.137E-05 2.536E-05 3.454E+03 2.889E-01 1.114E+00 2.000E+00
4.714E+07 3.364E+02 4.920E-02 5.137E-05 2.582E-05 2.980E+03 2.889E-01 1.114E+00 2.000E+00
9.239E+07 2.609E+02 5.150E-02 5.137E-05 2.667E-05 3.585E+03 2.890E-01 1.114E+00 2.000E+00
2.000E+08 2.256E+02 5.250E-02 5.137E-05 2.822E-05 4.966E+03 2.892E-01 1.114E+00 2.000E+00
2.673E+08 2.363E+02 5.223E-02 5.137E-05 3.107E-05 4.330E+03 2.895E-01 1.114E+00 2.000E+00
4.970E+07 2.595E+02 5.158E-02 5.137E-05 3.629E-05 3.614E+03 2.901E-01 1.114E+00 2.000E+00
3.283E+08 2.466E+02 5.200E-02 5.137E-05 4.585E-05 3.924E+03 2.911E-01 1.114E+00 2.000E+00
1.196E+10 2.525E+02 5.190E-02 5.137E-05 6.338E-05 3.754E+03 2.931E-01 1.114E+00 2.000E+00
9.672E+07 3.066E+02 5.035E-02 5.137E-05 9.551E-05 3.246E+03 2.967E-01 1.115E+00 2.000E+00
4.066E+07 2.629E+02 5.196E-02 5.137E-05 1.544E-04 3.633E+03 3.032E-01 1.117E+00 2.000E+00
3.520E+08 2.207E+02 5.377E-02 5.137E-05 2.624E-04 4.617E+03 3.151E-01 1.119E+00 2.000E+00
NAN NAN NAN 5.137E-05 4.602E-04 NAN 3.369E-01 1.124E+00 2.000E+00
NAN NAN NAN 5.137E-05 8.229E-04 NAN 3.764E-01 1.132E+00 2.000E+00
NAN NAN NAN 5.137E-05 1.488E-03 NAN 4.474E-01 1.147E+00 2.000E+00
NAN NAN NAN 5.137E-05 2.706E-03 NAN 5.697E-01 1.175E+00 2.000E+00
NAN NAN NAN 5.137E-05 4.940E-03 NAN 7.473E-01 1.226E+00 2.000E+00
6.388E+09 3.199E+02 4.970E-02 6.498E-05 2.486E-05 2.991E+03 2.889E-01 1.114E+00 2.000E+00
7.891E+07 3.229E+02 4.961E-02 6.498E-05 2.490E-05 2.982E+03 2.889E-01 1.114E+00 2.000E+00
2.655E+08 2.476E+02 5.188E-02 6.498E-05 2.497E-05 3.922E+03 2.889E-01 1.114E+00 2.000E+00
9.902E+07 2.558E+02 5.165E-02 6.498E-05 2.511E-05 3.701E+03 2.889E-01 1.114E+00 2.000E+00
3.901E+07 3.544E+02 4.865E-02 6.498E-05 2.536E-05 3.074E+03 2.889E-01 1.114E+00 2.000E+00
4.929E+07 2.774E+02 5.101E-02 6.498E-05 2.582E-05 3.313E+03 2.890E-01 1.114E+00 2.000E+00
1.294E+08 3.152E+02 4.985E-02 6.498E-05 2.667E-05 3.009E+03 2.891E-01 1.114E+00 2.000E+00
1.113E+08 2.616E+02 5.149E-02 6.498E-05 2.822E-05 3.595E+03 2.892E-01 1.114E+00 2.000E+00
1.717E+08 3.516E+02 4.875E-02 6.498E-05 3.107E-05 3.092E+03 2.895E-01 1.114E+00 2.000E+00
6.062E+09 2.687E+02 5.131E-02 6.498E-05 3.629E-05 3.445E+03 2.901E-01 1.114E+00 2.000E+00
1.769E+09 3.496E+02 4.885E-02 6.498E-05 4.585E-05 3.203E+03 2.912E-01 1.114E+00 2.000E+00
2.150E+07 2.458E+02 5.210E-02 6.498E-05 6.338E-05 3.930E+03 2.931E-01 1.114E+00 2.000E+00
4.172E+08 2.262E+02 5.281E-02 6.498E-05 9.551E-05 4.649E+03 2.967E-01 1.115E+00 2.000E+00
4.239E+07 2.545E+02 5.222E-02 6.498E-05 1.544E-04 3.743E+03 3.032E-01 1.117E+00 2.000E+00
1.773E+08 2.218E+02 5.374E-02 6.498E-05 2.624E-04 4.582E+03 3.151E-01 1.119E+00 2.000E+00
NAN NAN NAN 6.498E-05 4.602E-04 NAN 3.369E-01 1.124E+00 2.000E+00
NAN NAN NAN 6.498E-05 8.229E-04 NAN 3.765E-01 1.132E+00 2.000E+00
NAN NAN NAN 6.498E-05 1.488E-03 NAN 4.474E-01 1.147E+00 2.000E+00
NAN NAN NAN 6.498E-05 2.706E-03 NAN 5.698E-01 1.175E+00 2.000E+00
NAN NAN NAN 6.498E-05 4.940E-03 NAN 7.474E-01 1.226E+00 2.000E+00
9.821E+07 2.493E+02 5.183E-02 8.219E-05 2.486E-05 3.871E+03 2.889E-01 1.114E+00 2.000E+00
4.469E+07 2.737E+02 5.112E-02 8.219E-05 2.490E-05 3.371E+03 2.889E-01 1.114E+00 2.000E+00
7.162E+07 2.643E+02 5.140E-02 8.219E-05 2.497E-05 3.521E+03 2.889E-01 1.114E+00 2.000E+00
2.395E+07 2.755E+02 5.106E-02 8.219E-05 2.511E-05 3.340E+03 2.889E-01 1.114E+00 2.000E+00
1.129E+08 3.506E+02 4.876E-02 8.219E-05 2.536E-05 3.044E+03 2.890E-01 1.114E+00 2.000E+00
1.690E+08 3.389E+02 4.912E-02 8.219E-05 2.582E-05 2.989E+03 2.890E-01 1.114E+00 2.000E+00
1.095E+08 2.384E+02 5.215E-02 8.219E-05 2.667E-05 4.250E+03 2.891E-01 1.114E+00 2.000E+00
1.775E+08 2.274E+02 5.245E-02 8.219E-05 2.822E-05 4.846E+03 2.893E-01 1.114E+00 2.000E+00
1.016E+09 3.208E+02 4.969E-02 8.219E-05 3.107E-05 3.008E+03 2.896E-01 1.114E+00 2.000E+00
5.451E+07 3.220E+02 4.967E-02 8.219E-05 3.629E-05 3.019E+03 2.902E-01 1.114E+00 2.000E+00
1.205E+09 3.527E+02 4.876E-02 8.219E-05 4.585E-05 3.259E+03 2.913E-01 1.114E+00 2.000E+00
6.576E+07 2.220E+02 5.277E-02 8.219E-05 6.338E-05 5.053E+03 2.932E-01 1.114E+00 2.000E+00
4.385E+07 3.107E+02 5.022E-02 8.219E-05 9.551E-05 3.257E+03 2.968E-01 1.115E+00 2.000E+00
1.230E+08 2.579E+02 5.212E-02 8.219E-05 1.544E-04 3.696E+03 3.033E-01 1.117E+00 2.000E+00
4.801E+07 2.283E+02 5.354E-02 8.219E-05 2.624E-04 4.406E+03 3.152E-01 1.119E+00 2.000E+00
NAN NAN NAN 8.219E-05 4.602E-04 NAN 3.370E-01 1.124E+00 2.000E+00
NAN NAN NAN 8.219E-05 8.229E-04 NAN 3.765E-01 1.132E+00 2.000E+00
NAN NAN NAN 8.219E-05 1.488E-03 NAN 4.475E-01 1.147E+00 2.000E+00
NAN NAN NAN 8.219E-05 2.706E-03 NAN 5.699E-01 1.175E+00 2.000E+00
NAN NAN NAN 8.219E-05 4.940E-03 NAN 7.475E-01 1.226E+00 2.000E+00
5.743E+07 2.292E+02 5.239E-02 1.040E-04 2.486E-05 4.735E+03 2.890E-01 1.114E+00 2.000E+00
3.086E+08 3.092E+02 5.003E-02 1.040E-04 2.490E-05 3.034E+03 2.890E-01 1.114E+00 2.000E+00
4.249E+07 2.729E+02 5.114E-02 1.040E-04 2.497E-05 3.382E+03 2.890E-01 1.114E+00 2.000E+00
1.252E+08 2.818E+02 5.087E-02 1.040E-04 2.511E-05 3.260E+03 2.890E-01 1.114E+00 2.000E+00
2.212E+08 2.539E+02 5.170E-02 1.040E-04 2.536E-05 3.748E+03 2.891E-01 1.114E+00 2.000E+00
4.091E+08 2.958E+02 5.045E-02 1.040E-04 2.582E-05 3.123E+03 2.891E-01 1.114E+00 2.000E+00
3.611E+07 3.214E+02 4.966E-02 1.040E-04 2.667E-05 2.994E+03 2.892E-01 1.114E+00 2.000E+00
7.780E+08 2.946E+02 5.049E-02 1.040E-04 2.822E-05 3.135E+03 2.894E-01 1.114E+00 2.000E+00
4.880E+09 2.991E+02 5.036E-02 1.040E-04 3.107E-05 3.105E+03 2.897E-01 1.114E+00 2.000E+00
8.451E+08 2.853E+02 5.080E-02 1.040E-04 3.629E-05 3.229E+03 2.903E-01 1.114E+00 2.000E+00
1.370E+08 3.008E+02 5.036E-02 1.040E-04 4.585E-05 3.155E+03 2.913E-01 1.114E+00 2.000E+00
1.647E+08 3.051E+02 5.029E-02 1.040E-04 6.338E-05 3.140E+03 2.933E-01 1.115E+00 2.000E+00
1.241E+08 3.297E+02 4.962E-02 1.040E-04 9.551E-05 3.450E+03 2.969E-01 1.115E+00 2.000E+00
2.440E+08 2.594E+02 5.207E-02 1.040E-04 1.544E-04 3.691E+03 3.034E-01 1.117E+00 2.000E+00
4.844E+08 2.324E+02 5.340E-02 1.040E-04 2.624E-04 4.322E+03 3.153E-01 1.119E+00 2.000E+00
NAN NAN NAN 1.040E-04 4.602E-04 NAN 3.371E-01 1.124E+00 2.000E+00
NAN NAN NAN 1.040E-04 8.229E-04 NAN 3.766E-01 1.132E+00 2.000E+00
NAN NAN NAN 1.040E-04 1.488E-03 NAN 4.476E-01 1.147E+00 2.000E+00
NAN NAN NAN 1.040E-04 2.706E-03 NAN 5.700E-01 1.175E+00 2.000E+00
NAN NAN NAN 1.040E-04 4.940E-03 NAN 7.476E-01 1.226E+00 2.000E+00
3.854E+08 2.359E+02 5.221E-02 1.315E-04 2.486E-05 4.369E+03 2.891E-01 1.114E+00 2.000E+00
1.168E+08 2.809E+02 5.090E-02 1.315E-04 2.490E-05 3.273E+03 2.891E-01 1.114E+00 2.000E+00
1.020E+08 3.051E+02 5.016E-02 1.315E-04 2.497E-05 3.058E+03 2.891E-01 1.114E+00 2.000E+00
2.867E+07 2.854E+02 5.076E-02 1.315E-04 2.511E-05 3.221E+03 2.891E-01 1.114E+00 2.000E+00
4.513E+07 3.389E+02 4.912E-02 1.315E-04 2.536E-05 2.994E+03 2.892E-01 1.114E+00 2.000E+00
1.580E+08 2.489E+02 5.185E-02 1.315E-04 2.582E-05 3.883E+03 2.892E-01 1.114E+00 2.000E+00
5.168E+07 3.417E+02 4.904E-02 1.315E-04 2.667E-05 3.009E+03 2.893E-01 1.114E+00 2.000E+00
9.163E+07 3.472E+02 4.888E-02 1.315E-04 2.822E-05 3.048E+03 2.895E-01 1.114E+00 2.000E+00
2.840E+08 2.914E+02 5.060E-02 1.315E-04 3.107E-05 3.189E+03 2.898E-01 1.114E+00 2.000E+00
8.192E+07 3.400E+02 4.912E-02 1.315E-04 3.629E-05 3.058E+03 2.904E-01 1.114E+00 2.000E+00
2.232E+08 3.341E+02 4.933E-02 1.315E-04 4.585E-05 3.081E+03 2.914E-01 1.114E+00 2.000E+00
5.163E+08 2.163E+02 5.292E-02 1.315E-04 6.338E-05 5.526E+03 2.934E-01 1.115E+00 2.000E+00
2.472E+08 2.375E+02 5.249E-02 1.315E-04 9.551E-05 4.154E+03 2.970E-01 1.115E+00 2.000E+00
5.392E+07 2.868E+02 5.119E-02 1.315E-04 1.544E-04 3.530E+03 3.035E-01 1.117E+00 2.000E+00
5.786E+07 2.560E+02 5.262E-02 1.315E-04 2.624E-04 4.201E+03 3.154E-01 1.119E+00 2.000E+00
NAN NAN NAN 1.315E-04 4.602E-04 NAN 3.372E-01 1.124E+00 2.000E+00
NAN NAN NAN 1.315E-04 8.229E-04 NAN 3.767E-01 1.132E+00 2.000E+00
NAN NAN NAN 1.315E-04 1.488E-03 NAN 4.477E-01 1.147E+00 2.000E+00
NAN NAN NAN 1.315E-04 2.706E-03 NAN 5.701E-01 1.175E+00 2.000E+00
NAN NAN NAN 1.315E-04 4.940E-03 NAN 7.477E-01 1.226E+00 2.000E+00
3.171E+07 3.081E+02 5.007E-02 1.663E-04 2.486E-05 3.044E+03 2.892E-01 1.114E+00 2.000E+00
1.246E+08 3.620E+02 4.842E-02 1.663E-04 2.490E-05 3.202E+03 2.892E-01 1.114E+00 2.000E+00
5.218E+07 3.079E+02 5.007E-02 1.663E-04 2.497E-05 3.045E+03 2.892E-01 1.114E+00 2.000E+00
1.255E+08 2.993E+02 5.034E-02 1.663E-04 2.511E-05 3.098E+03 2.893E-01 1.114E+00 2.000E+00
2.677E+08 3.250E+02 4.955E-02 1.663E-04 2.536E-05 2.990E+03 2.893E-01 1.114E+00 2.000E+00
4.382E+08 2.364E+02 5.220E-02 1.663E-04 2.582E-05 4.340E+03 2.893E-01 1.114E+00 2.000E+00
1.179E+08 2.925E+02 5.055E-02 1.663E-04 2.667E-05 3.155E+03 2.894E-01 1.114E+00 2.000E+00
4.038E+07 2.299E+02 5.239E-02 1.663E-04 2.822E-05 4.675E+03 2.896E-01 1.114E+00 2.000E+00
7.081E+07 2.527E+02 5.176E-02 1.663E-04 3.107E-05 3.774E+03 2.899E-01 1.114E+00 2.000E+00
1.218E+08 3.111E+02 5.001E-02 1.663E-04 3.629E-05 3.054E+03 2.905E-01 1.114E+00 2.000E+00
1.552E+08 3.487E+02 4.888E-02 1.663E-04 4.585E-05 3.217E+03 2.916E-01 1.114E+00 2.000E+00
7.239E+08 2.361E+02 5.238E-02 1.663E-04 6.338E-05 4.263E+03 2.935E-01 1.115E+00 2.000E+00
1.433E+08 3.157E+02 5.006E-02 1.663E-04 9.551E-05 3.293E+03 2.971E-01 1.115E+00 2.000E+00
8.709E+07 2.375E+02 5.275E-02 1.663E-04 1.544E-04 4.106E+03 3.036E-01 1.117E+00 2.000E+00
7.207E+07 2.529E+02 5.273E-02 1.663E-04 2.624E-04 4.186E+03 3.155E-01 1.119E+00 2.000E+00
NAN NAN NAN 1.663E-04 4.602E-04 NAN 3.373E-01 1.124E+00 2.000E+00
NAN NAN NAN 1.663E-04 8.229E-04 NAN 3.769E-01 1.132E+00 2.000E+00
NAN NAN NAN 1.663E-04 1.488E-03 NAN 4.479E-01 1.147E+00 2.000E+00
NAN NAN NAN 1.663E-04 2.706E-03 NAN 5.703E-01 1.175E+00 2.000E+00
NAN NAN NAN 1.663E-04 4.940E-03 NAN 7.479E-01 1.226E+00 2.000E+00
9.302E+08 2.681E+02 5.128E-02 2.104E-04 2.486E-05 3.457E+03 2.894E-01 1.114E+00 2.000E+00
2.219E+08 3.319E+02 4.933E-02 2.104E-04 2.490E-05 2.990E+03 2.894E-01 1.114E+00 2.000E+00
1.037E+09 3.269E+02 4.949E-02 2.104E-04 2.497E-05 2.991E+03 2.894E-01 1.114E+00 2.000E+00
3.172E+07 3.000E+02 5.032E-02 2.104E-04 2.511E-05 3.096E+03 2.894E-01 1.114E+00 2.000E+00
5.605E+08 3.152E+02 4.985E-02 2.104E-04 2.536E-05 3.017E+03 2.894E-01 1.114E+00 2.000E+00
8.398E+07 3.244E+02 4.957E-02 2.104E-04 2.582E-05 2.996E+03 2.895E-01 1.114E+00 2.000E+00
8.387E+08 2.609E+02 5.151E-02 2.104E-04 2.667E-05 3.721E+03 2.896E-01 1.114E+00 2.000E+00
7.791E+08 3.227E+02 4.963E-02 2.104E-04 2.822E-05 3.007E+03 2.898E-01 1.114E+00 2.000E+00
9.960E+07 2.337E+02 5.230E-02 2.104E-04 3.107E-05 4.457E+03 2.901E-01 1.114E+00 2.000E+00
5.489E+07 2.415E+02 5.211E-02 2.104E-04 3.629E-05 4.111E+03 2.907E-01 1.114E+00 2.000E+00
4.350E+07 2.293E+02 5.249E-02 2.104E-04 4.585E-05 4.644E+03 2.917E-01 1.114E+00 2.000E+00
1.221E+08 3.302E+02 4.951E-02 2.104E-04 6.338E-05 3.180E+03 2.937E-01 1.115E+00 2.000E+00
3.257E+08 2.935E+02 5.076E-02 2.104E-04 9.551E-05 3.288E+03 2.973E-01 1.115E+00 2.000E+00
2.081E+08 2.765E+02 5.152E-02 2.104E-04 1.544E-04 3.551E+03 3.038E-01 1.117E+00 2.000E+00
6.120E+07 2.392E+02 5.318E-02 2.104E-04 2.624E-04 4.237E+03 3.157E-01 1.119E+00 2.000E+00
NAN NAN NAN 2.104E-04 4.602E-04 NAN 3.375E-01 1.124E+00 2.000E+00
NAN NAN NAN 2.104E-04 8.229E-04 NAN 3.770E-01 1.132E+00 2.000E+00
NAN NAN NAN 2.104E-04 1.488E-03 NAN 4.480E-01 1.147E+00 2.000E+00
NAN NAN NAN 2.104E-04 2.706E-03 NAN 5.705E-01 1.175E+00 2.000E+00
NAN NAN NAN 2.104E-04 4.940E-03 NAN 7.481E-01 1.226E+00 2.000E+00
4.562E+08 3.307E+02 4.937E-02 2.661E-04 2.486E-05 3.195E+03 2.896E-01 1.114E+00 2.000E+00
6.438E+07 2.398E+02 5.211E-02 2.661E-04 2.490E-05 4.200E+03 2.896E-01 1.114E+00 2.000E+00
1.252E+07 2.935E+02 5.051E-02 2.661E-04 2.497E-05 3.149E+03 2.896E-01 1.114E+00 2.000E+00
3.785E+07 3.594E+02 4.850E-02 2.661E-04 2.511E-05 3.195E+03 2.896E-01 1.114E+00 2.000E+00
2.099E+08 3.174E+02 4.978E-02 2.661E-04 2.536E-05 3.015E+03 2.897E-01 1.114E+00 2.000E+00
6.813E+08 2.797E+02 5.094E-02 2.661E-04 2.582E-05 3.293E+03 2.897E-01 1.114E+00 2.000E+00
1.762E+08 3.074E+02 5.009E-02 2.661E-04 2.667E-05 3.058E+03 2.898E-01 1.114E+00 2.000E+00
4.756E+09 2.418E+02 5.206E-02 2.661E-04 2.822E-05 4.113E+03 2.900E-01 1.114E+00 2.000E+00
1.762E+09 3.526E+02 4.872E-02 2.661E-04 3.107E-05 3.151E+03 2.903E-01 1.114E+00 2.000E+00
8.038E+07 2.988E+02 5.039E-02 2.661E-04 3.629E-05 3.125E+03 2.909E-01 1.114E+00 2.000E+00
8.277E+08 2.756E+02 5.114E-02 2.661E-04 4.585E-05 3.357E+03 2.919E-01 1.114E+00 2.000E+00
6.071E+07 2.686E+02 5.142E-02 2.661E-04 6.338E-05 3.466E+03 2.939E-01 1.115E+00 2.000E+00
8.578E+07 2.769E+02 5.129E-02 2.661E-04 9.551E-05 3.399E+03 2.975E-01 1.115E+00 2.000E+00
5.080E+07 2.820E+02 5.134E-02 2.661E-04 1.544E-04 3.547E+03 3.040E-01 1.117E+00 2.000E+00
4.610E+07 2.478E+02 5.290E-02 2.661E-04 2.624E-04 4.198E+03 3.159E-01 1.119E+00 2.000E+00
NAN NAN NAN 2.661E-04 4.602E-04 NAN 3.377E-01 1.124E+00 2.000E+00
NAN NAN NAN 2.661E-04 8.229E-04 NAN 3.772E-01 1.132E+00 2.000E+00
NAN NAN NAN 2.661E-04 1.488E-03 NAN 4.483E-01 1.147E+00 2.000E+00
NAN NAN NAN 2.661E-04 2.706E-03 NAN 5.707E-01 1.175E+00 2.000E+00
NAN NAN NAN 2.661E-04 4.940E-03 NAN 7.484E-01 1.226E+00 2.000E+00
6.359E+08 2.421E+02 5.204E-02 3.366E-04 2.486E-05 4.110E+03 2.899E-01 1.114E+00 2.000E+00
8.853E+08 2.622E+02 5.146E-02 3.366E-04 2.490E-05 3.571E+03 2.899E-01 1.114E+00 2.000E+00
7.140E+07 2.797E+02 5.094E-02 3.366E-04 2.497E-05 3.295E+03 2.899E-01 1.114E+00 2.000E+00
6.136E+10 2.898E+02 5.063E-02 3.366E-04 2.511E-05 3.188E+03 2.899E-01 1.114E+00 2.000E+00
6.372E+07 3.158E+02 4.983E-02 3.366E-04 2.536E-05 3.048E+03 2.899E-01 1.114E+00 2.000E+00
3.627E+08 3.303E+02 4.939E-02 3.366E-04 2.582E-05 3.007E+03 2.900E-01 1.114E+00 2.000E+00
6.442E+08 2.636E+02 5.143E-02 3.366E-04 2.667E-05 3.542E+03 2.901E-01 1.114E+00 2.000E+00
3.091E+08 2.363E+02 5.222E-02 3.366E-04 2.822E-05 4.339E+03 2.902E-01 1.114E+00 2.000E+00
3.253E+08 2.525E+02 5.177E-02 3.366E-04 3.107E-05 3.784E+03 2.906E-01 1.114E+00 2.000E+00
7.975E+07 3.193E+02 4.976E-02 3.366E-04 3.629E-05 3.049E+03 2.911E-01 1.114E+00 2.000E+00
2.354E+08 2.377E+02 5.226E-02 3.366E-04 4.585E-05 4.262E+03 2.922E-01 1.114E+00 2.000E+00
6.494E+07 2.821E+02 5.101E-02 3.366E-04 6.338E-05 3.306E+03 2.942E-01 1.115E+00 2.000E+00
5.470E+09 3.086E+02 5.029E-02 3.366E-04 9.551E-05 3.291E+03 2.977E-01 1.115E+00 2.000E+00
3.018E+08 2.312E+02 5.294E-02 3.366E-04 1.544E-04 4.309E+03 3.043E-01 1.117E+00 2.000E+00
1.354E+08 2.406E+02 5.314E-02 3.366E-04 2.624E-04 4.261E+03 3.162E-01 1.119E+00 2.000E+00
NAN NAN NAN 3.366E-04 4.602E-04 NAN 3.380E-01 1.124E+00 2.000E+00
NAN NAN NAN 3.366E-04 8.229E-04 NAN 3.775E-01 1.132E+00 2.000E+00
NAN NAN NAN 3.366E-04 1.488E-03 NAN 4.486E-01 1.147E+00 2.000E+00
NAN NAN NAN 3.366E-04 2.706E-03 NAN 5.710E-01 1.175E+00 2.000E+00
NAN NAN NAN 3.366E-04 4.940E-03 NAN 7.488E-01 1.226E+00 2.000E+00
8.139E+07 2.686E+02 5.127E-02 4.257E-04 2.486E-05 3.457E+03 2.902E-01 1.114E+00 2.000E+00
1.437E+08 2.799E+02 5.093E-02 4.257E-04 2.490E-05 3.336E+03 2.902E-01 1.114E+00 2.000E+00
1.316E+08 3.336E+02 4.928E-02 4.257E-04 2.497E-05 3.019E+03 2.902E-01 1.114E+00 2.000E+00
2.021E+08 3.420E+02 4.903E-02 4.257E-04 2.511E-05 3.049E+03 2.902E-01 1.114E+00 2.000E+00
9.495E+07 2.903E+02 5.062E-02 4.257E-04 2.536E-05 3.187E+03 2.902E-01 1.114E+00 2.000E+00
6.573E+07 3.564E+02 4.859E-02 4.257E-04 2.582E-05 3.196E+03 2.903E-01 1.114E+00 2.000E+00
1.318E+09 2.497E+02 5.183E-02 4.257E-04 2.667E-05 3.864E+03 2.904E-01 1.114E+00 2.000E+00
3.125E+09 2.582E+02 5.160E-02 4.257E-04 2.822E-05 3.654E+03 2.906E-01 1.114E+00 2.000E+00
6.984E+07 2.306E+02 5.239E-02 4.257E-04 3.107E-05 4.622E+03 2.909E-01 1.114E+00 2.000E+00
8.679E+07 3.413E+02 4.908E-02 4.257E-04 3.629E-05 3.115E+03 2.915E-01 1.114E+00 2.000E+00
5.190E+07 3.193E+02 4.979E-02 4.257E-04 4.585E-05 3.092E+03 2.925E-01 1.114E+00 2.000E+00
1.331E+08 2.478E+02 5.205E-02 4.257E-04 6.338E-05 3.885E+03 2.945E-01 1.115E+00 2.000E+00
1.184E+09 3.159E+02 5.006E-02 4.257E-04 9.551E-05 3.386E+03 2.981E-01 1.115E+00 2.000E+00
1.367E+08 2.166E+02 5.337E-02 4.257E-04 1.544E-04 5.028E+03 3.046E-01 1.117E+00 2.000E+00
8.361E+08 2.462E+02 5.296E-02 4.257E-04 2.624E-04 4.234E+03 3.165E-01 1.119E+00 2.000E+00
NAN NAN NAN 4.257E-04 4.602E-04 NAN 3.383E-01 1.124E+00 2.000E+00
NAN NAN NAN 4.257E-04 8.229E-04 NAN 3.779E-01 1.132E+00 2.000E+00
NAN NAN NAN 4.257E-04 1.488E-03 NAN 4.489E-01 1.147E+00 2.000E+00
NAN NAN NAN 4.257E-04 2.706E-03 NAN 5.714E-01 1.175E+00 2.000E+00
NAN NAN NAN 4.257E-04 4.940E-03 NAN 7.492E-01 1.226E+00 2.000E+00
3.537E+08 3.564E+02 4.859E-02 5.385E-04 2.486E-05 3.220E+03 2.906E-01 1.114E+00 2.000E+00
4.273E+07 2.463E+02 5.193E-02 5.385E-04 2.490E-05 3.970E+03 2.906E-01 1.114E+00 2.000E+00
3.585E+07 3.391E+02 4.912E-02 5.385E-04 2.497E-05 3.052E+03 2.906E-01 1.114E+00 2.000E+00
3.509E+07 2.632E+02 5.143E-02 5.385E-04 2.511E-05 3.556E+03 2.906E-01 1.114E+00 2.000E+00
6.319E+08 2.446E+02 5.198E-02 5.385E-04 2.536E-05 4.026E+03 2.907E-01 1.114E+00 2.000E+00
9.279E+07 2.858E+02 5.076E-02 5.385E-04 2.582E-05 3.278E+03 2.907E-01 1.114E+00 2.000E+00
5.440E+07 2.595E+02 5.155E-02 5.385E-04 2.667E-05 3.631E+03 2.908E-01 1.114E+00 2.000E+00
1.089E+08 2.372E+02 5.220E-02 5.385E-04 2.822E-05 4.300E+03 2.910E-01 1.114E+00 2.000E+00
7.136E+08 3.496E+02 4.881E-02 5.385E-04 3.107E-05 3.183E+03 2.913E-01 1.114E+00 2.000E+00
1.669E+08 3.114E+02 5.001E-02 5.385E-04 3.629E-05 3.086E+03 2.919E-01 1.114E+00 2.000E+00
2.545E+08 2.402E+02 5.219E-02 5.385E-04 4.585E-05 4.147E+03 2.929E-01 1.114E+00 2.000E+00
3.240E+07 2.786E+02 5.112E-02 5.385E-04 6.338E-05 3.353E+03 2.949E-01 1.115E+00 2.000E+00
5.975E+08 2.810E+02 5.116E-02 5.385E-04 9.551E-05 3.385E+03 2.985E-01 1.115E+00 2.000E+00
7.263E+08 2.192E+02 5.330E-02 5.385E-04 1.544E-04 4.863E+03 3.050E-01 1.117E+00 2.000E+00
1.888E+08 2.254E+02 5.363E-02 5.385E-04 2.624E-04 4.522E+03 3.169E-01 1.119E+00 2.000E+00
NAN NAN NAN 5.385E-04 4.602E-04 NAN 3.387E-01 1.124E+00 2.000E+00
NAN NAN NAN 5.385E-04 8.229E-04 NAN 3.783E-01 1.132E+00 2.000E+00
NAN NAN NAN 5.385E-04 1.488E-03 NAN 4.494E-01 1.147E+00 2.000E+00
NAN NAN NAN 5.385E-04 2.706E-03 NAN 5.719E-01 1.175E+00 2.000E+00
NAN NAN NAN 5.385E-04 4.940E-03 NAN 7.498E-01 1.226E+00 2.000E+00
7.208E+07 3.301E+02 4.939E-02 6.811E-04 2.486E-05 3.045E+03 2.911E-01 1.114E+00 2.000E+00
1.620E+08 3.335E+02 4.929E-02 6.811E-04 2.490E-05 3.053E+03 2.911E-01 1.114E+00 2.000E+00
1.937E+08 3.378E+02 4.916E-02 6.811E-04 2.497E-05 3.069E+03 2.912E-01 1.114E+00 2.000E+00
2.618E+07 3.317E+02 4.935E-02 6.811E-04 2.511E-05 3.049E+03 2.912E-01 1.114E+00 2.000E+00
6.032E+07 3.401E+02 4.909E-02 6.811E-04 2.536E-05 3.083E+03 2.912E-01 1.114E+00 2.000E+00
7.228E+07 2.544E+02 5.170E-02 6.811E-04 2.582E-05 3.749E+03 2.912E-01 1.114E+00 2.000E+00
1.828E+08 2.251E+02 5.252E-02 6.811E-04 2.667E-05 5.010E+03 2.913E-01 1.114E+00 2.000E+00
5.915E+08 2.988E+02 5.037E-02 6.811E-04 2.822E-05 3.140E+03 2.915E-01 1.114E+00 2.000E+00
1.018E+08 2.354E+02 5.226E-02 6.811E-04 3.107E-05 4.407E+03 2.918E-01 1.114E+00 2.000E+00
7.282E+07 3.439E+02 4.901E-02 6.811E-04 3.629E-05 3.195E+03 2.924E-01 1.114E+00 2.000E+00
5.104E+07 2.296E+02 5.249E-02 6.811E-04 4.585E-05 4.624E+03 2.935E-01 1.114E+00 2.000E+00
2.098E+08 2.969E+02 5.055E-02 6.811E-04 6.338E-05 3.225E+03 2.954E-01 1.115E+00 2.000E+00
9.500E+07 3.195E+02 4.994E-02 6.811E-04 9.551E-05 3.451E+03 2.990E-01 1.115E+00 2.000E+00
1.672E+09 2.295E+02 5.300E-02 6.811E-04 1.544E-04 4.386E+03 3.056E-01 1.117E+00 2.000E+00
9.356E+07 2.398E+02 5.317E-02 6.811E-04 2.624E-04 4.342E+03 3.175E-01 1.119E+00 2.000E+00
NAN NAN NAN 6.811E-04 4.602E-04 NAN 3.393E-01 1.124E+00 2.000E+00
NAN NAN NAN 6.811E-04 8.229E-04 NAN 3.789E-01 1.132E+00 2.000E+00
NAN NAN NAN 6.811E-04 1.488E-03 NAN 4.500E-01 1.147E+00 2.000E+00
NAN NAN NAN 6.811E-04 2.706E-03 NAN 5.726E-01 1.175E+00 2.000E+00
NAN NAN NAN 6.811E-04 4.940E-03 NAN 7.505E-01 1.226E+00 2.000E+00
2.309E+08 3.503E+02 4.878E-02 8.615E-04 2.486E-05 3.218E+03 2.918E-01 1.114E+00 2.000E+00
8.315E+07 2.424E+02 5.204E-02 8.615E-04 2.490E-05 4.109E+03 2.918E-01 1.114E+00 2.000E+00
2.319E+08 2.253E+02 5.251E-02 8.615E-04 2.497E-05 4.990E+03 2.918E-01 1.114E+00 2.000E+00
3.864E+07 2.631E+02 5.144E-02 8.615E-04 2.511E-05 3.569E+03 2.918E-01 1.114E+00 2.000E+00
3.091E+08 3.090E+02 5.005E-02 8.615E-04 2.536E-05 3.093E+03 2.919E-01 1.114E+00 2.000E+00
1.543E+08 3.266E+02 4.951E-02 8.615E-04 2.582E-05 3.067E+03 2.919E-01 1.114E+00 2.000E+00
5.599E+07 2.306E+02 5.238E-02 8.615E-04 2.667E-05 4.636E+03 2.920E-01 1.114E+00 2.000E+00
3.754E+08 3.451E+02 4.895E-02 8.615E-04 2.822E-05 3.190E+03 2.922E-01 1.114E+00 2.000E+00
2.676E+08 2.449E+02 5.200E-02 8.615E-04 3.107E-05 4.013E+03 2.925E-01 1.114E+00 2.000E+00
5.477E+08 3.144E+02 4.992E-02 8.615E-04 3.629E-05 3.110E+03 2.931E-01 1.114E+00 2.000E+00
2.571E+07 2.184E+02 5.279E-02 8.615E-04 4.585E-05 5.441E+03 2.941E-01 1.114E+00 2.000E+00
8.948E+07 2.767E+02 5.118E-02 8.615E-04 6.338E-05 3.394E+03 2.961E-01 1.115E+00 2.000E+00
4.466E+07 2.270E+02 5.280E-02 8.615E-04 9.551E-05 4.612E+03 2.997E-01 1.115E+00 2.000E+00
3.540E+07 2.540E+02 5.225E-02 8.615E-04 1.544E-04 3.814E+03 3.062E-01 1.117E+00 2.000E+00
7.055E+08 2.533E+02 5.273E-02 8.615E-04 2.624E-04 4.411E+03 3.182E-01 1.119E+00 2.000E+00
NAN NAN NAN 8.615E-04 4.602E-04 NAN 3.400E-01 1.124E+00 2.000E+00
NAN NAN NAN 8.615E-04 8.229E-04 NAN 3.796E-01 1.132E+00 2.000E+00
NAN NAN NAN 8.615E-04 1.488E-03 NAN 4.507E-01 1.147E+00 2.000E+00
NAN NAN NAN 8.615E-04 2.706E-03 NAN 5.734E-01 1.175E+00 2.000E+00
NAN NAN NAN 8.615E-04 4.940E-03 NAN 7.514E-01 1.226E+00 2.000E+00
5.099E+07 3.241E+02 4.958E-02 1.090E-03 2.486E-05 3.089E+03 2.927E-01 1.114E+00 2.000E+00
9.776E+07 3.148E+02 4.987E-02 1.090E-03 2.490E-05 3.096E+03 2.927E-01 1.114E+00 2.000E+00
3.289E+09 3.502E+02 4.878E-02 1.090E-03 2.497E-05 3.284E+03 2.927E-01 1.114E+00 2.000E+00
3.421E+09 2.562E+02 5.165E-02 1.090E-03 2.511E-05 3.720E+03 2.927E-01 1.114E+00 2.000E+00
3.680E+07 3.136E+02 4.991E-02 1.090E-03 2.536E-05 3.102E+03 2.927E-01 1.114E+00 2.000E+00
1.264E+08 3.367E+02 4.920E-02 1.090E-03 2.582E-05 3.137E+03 2.928E-01 1.114E+00 2.000E+00
8.820E+07 2.832E+02 5.085E-02 1.090E-03 2.667E-05 3.294E+03 2.929E-01 1.114E+00 2.000E+00
7.143E+07 3.245E+02 4.958E-02 1.090E-03 2.822E-05 3.104E+03 2.930E-01 1.114E+00 2.000E+00
1.045E+09 3.252E+02 4.957E-02 1.090E-03 3.107E-05 3.119E+03 2.933E-01 1.114E+00 2.000E+00
2.508E+08 3.238E+02 4.963E-02 1.090E-03 3.629E-05 3.142E+03 2.939E-01 1.114E+00 2.000E+00
9.866E+08 2.981E+02 5.046E-02 1.090E-03 4.585E-05 3.212E+03 2.950E-01 1.114E+00 2.000E+00
7.115E+07 2.990E+02 5.049E-02 1.090E-03 6.338E-05 3.256E+03 2.969E-01 1.115E+00 2.000E+00
1.554E+08 2.819E+02 5.114E-02 1.090E-03 9.551E-05 3.429E+03 3.005E-01 1.115E+00 2.000E+00
6.364E+07 2.259E+02 5.312E-02 1.090E-03 1.544E-04 4.540E+03 3.071E-01 1.117E+00 2.000E+00
1.451E+08 2.105E+02 5.411E-02 1.090E-03 2.624E-04 5.119E+03 3.190E-01 1.119E+00 2.000E+00
NAN NAN NAN 1.090E-03 4.602E-04 NAN 3.408E-01 1.124E+00 2.000E+00
NAN NAN NAN 1.090E-03 8.229E-04 NAN 3.805E-01 1.132E+00 2.000E+00
NAN NAN NAN 1.090E-03 1.488E-03 NAN 4.516E-01 1.147E+00 2.000E+00
NAN NAN NAN 1.090E-03 2.706E-03 NAN 5.744E-01 1.175E+00 2.000E+00
NAN NAN NAN 1.090E-03 4.940E-03 NAN 7.525E-01 1.226E+00 2.000E+00
5.912E+07 2.188E+02 5.269E-02 1.378E-03 2.486E-05 5.503E+03 2.937E-01 1.114E+00 2.000E+00
6.176E+07 3.472E+02 4.888E-02 1.378E-03 2.490E-05 3.322E+03 2.937E-01 1.114E+00 2.000E+00
6.836E+08 3.384E+02 4.915E-02 1.378E-03 2.497E-05 3.202E+03 2.937E-01 1.114E+00 2.000E+00
4.732E+07 2.478E+02 5.190E-02 1.378E-03 2.511E-05 3.944E+03 2.938E-01 1.114E+00 2.000E+00
1.566E+08 3.199E+02 4.972E-02 1.378E-03 2.536E-05 3.125E+03 2.938E-01 1.114E+00 2.000E+00
1.241E+08 3.405E+02 4.908E-02 1.378E-03 2.582E-05 3.231E+03 2.938E-01 1.114E+00 2.000E+00
4.482E+07 2.581E+02 5.161E-02 1.378E-03 2.667E-05 3.690E+03 2.939E-01 1.114E+00 2.000E+00
3.181E+07 3.116E+02 4.998E-02 1.378E-03 2.822E-05 3.142E+03 2.941E-01 1.114E+00 2.000E+00
9.792E+07 2.777E+02 5.104E-02 1.378E-03 3.107E-05 3.376E+03 2.944E-01 1.114E+00 2.000E+00
1.822E+08 3.352E+02 4.928E-02 1.378E-03 3.629E-05 3.264E+03 2.950E-01 1.114E+00 2.000E+00
9.922E+08 3.266E+02 4.957E-02 1.378E-03 4.585E-05 3.260E+03 2.961E-01 1.114E+00 2.000E+00
4.722E+07 2.897E+02 5.078E-02 1.378E-03 6.338E-05 3.325E+03 2.980E-01 1.115E+00 2.000E+00
1.550E+08 2.446E+02 5.230E-02 1.378E-03 9.551E-05 3.986E+03 3.016E-01 1.115E+00 2.000E+00
6.399E+07 2.206E+02 5.328E-02 1.378E-03 1.544E-04 4.797E+03 3.082E-01 1.117E+00 2.000E+00
8.843E+08 2.266E+02 5.362E-02 1.378E-03 2.624E-04 4.600E+03 3.201E-01 1.119E+00 2.000E+00
NAN NAN NAN 1.378E-03 4.602E-04 NAN 3.419E-01 1.124E+00 2.000E+00
NAN NAN NAN 1.378E-03 8.229E-04 NAN 3.816E-01 1.132E+00 2.000E+00
NAN NAN NAN 1.378E-03 1.488E-03 NAN 4.528E-01 1.147E+00 2.000E+00
NAN NAN NAN 1.378E-03 2.706E-03 NAN 5.757E-01 1.175E+00 2.000E+00
NAN NAN NAN 1.378E-03 4.940E-03 NAN 7.540E-01 1.226E+00 2.000E+00
5.529E+08 2.541E+02 5.172E-02 1.743E-03 2.486E-05 3.789E+03 2.951E-01 1.114E+00 2.000E+00
3.127E+08 2.458E+02 5.196E-02 1.743E-03 2.490E-05 4.013E+03 2.951E-01 1.114E+00 2.000E+00
9.343E+07 3.016E+02 5.028E-02 1.743E-03 2.497E-05 3.199E+03 2.951E-01 1.114E+00 2.000E+00
4.232E+08 2.987E+02 5.037E-02 1.743E-03 2.511E-05 3.213E+03 2.951E-01 1.114E+00 2.000E+00
4.123E+07 2.880E+02 5.070E-02 1.743E-03 2.536E-05 3.287E+03 2.951E-01 1.114E+00 2.000E+00
2.311E+08 2.488E+02 5.188E-02 1.743E-03 2.582E-05 3.924E+03 2.952E-01 1.114E+00 2.000E+00
1.266E+08 3.109E+02 5.000E-02 1.743E-03 2.667E-05 3.176E+03 2.953E-01 1.114E+00 2.000E+00
6.989E+07 3.114E+02 4.999E-02 1.743E-03 2.822E-05 3.181E+03 2.955E-01 1.114E+00 2.000E+00
6.415E+07 2.727E+02 5.119E-02 1.743E-03 3.107E-05 3.458E+03 2.958E-01 1.114E+00 2.000E+00
1.704E+08 2.547E+02 5.175E-02 1.743E-03 3.629E-05 3.772E+03 2.964E-01 1.114E+00 2.000E+00
3.320E+08 3.268E+02 4.957E-02 1.743E-03 4.585E-05 3.342E+03 2.974E-01 1.114E+00 2.000E+00
1.428E+08 3.246E+02 4.969E-02 1.743E-03 6.338E-05 3.493E+03 2.994E-01 1.115E+00 2.000E+00
3.224E+07 2.780E+02 5.127E-02 1.743E-03 9.551E-05 3.519E+03 3.030E-01 1.115E+00 2.000E+00
7.963E+07 2.190E+02 5.333E-02 1.743E-03 1.544E-04 4.894E+03 3.095E-01 1.117E+00 2.000E+00
5.461E+08 2.410E+02 5.315E-02 1.743E-03 2.624E-04 4.565E+03 3.215E-01 1.119E+00 2.000E+00
NAN NAN NAN 1.743E-03 4.602E-04 NAN 3.433E-01 1.124E+00 2.000E+00
NAN NAN NAN 1.743E-03 8.229E-04 NAN 3.830E-01 1.132E+00 2.000E+00
NAN NAN NAN 1.743E-03 1.488E-03 NAN 4.543E-01 1.147E+00 2.000E+00
NAN NAN NAN 1.743E-03 2.706E-03 NAN 5.774E-01 1.175E+00 2.000E+00
NAN NAN NAN 1.743E-03 4.940E-03 NAN 7.558E-01 1.226E+00 2.000E+00
1.684E+08 2.219E+02 5.263E-02 2.205E-03 2.486E-05 5.231E+03 2.968E-01 1.114E+00 2.000E+00
9.276E+07 2.265E+02 5.251E-02 2.205E-03 2.490E-05 4.897E+03 2.968E-01 1.114E+00 2.000E+00
6.549E+07 3.261E+02 4.953E-02 2.205E-03 2.497E-05 3.270E+03 2.968E-01 1.114E+00 2.000E+00
5.161E+08 2.532E+02 5.176E-02 2.205E-03 2.511E-05 3.851E+03 2.968E-01 1.114E+00 2.000E+00
5.518E+07 2.271E+02 5.249E-02 2.205E-03 2.536E-05 4.849E+03 2.969E-01 1.114E+00 2.000E+00
1.097E+08 3.026E+02 5.026E-02 2.205E-03 2.582E-05 3.241E+03 2.969E-01 1.114E+00 2.000E+00
5.270E+07 3.328E+02 4.933E-02 2.205E-03 2.667E-05 3.423E+03 2.970E-01 1.114E+00 2.000E+00
6.954E+07 2.593E+02 5.159E-02 2.205E-03 2.822E-05 3.698E+03 2.972E-01 1.114E+00 2.000E+00
6.697E+07 3.187E+02 4.978E-02 2.205E-03 3.107E-05 3.268E+03 2.975E-01 1.114E+00 2.000E+00
6.021E+08 3.307E+02 4.942E-02 2.205E-03 3.629E-05 3.425E+03 2.981E-01 1.114E+00 2.000E+00
1.906E+08 2.478E+02 5.200E-02 2.205E-03 4.585E-05 3.954E+03 2.991E-01 1.114E+00 2.000E+00
1.135E+08 2.935E+02 5.067E-02 2.205E-03 6.338E-05 3.397E+03 3.011E-01 1.115E+00 2.000E+00
1.414E+09 2.452E+02 5.229E-02 2.205E-03 9.551E-05 4.008E+03 3.047E-01 1.115E+00 2.000E+00
2.129E+08 2.296E+02 5.303E-02 2.205E-03 1.544E-04 4.453E+03 3.112E-01 1.117E+00 2.000E+00
1.046E+08 2.374E+02 5.328E-02 2.205E-03 2.624E-04 4.684E+03 3.233E-01 1.119E+00 2.000E+00
NAN NAN NAN 2.205E-03 4.602E-04 NAN 3.451E-01 1.124E+00 2.000E+00
NAN NAN NAN 2.205E-03 8.229E-04 NAN 3.848E-01 1.132E+00 2.000E+00
NAN NAN NAN 2.205E-03 1.488E-03 NAN 4.562E-01 1.147E+00 2.000E+00
NAN NAN NAN 2.205E-03 2.706E-03 NAN 5.795E-01 1.175E+00 2.000E+00
NAN NAN NAN 2.205E-03 4.940E-03 NAN 7.581E-01 1.226E+00 2.000E+00
1.828E+08 3.298E+02 4.942E-02 2.789E-03 2.486E-05 3.484E+03 2.990E-01 1.114E+00 2.000E+00
5.341E+07 3.261E+02 4.954E-02 2.789E-03 2.490E-05 3.400E+03 2.990E-01 1.114E+00 2.000E+00
3.842E+07 2.751E+02 5.111E-02 2.789E-03 2.497E-05 3.484E+03 2.990E-01 1.114E+00 2.000E+00
8.802E+07 3.111E+02 5.000E-02 2.789E-03 2.511E-05 3.327E+03 2.990E-01 1.114E+00 2.000E+00
2.779E+08 2.234E+02 5.260E-02 2.789E-03 2.536E-05 5.095E+03 2.990E-01 1.114E+00 2.000E+00
2.992E+07 2.464E+02 5.197E-02 2.789E-03 2.582E-05 4.022E+03 2.991E-01 1.114E+00 2.000E+00
6.278E+08 3.150E+02 4.989E-02 2.789E-03 2.667E-05 3.324E+03 2.992E-01 1.114E+00 2.000E+00
1.726E+08 2.468E+02 5.197E-02 2.789E-03 2.822E-05 4.012E+03 2.993E-01 1.114E+00 2.000E+00
2.270E+08 3.015E+02 5.032E-02 2.789E-03 3.107E-05 3.347E+03 2.997E-01 1.114E+00 2.000E+00
2.113E+08 2.933E+02 5.059E-02 2.789E-03 3.629E-05 3.369E+03 3.002E-01 1.114E+00 2.000E+00
1.263E+09 2.324E+02 5.246E-02 2.789E-03 4.585E-05 4.502E+03 3.013E-01 1.114E+00 2.000E+00
7.687E+08 2.850E+02 5.095E-02 2.789E-03 6.338E-05 3.492E+03 3.033E-01 1.115E+00 2.000E+00
6.906E+07 2.465E+02 5.227E-02 2.789E-03 9.551E-05 4.018E+03 3.068E-01 1.115E+00 2.000E+00
2.714E+09 2.421E+02 5.266E-02 2.789E-03 1.544E-04 4.180E+03 3.134E-01 1.117E+00 2.000E+00
3.229E+07 2.002E+02 5.446E-02 2.789E-03 2.624E-04 5.896E+03 3.254E-01 1.119E+00 2.000E+00
NAN NAN NAN 2.789E-03 4.602E-04 NAN 3.473E-01 1.124E+00 2.000E+00
NAN NAN NAN 2.789E-03 8.229E-04 NAN 3.871E-01 1.132E+00 2.000E+00
NAN NAN NAN 2.789E-03 1.488E-03 NAN 4.585E-01 1.147E+00 2.000E+00
NAN NAN NAN 2.789E-03 2.706E-03 NAN 5.821E-01 1.175E+00 2.000E+00
NAN NAN NAN 2.789E-03 4.940E-03 NAN 7.610E-01 1.226E+00 2.000E+00
2.274E+08 2.901E+02 5.066E-02 3.528E-03 2.486E-05 3.421E+03 3.017E-01 1.114E+00 2.000E+00
5.408E+07 2.893E+02 5.068E-02 3.528E-03 2.490E-05 3.425E+03 3.017E-01 1.114E+00 2.000E+00
1.554E+08 2.865E+02 5.077E-02 3.528E-03 2.497E-05 3.440E+03 3.017E-01 1.114E+00 2.000E+00
1.932E+07 3.055E+02 5.018E-02 3.528E-03 2.511E-05 3.404E+03 3.017E-01 1.114E+00 2.000E+00
1.114E+08 2.596E+02 5.159E-02 3.528E-03 2.536E-05 3.769E+03 3.018E-01 1.114E+00 2.000E+00
1.189E+08 2.567E+02 5.168E-02 3.528E-03 2.582E-05 3.806E+03 3.018E-01 1.114E+00 2.000E+00
5.878E+07 2.174E+02 5.278E-02 3.528E-03 2.667E-05 5.581E+03 3.019E-01 1.114E+00 2.000E+00
7.920E+07 2.980E+02 5.043E-02 3.528E-03 2.822E-05 3.412E+03 3.021E-01 1.114E+00 2.000E+00
2.077E+08 2.295E+02 5.248E-02 3.528E-03 3.107E-05 4.700E+03 3.024E-01 1.114E+00 2.000E+00
4.562E+07 2.258E+02 5.261E-02 3.528E-03 3.629E-05 4.885E+03 3.030E-01 1.114E+00 2.000E+00
1.395E+08 2.853E+02 5.088E-02 3.528E-03 4.585E-05 3.513E+03 3.040E-01 1.114E+00 2.000E+00
6.767E+07 2.696E+02 5.144E-02 3.528E-03 6.338E-05 3.675E+03 3.060E-01 1.115E+00 2.000E+00
9.993E+07 2.416E+02 5.243E-02 3.528E-03 9.551E-05 4.173E+03 3.096E-01 1.115E+00 2.000E+00
1.201E+08 2.637E+02 5.198E-02 3.528E-03 1.544E-04 4.159E+03 3.161E-01 1.117E+00 2.000E+00
8.866E+07 2.059E+02 5.431E-02 3.528E-03 2.624E-04 5.572E+03 3.282E-01 1.119E+00 2.000E+00
NAN NAN NAN 3.528E-03 4.602E-04 NAN 3.501E-01 1.124E+00 2.000E+00
NAN NAN NAN 3.528E-03 8.229E-04 NAN 3.899E-01 1.132E+00 2.000E+00
NAN NAN NAN 3.528E-03 1.488E-03 NAN 4.615E-01 1.147E+00 2.000E+00
NAN NAN NAN 3.528E-03 2.706E-03 NAN 5.855E-01 1.175E+00 2.000E+00
NAN NAN NAN 3.528E-03 4.940E-03 NAN 7.647E-01 1.226E+00 2.000E+00
3.631E+07 2.329E+02 5.238E-02 4.462E-03 2.486E-05 4.558E+03 3.052E-01 1.114E+00 2.000E+00
6.460E+07 2.335E+02 5.236E-02 4.462E-03 2.490E-05 4.531E+03 3.052E-01 1.114E+00 2.000E+00
7.626E+07 2.085E+02 5.302E-02 4.462E-03 2.497E-05 0.000E+00 3.052E-01 1.114E+00 2.000E+00
4.912E+07 2.215E+02 5.269E-02 4.462E-03 2.511E-05 5.226E+03 3.052E-01 1.114E+00 2.000E+00
1.603E+08 2.354E+02 5.231E-02 4.462E-03 2.536E-05 4.528E+03 3.052E-01 1.114E+00 2.000E+00
3.407E+07 3.032E+02 5.027E-02 4.462E-03 2.582E-05 3.571E+03 3.053E-01 1.114E+00 2.000E+00
1.278E+08 2.981E+02 5.043E-02 4.462E-03 2.667E-05 4.687E+03 3.054E-01 1.114E+00 2.000E+00
1.235E+08 3.098E+02 5.007E-02 4.462E-03 2.822E-05 3.670E+03 3.055E-01 1.114E+00 2.000E+00
8.687E+07 2.120E+02 5.296E-02 4.462E-03 3.107E-05 5.978E+03 3.059E-01 1.114E+00 2.000E+00
2.125E+08 2.493E+02 5.196E-02 4.462E-03 3.629E-05 4.021E+03 3.064E-01 1.114E+00 2.000E+00
1.050E+08 2.256E+02 5.268E-02 4.462E-03 4.585E-05 4.871E+03 3.075E-01 1.114E+00 2.000E+00
1.940E+08 2.071E+02 5.325E-02 4.462E-03 6.338E-05 6.028E+03 3.095E-01 1.115E+00 2.000E+00
1.875E+07 2.787E+02 5.129E-02 4.462E-03 9.551E-05 3.973E+03 3.130E-01 1.115E+00 2.000E+00
1.223E+08 2.512E+02 5.240E-02 4.462E-03 1.544E-04 4.340E+03 3.196E-01 1.117E+00 2.000E+00
9.081E+08 2.214E+02 5.385E-02 4.462E-03 2.624E-04 5.394E+03 3.316E-01 1.119E+00 2.000E+00
NAN NAN NAN 4.462E-03 4.602E-04 NAN 3.536E-01 1.124E+00 2.000E+00
NAN NAN NAN 4.462E-03 8.229E-04 NAN 3.936E-01 1.132E+00 2.000E+00
NAN NAN NAN 4.462E-03 1.488E-03 NAN 4.653E-01 1.147E+00 2.000E+00
NAN NAN NAN 4.462E-03 2.706E-03 NAN 5.896E-01 1.175E+00 2.000E+00
NAN NAN NAN 4.462E-03 4.940E-03 NAN 7.694E-01 1.226E+00 2.000E+00
2.157E+07 2.994E+02 5.040E-02 5.644E-03 2.486E-05 3.824E+03 3.094E-01 1.114E+00 2.000E+00
1.106E+08 2.552E+02 5.175E-02 5.644E-03 2.490E-05 3.964E+03 3.094E-01 1.114E+00 2.000E+00
1.252E+09 2.922E+02 5.062E-02 5.644E-03 2.497E-05 3.741E+03 3.095E-01 1.114E+00 2.000E+00
1.397E+08 2.396E+02 5.221E-02 5.644E-03 2.511E-05 4.341E+03 3.095E-01 1.114E+00 2.000E+00
5.330E+07 2.377E+02 5.227E-02 5.644E-03 2.536E-05 4.410E+03 3.095E-01 1.114E+00 2.000E+00
3.220E+08 2.390E+02 5.223E-02 5.644E-03 2.582E-05 4.360E+03 3.096E-01 1.114E+00 2.000E+00
3.233E+07 2.875E+02 5.077E-02 5.644E-03 2.667E-05 3.730E+03 3.096E-01 1.114E+00 2.000E+00
3.237E+07 2.551E+02 5.177E-02 5.644E-03 2.822E-05 3.972E+03 3.098E-01 1.114E+00 2.000E+00
1.717E+08 2.177E+02 5.285E-02 5.644E-03 3.107E-05 5.497E+03 3.101E-01 1.114E+00 2.000E+00
1.260E+09 2.038E+02 5.322E-02 5.644E-03 3.629E-05 NAN 3.107E-01 1.114E+00 2.000E+00
1.105E+08 2.147E+02 5.300E-02 5.644E-03 4.585E-05 5.676E+03 3.118E-01 1.114E+00 2.000E+00
4.018E+08 2.586E+02 5.181E-02 5.644E-03 6.338E-05 4.007E+03 3.138E-01 1.115E+00 2.000E+00
5.647E+08 2.519E+02 5.215E-02 5.644E-03 9.551E-05 4.203E+03 3.174E-01 1.115E+00 2.000E+00
3.531E+07 2.401E+02 5.277E-02 5.644E-03 1.544E-04 4.634E+03 3.240E-01 1.117E+00 2.000E+00
1.992E+08 2.025E+02 5.447E-02 5.644E-03 2.624E-04 6.084E+03 3.360E-01 1.119E+00 2.000E+00
NAN NAN NAN 5.644E-03 4.602E-04 NAN 3.581E-01 1.124E+00 2.000E+00
NAN NAN NAN 5.644E-03 8.229E-04 NAN 3.981E-01 1.132E+00 2.000E+00
NAN NAN NAN 5.644E-03 1.488E-03 NAN 4.701E-01 1.147E+00 2.000E+00
NAN NAN NAN 5.644E-03 2.706E-03 NAN 5.948E-01 1.175E+00 2.000E+00
NAN NAN NAN 5.644E-03 4.940E-03 NAN 7.753E-01 1.227E+00 2.000E+00
3.544E+07 2.387E+02 5.227E-02 7.139E-03 2.486E-05 4.455E+03 3.149E-01 1.114E+00 2.000E+00
1.028E+08 2.356E+02 5.235E-02 7.139E-03 2.490E-05 4.552E+03 3.149E-01 1.114E+00 2.000E+00
7.697E+08 2.344E+02 5.239E-02 7.139E-03 2.497E-05 4.593E+03 3.149E-01 1.114E+00 2.000E+00
1.261E+10 2.101E+02 5.304E-02 7.139E-03 2.511E-05 6.223E+03 3.149E-01 1.114E+00 2.000E+00
6.010E+07 2.675E+02 5.141E-02 7.139E-03 2.536E-05 3.986E+03 3.149E-01 1.114E+00 2.000E+00
1.249E+08 2.562E+02 5.175E-02 7.139E-03 2.582E-05 4.088E+03 3.150E-01 1.114E+00 2.000E+00
4.273E+07 2.801E+02 5.102E-02 7.139E-03 2.667E-05 4.021E+03 3.151E-01 1.114E+00 2.000E+00
2.079E+10 2.447E+02 5.211E-02 7.139E-03 2.822E-05 4.297E+03 3.152E-01 1.114E+00 2.000E+00
4.541E+07 2.686E+02 5.140E-02 7.139E-03 3.107E-05 4.014E+03 3.156E-01 1.114E+00 2.000E+00
1.653E+08 2.136E+02 5.301E-02 7.139E-03 3.629E-05 5.824E+03 3.162E-01 1.114E+00 2.000E+00
8.137E+07 2.263E+02 5.271E-02 7.139E-03 4.585E-05 5.108E+03 3.172E-01 1.114E+00 2.000E+00
1.130E+09 2.615E+02 5.174E-02 7.139E-03 6.338E-05 4.240E+03 3.192E-01 1.115E+00 2.000E+00
6.768E+07 2.574E+02 5.200E-02 7.139E-03 9.551E-05 4.538E+03 3.228E-01 1.115E+00 2.000E+00
2.267E+08 2.074E+02 5.379E-02 7.139E-03 1.544E-04 5.863E+03 3.294E-01 1.117E+00 2.000E+00
NAN NAN NAN 7.139E-03 2.624E-04 NAN 3.416E-01 1.119E+00 2.000E+00
NAN NAN NAN 7.139E-03 4.602E-04 NAN 3.636E-01 1.124E+00 2.000E+00
NAN NAN NAN 7.139E-03 8.229E-04 NAN 4.038E-01 1.132E+00 2.000E+00
NAN NAN NAN 7.139E-03 1.488E-03 NAN 4.761E-01 1.147E+00 2.000E+00
NAN NAN NAN 7.139E-03 2.706E-03 NAN 6.015E-01 1.175E+00 2.000E+00
NAN NAN NAN 7.139E-03 4.940E-03 NAN 7.827E-01 1.227E+00 2.000E+00
4.458E+08 2.220E+02 5.278E-02 9.029E-03 2.486E-05 5.264E+03 3.217E-01 1.114E+00 2.000E+00
1.247E+08 2.011E+02 5.331E-02 9.029E-03 2.490E-05 NAN 3.217E-01 1.114E+00 2.000E+00
5.657E+07 2.448E+02 5.212E-02 9.029E-03 2.497E-05 4.480E+03 3.217E-01 1.114E+00 2.000E+00
3.389E+08 2.056E+02 5.321E-02 9.029E-03 2.511E-05 6.563E+03 3.218E-01 1.114E+00 2.000E+00
5.418E+07 2.262E+02 5.266E-02 9.029E-03 2.536E-05 5.042E+03 3.218E-01 1.114E+00 2.000E+00
9.658E+07 2.683E+02 5.141E-02 9.029E-03 2.582E-05 4.434E+03 3.218E-01 1.114E+00 2.000E+00
1.861E+08 2.404E+02 5.226E-02 9.029E-03 2.667E-05 4.572E+03 3.219E-01 1.114E+00 2.000E+00
3.615E+07 2.145E+02 5.299E-02 9.029E-03 2.822E-05 5.784E+03 3.221E-01 1.114E+00 2.000E+00
8.382E+07 2.136E+02 5.303E-02 9.029E-03 3.107E-05 5.852E+03 3.224E-01 1.114E+00 2.000E+00
1.353E+08 2.153E+02 5.301E-02 9.029E-03 3.629E-05 5.688E+03 3.230E-01 1.114E+00 2.000E+00
7.486E+07 2.500E+02 5.206E-02 9.029E-03 4.585E-05 4.531E+03 3.241E-01 1.114E+00 2.000E+00
4.700E+09 2.206E+02 5.300E-02 9.029E-03 6.338E-05 5.295E+03 3.261E-01 1.115E+00 2.000E+00
5.412E+08 2.297E+02 5.289E-02 9.029E-03 9.551E-05 5.071E+03 3.297E-01 1.115E+00 2.000E+00
7.074E+07 2.032E+02 5.396E-02 9.029E-03 1.544E-04 6.366E+03 3.363E-01 1.117E+00 2.000E+00
NAN NAN NAN 9.029E-03 2.624E-04 NAN 3.484E-01 1.119E+00 2.000E+00
NAN NAN NAN 9.029E-03 4.602E-04 NAN 3.706E-01 1.124E+00 2.000E+00
NAN NAN NAN 9.029E-03 8.229E-04 NAN 4.109E-01 1.132E+00 2.000E+00
NAN NAN NAN 9.029E-03 1.488E-03 NAN 4.836E-01 1.147E+00 2.000E+00
NAN NAN NAN 9.029E-03 2.706E-03 NAN 6.099E-01 1.175E+00 2.000E+00
NAN NAN NAN 9.029E-03 4.940E-03 NAN 7.922E-01 1.227E+00 2.000E+00
6.312E+07 2.042E+02 5.330E-02 1.142E-02 2.486E-05 6.919E+03 3.302E-01 1.114E+00 2.000E+00
8.453E+07 2.042E+02 5.330E-02 1.142E-02 2.490E-05 6.920E+03 3.302E-01 1.114E+00 2.000E+00
8.599E+08 2.224E+02 5.282E-02 1.142E-02 2.497E-05 5.412E+03 3.302E-01 1.114E+00 2.000E+00
1.272E+08 2.429E+02 5.222E-02 1.142E-02 2.511E-05 4.952E+03 3.303E-01 1.114E+00 2.000E+00
5.804E+07 2.440E+02 5.219E-02 1.142E-02 2.536E-05 4.955E+03 3.303E-01 1.114E+00 2.000E+00
8.130E+07 2.084E+02 5.320E-02 1.142E-02 2.582E-05 6.434E+03 3.303E-01 1.114E+00 2.000E+00
7.388E+07 2.349E+02 5.246E-02 1.142E-02 2.667E-05 5.036E+03 3.304E-01 1.114E+00 2.000E+00
4.437E+07 2.410E+02 5.229E-02 1.142E-02 2.822E-05 4.987E+03 3.306E-01 1.114E+00 2.000E+00
2.197E+07 2.010E+02 5.341E-02 1.142E-02 3.107E-05 6.993E+03 3.309E-01 1.114E+00 2.000E+00
2.042E+08 2.395E+02 5.237E-02 1.142E-02 3.629E-05 5.072E+03 3.315E-01 1.114E+00 2.000E+00
1.392E+08 2.355E+02 5.254E-02 1.142E-02 4.585E-05 5.191E+03 3.326E-01 1.114E+00 2.000E+00
1.420E+08 2.145E+02 5.323E-02 1.142E-02 6.338E-05 5.907E+03 3.346E-01 1.115E+00 2.000E+00
1.829E+09 2.217E+02 5.318E-02 1.142E-02 9.551E-05 5.821E+03 3.382E-01 1.115E+00 2.000E+00
1.286E+07 2.009E+02 5.408E-02 1.142E-02 1.544E-04 7.009E+03 3.449E-01 1.117E+00 2.000E+00
NAN NAN NAN 1.142E-02 2.624E-04 NAN 3.571E-01 1.119E+00 2.000E+00
NAN NAN NAN 1.142E-02 4.602E-04 NAN 3.794E-01 1.124E+00 2.000E+00
NAN NAN NAN 1.142E-02 8.229E-04 NAN 4.199E-01 1.132E+00 2.000E+00
NAN NAN NAN 1.142E-02 1.488E-03 NAN 4.930E-01 1.147E+00 2.000E+00
NAN NAN NAN 1.142E-02 2.706E-03 NAN 6.203E-01 1.175E+00 2.000E+00
NAN NAN NAN 1.142E-02 4.940E-03 NAN 8.041E-01 1.227E+00 2.000E+00
1.406E+08 2.213E+02 5.291E-02 1.445E-02 2.486E-05 6.017E+03 3.410E-01 1.114E+00 2.000E+00
6.097E+07 2.164E+02 5.305E-02 1.445E-02 2.490E-05 6.159E+03 3.410E-01 1.114E+00 2.000E+00
6.873E+07 2.211E+02 5.292E-02 1.445E-02 2.497E-05 6.022E+03 3.410E-01 1.114E+00 2.000E+00
2.335E+08 2.166E+02 5.305E-02 1.445E-02 2.511E-05 6.154E+03 3.410E-01 1.114E+00 2.000E+00
6.286E+08 2.161E+02 5.306E-02 1.445E-02 2.536E-05 6.172E+03 3.410E-01 1.114E+00 2.000E+00
1.735E+08 2.127E+02 5.316E-02 1.445E-02 2.582E-05 6.337E+03 3.411E-01 1.114E+00 2.000E+00
3.770E+07 2.102E+02 5.323E-02 1.445E-02 2.667E-05 6.497E+03 3.412E-01 1.114E+00 2.000E+00
2.318E+08 2.195E+02 5.298E-02 1.445E-02 2.822E-05 6.089E+03 3.413E-01 1.114E+00 2.000E+00
3.404E+07 2.143E+02 5.314E-02 1.445E-02 3.107E-05 6.285E+03 3.417E-01 1.114E+00 2.000E+00
1.112E+08 2.009E+02 5.353E-02 1.445E-02 3.629E-05 7.409E+03 3.423E-01 1.114E+00 2.000E+00
8.589E+07 2.109E+02 5.331E-02 1.445E-02 4.585E-05 6.537E+03 3.434E-01 1.114E+00 2.000E+00
6.429E+09 2.008E+02 5.368E-02 1.445E-02 6.338E-05 7.343E+03 3.453E-01 1.115E+00 2.000E+00
NAN NAN NAN 1.445E-02 9.551E-05 NAN 3.490E-01 1.116E+00 2.000E+00
NAN NAN NAN 1.445E-02 1.544E-04 NAN 3.557E-01 1.117E+00 2.000E+00
NAN NAN NAN 1.445E-02 2.624E-04 NAN 3.679E-01 1.119E+00 2.000E+00
NAN NAN NAN 1.445E-02 4.602E-04 NAN 3.904E-01 1.124E+00 2.000E+00
NAN NAN NAN 1.445E-02 8.229E-04 NAN 4.311E-01 1.132E+00 2.000E+00
NAN NAN NAN 1.445E-02 1.488E-03 NAN 5.048E-01 1.148E+00 2.000E+00
NAN NAN NAN 1.445E-02 2.706E-03 NAN 6.335E-01 1.175E+00 2.000E+00
NAN NAN NAN 1.445E-02 4.940E-03 NAN 8.193E-01 1.227E+00 2.000E+00
NAN NAN NAN 1.827E-02 2.486E-05 NAN 3.542E-01 1.114E+00 2.000E+00
NAN NAN NAN 1.827E-02 2.490E-05 NAN 3.542E-01 1.114E+00 2.000E+00
NAN NAN NAN 1.827E-02 2.497E-05 NAN 3.542E-01 1.114E+00 2.000E+00
NAN NAN NAN 1.827E-02 2.511E-05 NAN 3.542E-01 1.114E+00 2.000E+00
NAN NAN NAN 1.827E-02 2.536E-05 NAN 3.543E-01 1.114E+00 2.000E+00
NAN NAN NAN 1.827E-02 2.582E-05 NAN 3.543E-01 1.114E+00 2.000E+00
NAN NAN NAN 1.827E-02 2.667E-05 NAN 3.544E-01 1.114E+00 2.000E+00
NAN NAN NAN 1.827E-02 2.822E-05 NAN 3.546E-01 1.114E+00 2.000E+00
NAN NAN NAN 1.827E-02 3.107E-05 NAN 3.549E-01 1.114E+00 2.000E+00
NAN NAN NAN 1.827E-02 3.629E-05 NAN 3.555E-01 1.114E+00 2.000E+00
NAN NAN NAN 1.827E-02 4.585E-05 NAN 3.566E-01 1.115E+00 2.000E+00
NAN NAN NAN 1.827E-02 6.338E-05 NAN 3.586E-01 1.115E+00 2.000E+00
NAN NAN NAN 1.827E-02 9.551E-05 NAN 3.623E-01 1.116E+00 2.000E+00
NAN NAN NAN 1.827E-02 1.544E-04 NAN 3.690E-01 1.117E+00 2.000E+00
NAN NAN NAN 1.827E-02 2.624E-04 NAN 3.814E-01 1.119E+00 2.000E+00
NAN NAN NAN 1.827E-02 4.602E-04 NAN 4.039E-01 1.124E+00 2.000E+00
NAN NAN NAN 1.827E-02 8.229E-04 NAN 4.450E-01 1.132E+00 2.000E+00
NAN NAN NAN 1.827E-02 1.488E-03 NAN 5.193E-01 1.148E+00 2.000E+00
NAN NAN NAN 1.827E-02 2.706E-03 NAN 6.497E-01 1.176E+00 2.000E+00
NAN NAN NAN 1.827E-02 4.940E-03 NAN 8.383E-01 1.227E+00 2.000E+00
NAN NAN NAN 2.311E-02 2.486E-05 NAN 3.706E-01 1.114E+00 2.000E+00
NAN NAN NAN 2.311E-02 2.490E-05 NAN 3.706E-01 1.114E+00 2.000E+00
NAN NAN NAN 2.311E-02 2.497E-05 NAN 3.706E-01 1.114E+00 2.000E+00
NAN NAN NAN 2.311E-02 2.511E-05 NAN 3.707E-01 1.114E+00 2.000E+00
NAN NAN NAN 2.311E-02 2.536E-05 NAN 3.707E-01 1.114E+00 2.000E+00
NAN NAN NAN 2.311E-02 2.582E-05 NAN 3.707E-01 1.114E+00 2.000E+00
NAN NAN NAN 2.311E-02 2.667E-05 NAN 3.708E-01 1.114E+00 2.000E+00
NAN NAN NAN 2.311E-02 2.822E-05 NAN 3.710E-01 1.114E+00 2.000E+00
NAN NAN NAN 2.311E-02 3.107E-05 NAN 3.713E-01 1.114E+00 2.000E+00
NAN NAN NAN 2.311E-02 3.629E-05 NAN 3.719E-01 1.114E+00 2.000E+00
NAN NAN NAN 2.311E-02 4.585E-05 NAN 3.730E-01 1.115E+00 2.000E+00
NAN NAN NAN 2.311E-02 6.338E-05 NAN 3.751E-01 1.115E+00 2.000E+00
NAN NAN NAN 2.311E-02 9.551E-05 NAN 3.788E-01 1.116E+00 2.000E+00
NAN NAN NAN 2.311E-02 1.544E-04 NAN 3.855E-01 1.117E+00 2.000E+00
NAN NAN NAN 2.311E-02 2.624E-04 NAN 3.980E-01 1.120E+00 2.000E+00
NAN NAN NAN 2.311E-02 4.602E-04 NAN 4.207E-01 1.124E+00 2.000E+00
NAN NAN NAN 2.311E-02 8.229E-04 NAN 4.622E-01 1.132E+00 2.000E+00
NAN NAN NAN 2.311E-02 1.488E-03 NAN 5.374E-01 1.148E+00 2.000E+00
NAN NAN NAN 2.311E-02 2.706E-03 NAN 6.700E-01 1.176E+00 2.000E+00
NAN NAN NAN 2.311E-02 4.940E-03 NAN 8.625E-01 1.227E+00 2.000E+00
NAN NAN NAN 2.923E-02 2.486E-05 NAN 3.908E-01 1.114E+00 2.000E+00
NAN NAN NAN 2.923E-02 2.490E-05 NAN 3.908E-01 1.114E+00 2.000E+00
NAN NAN NAN 2.923E-02 2.497E-05 NAN 3.908E-01 1.114E+00 2.000E+00
NAN NAN NAN 2.923E-02 2.511E-05 NAN 3.908E-01 1.114E+00 2.000E+00
NAN NAN NAN 2.923E-02 2.536E-05 NAN 3.908E-01 1.114E+00 2.000E+00
NAN NAN NAN 2.923E-02 2.582E-05 NAN 3.909E-01 1.114E+00 2.000E+00
NAN NAN NAN 2.923E-02 2.667E-05 NAN 3.910E-01 1.114E+00 2.000E+00
NAN NAN NAN 2.923E-02 2.822E-05 NAN 3.912E-01 1.114E+00 2.000E+00
NAN NAN NAN 2.923E-02 3.107E-05 NAN 3.915E-01 1.114E+00 2.000E+00
NAN NAN NAN 2.923E-02 3.629E-05 NAN 3.921E-01 1.115E+00 2.000E+00
NAN NAN NAN 2.923E-02 4.585E-05 NAN 3.932E-01 1.115E+00 2.000E+00
NAN NAN NAN 2.923E-02 6.338E-05 NAN 3.953E-01 1.115E+00 2.000E+00
NAN NAN NAN 2.923E-02 9.551E-05 NAN 3.990E-01 1.116E+00 2.000E+00
NAN NAN NAN 2.923E-02 1.544E-04 NAN 4.059E-01 1.117E+00 2.000E+00
NAN NAN NAN 2.923E-02 2.624E-04 NAN 4.184E-01 1.120E+00 2.000E+00
NAN NAN NAN 2.923E-02 4.602E-04 NAN 4.413E-01 1.124E+00 2.000E+00
NAN NAN NAN 2.923E-02 8.229E-04 NAN 4.832E-01 1.133E+00 2.000E+00
NAN NAN NAN 2.923E-02 1.488E-03 NAN 5.594E-01 1.148E+00 2.000E+00
NAN NAN NAN 2.923E-02 2.706E-03 NAN 6.947E-01 1.176E+00 2.000E+00
NAN NAN NAN 2.923E-02 4.940E-03 NAN 8.931E-01 1.227E+00 2.000E+00
NAN NAN NAN 3.697E-02 2.486E-05 NAN 4.154E-01 1.114E+00 2.000E+00
NAN NAN NAN 3.697E-02 2.490E-05 NAN 4.154E-01 1.114E+00 2.000E+00
NAN NAN NAN 3.697E-02 2.497E-05 NAN 4.154E-01 1.114E+00 2.000E+00
NAN NAN NAN 3.697E-02 2.511E-05 NAN 4.154E-01 1.114E+00 2.000E+00
NAN NAN NAN 3.697E-02 2.536E-05 NAN 4.154E-01 1.114E+00 2.000E+00
NAN NAN NAN 3.697E-02 2.582E-05 NAN 4.155E-01 1.114E+00 2.000E+00
NAN NAN NAN 3.697E-02 2.667E-05 NAN 4.156E-01 1.115E+00 2.000E+00
NAN NAN NAN 3.697E-02 2.822E-05 NAN 4.157E-01 1.115E+00 2.000E+00
NAN NAN NAN 3.697E-02 3.107E-05 NAN 4.161E-01 1.115E+00 2.000E+00
NAN NAN NAN 3.697E-02 3.629E-05 NAN 4.167E-01 1.115E+00 2.000E+00
NAN NAN NAN 3.697E-02 4.585E-05 NAN 4.178E-01 1.115E+00 2.000E+00
NAN NAN NAN 3.697E-02 6.338E-05 NAN 4.199E-01 1.115E+00 2.000E+00
NAN NAN NAN 3.697E-02 9.551E-05 NAN 4.237E-01 1.116E+00 2.000E+00
NAN NAN NAN 3.697E-02 1.544E-04 NAN 4.306E-01 1.117E+00 2.000E+00
NAN NAN NAN 3.697E-02 2.624E-04 NAN 4.433E-01 1.120E+00 2.000E+00
NAN NAN NAN 3.697E-02 4.602E-04 NAN 4.664E-01 1.124E+00 2.000E+00
NAN NAN NAN 3.697E-02 8.229E-04 NAN 5.088E-01 1.133E+00 2.000E+00
NAN NAN NAN 3.697E-02 1.488E-03 NAN 5.860E-01 1.148E+00 2.000E+00
NAN NAN NAN 3.697E-02 2.706E-03 NAN 7.245E-01 1.176E+00 2.000E+00
NAN NAN NAN 3.697E-02 4.940E-03 NAN 9.314E-01 1.227E+00 2.000E+00
NAN NAN NAN 4.677E-02 2.486E-05 NAN 4.449E-01 1.115E+00 2.000E+00
NAN NAN NAN 4.677E-02 2.490E-05 NAN 4.449E-01 1.115E+00 2.000E+00
NAN NAN NAN 4.677E-02 2.497E-05 NAN 4.450E-01 1.115E+00 2.000E+00
NAN NAN NAN 4.677E-02 2.511E-05 NAN 4.450E-01 1.115E+00 2.000E+00
NAN NAN NAN 4.677E-02 2.536E-05 NAN 4.450E-01 1.115E+00 2.000E+00
NAN NAN NAN 4.677E-02 2.582E-05 NAN 4.451E-01 1.115E+00 2.000E+00
NAN NAN NAN 4.677E-02 2.667E-05 NAN 4.452E-01 1.115E+00 2.000E+00
NAN NAN NAN 4.677E-02 2.822E-05 NAN 4.453E-01 1.115E+00 2.000E+00
NAN NAN NAN 4.677E-02 3.107E-05 NAN 4.457E-01 1.115E+00 2.000E+00
NAN NAN NAN 4.677E-02 3.629E-05 NAN 4.463E-01 1.115E+00 2.000E+00
NAN NAN NAN 4.677E-02 4.585E-05 NAN 4.474E-01 1.115E+00 2.000E+00
NAN NAN NAN 4.677E-02 6.338E-05 NAN 4.495E-01 1.116E+00 2.000E+00
NAN NAN NAN 4.677E-02 9.551E-05 NAN 4.533E-01 1.116E+00 2.000E+00
NAN NAN NAN 4.677E-02 1.544E-04 NAN 4.603E-01 1.118E+00 2.000E+00
NAN NAN NAN 4.677E-02 2.624E-04 NAN 4.731E-01 1.120E+00 2.000E+00
NAN NAN NAN 4.677E-02 4.602E-04 NAN 4.965E-01 1.125E+00 2.000E+00
NAN NAN NAN 4.677E-02 8.229E-04 NAN 5.393E-01 1.133E+00 2.000E+00
NAN NAN NAN 4.677E-02 1.488E-03 NAN 6.176E-01 1.148E+00 2.000E+00
NAN NAN NAN 4.677E-02 2.706E-03 NAN 7.595E-01 1.176E+00 2.000E+00
NAN NAN NAN 4.677E-02 4.940E-03 NAN 9.795E-01 1.227E+00 2.000E+00
NAN NAN NAN 5.915E-02 2.486E-05 NAN 4.798E-01 1.115E+00 3.000E+00
NAN NAN NAN 5.915E-02 2.490E-05 NAN 4.798E-01 1.115E+00 3.000E+00
NAN NAN NAN 5.915E-02 2.497E-05 NAN 4.798E-01 1.115E+00 3.000E+00
NAN NAN NAN 5.915E-02 2.511E-05 NAN 4.799E-01 1.115E+00 3.000E+00
NAN NAN NAN 5.915E-02 2.536E-05 NAN 4.799E-01 1.115E+00 3.000E+00
NAN NAN NAN 5.915E-02 2.582E-05 NAN 4.799E-01 1.115E+00 3.000E+00
NAN NAN NAN 5.915E-02 2.667E-05 NAN 4.800E-01 1.115E+00 3.000E+00
NAN NAN NAN 5.915E-02 2.822E-05 NAN 4.802E-01 1.115E+00 3.000E+00
NAN NAN NAN 5.915E-02 3.107E-05 NAN 4.806E-01 1.115E+00 3.000E+00
NAN NAN NAN 5.915E-02 3.629E-05 NAN 4.812E-01 1.115E+00 3.000E+00
NAN NAN NAN 5.915E-02 4.585E-05 NAN 4.823E-01 1.115E+00 3.000E+00
NAN NAN NAN 5.915E-02 6.338E-05 NAN 4.844E-01 1.116E+00 3.000E+00
NAN NAN NAN 5.915E-02 9.551E-05 NAN 4.883E-01 1.117E+00 3.000E+00
NAN NAN NAN 5.915E-02 1.544E-04 NAN 4.953E-01 1.118E+00 3.000E+00
NAN NAN NAN 5.915E-02 2.624E-04 NAN 5.082E-01 1.120E+00 3.000E+00
NAN NAN NAN 5.915E-02 4.602E-04 NAN 5.318E-01 1.125E+00 3.000E+00
NAN NAN NAN 5.915E-02 8.229E-04 NAN 5.750E-01 1.133E+00 3.000E+00
NAN NAN NAN 5.915E-02 1.488E-03 NAN 6.543E-01 1.149E+00 3.000E+00
NAN NAN NAN 5.915E-02 2.706E-03 NAN 7.989E-01 1.176E+00 3.000E+00
NAN NAN NAN 5.915E-02 4.940E-03 NAN 1.000E+00 1.228E+00 0.000E+00
NAN NAN NAN 7.482E-02 2.486E-05 NAN 5.203E-01 1.115E+00 3.000E+00
NAN NAN NAN 7.482E-02 2.490E-05 NAN 5.203E-01 1.115E+00 3.000E+00
NAN NAN NAN 7.482E-02 2.497E-05 NAN 5.203E-01 1.115E+00 3.000E+00
NAN NAN NAN 7.482E-02 2.511E-05 NAN 5.203E-01 1.115E+00 3.000E+00
NAN NAN NAN 7.482E-02 2.536E-05 NAN 5.203E-01 1.115E+00 3.000E+00
NAN NAN NAN 7.482E-02 2.582E-05 NAN 5.204E-01 1.115E+00 3.000E+00
NAN NAN NAN 7.482E-02 2.667E-05 NAN 5.205E-01 1.115E+00 3.000E+00
NAN NAN NAN 7.482E-02 2.822E-05 NAN 5.207E-01 1.115E+00 3.000E+00
NAN NAN NAN 7.482E-02 3.107E-05 NAN 5.210E-01 1.115E+00 3.000E+00
NAN NAN NAN 7.482E-02 3.629E-05 NAN 5.216E-01 1.116E+00 3.000E+00
NAN NAN NAN 7.482E-02 4.585E-05 NAN 5.228E-01 1.116E+00 3.000E+00
NAN NAN NAN 7.482E-02 6.338E-05 NAN 5.249E-01 1.116E+00 3.000E+00
NAN NAN NAN 7.482E-02 9.551E-05 NAN 5.287E-01 1.117E+00 3.000E+00
NAN NAN NAN 7.482E-02 1.544E-04 NAN 5.358E-01 1.118E+00 3.000E+00
NAN NAN NAN 7.482E-02 2.624E-04 NAN 5.487E-01 1.121E+00 3.000E+00
NAN NAN NAN 7.482E-02 4.602E-04 NAN 5.724E-01 1.125E+00 3.000E+00
NAN NAN NAN 7.482E-02 8.229E-04 NAN 6.158E-01 1.134E+00 3.000E+00
NAN NAN NAN 7.482E-02 1.488E-03 NAN 6.955E-01 1.149E+00 3.000E+00
NAN NAN NAN 7.482E-02 2.706E-03 NAN 8.413E-01 1.177E+00 3.000E+00
NAN NAN NAN 7.482E-02 4.940E-03 NAN 1.000E+00 1.228E+00 3.000E+00
NAN NAN NAN 9.464E-02 2.486E-05 NAN 5.659E-01 1.116E+00 3.000E+00
NAN NAN NAN 9.464E-02 2.490E-05 NAN 5.660E-01 1.116E+00 3.000E+00
NAN NAN NAN 9.464E-02 2.497E-05 NAN 5.660E-01 1.116E+00 3.000E+00
NAN NAN NAN 9.464E-02 2.511E-05 NAN 5.660E-01 1.116E+00 3.000E+00
NAN NAN NAN 9.464E-02 2.536E-05 NAN 5.660E-01 1.116E+00 3.000E+00
NAN NAN NAN 9.464E-02 2.582E-05 NAN 5.661E-01 1.116E+00 3.000E+00
NAN NAN NAN 9.464E-02 2.667E-05 NAN 5.662E-01 1.116E+00 3.000E+00
NAN NAN NAN 9.464E-02 2.822E-05 NAN 5.663E-01 1.116E+00 3.000E+00
NAN NAN NAN 9.464E-02 3.107E-05 NAN 5.667E-01 1.116E+00 3.000E+00
NAN NAN NAN 9.464E-02 3.629E-05 NAN 5.673E-01 1.116E+00 3.000E+00
NAN NAN NAN 9.464E-02 4.585E-05 NAN 5.685E-01 1.116E+00 3.000E+00
NAN NAN NAN 9.464E-02 6.338E-05 NAN 5.705E-01 1.117E+00 3.000E+00
NAN NAN NAN 9.464E-02 9.551E-05 NAN 5.744E-01 1.117E+00 3.000E+00
NAN NAN NAN 9.464E-02 1.544E-04 NAN 5.814E-01 1.119E+00 3.000E+00
NAN NAN NAN 9.464E-02 2.624E-04 NAN 5.943E-01 1.121E+00 3.000E+00
NAN NAN NAN 9.464E-02 4.602E-04 NAN 6.179E-01 1.126E+00 3.000E+00
NAN NAN NAN 9.464E-02 8.229E-04 NAN 6.611E-01 1.134E+00 3.000E+00
NAN NAN NAN 9.464E-02 1.488E-03 NAN 7.402E-01 1.149E+00 3.000E+00
NAN NAN NAN 9.464E-02 2.706E-03 NAN 8.848E-01 1.177E+00 3.000E+00
NAN NAN NAN 9.464E-02 4.940E-03 NAN 1.000E+00 1.229E+00 3.000E+00
NAN NAN NAN 1.197E-01 2.486E-05 NAN 6.161E-01 1.158E+00 3.000E+00
NAN NAN NAN 1.197E-01 2.490E-05 NAN 6.161E-01 1.158E+00 3.000E+00
NAN NAN NAN 1.197E-01 2.497E-05 NAN 6.161E-01 1.158E+00 3.000E+00
NAN NAN NAN 1.197E-01 2.511E-05 NAN 6.161E-01 1.158E+00 3.000E+00
NAN NAN NAN 1.197E-01 2.536E-05 NAN 6.161E-01 1.158E+00 3.000E+00
NAN NAN NAN 1.197E-01 2.582E-05 NAN 6.162E-01 1.158E+00 3.000E+00
NAN NAN NAN 1.197E-01 2.667E-05 NAN 6.163E-01 1.158E+00 3.000E+00
NAN NAN NAN 1.197E-01 2.822E-05 NAN 6.165E-01 1.158E+00 3.000E+00
NAN NAN NAN 1.197E-01 3.107E-05 NAN 6.168E-01 1.158E+00 3.000E+00
NAN NAN NAN 1.197E-01 3.629E-05 NAN 6.174E-01 1.158E+00 3.000E+00
NAN NAN NAN 1.197E-01 4.585E-05 NAN 6.185E-01 1.158E+00 3.000E+00
NAN NAN NAN 1.197E-01 6.338E-05 NAN 6.206E-01 1.158E+00 3.000E+00
NAN NAN NAN 1.197E-01 9.551E-05 NAN 6.244E-01 1.159E+00 3.000E+00
NAN NAN NAN 1.197E-01 1.544E-04 NAN 6.313E-01 1.160E+00 3.000E+00
NAN NAN NAN 1.197E-01 2.624E-04 NAN 6.440E-01 1.162E+00 3.000E+00
NAN NAN NAN 1.197E-01 4.602E-04 NAN 6.672E-01 1.166E+00 3.000E+00
NAN NAN NAN 1.197E-01 8.229E-04 NAN 7.097E-01 1.175E+00 3.000E+00
NAN NAN NAN 1.197E-01 1.488E-03 NAN 7.873E-01 1.191E+00 3.000E+00
NAN NAN NAN 1.197E-01 2.706E-03 NAN 9.276E-01 1.231E+00 3.000E+00
NAN NAN NAN 1.197E-01 4.940E-03 NAN 1.000E+00 1.347E+00 3.000E+00
NAN NAN NAN 1.514E-01 2.486E-05 NAN 6.695E-01 1.284E+00 3.000E+00
NAN NAN NAN 1.514E-01 2.490E-05 NAN 6.695E-01 1.284E+00 3.000E+00
NAN NAN NAN 1.514E-01 2.497E-05 NAN 6.696E-01 1.284E+00 3.000E+00
NAN NAN NAN 1.514E-01 2.511E-05 NAN 6.696E-01 1.284E+00 3.000E+00
NAN NAN NAN 1.514E-01 2.536E-05 NAN 6.696E-01 1.284E+00 3.000E+00
NAN NAN NAN 1.514E-01 2.582E-05 NAN 6.696E-01 1.284E+00 3.000E+00
NAN NAN NAN 1.514E-01 2.667E-05 NAN 6.697E-01 1.284E+00 3.000E+00
NAN NAN NAN 1.514E-01 2.822E-05 NAN 6.699E-01 1.284E+00 3.000E+00
NAN NAN NAN 1.514E-01 3.107E-05 NAN 6.703E-01 1.284E+00 3.000E+00
NAN NAN NAN 1.514E-01 3.629E-05 NAN 6.708E-01 1.285E+00 3.000E+00
NAN NAN NAN 1.514E-01 4.585E-05 NAN 6.719E-01 1.285E+00 3.000E+00
NAN NAN NAN 1.514E-01 6.338E-05 NAN 6.739E-01 1.285E+00 3.000E+00
NAN NAN NAN 1.514E-01 9.551E-05 NAN 6.776E-01 1.286E+00 3.000E+00
NAN NAN NAN 1.514E-01 1.544E-04 NAN 6.843E-01 1.288E+00 3.000E+00
NAN NAN NAN 1.514E-01 2.624E-04 NAN 6.967E-01 1.291E+00 3.000E+00
NAN NAN NAN 1.514E-01 4.602E-04 NAN 7.192E-01 1.297E+00 3.000E+00
NAN NAN NAN 1.514E-01 8.229E-04 NAN 7.604E-01 1.308E+00 3.000E+00
NAN NAN NAN 1.514E-01 1.488E-03 NAN 8.351E-01 1.332E+00 3.000E+00
NAN NAN NAN 1.514E-01 2.706E-03 NAN 9.686E-01 1.381E+00 3.000E+00
NAN NAN NAN 1.514E-01 4.940E-03 NAN 1.000E+00 1.505E+00 3.000E+00
NAN NAN NAN 1.915E-01 2.486E-05 NAN 7.250E-01 1.461E+00 3.000E+00
NAN NAN NAN 1.915E-01 2.490E-05 NAN 7.250E-01 1.461E+00 3.000E+00
NAN NAN NAN 1.915E-01 2.497E-05 NAN 7.250E-01 1.461E+00 3.000E+00
NAN NAN NAN 1.915E-01 2.511E-05 NAN 7.250E-01 1.461E+00 3.000E+00
NAN NAN NAN 1.915E-01 2.536E-05 NAN 7.250E-01 1.461E+00 3.000E+00
NAN NAN NAN 1.915E-01 2.582E-05 NAN 7.251E-01 1.461E+00 3.000E+00
NAN NAN NAN 1.915E-01 2.667E-05 NAN 7.252E-01 1.461E+00 3.000E+00
NAN NAN NAN 1.915E-01 2.822E-05 NAN 7.253E-01 1.462E+00 3.000E+00
NAN NAN NAN 1.915E-01 3.107E-05 NAN 7.256E-01 1.462E+00 3.000E+00
NAN NAN NAN 1.915E-01 3.629E-05 NAN 7.262E-01 1.462E+00 3.000E+00
NAN NAN NAN 1.915E-01 4.585E-05 NAN 7.273E-01 1.462E+00 3.000E+00
NAN NAN NAN 1.915E-01 6.338E-05 NAN 7.292E-01 1.463E+00 3.000E+00
NAN NAN NAN 1.915E-01 9.551E-05 NAN 7.327E-01 1.464E+00 3.000E+00
NAN NAN NAN 1.915E-01 1.544E-04 NAN 7.391E-01 1.466E+00 3.000E+00
NAN NAN NAN 1.915E-01 2.624E-04 NAN 7.510E-01 1.470E+00 3.000E+00
NAN NAN NAN 1.915E-01 4.602E-04 NAN 7.725E-01 1.477E+00 3.000E+00
NAN NAN NAN 1.915E-01 8.229E-04 NAN 8.117E-01 1.491E+00 3.000E+00
NAN NAN NAN 1.915E-01 1.488E-03 NAN 8.825E-01 1.519E+00 3.000E+00
NAN NAN NAN 1.915E-01 2.706E-03 NAN 1.000E+00 1.576E+00 3.000E+00
NAN NAN NAN 1.915E-01 4.940E-03 NAN 1.000E+00 1.706E+00 3.000E+00
NAN NAN NAN 2.422E-01 2.486E-05 NAN 7.809E-01 1.697E+00 3.000E+00
NAN NAN NAN 2.422E-01 2.490E-05 NAN 7.809E-01 1.697E+00 3.000E+00
NAN NAN NAN 2.422E-01 2.497E-05 NAN 7.809E-01 1.697E+00 3.000E+00
NAN NAN NAN 2.422E-01 2.511E-05 NAN 7.809E-01 1.697E+00 3.000E+00
NAN NAN NAN 2.422E-01 2.536E-05 NAN 7.809E-01 1.697E+00 3.000E+00
NAN NAN NAN 2.422E-01 2.582E-05 NAN 7.810E-01 1.697E+00 3.000E+00
NAN NAN NAN 2.422E-01 2.667E-05 NAN 7.811E-01 1.697E+00 3.000E+00
NAN NAN NAN 2.422E-01 2.822E-05 NAN 7.812E-01 1.698E+00 3.000E+00
NAN NAN NAN 2.422E-01 3.107E-05 NAN 7.815E-01 1.698E+00 3.000E+00
NAN NAN NAN 2.422E-01 3.629E-05 NAN 7.821E-01 1.698E+00 3.000E+00
NAN NAN NAN 2.422E-01 4.585E-05 NAN 7.830E-01 1.698E+00 3.000E+00
NAN NAN NAN 2.422E-01 6.338E-05 NAN 7.849E-01 1.699E+00 3.000E+00
NAN NAN NAN 2.422E-01 9.551E-05 NAN 7.882E-01 1.700E+00 3.000E+00
NAN NAN NAN 2.422E-01 1.544E-04 NAN 7.943E-01 1.703E+00 3.000E+00
NAN NAN NAN 2.422E-01 2.624E-04 NAN 8.054E-01 1.708E+00 3.000E+00
NAN NAN NAN 2.422E-01 4.602E-04 NAN 8.257E-01 1.716E+00 3.000E+00
NAN NAN NAN 2.422E-01 8.229E-04 NAN 8.624E-01 1.731E+00 3.000E+00
NAN NAN NAN 2.422E-01 1.488E-03 NAN 9.284E-01 1.764E+00 3.000E+00
NAN NAN NAN 2.422E-01 2.706E-03 NAN 1.000E+00 1.826E+00 3.000E+00
NAN NAN NAN 2.422E-01 4.940E-03 NAN 1.000E+00 1.960E+00 3.000E+00
NAN NAN NAN 3.064E-01 2.486E-05 NAN 8.360E-01 2.005E+00 3.000E+00
NAN NAN NAN 3.064E-01 2.490E-05 NAN 8.360E-01 2.005E+00 3.000E+00
NAN NAN NAN 3.064E-01 2.497E-05 NAN 8.360E-01 2.005E+00 3.000E+00
NAN NAN NAN 3.064E-01 2.511E-05 NAN 8.360E-01 2.005E+00 3.000E+00
NAN NAN NAN 3.064E-01 2.536E-05 NAN 8.360E-01 2.005E+00 3.000E+00
NAN NAN NAN 3.064E-01 2.582E-05 NAN 8.361E-01 2.005E+00 3.000E+00
NAN NAN NAN 3.064E-01 2.667E-05 NAN 8.362E-01 2.005E+00 3.000E+00
NAN NAN NAN 3.064E-01 2.822E-05 NAN 8.363E-01 2.005E+00 3.000E+00
NAN NAN NAN 3.064E-01 3.107E-05 NAN 8.366E-01 2.006E+00 3.000E+00
NAN NAN NAN 3.064E-01 3.629E-05 NAN 8.371E-01 2.006E+00 3.000E+00
NAN NAN NAN 3.064E-01 4.585E-05 NAN 8.380E-01 2.006E+00 3.000E+00
NAN NAN NAN 3.064E-01 6.338E-05 NAN 8.397E-01 2.007E+00 3.000E+00
NAN NAN NAN 3.064E-01 9.551E-05 NAN 8.428E-01 2.009E+00 3.000E+00
NAN NAN NAN 3.064E-01 1.544E-04 NAN 8.484E-01 2.012E+00 3.000E+00
NAN NAN NAN 3.064E-01 2.624E-04 NAN 8.588E-01 2.017E+00 3.000E+00
NAN NAN NAN 3.064E-01 4.602E-04 NAN 8.775E-01 2.026E+00 3.000E+00
NAN NAN NAN 3.064E-01 8.229E-04 NAN 9.114E-01 2.044E+00 3.000E+00
NAN NAN NAN 3.064E-01 1.488E-03 NAN 9.718E-01 2.078E+00 3.000E+00
NAN NAN NAN 3.064E-01 2.706E-03 NAN 1.000E+00 2.144E+00 3.000E+00
NAN NAN NAN 3.064E-01 4.940E-03 NAN 1.000E+00 2.281E+00 3.000E+00
NAN NAN NAN 3.875E-01 2.486E-05 NAN 8.890E-01 2.400E+00 3.000E+00
NAN NAN NAN 3.875E-01 2.490E-05 NAN 8.890E-01 2.400E+00 3.000E+00
NAN NAN NAN 3.875E-01 2.497E-05 NAN 8.890E-01 2.400E+00 3.000E+00
NAN NAN NAN 3.875E-01 2.511E-05 NAN 8.890E-01 2.400E+00 3.000E+00
NAN NAN NAN 3.875E-01 2.536E-05 NAN 8.891E-01 2.400E+00 3.000E+00
NAN NAN NAN 3.875E-01 2.582E-05 NAN 8.891E-01 2.400E+00 3.000E+00
NAN NAN NAN 3.875E-01 2.667E-05 NAN 8.892E-01 2.400E+00 3.000E+00
NAN NAN NAN 3.875E-01 2.822E-05 NAN 8.893E-01 2.401E+00 3.000E+00
NAN NAN NAN 3.875E-01 3.107E-05 NAN 8.896E-01 2.401E+00 3.000E+00
NAN NAN NAN 3.875E-01 3.629E-05 NAN 8.900E-01 2.401E+00 3.000E+00
NAN NAN NAN 3.875E-01 4.585E-05 NAN 8.909E-01 2.401E+00 3.000E+00
NAN NAN NAN 3.875E-01 6.338E-05 NAN 8.924E-01 2.402E+00 3.000E+00
NAN NAN NAN 3.875E-01 9.551E-05 NAN 8.952E-01 2.404E+00 3.000E+00
NAN NAN NAN 3.875E-01 1.544E-04 NAN 9.004E-01 2.407E+00 3.000E+00
NAN NAN NAN 3.875E-01 2.624E-04 NAN 9.098E-01 2.413E+00 3.000E+00
NAN NAN NAN 3.875E-01 4.602E-04 NAN 9.269E-01 2.423E+00 3.000E+00
NAN NAN NAN 3.875E-01 8.229E-04 NAN 9.577E-01 2.443E+00 3.000E+00
NAN NAN NAN 3.875E-01 1.488E-03 NAN 1.000E+00 2.479E+00 3.000E+00
NAN NAN NAN 3.875E-01 2.706E-03 NAN 1.000E+00 2.548E+00 3.000E+00
NAN NAN NAN 3.875E-01 4.940E-03 NAN 1.000E+00 2.687E+00 3.000E+00
NAN NAN NAN 4.902E-01 2.486E-05 NAN 9.391E-01 2.908E+00 3.000E+00
NAN NAN NAN 4.902E-01 2.490E-05 NAN 9.391E-01 2.908E+00 3.000E+00
NAN NAN NAN 4.902E-01 2.497E-05 NAN 9.391E-01 2.908E+00 3.000E+00
NAN NAN NAN 4.902E-01 2.511E-05 NAN 9.391E-01 2.908E+00 3.000E+00
NAN NAN NAN 4.902E-01 2.536E-05 NAN 9.391E-01 2.908E+00 3.000E+00
NAN NAN NAN 4.902E-01 2.582E-05 NAN 9.392E-01 2.908E+00 3.000E+00
NAN NAN NAN 4.902E-01 2.667E-05 NAN 9.392E-01 2.908E+00 3.000E+00
NAN NAN NAN 4.902E-01 2.822E-05 NAN 9.393E-01 2.908E+00 3.000E+00
NAN NAN NAN 4.902E-01 3.107E-05 NAN 9.396E-01 2.908E+00 3.000E+00
NAN NAN NAN 4.902E-01 3.629E-05 NAN 9.400E-01 2.909E+00 3.000E+00
NAN NAN NAN 4.902E-01 4.585E-05 NAN 9.407E-01 2.909E+00 3.000E+00
NAN NAN NAN 4.902E-01 6.338E-05 NAN 9.421E-01 2.910E+00 3.000E+00
NAN NAN NAN 4.902E-01 9.551E-05 NAN 9.447E-01 2.912E+00 3.000E+00
NAN NAN NAN 4.902E-01 1.544E-04 NAN 9.493E-01 2.915E+00 3.000E+00
NAN NAN NAN 4.902E-01 2.624E-04 NAN 9.578E-01 2.921E+00 3.000E+00
NAN NAN NAN 4.902E-01 4.602E-04 NAN 9.731E-01 2.932E+00 3.000E+00
NAN NAN NAN 4.902E-01 8.229E-04 NAN 1.000E+00 2.952E+00 3.000E+00
NAN NAN NAN 4.902E-01 1.488E-03 NAN 1.000E+00 2.988E+00 3.000E+00
NAN NAN NAN 4.902E-01 2.706E-03 NAN 1.000E+00 3.061E+00 3.000E+00
NAN NAN NAN 4.902E-01 4.940E-03 NAN 1.000E+00 3.201E+00 3.000E+00
NAN NAN NAN 6.200E-01 2.486E-05 NAN 9.853E-01 3.551E+00 3.000E+00
NAN NAN NAN 6.200E-01 2.490E-05 NAN 9.853E-01 3.551E+00 3.000E+00
NAN NAN NAN 6.200E-01 2.497E-05 NAN 9.853E-01 3.551E+00 3.000E+00
NAN NAN NAN 6.200E-01 2.511E-05 NAN 9.853E-01 3.551E+00 3.000E+00
NAN NAN NAN 6.200E-01 2.536E-05 NAN 9.853E-01 3.551E+00 3.000E+00
NAN NAN NAN 6.200E-01 2.582E-05 NAN 9.854E-01 3.551E+00 3.000E+00
NAN NAN NAN 6.200E-01 2.667E-05 NAN 9.854E-01 3.551E+00 3.000E+00
NAN NAN NAN 6.200E-01 2.822E-05 NAN 9.855E-01 3.551E+00 3.000E+00
NAN NAN NAN 6.200E-01 3.107E-05 NAN 9.857E-01 3.551E+00 3.000E+00
NAN NAN NAN 6.200E-01 3.629E-05 NAN 9.861E-01 3.552E+00 3.000E+00
NAN NAN NAN 6.200E-01 4.585E-05 NAN 9.868E-01 3.552E+00 3.000E+00
NAN NAN NAN 6.200E-01 6.338E-05 NAN 9.880E-01 3.553E+00 3.000E+00
NAN NAN NAN 6.200E-01 9.551E-05 NAN 9.903E-01 3.555E+00 3.000E+00
NAN NAN NAN 6.200E-01 1.544E-04 NAN 9.944E-01 3.558E+00 3.000E+00
NAN NAN NAN 6.200E-01 2.624E-04 NAN 1.000E+00 3.564E+00 3.000E+00
NAN NAN NAN 6.200E-01 4.602E-04 NAN 1.000E+00 3.575E+00 3.000E+00
NAN NAN NAN 6.200E-01 8.229E-04 NAN 1.000E+00 3.597E+00 3.000E+00
NAN NAN NAN 6.200E-01 1.488E-03 NAN 1.000E+00 3.636E+00 3.000E+00
NAN NAN NAN 6.200E-01 2.706E-03 NAN 1.000E+00 3.709E+00 3.000E+00
NAN NAN NAN 6.200E-01 4.940E-03 NAN 1.000E+00 3.851E+00 3.000E+00
NAN NAN NAN 7.842E-01 2.486E-05 NAN 1.000E+00 4.369E+00 3.000E+00
NAN NAN NAN 7.842E-01 2.490E-05 NAN 1.000E+00 4.369E+00 3.000E+00
NAN NAN NAN 7.842E-01 2.497E-05 NAN 1.000E+00 4.369E+00 3.000E+00
NAN NAN NAN 7.842E-01 2.511E-05 NAN 1.000E+00 4.369E+00 3.000E+00
NAN NAN NAN 7.842E-01 2.536E-05 NAN 1.000E+00 4.369E+00 3.000E+00
NAN NAN NAN 7.842E-01 2.582E-05 NAN 1.000E+00 4.369E+00 3.000E+00
NAN NAN NAN 7.842E-01 2.667E-05 NAN 1.000E+00 4.369E+00 3.000E+00
NAN NAN NAN 7.842E-01 2.822E-05 NAN 1.000E+00 4.369E+00 3.000E+00
NAN NAN NAN 7.842E-01 3.107E-05 NAN 1.000E+00 4.369E+00 3.000E+00
NAN NAN NAN 7.842E-01 3.629E-05 NAN 1.000E+00 4.369E+00 3.000E+00
NAN NAN NAN 7.842E-01 4.585E-05 NAN 1.000E+00 4.370E+00 3.000E+00
NAN NAN NAN 7.842E-01 6.338E-05 NAN 1.000E+00 4.371E+00 3.000E+00
NAN NAN NAN 7.842E-01 9.551E-05 NAN 1.000E+00 4.373E+00 3.000E+00
NAN NAN NAN 7.842E-01 1.544E-04 NAN 1.000E+00 4.377E+00 3.000E+00
NAN NAN NAN 7.842E-01 2.624E-04 NAN 1.000E+00 4.383E+00 3.000E+00
NAN NAN NAN 7.842E-01 4.602E-04 NAN 1.000E+00 4.395E+00 3.000E+00
NAN NAN NAN 7.842E-01 8.229E-04 NAN 1.000E+00 4.417E+00 3.000E+00
NAN NAN NAN 7.842E-01 1.488E-03 NAN 1.000E+00 4.456E+00 3.000E+00
NAN NAN NAN 7.842E-01 2.706E-03 NAN 1.000E+00 4.529E+00 3.000E+00
NAN NAN NAN 7.842E-01 4.940E-03 NAN 1.000E+00 4.673E+00 1.000E+00
NAN NAN NAN 9.919E-01 2.486E-05 NAN 1.000E+00 5.406E+00 3.000E+00
NAN NAN NAN 9.919E-01 2.490E-05 NAN 1.000E+00 5.406E+00 3.000E+00
NAN NAN NAN 9.919E-01 2.497E-05 NAN 1.000E+00 5.406E+00 3.000E+00
NAN NAN NAN 9.919E-01 2.511E-05 NAN 1.000E+00 5.406E+00 3.000E+00
NAN NAN NAN 9.919E-01 2.536E-05 NAN 1.000E+00 5.406E+00 3.000E+00
NAN NAN NAN 9.919E-01 2.582E-05 NAN 1.000E+00 5.406E+00 3.000E+00
NAN NAN NAN 9.919E-01 2.667E-05 NAN 1.000E+00 5.406E+00 3.000E+00
NAN NAN NAN 9.919E-01 2.822E-05 NAN 1.000E+00 5.406E+00 3.000E+00
NAN NAN NAN 9.919E-01 3.107E-05 NAN 1.000E+00 5.406E+00 3.000E+00
NAN NAN NAN 9.919E-01 3.629E-05 NAN 1.000E+00 5.407E+00 3.000E+00
NAN NAN NAN 9.919E-01 4.585E-05 NAN 1.000E+00 5.407E+00 3.000E+00
NAN NAN NAN 9.919E-01 6.338E-05 NAN 1.000E+00 5.408E+00 3.000E+00
NAN NAN NAN 9.919E-01 9.551E-05 NAN 1.000E+00 5.410E+00 3.000E+00
NAN NAN NAN 9.919E-01 1.544E-04 NAN 1.000E+00 5.414E+00 3.000E+00
NAN NAN NAN 9.919E-01 2.624E-04 NAN 1.000E+00 5.420E+00 3.000E+00
NAN NAN NAN 9.919E-01 4.602E-04 NAN 1.000E+00 5.432E+00 3.000E+00
NAN NAN NAN 9.919E-01 8.229E-04 NAN 1.000E+00 5.454E+00 3.000E+00
NAN NAN NAN 9.919E-01 1.488E-03 NAN 1.000E+00 5.494E+00 3.000E+00
NAN NAN NAN 9.919E-01 2.706E-03 NAN 1.000E+00 5.567E+00 3.000E+00
NAN NAN NAN 9.919E-01 4.940E-03 NAN 1.000E+00 5.712E+00 1.000E+00
NAN NAN NAN 1.255E+00 2.486E-05 NAN 1.000E+00 6.720E+00 3.000E+00
NAN NAN NAN 1.255E+00 2.490E-05 NAN 1.000E+00 6.720E+00 3.000E+00
NAN NAN NAN 1.255E+00 2.497E-05 NAN 1.000E+00 6.720E+00 3.000E+00
NAN NAN NAN 1.255E+00 2.511E-05 NAN 1.000E+00 6.720E+00 3.000E+00
NAN NAN NAN 1.255E+00 2.536E-05 NAN 1.000E+00 6.720E+00 3.000E+00
NAN NAN NAN 1.255E+00 2.582E-05 NAN 1.000E+00 6.720E+00 3.000E+00
NAN NAN NAN 1.255E+00 2.667E-05 NAN 1.000E+00 6.720E+00 3.000E+00
NAN NAN NAN 1.255E+00 2.822E-05 NAN 1.000E+00 6.720E+00 3.000E+00
NAN NAN NAN 1.255E+00 3.107E-05 NAN 1.000E+00 6.720E+00 3.000E+00
NAN NAN NAN 1.255E+00 3.629E-05 NAN 1.000E+00 6.721E+00 3.000E+00
NAN NAN NAN 1.255E+00 4.585E-05 NAN 1.000E+00 6.721E+00 3.000E+00
NAN NAN NAN 1.255E+00 6.338E-05 NAN 1.000E+00 6.722E+00 3.000E+00
NAN NAN NAN 1.255E+00 9.551E-05 NAN 1.000E+00 6.724E+00 3.000E+00
NAN NAN NAN 1.255E+00 1.544E-04 NAN 1.000E+00 6.728E+00 3.000E+00
NAN NAN NAN 1.255E+00 2.624E-04 NAN 1.000E+00 6.734E+00 3.000E+00
NAN NAN NAN 1.255E+00 4.602E-04 NAN 1.000E+00 6.746E+00 3.000E+00
NAN NAN NAN 1.255E+00 8.229E-04 NAN 1.000E+00 6.768E+00 3.000E+00
NAN NAN NAN 1.255E+00 1.488E-03 NAN 1.000E+00 6.808E+00 3.000E+00
NAN NAN NAN 1.255E+00 2.706E-03 NAN 1.000E+00 6.884E+00 3.000E+00
NAN NAN NAN 1.255E+00 4.940E-03 NAN 1.000E+00 7.029E+00 1.000E+00
NAN NAN NAN 1.587E+00 2.486E-05 NAN 1.000E+00 8.378E+00 3.000E+00
NAN NAN NAN 1.587E+00 2.490E-05 NAN 1.000E+00 8.378E+00 3.000E+00
NAN NAN NAN 1.587E+00 2.497E-05 NAN 1.000E+00 8.378E+00 3.000E+00
NAN NAN NAN 1.587E+00 2.511E-05 NAN 1.000E+00 8.378E+00 3.000E+00
NAN NAN NAN 1.587E+00 2.536E-05 NAN 1.000E+00 8.378E+00 3.000E+00
NAN NAN NAN 1.587E+00 2.582E-05 NAN 1.000E+00 8.378E+00 3.000E+00
NAN NAN NAN 1.587E+00 2.667E-05 NAN 1.000E+00 8.378E+00 3.000E+00
NAN NAN NAN 1.587E+00 2.822E-05 NAN 1.000E+00 8.378E+00 3.000E+00
NAN NAN NAN 1.587E+00 3.107E-05 NAN 1.000E+00 8.378E+00 3.000E+00
NAN NAN NAN 1.587E+00 3.629E-05 NAN 1.000E+00 8.379E+00 3.000E+00
NAN NAN NAN 1.587E+00 4.585E-05 NAN 1.000E+00 8.379E+00 3.000E+00
NAN NAN NAN 1.587E+00 6.338E-05 NAN 1.000E+00 8.380E+00 3.000E+00
NAN NAN NAN 1.587E+00 9.551E-05 NAN 1.000E+00 8.382E+00 3.000E+00
NAN NAN NAN 1.587E+00 1.544E-04 NAN 1.000E+00 8.386E+00 3.000E+00
NAN NAN NAN 1.587E+00 2.624E-04 NAN 1.000E+00 8.392E+00 3.000E+00
NAN NAN NAN 1.587E+00 4.602E-04 NAN 1.000E+00 8.404E+00 3.000E+00
NAN NAN NAN 1.587E+00 8.229E-04 NAN 1.000E+00 8.426E+00 3.000E+00
NAN NAN NAN 1.587E+00 1.488E-03 NAN 1.000E+00 8.466E+00 3.000E+00
NAN NAN NAN 1.587E+00 2.706E-03 NAN 1.000E+00 8.545E+00 3.000E+00
NAN NAN NAN 1.587E+00 4.940E-03 NAN 1.000E+00 8.691E+00 1.000E+00
NAN NAN NAN 2.007E+00 2.486E-05 NAN 1.000E+00 1.048E+01 3.000E+00
NAN NAN NAN 2.007E+00 2.490E-05 NAN 1.000E+00 1.048E+01 3.000E+00
NAN NAN NAN 2.007E+00 2.497E-05 NAN 1.000E+00 1.048E+01 3.000E+00
NAN NAN NAN 2.007E+00 2.511E-05 NAN 1.000E+00 1.048E+01 3.000E+00
NAN NAN NAN 2.007E+00 2.536E-05 NAN 1.000E+00 1.048E+01 3.000E+00
NAN NAN NAN 2.007E+00 2.582E-05 NAN 1.000E+00 1.048E+01 3.000E+00
NAN NAN NAN 2.007E+00 2.667E-05 NAN 1.000E+00 1.048E+01 3.000E+00
NAN NAN NAN 2.007E+00 2.822E-05 NAN 1.000E+00 1.048E+01 3.000E+00
NAN NAN NAN 2.007E+00 3.107E-05 NAN 1.000E+00 1.048E+01 3.000E+00
NAN NAN NAN 2.007E+00 3.629E-05 NAN 1.000E+00 1.048E+01 3.000E+00
NAN NAN NAN 2.007E+00 4.585E-05 NAN 1.000E+00 1.048E+01 3.000E+00
NAN NAN NAN 2.007E+00 6.338E-05 NAN 1.000E+00 1.048E+01 3.000E+00
NAN NAN NAN 2.007E+00 9.551E-05 NAN 1.000E+00 1.048E+01 3.000E+00
NAN NAN NAN 2.007E+00 1.544E-04 NAN 1.000E+00 1.048E+01 3.000E+00
NAN NAN NAN 2.007E+00 2.624E-04 NAN 1.000E+00 1.049E+01 3.000E+00
NAN NAN NAN 2.007E+00 4.602E-04 NAN 1.000E+00 1.050E+01 3.000E+00
NAN NAN NAN 2.007E+00 8.229E-04 NAN 1.000E+00 1.052E+01 3.000E+00
NAN NAN NAN 2.007E+00 1.488E-03 NAN 1.000E+00 1.057E+01 3.000E+00
NAN NAN NAN 2.007E+00 2.706E-03 NAN 1.000E+00 1.065E+01 1.000E+00
NAN NAN NAN 2.007E+00 4.940E-03 NAN 1.000E+00 1.079E+01 1.000E+00
NAN NAN NAN 2.539E+00 2.486E-05 NAN 1.000E+00 1.314E+01 3.000E+00
NAN NAN NAN 2.539E+00 2.490E-05 NAN 1.000E+00 1.314E+01 3.000E+00
NAN NAN NAN 2.539E+00 2.497E-05 NAN 1.000E+00 1.314E+01 3.000E+00
NAN NAN NAN 2.539E+00 2.511E-05 NAN 1.000E+00 1.314E+01 3.000E+00
NAN NAN NAN 2.539E+00 2.536E-05 NAN 1.000E+00 1.314E+01 3.000E+00
NAN NAN NAN 2.539E+00 2.582E-05 NAN 1.000E+00 1.314E+01 3.000E+00
NAN NAN NAN 2.539E+00 2.667E-05 NAN 1.000E+00 1.314E+01 3.000E+00
NAN NAN NAN 2.539E+00 2.822E-05 NAN 1.000E+00 1.314E+01 3.000E+00
NAN NAN NAN 2.539E+00 3.107E-05 NAN 1.000E+00 1.314E+01 3.000E+00
NAN NAN NAN 2.539E+00 3.629E-05 NAN 1.000E+00 1.314E+01 3.000E+00
NAN NAN NAN 2.539E+00 4.585E-05 NAN 1.000E+00 1.314E+01 3.000E+00
NAN NAN NAN 2.539E+00 6.338E-05 NAN 1.000E+00 1.314E+01 3.000E+00
NAN NAN NAN 2.539E+00 9.551E-05 NAN 1.000E+00 1.314E+01 3.000E+00
NAN NAN NAN 2.539E+00 1.544E-04 NAN 1.000E+00 1.314E+01 3.000E+00
NAN NAN NAN 2.539E+00 2.624E-04 NAN 1.000E+00 1.315E+01 3.000E+00
NAN NAN NAN 2.539E+00 4.602E-04 NAN 1.000E+00 1.316E+01 3.000E+00
NAN NAN NAN 2.539E+00 8.229E-04 NAN 1.000E+00 1.319E+01 3.000E+00
NAN NAN NAN 2.539E+00 1.488E-03 NAN 1.000E+00 1.323E+01 1.000E+00
NAN NAN NAN 2.539E+00 2.706E-03 NAN 1.000E+00 1.331E+01 1.000E+00
NAN NAN NAN 2.539E+00 4.940E-03 NAN 1.000E+00 1.346E+01 1.000E+00
NAN NAN NAN 3.211E+00 2.486E-05 NAN 1.000E+00 1.650E+01 1.000E+00
NAN NAN NAN 3.211E+00 2.490E-05 NAN 1.000E+00 1.650E+01 1.000E+00
NAN NAN NAN 3.211E+00 2.497E-05 NAN 1.000E+00 1.650E+01 1.000E+00
NAN NAN NAN 3.211E+00 2.511E-05 NAN 1.000E+00 1.650E+01 1.000E+00
NAN NAN NAN 3.211E+00 2.536E-05 NAN 1.000E+00 1.650E+01 1.000E+00
NAN NAN NAN 3.211E+00 2.582E-05 NAN 1.000E+00 1.650E+01 1.000E+00
NAN NAN NAN 3.211E+00 2.667E-05 NAN 1.000E+00 1.650E+01 1.000E+00
NAN NAN NAN 3.211E+00 2.822E-05 NAN 1.000E+00 1.650E+01 1.000E+00
NAN NAN NAN 3.211E+00 3.107E-05 NAN 1.000E+00 1.650E+01 1.000E+00
NAN NAN NAN 3.211E+00 3.629E-05 NAN 1.000E+00 1.650E+01 1.000E+00
NAN NAN NAN 3.211E+00 4.585E-05 NAN 1.000E+00 1.650E+01 1.000E+00
NAN NAN NAN 3.211E+00 6.338E-05 NAN 1.000E+00 1.650E+01 1.000E+00
NAN NAN NAN 3.211E+00 9.551E-05 NAN 1.000E+00 1.650E+01 1.000E+00
NAN NAN NAN 3.211E+00 1.544E-04 NAN 1.000E+00 1.651E+01 1.000E+00
NAN NAN NAN 3.211E+00 2.624E-04 NAN 1.000E+00 1.651E+01 1.000E+00
NAN NAN NAN 3.211E+00 4.602E-04 NAN 1.000E+00 1.653E+01 1.000E+00
NAN NAN NAN 3.211E+00 8.229E-04 NAN 1.000E+00 1.655E+01 1.000E+00
NAN NAN NAN 3.211E+00 1.488E-03 NAN 1.000E+00 1.659E+01 1.000E+00
NAN NAN NAN 3.211E+00 2.706E-03 NAN 1.000E+00 1.667E+01 1.000E+00
NAN NAN NAN 3.211E+00 4.940E-03 NAN 1.000E+00 1.682E+01 1.000E+00
NAN NAN NAN 4.062E+00 2.486E-05 NAN 1.000E+00 2.076E+01 1.000E+00
NAN NAN NAN 4.062E+00 2.490E-05 NAN 1.000E+00 2.076E+01 1.000E+00
NAN NAN NAN 4.062E+00 2.497E-05 NAN 1.000E+00 2.076E+01 1.000E+00
NAN NAN NAN 4.062E+00 2.511E-05 NAN 1.000E+00 2.076E+01 1.000E+00
NAN NAN NAN 4.062E+00 2.536E-05 NAN 1.000E+00 2.076E+01 1.000E+00
NAN NAN NAN 4.062E+00 2.582E-05 NAN 1.000E+00 2.076E+01 1.000E+00
NAN NAN NAN 4.062E+00 2.667E-05 NAN 1.000E+00 2.076E+01 1.000E+00
NAN NAN NAN 4.062E+00 2.822E-05 NAN 1.000E+00 2.076E+01 1.000E+00
NAN NAN NAN 4.062E+00 3.107E-05 NAN 1.000E+00 2.076E+01 1.000E+00
NAN NAN NAN 4.062E+00 3.629E-05 NAN 1.000E+00 2.076E+01 1.000E+00
NAN NAN NAN 4.062E+00 4.585E-05 NAN 1.000E+00 2.076E+01 1.000E+00
NAN NAN NAN 4.062E+00 6.338E-05 NAN 1.000E+00 2.076E+01 1.000E+00
NAN NAN NAN 4.062E+00 9.551E-05 NAN 1.000E+00 2.076E+01 1.000E+00
NAN NAN NAN 4.062E+00 1.544E-04 NAN 1.000E+00 2.077E+01 1.000E+00
NAN NAN NAN 4.062E+00 2.624E-04 NAN 1.000E+00 2.077E+01 1.000E+00
NAN NAN NAN 4.062E+00 4.602E-04 NAN 1.000E+00 2.079E+01 1.000E+00
NAN NAN NAN 4.062E+00 8.229E-04 NAN 1.000E+00 2.081E+01 1.000E+00
NAN NAN NAN 4.062E+00 1.488E-03 NAN 1.000E+00 2.085E+01 1.000E+00
NAN NAN NAN 4.062E+00 2.706E-03 NAN 1.000E+00 2.093E+01 1.000E+00
NAN NAN NAN 4.062E+00 4.940E-03 NAN 1.000E+00 2.108E+01 1.000E+00
NAN NAN NAN 5.138E+00 2.486E-05 NAN 1.000E+00 2.614E+01 1.000E+00
NAN NAN NAN 5.138E+00 2.490E-05 NAN 1.000E+00 2.614E+01 1.000E+00
NAN NAN NAN 5.138E+00 2.497E-05 NAN 1.000E+00 2.614E+01 1.000E+00
NAN NAN NAN 5.138E+00 2.511E-05 NAN 1.000E+00 2.614E+01 1.000E+00
NAN NAN NAN 5.138E+00 2.536E-05 NAN 1.000E+00 2.614E+01 1.000E+00
NAN NAN NAN 5.138E+00 2.582E-05 NAN 1.000E+00 2.614E+01 1.000E+00
NAN NAN NAN 5.138E+00 2.667E-05 NAN 1.000E+00 2.614E+01 1.000E+00
NAN NAN NAN 5.138E+00 2.822E-05 NAN 1.000E+00 2.614E+01 1.000E+00
NAN NAN NAN 5.138E+00 3.107E-05 NAN 1.000E+00 2.614E+01 1.000E+00
NAN NAN NAN 5.138E+00 3.629E-05 NAN 1.000E+00 2.614E+01 1.000E+00
NAN NAN NAN 5.138E+00 4.585E-05 NAN 1.000E+00 2.615E+01 1.000E+00
NAN NAN NAN 5.138E+00 6.338E-05 NAN 1.000E+00 2.615E+01 1.000E+00
NAN NAN NAN 5.138E+00 9.551E-05 NAN 1.000E+00 2.615E+01 1.000E+00
NAN NAN NAN 5.138E+00 1.544E-04 NAN 1.000E+00 2.615E+01 1.000E+00
NAN NAN NAN 5.138E+00 2.624E-04 NAN 1.000E+00 2.616E+01 1.000E+00
NAN NAN NAN 5.138E+00 4.602E-04 NAN 1.000E+00 2.617E+01 1.000E+00
NAN NAN NAN 5.138E+00 8.229E-04 NAN 1.000E+00 2.620E+01 1.000E+00
NAN NAN NAN 5.138E+00 1.488E-03 NAN 1.000E+00 2.624E+01 1.000E+00
NAN NAN NAN 5.138E+00 2.706E-03 NAN 1.000E+00 2.632E+01 1.000E+00
NAN NAN NAN 5.138E+00 4.940E-03 NAN 1.000E+00 2.646E+01 1.000E+00
