1.046E+08 9.872E+02 1.774E-01 5.137E-05 1.244E-04 1.410E+03 5.987E-01 5.581E+00 2.000E+00
1.092E+08 9.872E+02 1.774E-01 5.137E-05 1.244E-04 1.412E+03 5.987E-01 5.581E+00 2.000E+00
4.657E+07 3.409E+02 2.458E-01 5.137E-05 1.245E-04 2.267E+03 5.987E-01 5.581E+00 2.000E+00
2.506E+08 4.156E+02 2.347E-01 5.137E-05 1.246E-04 1.922E+03 5.987E-01 5.581E+00 2.000E+00
9.909E+07 7.503E+02 1.961E-01 5.137E-05 1.249E-04 1.461E+03 5.987E-01 5.581E+00 2.000E+00
5.917E+07 9.835E+02 1.776E-01 5.137E-05 1.253E-04 1.413E+03 5.988E-01 5.581E+00 2.000E+00
1.564E+08 9.835E+02 1.776E-01 5.137E-05 1.262E-04 1.410E+03 5.988E-01 5.581E+00 2.000E+00
5.712E+07 3.468E+02 2.449E-01 5.137E-05 1.277E-04 2.230E+03 5.989E-01 5.581E+00 2.000E+00
6.759E+07 9.785E+02 1.780E-01 5.137E-05 1.306E-04 1.411E+03 5.991E-01 5.581E+00 2.000E+00
2.030E+08 7.008E+02 2.008E-01 5.137E-05 1.358E-04 1.490E+03 5.994E-01 5.581E+00 2.000E+00
6.022E+07 4.781E+02 2.262E-01 5.137E-05 1.454E-04 1.759E+03 6.000E-01 5.582E+00 2.000E+00
3.845E+07 5.893E+02 2.126E-01 5.137E-05 1.629E-04 1.587E+03 6.010E-01 5.582E+00 2.000E+00
2.533E+08 7.382E+02 1.973E-01 5.137E-05 1.950E-04 1.473E+03 6.029E-01 5.583E+00 2.000E+00
7.394E+08 7.243E+02 1.987E-01 5.137E-05 2.539E-04 1.484E+03 6.065E-01 5.584E+00 2.000E+00
8.170E+07 8.411E+02 1.885E-01 5.137E-05 3.619E-04 1.453E+03 6.129E-01 5.587E+00 2.000E+00
1.133E+08 8.049E+02 1.917E-01 5.137E-05 5.598E-04 1.485E+03 6.248E-01 5.591E+00 2.000E+00
2.774E+07 3.752E+02 2.427E-01 5.137E-05 9.225E-04 2.086E+03 6.464E-01 5.600E+00 2.000E+00
3.616E+07 5.243E+02 2.228E-01 5.137E-05 1.587E-03 1.740E+03 6.826E-01 5.615E+00 2.000E+00
5.311E+07 3.654E+02 2.494E-01 5.137E-05 2.806E-03 2.114E+03 7.413E-01 5.643E+00 2.000E+00
1.756E+07 2.311E+02 2.848E-01 5.137E-05 5.040E-03 2.861E+03 8.226E-01 5.694E+00 2.000E+00
5.389E+07 3.409E+02 2.458E-01 6.498E-05 1.244E-04 2.267E+03 5.988E-01 5.581E+00 2.000E+00
1.219E+08 9.872E+02 1.774E-01 6.498E-05 1.244E-04 1.410E+03 5.988E-01 5.581E+00 2.000E+00
4.794E+07 4.156E+02 2.347E-01 6.498E-05 1.245E-04 1.972E+03 5.988E-01 5.581E+00 2.000E+00
1.957E+07 2.996E+02 2.521E-01 6.498E-05 1.246E-04 2.621E+03 5.988E-01 5.581E+00 2.000E+00
1.066E+08 7.584E+02 1.954E-01 6.498E-05 1.249E-04 1.483E+03 5.988E-01 5.581E+00 2.000E+00
2.344E+07 7.361E+02 1.974E-01 6.498E-05 1.253E-04 1.479E+03 5.988E-01 5.581E+00 2.000E+00
6.366E+07 5.002E+02 2.233E-01 6.498E-05 1.262E-04 1.714E+03 5.989E-01 5.581E+00 2.000E+00
1.009E+08 9.751E+02 1.782E-01 6.498E-05 1.277E-04 1.410E+03 5.990E-01 5.581E+00 2.000E+00
7.549E+07 9.785E+02 1.780E-01 6.498E-05 1.306E-04 1.411E+03 5.991E-01 5.581E+00 2.000E+00
2.044E+07 2.808E+02 2.550E-01 6.498E-05 1.358E-04 2.869E+03 5.995E-01 5.581E+00 2.000E+00
2.091E+07 4.656E+02 2.278E-01 6.498E-05 1.454E-04 1.786E+03 6.000E-01 5.582E+00 2.000E+00
5.693E+07 7.259E+02 1.984E-01 6.498E-05 1.629E-04 1.514E+03 6.011E-01 5.582E+00 2.000E+00
6.399E+07 8.110E+02 1.909E-01 6.498E-05 1.950E-04 1.452E+03 6.030E-01 5.583E+00 2.000E+00
1.738E+09 7.074E+02 2.003E-01 6.498E-05 2.539E-04 1.494E+03 6.065E-01 5.584E+00 2.000E+00
4.836E+07 9.661E+02 1.790E-01 6.498E-05 3.619E-04 1.451E+03 6.130E-01 5.587E+00 2.000E+00
1.360E+08 7.949E+02 1.926E-01 6.498E-05 5.598E-04 1.487E+03 6.249E-01 5.591E+00 2.000E+00
4.044E+07 6.534E+02 2.066E-01 6.498E-05 9.225E-04 1.579E+03 6.464E-01 5.600E+00 2.000E+00
5.559E+07 7.323E+02 1.994E-01 6.498E-05 1.587E-03 1.684E+03 6.826E-01 5.615E+00 2.000E+00
7.181E+07 5.364E+02 2.232E-01 6.498E-05 2.806E-03 1.948E+03 7.413E-01 5.643E+00 2.000E+00
1.012E+08 2.419E+02 2.823E-01 6.498E-05 5.040E-03 2.791E+03 8.226E-01 5.694E+00 2.000E+00
1.019E+09 4.156E+02 2.347E-01 8.219E-05 1.244E-04 1.923E+03 5.989E-01 5.581E+00 2.000E+00
1.546E+08 4.202E+02 2.341E-01 8.219E-05 1.244E-04 1.908E+03 5.989E-01 5.581E+00 2.000E+00
2.768E+07 2.996E+02 2.521E-01 8.219E-05 1.245E-04 2.621E+03 5.989E-01 5.581E+00 2.000E+00
2.522E+08 7.724E+02 1.941E-01 8.219E-05 1.246E-04 1.500E+03 5.989E-01 5.581E+00 2.000E+00
5.774E+07 4.076E+02 2.359E-01 8.219E-05 1.249E-04 1.958E+03 5.989E-01 5.581E+00 2.000E+00
8.481E+07 7.291E+02 1.981E-01 8.219E-05 1.253E-04 1.473E+03 5.989E-01 5.581E+00 2.000E+00
2.852E+08 9.835E+02 1.776E-01 8.219E-05 1.262E-04 1.410E+03 5.990E-01 5.581E+00 2.000E+00
2.081E+07 3.182E+02 2.492E-01 8.219E-05 1.277E-04 2.438E+03 5.991E-01 5.581E+00 2.000E+00
8.882E+07 9.785E+02 1.780E-01 8.219E-05 1.306E-04 1.411E+03 5.992E-01 5.581E+00 2.000E+00
4.209E+07 6.736E+02 2.035E-01 8.219E-05 1.358E-04 1.511E+03 5.995E-01 5.581E+00 2.000E+00
2.169E+09 4.523E+02 2.296E-01 8.219E-05 1.454E-04 1.817E+03 6.001E-01 5.582E+00 2.000E+00
3.012E+07 7.749E+02 1.939E-01 8.219E-05 1.629E-04 1.453E+03 6.012E-01 5.582E+00 2.000E+00
4.394E+07 8.201E+02 1.901E-01 8.219E-05 1.950E-04 1.440E+03 6.031E-01 5.583E+00 2.000E+00
1.096E+08 7.272E+02 1.984E-01 8.219E-05 2.539E-04 1.483E+03 6.066E-01 5.584E+00 2.000E+00
4.613E+07 9.661E+02 1.790E-01 8.219E-05 3.619E-04 1.452E+03 6.131E-01 5.587E+00 2.000E+00
2.048E+08 8.075E+02 1.915E-01 8.219E-05 5.598E-04 1.485E+03 6.250E-01 5.591E+00 2.000E+00
1.787E+07 6.623E+02 2.057E-01 8.219E-05 9.225E-04 1.574E+03 6.465E-01 5.600E+00 2.000E+00
2.082E+07 6.085E+02 2.125E-01 8.219E-05 1.587E-03 1.678E+03 6.827E-01 5.615E+00 2.000E+00
5.072E+07 5.487E+02 2.216E-01 8.219E-05 2.806E-03 2.003E+03 7.414E-01 5.643E+00 2.000E+00
3.751E+06 2.398E+02 2.827E-01 8.219E-05 5.040E-03 2.885E+03 8.227E-01 5.694E+00 2.000E+00
8.935E+07 7.581E+02 1.954E-01 1.040E-04 1.244E-04 1.458E+03 5.990E-01 5.581E+00 2.000E+00
6.293E+08 7.581E+02 1.954E-01 1.040E-04 1.244E-04 1.458E+03 5.990E-01 5.581E+00 2.000E+00
1.011E+08 7.503E+02 1.961E-01 1.040E-04 1.245E-04 1.462E+03 5.990E-01 5.581E+00 2.000E+00
1.453E+09 7.584E+02 1.954E-01 1.040E-04 1.246E-04 1.459E+03 5.990E-01 5.581E+00 2.000E+00
1.575E+09 9.872E+02 1.774E-01 1.040E-04 1.249E-04 1.410E+03 5.990E-01 5.581E+00 2.000E+00
1.301E+08 4.810E+02 2.258E-01 1.040E-04 1.253E-04 1.752E+03 5.990E-01 5.581E+00 2.000E+00
7.017E+08 9.835E+02 1.776E-01 1.040E-04 1.262E-04 1.411E+03 5.991E-01 5.581E+00 2.000E+00
5.007E+08 5.288E+02 2.197E-01 1.040E-04 1.277E-04 1.667E+03 5.992E-01 5.581E+00 2.000E+00
1.150E+08 9.785E+02 1.780E-01 1.040E-04 1.306E-04 1.411E+03 5.993E-01 5.581E+00 2.000E+00
2.711E+08 5.734E+02 2.144E-01 1.040E-04 1.358E-04 1.604E+03 5.997E-01 5.581E+00 2.000E+00
4.131E+08 9.430E+02 1.805E-01 1.040E-04 1.454E-04 1.414E+03 6.002E-01 5.582E+00 2.000E+00
1.345E+09 7.749E+02 1.940E-01 1.040E-04 1.629E-04 1.454E+03 6.013E-01 5.582E+00 2.000E+00
4.134E+08 4.786E+02 2.262E-01 1.040E-04 1.950E-04 1.758E+03 6.032E-01 5.583E+00 2.000E+00
5.623E+07 9.721E+02 1.785E-01 1.040E-04 2.539E-04 1.432E+03 6.067E-01 5.584E+00 2.000E+00
5.572E+07 9.661E+02 1.790E-01 1.040E-04 3.619E-04 1.452E+03 6.132E-01 5.587E+00 2.000E+00
6.608E+07 8.036E+02 1.918E-01 1.040E-04 5.598E-04 1.485E+03 6.251E-01 5.591E+00 2.000E+00
2.258E+08 6.623E+02 2.057E-01 1.040E-04 9.225E-04 1.574E+03 6.466E-01 5.600E+00 2.000E+00
5.760E+07 4.060E+02 2.396E-01 1.040E-04 1.587E-03 1.954E+03 6.828E-01 5.615E+00 2.000E+00
1.305E+09 4.274E+02 2.391E-01 1.040E-04 2.806E-03 1.984E+03 7.415E-01 5.643E+00 2.000E+00
5.945E+06 2.398E+02 2.827E-01 1.040E-04 5.040E-03 2.792E+03 8.228E-01 5.694E+00 2.000E+00
8.161E+07 7.584E+02 1.954E-01 1.315E-04 1.244E-04 1.458E+03 5.991E-01 5.581E+00 2.000E+00
3.677E+08 7.584E+02 1.954E-01 1.315E-04 1.244E-04 1.458E+03 5.991E-01 5.581E+00 2.000E+00
3.777E+08 9.872E+02 1.774E-01 1.315E-04 1.245E-04 1.411E+03 5.991E-01 5.581E+00 2.000E+00
8.214E+08 9.872E+02 1.774E-01 1.315E-04 1.246E-04 1.411E+03 5.991E-01 5.581E+00 2.000E+00
2.850E+07 7.291E+02 1.981E-01 1.315E-04 1.249E-04 1.473E+03 5.991E-01 5.581E+00 2.000E+00
4.582E+07 6.561E+02 2.053E-01 1.315E-04 1.253E-04 1.523E+03 5.992E-01 5.581E+00 2.000E+00
6.428E+07 8.406E+02 1.883E-01 1.315E-04 1.262E-04 1.428E+03 5.992E-01 5.581E+00 2.000E+00
2.215E+09 9.751E+02 1.782E-01 1.315E-04 1.277E-04 1.411E+03 5.993E-01 5.581E+00 2.000E+00
1.861E+08 9.785E+02 1.780E-01 1.315E-04 1.306E-04 1.413E+03 5.995E-01 5.581E+00 2.000E+00
9.160E+07 2.653E+02 2.572E-01 1.315E-04 1.358E-04 3.157E+03 5.998E-01 5.581E+00 2.000E+00
1.374E+07 5.561E+02 2.164E-01 1.315E-04 1.454E-04 1.627E+03 6.004E-01 5.582E+00 2.000E+00
1.893E+07 3.084E+02 2.509E-01 1.315E-04 1.629E-04 2.524E+03 6.014E-01 5.582E+00 2.000E+00
2.033E+07 6.823E+02 2.027E-01 1.315E-04 1.950E-04 1.506E+03 6.033E-01 5.583E+00 2.000E+00
7.339E+07 3.816E+02 2.400E-01 1.315E-04 2.539E-04 2.047E+03 6.069E-01 5.584E+00 2.000E+00
6.315E+07 7.082E+02 2.004E-01 1.315E-04 3.619E-04 1.502E+03 6.133E-01 5.587E+00 2.000E+00
2.621E+07 7.965E+02 1.925E-01 1.315E-04 5.598E-04 1.487E+03 6.252E-01 5.591E+00 2.000E+00
3.042E+07 4.212E+02 2.358E-01 1.315E-04 9.225E-04 1.902E+03 6.468E-01 5.600E+00 2.000E+00
5.167E+07 6.638E+02 2.063E-01 1.315E-04 1.587E-03 1.666E+03 6.830E-01 5.615E+00 2.000E+00
5.593E+07 4.716E+02 2.323E-01 1.315E-04 2.806E-03 1.945E+03 7.417E-01 5.643E+00 2.000E+00
4.230E+07 2.398E+02 2.827E-01 1.315E-04 5.040E-03 2.792E+03 8.229E-01 5.694E+00 2.000E+00
7.882E+08 9.872E+02 1.774E-01 1.663E-04 1.244E-04 1.413E+03 5.993E-01 5.581E+00 2.000E+00
1.190E+09 9.872E+02 1.774E-01 1.663E-04 1.244E-04 1.411E+03 5.993E-01 5.581E+00 2.000E+00
5.354E+07 3.055E+02 2.512E-01 1.663E-04 1.245E-04 2.557E+03 5.993E-01 5.581E+00 2.000E+00
3.004E+07 7.291E+02 1.981E-01 1.663E-04 1.246E-04 1.473E+03 5.993E-01 5.581E+00 2.000E+00
5.586E+07 4.862E+02 2.251E-01 1.663E-04 1.249E-04 1.741E+03 5.993E-01 5.581E+00 2.000E+00
2.803E+07 5.002E+02 2.233E-01 1.663E-04 1.253E-04 1.715E+03 5.993E-01 5.581E+00 2.000E+00
8.068E+07 6.917E+02 2.017E-01 1.663E-04 1.262E-04 1.498E+03 5.994E-01 5.581E+00 2.000E+00
1.397E+08 8.878E+02 1.846E-01 1.663E-04 1.277E-04 1.418E+03 5.995E-01 5.581E+00 2.000E+00
3.302E+07 9.236E+02 1.819E-01 1.663E-04 1.306E-04 1.414E+03 5.997E-01 5.581E+00 2.000E+00
8.570E+07 3.767E+02 2.404E-01 1.663E-04 1.358E-04 2.072E+03 6.000E-01 5.581E+00 2.000E+00
7.102E+07 2.894E+02 2.537E-01 1.663E-04 1.454E-04 2.743E+03 6.005E-01 5.582E+00 2.000E+00
4.083E+07 3.571E+02 2.434E-01 1.663E-04 1.629E-04 2.168E+03 6.016E-01 5.582E+00 2.000E+00
1.893E+08 6.468E+02 2.063E-01 1.663E-04 1.950E-04 1.533E+03 6.035E-01 5.583E+00 2.000E+00
6.217E+07 5.321E+02 2.195E-01 1.663E-04 2.539E-04 1.664E+03 6.070E-01 5.584E+00 2.000E+00
1.528E+08 9.661E+02 1.790E-01 1.663E-04 3.619E-04 1.452E+03 6.135E-01 5.587E+00 2.000E+00
9.502E+07 6.644E+02 2.050E-01 1.663E-04 5.598E-04 1.543E+03 6.254E-01 5.591E+00 2.000E+00
2.444E+07 8.661E+02 1.870E-01 1.663E-04 9.225E-04 1.558E+03 6.470E-01 5.600E+00 2.000E+00
5.548E+07 4.647E+02 2.309E-01 1.663E-04 1.587E-03 1.830E+03 6.831E-01 5.615E+00 2.000E+00
6.097E+07 3.715E+02 2.483E-01 1.663E-04 2.806E-03 2.097E+03 7.418E-01 5.643E+00 2.000E+00
1.452E+07 2.301E+02 2.851E-01 1.663E-04 5.040E-03 2.893E+03 8.230E-01 5.694E+00 2.000E+00
6.769E+07 7.291E+02 1.981E-01 2.104E-04 1.244E-04 1.474E+03 5.995E-01 5.581E+00 2.000E+00
2.574E+08 7.291E+02 1.981E-01 2.104E-04 1.244E-04 1.474E+03 5.995E-01 5.581E+00 2.000E+00
3.766E+08 4.810E+02 2.258E-01 2.104E-04 1.245E-04 1.809E+03 5.995E-01 5.581E+00 2.000E+00
8.482E+07 9.835E+02 1.776E-01 2.104E-04 1.246E-04 1.411E+03 5.995E-01 5.581E+00 2.000E+00
1.160E+08 9.835E+02 1.776E-01 2.104E-04 1.249E-04 1.412E+03 5.995E-01 5.581E+00 2.000E+00
3.854E+08 9.835E+02 1.776E-01 2.104E-04 1.253E-04 1.452E+03 5.996E-01 5.581E+00 2.000E+00
8.221E+07 7.684E+02 1.945E-01 2.104E-04 1.262E-04 1.454E+03 5.996E-01 5.581E+00 2.000E+00
2.559E+07 9.785E+02 1.780E-01 2.104E-04 1.277E-04 1.412E+03 5.997E-01 5.581E+00 2.000E+00
2.509E+08 7.888E+02 1.927E-01 2.104E-04 1.306E-04 1.446E+03 5.999E-01 5.581E+00 2.000E+00
6.370E+08 4.930E+02 2.242E-01 2.104E-04 1.358E-04 1.732E+03 6.002E-01 5.581E+00 2.000E+00
3.076E+07 3.766E+02 2.405E-01 2.104E-04 1.454E-04 2.073E+03 6.008E-01 5.582E+00 2.000E+00
1.319E+07 4.654E+02 2.279E-01 2.104E-04 1.629E-04 1.787E+03 6.018E-01 5.582E+00 2.000E+00
1.747E+08 7.190E+02 1.991E-01 2.104E-04 1.950E-04 1.484E+03 6.037E-01 5.583E+00 2.000E+00
2.647E+07 6.594E+02 2.051E-01 2.104E-04 2.539E-04 1.527E+03 6.073E-01 5.584E+00 2.000E+00
7.131E+07 8.919E+02 1.845E-01 2.104E-04 3.619E-04 1.454E+03 6.137E-01 5.587E+00 2.000E+00
6.210E+07 6.521E+02 2.063E-01 2.104E-04 5.598E-04 1.553E+03 6.256E-01 5.591E+00 2.000E+00
8.141E+07 6.209E+02 2.101E-01 2.104E-04 9.225E-04 1.601E+03 6.472E-01 5.600E+00 2.000E+00
3.193E+08 7.830E+02 1.947E-01 2.104E-04 1.587E-03 1.735E+03 6.834E-01 5.615E+00 2.000E+00
2.536E+07 3.909E+02 2.450E-01 2.104E-04 2.806E-03 2.050E+03 7.420E-01 5.643E+00 2.000E+00
5.238E+06 2.354E+02 2.838E-01 2.104E-04 5.040E-03 2.828E+03 8.232E-01 5.694E+00 2.000E+00
4.336E+08 6.561E+02 2.053E-01 2.661E-04 1.244E-04 1.523E+03 5.998E-01 5.581E+00 2.000E+00
1.056E+08 9.835E+02 1.776E-01 2.661E-04 1.244E-04 1.413E+03 5.998E-01 5.581E+00 2.000E+00
1.174E+08 9.835E+02 1.776E-01 2.661E-04 1.245E-04 1.415E+03 5.998E-01 5.581E+00 2.000E+00
5.767E+07 7.523E+02 1.959E-01 2.661E-04 1.246E-04 1.462E+03 5.998E-01 5.581E+00 2.000E+00
2.898E+08 9.835E+02 1.776E-01 2.661E-04 1.249E-04 1.412E+03 5.998E-01 5.581E+00 2.000E+00
3.101E+08 8.910E+02 1.843E-01 2.661E-04 1.253E-04 1.418E+03 5.998E-01 5.581E+00 2.000E+00
8.269E+07 9.751E+02 1.782E-01 2.661E-04 1.262E-04 1.412E+03 5.999E-01 5.581E+00 2.000E+00
2.952E+07 9.785E+02 1.780E-01 2.661E-04 1.277E-04 1.413E+03 6.000E-01 5.581E+00 2.000E+00
5.909E+09 4.138E+02 2.350E-01 2.661E-04 1.306E-04 1.929E+03 6.002E-01 5.581E+00 2.000E+00
1.938E+07 5.287E+02 2.197E-01 2.661E-04 1.358E-04 1.667E+03 6.005E-01 5.581E+00 2.000E+00
1.758E+07 6.735E+02 2.035E-01 2.661E-04 1.454E-04 1.511E+03 6.010E-01 5.582E+00 2.000E+00
4.344E+07 9.540E+02 1.797E-01 2.661E-04 1.629E-04 1.419E+03 6.021E-01 5.582E+00 2.000E+00
4.065E+07 7.912E+02 1.926E-01 2.661E-04 1.950E-04 1.451E+03 6.040E-01 5.583E+00 2.000E+00
3.186E+07 9.550E+02 1.797E-01 2.661E-04 2.539E-04 1.434E+03 6.075E-01 5.584E+00 2.000E+00
4.345E+07 6.468E+02 2.066E-01 2.661E-04 3.619E-04 1.543E+03 6.140E-01 5.587E+00 2.000E+00
1.551E+08 6.972E+02 2.017E-01 2.661E-04 5.598E-04 1.524E+03 6.259E-01 5.591E+00 2.000E+00
1.102E+08 8.389E+02 1.892E-01 2.661E-04 9.225E-04 1.550E+03 6.474E-01 5.600E+00 2.000E+00
5.689E+07 7.580E+02 1.970E-01 2.661E-04 1.587E-03 1.708E+03 6.836E-01 5.615E+00 2.000E+00
9.777E+07 4.539E+02 2.350E-01 2.661E-04 2.806E-03 1.956E+03 7.423E-01 5.643E+00 2.000E+00
4.268E+06 2.400E+02 2.827E-01 2.661E-04 5.040E-03 2.794E+03 8.235E-01 5.694E+00 2.000E+00
4.493E+07 3.768E+02 2.404E-01 3.366E-04 1.244E-04 2.073E+03 6.001E-01 5.581E+00 2.000E+00
2.634E+07 3.527E+02 2.440E-01 3.366E-04 1.244E-04 2.201E+03 6.001E-01 5.581E+00 2.000E+00
1.570E+09 2.635E+02 2.575E-01 3.366E-04 1.245E-04 3.197E+03 6.001E-01 5.581E+00 2.000E+00
8.080E+07 3.890E+02 2.386E-01 3.366E-04 1.246E-04 2.020E+03 6.001E-01 5.581E+00 2.000E+00
5.441E+07 8.797E+02 1.852E-01 3.366E-04 1.249E-04 1.422E+03 6.002E-01 5.581E+00 2.000E+00
5.478E+07 8.098E+02 1.909E-01 3.366E-04 1.253E-04 1.439E+03 6.002E-01 5.581E+00 2.000E+00
4.496E+08 9.751E+02 1.782E-01 3.366E-04 1.262E-04 1.413E+03 6.002E-01 5.581E+00 2.000E+00
3.714E+07 9.785E+02 1.780E-01 3.366E-04 1.277E-04 1.413E+03 6.003E-01 5.581E+00 2.000E+00
1.532E+08 5.182E+02 2.210E-01 3.366E-04 1.306E-04 1.684E+03 6.005E-01 5.581E+00 2.000E+00
1.093E+08 7.212E+02 1.988E-01 3.366E-04 1.358E-04 1.479E+03 6.008E-01 5.581E+00 2.000E+00
6.230E+07 3.092E+02 2.507E-01 3.366E-04 1.454E-04 2.518E+03 6.014E-01 5.582E+00 2.000E+00
3.654E+08 4.927E+02 2.243E-01 3.366E-04 1.629E-04 1.730E+03 6.024E-01 5.582E+00 2.000E+00
8.080E+08 7.988E+02 1.919E-01 3.366E-04 1.950E-04 1.449E+03 6.044E-01 5.583E+00 2.000E+00
6.436E+07 9.550E+02 1.797E-01 3.366E-04 2.539E-04 1.433E+03 6.079E-01 5.584E+00 2.000E+00
1.962E+08 4.526E+02 2.301E-01 3.366E-04 3.619E-04 1.818E+03 6.144E-01 5.587E+00 2.000E+00
3.295E+07 6.758E+02 2.038E-01 3.366E-04 5.598E-04 1.536E+03 6.262E-01 5.591E+00 2.000E+00
2.997E+08 8.216E+02 1.907E-01 3.366E-04 9.225E-04 1.547E+03 6.478E-01 5.600E+00 2.000E+00
3.020E+07 6.149E+02 2.117E-01 3.366E-04 1.587E-03 1.678E+03 6.840E-01 5.615E+00 2.000E+00
6.960E+06 2.178E+02 2.769E-01 3.366E-04 2.806E-03 3.399E+03 7.426E-01 5.643E+00 2.000E+00
2.882E+07 2.302E+02 2.850E-01 3.366E-04 5.040E-03 2.873E+03 8.238E-01 5.694E+00 2.000E+00
2.363E+08 8.797E+02 1.852E-01 4.257E-04 1.244E-04 1.422E+03 6.006E-01 5.581E+00 2.000E+00
9.174E+08 8.762E+02 1.855E-01 4.257E-04 1.244E-04 1.422E+03 6.006E-01 5.581E+00 2.000E+00
2.356E+08 7.608E+02 1.952E-01 4.257E-04 1.245E-04 1.459E+03 6.006E-01 5.581E+00 2.000E+00
1.935E+08 7.684E+02 1.945E-01 4.257E-04 1.246E-04 1.455E+03 6.006E-01 5.581E+00 2.000E+00
6.574E+07 9.751E+02 1.782E-01 4.257E-04 1.249E-04 1.413E+03 6.006E-01 5.581E+00 2.000E+00
1.556E+08 9.751E+02 1.782E-01 4.257E-04 1.253E-04 1.413E+03 6.006E-01 5.581E+00 2.000E+00
2.547E+07 9.785E+02 1.780E-01 4.257E-04 1.262E-04 1.414E+03 6.007E-01 5.581E+00 2.000E+00
5.728E+07 9.785E+02 1.780E-01 4.257E-04 1.277E-04 1.414E+03 6.008E-01 5.581E+00 2.000E+00
1.731E+08 7.302E+02 1.980E-01 4.257E-04 1.306E-04 1.474E+03 6.010E-01 5.581E+00 2.000E+00
1.092E+08 8.779E+02 1.854E-01 4.257E-04 1.358E-04 1.425E+03 6.013E-01 5.581E+00 2.000E+00
1.452E+08 8.927E+02 1.842E-01 4.257E-04 1.454E-04 1.423E+03 6.018E-01 5.582E+00 2.000E+00
5.621E+08 7.581E+02 1.955E-01 4.257E-04 1.629E-04 1.463E+03 6.029E-01 5.582E+00 2.000E+00
2.430E+08 8.759E+02 1.856E-01 4.257E-04 1.950E-04 1.430E+03 6.048E-01 5.583E+00 2.000E+00
6.367E+07 8.834E+02 1.850E-01 4.257E-04 2.539E-04 1.437E+03 6.083E-01 5.584E+00 2.000E+00
5.381E+07 3.805E+02 2.404E-01 4.257E-04 3.619E-04 2.049E+03 6.148E-01 5.587E+00 2.000E+00
3.201E+07 5.611E+02 2.165E-01 4.257E-04 5.598E-04 1.637E+03 6.267E-01 5.591E+00 2.000E+00
1.869E+08 9.173E+02 1.830E-01 4.257E-04 9.225E-04 1.597E+03 6.482E-01 5.600E+00 2.000E+00
1.494E+08 3.693E+02 2.454E-01 4.257E-04 1.587E-03 2.077E+03 6.844E-01 5.615E+00 2.000E+00
7.422E+07 2.762E+02 2.658E-01 4.257E-04 2.806E-03 2.567E+03 7.431E-01 5.643E+00 2.000E+00
2.849E+07 2.439E+02 2.818E-01 4.257E-04 5.040E-03 2.770E+03 8.242E-01 5.694E+00 2.000E+00
8.247E+07 6.196E+02 2.092E-01 5.385E-04 1.244E-04 1.556E+03 6.011E-01 5.581E+00 2.000E+00
1.139E+08 9.751E+02 1.782E-01 5.385E-04 1.244E-04 1.414E+03 6.011E-01 5.581E+00 2.000E+00
1.366E+08 9.751E+02 1.782E-01 5.385E-04 1.245E-04 1.415E+03 6.011E-01 5.581E+00 2.000E+00
6.516E+07 5.510E+02 2.170E-01 5.385E-04 1.246E-04 1.635E+03 6.012E-01 5.581E+00 2.000E+00
9.514E+07 4.591E+02 2.287E-01 5.385E-04 1.249E-04 1.802E+03 6.012E-01 5.581E+00 2.000E+00
2.515E+07 9.785E+02 1.780E-01 5.385E-04 1.253E-04 1.415E+03 6.012E-01 5.581E+00 2.000E+00
3.512E+07 9.785E+02 1.780E-01 5.385E-04 1.262E-04 1.415E+03 6.013E-01 5.581E+00 2.000E+00
2.063E+08 9.453E+02 1.803E-01 5.385E-04 1.277E-04 1.415E+03 6.013E-01 5.581E+00 2.000E+00
1.723E+09 7.708E+02 1.943E-01 5.385E-04 1.306E-04 1.459E+03 6.015E-01 5.581E+00 2.000E+00
8.425E+07 7.404E+02 1.970E-01 5.385E-04 1.358E-04 1.470E+03 6.018E-01 5.581E+00 2.000E+00
5.959E+07 9.726E+02 1.784E-01 5.385E-04 1.454E-04 1.418E+03 6.024E-01 5.582E+00 2.000E+00
3.197E+07 3.228E+02 2.487E-01 5.385E-04 1.629E-04 2.396E+03 6.034E-01 5.582E+00 2.000E+00
9.955E+07 6.790E+02 2.030E-01 5.385E-04 1.950E-04 1.550E+03 6.054E-01 5.583E+00 2.000E+00
3.657E+07 9.111E+02 1.829E-01 5.385E-04 2.539E-04 1.435E+03 6.089E-01 5.584E+00 2.000E+00
7.472E+07 4.133E+02 2.356E-01 5.385E-04 3.619E-04 1.928E+03 6.154E-01 5.587E+00 2.000E+00
9.407E+07 4.157E+02 2.357E-01 5.385E-04 5.598E-04 1.919E+03 6.272E-01 5.591E+00 2.000E+00
4.560E+07 9.068E+02 1.838E-01 5.385E-04 9.225E-04 1.589E+03 6.488E-01 5.600E+00 2.000E+00
3.136E+07 3.343E+02 2.512E-01 5.385E-04 1.587E-03 2.233E+03 6.850E-01 5.615E+00 2.000E+00
1.826E+07 2.124E+02 2.779E-01 5.385E-04 2.806E-03 3.543E+03 7.436E-01 5.643E+00 2.000E+00
1.518E+07 3.398E+02 2.605E-01 5.385E-04 5.040E-03 2.690E+03 8.247E-01 5.694E+00 2.000E+00
7.487E+07 3.587E+02 2.431E-01 6.811E-04 1.244E-04 2.163E+03 6.019E-01 5.581E+00 2.000E+00
2.591E+07 9.785E+02 1.780E-01 6.811E-04 1.244E-04 1.417E+03 6.019E-01 5.581E+00 2.000E+00
2.657E+07 9.785E+02 1.780E-01 6.811E-04 1.245E-04 1.495E+03 6.019E-01 5.581E+00 2.000E+00
2.790E+07 9.785E+02 1.780E-01 6.811E-04 1.246E-04 1.416E+03 6.019E-01 5.581E+00 2.000E+00
3.079E+07 9.785E+02 1.780E-01 6.811E-04 1.249E-04 1.416E+03 6.019E-01 5.581E+00 2.000E+00
1.028E+08 9.115E+02 1.828E-01 6.811E-04 1.253E-04 1.419E+03 6.019E-01 5.581E+00 2.000E+00
7.592E+07 9.785E+02 1.780E-01 6.811E-04 1.262E-04 1.417E+03 6.020E-01 5.581E+00 2.000E+00
1.069E+07 5.143E+02 2.215E-01 6.811E-04 1.277E-04 1.691E+03 6.021E-01 5.581E+00 2.000E+00
3.282E+07 5.001E+02 2.233E-01 6.811E-04 1.306E-04 1.717E+03 6.022E-01 5.581E+00 2.000E+00
4.328E+08 5.360E+02 2.188E-01 6.811E-04 1.358E-04 1.657E+03 6.025E-01 5.581E+00 2.000E+00
7.553E+07 9.652E+02 1.789E-01 6.811E-04 1.454E-04 1.419E+03 6.031E-01 5.582E+00 2.000E+00
1.495E+08 9.328E+02 1.812E-01 6.811E-04 1.629E-04 1.422E+03 6.042E-01 5.582E+00 2.000E+00
2.026E+07 3.225E+02 2.488E-01 6.811E-04 1.950E-04 2.397E+03 6.061E-01 5.583E+00 2.000E+00
1.444E+07 6.044E+02 2.110E-01 6.811E-04 2.539E-04 1.581E+03 6.096E-01 5.584E+00 2.000E+00
2.178E+07 6.387E+02 2.074E-01 6.811E-04 3.619E-04 1.555E+03 6.161E-01 5.587E+00 2.000E+00
5.753E+06 2.439E+02 2.622E-01 6.811E-04 5.598E-04 3.559E+03 6.279E-01 5.591E+00 2.000E+00
2.335E+08 7.836E+02 1.940E-01 6.811E-04 9.225E-04 1.548E+03 6.495E-01 5.600E+00 2.000E+00
5.560E+07 7.723E+02 1.957E-01 6.811E-04 1.587E-03 1.735E+03 6.857E-01 5.615E+00 2.000E+00
1.414E+08 4.317E+02 2.384E-01 6.811E-04 2.806E-03 1.985E+03 7.443E-01 5.643E+00 2.000E+00
5.891E+06 3.082E+02 2.672E-01 6.811E-04 5.040E-03 2.589E+03 8.253E-01 5.694E+00 2.000E+00
4.700E+07 9.785E+02 1.780E-01 8.615E-04 1.244E-04 1.418E+03 6.028E-01 5.581E+00 2.000E+00
4.838E+07 9.785E+02 1.780E-01 8.615E-04 1.244E-04 1.418E+03 6.028E-01 5.581E+00 2.000E+00
5.117E+07 9.785E+02 1.780E-01 8.615E-04 1.245E-04 1.418E+03 6.028E-01 5.581E+00 2.000E+00
5.733E+07 9.785E+02 1.780E-01 8.615E-04 1.246E-04 1.418E+03 6.028E-01 5.581E+00 2.000E+00
7.416E+07 9.785E+02 1.780E-01 8.615E-04 1.249E-04 1.419E+03 6.028E-01 5.581E+00 2.000E+00
1.706E+08 9.785E+02 1.780E-01 8.615E-04 1.253E-04 1.418E+03 6.028E-01 5.581E+00 2.000E+00
1.225E+09 8.423E+02 1.882E-01 8.615E-04 1.262E-04 1.433E+03 6.029E-01 5.581E+00 2.000E+00
4.322E+07 5.817E+02 2.134E-01 8.615E-04 1.277E-04 1.597E+03 6.030E-01 5.581E+00 2.000E+00
6.126E+08 8.654E+02 1.863E-01 8.615E-04 1.306E-04 1.453E+03 6.031E-01 5.581E+00 2.000E+00
2.320E+07 5.088E+02 2.222E-01 8.615E-04 1.358E-04 1.702E+03 6.034E-01 5.581E+00 2.000E+00
2.944E+07 8.233E+02 1.898E-01 8.615E-04 1.454E-04 1.440E+03 6.040E-01 5.582E+00 2.000E+00
1.973E+07 3.716E+02 2.413E-01 8.615E-04 1.629E-04 2.097E+03 6.051E-01 5.582E+00 2.000E+00
2.987E+08 8.531E+02 1.874E-01 8.615E-04 1.950E-04 1.438E+03 6.070E-01 5.583E+00 2.000E+00
1.335E+09 7.984E+02 1.920E-01 8.615E-04 2.539E-04 1.458E+03 6.105E-01 5.584E+00 2.000E+00
1.530E+07 2.495E+02 2.605E-01 8.615E-04 3.619E-04 3.533E+03 6.170E-01 5.587E+00 2.000E+00
1.640E+08 4.885E+02 2.256E-01 8.615E-04 5.598E-04 1.747E+03 6.288E-01 5.591E+00 2.000E+00
1.330E+08 7.389E+02 1.980E-01 8.615E-04 9.225E-04 1.554E+03 6.504E-01 5.600E+00 2.000E+00
1.557E+07 2.662E+02 2.629E-01 8.615E-04 1.587E-03 2.806E+03 6.866E-01 5.615E+00 2.000E+00
7.683E+07 4.076E+02 2.422E-01 8.615E-04 2.806E-03 2.023E+03 7.451E-01 5.643E+00 2.000E+00
1.927E+07 2.509E+02 2.801E-01 8.615E-04 5.040E-03 2.741E+03 8.261E-01 5.694E+00 2.000E+00
2.039E+08 9.236E+02 1.819E-01 1.090E-03 1.244E-04 1.421E+03 6.039E-01 5.581E+00 2.000E+00
4.437E+08 9.236E+02 1.819E-01 1.090E-03 1.244E-04 1.422E+03 6.039E-01 5.581E+00 2.000E+00
1.748E+08 8.423E+02 1.882E-01 1.090E-03 1.245E-04 1.434E+03 6.039E-01 5.581E+00 2.000E+00
1.135E+08 2.936E+02 2.530E-01 1.090E-03 1.246E-04 2.694E+03 6.039E-01 5.581E+00 2.000E+00
1.227E+07 5.829E+02 2.133E-01 1.090E-03 1.249E-04 1.597E+03 6.039E-01 5.581E+00 2.000E+00
1.983E+07 8.433E+02 1.881E-01 1.090E-03 1.253E-04 1.434E+03 6.040E-01 5.581E+00 2.000E+00
5.522E+07 8.497E+02 1.876E-01 1.090E-03 1.262E-04 1.437E+03 6.040E-01 5.581E+00 2.000E+00
2.815E+07 3.054E+02 2.512E-01 1.090E-03 1.277E-04 2.560E+03 6.041E-01 5.581E+00 2.000E+00
7.533E+07 7.033E+02 2.006E-01 1.090E-03 1.306E-04 1.493E+03 6.043E-01 5.581E+00 2.000E+00
3.663E+08 3.230E+02 2.485E-01 1.090E-03 1.358E-04 2.399E+03 6.046E-01 5.581E+00 2.000E+00
4.319E+07 6.614E+02 2.048E-01 1.090E-03 1.454E-04 1.523E+03 6.052E-01 5.582E+00 2.000E+00
2.166E+07 3.051E+02 2.514E-01 1.090E-03 1.629E-04 2.558E+03 6.062E-01 5.582E+00 2.000E+00
2.939E+07 9.482E+02 1.802E-01 1.090E-03 1.950E-04 1.431E+03 6.081E-01 5.583E+00 2.000E+00
3.560E+07 5.883E+02 2.128E-01 1.090E-03 2.539E-04 1.596E+03 6.117E-01 5.584E+00 2.000E+00
6.869E+07 8.080E+02 1.913E-01 1.090E-03 3.619E-04 1.468E+03 6.181E-01 5.587E+00 2.000E+00
8.012E+07 7.048E+02 2.009E-01 1.090E-03 5.598E-04 1.527E+03 6.300E-01 5.591E+00 2.000E+00
1.083E+08 7.839E+02 1.939E-01 1.090E-03 9.225E-04 1.553E+03 6.515E-01 5.600E+00 2.000E+00
1.306E+08 5.022E+02 2.257E-01 1.090E-03 1.587E-03 1.774E+03 6.877E-01 5.615E+00 2.000E+00
1.872E+07 2.114E+02 2.781E-01 1.090E-03 2.806E-03 3.574E+03 7.462E-01 5.643E+00 2.000E+00
4.365E+06 3.396E+02 2.606E-01 1.090E-03 5.040E-03 2.730E+03 8.270E-01 5.694E+00 2.000E+00
1.110E+08 8.313E+02 1.891E-01 1.378E-03 1.244E-04 1.439E+03 6.053E-01 5.581E+00 2.000E+00
3.648E+08 8.313E+02 1.891E-01 1.378E-03 1.244E-04 1.439E+03 6.053E-01 5.581E+00 2.000E+00
1.399E+08 3.113E+02 2.503E-01 1.378E-03 1.245E-04 2.502E+03 6.053E-01 5.581E+00 2.000E+00
3.377E+08 7.101E+02 1.999E-01 1.378E-03 1.246E-04 1.490E+03 6.053E-01 5.581E+00 2.000E+00
3.080E+07 7.218E+02 1.988E-01 1.378E-03 1.249E-04 1.484E+03 6.054E-01 5.581E+00 2.000E+00
1.938E+08 4.524E+02 2.296E-01 1.378E-03 1.253E-04 1.821E+03 6.054E-01 5.581E+00 2.000E+00
3.553E+07 4.888E+02 2.247E-01 1.378E-03 1.262E-04 1.740E+03 6.054E-01 5.581E+00 2.000E+00
2.261E+07 6.007E+02 2.112E-01 1.378E-03 1.277E-04 1.578E+03 6.055E-01 5.581E+00 2.000E+00
4.146E+07 4.328E+02 2.323E-01 1.378E-03 1.306E-04 1.874E+03 6.057E-01 5.581E+00 2.000E+00
2.587E+07 5.894E+02 2.125E-01 1.378E-03 1.358E-04 1.593E+03 6.060E-01 5.581E+00 2.000E+00
2.724E+08 3.765E+02 2.405E-01 1.378E-03 1.454E-04 2.076E+03 6.066E-01 5.582E+00 2.000E+00
2.174E+08 4.653E+02 2.279E-01 1.378E-03 1.629E-04 1.790E+03 6.076E-01 5.582E+00 2.000E+00
1.219E+08 9.186E+02 1.823E-01 1.378E-03 1.950E-04 1.434E+03 6.096E-01 5.583E+00 2.000E+00
6.721E+07 8.243E+02 1.898E-01 1.378E-03 2.539E-04 1.455E+03 6.131E-01 5.584E+00 2.000E+00
3.222E+07 6.578E+02 2.054E-01 1.378E-03 3.619E-04 1.540E+03 6.196E-01 5.587E+00 2.000E+00
1.689E+07 2.330E+02 2.638E-01 1.378E-03 5.598E-04 3.988E+03 6.314E-01 5.591E+00 2.000E+00
5.093E+08 7.131E+02 2.005E-01 1.378E-03 9.225E-04 1.574E+03 6.530E-01 5.600E+00 2.000E+00
3.567E+07 5.029E+02 2.256E-01 1.378E-03 1.587E-03 1.776E+03 6.891E-01 5.615E+00 2.000E+00
1.188E+07 2.974E+02 2.618E-01 1.378E-03 2.806E-03 2.420E+03 7.476E-01 5.643E+00 2.000E+00
5.973E+07 3.072E+02 2.674E-01 1.378E-03 5.040E-03 2.620E+03 8.283E-01 5.694E+00 2.000E+00
2.828E+07 4.590E+02 2.287E-01 1.743E-03 1.244E-04 1.806E+03 6.072E-01 5.581E+00 2.000E+00
1.057E+08 4.590E+02 2.287E-01 1.743E-03 1.244E-04 1.807E+03 6.072E-01 5.581E+00 2.000E+00
6.284E+07 8.623E+02 1.866E-01 1.743E-03 1.245E-04 1.434E+03 6.072E-01 5.581E+00 2.000E+00
1.302E+08 8.692E+02 1.860E-01 1.743E-03 1.246E-04 1.433E+03 6.072E-01 5.581E+00 2.000E+00
1.191E+08 3.646E+02 2.422E-01 1.743E-03 1.249E-04 2.135E+03 6.072E-01 5.581E+00 2.000E+00
3.134E+07 7.290E+02 1.981E-01 1.743E-03 1.253E-04 1.482E+03 6.072E-01 5.581E+00 2.000E+00
6.643E+07 8.779E+02 1.854E-01 1.743E-03 1.262E-04 1.438E+03 6.073E-01 5.581E+00 2.000E+00
8.526E+08 4.061E+02 2.361E-01 1.743E-03 1.277E-04 1.959E+03 6.074E-01 5.581E+00 2.000E+00
3.302E+08 3.827E+02 2.395E-01 1.743E-03 1.306E-04 2.050E+03 6.075E-01 5.581E+00 2.000E+00
1.081E+08 8.927E+02 1.842E-01 1.743E-03 1.358E-04 1.431E+03 6.078E-01 5.581E+00 2.000E+00
1.785E+08 4.262E+02 2.333E-01 1.743E-03 1.454E-04 2.256E+03 6.084E-01 5.582E+00 2.000E+00
8.449E+07 7.287E+02 1.982E-01 1.743E-03 1.629E-04 1.485E+03 6.095E-01 5.582E+00 2.000E+00
9.603E+07 5.427E+02 2.181E-01 1.743E-03 1.950E-04 1.653E+03 6.114E-01 5.583E+00 2.000E+00
2.702E+08 4.084E+02 2.361E-01 1.743E-03 2.539E-04 1.949E+03 6.149E-01 5.584E+00 2.000E+00
3.735E+08 7.081E+02 2.004E-01 1.743E-03 3.619E-04 1.511E+03 6.214E-01 5.587E+00 2.000E+00
4.292E+07 8.071E+02 1.915E-01 1.743E-03 5.598E-04 1.500E+03 6.333E-01 5.591E+00 2.000E+00
5.224E+07 8.611E+02 1.874E-01 1.743E-03 9.225E-04 1.584E+03 6.548E-01 5.600E+00 2.000E+00
1.146E+07 3.692E+02 2.454E-01 1.743E-03 1.587E-03 2.081E+03 6.910E-01 5.615E+00 2.000E+00
1.166E+07 4.656E+02 2.332E-01 1.743E-03 2.806E-03 1.970E+03 7.493E-01 5.643E+00 2.000E+00
1.689E+08 2.749E+02 2.746E-01 1.743E-03 5.040E-03 2.656E+03 8.299E-01 5.694E+00 2.000E+00
2.913E+07 3.526E+02 2.440E-01 2.205E-03 1.244E-04 2.202E+03 6.095E-01 5.581E+00 2.000E+00
2.607E+08 3.526E+02 2.440E-01 2.205E-03 1.244E-04 2.201E+03 6.095E-01 5.581E+00 2.000E+00
2.358E+07 6.110E+02 2.101E-01 2.205E-03 1.245E-04 1.571E+03 6.095E-01 5.581E+00 2.000E+00
5.865E+08 5.975E+02 2.116E-01 2.205E-03 1.246E-04 1.585E+03 6.095E-01 5.581E+00 2.000E+00
2.773E+08 7.766E+02 1.938E-01 2.205E-03 1.249E-04 1.462E+03 6.095E-01 5.581E+00 2.000E+00
3.843E+07 7.683E+02 1.945E-01 2.205E-03 1.253E-04 1.467E+03 6.095E-01 5.581E+00 2.000E+00
1.158E+08 5.828E+02 2.133E-01 2.205E-03 1.262E-04 1.601E+03 6.096E-01 5.581E+00 2.000E+00
5.714E+07 6.303E+02 2.080E-01 2.205E-03 1.277E-04 1.553E+03 6.097E-01 5.581E+00 2.000E+00
2.530E+07 7.909E+02 1.925E-01 2.205E-03 1.306E-04 1.458E+03 6.098E-01 5.581E+00 2.000E+00
4.205E+07 7.579E+02 1.954E-01 2.205E-03 1.358E-04 1.474E+03 6.101E-01 5.582E+00 2.000E+00
3.459E+07 9.250E+02 1.818E-01 2.205E-03 1.454E-04 1.434E+03 6.107E-01 5.582E+00 2.000E+00
3.788E+07 7.577E+02 1.955E-01 2.205E-03 1.629E-04 1.474E+03 6.118E-01 5.582E+00 2.000E+00
1.114E+08 3.151E+02 2.500E-01 2.205E-03 1.950E-04 2.465E+03 6.137E-01 5.583E+00 2.000E+00
1.441E+08 8.770E+02 1.855E-01 2.205E-03 2.539E-04 1.453E+03 6.172E-01 5.584E+00 2.000E+00
3.540E+07 5.514E+02 2.173E-01 2.205E-03 3.619E-04 1.653E+03 6.237E-01 5.587E+00 2.000E+00
6.303E+07 4.283E+02 2.339E-01 2.205E-03 5.598E-04 1.888E+03 6.356E-01 5.591E+00 2.000E+00
8.117E+08 3.995E+02 2.390E-01 2.205E-03 9.225E-04 1.976E+03 6.570E-01 5.600E+00 2.000E+00
1.215E+09 7.636E+02 1.965E-01 2.205E-03 1.587E-03 1.770E+03 6.932E-01 5.615E+00 2.000E+00
1.955E+07 5.687E+02 2.191E-01 2.205E-03 2.806E-03 2.091E+03 7.515E-01 5.643E+00 2.000E+00
5.328E+06 2.663E+02 2.766E-01 2.205E-03 5.040E-03 2.694E+03 8.319E-01 5.694E+00 2.000E+00
2.755E+07 4.929E+02 2.242E-01 2.789E-03 1.244E-04 1.737E+03 6.124E-01 5.581E+00 2.000E+00
6.797E+07 4.929E+02 2.242E-01 2.789E-03 1.244E-04 1.738E+03 6.124E-01 5.581E+00 2.000E+00
1.876E+07 5.733E+02 2.144E-01 2.789E-03 1.245E-04 1.615E+03 6.124E-01 5.581E+00 2.000E+00
2.619E+07 3.475E+02 2.448E-01 2.789E-03 1.246E-04 2.232E+03 6.124E-01 5.581E+00 2.000E+00
6.655E+07 4.392E+02 2.314E-01 2.789E-03 1.249E-04 1.860E+03 6.124E-01 5.581E+00 2.000E+00
1.094E+08 5.375E+02 2.186E-01 2.789E-03 1.253E-04 1.664E+03 6.124E-01 5.581E+00 2.000E+00
2.511E+07 4.457E+02 2.305E-01 2.789E-03 1.262E-04 1.842E+03 6.125E-01 5.581E+00 2.000E+00
8.308E+08 8.895E+02 1.845E-01 2.789E-03 1.277E-04 1.439E+03 6.126E-01 5.581E+00 2.000E+00
2.164E+08 9.652E+02 1.789E-01 2.789E-03 1.306E-04 1.439E+03 6.128E-01 5.581E+00 2.000E+00
1.576E+07 7.341E+02 1.976E-01 2.789E-03 1.358E-04 1.486E+03 6.131E-01 5.582E+00 2.000E+00
9.761E+08 7.581E+02 1.954E-01 2.789E-03 1.454E-04 1.475E+03 6.136E-01 5.582E+00 2.000E+00
3.620E+08 7.613E+02 1.952E-01 2.789E-03 1.629E-04 1.476E+03 6.147E-01 5.582E+00 2.000E+00
1.743E+07 9.965E+02 1.768E-01 2.789E-03 1.950E-04 1.457E+03 6.166E-01 5.583E+00 2.000E+00
1.008E+08 5.420E+02 2.183E-01 2.789E-03 2.539E-04 1.661E+03 6.201E-01 5.584E+00 2.000E+00
1.374E+08 9.494E+02 1.802E-01 2.789E-03 3.619E-04 1.484E+03 6.266E-01 5.587E+00 2.000E+00
3.465E+07 9.101E+02 1.833E-01 2.789E-03 5.598E-04 1.528E+03 6.385E-01 5.591E+00 2.000E+00
2.838E+07 5.696E+02 2.160E-01 2.789E-03 9.225E-04 1.661E+03 6.599E-01 5.600E+00 2.000E+00
9.642E+07 3.148E+02 2.545E-01 2.789E-03 1.587E-03 2.361E+03 6.961E-01 5.615E+00 2.000E+00
7.323E+07 3.815E+02 2.466E-01 2.789E-03 2.806E-03 2.098E+03 7.543E-01 5.643E+00 2.000E+00
2.676E+08 3.136E+02 2.661E-01 2.789E-03 5.040E-03 2.698E+03 8.344E-01 5.694E+00 2.000E+00
1.152E+08 9.726E+02 1.784E-01 3.528E-03 1.244E-04 1.447E+03 6.161E-01 5.581E+00 2.000E+00
2.920E+07 7.991E+02 1.918E-01 3.528E-03 1.244E-04 1.463E+03 6.161E-01 5.581E+00 2.000E+00
4.555E+07 7.991E+02 1.918E-01 3.528E-03 1.245E-04 1.463E+03 6.161E-01 5.581E+00 2.000E+00
1.299E+09 7.289E+02 1.981E-01 3.528E-03 1.246E-04 1.502E+03 6.161E-01 5.581E+00 2.000E+00
6.303E+07 9.652E+02 1.789E-01 3.528E-03 1.249E-04 1.446E+03 6.161E-01 5.581E+00 2.000E+00
3.180E+08 9.483E+02 1.801E-01 3.528E-03 1.253E-04 1.445E+03 6.161E-01 5.581E+00 2.000E+00
3.101E+07 7.582E+02 1.954E-01 3.528E-03 1.262E-04 1.478E+03 6.162E-01 5.581E+00 2.000E+00
2.864E+08 4.983E+02 2.235E-01 3.528E-03 1.277E-04 1.729E+03 6.163E-01 5.581E+00 2.000E+00
5.268E+07 7.385E+02 1.972E-01 3.528E-03 1.306E-04 1.488E+03 6.164E-01 5.581E+00 2.000E+00
3.258E+07 9.250E+02 1.818E-01 3.528E-03 1.358E-04 1.446E+03 6.168E-01 5.582E+00 2.000E+00
6.355E+07 4.653E+02 2.279E-01 3.528E-03 1.454E-04 1.797E+03 6.173E-01 5.582E+00 2.000E+00
2.086E+07 8.518E+02 1.875E-01 3.528E-03 1.629E-04 1.455E+03 6.184E-01 5.582E+00 2.000E+00
4.547E+07 6.956E+02 2.014E-01 3.528E-03 1.950E-04 1.515E+03 6.203E-01 5.583E+00 2.000E+00
1.517E+07 6.645E+02 2.046E-01 3.528E-03 2.539E-04 1.540E+03 6.238E-01 5.584E+00 2.000E+00
2.546E+08 4.238E+02 2.341E-01 3.528E-03 3.619E-04 1.905E+03 6.303E-01 5.587E+00 2.000E+00
1.653E+07 4.029E+02 2.376E-01 3.528E-03 5.598E-04 1.970E+03 6.422E-01 5.591E+00 2.000E+00
4.157E+09 9.214E+02 1.827E-01 3.528E-03 9.225E-04 1.689E+03 6.636E-01 5.600E+00 2.000E+00
1.079E+08 2.374E+02 2.678E-01 3.528E-03 1.587E-03 3.325E+03 6.998E-01 5.615E+00 2.000E+00
1.642E+07 4.207E+02 2.401E-01 3.528E-03 2.806E-03 2.036E+03 7.578E-01 5.643E+00 2.000E+00
4.490E+07 2.955E+02 2.700E-01 3.528E-03 5.040E-03 2.695E+03 8.376E-01 5.694E+00 2.000E+00
1.568E+07 6.595E+02 2.049E-01 4.462E-03 1.244E-04 1.540E+03 6.207E-01 5.581E+00 2.000E+00
1.919E+07 6.595E+02 2.049E-01 4.462E-03 1.244E-04 1.540E+03 6.207E-01 5.581E+00 2.000E+00
2.141E+07 5.539E+02 2.167E-01 4.462E-03 1.245E-04 1.646E+03 6.207E-01 5.581E+00 2.000E+00
3.710E+07 6.558E+02 2.053E-01 4.462E-03 1.246E-04 1.542E+03 6.207E-01 5.581E+00 2.000E+00
4.751E+08 6.734E+02 2.035E-01 4.462E-03 1.249E-04 1.530E+03 6.208E-01 5.581E+00 2.000E+00
1.198E+08 7.099E+02 1.999E-01 4.462E-03 1.253E-04 1.508E+03 6.208E-01 5.581E+00 2.000E+00
5.927E+07 7.268E+02 1.983E-01 4.462E-03 1.262E-04 1.501E+03 6.208E-01 5.581E+00 2.000E+00
1.070E+08 8.096E+02 1.909E-01 4.462E-03 1.277E-04 1.467E+03 6.209E-01 5.581E+00 2.000E+00
5.026E+07 7.749E+02 1.939E-01 4.462E-03 1.306E-04 1.478E+03 6.211E-01 5.581E+00 2.000E+00
4.437E+09 3.599E+02 2.430E-01 4.462E-03 1.358E-04 2.165E+03 6.214E-01 5.582E+00 2.000E+00
1.355E+07 8.202E+02 1.900E-01 4.462E-03 1.454E-04 1.466E+03 6.220E-01 5.582E+00 2.000E+00
5.493E+07 5.208E+02 2.208E-01 4.462E-03 1.629E-04 1.696E+03 6.230E-01 5.582E+00 2.000E+00
2.259E+07 8.418E+02 1.883E-01 4.462E-03 1.950E-04 1.469E+03 6.250E-01 5.583E+00 2.000E+00
5.619E+07 6.607E+02 2.050E-01 4.462E-03 2.539E-04 1.547E+03 6.285E-01 5.584E+00 2.000E+00
3.778E+07 7.665E+02 1.949E-01 4.462E-03 3.619E-04 1.506E+03 6.350E-01 5.587E+00 2.000E+00
8.032E+07 7.963E+02 1.925E-01 4.462E-03 5.598E-04 1.528E+03 6.468E-01 5.591E+00 2.000E+00
1.379E+08 9.097E+02 1.836E-01 4.462E-03 9.225E-04 1.704E+03 6.682E-01 5.600E+00 2.000E+00
1.521E+08 6.716E+02 2.055E-01 4.462E-03 1.587E-03 1.738E+03 7.044E-01 5.615E+00 2.000E+00
1.101E+08 4.390E+02 2.373E-01 4.462E-03 2.806E-03 2.031E+03 7.622E-01 5.643E+00 2.000E+00
5.634E+07 2.425E+02 2.822E-01 4.462E-03 5.040E-03 2.896E+03 8.416E-01 5.694E+00 2.000E+00
2.600E+07 8.086E+02 1.910E-01 5.644E-03 1.244E-04 1.476E+03 6.266E-01 5.581E+00 2.000E+00
3.083E+07 8.086E+02 1.910E-01 5.644E-03 1.244E-04 1.478E+03 6.266E-01 5.581E+00 2.000E+00
4.817E+07 8.086E+02 1.910E-01 5.644E-03 1.245E-04 1.476E+03 6.266E-01 5.581E+00 2.000E+00
1.168E+08 7.990E+02 1.918E-01 5.644E-03 1.246E-04 1.482E+03 6.267E-01 5.581E+00 2.000E+00
5.909E+08 5.456E+02 2.177E-01 5.644E-03 1.249E-04 1.662E+03 6.267E-01 5.581E+00 2.000E+00
5.238E+07 9.261E+02 1.817E-01 5.644E-03 1.253E-04 1.467E+03 6.267E-01 5.581E+00 2.000E+00
2.768E+07 6.690E+02 2.040E-01 5.644E-03 1.262E-04 1.540E+03 6.267E-01 5.581E+00 2.000E+00
3.656E+07 9.235E+02 1.819E-01 5.644E-03 1.277E-04 1.467E+03 6.268E-01 5.581E+00 2.000E+00
7.788E+07 7.078E+02 2.001E-01 5.644E-03 1.306E-04 1.516E+03 6.270E-01 5.581E+00 2.000E+00
9.201E+07 9.220E+02 1.820E-01 5.644E-03 1.358E-04 1.468E+03 6.273E-01 5.582E+00 2.000E+00
1.978E+07 2.992E+02 2.523E-01 5.644E-03 1.454E-04 2.634E+03 6.279E-01 5.582E+00 2.000E+00
7.874E+07 9.482E+02 1.801E-01 5.644E-03 1.629E-04 1.479E+03 6.289E-01 5.582E+00 2.000E+00
4.936E+07 8.072E+02 1.912E-01 5.644E-03 1.950E-04 1.485E+03 6.309E-01 5.583E+00 2.000E+00
1.874E+07 4.775E+02 2.265E-01 5.644E-03 2.539E-04 1.780E+03 6.344E-01 5.584E+00 2.000E+00
1.068E+08 6.399E+02 2.073E-01 5.644E-03 3.619E-04 1.577E+03 6.409E-01 5.587E+00 2.000E+00
5.205E+07 9.603E+02 1.796E-01 5.644E-03 5.598E-04 1.611E+03 6.527E-01 5.591E+00 2.000E+00
6.429E+07 8.817E+02 1.858E-01 5.644E-03 9.225E-04 1.702E+03 6.741E-01 5.600E+00 2.000E+00
2.081E+07 4.182E+02 2.378E-01 5.644E-03 1.587E-03 1.954E+03 7.103E-01 5.615E+00 2.000E+00
6.887E+06 5.103E+02 2.268E-01 5.644E-03 2.806E-03 2.081E+03 7.678E-01 5.643E+00 2.000E+00
4.021E+06 3.026E+02 2.685E-01 5.644E-03 5.040E-03 2.824E+03 8.468E-01 5.694E+00 2.000E+00
2.449E+08 8.018E+02 1.916E-01 7.139E-03 1.244E-04 1.490E+03 6.341E-01 5.581E+00 2.000E+00
4.116E+08 8.150E+02 1.905E-01 7.139E-03 1.244E-04 1.488E+03 6.341E-01 5.581E+00 2.000E+00
5.169E+07 7.885E+02 1.927E-01 7.139E-03 1.245E-04 1.493E+03 6.341E-01 5.581E+00 2.000E+00
2.950E+07 9.220E+02 1.820E-01 7.139E-03 1.246E-04 1.484E+03 6.341E-01 5.581E+00 2.000E+00
5.008E+07 9.220E+02 1.820E-01 7.139E-03 1.249E-04 1.484E+03 6.341E-01 5.581E+00 2.000E+00
1.288E+08 8.994E+02 1.837E-01 7.139E-03 1.253E-04 1.482E+03 6.342E-01 5.581E+00 2.000E+00
5.453E+07 8.202E+02 1.900E-01 7.139E-03 1.262E-04 1.486E+03 6.342E-01 5.581E+00 2.000E+00
1.613E+08 5.891E+02 2.126E-01 7.139E-03 1.277E-04 1.616E+03 6.343E-01 5.581E+00 2.000E+00
4.177E+07 8.645E+02 1.864E-01 7.139E-03 1.306E-04 1.482E+03 6.345E-01 5.582E+00 2.000E+00
2.233E+08 8.447E+02 1.880E-01 7.139E-03 1.358E-04 1.484E+03 6.348E-01 5.582E+00 2.000E+00
6.821E+07 8.886E+02 1.846E-01 7.139E-03 1.454E-04 1.485E+03 6.354E-01 5.582E+00 2.000E+00
6.847E+07 5.652E+02 2.154E-01 7.139E-03 1.629E-04 1.645E+03 6.364E-01 5.582E+00 2.000E+00
1.550E+08 3.877E+02 2.390E-01 7.139E-03 1.950E-04 2.043E+03 6.383E-01 5.583E+00 2.000E+00
2.920E+07 5.721E+02 2.147E-01 7.139E-03 2.539E-04 1.644E+03 6.419E-01 5.584E+00 2.000E+00
6.095E+07 4.915E+02 2.249E-01 7.139E-03 3.619E-04 1.762E+03 6.483E-01 5.587E+00 2.000E+00
4.125E+08 2.418E+02 2.626E-01 7.139E-03 5.598E-04 3.618E+03 6.602E-01 5.591E+00 2.000E+00
4.247E+10 8.143E+02 1.913E-01 7.139E-03 9.225E-04 1.665E+03 6.815E-01 5.600E+00 2.000E+00
5.367E+07 5.064E+02 2.252E-01 7.139E-03 1.587E-03 1.819E+03 7.177E-01 5.615E+00 2.000E+00
2.651E+08 4.764E+02 2.316E-01 7.139E-03 2.806E-03 2.086E+03 7.749E-01 5.643E+00 2.000E+00
1.450E+08 2.472E+02 2.811E-01 7.139E-03 5.040E-03 2.903E+03 8.532E-01 5.694E+00 2.000E+00
2.329E+07 4.131E+02 2.351E-01 9.029E-03 1.244E-04 1.957E+03 6.435E-01 5.581E+00 2.000E+00
6.632E+07 4.131E+02 2.351E-01 9.029E-03 1.244E-04 1.957E+03 6.435E-01 5.581E+00 2.000E+00
1.162E+08 4.021E+02 2.367E-01 9.029E-03 1.245E-04 1.995E+03 6.435E-01 5.581E+00 2.000E+00
2.396E+07 3.944E+02 2.378E-01 9.029E-03 1.246E-04 2.023E+03 6.436E-01 5.581E+00 2.000E+00
1.166E+07 2.871E+02 2.541E-01 9.029E-03 1.249E-04 2.789E+03 6.436E-01 5.581E+00 2.000E+00
6.075E+07 7.394E+02 1.971E-01 9.029E-03 1.253E-04 1.523E+03 6.436E-01 5.581E+00 2.000E+00
3.873E+08 7.710E+02 1.943E-01 9.029E-03 1.262E-04 1.514E+03 6.437E-01 5.581E+00 2.000E+00
1.855E+08 2.989E+02 2.523E-01 9.029E-03 1.277E-04 2.666E+03 6.437E-01 5.581E+00 2.000E+00
1.789E+07 4.583E+02 2.288E-01 9.029E-03 1.306E-04 1.832E+03 6.439E-01 5.582E+00 2.000E+00
4.345E+08 3.106E+02 2.505E-01 9.029E-03 1.358E-04 2.522E+03 6.442E-01 5.582E+00 2.000E+00
1.708E+07 4.192E+02 2.343E-01 9.029E-03 1.454E-04 1.938E+03 6.448E-01 5.582E+00 2.000E+00
2.358E+07 3.280E+02 2.479E-01 9.029E-03 1.629E-04 2.375E+03 6.459E-01 5.582E+00 2.000E+00
4.862E+07 5.421E+02 2.182E-01 9.029E-03 1.950E-04 1.684E+03 6.478E-01 5.583E+00 2.000E+00
1.193E+08 4.570E+02 2.293E-01 9.029E-03 2.539E-04 1.837E+03 6.513E-01 5.584E+00 2.000E+00
5.178E+08 9.739E+02 1.785E-01 9.029E-03 3.619E-04 1.628E+03 6.578E-01 5.587E+00 2.000E+00
2.262E+07 5.163E+02 2.220E-01 9.029E-03 5.598E-04 1.738E+03 6.696E-01 5.591E+00 2.000E+00
5.356E+08 7.997E+02 1.925E-01 9.029E-03 9.225E-04 1.697E+03 6.908E-01 5.600E+00 2.000E+00
1.291E+07 6.005E+02 2.134E-01 9.029E-03 1.587E-03 1.797E+03 7.270E-01 5.615E+00 2.000E+00
2.282E+07 3.568E+02 2.509E-01 9.029E-03 2.806E-03 2.230E+03 7.839E-01 5.643E+00 2.000E+00
1.454E+07 2.196E+02 2.878E-01 9.029E-03 5.040E-03 3.132E+03 8.607E-01 5.694E+00 2.000E+00
5.060E+07 3.698E+02 2.415E-01 1.142E-02 1.244E-04 2.135E+03 6.555E-01 5.581E+00 2.000E+00
3.490E+07 5.577E+02 2.162E-01 1.142E-02 1.244E-04 1.671E+03 6.555E-01 5.581E+00 2.000E+00
1.038E+07 8.419E+02 1.882E-01 1.142E-02 1.245E-04 1.527E+03 6.555E-01 5.581E+00 2.000E+00
1.164E+07 8.419E+02 1.882E-01 1.142E-02 1.246E-04 1.527E+03 6.555E-01 5.581E+00 2.000E+00
2.092E+08 6.381E+02 2.072E-01 1.142E-02 1.249E-04 1.594E+03 6.555E-01 5.581E+00 2.000E+00
8.664E+07 8.419E+02 1.882E-01 1.142E-02 1.253E-04 1.527E+03 6.555E-01 5.581E+00 2.000E+00
4.149E+07 9.342E+02 1.811E-01 1.142E-02 1.262E-04 1.584E+03 6.556E-01 5.581E+00 2.000E+00
7.103E+07 4.521E+02 2.297E-01 1.142E-02 1.277E-04 1.857E+03 6.557E-01 5.582E+00 2.000E+00
2.439E+07 3.399E+02 2.460E-01 1.142E-02 1.306E-04 2.300E+03 6.559E-01 5.582E+00 2.000E+00
4.068E+07 7.457E+02 1.966E-01 1.142E-02 1.358E-04 1.540E+03 6.562E-01 5.582E+00 2.000E+00
2.030E+07 5.204E+02 2.208E-01 1.142E-02 1.454E-04 1.724E+03 6.567E-01 5.582E+00 2.000E+00
3.165E+07 5.964E+02 2.118E-01 1.142E-02 1.629E-04 1.632E+03 6.578E-01 5.582E+00 2.000E+00
2.445E+07 8.466E+02 1.879E-01 1.142E-02 1.950E-04 1.543E+03 6.597E-01 5.583E+00 2.000E+00
9.831E+07 9.491E+02 1.801E-01 1.142E-02 2.539E-04 1.611E+03 6.632E-01 5.584E+00 2.000E+00
8.681E+07 5.785E+02 2.141E-01 1.142E-02 3.619E-04 1.664E+03 6.697E-01 5.587E+00 2.000E+00
2.746E+07 5.942E+02 2.126E-01 1.142E-02 5.598E-04 1.666E+03 6.816E-01 5.591E+00 2.000E+00
3.537E+07 7.335E+02 1.986E-01 1.142E-02 9.225E-04 1.699E+03 7.027E-01 5.600E+00 2.000E+00
3.695E+07 4.427E+02 2.341E-01 1.142E-02 1.587E-03 1.946E+03 7.387E-01 5.615E+00 2.000E+00
2.855E+07 4.647E+02 2.334E-01 1.142E-02 2.806E-03 2.200E+03 7.953E-01 5.643E+00 2.000E+00
9.514E+06 2.767E+02 2.743E-01 1.142E-02 5.040E-03 3.083E+03 8.703E-01 5.694E+00 2.000E+00
6.709E+07 3.813E+02 2.398E-01 1.445E-02 1.244E-04 2.093E+03 6.706E-01 5.582E+00 2.000E+00
3.424E+09 7.483E+02 1.963E-01 1.445E-02 1.244E-04 1.565E+03 6.706E-01 5.582E+00 2.000E+00
3.683E+07 4.938E+02 2.241E-01 1.445E-02 1.245E-04 1.780E+03 6.706E-01 5.582E+00 2.000E+00
7.849E+07 7.552E+02 1.957E-01 1.445E-02 1.246E-04 1.563E+03 6.706E-01 5.582E+00 2.000E+00
1.642E+08 5.778E+02 2.139E-01 1.445E-02 1.249E-04 1.760E+03 6.706E-01 5.582E+00 2.000E+00
5.637E+08 3.485E+02 2.447E-01 1.445E-02 1.253E-04 2.256E+03 6.707E-01 5.582E+00 2.000E+00
1.285E+08 7.459E+02 1.965E-01 1.445E-02 1.262E-04 1.565E+03 6.707E-01 5.582E+00 2.000E+00
3.370E+08 5.276E+02 2.199E-01 1.445E-02 1.277E-04 1.726E+03 6.708E-01 5.582E+00 2.000E+00
8.074E+07 7.282E+02 1.982E-01 1.445E-02 1.306E-04 1.570E+03 6.710E-01 5.582E+00 2.000E+00
4.103E+07 8.062E+02 1.912E-01 1.445E-02 1.358E-04 1.562E+03 6.713E-01 5.582E+00 2.000E+00
4.483E+07 9.788E+02 1.780E-01 1.445E-02 1.454E-04 1.680E+03 6.719E-01 5.582E+00 2.000E+00
4.317E+07 8.980E+02 1.839E-01 1.445E-02 1.629E-04 1.601E+03 6.729E-01 5.582E+00 2.000E+00
1.873E+07 2.497E+02 2.600E-01 1.445E-02 1.950E-04 3.529E+03 6.748E-01 5.583E+00 2.000E+00
3.041E+07 6.539E+02 2.057E-01 1.445E-02 2.539E-04 1.616E+03 6.784E-01 5.584E+00 2.000E+00
4.091E+07 6.755E+02 2.036E-01 1.445E-02 3.619E-04 1.619E+03 6.848E-01 5.587E+00 2.000E+00
1.091E+08 8.977E+02 1.842E-01 1.445E-02 5.598E-04 1.838E+03 6.967E-01 5.592E+00 2.000E+00
5.676E+07 6.284E+02 2.093E-01 1.445E-02 9.225E-04 1.726E+03 7.177E-01 5.600E+00 2.000E+00
9.006E+07 3.217E+02 2.535E-01 1.445E-02 1.587E-03 2.369E+03 7.535E-01 5.615E+00 2.000E+00
8.782E+07 4.333E+02 2.382E-01 1.445E-02 2.806E-03 2.253E+03 8.096E-01 5.643E+00 2.000E+00
1.180E+07 2.205E+02 2.877E-01 1.445E-02 5.040E-03 3.273E+03 8.825E-01 5.694E+00 2.000E+00
9.949E+07 8.090E+02 1.910E-01 1.827E-02 1.244E-04 1.612E+03 6.897E-01 5.582E+00 2.000E+00
3.478E+08 8.090E+02 1.910E-01 1.827E-02 1.244E-04 1.612E+03 6.897E-01 5.582E+00 2.000E+00
2.833E+07 9.550E+02 1.796E-01 1.827E-02 1.245E-04 1.776E+03 6.897E-01 5.582E+00 2.000E+00
9.985E+07 3.276E+02 2.480E-01 1.827E-02 1.246E-04 2.414E+03 6.897E-01 5.582E+00 2.000E+00
4.224E+07 9.550E+02 1.796E-01 1.827E-02 1.249E-04 1.777E+03 6.897E-01 5.582E+00 2.000E+00
1.424E+08 9.481E+02 1.801E-01 1.827E-02 1.253E-04 1.760E+03 6.897E-01 5.582E+00 2.000E+00
5.678E+08 3.769E+02 2.405E-01 1.827E-02 1.262E-04 2.124E+03 6.898E-01 5.582E+00 2.000E+00
4.381E+07 5.725E+02 2.145E-01 1.827E-02 1.277E-04 1.691E+03 6.899E-01 5.582E+00 2.000E+00
8.547E+07 5.018E+02 2.232E-01 1.827E-02 1.306E-04 1.785E+03 6.901E-01 5.582E+00 2.000E+00
1.899E+09 7.534E+02 1.959E-01 1.827E-02 1.358E-04 1.606E+03 6.904E-01 5.582E+00 2.000E+00
5.005E+07 6.602E+02 2.049E-01 1.827E-02 1.454E-04 1.629E+03 6.910E-01 5.582E+00 2.000E+00
1.259E+08 6.811E+02 2.028E-01 1.827E-02 1.629E-04 1.623E+03 6.920E-01 5.582E+00 2.000E+00
2.184E+08 4.502E+02 2.301E-01 1.827E-02 1.950E-04 1.889E+03 6.939E-01 5.583E+00 2.000E+00
8.723E+07 8.309E+02 1.893E-01 1.827E-02 2.539E-04 1.667E+03 6.975E-01 5.585E+00 2.000E+00
5.242E+07 6.097E+02 2.106E-01 1.827E-02 3.619E-04 1.684E+03 7.039E-01 5.587E+00 2.000E+00
6.629E+07 6.686E+02 2.046E-01 1.827E-02 5.598E-04 1.695E+03 7.158E-01 5.592E+00 2.000E+00
5.342E+07 2.141E+02 2.685E-01 1.827E-02 9.225E-04 4.986E+03 7.366E-01 5.600E+00 2.000E+00
3.137E+07 4.065E+02 2.396E-01 1.827E-02 1.587E-03 2.075E+03 7.721E-01 5.615E+00 2.000E+00
2.592E+07 4.615E+02 2.339E-01 1.827E-02 2.806E-03 2.559E+03 8.278E-01 5.643E+00 2.000E+00
3.557E+06 2.130E+02 2.896E-01 1.827E-02 5.040E-03 3.466E+03 8.978E-01 5.694E+00 2.000E+00
4.718E+07 8.706E+02 1.860E-01 2.311E-02 1.244E-04 1.791E+03 7.139E-01 5.582E+00 2.000E+00
5.884E+07 8.706E+02 1.860E-01 2.311E-02 1.244E-04 1.791E+03 7.139E-01 5.582E+00 2.000E+00
1.119E+08 8.706E+02 1.860E-01 2.311E-02 1.245E-04 1.791E+03 7.139E-01 5.582E+00 2.000E+00
2.555E+07 7.672E+02 1.946E-01 2.311E-02 1.246E-04 1.675E+03 7.139E-01 5.582E+00 2.000E+00
5.641E+07 4.180E+02 2.345E-01 2.311E-02 1.249E-04 1.993E+03 7.139E-01 5.582E+00 2.000E+00
2.114E+07 3.568E+02 2.435E-01 2.311E-02 1.253E-04 2.421E+03 7.139E-01 5.582E+00 2.000E+00
1.108E+08 7.475E+02 1.964E-01 2.311E-02 1.262E-04 1.667E+03 7.140E-01 5.582E+00 2.000E+00
9.704E+07 8.354E+02 1.888E-01 2.311E-02 1.277E-04 1.733E+03 7.141E-01 5.582E+00 2.000E+00
7.509E+07 6.632E+02 2.046E-01 2.311E-02 1.306E-04 1.669E+03 7.142E-01 5.582E+00 2.000E+00
2.466E+07 3.567E+02 2.436E-01 2.311E-02 1.358E-04 2.237E+03 7.145E-01 5.582E+00 2.000E+00
7.083E+07 8.639E+02 1.865E-01 2.311E-02 1.454E-04 1.849E+03 7.151E-01 5.582E+00 2.000E+00
5.804E+07 4.296E+02 2.330E-01 2.311E-02 1.629E-04 1.961E+03 7.162E-01 5.583E+00 2.000E+00
6.350E+07 6.715E+02 2.038E-01 2.311E-02 1.950E-04 1.679E+03 7.181E-01 5.583E+00 2.000E+00
5.924E+07 8.641E+02 1.866E-01 2.311E-02 2.539E-04 1.899E+03 7.216E-01 5.585E+00 2.000E+00
1.357E+07 5.318E+02 2.198E-01 2.311E-02 3.619E-04 1.788E+03 7.281E-01 5.587E+00 2.000E+00
2.698E+07 3.431E+02 2.469E-01 2.311E-02 5.598E-04 2.302E+03 7.400E-01 5.592E+00 2.000E+00
1.920E+07 4.805E+02 2.275E-01 2.311E-02 9.225E-04 1.914E+03 7.606E-01 5.600E+00 2.000E+00
2.367E+07 5.985E+02 2.137E-01 2.311E-02 1.587E-03 2.276E+03 7.957E-01 5.615E+00 2.000E+00
2.720E+07 2.374E+02 2.737E-01 2.311E-02 2.806E-03 3.153E+03 8.505E-01 5.643E+00 2.000E+00
1.723E+07 2.274E+02 2.862E-01 2.311E-02 5.040E-03 3.752E+03 9.172E-01 5.695E+00 2.000E+00
4.921E+07 6.035E+02 2.110E-01 2.923E-02 1.244E-04 1.751E+03 7.444E-01 5.582E+00 2.000E+00
3.604E+08 6.035E+02 2.110E-01 2.923E-02 1.244E-04 1.751E+03 7.444E-01 5.582E+00 2.000E+00
8.246E+07 7.155E+02 1.994E-01 2.923E-02 1.245E-04 1.756E+03 7.444E-01 5.582E+00 2.000E+00
9.666E+07 7.178E+02 1.992E-01 2.923E-02 1.246E-04 1.757E+03 7.444E-01 5.582E+00 2.000E+00
8.460E+07 6.077E+02 2.105E-01 2.923E-02 1.249E-04 1.753E+03 7.445E-01 5.582E+00 2.000E+00
1.613E+08 6.807E+02 2.028E-01 2.923E-02 1.253E-04 1.741E+03 7.445E-01 5.582E+00 2.000E+00
4.252E+07 6.717E+02 2.037E-01 2.923E-02 1.262E-04 1.751E+03 7.445E-01 5.582E+00 2.000E+00
1.564E+08 3.743E+02 2.410E-01 2.923E-02 1.277E-04 2.177E+03 7.446E-01 5.582E+00 2.000E+00
1.138E+08 7.166E+02 1.993E-01 2.923E-02 1.306E-04 1.759E+03 7.448E-01 5.582E+00 2.000E+00
7.388E+07 8.192E+02 1.901E-01 2.923E-02 1.358E-04 1.948E+03 7.451E-01 5.582E+00 2.000E+00
3.741E+07 3.802E+02 2.401E-01 2.923E-02 1.454E-04 2.152E+03 7.457E-01 5.582E+00 2.000E+00
3.884E+07 6.537E+02 2.056E-01 2.923E-02 1.629E-04 1.748E+03 7.467E-01 5.583E+00 2.000E+00
1.535E+08 4.899E+02 2.248E-01 2.923E-02 1.950E-04 1.872E+03 7.487E-01 5.583E+00 2.000E+00
1.633E+07 6.374E+02 2.075E-01 2.923E-02 2.539E-04 1.770E+03 7.522E-01 5.585E+00 2.000E+00
3.972E+08 7.252E+02 1.988E-01 2.923E-02 3.619E-04 1.882E+03 7.587E-01 5.587E+00 2.000E+00
5.818E+07 7.065E+02 2.008E-01 2.923E-02 5.598E-04 1.986E+03 7.705E-01 5.592E+00 2.000E+00
1.289E+07 6.517E+02 2.068E-01 2.923E-02 9.225E-04 2.143E+03 7.909E-01 5.600E+00 2.000E+00
7.081E+06 4.741E+02 2.297E-01 2.923E-02 1.587E-03 2.163E+03 8.255E-01 5.615E+00 2.000E+00
6.640E+07 3.852E+02 2.462E-01 2.923E-02 2.806E-03 2.806E+03 8.785E-01 5.643E+00 2.000E+00
3.651E+07 2.015E+02 2.927E-01 2.923E-02 5.040E-03 4.200E+03 9.393E-01 5.695E+00 2.000E+00
3.584E+07 6.121E+02 2.101E-01 3.697E-02 1.244E-04 1.846E+03 7.831E-01 5.582E+00 2.000E+00
8.727E+07 6.121E+02 2.101E-01 3.697E-02 1.244E-04 1.845E+03 7.831E-01 5.582E+00 2.000E+00
9.336E+07 5.868E+02 2.129E-01 3.697E-02 1.245E-04 1.844E+03 7.831E-01 5.582E+00 2.000E+00
2.293E+07 4.170E+02 2.347E-01 3.697E-02 1.246E-04 2.065E+03 7.831E-01 5.582E+00 2.000E+00
2.889E+07 2.672E+02 2.575E-01 3.697E-02 1.249E-04 3.151E+03 7.831E-01 5.582E+00 2.000E+00
8.868E+07 6.029E+02 2.111E-01 3.697E-02 1.253E-04 1.844E+03 7.831E-01 5.582E+00 2.000E+00
1.786E+10 6.396E+02 2.071E-01 3.697E-02 1.262E-04 1.856E+03 7.832E-01 5.582E+00 2.000E+00
4.260E+07 2.524E+02 2.597E-01 3.697E-02 1.277E-04 3.478E+03 7.833E-01 5.582E+00 2.000E+00
4.344E+07 2.829E+02 2.551E-01 3.697E-02 1.306E-04 2.902E+03 7.835E-01 5.582E+00 2.000E+00
1.458E+07 4.043E+02 2.366E-01 3.697E-02 1.358E-04 2.103E+03 7.838E-01 5.582E+00 2.000E+00
1.405E+08 6.094E+02 2.104E-01 3.697E-02 1.454E-04 1.851E+03 7.843E-01 5.583E+00 2.000E+00
1.055E+08 6.218E+02 2.091E-01 3.697E-02 1.629E-04 1.861E+03 7.854E-01 5.583E+00 2.000E+00
7.058E+06 3.913E+02 2.386E-01 3.697E-02 1.950E-04 2.153E+03 7.873E-01 5.584E+00 2.000E+00
6.411E+07 7.068E+02 2.004E-01 3.697E-02 2.539E-04 2.067E+03 7.908E-01 5.585E+00 2.000E+00
4.514E+07 3.594E+02 2.439E-01 3.697E-02 3.619E-04 2.283E+03 7.973E-01 5.587E+00 2.000E+00
2.228E+07 6.649E+02 2.050E-01 3.697E-02 5.598E-04 2.260E+03 8.092E-01 5.592E+00 2.000E+00
4.182E+07 5.547E+02 2.179E-01 3.697E-02 9.225E-04 2.154E+03 8.292E-01 5.600E+00 2.000E+00
2.568E+07 4.826E+02 2.285E-01 3.697E-02 1.587E-03 2.488E+03 8.632E-01 5.616E+00 2.000E+00
4.871E+06 2.498E+02 2.715E-01 3.697E-02 2.806E-03 3.181E+03 9.138E-01 5.644E+00 2.000E+00
NAN NAN NAN 3.697E-02 5.040E-03 NAN 9.659E-01 5.695E+00 2.000E+00
1.128E+07 4.667E+02 2.279E-01 4.677E-02 1.244E-04 2.037E+03 8.320E-01 5.582E+00 2.000E+00
1.484E+07 4.667E+02 2.279E-01 4.677E-02 1.244E-04 2.036E+03 8.320E-01 5.582E+00 2.000E+00
4.060E+07 4.667E+02 2.279E-01 4.677E-02 1.245E-04 2.036E+03 8.320E-01 5.582E+00 2.000E+00
8.504E+07 4.354E+02 2.322E-01 4.677E-02 1.246E-04 2.091E+03 8.320E-01 5.582E+00 2.000E+00
4.512E+07 2.965E+02 2.531E-01 4.677E-02 1.249E-04 2.772E+03 8.321E-01 5.582E+00 2.000E+00
6.881E+07 5.841E+02 2.132E-01 4.677E-02 1.253E-04 2.017E+03 8.321E-01 5.582E+00 2.000E+00
4.982E+07 4.419E+02 2.313E-01 4.677E-02 1.262E-04 2.097E+03 8.321E-01 5.582E+00 2.000E+00
1.317E+08 6.441E+02 2.066E-01 4.677E-02 1.277E-04 2.179E+03 8.322E-01 5.582E+00 2.000E+00
3.342E+07 2.902E+02 2.541E-01 4.677E-02 1.306E-04 2.841E+03 8.324E-01 5.582E+00 2.000E+00
2.483E+07 2.385E+02 2.619E-01 4.677E-02 1.358E-04 3.918E+03 8.327E-01 5.583E+00 2.000E+00
1.227E+07 2.724E+02 2.569E-01 4.677E-02 1.454E-04 3.081E+03 8.333E-01 5.583E+00 2.000E+00
1.151E+07 4.663E+02 2.280E-01 4.677E-02 1.629E-04 2.043E+03 8.343E-01 5.583E+00 2.000E+00
7.274E+07 5.618E+02 2.159E-01 4.677E-02 1.950E-04 2.027E+03 8.363E-01 5.584E+00 2.000E+00
1.181E+08 3.899E+02 2.391E-01 4.677E-02 2.539E-04 2.220E+03 8.398E-01 5.585E+00 2.000E+00
8.192E+06 4.616E+02 2.290E-01 4.677E-02 3.619E-04 2.091E+03 8.463E-01 5.588E+00 2.000E+00
8.976E+07 4.977E+02 2.246E-01 4.677E-02 5.598E-04 2.140E+03 8.580E-01 5.592E+00 2.000E+00
3.635E+07 2.217E+02 2.681E-01 4.677E-02 9.225E-04 4.159E+03 8.777E-01 5.601E+00 2.000E+00
7.355E+07 3.521E+02 2.486E-01 4.677E-02 1.587E-03 2.582E+03 9.110E-01 5.616E+00 2.000E+00
1.942E+07 3.034E+02 2.611E-01 4.677E-02 2.806E-03 3.507E+03 9.570E-01 5.644E+00 2.000E+00
NAN NAN NAN 4.677E-02 5.040E-03 NAN 9.934E-01 5.695E+00 2.000E+00
2.379E+07 3.560E+02 2.439E-01 5.915E-02 1.244E-04 2.428E+03 8.938E-01 5.583E+00 3.000E+00
7.756E+07 3.560E+02 2.439E-01 5.915E-02 1.244E-04 2.427E+03 8.938E-01 5.583E+00 3.000E+00
4.526E+07 4.712E+02 2.273E-01 5.915E-02 1.245E-04 2.203E+03 8.939E-01 5.583E+00 3.000E+00
1.912E+07 4.770E+02 2.265E-01 5.915E-02 1.246E-04 2.199E+03 8.939E-01 5.583E+00 3.000E+00
1.735E+07 3.948E+02 2.381E-01 5.915E-02 1.249E-04 2.294E+03 8.939E-01 5.583E+00 3.000E+00
3.047E+07 4.151E+02 2.351E-01 5.915E-02 1.253E-04 2.250E+03 8.939E-01 5.583E+00 3.000E+00
1.754E+07 2.796E+02 2.559E-01 5.915E-02 1.262E-04 3.025E+03 8.940E-01 5.583E+00 3.000E+00
1.909E+07 3.511E+02 2.447E-01 5.915E-02 1.277E-04 2.461E+03 8.940E-01 5.583E+00 3.000E+00
1.057E+08 5.168E+02 2.214E-01 5.915E-02 1.306E-04 2.249E+03 8.942E-01 5.583E+00 3.000E+00
6.146E+07 2.267E+02 2.638E-01 5.915E-02 1.358E-04 4.446E+03 8.945E-01 5.583E+00 3.000E+00
3.009E+09 3.931E+02 2.384E-01 5.915E-02 1.454E-04 2.303E+03 8.951E-01 5.583E+00 3.000E+00
1.235E+07 5.656E+02 2.155E-01 5.915E-02 1.629E-04 2.558E+03 8.962E-01 5.583E+00 3.000E+00
3.498E+07 4.196E+02 2.346E-01 5.915E-02 1.950E-04 2.258E+03 8.981E-01 5.584E+00 3.000E+00
3.407E+07 2.585E+02 2.597E-01 5.915E-02 2.539E-04 3.349E+03 9.016E-01 5.586E+00 3.000E+00
2.725E+07 4.002E+02 2.379E-01 5.915E-02 3.619E-04 2.337E+03 9.081E-01 5.588E+00 3.000E+00
2.939E+07 3.738E+02 2.424E-01 5.915E-02 5.598E-04 2.437E+03 9.193E-01 5.593E+00 3.000E+00
1.457E+07 2.808E+02 2.587E-01 5.915E-02 9.225E-04 2.986E+03 9.389E-01 5.601E+00 3.000E+00
7.544E+06 2.677E+02 2.635E-01 5.915E-02 1.587E-03 3.182E+03 9.698E-01 5.616E+00 3.000E+00
4.166E+06 2.290E+02 2.760E-01 5.915E-02 2.806E-03 4.024E+03 1.000E+00 5.644E+00 3.000E+00
NAN NAN NAN 5.915E-02 5.040E-03 NAN 1.000E+00 5.695E+00 0.000E+00
2.873E+07 2.732E+02 2.571E-01 7.482E-02 1.244E-04 3.195E+03 9.721E-01 5.583E+00 3.000E+00
1.885E+08 2.846E+02 2.553E-01 7.482E-02 1.244E-04 3.052E+03 9.721E-01 5.583E+00 3.000E+00
1.789E+07 3.057E+02 2.520E-01 7.482E-02 1.245E-04 2.852E+03 9.721E-01 5.583E+00 3.000E+00
1.286E+07 4.582E+02 2.291E-01 7.482E-02 1.246E-04 2.665E+03 9.721E-01 5.583E+00 3.000E+00
5.620E+07 2.313E+02 2.634E-01 7.482E-02 1.249E-04 4.212E+03 9.721E-01 5.583E+00 3.000E+00
1.014E+07 3.645E+02 2.428E-01 7.482E-02 1.253E-04 2.568E+03 9.722E-01 5.583E+00 3.000E+00
1.682E+08 4.330E+02 2.327E-01 7.482E-02 1.262E-04 2.576E+03 9.722E-01 5.583E+00 3.000E+00
1.102E+09 3.663E+02 2.425E-01 7.482E-02 1.277E-04 2.558E+03 9.723E-01 5.583E+00 3.000E+00
1.746E+07 3.182E+02 2.500E-01 7.482E-02 1.306E-04 2.764E+03 9.725E-01 5.583E+00 3.000E+00
1.050E+09 2.946E+02 2.538E-01 7.482E-02 1.358E-04 2.949E+03 9.728E-01 5.583E+00 3.000E+00
8.204E+06 4.130E+02 2.356E-01 7.482E-02 1.454E-04 2.527E+03 9.734E-01 5.583E+00 3.000E+00
2.100E+07 4.250E+02 2.339E-01 7.482E-02 1.629E-04 2.558E+03 9.744E-01 5.584E+00 3.000E+00
5.607E+06 3.460E+02 2.458E-01 7.482E-02 1.950E-04 2.757E+03 9.763E-01 5.585E+00 3.000E+00
3.879E+07 4.104E+02 2.362E-01 7.482E-02 2.539E-04 2.604E+03 9.799E-01 5.586E+00 3.000E+00
1.356E+07 4.178E+02 2.354E-01 7.482E-02 3.619E-04 2.722E+03 9.861E-01 5.588E+00 3.000E+00
2.357E+07 3.799E+02 2.416E-01 7.482E-02 5.598E-04 2.789E+03 9.969E-01 5.593E+00 3.000E+00
2.792E+08 2.012E+02 2.718E-01 7.482E-02 9.225E-04 5.378E+03 1.000E+00 5.601E+00 3.000E+00
2.091E+07 2.845E+02 2.607E-01 7.482E-02 1.587E-03 3.549E+03 1.000E+00 5.616E+00 3.000E+00
6.777E+06 2.124E+02 2.797E-01 7.482E-02 2.806E-03 5.606E+03 1.000E+00 5.644E+00 0.000E+00
NAN NAN NAN 7.482E-02 5.040E-03 NAN 1.000E+00 5.696E+00 0.000E+00
4.352E+07 2.927E+02 2.543E-01 9.464E-02 1.244E-04 3.181E+03 1.000E+00 5.583E+00 3.000E+00
1.646E+07 3.680E+02 2.424E-01 9.464E-02 1.244E-04 3.116E+03 1.000E+00 5.583E+00 3.000E+00
1.055E+08 3.680E+02 2.424E-01 9.464E-02 1.245E-04 3.116E+03 1.000E+00 5.583E+00 3.000E+00
2.465E+08 3.629E+02 2.432E-01 9.464E-02 1.246E-04 3.086E+03 1.000E+00 5.583E+00 3.000E+00
1.771E+07 3.447E+02 2.460E-01 9.464E-02 1.249E-04 3.017E+03 1.000E+00 5.583E+00 3.000E+00
1.733E+07 3.295E+02 2.484E-01 9.464E-02 1.253E-04 3.022E+03 1.000E+00 5.583E+00 3.000E+00
1.983E+07 2.822E+02 2.560E-01 9.464E-02 1.262E-04 3.272E+03 1.000E+00 5.583E+00 3.000E+00
3.820E+07 2.876E+02 2.551E-01 9.464E-02 1.277E-04 3.223E+03 1.000E+00 5.583E+00 3.000E+00
2.225E+07 2.999E+02 2.531E-01 9.464E-02 1.306E-04 3.142E+03 1.000E+00 5.584E+00 3.000E+00
2.931E+07 2.209E+02 2.654E-01 9.464E-02 1.358E-04 4.725E+03 1.000E+00 5.584E+00 3.000E+00
1.707E+07 2.089E+02 2.671E-01 9.464E-02 1.454E-04 5.603E+03 1.000E+00 5.584E+00 3.000E+00
2.203E+07 3.724E+02 2.418E-01 9.464E-02 1.629E-04 3.231E+03 1.000E+00 5.584E+00 3.000E+00
8.012E+07 3.802E+02 2.407E-01 9.464E-02 1.950E-04 3.466E+03 1.000E+00 5.585E+00 3.000E+00
1.491E+07 2.810E+02 2.566E-01 9.464E-02 2.539E-04 3.313E+03 1.000E+00 5.586E+00 3.000E+00
1.990E+09 3.430E+02 2.470E-01 9.464E-02 3.619E-04 3.292E+03 1.000E+00 5.589E+00 3.000E+00
1.119E+07 3.010E+02 2.544E-01 9.464E-02 5.598E-04 3.373E+03 1.000E+00 5.593E+00 3.000E+00
1.249E+08 2.590E+02 2.629E-01 9.464E-02 9.225E-04 3.793E+03 1.000E+00 5.602E+00 0.000E+00
1.029E+07 2.143E+02 2.737E-01 9.464E-02 1.587E-03 4.811E+03 1.000E+00 5.617E+00 0.000E+00
NAN NAN NAN 9.464E-02 2.806E-03 NAN 1.000E+00 5.645E+00 0.000E+00
NAN NAN NAN 9.464E-02 5.040E-03 NAN 1.000E+00 5.696E+00 0.000E+00
5.504E+07 2.280E+02 2.648E-01 1.197E-01 1.244E-04 4.597E+03 1.000E+00 5.584E+00 0.000E+00
1.367E+07 2.364E+02 2.636E-01 1.197E-01 1.244E-04 4.363E+03 1.000E+00 5.584E+00 0.000E+00
3.137E+07 2.364E+02 2.636E-01 1.197E-01 1.245E-04 4.363E+03 1.000E+00 5.584E+00 0.000E+00
2.841E+07 2.318E+02 2.643E-01 1.197E-01 1.246E-04 4.483E+03 1.000E+00 5.584E+00 0.000E+00
2.384E+07 2.338E+02 2.640E-01 1.197E-01 1.249E-04 4.428E+03 1.000E+00 5.584E+00 0.000E+00
9.304E+06 2.269E+02 2.650E-01 1.197E-01 1.253E-04 4.635E+03 1.000E+00 5.584E+00 0.000E+00
1.415E+07 2.936E+02 2.544E-01 1.197E-01 1.262E-04 4.053E+03 1.000E+00 5.584E+00 0.000E+00
7.256E+06 2.969E+02 2.539E-01 1.197E-01 1.277E-04 4.112E+03 1.000E+00 5.584E+00 0.000E+00
1.911E+07 2.540E+02 2.608E-01 1.197E-01 1.306E-04 4.062E+03 1.000E+00 5.584E+00 0.000E+00
6.091E+06 2.712E+02 2.581E-01 1.197E-01 1.358E-04 3.944E+03 1.000E+00 5.584E+00 0.000E+00
2.367E+07 2.957E+02 2.541E-01 1.197E-01 1.454E-04 4.142E+03 1.000E+00 5.584E+00 0.000E+00
1.043E+07 2.298E+02 2.648E-01 1.197E-01 1.629E-04 4.545E+03 1.000E+00 5.585E+00 0.000E+00
2.224E+07 2.598E+02 2.602E-01 1.197E-01 1.950E-04 4.054E+03 1.000E+00 5.586E+00 0.000E+00
1.212E+07 2.220E+02 2.664E-01 1.197E-01 2.539E-04 4.805E+03 1.000E+00 5.587E+00 0.000E+00
4.658E+07 2.124E+02 2.683E-01 1.197E-01 3.619E-04 5.206E+03 1.000E+00 5.589E+00 0.000E+00
6.685E+07 2.148E+02 2.690E-01 1.197E-01 5.598E-04 5.097E+03 1.000E+00 5.594E+00 0.000E+00
6.569E+07 2.213E+02 2.697E-01 1.197E-01 9.225E-04 5.315E+03 1.000E+00 5.602E+00 0.000E+00
NAN NAN NAN 1.197E-01 1.587E-03 NAN 1.000E+00 5.617E+00 0.000E+00
NAN NAN NAN 1.197E-01 2.806E-03 NAN 1.000E+00 5.645E+00 0.000E+00
NAN NAN NAN 1.197E-01 5.040E-03 NAN 1.000E+00 5.697E+00 0.000E+00
5.466E+07 2.164E+02 2.673E-01 1.514E-01 1.244E-04 6.094E+03 1.000E+00 5.585E+00 0.000E+00
2.029E+08 2.164E+02 2.673E-01 1.514E-01 1.244E-04 6.095E+03 1.000E+00 5.585E+00 0.000E+00
8.459E+06 2.081E+02 2.685E-01 1.514E-01 1.245E-04 6.281E+03 1.000E+00 5.585E+00 0.000E+00
1.217E+07 2.229E+02 2.663E-01 1.514E-01 1.246E-04 6.124E+03 1.000E+00 5.585E+00 0.000E+00
1.339E+07 2.156E+02 2.674E-01 1.514E-01 1.249E-04 6.103E+03 1.000E+00 5.585E+00 0.000E+00
1.529E+07 2.044E+02 2.691E-01 1.514E-01 1.253E-04 6.446E+03 1.000E+00 5.585E+00 0.000E+00
6.170E+06 2.231E+02 2.663E-01 1.514E-01 1.262E-04 6.135E+03 1.000E+00 5.585E+00 0.000E+00
8.125E+07 2.101E+02 2.682E-01 1.514E-01 1.277E-04 6.221E+03 1.000E+00 5.585E+00 0.000E+00
6.121E+06 2.146E+02 2.676E-01 1.514E-01 1.306E-04 6.142E+03 1.000E+00 5.585E+00 0.000E+00
7.949E+06 2.137E+02 2.677E-01 1.514E-01 1.358E-04 6.160E+03 1.000E+00 5.585E+00 0.000E+00
1.904E+07 2.202E+02 2.668E-01 1.514E-01 1.454E-04 6.172E+03 1.000E+00 5.585E+00 0.000E+00
1.039E+07 2.002E+02 2.699E-01 1.514E-01 1.629E-04 6.722E+03 1.000E+00 5.586E+00 0.000E+00
4.598E+06 2.164E+02 2.676E-01 1.514E-01 1.950E-04 6.334E+03 1.000E+00 5.586E+00 0.000E+00
8.192E+06 2.114E+02 2.687E-01 1.514E-01 2.539E-04 6.540E+03 1.000E+00 5.588E+00 0.000E+00
1.716E+07 2.005E+02 2.709E-01 1.514E-01 3.619E-04 7.023E+03 1.000E+00 5.590E+00 0.000E+00
NAN NAN NAN 1.514E-01 5.598E-04 NAN 1.000E+00 5.595E+00 0.000E+00
NAN NAN NAN 1.514E-01 9.225E-04 NAN 1.000E+00 5.603E+00 0.000E+00
NAN NAN NAN 1.514E-01 1.587E-03 NAN 1.000E+00 5.618E+00 0.000E+00
NAN NAN NAN 1.514E-01 2.806E-03 NAN 1.000E+00 5.646E+00 0.000E+00
NAN NAN NAN 1.514E-01 5.040E-03 NAN 1.000E+00 5.697E+00 0.000E+00
NAN NAN NAN 1.915E-01 1.244E-04 NAN 1.000E+00 5.586E+00 0.000E+00
NAN NAN NAN 1.915E-01 1.244E-04 NAN 1.000E+00 5.586E+00 0.000E+00
NAN NAN NAN 1.915E-01 1.245E-04 NAN 1.000E+00 5.586E+00 0.000E+00
NAN NAN NAN 1.915E-01 1.246E-04 NAN 1.000E+00 5.586E+00 0.000E+00
NAN NAN NAN 1.915E-01 1.249E-04 NAN 1.000E+00 5.586E+00 0.000E+00
NAN NAN NAN 1.915E-01 1.253E-04 NAN 1.000E+00 5.586E+00 0.000E+00
NAN NAN NAN 1.915E-01 1.262E-04 NAN 1.000E+00 5.586E+00 0.000E+00
NAN NAN NAN 1.915E-01 1.277E-04 NAN 1.000E+00 5.586E+00 0.000E+00
NAN NAN NAN 1.915E-01 1.306E-04 NAN 1.000E+00 5.586E+00 0.000E+00
NAN NAN NAN 1.915E-01 1.358E-04 NAN 1.000E+00 5.586E+00 0.000E+00
NAN NAN NAN 1.915E-01 1.454E-04 NAN 1.000E+00 5.586E+00 0.000E+00
NAN NAN NAN 1.915E-01 1.629E-04 NAN 1.000E+00 5.586E+00 0.000E+00
NAN NAN NAN 1.915E-01 1.950E-04 NAN 1.000E+00 5.587E+00 0.000E+00
NAN NAN NAN 1.915E-01 2.539E-04 NAN 1.000E+00 5.589E+00 0.000E+00
NAN NAN NAN 1.915E-01 3.619E-04 NAN 1.000E+00 5.591E+00 0.000E+00
NAN NAN NAN 1.915E-01 5.598E-04 NAN 1.000E+00 5.596E+00 0.000E+00
NAN NAN NAN 1.915E-01 9.225E-04 NAN 1.000E+00 5.604E+00 0.000E+00
NAN NAN NAN 1.915E-01 1.587E-03 NAN 1.000E+00 5.619E+00 0.000E+00
NAN NAN NAN 1.915E-01 2.806E-03 NAN 1.000E+00 5.647E+00 0.000E+00
NAN NAN NAN 1.915E-01 5.040E-03 NAN 1.000E+00 5.698E+00 0.000E+00
NAN NAN NAN 2.422E-01 1.244E-04 NAN 1.000E+00 5.587E+00 3.000E+00
NAN NAN NAN 2.422E-01 1.244E-04 NAN 1.000E+00 5.587E+00 3.000E+00
NAN NAN NAN 2.422E-01 1.245E-04 NAN 1.000E+00 5.587E+00 3.000E+00
NAN NAN NAN 2.422E-01 1.246E-04 NAN 1.000E+00 5.587E+00 3.000E+00
NAN NAN NAN 2.422E-01 1.249E-04 NAN 1.000E+00 5.587E+00 3.000E+00
NAN NAN NAN 2.422E-01 1.253E-04 NAN 1.000E+00 5.587E+00 3.000E+00
NAN NAN NAN 2.422E-01 1.262E-04 NAN 1.000E+00 5.587E+00 3.000E+00
NAN NAN NAN 2.422E-01 1.277E-04 NAN 1.000E+00 5.587E+00 3.000E+00
NAN NAN NAN 2.422E-01 1.306E-04 NAN 1.000E+00 5.587E+00 3.000E+00
NAN NAN NAN 2.422E-01 1.358E-04 NAN 1.000E+00 5.587E+00 3.000E+00
NAN NAN NAN 2.422E-01 1.454E-04 NAN 1.000E+00 5.587E+00 3.000E+00
NAN NAN NAN 2.422E-01 1.629E-04 NAN 1.000E+00 5.588E+00 3.000E+00
NAN NAN NAN 2.422E-01 1.950E-04 NAN 1.000E+00 5.588E+00 3.000E+00
NAN NAN NAN 2.422E-01 2.539E-04 NAN 1.000E+00 5.590E+00 3.000E+00
NAN NAN NAN 2.422E-01 3.619E-04 NAN 1.000E+00 5.592E+00 3.000E+00
NAN NAN NAN 2.422E-01 5.598E-04 NAN 1.000E+00 5.597E+00 0.000E+00
NAN NAN NAN 2.422E-01 9.225E-04 NAN 1.000E+00 5.605E+00 0.000E+00
NAN NAN NAN 2.422E-01 1.587E-03 NAN 1.000E+00 5.620E+00 0.000E+00
NAN NAN NAN 2.422E-01 2.806E-03 NAN 1.000E+00 5.648E+00 0.000E+00
NAN NAN NAN 2.422E-01 5.040E-03 NAN 1.000E+00 5.700E+00 0.000E+00
NAN NAN NAN 3.064E-01 1.244E-04 NAN 1.000E+00 5.588E+00 3.000E+00
NAN NAN NAN 3.064E-01 1.244E-04 NAN 1.000E+00 5.588E+00 3.000E+00
NAN NAN NAN 3.064E-01 1.245E-04 NAN 1.000E+00 5.588E+00 3.000E+00
NAN NAN NAN 3.064E-01 1.246E-04 NAN 1.000E+00 5.588E+00 3.000E+00
NAN NAN NAN 3.064E-01 1.249E-04 NAN 1.000E+00 5.588E+00 3.000E+00
NAN NAN NAN 3.064E-01 1.253E-04 NAN 1.000E+00 5.588E+00 3.000E+00
NAN NAN NAN 3.064E-01 1.262E-04 NAN 1.000E+00 5.588E+00 3.000E+00
NAN NAN NAN 3.064E-01 1.277E-04 NAN 1.000E+00 5.588E+00 3.000E+00
NAN NAN NAN 3.064E-01 1.306E-04 NAN 1.000E+00 5.588E+00 3.000E+00
NAN NAN NAN 3.064E-01 1.358E-04 NAN 1.000E+00 5.588E+00 3.000E+00
NAN NAN NAN 3.064E-01 1.454E-04 NAN 1.000E+00 5.589E+00 3.000E+00
NAN NAN NAN 3.064E-01 1.629E-04 NAN 1.000E+00 5.589E+00 3.000E+00
NAN NAN NAN 3.064E-01 1.950E-04 NAN 1.000E+00 5.590E+00 3.000E+00
NAN NAN NAN 3.064E-01 2.539E-04 NAN 1.000E+00 5.591E+00 3.000E+00
NAN NAN NAN 3.064E-01 3.619E-04 NAN 1.000E+00 5.594E+00 3.000E+00
NAN NAN NAN 3.064E-01 5.598E-04 NAN 1.000E+00 5.598E+00 3.000E+00
NAN NAN NAN 3.064E-01 9.225E-04 NAN 1.000E+00 5.607E+00 3.000E+00
NAN NAN NAN 3.064E-01 1.587E-03 NAN 1.000E+00 5.622E+00 3.000E+00
NAN NAN NAN 3.064E-01 2.806E-03 NAN 1.000E+00 5.650E+00 0.000E+00
NAN NAN NAN 3.064E-01 5.040E-03 NAN 1.000E+00 5.701E+00 0.000E+00
NAN NAN NAN 3.875E-01 1.244E-04 NAN 1.000E+00 5.590E+00 3.000E+00
NAN NAN NAN 3.875E-01 1.244E-04 NAN 1.000E+00 5.590E+00 3.000E+00
NAN NAN NAN 3.875E-01 1.245E-04 NAN 1.000E+00 5.590E+00 3.000E+00
NAN NAN NAN 3.875E-01 1.246E-04 NAN 1.000E+00 5.590E+00 3.000E+00
NAN NAN NAN 3.875E-01 1.249E-04 NAN 1.000E+00 5.590E+00 3.000E+00
NAN NAN NAN 3.875E-01 1.253E-04 NAN 1.000E+00 5.590E+00 3.000E+00
NAN NAN NAN 3.875E-01 1.262E-04 NAN 1.000E+00 5.590E+00 3.000E+00
NAN NAN NAN 3.875E-01 1.277E-04 NAN 1.000E+00 5.590E+00 3.000E+00
NAN NAN NAN 3.875E-01 1.306E-04 NAN 1.000E+00 5.590E+00 3.000E+00
NAN NAN NAN 3.875E-01 1.358E-04 NAN 1.000E+00 5.590E+00 3.000E+00
NAN NAN NAN 3.875E-01 1.454E-04 NAN 1.000E+00 5.591E+00 3.000E+00
NAN NAN NAN 3.875E-01 1.629E-04 NAN 1.000E+00 5.591E+00 3.000E+00
NAN NAN NAN 3.875E-01 1.950E-04 NAN 1.000E+00 5.592E+00 3.000E+00
NAN NAN NAN 3.875E-01 2.539E-04 NAN 1.000E+00 5.593E+00 3.000E+00
NAN NAN NAN 3.875E-01 3.619E-04 NAN 1.000E+00 5.596E+00 3.000E+00
NAN NAN NAN 3.875E-01 5.598E-04 NAN 1.000E+00 5.600E+00 3.000E+00
NAN NAN NAN 3.875E-01 9.225E-04 NAN 1.000E+00 5.608E+00 3.000E+00
NAN NAN NAN 3.875E-01 1.587E-03 NAN 1.000E+00 5.624E+00 3.000E+00
NAN NAN NAN 3.875E-01 2.806E-03 NAN 1.000E+00 5.652E+00 3.000E+00
NAN NAN NAN 3.875E-01 5.040E-03 NAN 1.000E+00 5.703E+00 3.000E+00
NAN NAN NAN 4.902E-01 1.244E-04 NAN 1.000E+00 5.592E+00 3.000E+00
NAN NAN NAN 4.902E-01 1.244E-04 NAN 1.000E+00 5.592E+00 3.000E+00
NAN NAN NAN 4.902E-01 1.245E-04 NAN 1.000E+00 5.592E+00 3.000E+00
NAN NAN NAN 4.902E-01 1.246E-04 NAN 1.000E+00 5.592E+00 3.000E+00
NAN NAN NAN 4.902E-01 1.249E-04 NAN 1.000E+00 5.592E+00 3.000E+00
NAN NAN NAN 4.902E-01 1.253E-04 NAN 1.000E+00 5.592E+00 3.000E+00
NAN NAN NAN 4.902E-01 1.262E-04 NAN 1.000E+00 5.592E+00 3.000E+00
NAN NAN NAN 4.902E-01 1.277E-04 NAN 1.000E+00 5.593E+00 3.000E+00
NAN NAN NAN 4.902E-01 1.306E-04 NAN 1.000E+00 5.593E+00 3.000E+00
NAN NAN NAN 4.902E-01 1.358E-04 NAN 1.000E+00 5.593E+00 3.000E+00
NAN NAN NAN 4.902E-01 1.454E-04 NAN 1.000E+00 5.593E+00 3.000E+00
NAN NAN NAN 4.902E-01 1.629E-04 NAN 1.000E+00 5.593E+00 3.000E+00
NAN NAN NAN 4.902E-01 1.950E-04 NAN 1.000E+00 5.594E+00 3.000E+00
NAN NAN NAN 4.902E-01 2.539E-04 NAN 1.000E+00 5.595E+00 3.000E+00
NAN NAN NAN 4.902E-01 3.619E-04 NAN 1.000E+00 5.598E+00 3.000E+00
NAN NAN NAN 4.902E-01 5.598E-04 NAN 1.000E+00 5.602E+00 3.000E+00
NAN NAN NAN 4.902E-01 9.225E-04 NAN 1.000E+00 5.611E+00 3.000E+00
NAN NAN NAN 4.902E-01 1.587E-03 NAN 1.000E+00 5.626E+00 3.000E+00
NAN NAN NAN 4.902E-01 2.806E-03 NAN 1.000E+00 5.654E+00 3.000E+00
NAN NAN NAN 4.902E-01 5.040E-03 NAN 1.000E+00 5.705E+00 3.000E+00
NAN NAN NAN 6.200E-01 1.244E-04 NAN 1.000E+00 5.595E+00 3.000E+00
NAN NAN NAN 6.200E-01 1.244E-04 NAN 1.000E+00 5.595E+00 3.000E+00
NAN NAN NAN 6.200E-01 1.245E-04 NAN 1.000E+00 5.595E+00 3.000E+00
NAN NAN NAN 6.200E-01 1.246E-04 NAN 1.000E+00 5.595E+00 3.000E+00
NAN NAN NAN 6.200E-01 1.249E-04 NAN 1.000E+00 5.595E+00 3.000E+00
NAN NAN NAN 6.200E-01 1.253E-04 NAN 1.000E+00 5.595E+00 3.000E+00
NAN NAN NAN 6.200E-01 1.262E-04 NAN 1.000E+00 5.595E+00 3.000E+00
NAN NAN NAN 6.200E-01 1.277E-04 NAN 1.000E+00 5.595E+00 3.000E+00
NAN NAN NAN 6.200E-01 1.306E-04 NAN 1.000E+00 5.596E+00 3.000E+00
NAN NAN NAN 6.200E-01 1.358E-04 NAN 1.000E+00 5.596E+00 3.000E+00
NAN NAN NAN 6.200E-01 1.454E-04 NAN 1.000E+00 5.596E+00 3.000E+00
NAN NAN NAN 6.200E-01 1.629E-04 NAN 1.000E+00 5.596E+00 3.000E+00
NAN NAN NAN 6.200E-01 1.950E-04 NAN 1.000E+00 5.597E+00 3.000E+00
NAN NAN NAN 6.200E-01 2.539E-04 NAN 1.000E+00 5.598E+00 3.000E+00
NAN NAN NAN 6.200E-01 3.619E-04 NAN 1.000E+00 5.601E+00 3.000E+00
NAN NAN NAN 6.200E-01 5.598E-04 NAN 1.000E+00 5.605E+00 3.000E+00
NAN NAN NAN 6.200E-01 9.225E-04 NAN 1.000E+00 5.614E+00 3.000E+00
NAN NAN NAN 6.200E-01 1.587E-03 NAN 1.000E+00 5.629E+00 3.000E+00
NAN NAN NAN 6.200E-01 2.806E-03 NAN 1.000E+00 5.657E+00 3.000E+00
NAN NAN NAN 6.200E-01 5.040E-03 NAN 1.000E+00 5.708E+00 3.000E+00
NAN NAN NAN 7.842E-01 1.244E-04 NAN 1.000E+00 5.599E+00 3.000E+00
NAN NAN NAN 7.842E-01 1.244E-04 NAN 1.000E+00 5.599E+00 3.000E+00
NAN NAN NAN 7.842E-01 1.245E-04 NAN 1.000E+00 5.599E+00 3.000E+00
NAN NAN NAN 7.842E-01 1.246E-04 NAN 1.000E+00 5.599E+00 3.000E+00
NAN NAN NAN 7.842E-01 1.249E-04 NAN 1.000E+00 5.599E+00 3.000E+00
NAN NAN NAN 7.842E-01 1.253E-04 NAN 1.000E+00 5.599E+00 3.000E+00
NAN NAN NAN 7.842E-01 1.262E-04 NAN 1.000E+00 5.599E+00 3.000E+00
NAN NAN NAN 7.842E-01 1.277E-04 NAN 1.000E+00 5.599E+00 3.000E+00
NAN NAN NAN 7.842E-01 1.306E-04 NAN 1.000E+00 5.599E+00 3.000E+00
NAN NAN NAN 7.842E-01 1.358E-04 NAN 1.000E+00 5.599E+00 3.000E+00
NAN NAN NAN 7.842E-01 1.454E-04 NAN 1.000E+00 5.600E+00 3.000E+00
NAN NAN NAN 7.842E-01 1.629E-04 NAN 1.000E+00 5.600E+00 3.000E+00
NAN NAN NAN 7.842E-01 1.950E-04 NAN 1.000E+00 5.601E+00 3.000E+00
NAN NAN NAN 7.842E-01 2.539E-04 NAN 1.000E+00 5.602E+00 3.000E+00
NAN NAN NAN 7.842E-01 3.619E-04 NAN 1.000E+00 5.605E+00 3.000E+00
NAN NAN NAN 7.842E-01 5.598E-04 NAN 1.000E+00 5.609E+00 3.000E+00
NAN NAN NAN 7.842E-01 9.225E-04 NAN 1.000E+00 5.617E+00 3.000E+00
NAN NAN NAN 7.842E-01 1.587E-03 NAN 1.000E+00 5.633E+00 3.000E+00
NAN NAN NAN 7.842E-01 2.806E-03 NAN 1.000E+00 5.661E+00 3.000E+00
NAN NAN NAN 7.842E-01 5.040E-03 NAN 1.000E+00 5.712E+00 3.000E+00
NAN NAN NAN 9.919E-01 1.244E-04 NAN 1.000E+00 5.604E+00 3.000E+00
NAN NAN NAN 9.919E-01 1.244E-04 NAN 1.000E+00 5.604E+00 3.000E+00
NAN NAN NAN 9.919E-01 1.245E-04 NAN 1.000E+00 5.604E+00 3.000E+00
NAN NAN NAN 9.919E-01 1.246E-04 NAN 1.000E+00 5.604E+00 3.000E+00
NAN NAN NAN 9.919E-01 1.249E-04 NAN 1.000E+00 5.604E+00 3.000E+00
NAN NAN NAN 9.919E-01 1.253E-04 NAN 1.000E+00 5.604E+00 3.000E+00
NAN NAN NAN 9.919E-01 1.262E-04 NAN 1.000E+00 5.604E+00 3.000E+00
NAN NAN NAN 9.919E-01 1.277E-04 NAN 1.000E+00 5.604E+00 3.000E+00
NAN NAN NAN 9.919E-01 1.306E-04 NAN 1.000E+00 5.604E+00 3.000E+00
NAN NAN NAN 9.919E-01 1.358E-04 NAN 1.000E+00 5.604E+00 3.000E+00
NAN NAN NAN 9.919E-01 1.454E-04 NAN 1.000E+00 5.604E+00 3.000E+00
NAN NAN NAN 9.919E-01 1.629E-04 NAN 1.000E+00 5.605E+00 3.000E+00
NAN NAN NAN 9.919E-01 1.950E-04 NAN 1.000E+00 5.606E+00 3.000E+00
NAN NAN NAN 9.919E-01 2.539E-04 NAN 1.000E+00 5.607E+00 3.000E+00
NAN NAN NAN 9.919E-01 3.619E-04 NAN 1.000E+00 5.609E+00 3.000E+00
NAN NAN NAN 9.919E-01 5.598E-04 NAN 1.000E+00 5.614E+00 3.000E+00
NAN NAN NAN 9.919E-01 9.225E-04 NAN 1.000E+00 5.622E+00 3.000E+00
NAN NAN NAN 9.919E-01 1.587E-03 NAN 1.000E+00 5.659E+00 3.000E+00
NAN NAN NAN 9.919E-01 2.806E-03 NAN 1.000E+00 5.742E+00 3.000E+00
NAN NAN NAN 9.919E-01 5.040E-03 NAN 1.000E+00 5.898E+00 3.000E+00
NAN NAN NAN 1.255E+00 1.244E-04 NAN 1.000E+00 6.880E+00 3.000E+00
NAN NAN NAN 1.255E+00 1.244E-04 NAN 1.000E+00 6.880E+00 3.000E+00
NAN NAN NAN 1.255E+00 1.245E-04 NAN 1.000E+00 6.880E+00 3.000E+00
NAN NAN NAN 1.255E+00 1.246E-04 NAN 1.000E+00 6.880E+00 3.000E+00
NAN NAN NAN 1.255E+00 1.249E-04 NAN 1.000E+00 6.880E+00 3.000E+00
NAN NAN NAN 1.255E+00 1.253E-04 NAN 1.000E+00 6.880E+00 3.000E+00
NAN NAN NAN 1.255E+00 1.262E-04 NAN 1.000E+00 6.880E+00 3.000E+00
NAN NAN NAN 1.255E+00 1.277E-04 NAN 1.000E+00 6.880E+00 3.000E+00
NAN NAN NAN 1.255E+00 1.306E-04 NAN 1.000E+00 6.881E+00 3.000E+00
NAN NAN NAN 1.255E+00 1.358E-04 NAN 1.000E+00 6.881E+00 3.000E+00
NAN NAN NAN 1.255E+00 1.454E-04 NAN 1.000E+00 6.882E+00 3.000E+00
NAN NAN NAN 1.255E+00 1.629E-04 NAN 1.000E+00 6.883E+00 3.000E+00
NAN NAN NAN 1.255E+00 1.950E-04 NAN 1.000E+00 6.885E+00 3.000E+00
NAN NAN NAN 1.255E+00 2.539E-04 NAN 1.000E+00 6.889E+00 3.000E+00
NAN NAN NAN 1.255E+00 3.619E-04 NAN 1.000E+00 6.896E+00 3.000E+00
NAN NAN NAN 1.255E+00 5.598E-04 NAN 1.000E+00 6.909E+00 3.000E+00
NAN NAN NAN 1.255E+00 9.225E-04 NAN 1.000E+00 6.932E+00 3.000E+00
NAN NAN NAN 1.255E+00 1.587E-03 NAN 1.000E+00 6.975E+00 3.000E+00
NAN NAN NAN 1.255E+00 2.806E-03 NAN 1.000E+00 7.055E+00 3.000E+00
NAN NAN NAN 1.255E+00 5.040E-03 NAN 1.000E+00 7.211E+00 3.000E+00
NAN NAN NAN 1.587E+00 1.244E-04 NAN 1.000E+00 8.542E+00 3.000E+00
NAN NAN NAN 1.587E+00 1.244E-04 NAN 1.000E+00 8.542E+00 3.000E+00
NAN NAN NAN 1.587E+00 1.245E-04 NAN 1.000E+00 8.542E+00 3.000E+00
NAN NAN NAN 1.587E+00 1.246E-04 NAN 1.000E+00 8.542E+00 3.000E+00
NAN NAN NAN 1.587E+00 1.249E-04 NAN 1.000E+00 8.542E+00 3.000E+00
NAN NAN NAN 1.587E+00 1.253E-04 NAN 1.000E+00 8.542E+00 3.000E+00
NAN NAN NAN 1.587E+00 1.262E-04 NAN 1.000E+00 8.542E+00 3.000E+00
NAN NAN NAN 1.587E+00 1.277E-04 NAN 1.000E+00 8.542E+00 3.000E+00
NAN NAN NAN 1.587E+00 1.306E-04 NAN 1.000E+00 8.542E+00 3.000E+00
NAN NAN NAN 1.587E+00 1.358E-04 NAN 1.000E+00 8.543E+00 3.000E+00
NAN NAN NAN 1.587E+00 1.454E-04 NAN 1.000E+00 8.543E+00 3.000E+00
NAN NAN NAN 1.587E+00 1.629E-04 NAN 1.000E+00 8.544E+00 3.000E+00
NAN NAN NAN 1.587E+00 1.950E-04 NAN 1.000E+00 8.547E+00 3.000E+00
NAN NAN NAN 1.587E+00 2.539E-04 NAN 1.000E+00 8.550E+00 3.000E+00
NAN NAN NAN 1.587E+00 3.619E-04 NAN 1.000E+00 8.557E+00 3.000E+00
NAN NAN NAN 1.587E+00 5.598E-04 NAN 1.000E+00 8.570E+00 3.000E+00
NAN NAN NAN 1.587E+00 9.225E-04 NAN 1.000E+00 8.594E+00 3.000E+00
NAN NAN NAN 1.587E+00 1.587E-03 NAN 1.000E+00 8.637E+00 3.000E+00
NAN NAN NAN 1.587E+00 2.806E-03 NAN 1.000E+00 8.716E+00 3.000E+00
NAN NAN NAN 1.587E+00 5.040E-03 NAN 1.000E+00 8.868E+00 3.000E+00
NAN NAN NAN 2.007E+00 1.244E-04 NAN 1.000E+00 1.064E+01 3.000E+00
NAN NAN NAN 2.007E+00 1.244E-04 NAN 1.000E+00 1.064E+01 3.000E+00
NAN NAN NAN 2.007E+00 1.245E-04 NAN 1.000E+00 1.064E+01 3.000E+00
NAN NAN NAN 2.007E+00 1.246E-04 NAN 1.000E+00 1.064E+01 3.000E+00
NAN NAN NAN 2.007E+00 1.249E-04 NAN 1.000E+00 1.064E+01 3.000E+00
NAN NAN NAN 2.007E+00 1.253E-04 NAN 1.000E+00 1.064E+01 3.000E+00
NAN NAN NAN 2.007E+00 1.262E-04 NAN 1.000E+00 1.064E+01 3.000E+00
NAN NAN NAN 2.007E+00 1.277E-04 NAN 1.000E+00 1.064E+01 3.000E+00
NAN NAN NAN 2.007E+00 1.306E-04 NAN 1.000E+00 1.064E+01 3.000E+00
NAN NAN NAN 2.007E+00 1.358E-04 NAN 1.000E+00 1.064E+01 3.000E+00
NAN NAN NAN 2.007E+00 1.454E-04 NAN 1.000E+00 1.065E+01 3.000E+00
NAN NAN NAN 2.007E+00 1.629E-04 NAN 1.000E+00 1.065E+01 3.000E+00
NAN NAN NAN 2.007E+00 1.950E-04 NAN 1.000E+00 1.065E+01 3.000E+00
NAN NAN NAN 2.007E+00 2.539E-04 NAN 1.000E+00 1.065E+01 3.000E+00
NAN NAN NAN 2.007E+00 3.619E-04 NAN 1.000E+00 1.066E+01 3.000E+00
NAN NAN NAN 2.007E+00 5.598E-04 NAN 1.000E+00 1.067E+01 3.000E+00
NAN NAN NAN 2.007E+00 9.225E-04 NAN 1.000E+00 1.070E+01 3.000E+00
NAN NAN NAN 2.007E+00 1.587E-03 NAN 1.000E+00 1.074E+01 3.000E+00
NAN NAN NAN 2.007E+00 2.806E-03 NAN 1.000E+00 1.082E+01 3.000E+00
NAN NAN NAN 2.007E+00 5.040E-03 NAN 1.000E+00 1.096E+01 3.000E+00
NAN NAN NAN 2.539E+00 1.244E-04 NAN 1.000E+00 1.331E+01 3.000E+00
NAN NAN NAN 2.539E+00 1.244E-04 NAN 1.000E+00 1.331E+01 3.000E+00
NAN NAN NAN 2.539E+00 1.245E-04 NAN 1.000E+00 1.331E+01 3.000E+00
NAN NAN NAN 2.539E+00 1.246E-04 NAN 1.000E+00 1.331E+01 3.000E+00
NAN NAN NAN 2.539E+00 1.249E-04 NAN 1.000E+00 1.331E+01 3.000E+00
NAN NAN NAN 2.539E+00 1.253E-04 NAN 1.000E+00 1.331E+01 3.000E+00
NAN NAN NAN 2.539E+00 1.262E-04 NAN 1.000E+00 1.331E+01 3.000E+00
NAN NAN NAN 2.539E+00 1.277E-04 NAN 1.000E+00 1.331E+01 3.000E+00
NAN NAN NAN 2.539E+00 1.306E-04 NAN 1.000E+00 1.331E+01 3.000E+00
NAN NAN NAN 2.539E+00 1.358E-04 NAN 1.000E+00 1.331E+01 3.000E+00
NAN NAN NAN 2.539E+00 1.454E-04 NAN 1.000E+00 1.331E+01 3.000E+00
NAN NAN NAN 2.539E+00 1.629E-04 NAN 1.000E+00 1.331E+01 3.000E+00
NAN NAN NAN 2.539E+00 1.950E-04 NAN 1.000E+00 1.331E+01 3.000E+00
NAN NAN NAN 2.539E+00 2.539E-04 NAN 1.000E+00 1.332E+01 3.000E+00
NAN NAN NAN 2.539E+00 3.619E-04 NAN 1.000E+00 1.332E+01 3.000E+00
NAN NAN NAN 2.539E+00 5.598E-04 NAN 1.000E+00 1.334E+01 3.000E+00
NAN NAN NAN 2.539E+00 9.225E-04 NAN 1.000E+00 1.336E+01 3.000E+00
NAN NAN NAN 2.539E+00 1.587E-03 NAN 1.000E+00 1.340E+01 3.000E+00
NAN NAN NAN 2.539E+00 2.806E-03 NAN 1.000E+00 1.348E+01 3.000E+00
NAN NAN NAN 2.539E+00 5.040E-03 NAN 1.000E+00 1.363E+01 3.000E+00
NAN NAN NAN 3.211E+00 1.244E-04 NAN 1.000E+00 1.667E+01 3.000E+00
NAN NAN NAN 3.211E+00 1.244E-04 NAN 1.000E+00 1.667E+01 3.000E+00
NAN NAN NAN 3.211E+00 1.245E-04 NAN 1.000E+00 1.667E+01 3.000E+00
NAN NAN NAN 3.211E+00 1.246E-04 NAN 1.000E+00 1.667E+01 3.000E+00
NAN NAN NAN 3.211E+00 1.249E-04 NAN 1.000E+00 1.667E+01 3.000E+00
NAN NAN NAN 3.211E+00 1.253E-04 NAN 1.000E+00 1.667E+01 3.000E+00
NAN NAN NAN 3.211E+00 1.262E-04 NAN 1.000E+00 1.667E+01 3.000E+00
NAN NAN NAN 3.211E+00 1.277E-04 NAN 1.000E+00 1.667E+01 3.000E+00
NAN NAN NAN 3.211E+00 1.306E-04 NAN 1.000E+00 1.667E+01 3.000E+00
NAN NAN NAN 3.211E+00 1.358E-04 NAN 1.000E+00 1.667E+01 3.000E+00
NAN NAN NAN 3.211E+00 1.454E-04 NAN 1.000E+00 1.667E+01 3.000E+00
NAN NAN NAN 3.211E+00 1.629E-04 NAN 1.000E+00 1.667E+01 3.000E+00
NAN NAN NAN 3.211E+00 1.950E-04 NAN 1.000E+00 1.667E+01 3.000E+00
NAN NAN NAN 3.211E+00 2.539E-04 NAN 1.000E+00 1.668E+01 3.000E+00
NAN NAN NAN 3.211E+00 3.619E-04 NAN 1.000E+00 1.669E+01 3.000E+00
NAN NAN NAN 3.211E+00 5.598E-04 NAN 1.000E+00 1.670E+01 3.000E+00
NAN NAN NAN 3.211E+00 9.225E-04 NAN 1.000E+00 1.672E+01 3.000E+00
NAN NAN NAN 3.211E+00 1.587E-03 NAN 1.000E+00 1.677E+01 3.000E+00
NAN NAN NAN 3.211E+00 2.806E-03 NAN 1.000E+00 1.684E+01 3.000E+00
NAN NAN NAN 3.211E+00 5.040E-03 NAN 1.000E+00 1.699E+01 3.000E+00
NAN NAN NAN 4.062E+00 1.244E-04 NAN 1.000E+00 2.093E+01 3.000E+00
NAN NAN NAN 4.062E+00 1.244E-04 NAN 1.000E+00 2.093E+01 3.000E+00
NAN NAN NAN 4.062E+00 1.245E-04 NAN 1.000E+00 2.093E+01 3.000E+00
NAN NAN NAN 4.062E+00 1.246E-04 NAN 1.000E+00 2.093E+01 3.000E+00
NAN NAN NAN 4.062E+00 1.249E-04 NAN 1.000E+00 2.093E+01 3.000E+00
NAN NAN NAN 4.062E+00 1.253E-04 NAN 1.000E+00 2.093E+01 3.000E+00
NAN NAN NAN 4.062E+00 1.262E-04 NAN 1.000E+00 2.093E+01 3.000E+00
NAN NAN NAN 4.062E+00 1.277E-04 NAN 1.000E+00 2.093E+01 3.000E+00
NAN NAN NAN 4.062E+00 1.306E-04 NAN 1.000E+00 2.093E+01 3.000E+00
NAN NAN NAN 4.062E+00 1.358E-04 NAN 1.000E+00 2.093E+01 3.000E+00
NAN NAN NAN 4.062E+00 1.454E-04 NAN 1.000E+00 2.093E+01 3.000E+00
NAN NAN NAN 4.062E+00 1.629E-04 NAN 1.000E+00 2.093E+01 3.000E+00
NAN NAN NAN 4.062E+00 1.950E-04 NAN 1.000E+00 2.093E+01 3.000E+00
NAN NAN NAN 4.062E+00 2.539E-04 NAN 1.000E+00 2.094E+01 3.000E+00
NAN NAN NAN 4.062E+00 3.619E-04 NAN 1.000E+00 2.095E+01 3.000E+00
NAN NAN NAN 4.062E+00 5.598E-04 NAN 1.000E+00 2.096E+01 3.000E+00
NAN NAN NAN 4.062E+00 9.225E-04 NAN 1.000E+00 2.098E+01 3.000E+00
NAN NAN NAN 4.062E+00 1.587E-03 NAN 1.000E+00 2.102E+01 3.000E+00
NAN NAN NAN 4.062E+00 2.806E-03 NAN 1.000E+00 2.110E+01 3.000E+00
NAN NAN NAN 4.062E+00 5.040E-03 NAN 1.000E+00 2.125E+01 3.000E+00
NAN NAN NAN 5.138E+00 1.244E-04 NAN 1.000E+00 2.632E+01 3.000E+00
NAN NAN NAN 5.138E+00 1.244E-04 NAN 1.000E+00 2.632E+01 3.000E+00
NAN NAN NAN 5.138E+00 1.245E-04 NAN 1.000E+00 2.632E+01 3.000E+00
NAN NAN NAN 5.138E+00 1.246E-04 NAN 1.000E+00 2.632E+01 3.000E+00
NAN NAN NAN 5.138E+00 1.249E-04 NAN 1.000E+00 2.632E+01 3.000E+00
NAN NAN NAN 5.138E+00 1.253E-04 NAN 1.000E+00 2.632E+01 3.000E+00
NAN NAN NAN 5.138E+00 1.262E-04 NAN 1.000E+00 2.632E+01 3.000E+00
NAN NAN NAN 5.138E+00 1.277E-04 NAN 1.000E+00 2.632E+01 3.000E+00
NAN NAN NAN 5.138E+00 1.306E-04 NAN 1.000E+00 2.632E+01 3.000E+00
NAN NAN NAN 5.138E+00 1.358E-04 NAN 1.000E+00 2.632E+01 3.000E+00
NAN NAN NAN 5.138E+00 1.454E-04 NAN 1.000E+00 2.632E+01 3.000E+00
NAN NAN NAN 5.138E+00 1.629E-04 NAN 1.000E+00 2.632E+01 3.000E+00
NAN NAN NAN 5.138E+00 1.950E-04 NAN 1.000E+00 2.632E+01 3.000E+00
NAN NAN NAN 5.138E+00 2.539E-04 NAN 1.000E+00 2.632E+01 3.000E+00
NAN NAN NAN 5.138E+00 3.619E-04 NAN 1.000E+00 2.633E+01 3.000E+00
NAN NAN NAN 5.138E+00 5.598E-04 NAN 1.000E+00 2.634E+01 3.000E+00
NAN NAN NAN 5.138E+00 9.225E-04 NAN 1.000E+00 2.637E+01 3.000E+00
NAN NAN NAN 5.138E+00 1.587E-03 NAN 1.000E+00 2.641E+01 3.000E+00
NAN NAN NAN 5.138E+00 2.806E-03 NAN 1.000E+00 2.649E+01 3.000E+00
NAN NAN NAN 5.138E+00 5.040E-03 NAN 1.000E+00 2.664E+01 3.000E+00
