1.944E+07 7.382E+02 9.964E-01 5.137E-05 7.845E-03 1.367E+03 9.196E-01 2.814E+01 2.000E+00
2.398E+07 7.382E+02 9.964E-01 5.137E-05 7.845E-03 1.367E+03 9.196E-01 2.814E+01 2.000E+00
4.233E+07 7.382E+02 9.964E-01 5.137E-05 7.845E-03 1.367E+03 9.196E-01 2.814E+01 2.000E+00
8.103E+06 6.175E+02 1.059E+00 5.137E-05 7.845E-03 1.515E+03 9.196E-01 2.814E+01 2.000E+00
3.624E+07 6.175E+02 1.059E+00 5.137E-05 7.845E-03 1.468E+03 9.196E-01 2.814E+01 2.000E+00
4.470E+06 9.284E+02 9.157E-01 5.137E-05 7.846E-03 1.269E+03 9.196E-01 2.814E+01 2.000E+00
3.188E+06 5.117E+02 1.125E+00 5.137E-05 7.847E-03 1.611E+03 9.196E-01 2.814E+01 2.000E+00
2.063E+07 5.842E+02 1.079E+00 5.137E-05 7.848E-03 1.505E+03 9.196E-01 2.814E+01 2.000E+00
4.283E+06 9.390E+02 9.117E-01 5.137E-05 7.851E-03 1.265E+03 9.196E-01 2.814E+01 2.000E+00
3.871E+07 9.390E+02 9.117E-01 5.137E-05 7.856E-03 1.265E+03 9.197E-01 2.814E+01 2.000E+00
4.474E+06 6.936E+02 1.019E+00 5.137E-05 7.866E-03 1.400E+03 9.198E-01 2.814E+01 2.000E+00
1.429E+07 5.524E+02 1.098E+00 5.137E-05 7.883E-03 1.545E+03 9.199E-01 2.814E+01 2.000E+00
8.335E+06 7.381E+02 9.966E-01 5.137E-05 7.915E-03 1.367E+03 9.201E-01 2.814E+01 2.000E+00
2.122E+07 7.690E+02 9.821E-01 5.137E-05 7.974E-03 1.347E+03 9.206E-01 2.814E+01 2.000E+00
8.813E+06 9.279E+02 9.160E-01 5.137E-05 8.082E-03 1.270E+03 9.214E-01 2.814E+01 2.000E+00
9.438E+07 6.597E+02 1.037E+00 5.137E-05 8.280E-03 1.427E+03 9.229E-01 2.815E+01 2.000E+00
2.451E+07 9.873E+02 8.948E-01 5.137E-05 8.643E-03 1.249E+03 9.256E-01 2.816E+01 2.000E+00
2.978E+07 6.630E+02 1.036E+00 5.137E-05 9.308E-03 1.424E+03 9.306E-01 2.817E+01 2.000E+00
5.436E+06 4.019E+02 1.210E+00 5.137E-05 1.053E-02 1.838E+03 9.367E-01 2.820E+01 2.000E+00
5.659E+06 2.833E+02 1.320E+00 5.137E-05 1.276E-02 2.440E+03 9.446E-01 2.825E+01 2.000E+00
3.741E+07 7.382E+02 9.964E-01 6.498E-05 7.845E-03 1.367E+03 9.196E-01 2.814E+01 2.000E+00
5.966E+07 7.382E+02 9.964E-01 6.498E-05 7.845E-03 1.371E+03 9.196E-01 2.814E+01 2.000E+00
7.424E+06 6.175E+02 1.059E+00 6.498E-05 7.845E-03 1.468E+03 9.196E-01 2.814E+01 2.000E+00
1.194E+07 6.175E+02 1.059E+00 6.498E-05 7.845E-03 1.468E+03 9.196E-01 2.814E+01 2.000E+00
1.383E+07 7.587E+02 9.868E-01 6.498E-05 7.845E-03 1.353E+03 9.196E-01 2.814E+01 2.000E+00
4.553E+06 9.284E+02 9.157E-01 6.498E-05 7.846E-03 1.280E+03 9.196E-01 2.814E+01 2.000E+00
3.818E+06 5.117E+02 1.125E+00 6.498E-05 7.847E-03 1.606E+03 9.196E-01 2.814E+01 2.000E+00
1.093E+09 5.842E+02 1.079E+00 6.498E-05 7.848E-03 1.505E+03 9.197E-01 2.814E+01 2.000E+00
4.169E+06 4.935E+02 1.137E+00 6.498E-05 7.851E-03 1.775E+03 9.197E-01 2.814E+01 2.000E+00
1.522E+07 8.237E+02 9.577E-01 6.498E-05 7.856E-03 1.316E+03 9.197E-01 2.814E+01 2.000E+00
5.062E+06 6.936E+02 1.019E+00 6.498E-05 7.866E-03 1.400E+03 9.198E-01 2.814E+01 2.000E+00
5.695E+07 5.524E+02 1.098E+00 6.498E-05 7.883E-03 1.545E+03 9.199E-01 2.814E+01 2.000E+00
1.032E+07 7.381E+02 9.966E-01 6.498E-05 7.915E-03 1.367E+03 9.202E-01 2.814E+01 2.000E+00
3.836E+07 7.690E+02 9.821E-01 6.498E-05 7.974E-03 1.347E+03 9.206E-01 2.814E+01 2.000E+00
9.211E+06 9.279E+02 9.160E-01 6.498E-05 8.082E-03 1.270E+03 9.214E-01 2.814E+01 2.000E+00
1.077E+07 6.736E+02 1.029E+00 6.498E-05 8.280E-03 1.415E+03 9.229E-01 2.815E+01 2.000E+00
9.437E+06 8.460E+02 9.490E-01 6.498E-05 8.643E-03 1.306E+03 9.256E-01 2.816E+01 2.000E+00
1.067E+07 6.856E+02 1.024E+00 6.498E-05 9.308E-03 1.406E+03 9.306E-01 2.817E+01 2.000E+00
9.219E+06 4.019E+02 1.210E+00 6.498E-05 1.053E-02 1.838E+03 9.367E-01 2.820E+01 2.000E+00
1.195E+07 2.833E+02 1.320E+00 6.498E-05 1.276E-02 2.402E+03 9.447E-01 2.825E+01 2.000E+00
7.822E+06 6.175E+02 1.059E+00 8.219E-05 7.845E-03 1.468E+03 9.197E-01 2.814E+01 2.000E+00
8.864E+06 6.175E+02 1.059E+00 8.219E-05 7.845E-03 1.469E+03 9.197E-01 2.814E+01 2.000E+00
1.179E+07 6.175E+02 1.059E+00 8.219E-05 7.845E-03 1.468E+03 9.197E-01 2.814E+01 2.000E+00
3.143E+07 6.175E+02 1.059E+00 8.219E-05 7.845E-03 1.468E+03 9.197E-01 2.814E+01 2.000E+00
2.233E+07 7.587E+02 9.868E-01 8.219E-05 7.845E-03 1.354E+03 9.197E-01 2.814E+01 2.000E+00
4.664E+06 9.284E+02 9.157E-01 8.219E-05 7.846E-03 1.269E+03 9.197E-01 2.814E+01 2.000E+00
5.152E+06 5.117E+02 1.125E+00 8.219E-05 7.847E-03 1.690E+03 9.197E-01 2.814E+01 2.000E+00
8.803E+06 3.382E+02 1.255E+00 8.219E-05 7.848E-03 2.121E+03 9.197E-01 2.814E+01 2.000E+00
5.994E+06 4.935E+02 1.137E+00 8.219E-05 7.851E-03 1.638E+03 9.197E-01 2.814E+01 2.000E+00
6.587E+07 9.390E+02 9.117E-01 8.219E-05 7.856E-03 1.266E+03 9.198E-01 2.814E+01 2.000E+00
3.048E+06 2.319E+02 1.346E+00 8.219E-05 7.866E-03 3.421E+03 9.198E-01 2.814E+01 2.000E+00
7.975E+06 2.841E+02 1.302E+00 8.219E-05 7.883E-03 2.523E+03 9.200E-01 2.814E+01 2.000E+00
1.492E+07 7.381E+02 9.966E-01 8.219E-05 7.915E-03 1.399E+03 9.202E-01 2.814E+01 2.000E+00
6.533E+07 9.465E+02 9.090E-01 8.219E-05 7.974E-03 1.262E+03 9.206E-01 2.814E+01 2.000E+00
9.775E+06 9.279E+02 9.160E-01 8.219E-05 8.082E-03 1.270E+03 9.215E-01 2.814E+01 2.000E+00
1.919E+07 6.736E+02 1.029E+00 8.219E-05 8.280E-03 1.416E+03 9.229E-01 2.815E+01 2.000E+00
1.105E+07 6.247E+02 1.056E+00 8.219E-05 8.643E-03 1.460E+03 9.257E-01 2.816E+01 2.000E+00
1.805E+07 6.856E+02 1.024E+00 8.219E-05 9.308E-03 1.406E+03 9.306E-01 2.817E+01 2.000E+00
1.068E+08 4.019E+02 1.210E+00 8.219E-05 1.053E-02 1.838E+03 9.368E-01 2.820E+01 2.000E+00
1.038E+07 8.532E+02 9.497E-01 8.219E-05 1.276E-02 1.368E+03 9.447E-01 2.825E+01 2.000E+00
1.561E+07 6.175E+02 1.059E+00 1.040E-04 7.845E-03 1.468E+03 9.197E-01 2.814E+01 2.000E+00
2.073E+07 6.175E+02 1.059E+00 1.040E-04 7.845E-03 1.470E+03 9.197E-01 2.814E+01 2.000E+00
5.321E+07 6.175E+02 1.059E+00 1.040E-04 7.845E-03 1.468E+03 9.197E-01 2.814E+01 2.000E+00
1.575E+07 7.587E+02 9.868E-01 1.040E-04 7.845E-03 1.354E+03 9.197E-01 2.814E+01 2.000E+00
1.139E+08 7.587E+02 9.868E-01 1.040E-04 7.845E-03 1.353E+03 9.197E-01 2.814E+01 2.000E+00
4.814E+06 9.284E+02 9.157E-01 1.040E-04 7.846E-03 1.269E+03 9.197E-01 2.814E+01 2.000E+00
9.605E+06 5.117E+02 1.125E+00 1.040E-04 7.847E-03 1.606E+03 9.197E-01 2.814E+01 2.000E+00
7.746E+06 3.347E+02 1.258E+00 1.040E-04 7.848E-03 2.140E+03 9.198E-01 2.814E+01 2.000E+00
1.432E+07 4.935E+02 1.137E+00 1.040E-04 7.851E-03 1.638E+03 9.198E-01 2.814E+01 2.000E+00
1.323E+08 9.390E+02 9.117E-01 1.040E-04 7.856E-03 1.265E+03 9.198E-01 2.814E+01 2.000E+00
4.577E+06 2.319E+02 1.346E+00 1.040E-04 7.866E-03 3.421E+03 9.199E-01 2.814E+01 2.000E+00
1.126E+07 2.892E+02 1.297E+00 1.040E-04 7.883E-03 2.472E+03 9.200E-01 2.814E+01 2.000E+00
3.594E+07 7.381E+02 9.966E-01 1.040E-04 7.915E-03 1.367E+03 9.203E-01 2.814E+01 2.000E+00
1.152E+08 9.465E+02 9.090E-01 1.040E-04 7.974E-03 1.262E+03 9.207E-01 2.814E+01 2.000E+00
1.060E+07 9.279E+02 9.160E-01 1.040E-04 8.082E-03 1.270E+03 9.215E-01 2.814E+01 2.000E+00
4.236E+06 5.213E+02 1.119E+00 1.040E-04 8.280E-03 1.592E+03 9.230E-01 2.815E+01 2.000E+00
3.708E+07 6.247E+02 1.056E+00 1.040E-04 8.643E-03 1.460E+03 9.257E-01 2.816E+01 2.000E+00
1.992E+08 6.856E+02 1.024E+00 1.040E-04 9.308E-03 1.406E+03 9.307E-01 2.817E+01 2.000E+00
1.423E+07 5.554E+02 1.101E+00 1.040E-04 1.053E-02 1.536E+03 9.368E-01 2.820E+01 2.000E+00
1.369E+07 4.130E+02 1.207E+00 1.040E-04 1.276E-02 1.791E+03 9.447E-01 2.825E+01 2.000E+00
1.368E+07 7.587E+02 9.868E-01 1.315E-04 7.845E-03 1.354E+03 9.198E-01 2.814E+01 2.000E+00
1.550E+07 7.587E+02 9.868E-01 1.315E-04 7.845E-03 1.406E+03 9.198E-01 2.814E+01 2.000E+00
2.059E+07 7.587E+02 9.868E-01 1.315E-04 7.845E-03 1.353E+03 9.198E-01 2.814E+01 2.000E+00
5.370E+07 7.587E+02 9.868E-01 1.315E-04 7.845E-03 1.353E+03 9.198E-01 2.814E+01 2.000E+00
4.574E+06 9.284E+02 9.157E-01 1.315E-04 7.845E-03 1.269E+03 9.198E-01 2.814E+01 2.000E+00
5.020E+06 9.284E+02 9.157E-01 1.315E-04 7.846E-03 1.270E+03 9.198E-01 2.814E+01 2.000E+00
9.484E+06 5.148E+02 1.122E+00 1.315E-04 7.847E-03 1.601E+03 9.198E-01 2.814E+01 2.000E+00
1.143E+07 9.284E+02 9.157E-01 1.315E-04 7.848E-03 1.269E+03 9.198E-01 2.814E+01 2.000E+00
4.686E+06 9.390E+02 9.117E-01 1.315E-04 7.851E-03 1.265E+03 9.198E-01 2.814E+01 2.000E+00
1.350E+07 9.327E+02 9.140E-01 1.315E-04 7.856E-03 1.267E+03 9.199E-01 2.814E+01 2.000E+00
1.370E+07 2.319E+02 1.346E+00 1.315E-04 7.866E-03 3.421E+03 9.200E-01 2.814E+01 2.000E+00
1.243E+07 8.588E+02 9.430E-01 1.315E-04 7.883E-03 1.299E+03 9.201E-01 2.814E+01 2.000E+00
5.340E+06 8.351E+02 9.529E-01 1.315E-04 7.915E-03 1.310E+03 9.203E-01 2.814E+01 2.000E+00
4.777E+09 9.465E+02 9.090E-01 1.315E-04 7.974E-03 1.262E+03 9.208E-01 2.814E+01 2.000E+00
1.190E+07 9.279E+02 9.160E-01 1.315E-04 8.082E-03 1.272E+03 9.216E-01 2.814E+01 2.000E+00
1.907E+07 6.575E+02 1.038E+00 1.315E-04 8.280E-03 1.430E+03 9.231E-01 2.815E+01 2.000E+00
2.150E+07 8.460E+02 9.490E-01 1.315E-04 8.643E-03 1.306E+03 9.258E-01 2.816E+01 2.000E+00
4.544E+06 6.683E+02 1.033E+00 1.315E-04 9.308E-03 1.420E+03 9.308E-01 2.817E+01 2.000E+00
2.432E+06 2.705E+02 1.324E+00 1.315E-04 1.053E-02 2.588E+03 9.368E-01 2.820E+01 2.000E+00
3.149E+07 4.107E+02 1.208E+00 1.315E-04 1.276E-02 1.797E+03 9.448E-01 2.825E+01 2.000E+00
6.038E+07 7.587E+02 9.868E-01 1.663E-04 7.845E-03 1.356E+03 9.199E-01 2.814E+01 2.000E+00
1.342E+08 7.587E+02 9.868E-01 1.663E-04 7.845E-03 1.354E+03 9.199E-01 2.814E+01 2.000E+00
4.461E+06 9.284E+02 9.157E-01 1.663E-04 7.845E-03 1.269E+03 9.199E-01 2.814E+01 2.000E+00
4.577E+06 9.284E+02 9.157E-01 1.663E-04 7.845E-03 1.269E+03 9.199E-01 2.814E+01 2.000E+00
4.808E+06 9.284E+02 9.157E-01 1.663E-04 7.845E-03 1.270E+03 9.199E-01 2.814E+01 2.000E+00
3.675E+06 5.117E+02 1.125E+00 1.663E-04 7.846E-03 1.617E+03 9.199E-01 2.814E+01 2.000E+00
2.181E+07 5.771E+02 1.083E+00 1.663E-04 7.847E-03 1.518E+03 9.199E-01 2.814E+01 2.000E+00
1.343E+07 9.284E+02 9.157E-01 1.663E-04 7.848E-03 1.270E+03 9.199E-01 2.814E+01 2.000E+00
4.892E+06 9.390E+02 9.117E-01 1.663E-04 7.851E-03 1.266E+03 9.199E-01 2.814E+01 2.000E+00
1.624E+07 9.327E+02 9.140E-01 1.663E-04 7.856E-03 1.267E+03 9.200E-01 2.814E+01 2.000E+00
1.294E+07 6.799E+02 1.026E+00 1.663E-04 7.866E-03 1.410E+03 9.200E-01 2.814E+01 2.000E+00
2.492E+07 4.435E+02 1.172E+00 1.663E-04 7.883E-03 1.742E+03 9.202E-01 2.814E+01 2.000E+00
1.551E+07 5.920E+02 1.074E+00 1.663E-04 7.915E-03 1.496E+03 9.204E-01 2.814E+01 2.000E+00
1.164E+07 4.788E+02 1.147E+00 1.663E-04 7.974E-03 1.665E+03 9.209E-01 2.814E+01 2.000E+00
1.412E+07 9.279E+02 9.160E-01 1.663E-04 8.082E-03 1.270E+03 9.217E-01 2.814E+01 2.000E+00
1.341E+07 2.943E+02 1.294E+00 1.663E-04 8.280E-03 2.415E+03 9.231E-01 2.815E+01 2.000E+00
7.390E+07 8.460E+02 9.490E-01 1.663E-04 8.643E-03 1.306E+03 9.259E-01 2.816E+01 2.000E+00
6.933E+06 6.683E+02 1.033E+00 1.663E-04 9.308E-03 1.420E+03 9.309E-01 2.817E+01 2.000E+00
3.615E+06 2.610E+02 1.332E+00 1.663E-04 1.053E-02 2.703E+03 9.369E-01 2.820E+01 2.000E+00
3.847E+07 8.532E+02 9.497E-01 1.663E-04 1.276E-02 1.307E+03 9.449E-01 2.825E+01 2.000E+00
4.637E+06 9.284E+02 9.157E-01 2.104E-04 7.845E-03 1.271E+03 9.200E-01 2.814E+01 2.000E+00
4.674E+06 9.284E+02 9.157E-01 2.104E-04 7.845E-03 1.270E+03 9.200E-01 2.814E+01 2.000E+00
4.743E+06 9.284E+02 9.157E-01 2.104E-04 7.845E-03 1.269E+03 9.200E-01 2.814E+01 2.000E+00
4.877E+06 9.284E+02 9.157E-01 2.104E-04 7.845E-03 1.269E+03 9.200E-01 2.814E+01 2.000E+00
3.125E+06 5.117E+02 1.125E+00 2.104E-04 7.845E-03 1.607E+03 9.200E-01 2.814E+01 2.000E+00
1.067E+07 5.117E+02 1.125E+00 2.104E-04 7.846E-03 1.606E+03 9.200E-01 2.814E+01 2.000E+00
5.869E+06 5.842E+02 1.079E+00 2.104E-04 7.847E-03 1.506E+03 9.200E-01 2.814E+01 2.000E+00
1.738E+07 9.284E+02 9.157E-01 2.104E-04 7.848E-03 1.269E+03 9.200E-01 2.814E+01 2.000E+00
5.184E+06 9.390E+02 9.117E-01 2.104E-04 7.851E-03 1.265E+03 9.200E-01 2.814E+01 2.000E+00
2.199E+07 9.327E+02 9.140E-01 2.104E-04 7.856E-03 1.267E+03 9.201E-01 2.814E+01 2.000E+00
2.302E+07 7.111E+02 1.010E+00 2.104E-04 7.866E-03 1.394E+03 9.202E-01 2.814E+01 2.000E+00
7.122E+07 8.588E+02 9.430E-01 2.104E-04 7.883E-03 1.304E+03 9.203E-01 2.814E+01 2.000E+00
8.514E+06 8.351E+02 9.529E-01 2.104E-04 7.915E-03 1.310E+03 9.205E-01 2.814E+01 2.000E+00
7.222E+06 7.482E+02 9.918E-01 2.104E-04 7.974E-03 1.360E+03 9.210E-01 2.814E+01 2.000E+00
1.684E+07 6.145E+02 1.062E+00 2.104E-04 8.082E-03 1.471E+03 9.218E-01 2.814E+01 2.000E+00
6.946E+09 6.608E+02 1.036E+00 2.104E-04 8.280E-03 1.426E+03 9.233E-01 2.815E+01 2.000E+00
3.308E+07 9.873E+02 8.948E-01 2.104E-04 8.643E-03 1.249E+03 9.260E-01 2.816E+01 2.000E+00
2.486E+07 6.683E+02 1.033E+00 2.104E-04 9.308E-03 1.420E+03 9.310E-01 2.817E+01 2.000E+00
4.364E+06 2.682E+02 1.326E+00 2.104E-04 1.053E-02 2.677E+03 9.370E-01 2.820E+01 2.000E+00
6.004E+07 8.521E+02 9.502E-01 2.104E-04 1.276E-02 1.307E+03 9.449E-01 2.825E+01 2.000E+00
2.912E+06 5.117E+02 1.125E+00 2.661E-04 7.845E-03 1.606E+03 9.201E-01 2.814E+01 2.000E+00
3.078E+06 5.117E+02 1.125E+00 2.661E-04 7.845E-03 1.607E+03 9.201E-01 2.814E+01 2.000E+00
3.444E+06 5.117E+02 1.125E+00 2.661E-04 7.845E-03 1.606E+03 9.201E-01 2.814E+01 2.000E+00
4.445E+06 5.117E+02 1.125E+00 2.661E-04 7.845E-03 1.625E+03 9.201E-01 2.814E+01 2.000E+00
1.020E+07 5.117E+02 1.125E+00 2.661E-04 7.845E-03 1.606E+03 9.201E-01 2.814E+01 2.000E+00
1.427E+07 5.771E+02 1.083E+00 2.661E-04 7.846E-03 1.525E+03 9.201E-01 2.814E+01 2.000E+00
3.070E+07 3.382E+02 1.255E+00 2.661E-04 7.847E-03 2.121E+03 9.201E-01 2.814E+01 2.000E+00
2.815E+07 9.284E+02 9.157E-01 2.661E-04 7.848E-03 1.270E+03 9.202E-01 2.814E+01 2.000E+00
5.331E+06 4.518E+02 1.166E+00 2.661E-04 7.851E-03 1.723E+03 9.202E-01 2.814E+01 2.000E+00
4.074E+07 9.327E+02 9.140E-01 2.661E-04 7.856E-03 1.267E+03 9.202E-01 2.814E+01 2.000E+00
2.535E+07 3.786E+02 1.222E+00 2.661E-04 7.866E-03 1.938E+03 9.203E-01 2.814E+01 2.000E+00
6.724E+06 8.467E+02 9.480E-01 2.661E-04 7.883E-03 1.305E+03 9.204E-01 2.814E+01 2.000E+00
1.560E+07 8.351E+02 9.529E-01 2.661E-04 7.915E-03 1.311E+03 9.207E-01 2.814E+01 2.000E+00
2.099E+07 7.482E+02 9.918E-01 2.661E-04 7.974E-03 1.360E+03 9.211E-01 2.814E+01 2.000E+00
3.179E+07 9.279E+02 9.160E-01 2.661E-04 8.082E-03 1.270E+03 9.219E-01 2.814E+01 2.000E+00
3.461E+07 5.236E+02 1.117E+00 2.661E-04 8.280E-03 1.593E+03 9.234E-01 2.815E+01 2.000E+00
3.775E+07 9.873E+02 8.948E-01 2.661E-04 8.643E-03 1.327E+03 9.261E-01 2.816E+01 2.000E+00
7.561E+07 3.855E+02 1.220E+00 2.661E-04 9.308E-03 1.900E+03 9.311E-01 2.817E+01 2.000E+00
3.553E+06 3.537E+02 1.250E+00 2.661E-04 1.053E-02 2.012E+03 9.371E-01 2.820E+01 2.000E+00
4.249E+07 2.942E+02 1.310E+00 2.661E-04 1.276E-02 2.315E+03 9.450E-01 2.825E+01 2.000E+00
1.617E+07 5.117E+02 1.125E+00 3.366E-04 7.845E-03 1.606E+03 9.203E-01 2.814E+01 2.000E+00
2.512E+07 5.117E+02 1.125E+00 3.366E-04 7.845E-03 1.621E+03 9.203E-01 2.814E+01 2.000E+00
8.554E+06 5.148E+02 1.122E+00 3.366E-04 7.845E-03 1.601E+03 9.203E-01 2.814E+01 2.000E+00
2.047E+07 5.148E+02 1.122E+00 3.366E-04 7.845E-03 1.601E+03 9.203E-01 2.814E+01 2.000E+00
3.730E+07 5.771E+02 1.083E+00 3.366E-04 7.845E-03 1.513E+03 9.203E-01 2.814E+01 2.000E+00
9.223E+06 5.842E+02 1.079E+00 3.366E-04 7.846E-03 1.506E+03 9.203E-01 2.814E+01 2.000E+00
1.109E+07 9.284E+02 9.157E-01 3.366E-04 7.847E-03 1.269E+03 9.203E-01 2.814E+01 2.000E+00
1.506E+08 9.284E+02 9.157E-01 3.366E-04 7.848E-03 1.269E+03 9.203E-01 2.814E+01 2.000E+00
6.314E+06 9.390E+02 9.117E-01 3.366E-04 7.851E-03 1.265E+03 9.204E-01 2.814E+01 2.000E+00
9.235E+06 2.836E+02 1.302E+00 3.366E-04 7.856E-03 2.529E+03 9.204E-01 2.814E+01 2.000E+00
8.660E+06 3.904E+02 1.213E+00 3.366E-04 7.866E-03 1.895E+03 9.205E-01 2.814E+01 2.000E+00
1.675E+07 7.281E+02 1.001E+00 3.366E-04 7.883E-03 1.375E+03 9.206E-01 2.814E+01 2.000E+00
8.216E+06 6.592E+02 1.037E+00 3.366E-04 7.915E-03 1.429E+03 9.208E-01 2.814E+01 2.000E+00
6.450E+07 9.354E+02 9.131E-01 3.366E-04 7.974E-03 1.267E+03 9.213E-01 2.814E+01 2.000E+00
4.484E+08 9.279E+02 9.160E-01 3.366E-04 8.082E-03 1.270E+03 9.221E-01 2.814E+01 2.000E+00
6.361E+06 7.851E+02 9.751E-01 3.366E-04 8.280E-03 1.338E+03 9.236E-01 2.815E+01 2.000E+00
4.604E+07 9.873E+02 8.948E-01 3.366E-04 8.643E-03 1.249E+03 9.263E-01 2.816E+01 2.000E+00
1.387E+07 5.269E+02 1.117E+00 3.366E-04 9.308E-03 1.579E+03 9.313E-01 2.817E+01 2.000E+00
4.013E+06 8.110E+02 9.658E-01 3.366E-04 1.053E-02 1.326E+03 9.372E-01 2.820E+01 2.000E+00
1.584E+07 8.543E+02 9.493E-01 3.366E-04 1.276E-02 1.307E+03 9.452E-01 2.825E+01 2.000E+00
4.689E+06 5.842E+02 1.079E+00 4.257E-04 7.845E-03 1.505E+03 9.205E-01 2.814E+01 2.000E+00
5.066E+06 5.842E+02 1.079E+00 4.257E-04 7.845E-03 1.505E+03 9.205E-01 2.814E+01 2.000E+00
5.959E+06 5.842E+02 1.079E+00 4.257E-04 7.845E-03 1.509E+03 9.205E-01 2.814E+01 2.000E+00
8.940E+06 5.842E+02 1.079E+00 4.257E-04 7.845E-03 1.505E+03 9.205E-01 2.814E+01 2.000E+00
3.210E+08 5.842E+02 1.079E+00 4.257E-04 7.845E-03 1.513E+03 9.205E-01 2.814E+01 2.000E+00
1.000E+07 9.284E+02 9.157E-01 4.257E-04 7.846E-03 1.269E+03 9.205E-01 2.814E+01 2.000E+00
1.775E+07 9.284E+02 9.157E-01 4.257E-04 7.847E-03 1.269E+03 9.205E-01 2.814E+01 2.000E+00
5.563E+06 4.935E+02 1.137E+00 4.257E-04 7.848E-03 1.638E+03 9.206E-01 2.814E+01 2.000E+00
7.511E+06 9.390E+02 9.117E-01 4.257E-04 7.851E-03 1.266E+03 9.206E-01 2.814E+01 2.000E+00
1.280E+07 4.860E+02 1.142E+00 4.257E-04 7.856E-03 1.652E+03 9.206E-01 2.814E+01 2.000E+00
1.317E+07 3.639E+02 1.234E+00 4.257E-04 7.866E-03 1.999E+03 9.207E-01 2.814E+01 2.000E+00
1.519E+08 8.467E+02 9.480E-01 4.257E-04 7.883E-03 1.305E+03 9.208E-01 2.814E+01 2.000E+00
2.805E+07 3.579E+02 1.239E+00 4.257E-04 7.915E-03 2.023E+03 9.211E-01 2.814E+01 2.000E+00
2.659E+07 9.461E+02 9.092E-01 4.257E-04 7.974E-03 1.263E+03 9.215E-01 2.814E+01 2.000E+00
9.965E+07 9.326E+02 9.143E-01 4.257E-04 8.082E-03 1.268E+03 9.223E-01 2.814E+01 2.000E+00
6.440E+06 2.437E+02 1.338E+00 4.257E-04 8.280E-03 3.097E+03 9.238E-01 2.815E+01 2.000E+00
6.395E+07 9.873E+02 8.948E-01 4.257E-04 8.643E-03 1.250E+03 9.265E-01 2.816E+01 2.000E+00
4.026E+06 4.039E+02 1.206E+00 4.257E-04 9.308E-03 1.861E+03 9.315E-01 2.817E+01 2.000E+00
6.131E+06 8.110E+02 9.658E-01 4.257E-04 1.053E-02 1.327E+03 9.374E-01 2.820E+01 2.000E+00
1.311E+07 7.377E+02 1.002E+00 4.257E-04 1.276E-02 1.369E+03 9.453E-01 2.825E+01 2.000E+00
9.340E+06 9.284E+02 9.157E-01 5.385E-04 7.845E-03 1.270E+03 9.208E-01 2.814E+01 2.000E+00
9.519E+06 9.284E+02 9.157E-01 5.385E-04 7.845E-03 1.282E+03 9.208E-01 2.814E+01 2.000E+00
9.869E+06 9.284E+02 9.157E-01 5.385E-04 7.845E-03 1.269E+03 9.208E-01 2.814E+01 2.000E+00
1.059E+07 9.284E+02 9.157E-01 5.385E-04 7.845E-03 1.269E+03 9.208E-01 2.814E+01 2.000E+00
1.225E+07 9.284E+02 9.157E-01 5.385E-04 7.845E-03 1.269E+03 9.208E-01 2.814E+01 2.000E+00
1.738E+07 9.284E+02 9.157E-01 5.385E-04 7.846E-03 1.269E+03 9.208E-01 2.814E+01 2.000E+00
9.119E+07 9.284E+02 9.157E-01 5.385E-04 7.847E-03 1.269E+03 9.208E-01 2.814E+01 2.000E+00
4.789E+06 9.390E+02 9.117E-01 5.385E-04 7.848E-03 1.265E+03 9.208E-01 2.814E+01 2.000E+00
6.720E+06 5.075E+02 1.127E+00 5.385E-04 7.851E-03 1.614E+03 9.209E-01 2.814E+01 2.000E+00
5.215E+06 6.893E+02 1.021E+00 5.385E-04 7.856E-03 1.403E+03 9.209E-01 2.814E+01 2.000E+00
4.831E+06 7.020E+02 1.014E+00 5.385E-04 7.866E-03 1.393E+03 9.210E-01 2.814E+01 2.000E+00
3.862E+07 6.064E+02 1.066E+00 5.385E-04 7.883E-03 1.480E+03 9.211E-01 2.814E+01 2.000E+00
1.648E+08 9.106E+02 9.225E-01 5.385E-04 7.915E-03 1.277E+03 9.213E-01 2.814E+01 2.000E+00
2.460E+07 5.369E+02 1.108E+00 5.385E-04 7.974E-03 1.567E+03 9.218E-01 2.814E+01 2.000E+00
6.362E+06 8.901E+02 9.306E-01 5.385E-04 8.082E-03 1.286E+03 9.226E-01 2.814E+01 2.000E+00
2.613E+06 4.058E+02 1.202E+00 5.385E-04 8.280E-03 1.842E+03 9.241E-01 2.815E+01 2.000E+00
1.273E+08 9.873E+02 8.948E-01 5.385E-04 8.643E-03 1.251E+03 9.268E-01 2.816E+01 2.000E+00
1.136E+07 6.759E+02 1.029E+00 5.385E-04 9.308E-03 1.416E+03 9.318E-01 2.817E+01 2.000E+00
7.888E+07 5.679E+02 1.093E+00 5.385E-04 1.053E-02 1.521E+03 9.376E-01 2.820E+01 2.000E+00
6.532E+06 5.059E+02 1.137E+00 5.385E-04 1.276E-02 1.635E+03 9.455E-01 2.825E+01 2.000E+00
1.869E+07 9.284E+02 9.157E-01 6.811E-04 7.845E-03 1.269E+03 9.212E-01 2.814E+01 2.000E+00
1.949E+07 9.284E+02 9.157E-01 6.811E-04 7.845E-03 1.269E+03 9.212E-01 2.814E+01 2.000E+00
2.115E+07 9.284E+02 9.157E-01 6.811E-04 7.845E-03 1.269E+03 9.212E-01 2.814E+01 2.000E+00
2.512E+07 9.284E+02 9.157E-01 6.811E-04 7.845E-03 1.274E+03 9.212E-01 2.814E+01 2.000E+00
3.857E+07 9.284E+02 9.157E-01 6.811E-04 7.845E-03 1.270E+03 9.212E-01 2.814E+01 2.000E+00
3.925E+06 9.390E+02 9.117E-01 6.811E-04 7.846E-03 1.284E+03 9.212E-01 2.814E+01 2.000E+00
4.414E+06 9.390E+02 9.117E-01 6.811E-04 7.847E-03 1.265E+03 9.212E-01 2.814E+01 2.000E+00
5.846E+06 9.390E+02 9.117E-01 6.811E-04 7.848E-03 1.265E+03 9.212E-01 2.814E+01 2.000E+00
9.291E+06 4.585E+02 1.161E+00 6.811E-04 7.851E-03 1.708E+03 9.212E-01 2.814E+01 2.000E+00
6.217E+06 3.175E+02 1.273E+00 6.811E-04 7.856E-03 2.247E+03 9.213E-01 2.814E+01 2.000E+00
4.716E+07 5.394E+02 1.107E+00 6.811E-04 7.866E-03 1.564E+03 9.213E-01 2.814E+01 2.000E+00
9.263E+07 5.923E+02 1.074E+00 6.811E-04 7.883E-03 1.496E+03 9.215E-01 2.814E+01 2.000E+00
2.412E+07 7.662E+02 9.833E-01 6.811E-04 7.915E-03 1.349E+03 9.217E-01 2.814E+01 2.000E+00
2.845E+07 9.513E+02 9.072E-01 6.811E-04 7.974E-03 1.261E+03 9.221E-01 2.814E+01 2.000E+00
1.323E+07 8.901E+02 9.306E-01 6.811E-04 8.082E-03 1.301E+03 9.229E-01 2.814E+01 2.000E+00
6.374E+06 2.256E+02 1.353E+00 6.811E-04 8.280E-03 3.583E+03 9.244E-01 2.815E+01 2.000E+00
5.039E+07 9.723E+02 9.001E-01 6.811E-04 8.643E-03 1.255E+03 9.272E-01 2.816E+01 2.000E+00
5.634E+07 7.796E+02 9.786E-01 6.811E-04 9.308E-03 1.343E+03 9.321E-01 2.817E+01 2.000E+00
7.462E+06 5.573E+02 1.100E+00 6.811E-04 1.053E-02 1.545E+03 9.378E-01 2.820E+01 2.000E+00
2.253E+07 2.562E+02 1.346E+00 6.811E-04 1.276E-02 2.681E+03 9.458E-01 2.825E+01 2.000E+00
9.187E+07 2.147E+02 1.359E+00 8.615E-04 7.845E-03 4.118E+03 9.216E-01 2.814E+01 2.000E+00
2.370E+07 4.935E+02 1.137E+00 8.615E-04 7.845E-03 1.640E+03 9.216E-01 2.814E+01 2.000E+00
1.864E+07 5.003E+02 1.132E+00 8.615E-04 7.845E-03 1.626E+03 9.216E-01 2.814E+01 2.000E+00
4.258E+06 9.390E+02 9.117E-01 8.615E-04 7.845E-03 1.265E+03 9.216E-01 2.814E+01 2.000E+00
4.418E+06 9.390E+02 9.117E-01 8.615E-04 7.845E-03 1.265E+03 9.216E-01 2.814E+01 2.000E+00
4.754E+06 9.390E+02 9.117E-01 8.615E-04 7.846E-03 1.265E+03 9.216E-01 2.814E+01 2.000E+00
5.561E+06 9.390E+02 9.117E-01 8.615E-04 7.847E-03 1.265E+03 9.216E-01 2.814E+01 2.000E+00
8.358E+06 9.390E+02 9.117E-01 8.615E-04 7.848E-03 1.265E+03 9.216E-01 2.814E+01 2.000E+00
1.466E+07 9.327E+02 9.140E-01 8.615E-04 7.851E-03 1.268E+03 9.217E-01 2.814E+01 2.000E+00
8.811E+06 9.245E+02 9.171E-01 8.615E-04 7.856E-03 1.271E+03 9.217E-01 2.814E+01 2.000E+00
6.855E+06 6.141E+02 1.061E+00 8.615E-04 7.866E-03 1.477E+03 9.218E-01 2.814E+01 2.000E+00
5.060E+06 6.435E+02 1.045E+00 8.615E-04 7.883E-03 1.443E+03 9.219E-01 2.814E+01 2.000E+00
2.500E+07 4.789E+02 1.147E+00 8.615E-04 7.915E-03 1.665E+03 9.221E-01 2.814E+01 2.000E+00
1.932E+07 9.457E+02 9.093E-01 8.615E-04 7.974E-03 1.264E+03 9.226E-01 2.814E+01 2.000E+00
3.734E+07 8.823E+02 9.337E-01 8.615E-04 8.082E-03 1.289E+03 9.234E-01 2.814E+01 2.000E+00
8.068E+06 7.336E+02 9.991E-01 8.615E-04 8.280E-03 1.371E+03 9.249E-01 2.815E+01 2.000E+00
2.031E+07 2.714E+02 1.315E+00 8.615E-04 8.643E-03 2.640E+03 9.276E-01 2.816E+01 2.000E+00
1.880E+08 9.234E+02 9.187E-01 8.615E-04 9.308E-03 1.275E+03 9.326E-01 2.817E+01 2.000E+00
6.404E+06 8.432E+02 9.519E-01 8.615E-04 1.053E-02 1.310E+03 9.381E-01 2.820E+01 2.000E+00
8.101E+06 7.895E+02 9.776E-01 8.615E-04 1.276E-02 1.339E+03 9.461E-01 2.825E+01 2.000E+00
1.877E+07 2.020E+02 1.368E+00 1.090E-03 7.845E-03 4.985E+03 9.222E-01 2.814E+01 2.000E+00
4.059E+06 2.157E+02 1.358E+00 1.090E-03 7.845E-03 4.065E+03 9.222E-01 2.814E+01 2.000E+00
5.523E+06 9.390E+02 9.117E-01 1.090E-03 7.845E-03 1.266E+03 9.222E-01 2.814E+01 2.000E+00
5.683E+06 9.390E+02 9.117E-01 1.090E-03 7.845E-03 1.266E+03 9.222E-01 2.814E+01 2.000E+00
6.005E+06 9.390E+02 9.117E-01 1.090E-03 7.845E-03 1.266E+03 9.222E-01 2.814E+01 2.000E+00
6.137E+06 5.296E+02 1.113E+00 1.090E-03 7.846E-03 1.578E+03 9.222E-01 2.814E+01 2.000E+00
1.034E+07 5.075E+02 1.127E+00 1.090E-03 7.847E-03 1.614E+03 9.222E-01 2.814E+01 2.000E+00
2.083E+07 9.390E+02 9.117E-01 1.090E-03 7.848E-03 1.266E+03 9.222E-01 2.814E+01 2.000E+00
1.837E+07 9.160E+02 9.204E-01 1.090E-03 7.851E-03 1.275E+03 9.222E-01 2.814E+01 2.000E+00
4.757E+07 9.245E+02 9.171E-01 1.090E-03 7.856E-03 1.271E+03 9.223E-01 2.814E+01 2.000E+00
7.861E+06 2.723E+02 1.312E+00 1.090E-03 7.866E-03 2.657E+03 9.224E-01 2.814E+01 2.000E+00
3.364E+07 6.281E+02 1.054E+00 1.090E-03 7.883E-03 1.458E+03 9.225E-01 2.814E+01 2.000E+00
8.605E+07 8.839E+02 9.329E-01 1.090E-03 7.915E-03 1.288E+03 9.227E-01 2.814E+01 2.000E+00
3.165E+07 3.784E+02 1.223E+00 1.090E-03 7.974E-03 1.938E+03 9.232E-01 2.814E+01 2.000E+00
2.935E+07 5.769E+02 1.084E+00 1.090E-03 8.082E-03 1.564E+03 9.240E-01 2.814E+01 2.000E+00
4.120E+06 5.991E+02 1.071E+00 1.090E-03 8.280E-03 1.488E+03 9.255E-01 2.815E+01 2.000E+00
4.264E+07 4.974E+02 1.136E+00 1.090E-03 8.643E-03 1.629E+03 9.282E-01 2.816E+01 2.000E+00
1.263E+07 9.289E+02 9.166E-01 1.090E-03 9.308E-03 1.273E+03 9.332E-01 2.817E+01 2.000E+00
1.060E+07 5.713E+02 1.091E+00 1.090E-03 1.053E-02 1.517E+03 9.386E-01 2.820E+01 2.000E+00
4.137E+07 6.674E+02 1.038E+00 1.090E-03 1.276E-02 1.419E+03 9.465E-01 2.825E+01 2.000E+00
9.718E+06 9.390E+02 9.117E-01 1.378E-03 7.845E-03 1.266E+03 9.229E-01 2.814E+01 2.000E+00
9.883E+06 9.390E+02 9.117E-01 1.378E-03 7.845E-03 1.266E+03 9.229E-01 2.814E+01 2.000E+00
1.020E+07 9.390E+02 9.117E-01 1.378E-03 7.845E-03 1.266E+03 9.229E-01 2.814E+01 2.000E+00
1.084E+07 9.390E+02 9.117E-01 1.378E-03 7.845E-03 1.266E+03 9.229E-01 2.814E+01 2.000E+00
2.775E+07 4.585E+02 1.161E+00 1.378E-03 7.845E-03 1.708E+03 9.229E-01 2.814E+01 2.000E+00
2.602E+08 2.027E+02 1.368E+00 1.378E-03 7.846E-03 5.107E+03 9.229E-01 2.814E+01 2.000E+00
3.093E+07 2.068E+02 1.365E+00 1.378E-03 7.847E-03 4.647E+03 9.229E-01 2.814E+01 2.000E+00
4.755E+07 9.327E+02 9.140E-01 1.378E-03 7.848E-03 1.268E+03 9.229E-01 2.814E+01 2.000E+00
1.260E+07 5.744E+02 1.085E+00 1.378E-03 7.851E-03 1.517E+03 9.230E-01 2.814E+01 2.000E+00
1.614E+07 6.936E+02 1.019E+00 1.378E-03 7.856E-03 1.400E+03 9.230E-01 2.814E+01 2.000E+00
8.783E+06 8.258E+02 9.568E-01 1.378E-03 7.866E-03 1.316E+03 9.231E-01 2.814E+01 2.000E+00
3.681E+06 4.779E+02 1.148E+00 1.378E-03 7.883E-03 1.668E+03 9.232E-01 2.814E+01 2.000E+00
1.189E+07 9.843E+02 8.953E-01 1.378E-03 7.915E-03 1.250E+03 9.234E-01 2.814E+01 2.000E+00
1.242E+07 4.001E+02 1.205E+00 1.378E-03 7.974E-03 1.863E+03 9.239E-01 2.814E+01 2.000E+00
5.655E+06 7.437E+02 9.941E-01 1.378E-03 8.082E-03 1.364E+03 9.247E-01 2.814E+01 2.000E+00
3.896E+06 2.316E+02 1.348E+00 1.378E-03 8.280E-03 3.393E+03 9.262E-01 2.815E+01 2.000E+00
2.596E+06 2.833E+02 1.305E+00 1.378E-03 8.643E-03 2.509E+03 9.289E-01 2.816E+01 2.000E+00
9.484E+06 9.191E+02 9.204E-01 1.378E-03 9.308E-03 1.276E+03 9.339E-01 2.817E+01 2.000E+00
1.855E+07 2.527E+02 1.340E+00 1.378E-03 1.053E-02 2.819E+03 9.391E-01 2.820E+01 2.000E+00
1.593E+07 3.503E+02 1.259E+00 1.378E-03 1.276E-02 2.002E+03 9.470E-01 2.825E+01 2.000E+00
6.787E+07 6.029E+02 1.068E+00 1.743E-03 7.845E-03 1.484E+03 9.238E-01 2.814E+01 2.000E+00
3.534E+07 6.090E+02 1.064E+00 1.743E-03 7.845E-03 1.478E+03 9.238E-01 2.814E+01 2.000E+00
1.962E+07 9.327E+02 9.140E-01 1.743E-03 7.845E-03 1.269E+03 9.238E-01 2.814E+01 2.000E+00
2.272E+07 9.327E+02 9.140E-01 1.743E-03 7.845E-03 1.269E+03 9.238E-01 2.814E+01 2.000E+00
3.215E+07 9.327E+02 9.140E-01 1.743E-03 7.845E-03 1.269E+03 9.238E-01 2.814E+01 2.000E+00
1.473E+08 9.327E+02 9.140E-01 1.743E-03 7.846E-03 1.269E+03 9.238E-01 2.814E+01 2.000E+00
7.691E+07 3.175E+02 1.273E+00 1.743E-03 7.847E-03 2.247E+03 9.238E-01 2.814E+01 2.000E+00
1.820E+07 5.744E+02 1.085E+00 1.743E-03 7.848E-03 1.518E+03 9.238E-01 2.814E+01 2.000E+00
2.164E+07 9.245E+02 9.171E-01 1.743E-03 7.851E-03 1.273E+03 9.239E-01 2.814E+01 2.000E+00
3.486E+06 7.020E+02 1.014E+00 1.743E-03 7.856E-03 1.394E+03 9.239E-01 2.814E+01 2.000E+00
4.578E+07 8.125E+02 9.625E-01 1.743E-03 7.866E-03 1.323E+03 9.240E-01 2.814E+01 2.000E+00
6.549E+06 7.691E+02 9.820E-01 1.743E-03 7.883E-03 1.349E+03 9.241E-01 2.814E+01 2.000E+00
4.307E+06 6.798E+02 1.026E+00 1.743E-03 7.915E-03 1.411E+03 9.244E-01 2.814E+01 2.000E+00
1.980E+07 5.445E+02 1.103E+00 1.743E-03 7.974E-03 1.561E+03 9.248E-01 2.814E+01 2.000E+00
5.146E+06 9.757E+02 8.985E-01 1.743E-03 8.082E-03 1.253E+03 9.256E-01 2.814E+01 2.000E+00
1.868E+07 7.260E+02 1.003E+00 1.743E-03 8.280E-03 1.377E+03 9.271E-01 2.815E+01 2.000E+00
2.022E+06 6.495E+02 1.043E+00 1.743E-03 8.643E-03 1.438E+03 9.298E-01 2.816E+01 2.000E+00
3.724E+06 4.359E+02 1.181E+00 1.743E-03 9.308E-03 1.755E+03 9.348E-01 2.817E+01 2.000E+00
8.762E+06 4.581E+02 1.167E+00 1.743E-03 1.053E-02 1.705E+03 9.397E-01 2.820E+01 2.000E+00
6.507E+06 7.581E+02 9.922E-01 1.743E-03 1.276E-02 1.361E+03 9.477E-01 2.825E+01 2.000E+00
1.812E+07 5.761E+02 1.084E+00 2.205E-03 7.845E-03 1.516E+03 9.250E-01 2.814E+01 2.000E+00
2.710E+07 5.761E+02 1.084E+00 2.205E-03 7.845E-03 1.518E+03 9.250E-01 2.814E+01 2.000E+00
3.564E+08 5.761E+02 1.084E+00 2.205E-03 7.845E-03 1.516E+03 9.250E-01 2.814E+01 2.000E+00
5.571E+06 9.245E+02 9.171E-01 2.205E-03 7.845E-03 1.272E+03 9.250E-01 2.814E+01 2.000E+00
5.250E+06 4.721E+02 1.152E+00 2.205E-03 7.845E-03 1.680E+03 9.250E-01 2.814E+01 2.000E+00
6.885E+06 9.245E+02 9.171E-01 2.205E-03 7.846E-03 1.272E+03 9.250E-01 2.814E+01 2.000E+00
9.793E+06 9.245E+02 9.171E-01 2.205E-03 7.847E-03 1.272E+03 9.250E-01 2.814E+01 2.000E+00
6.662E+07 9.245E+02 9.171E-01 2.205E-03 7.848E-03 1.273E+03 9.250E-01 2.814E+01 2.000E+00
7.739E+06 4.790E+02 1.147E+00 2.205E-03 7.851E-03 1.666E+03 9.250E-01 2.814E+01 2.000E+00
2.333E+06 2.437E+02 1.336E+00 2.205E-03 7.856E-03 3.123E+03 9.251E-01 2.814E+01 2.000E+00
5.207E+06 5.524E+02 1.098E+00 2.205E-03 7.866E-03 1.546E+03 9.251E-01 2.814E+01 2.000E+00
3.097E+06 3.698E+02 1.229E+00 2.205E-03 7.883E-03 2.000E+03 9.253E-01 2.814E+01 2.000E+00
5.719E+07 8.736E+02 9.370E-01 2.205E-03 7.915E-03 1.294E+03 9.255E-01 2.814E+01 2.000E+00
4.591E+06 6.797E+02 1.026E+00 2.205E-03 7.974E-03 1.418E+03 9.259E-01 2.814E+01 2.000E+00
2.948E+07 4.447E+02 1.172E+00 2.205E-03 8.082E-03 1.739E+03 9.268E-01 2.814E+01 2.000E+00
4.384E+06 7.734E+02 9.804E-01 2.205E-03 8.280E-03 1.346E+03 9.282E-01 2.815E+01 2.000E+00
1.934E+07 4.922E+02 1.139E+00 2.205E-03 8.643E-03 1.639E+03 9.310E-01 2.816E+01 2.000E+00
3.843E+07 8.536E+02 9.464E-01 2.205E-03 9.308E-03 1.320E+03 9.360E-01 2.817E+01 2.000E+00
1.466E+08 5.901E+02 1.079E+00 2.205E-03 1.053E-02 1.496E+03 9.405E-01 2.820E+01 2.000E+00
3.494E+06 4.616E+02 1.169E+00 2.205E-03 1.276E-02 1.681E+03 9.485E-01 2.825E+01 2.000E+00
1.214E+07 3.639E+02 1.234E+00 2.789E-03 7.845E-03 1.999E+03 9.264E-01 2.814E+01 2.000E+00
1.864E+07 3.639E+02 1.234E+00 2.789E-03 7.845E-03 1.999E+03 9.264E-01 2.814E+01 2.000E+00
7.211E+09 3.639E+02 1.234E+00 2.789E-03 7.845E-03 1.999E+03 9.264E-01 2.814E+01 2.000E+00
6.203E+06 6.936E+02 1.019E+00 2.789E-03 7.845E-03 1.401E+03 9.264E-01 2.814E+01 2.000E+00
1.072E+07 6.936E+02 1.019E+00 2.789E-03 7.845E-03 1.403E+03 9.264E-01 2.814E+01 2.000E+00
3.217E+07 6.799E+02 1.026E+00 2.789E-03 7.846E-03 1.413E+03 9.264E-01 2.814E+01 2.000E+00
1.703E+06 7.108E+02 1.010E+00 2.789E-03 7.847E-03 1.388E+03 9.265E-01 2.814E+01 2.000E+00
3.321E+06 7.020E+02 1.014E+00 2.789E-03 7.848E-03 1.395E+03 9.265E-01 2.814E+01 2.000E+00
3.491E+07 2.437E+02 1.336E+00 2.789E-03 7.851E-03 3.123E+03 9.265E-01 2.814E+01 2.000E+00
2.134E+08 8.051E+02 9.658E-01 2.789E-03 7.856E-03 1.331E+03 9.265E-01 2.814E+01 2.000E+00
1.494E+08 8.467E+02 9.480E-01 2.789E-03 7.866E-03 1.357E+03 9.266E-01 2.814E+01 2.000E+00
3.407E+06 4.517E+02 1.166E+00 2.789E-03 7.883E-03 1.724E+03 9.267E-01 2.814E+01 2.000E+00
4.314E+06 9.818E+02 8.962E-01 2.789E-03 7.915E-03 1.252E+03 9.270E-01 2.814E+01 2.000E+00
3.026E+07 4.149E+02 1.194E+00 2.789E-03 7.974E-03 1.819E+03 9.274E-01 2.814E+01 2.000E+00
1.244E+07 9.757E+02 8.985E-01 2.789E-03 8.082E-03 1.255E+03 9.282E-01 2.814E+01 2.000E+00
4.257E+07 7.900E+02 9.729E-01 2.789E-03 8.280E-03 1.337E+03 9.297E-01 2.815E+01 2.000E+00
3.753E+06 8.912E+02 9.307E-01 2.789E-03 8.643E-03 1.290E+03 9.324E-01 2.816E+01 2.000E+00
1.104E+07 5.280E+02 1.116E+00 2.789E-03 9.308E-03 1.579E+03 9.372E-01 2.817E+01 2.000E+00
5.944E+07 7.947E+02 9.730E-01 2.789E-03 1.053E-02 1.337E+03 9.416E-01 2.820E+01 2.000E+00
1.126E+07 9.690E+02 9.045E-01 2.789E-03 1.276E-02 1.273E+03 9.495E-01 2.825E+01 2.000E+00
5.676E+06 6.141E+02 1.061E+00 3.528E-03 7.845E-03 1.474E+03 9.283E-01 2.814E+01 2.000E+00
2.969E+07 5.722E+02 1.086E+00 3.528E-03 7.845E-03 1.522E+03 9.283E-01 2.814E+01 2.000E+00
2.813E+07 5.669E+02 1.089E+00 3.528E-03 7.845E-03 1.533E+03 9.283E-01 2.814E+01 2.000E+00
5.582E+06 5.681E+02 1.089E+00 3.528E-03 7.845E-03 1.527E+03 9.283E-01 2.814E+01 2.000E+00
1.434E+07 5.681E+02 1.089E+00 3.528E-03 7.845E-03 1.527E+03 9.283E-01 2.814E+01 2.000E+00
7.561E+06 3.462E+02 1.249E+00 3.528E-03 7.846E-03 2.081E+03 9.283E-01 2.814E+01 2.000E+00
1.177E+07 8.234E+02 9.578E-01 3.528E-03 7.847E-03 1.319E+03 9.283E-01 2.814E+01 2.000E+00
1.367E+07 3.289E+02 1.263E+00 3.528E-03 7.848E-03 2.175E+03 9.283E-01 2.814E+01 2.000E+00
9.956E+06 8.289E+02 9.555E-01 3.528E-03 7.851E-03 1.316E+03 9.283E-01 2.814E+01 2.000E+00
3.378E+08 8.577E+02 9.434E-01 3.528E-03 7.856E-03 1.303E+03 9.284E-01 2.814E+01 2.000E+00
1.562E+07 6.260E+02 1.055E+00 3.528E-03 7.866E-03 1.462E+03 9.284E-01 2.814E+01 2.000E+00
3.238E+06 4.859E+02 1.142E+00 3.528E-03 7.883E-03 1.654E+03 9.286E-01 2.814E+01 2.000E+00
1.038E+08 5.927E+02 1.074E+00 3.528E-03 7.915E-03 1.497E+03 9.288E-01 2.814E+01 2.000E+00
5.421E+06 9.952E+02 8.916E-01 3.528E-03 7.974E-03 1.249E+03 9.293E-01 2.814E+01 2.000E+00
1.328E+07 9.724E+02 8.997E-01 3.528E-03 8.082E-03 1.257E+03 9.301E-01 2.814E+01 2.000E+00
9.353E+06 9.412E+02 9.112E-01 3.528E-03 8.280E-03 1.268E+03 9.315E-01 2.815E+01 2.000E+00
9.104E+06 4.775E+02 1.149E+00 3.528E-03 8.643E-03 1.672E+03 9.343E-01 2.816E+01 2.000E+00
7.478E+06 8.692E+02 9.400E-01 3.528E-03 9.308E-03 1.299E+03 9.385E-01 2.817E+01 2.000E+00
3.830E+07 3.683E+02 1.238E+00 3.528E-03 1.053E-02 1.954E+03 9.429E-01 2.820E+01 2.000E+00
1.369E+07 6.832E+02 1.030E+00 3.528E-03 1.276E-02 1.409E+03 9.508E-01 2.825E+01 2.000E+00
7.760E+06 8.125E+02 9.625E-01 4.462E-03 7.845E-03 1.326E+03 9.306E-01 2.814E+01 2.000E+00
8.132E+06 8.125E+02 9.625E-01 4.462E-03 7.845E-03 1.325E+03 9.306E-01 2.814E+01 2.000E+00
8.925E+06 8.125E+02 9.625E-01 4.462E-03 7.845E-03 1.326E+03 9.306E-01 2.814E+01 2.000E+00
1.091E+07 8.125E+02 9.625E-01 4.462E-03 7.845E-03 1.325E+03 9.306E-01 2.814E+01 2.000E+00
2.583E+07 5.602E+02 1.093E+00 4.462E-03 7.845E-03 1.591E+03 9.306E-01 2.814E+01 2.000E+00
1.449E+07 5.248E+02 1.116E+00 4.462E-03 7.846E-03 1.588E+03 9.306E-01 2.814E+01 2.000E+00
6.215E+07 7.269E+02 1.002E+00 4.462E-03 7.847E-03 1.378E+03 9.306E-01 2.814E+01 2.000E+00
8.506E+07 7.971E+02 9.693E-01 4.462E-03 7.848E-03 1.342E+03 9.306E-01 2.814E+01 2.000E+00
9.234E+06 8.588E+02 9.430E-01 4.462E-03 7.851E-03 1.302E+03 9.307E-01 2.814E+01 2.000E+00
1.901E+07 9.938E+02 8.920E-01 4.462E-03 7.856E-03 1.249E+03 9.307E-01 2.814E+01 2.000E+00
4.573E+07 8.014E+02 9.674E-01 4.462E-03 7.866E-03 1.332E+03 9.308E-01 2.814E+01 2.000E+00
3.555E+07 2.552E+02 1.326E+00 4.462E-03 7.883E-03 2.902E+03 9.309E-01 2.814E+01 2.000E+00
4.284E+06 6.259E+02 1.055E+00 4.462E-03 7.915E-03 1.462E+03 9.311E-01 2.814E+01 2.000E+00
6.032E+06 9.952E+02 8.916E-01 4.462E-03 7.974E-03 1.249E+03 9.316E-01 2.814E+01 2.000E+00
1.818E+07 6.961E+02 1.018E+00 4.462E-03 8.082E-03 1.400E+03 9.324E-01 2.814E+01 2.000E+00
1.334E+09 5.516E+02 1.100E+00 4.462E-03 8.280E-03 1.548E+03 9.339E-01 2.815E+01 2.000E+00
1.779E+07 8.942E+02 9.295E-01 4.462E-03 8.643E-03 1.288E+03 9.366E-01 2.816E+01 2.000E+00
3.177E+08 6.235E+02 1.058E+00 4.462E-03 9.308E-03 1.464E+03 9.402E-01 2.817E+01 2.000E+00
1.276E+07 5.513E+02 1.103E+00 4.462E-03 1.053E-02 1.545E+03 9.446E-01 2.820E+01 2.000E+00
9.252E+07 5.462E+02 1.110E+00 4.462E-03 1.276E-02 1.554E+03 9.525E-01 2.825E+01 2.000E+00
1.097E+07 6.347E+02 1.050E+00 5.644E-03 7.845E-03 1.454E+03 9.336E-01 2.814E+01 2.000E+00
1.303E+07 6.347E+02 1.050E+00 5.644E-03 7.845E-03 1.493E+03 9.336E-01 2.814E+01 2.000E+00
2.011E+07 6.347E+02 1.050E+00 5.644E-03 7.845E-03 1.455E+03 9.336E-01 2.814E+01 2.000E+00
5.124E+06 4.051E+02 1.201E+00 5.644E-03 7.845E-03 1.852E+03 9.336E-01 2.814E+01 2.000E+00
6.760E+06 4.065E+02 1.200E+00 5.644E-03 7.845E-03 1.846E+03 9.336E-01 2.814E+01 2.000E+00
1.666E+07 6.470E+02 1.043E+00 5.644E-03 7.846E-03 1.445E+03 9.336E-01 2.814E+01 2.000E+00
2.319E+07 6.435E+02 1.045E+00 5.644E-03 7.847E-03 1.446E+03 9.336E-01 2.814E+01 2.000E+00
4.657E+07 3.504E+02 1.245E+00 5.644E-03 7.848E-03 2.061E+03 9.336E-01 2.814E+01 2.000E+00
1.240E+07 7.859E+02 9.743E-01 5.644E-03 7.851E-03 1.342E+03 9.336E-01 2.814E+01 2.000E+00
7.181E+06 8.014E+02 9.674E-01 5.644E-03 7.856E-03 1.332E+03 9.337E-01 2.814E+01 2.000E+00
1.076E+09 7.885E+02 9.732E-01 5.644E-03 7.866E-03 1.340E+03 9.337E-01 2.814E+01 2.000E+00
2.176E+06 3.004E+02 1.288E+00 5.644E-03 7.883E-03 2.375E+03 9.339E-01 2.814E+01 2.000E+00
2.910E+07 6.652E+02 1.033E+00 5.644E-03 7.915E-03 1.426E+03 9.341E-01 2.814E+01 2.000E+00
7.959E+06 9.793E+02 8.972E-01 5.644E-03 7.974E-03 1.255E+03 9.345E-01 2.814E+01 2.000E+00
7.130E+06 4.292E+02 1.183E+00 5.644E-03 8.082E-03 1.780E+03 9.354E-01 2.814E+01 2.000E+00
7.410E+06 6.952E+02 1.018E+00 5.644E-03 8.280E-03 1.403E+03 9.368E-01 2.815E+01 2.000E+00
1.051E+07 8.229E+02 9.588E-01 5.644E-03 8.643E-03 1.322E+03 9.396E-01 2.816E+01 2.000E+00
5.587E+06 5.497E+02 1.102E+00 5.644E-03 9.308E-03 1.550E+03 9.423E-01 2.817E+01 2.000E+00
3.671E+06 4.734E+02 1.156E+00 5.644E-03 1.053E-02 1.670E+03 9.467E-01 2.820E+01 2.000E+00
3.956E+07 5.141E+02 1.132E+00 5.644E-03 1.276E-02 1.592E+03 9.546E-01 2.825E+01 2.000E+00
5.675E+06 8.014E+02 9.674E-01 7.139E-03 7.845E-03 1.340E+03 9.373E-01 2.814E+01 2.000E+00
5.874E+06 8.014E+02 9.674E-01 7.139E-03 7.845E-03 1.334E+03 9.373E-01 2.814E+01 2.000E+00
6.282E+06 8.014E+02 9.674E-01 7.139E-03 7.845E-03 1.333E+03 9.373E-01 2.814E+01 2.000E+00
7.220E+06 8.014E+02 9.674E-01 7.139E-03 7.845E-03 1.334E+03 9.373E-01 2.814E+01 2.000E+00
1.008E+07 8.014E+02 9.674E-01 7.139E-03 7.845E-03 1.334E+03 9.373E-01 2.814E+01 2.000E+00
4.498E+07 8.014E+02 9.674E-01 7.139E-03 7.846E-03 1.333E+03 9.373E-01 2.814E+01 2.000E+00
4.220E+07 5.002E+02 1.132E+00 7.139E-03 7.847E-03 1.630E+03 9.373E-01 2.814E+01 2.000E+00
4.196E+07 7.640E+02 9.843E-01 7.139E-03 7.848E-03 1.355E+03 9.373E-01 2.814E+01 2.000E+00
2.765E+06 2.378E+02 1.341E+00 7.139E-03 7.851E-03 3.261E+03 9.374E-01 2.814E+01 2.000E+00
2.031E+07 2.654E+02 1.318E+00 7.139E-03 7.856E-03 2.752E+03 9.374E-01 2.814E+01 2.000E+00
4.113E+07 7.742E+02 9.796E-01 7.139E-03 7.866E-03 1.350E+03 9.375E-01 2.814E+01 2.000E+00
8.770E+06 4.957E+02 1.135E+00 7.139E-03 7.883E-03 1.638E+03 9.376E-01 2.814E+01 2.000E+00
3.509E+06 3.165E+02 1.274E+00 7.139E-03 7.915E-03 2.255E+03 9.378E-01 2.814E+01 2.000E+00
1.294E+07 5.391E+02 1.107E+00 7.139E-03 7.974E-03 1.569E+03 9.383E-01 2.814E+01 2.000E+00
9.758E+06 6.550E+02 1.039E+00 7.139E-03 8.082E-03 1.437E+03 9.391E-01 2.814E+01 2.000E+00
8.545E+06 4.683E+02 1.155E+00 7.139E-03 8.280E-03 1.697E+03 9.406E-01 2.815E+01 2.000E+00
8.059E+07 3.097E+02 1.282E+00 7.139E-03 8.643E-03 2.310E+03 9.426E-01 2.816E+01 2.000E+00
4.938E+07 7.009E+02 1.017E+00 7.139E-03 9.308E-03 1.399E+03 9.450E-01 2.817E+01 2.000E+00
3.033E+07 9.087E+02 9.254E-01 7.139E-03 1.053E-02 1.288E+03 9.493E-01 2.820E+01 2.000E+00
1.253E+07 3.678E+02 1.244E+00 7.139E-03 1.276E-02 1.937E+03 9.573E-01 2.825E+01 2.000E+00
2.494E+07 2.644E+02 1.319E+00 9.029E-03 7.845E-03 2.765E+03 9.420E-01 2.814E+01 2.000E+00
1.000E+08 2.644E+02 1.319E+00 9.029E-03 7.845E-03 2.768E+03 9.420E-01 2.814E+01 2.000E+00
8.251E+06 2.609E+02 1.321E+00 9.029E-03 7.845E-03 2.819E+03 9.420E-01 2.814E+01 2.000E+00
3.959E+07 2.609E+02 1.321E+00 9.029E-03 7.845E-03 2.815E+03 9.420E-01 2.814E+01 2.000E+00
3.915E+07 5.760E+02 1.084E+00 9.029E-03 7.845E-03 1.521E+03 9.420E-01 2.814E+01 2.000E+00
9.672E+06 8.128E+02 9.624E-01 9.029E-03 7.846E-03 1.329E+03 9.420E-01 2.814E+01 2.000E+00
2.968E+07 8.299E+02 9.551E-01 9.029E-03 7.847E-03 1.320E+03 9.421E-01 2.814E+01 2.000E+00
7.869E+06 6.592E+02 1.036E+00 9.029E-03 7.848E-03 1.434E+03 9.421E-01 2.814E+01 2.000E+00
1.541E+06 2.991E+02 1.289E+00 9.029E-03 7.851E-03 2.388E+03 9.421E-01 2.814E+01 2.000E+00
1.302E+07 8.839E+02 9.329E-01 9.029E-03 7.856E-03 1.294E+03 9.421E-01 2.814E+01 2.000E+00
2.422E+07 8.584E+02 9.432E-01 9.029E-03 7.866E-03 1.307E+03 9.422E-01 2.814E+01 2.000E+00
4.094E+06 8.824E+02 9.335E-01 9.029E-03 7.883E-03 1.296E+03 9.423E-01 2.814E+01 2.000E+00
4.452E+07 9.457E+02 9.093E-01 9.029E-03 7.915E-03 1.270E+03 9.426E-01 2.814E+01 2.000E+00
1.595E+07 8.533E+02 9.454E-01 9.029E-03 7.974E-03 1.309E+03 9.430E-01 2.814E+01 2.000E+00
5.367E+06 7.253E+02 1.003E+00 9.029E-03 8.082E-03 1.382E+03 9.438E-01 2.814E+01 2.000E+00
1.203E+07 3.513E+02 1.246E+00 9.029E-03 8.280E-03 2.054E+03 9.447E-01 2.815E+01 2.000E+00
4.326E+06 4.612E+02 1.161E+00 9.029E-03 8.643E-03 1.712E+03 9.460E-01 2.816E+01 2.000E+00
4.270E+07 9.448E+02 9.107E-01 9.029E-03 9.308E-03 1.273E+03 9.483E-01 2.817E+01 2.000E+00
2.188E+07 2.063E+02 1.380E+00 9.029E-03 1.053E-02 4.121E+03 9.527E-01 2.820E+01 2.000E+00
1.577E+08 7.603E+02 9.912E-01 9.029E-03 1.276E-02 1.363E+03 9.606E-01 2.825E+01 2.000E+00
5.772E+06 4.127E+02 1.195E+00 1.142E-02 7.845E-03 1.831E+03 9.474E-01 2.814E+01 2.000E+00
6.790E+06 4.127E+02 1.195E+00 1.142E-02 7.845E-03 1.833E+03 9.474E-01 2.814E+01 2.000E+00
2.207E+06 2.433E+02 1.336E+00 1.142E-02 7.845E-03 3.134E+03 9.474E-01 2.814E+01 2.000E+00
1.410E+08 4.127E+02 1.195E+00 1.142E-02 7.845E-03 1.831E+03 9.474E-01 2.814E+01 2.000E+00
4.655E+07 8.791E+02 9.348E-01 1.142E-02 7.845E-03 1.298E+03 9.474E-01 2.814E+01 2.000E+00
6.839E+07 5.620E+02 1.092E+00 1.142E-02 7.846E-03 1.540E+03 9.474E-01 2.814E+01 2.000E+00
1.031E+07 8.736E+02 9.370E-01 1.142E-02 7.847E-03 1.301E+03 9.474E-01 2.814E+01 2.000E+00
3.067E+07 8.584E+02 9.432E-01 1.142E-02 7.848E-03 1.309E+03 9.474E-01 2.814E+01 2.000E+00
4.046E+06 4.083E+02 1.199E+00 1.142E-02 7.851E-03 1.844E+03 9.474E-01 2.814E+01 2.000E+00
5.042E+06 9.818E+02 8.962E-01 1.142E-02 7.856E-03 1.260E+03 9.474E-01 2.814E+01 2.000E+00
3.934E+07 2.133E+02 1.360E+00 1.142E-02 7.866E-03 4.186E+03 9.475E-01 2.814E+01 2.000E+00
7.276E+07 2.814E+02 1.304E+00 1.142E-02 7.883E-03 2.555E+03 9.475E-01 2.814E+01 2.000E+00
5.294E+06 9.952E+02 8.915E-01 1.142E-02 7.915E-03 1.255E+03 9.476E-01 2.814E+01 2.000E+00
6.905E+07 6.344E+02 1.050E+00 1.142E-02 7.974E-03 1.459E+03 9.478E-01 2.814E+01 2.000E+00
2.995E+07 5.331E+02 1.111E+00 1.142E-02 8.082E-03 1.580E+03 9.482E-01 2.814E+01 2.000E+00
8.367E+06 9.138E+02 9.216E-01 1.142E-02 8.280E-03 1.285E+03 9.489E-01 2.815E+01 2.000E+00
4.100E+07 5.873E+02 1.078E+00 1.142E-02 8.643E-03 1.508E+03 9.502E-01 2.816E+01 2.000E+00
1.458E+07 5.515E+02 1.101E+00 1.142E-02 9.308E-03 1.552E+03 9.526E-01 2.817E+01 2.000E+00
1.607E+07 8.417E+02 9.525E-01 1.142E-02 1.053E-02 1.320E+03 9.570E-01 2.820E+01 2.000E+00
1.618E+07 6.919E+02 1.025E+00 1.142E-02 1.276E-02 1.410E+03 9.649E-01 2.825E+01 2.000E+00
7.235E+06 8.824E+02 9.335E-01 1.445E-02 7.845E-03 1.299E+03 9.528E-01 2.814E+01 2.000E+00
7.414E+06 8.824E+02 9.335E-01 1.445E-02 7.845E-03 1.299E+03 9.528E-01 2.814E+01 2.000E+00
7.770E+06 8.824E+02 9.335E-01 1.445E-02 7.845E-03 1.303E+03 9.528E-01 2.814E+01 2.000E+00
9.883E+06 7.280E+02 1.001E+00 1.445E-02 7.845E-03 1.384E+03 9.528E-01 2.814E+01 2.000E+00
2.501E+07 7.280E+02 1.001E+00 1.445E-02 7.845E-03 1.384E+03 9.528E-01 2.814E+01 2.000E+00
1.832E+07 8.824E+02 9.335E-01 1.445E-02 7.846E-03 1.300E+03 9.528E-01 2.814E+01 2.000E+00
1.719E+07 8.645E+02 9.407E-01 1.445E-02 7.847E-03 1.308E+03 9.528E-01 2.814E+01 2.000E+00
1.906E+07 8.703E+02 9.383E-01 1.445E-02 7.848E-03 1.305E+03 9.528E-01 2.814E+01 2.000E+00
2.402E+07 9.264E+02 9.164E-01 1.445E-02 7.851E-03 1.281E+03 9.528E-01 2.814E+01 2.000E+00
1.697E+07 4.788E+02 1.147E+00 1.445E-02 7.856E-03 1.674E+03 9.528E-01 2.814E+01 2.000E+00
1.413E+07 7.690E+02 9.820E-01 1.445E-02 7.866E-03 1.359E+03 9.529E-01 2.814E+01 2.000E+00
3.653E+07 9.782E+02 8.975E-01 1.445E-02 7.883E-03 1.263E+03 9.529E-01 2.814E+01 2.000E+00
1.247E+07 5.391E+02 1.107E+00 1.445E-02 7.915E-03 1.573E+03 9.530E-01 2.814E+01 2.000E+00
1.007E+07 9.209E+02 9.186E-01 1.445E-02 7.974E-03 1.284E+03 9.532E-01 2.814E+01 2.000E+00
5.901E+06 2.549E+02 1.328E+00 1.445E-02 8.082E-03 2.900E+03 9.536E-01 2.814E+01 2.000E+00
4.607E+06 8.806E+02 9.346E-01 1.445E-02 8.280E-03 1.301E+03 9.543E-01 2.815E+01 2.000E+00
8.681E+08 7.575E+02 9.882E-01 1.445E-02 8.643E-03 1.366E+03 9.556E-01 2.816E+01 2.000E+00
9.617E+06 7.500E+02 9.924E-01 1.445E-02 9.308E-03 1.383E+03 9.580E-01 2.817E+01 2.000E+00
9.454E+06 2.802E+02 1.315E+00 1.445E-02 1.053E-02 2.494E+03 9.623E-01 2.820E+01 2.000E+00
9.004E+07 5.057E+02 1.137E+00 1.445E-02 1.276E-02 1.612E+03 9.703E-01 2.825E+01 2.000E+00
5.404E+06 2.551E+02 1.327E+00 1.827E-02 7.845E-03 2.910E+03 9.596E-01 2.814E+01 2.000E+00
6.326E+06 2.551E+02 1.327E+00 1.827E-02 7.845E-03 2.909E+03 9.596E-01 2.814E+01 2.000E+00
9.257E+06 2.551E+02 1.327E+00 1.827E-02 7.845E-03 2.909E+03 9.596E-01 2.814E+01 2.000E+00
7.199E+07 2.551E+02 1.327E+00 1.827E-02 7.845E-03 2.909E+03 9.596E-01 2.814E+01 2.000E+00
1.599E+07 9.513E+02 9.072E-01 1.827E-02 7.845E-03 1.275E+03 9.596E-01 2.814E+01 2.000E+00
2.167E+07 9.513E+02 9.072E-01 1.827E-02 7.846E-03 1.276E+03 9.596E-01 2.814E+01 2.000E+00
6.661E+07 9.513E+02 9.072E-01 1.827E-02 7.847E-03 1.277E+03 9.596E-01 2.814E+01 2.000E+00
6.497E+07 9.457E+02 9.092E-01 1.827E-02 7.848E-03 1.278E+03 9.596E-01 2.814E+01 2.000E+00
7.766E+06 6.797E+02 1.026E+00 1.827E-02 7.851E-03 1.424E+03 9.596E-01 2.814E+01 2.000E+00
6.263E+07 9.782E+02 8.975E-01 1.827E-02 7.856E-03 1.266E+03 9.596E-01 2.814E+01 2.000E+00
3.290E+07 5.072E+02 1.128E+00 1.827E-02 7.866E-03 1.625E+03 9.597E-01 2.814E+01 2.000E+00
8.586E+06 9.793E+02 8.971E-01 1.827E-02 7.883E-03 1.266E+03 9.597E-01 2.814E+01 2.000E+00
2.201E+06 3.755E+02 1.225E+00 1.827E-02 7.915E-03 1.960E+03 9.598E-01 2.814E+01 2.000E+00
1.123E+07 9.724E+02 8.996E-01 1.827E-02 7.974E-03 1.269E+03 9.600E-01 2.814E+01 2.000E+00
5.928E+06 3.135E+02 1.277E+00 1.827E-02 8.082E-03 2.294E+03 9.604E-01 2.814E+01 2.000E+00
2.350E+07 7.219E+02 1.005E+00 1.827E-02 8.280E-03 1.392E+03 9.611E-01 2.815E+01 2.000E+00
8.495E+07 2.804E+02 1.308E+00 1.827E-02 8.643E-03 2.553E+03 9.624E-01 2.816E+01 2.000E+00
9.515E+06 8.571E+02 9.450E-01 1.827E-02 9.308E-03 1.317E+03 9.648E-01 2.817E+01 2.000E+00
1.922E+07 5.396E+02 1.111E+00 1.827E-02 1.053E-02 1.590E+03 9.692E-01 2.820E+01 2.000E+00
5.913E+06 9.289E+02 9.194E-01 1.827E-02 1.276E-02 1.296E+03 9.771E-01 2.825E+01 2.000E+00
6.649E+06 9.952E+02 8.915E-01 2.311E-02 7.845E-03 1.265E+03 9.682E-01 2.814E+01 2.000E+00
6.654E+06 9.952E+02 8.915E-01 2.311E-02 7.845E-03 1.266E+03 9.682E-01 2.814E+01 2.000E+00
6.663E+06 9.952E+02 8.915E-01 2.311E-02 7.845E-03 1.307E+03 9.682E-01 2.814E+01 2.000E+00
6.681E+06 9.952E+02 8.915E-01 2.311E-02 7.845E-03 1.265E+03 9.682E-01 2.814E+01 2.000E+00
6.713E+06 9.952E+02 8.915E-01 2.311E-02 7.845E-03 1.265E+03 9.682E-01 2.814E+01 2.000E+00
6.786E+06 9.793E+02 8.971E-01 2.311E-02 7.846E-03 1.314E+03 9.682E-01 2.814E+01 2.000E+00
7.318E+06 9.793E+02 8.971E-01 2.311E-02 7.847E-03 1.270E+03 9.682E-01 2.814E+01 2.000E+00
8.584E+06 9.793E+02 8.971E-01 2.311E-02 7.848E-03 1.270E+03 9.682E-01 2.814E+01 2.000E+00
2.211E+07 3.200E+02 1.271E+00 2.311E-02 7.851E-03 2.242E+03 9.682E-01 2.814E+01 2.000E+00
1.827E+07 5.444E+02 1.103E+00 2.311E-02 7.856E-03 1.574E+03 9.682E-01 2.814E+01 2.000E+00
1.938E+07 3.202E+02 1.271E+00 2.311E-02 7.866E-03 2.239E+03 9.683E-01 2.814E+01 2.000E+00
3.230E+06 6.424E+02 1.046E+00 2.311E-02 7.883E-03 1.460E+03 9.683E-01 2.814E+01 2.000E+00
9.808E+07 9.279E+02 9.159E-01 2.311E-02 7.915E-03 1.289E+03 9.685E-01 2.814E+01 2.000E+00
1.649E+08 7.341E+02 9.986E-01 2.311E-02 7.974E-03 1.390E+03 9.687E-01 2.814E+01 2.000E+00
3.416E+07 2.605E+02 1.323E+00 2.311E-02 8.082E-03 2.815E+03 9.691E-01 2.814E+01 2.000E+00
1.074E+07 8.630E+02 9.417E-01 2.311E-02 8.280E-03 1.317E+03 9.698E-01 2.815E+01 2.000E+00
1.926E+07 6.331E+02 1.052E+00 2.311E-02 8.643E-03 1.469E+03 9.710E-01 2.816E+01 2.000E+00
6.335E+06 5.478E+02 1.104E+00 2.311E-02 9.308E-03 1.565E+03 9.734E-01 2.817E+01 2.000E+00
4.446E+06 8.868E+02 9.340E-01 2.311E-02 1.053E-02 1.319E+03 9.778E-01 2.820E+01 2.000E+00
2.419E+07 2.560E+02 1.346E+00 2.311E-02 1.276E-02 2.694E+03 9.817E-01 2.825E+01 2.000E+00
7.860E+06 6.844E+02 1.023E+00 2.923E-02 7.845E-03 1.428E+03 9.791E-01 2.814E+01 2.000E+00
8.642E+06 6.844E+02 1.023E+00 2.923E-02 7.845E-03 1.428E+03 9.791E-01 2.814E+01 2.000E+00
1.061E+07 6.844E+02 1.023E+00 2.923E-02 7.845E-03 1.428E+03 9.791E-01 2.814E+01 2.000E+00
1.856E+07 6.844E+02 1.023E+00 2.923E-02 7.845E-03 1.428E+03 9.791E-01 2.814E+01 2.000E+00
7.344E+06 6.703E+02 1.031E+00 2.923E-02 7.845E-03 1.440E+03 9.791E-01 2.814E+01 2.000E+00
7.092E+08 3.999E+02 1.205E+00 2.923E-02 7.846E-03 1.882E+03 9.791E-01 2.814E+01 2.000E+00
3.939E+06 9.983E+02 8.904E-01 2.923E-02 7.847E-03 1.270E+03 9.791E-01 2.814E+01 2.000E+00
2.724E+07 5.740E+02 1.085E+00 2.923E-02 7.848E-03 1.537E+03 9.791E-01 2.814E+01 2.000E+00
4.604E+07 7.584E+02 9.869E-01 2.923E-02 7.851E-03 1.378E+03 9.791E-01 2.814E+01 2.000E+00
9.623E+06 9.155E+02 9.206E-01 2.923E-02 7.856E-03 1.301E+03 9.791E-01 2.814E+01 2.000E+00
2.753E+08 4.648E+02 1.157E+00 2.923E-02 7.866E-03 1.713E+03 9.792E-01 2.814E+01 2.000E+00
1.011E+07 8.504E+02 9.465E-01 2.923E-02 7.883E-03 1.327E+03 9.792E-01 2.814E+01 2.000E+00
8.739E+06 9.201E+02 9.189E-01 2.923E-02 7.915E-03 1.297E+03 9.794E-01 2.814E+01 2.000E+00
2.248E+07 7.479E+02 9.920E-01 2.923E-02 7.974E-03 1.383E+03 9.796E-01 2.814E+01 2.000E+00
5.744E+06 3.933E+02 1.211E+00 2.923E-02 8.082E-03 1.901E+03 9.799E-01 2.814E+01 2.000E+00
4.924E+07 5.359E+02 1.110E+00 2.923E-02 8.280E-03 1.588E+03 9.807E-01 2.815E+01 2.000E+00
1.713E+07 8.515E+02 9.467E-01 2.923E-02 8.643E-03 1.328E+03 9.819E-01 2.816E+01 2.000E+00
1.057E+07 7.738E+02 9.813E-01 2.923E-02 9.308E-03 1.370E+03 9.842E-01 2.817E+01 2.000E+00
7.024E+06 3.739E+02 1.233E+00 2.923E-02 1.053E-02 1.951E+03 9.854E-01 2.820E+01 2.000E+00
2.511E+07 4.078E+02 1.211E+00 2.923E-02 1.276E-02 1.827E+03 9.875E-01 2.825E+01 2.000E+00
7.370E+06 3.516E+02 1.244E+00 3.697E-02 7.845E-03 2.074E+03 9.902E-01 2.814E+01 2.000E+00
9.304E+06 3.516E+02 1.244E+00 3.697E-02 7.845E-03 2.094E+03 9.902E-01 2.814E+01 2.000E+00
1.819E+07 3.516E+02 1.244E+00 3.697E-02 7.845E-03 2.074E+03 9.902E-01 2.814E+01 2.000E+00
7.906E+06 8.419E+02 9.500E-01 3.697E-02 7.845E-03 1.338E+03 9.902E-01 2.814E+01 2.000E+00
1.037E+07 8.419E+02 9.500E-01 3.697E-02 7.845E-03 1.338E+03 9.902E-01 2.814E+01 2.000E+00
2.618E+07 8.419E+02 9.500E-01 3.697E-02 7.846E-03 1.338E+03 9.902E-01 2.814E+01 2.000E+00
3.617E+07 6.863E+02 1.022E+00 3.697E-02 7.847E-03 1.433E+03 9.902E-01 2.814E+01 2.000E+00
7.115E+06 7.323E+02 9.993E-01 3.697E-02 7.848E-03 1.400E+03 9.902E-01 2.814E+01 2.000E+00
1.186E+07 6.638E+02 1.034E+00 3.697E-02 7.851E-03 1.451E+03 9.902E-01 2.814E+01 2.000E+00
1.841E+07 2.944E+02 1.293E+00 3.697E-02 7.856E-03 2.442E+03 9.902E-01 2.814E+01 2.000E+00
1.920E+08 4.512E+02 1.167E+00 3.697E-02 7.866E-03 1.748E+03 9.902E-01 2.814E+01 2.000E+00
1.856E+08 9.097E+02 9.228E-01 3.697E-02 7.883E-03 1.309E+03 9.902E-01 2.814E+01 2.000E+00
1.126E+07 7.633E+02 9.847E-01 3.697E-02 7.915E-03 1.380E+03 9.902E-01 2.814E+01 2.000E+00
7.578E+06 4.994E+02 1.133E+00 3.697E-02 7.974E-03 1.651E+03 9.903E-01 2.814E+01 2.000E+00
9.138E+07 6.865E+02 1.022E+00 3.697E-02 8.082E-03 1.433E+03 9.904E-01 2.814E+01 2.000E+00
2.826E+08 9.479E+02 9.088E-01 3.697E-02 8.280E-03 1.297E+03 9.906E-01 2.815E+01 2.000E+00
3.962E+06 9.814E+02 8.969E-01 3.697E-02 8.643E-03 1.287E+03 9.909E-01 2.816E+01 2.000E+00
1.835E+07 2.573E+02 1.331E+00 3.697E-02 9.308E-03 2.818E+03 9.916E-01 2.817E+01 2.000E+00
4.528E+07 9.740E+02 9.010E-01 3.697E-02 1.053E-02 1.296E+03 9.927E-01 2.820E+01 2.000E+00
4.727E+06 8.693E+02 9.431E-01 3.697E-02 1.276E-02 1.339E+03 9.948E-01 2.825E+01 2.000E+00
1.116E+07 7.417E+02 9.948E-01 4.677E-02 7.845E-03 1.412E+03 9.995E-01 2.814E+01 2.000E+00
8.460E+06 5.674E+02 1.089E+00 4.677E-02 7.845E-03 1.559E+03 9.995E-01 2.814E+01 2.000E+00
1.578E+07 7.417E+02 9.948E-01 4.677E-02 7.845E-03 1.403E+03 9.995E-01 2.814E+01 2.000E+00
3.187E+07 7.417E+02 9.948E-01 4.677E-02 7.845E-03 1.402E+03 9.995E-01 2.814E+01 2.000E+00
2.368E+08 7.507E+02 9.906E-01 4.677E-02 7.845E-03 1.397E+03 9.995E-01 2.814E+01 2.000E+00
8.938E+06 5.068E+02 1.128E+00 4.677E-02 7.846E-03 1.647E+03 9.995E-01 2.814E+01 2.000E+00
2.191E+07 9.761E+02 8.982E-01 4.677E-02 7.847E-03 1.295E+03 9.995E-01 2.814E+01 2.000E+00
5.437E+07 9.761E+02 8.982E-01 4.677E-02 7.848E-03 1.295E+03 9.995E-01 2.814E+01 2.000E+00
2.330E+07 9.589E+02 9.044E-01 4.677E-02 7.851E-03 1.302E+03 9.995E-01 2.814E+01 2.000E+00
6.828E+06 9.070E+02 9.239E-01 4.677E-02 7.856E-03 1.319E+03 9.995E-01 2.814E+01 2.000E+00
1.519E+07 7.842E+02 9.751E-01 4.677E-02 7.866E-03 1.377E+03 9.995E-01 2.814E+01 2.000E+00
2.008E+07 9.695E+02 9.006E-01 4.677E-02 7.883E-03 1.298E+03 9.995E-01 2.814E+01 2.000E+00
6.063E+07 9.468E+02 9.089E-01 4.677E-02 7.915E-03 1.308E+03 9.995E-01 2.814E+01 2.000E+00
3.557E+07 8.354E+02 9.529E-01 4.677E-02 7.974E-03 1.352E+03 9.996E-01 2.814E+01 2.000E+00
7.063E+06 7.270E+02 1.002E+00 4.677E-02 8.082E-03 1.412E+03 9.997E-01 2.814E+01 2.000E+00
7.987E+07 5.281E+02 1.115E+00 4.677E-02 8.280E-03 1.613E+03 9.999E-01 2.815E+01 2.000E+00
1.331E+07 4.376E+02 1.179E+00 4.677E-02 8.643E-03 1.784E+03 1.000E+00 2.816E+01 0.000E+00
1.600E+07 6.405E+02 1.049E+00 4.677E-02 9.308E-03 1.482E+03 1.000E+00 2.817E+01 0.000E+00
4.071E+06 3.187E+02 1.281E+00 4.677E-02 1.053E-02 2.221E+03 1.000E+00 2.820E+01 0.000E+00
2.577E+07 5.915E+02 1.082E+00 4.677E-02 1.276E-02 1.532E+03 1.000E+00 2.825E+01 0.000E+00
2.215E+07 6.082E+02 1.065E+00 5.915E-02 7.845E-03 1.523E+03 1.000E+00 2.814E+01 0.000E+00
3.488E+07 6.082E+02 1.065E+00 5.915E-02 7.845E-03 1.523E+03 1.000E+00 2.814E+01 0.000E+00
3.481E+06 4.247E+02 1.187E+00 5.915E-02 7.845E-03 1.829E+03 1.000E+00 2.814E+01 0.000E+00
4.865E+06 4.247E+02 1.187E+00 5.915E-02 7.845E-03 1.830E+03 1.000E+00 2.814E+01 0.000E+00
2.133E+07 4.247E+02 1.187E+00 5.915E-02 7.845E-03 1.829E+03 1.000E+00 2.814E+01 0.000E+00
1.285E+07 4.954E+02 1.136E+00 5.915E-02 7.846E-03 1.675E+03 1.000E+00 2.814E+01 0.000E+00
1.282E+07 2.829E+02 1.303E+00 5.915E-02 7.847E-03 2.562E+03 1.000E+00 2.814E+01 0.000E+00
2.153E+07 6.866E+02 1.022E+00 5.915E-02 7.848E-03 1.452E+03 1.000E+00 2.814E+01 0.000E+00
4.940E+07 7.581E+02 9.871E-01 5.915E-02 7.851E-03 1.404E+03 1.000E+00 2.814E+01 0.000E+00
1.137E+07 3.167E+02 1.274E+00 5.915E-02 7.856E-03 2.283E+03 1.000E+00 2.814E+01 0.000E+00
3.298E+06 7.805E+02 9.768E-01 5.915E-02 7.866E-03 1.391E+03 1.000E+00 2.814E+01 0.000E+00
6.473E+06 8.347E+02 9.531E-01 5.915E-02 7.883E-03 1.367E+03 1.000E+00 2.814E+01 0.000E+00
2.698E+07 9.196E+02 9.191E-01 5.915E-02 7.915E-03 1.328E+03 1.000E+00 2.814E+01 0.000E+00
4.388E+06 2.431E+02 1.338E+00 5.915E-02 7.974E-03 3.135E+03 1.000E+00 2.814E+01 0.000E+00
7.508E+06 8.913E+02 9.302E-01 5.915E-02 8.082E-03 1.340E+03 1.000E+00 2.814E+01 0.000E+00
3.237E+08 9.198E+02 9.193E-01 5.915E-02 8.280E-03 1.330E+03 1.000E+00 2.815E+01 0.000E+00
8.246E+07 8.853E+02 9.330E-01 5.915E-02 8.643E-03 1.345E+03 1.000E+00 2.816E+01 0.000E+00
2.385E+06 8.393E+02 9.525E-01 5.915E-02 9.308E-03 1.367E+03 1.000E+00 2.817E+01 0.000E+00
4.156E+06 2.797E+02 1.316E+00 5.915E-02 1.053E-02 2.523E+03 1.000E+00 2.820E+01 0.000E+00
1.305E+07 6.890E+02 1.027E+00 5.915E-02 1.276E-02 1.465E+03 1.000E+00 2.825E+01 0.000E+00
5.962E+06 2.321E+02 1.347E+00 7.482E-02 7.845E-03 3.410E+03 1.000E+00 2.814E+01 0.000E+00
6.820E+06 2.321E+02 1.347E+00 7.482E-02 7.845E-03 3.410E+03 1.000E+00 2.814E+01 0.000E+00
9.316E+06 2.321E+02 1.347E+00 7.482E-02 7.845E-03 3.410E+03 1.000E+00 2.814E+01 0.000E+00
3.002E+07 2.321E+02 1.347E+00 7.482E-02 7.845E-03 3.410E+03 1.000E+00 2.814E+01 0.000E+00
1.753E+07 7.548E+02 9.887E-01 7.482E-02 7.845E-03 1.422E+03 1.000E+00 2.814E+01 0.000E+00
2.149E+08 3.992E+02 1.206E+00 7.482E-02 7.846E-03 1.915E+03 1.000E+00 2.814E+01 0.000E+00
1.366E+07 7.678E+02 9.826E-01 7.482E-02 7.847E-03 1.414E+03 1.000E+00 2.814E+01 0.000E+00
2.176E+08 7.414E+02 9.950E-01 7.482E-02 7.848E-03 1.430E+03 1.000E+00 2.814E+01 0.000E+00
9.686E+06 7.177E+02 1.007E+00 7.482E-02 7.851E-03 1.446E+03 1.000E+00 2.814E+01 0.000E+00
3.585E+07 2.827E+02 1.304E+00 7.482E-02 7.856E-03 2.571E+03 1.000E+00 2.814E+01 0.000E+00
7.907E+07 8.136E+02 9.622E-01 7.482E-02 7.866E-03 1.390E+03 1.000E+00 2.814E+01 0.000E+00
1.755E+07 7.579E+02 9.873E-01 7.482E-02 7.883E-03 1.421E+03 1.000E+00 2.814E+01 0.000E+00
5.285E+06 6.789E+02 1.026E+00 7.482E-02 7.915E-03 1.473E+03 1.000E+00 2.814E+01 0.000E+00
8.776E+07 8.662E+02 9.402E-01 7.482E-02 7.974E-03 1.367E+03 1.000E+00 2.814E+01 0.000E+00
2.166E+07 2.330E+02 1.347E+00 7.482E-02 8.082E-03 3.371E+03 1.000E+00 2.814E+01 0.000E+00
3.725E+06 6.598E+02 1.037E+00 7.482E-02 8.280E-03 1.490E+03 1.000E+00 2.815E+01 0.000E+00
3.158E+06 4.149E+02 1.196E+00 7.482E-02 8.643E-03 1.865E+03 1.000E+00 2.816E+01 0.000E+00
9.972E+06 3.905E+02 1.217E+00 7.482E-02 9.308E-03 1.935E+03 1.000E+00 2.817E+01 0.000E+00
1.959E+07 9.341E+02 9.157E-01 7.482E-02 1.053E-02 1.357E+03 1.000E+00 2.820E+01 0.000E+00
3.921E+06 9.740E+02 9.027E-01 7.482E-02 1.276E-02 1.358E+03 1.000E+00 2.825E+01 0.000E+00
1.294E+07 7.474E+02 9.922E-01 9.464E-02 7.845E-03 1.449E+03 1.000E+00 2.814E+01 0.000E+00
1.071E+06 2.082E+02 1.366E+00 9.464E-02 7.845E-03 4.404E+03 1.000E+00 2.814E+01 0.000E+00
1.939E+07 7.474E+02 9.922E-01 9.464E-02 7.845E-03 1.448E+03 1.000E+00 2.814E+01 0.000E+00
4.955E+07 7.474E+02 9.922E-01 9.464E-02 7.845E-03 1.463E+03 1.000E+00 2.814E+01 0.000E+00
9.312E+06 9.455E+02 9.094E-01 9.464E-02 7.845E-03 1.365E+03 1.000E+00 2.814E+01 0.000E+00
1.108E+07 9.455E+02 9.094E-01 9.464E-02 7.846E-03 1.364E+03 1.000E+00 2.814E+01 0.000E+00
1.777E+07 2.993E+02 1.289E+00 9.464E-02 7.847E-03 2.432E+03 1.000E+00 2.814E+01 0.000E+00
4.336E+07 9.447E+02 9.097E-01 9.464E-02 7.848E-03 1.365E+03 1.000E+00 2.814E+01 0.000E+00
2.638E+06 2.600E+02 1.324E+00 9.464E-02 7.851E-03 2.858E+03 1.000E+00 2.814E+01 0.000E+00
9.518E+06 9.479E+02 9.085E-01 9.464E-02 7.856E-03 1.364E+03 1.000E+00 2.814E+01 0.000E+00
7.580E+07 9.641E+02 9.026E-01 9.464E-02 7.866E-03 1.359E+03 1.000E+00 2.814E+01 0.000E+00
6.821E+07 7.596E+02 9.865E-01 9.464E-02 7.883E-03 1.441E+03 1.000E+00 2.814E+01 0.000E+00
1.389E+07 5.159E+02 1.122E+00 9.464E-02 7.915E-03 1.672E+03 1.000E+00 2.814E+01 0.000E+00
2.153E+07 3.863E+02 1.217E+00 9.464E-02 7.974E-03 1.972E+03 1.000E+00 2.814E+01 0.000E+00
3.129E+06 3.046E+02 1.286E+00 9.464E-02 8.082E-03 2.389E+03 1.000E+00 2.815E+01 0.000E+00
2.088E+07 8.940E+02 9.293E-01 9.464E-02 8.280E-03 1.385E+03 1.000E+00 2.815E+01 0.000E+00
8.920E+06 7.567E+02 9.887E-01 9.464E-02 8.643E-03 1.450E+03 1.000E+00 2.816E+01 0.000E+00
2.881E+07 8.809E+02 9.354E-01 9.464E-02 9.308E-03 1.396E+03 1.000E+00 2.817E+01 0.000E+00
1.256E+07 4.727E+02 1.157E+00 9.464E-02 1.053E-02 1.747E+03 1.000E+00 2.820E+01 0.000E+00
1.310E+07 9.206E+02 9.227E-01 9.464E-02 1.276E-02 1.408E+03 1.000E+00 2.825E+01 0.000E+00
4.924E+07 6.983E+02 1.016E+00 1.197E-01 7.845E-03 1.511E+03 1.000E+00 2.814E+01 0.000E+00
1.187E+08 6.983E+02 1.016E+00 1.197E-01 7.845E-03 1.511E+03 1.000E+00 2.814E+01 0.000E+00
1.091E+08 7.709E+02 9.813E-01 1.197E-01 7.845E-03 1.468E+03 1.000E+00 2.814E+01 0.000E+00
5.604E+06 7.594E+02 9.866E-01 1.197E-01 7.845E-03 1.475E+03 1.000E+00 2.814E+01 0.000E+00
8.451E+06 6.666E+02 1.033E+00 1.197E-01 7.845E-03 1.533E+03 1.000E+00 2.814E+01 0.000E+00
2.733E+07 7.594E+02 9.866E-01 1.197E-01 7.846E-03 1.475E+03 1.000E+00 2.814E+01 0.000E+00
1.520E+07 5.664E+02 1.090E+00 1.197E-01 7.847E-03 1.629E+03 1.000E+00 2.814E+01 0.000E+00
1.893E+08 7.205E+02 1.005E+00 1.197E-01 7.848E-03 1.497E+03 1.000E+00 2.814E+01 0.000E+00
6.580E+06 7.680E+02 9.826E-01 1.197E-01 7.851E-03 1.470E+03 1.000E+00 2.814E+01 0.000E+00
2.162E+07 8.726E+02 9.375E-01 1.197E-01 7.856E-03 1.426E+03 1.000E+00 2.814E+01 0.000E+00
3.980E+06 2.081E+02 1.367E+00 1.197E-01 7.866E-03 4.375E+03 1.000E+00 2.814E+01 0.000E+00
8.872E+06 6.784E+02 1.027E+00 1.197E-01 7.883E-03 1.525E+03 1.000E+00 2.814E+01 0.000E+00
1.536E+08 7.180E+02 1.007E+00 1.197E-01 7.915E-03 1.498E+03 1.000E+00 2.814E+01 0.000E+00
1.848E+07 7.880E+02 9.736E-01 1.197E-01 7.974E-03 1.461E+03 1.000E+00 2.814E+01 0.000E+00
7.272E+06 3.951E+02 1.210E+00 1.197E-01 8.082E-03 1.964E+03 1.000E+00 2.815E+01 0.000E+00
1.472E+07 5.822E+02 1.081E+00 1.197E-01 8.280E-03 1.613E+03 1.000E+00 2.815E+01 0.000E+00
3.876E+07 4.595E+02 1.163E+00 1.197E-01 8.643E-03 1.798E+03 1.000E+00 2.816E+01 0.000E+00
3.160E+07 4.022E+02 1.208E+00 1.197E-01 9.308E-03 1.939E+03 1.000E+00 2.817E+01 0.000E+00
1.540E+07 8.997E+02 9.290E-01 1.197E-01 1.053E-02 1.445E+03 1.000E+00 2.820E+01 0.000E+00
1.582E+08 7.008E+02 1.021E+00 1.197E-01 1.276E-02 1.540E+03 1.000E+00 2.825E+01 0.000E+00
2.162E+07 8.226E+02 9.583E-01 1.514E-01 7.845E-03 1.501E+03 1.000E+00 2.814E+01 0.000E+00
2.486E+07 8.226E+02 9.583E-01 1.514E-01 7.845E-03 1.503E+03 1.000E+00 2.814E+01 0.000E+00
3.440E+07 8.226E+02 9.583E-01 1.514E-01 7.845E-03 1.501E+03 1.000E+00 2.814E+01 0.000E+00
1.218E+08 8.226E+02 9.583E-01 1.514E-01 7.845E-03 1.500E+03 1.000E+00 2.814E+01 0.000E+00
7.412E+05 2.358E+02 1.345E+00 1.514E-01 7.845E-03 3.327E+03 1.000E+00 2.814E+01 0.000E+00
1.822E+07 8.005E+02 9.680E-01 1.514E-01 7.846E-03 1.515E+03 1.000E+00 2.814E+01 0.000E+00
1.384E+07 5.052E+02 1.129E+00 1.514E-01 7.847E-03 1.749E+03 1.000E+00 2.814E+01 0.000E+00
2.733E+07 2.813E+02 1.306E+00 1.514E-01 7.848E-03 2.633E+03 1.000E+00 2.814E+01 0.000E+00
5.547E+06 8.662E+02 9.401E-01 1.514E-01 7.851E-03 1.488E+03 1.000E+00 2.814E+01 0.000E+00
9.074E+06 9.154E+02 9.207E-01 1.514E-01 7.856E-03 1.477E+03 1.000E+00 2.814E+01 0.000E+00
9.679E+07 5.623E+02 1.093E+00 1.514E-01 7.866E-03 1.673E+03 1.000E+00 2.814E+01 0.000E+00
3.691E+07 4.637E+02 1.158E+00 1.514E-01 7.883E-03 1.823E+03 1.000E+00 2.814E+01 0.000E+00
8.003E+06 2.189E+02 1.360E+00 1.514E-01 7.915E-03 3.824E+03 1.000E+00 2.814E+01 0.000E+00
6.548E+07 9.685E+02 9.011E-01 1.514E-01 7.974E-03 1.472E+03 1.000E+00 2.814E+01 0.000E+00
2.982E+07 9.722E+02 8.999E-01 1.514E-01 8.082E-03 1.473E+03 1.000E+00 2.815E+01 0.000E+00
3.290E+07 9.062E+02 9.246E-01 1.514E-01 8.280E-03 1.486E+03 1.000E+00 2.815E+01 0.000E+00
8.076E+06 5.674E+02 1.091E+00 1.514E-01 8.643E-03 1.674E+03 1.000E+00 2.816E+01 0.000E+00
6.812E+06 6.129E+02 1.064E+00 1.514E-01 9.308E-03 1.633E+03 1.000E+00 2.817E+01 0.000E+00
7.298E+06 9.444E+02 9.119E-01 1.514E-01 1.053E-02 1.517E+03 1.000E+00 2.820E+01 0.000E+00
2.954E+06 5.901E+02 1.083E+00 1.514E-01 1.276E-02 1.679E+03 1.000E+00 2.825E+01 0.000E+00
1.362E+07 7.464E+02 9.928E-01 1.915E-01 7.845E-03 1.616E+03 1.000E+00 2.814E+01 0.000E+00
1.553E+07 7.464E+02 9.928E-01 1.915E-01 7.845E-03 1.618E+03 1.000E+00 2.814E+01 0.000E+00
2.098E+07 7.464E+02 9.928E-01 1.915E-01 7.845E-03 1.616E+03 1.000E+00 2.814E+01 0.000E+00
6.161E+07 7.464E+02 9.928E-01 1.915E-01 7.845E-03 1.616E+03 1.000E+00 2.814E+01 0.000E+00
5.453E+06 3.288E+02 1.265E+00 1.915E-01 7.845E-03 2.314E+03 1.000E+00 2.814E+01 0.000E+00
3.153E+07 9.822E+02 8.962E-01 1.915E-01 7.846E-03 1.607E+03 1.000E+00 2.814E+01 0.000E+00
3.535E+06 6.995E+02 1.016E+00 1.915E-01 7.847E-03 1.635E+03 1.000E+00 2.814E+01 0.000E+00
3.241E+06 6.624E+02 1.035E+00 1.915E-01 7.848E-03 1.654E+03 1.000E+00 2.814E+01 0.000E+00
4.151E+06 3.555E+02 1.242E+00 1.915E-01 7.851E-03 2.183E+03 1.000E+00 2.814E+01 0.000E+00
7.825E+06 7.609E+02 9.860E-01 1.915E-01 7.856E-03 1.612E+03 1.000E+00 2.814E+01 0.000E+00
4.338E+07 7.998E+02 9.683E-01 1.915E-01 7.866E-03 1.603E+03 1.000E+00 2.814E+01 0.000E+00
4.000E+07 9.801E+02 8.969E-01 1.915E-01 7.883E-03 1.604E+03 1.000E+00 2.814E+01 0.000E+00
5.355E+07 8.692E+02 9.390E-01 1.915E-01 7.915E-03 1.597E+03 1.000E+00 2.814E+01 0.000E+00
7.409E+06 9.452E+02 9.096E-01 1.915E-01 7.974E-03 1.604E+03 1.000E+00 2.815E+01 0.000E+00
1.297E+07 4.897E+02 1.141E+00 1.915E-01 8.082E-03 1.832E+03 1.000E+00 2.815E+01 0.000E+00
2.125E+07 8.088E+02 9.648E-01 1.915E-01 8.280E-03 1.610E+03 1.000E+00 2.815E+01 0.000E+00
8.367E+06 7.780E+02 9.789E-01 1.915E-01 8.643E-03 1.624E+03 1.000E+00 2.816E+01 0.000E+00
5.835E+07 7.179E+02 1.008E+00 1.915E-01 9.308E-03 1.653E+03 1.000E+00 2.818E+01 0.000E+00
5.869E+06 4.180E+02 1.199E+00 1.915E-01 1.053E-02 1.989E+03 1.000E+00 2.820E+01 0.000E+00
6.697E+06 2.745E+02 1.331E+00 1.915E-01 1.276E-02 2.646E+03 1.000E+00 2.826E+01 0.000E+00
9.554E+06 4.939E+02 1.137E+00 2.422E-01 7.845E-03 1.914E+03 1.000E+00 2.814E+01 0.000E+00
1.211E+07 4.939E+02 1.137E+00 2.422E-01 7.845E-03 1.914E+03 1.000E+00 2.814E+01 0.000E+00
2.414E+07 4.939E+02 1.137E+00 2.422E-01 7.845E-03 1.914E+03 1.000E+00 2.814E+01 0.000E+00
1.562E+07 2.863E+02 1.303E+00 2.422E-01 7.845E-03 2.669E+03 1.000E+00 2.814E+01 0.000E+00
2.029E+07 8.327E+02 9.541E-01 2.422E-01 7.845E-03 1.823E+03 1.000E+00 2.814E+01 0.000E+00
1.347E+07 8.508E+02 9.465E-01 2.422E-01 7.846E-03 1.835E+03 1.000E+00 2.814E+01 0.000E+00
6.748E+06 8.334E+02 9.538E-01 2.422E-01 7.847E-03 1.824E+03 1.000E+00 2.814E+01 0.000E+00
1.572E+07 6.207E+02 1.058E+00 2.422E-01 7.848E-03 1.808E+03 1.000E+00 2.814E+01 0.000E+00
1.514E+07 5.680E+02 1.089E+00 2.422E-01 7.851E-03 1.838E+03 1.000E+00 2.814E+01 0.000E+00
1.129E+07 3.199E+02 1.273E+00 2.422E-01 7.856E-03 2.425E+03 1.000E+00 2.814E+01 0.000E+00
8.025E+06 7.668E+02 9.833E-01 2.422E-01 7.866E-03 1.797E+03 1.000E+00 2.814E+01 0.000E+00
3.565E+07 9.767E+02 8.982E-01 2.422E-01 7.883E-03 1.986E+03 1.000E+00 2.814E+01 0.000E+00
7.141E+06 8.689E+02 9.392E-01 2.422E-01 7.915E-03 1.897E+03 1.000E+00 2.814E+01 0.000E+00
1.719E+07 3.224E+02 1.271E+00 2.422E-01 7.974E-03 2.410E+03 1.000E+00 2.815E+01 0.000E+00
3.893E+07 7.881E+02 9.738E-01 2.422E-01 8.082E-03 1.813E+03 1.000E+00 2.815E+01 0.000E+00
3.911E+07 8.948E+02 9.292E-01 2.422E-01 8.280E-03 1.900E+03 1.000E+00 2.815E+01 0.000E+00
3.510E+07 4.141E+02 1.197E+00 2.422E-01 8.643E-03 2.071E+03 1.000E+00 2.816E+01 0.000E+00
2.186E+08 9.053E+02 9.259E-01 2.422E-01 9.308E-03 2.230E+03 1.000E+00 2.818E+01 0.000E+00
7.011E+06 7.461E+02 9.959E-01 2.422E-01 1.053E-02 1.903E+03 1.000E+00 2.820E+01 0.000E+00
9.628E+06 7.912E+02 9.771E-01 2.422E-01 1.276E-02 2.042E+03 1.000E+00 2.826E+01 0.000E+00
9.266E+06 8.097E+02 9.641E-01 3.064E-01 7.845E-03 2.756E+03 1.000E+00 2.814E+01 0.000E+00
9.814E+06 8.097E+02 9.641E-01 3.064E-01 7.845E-03 2.756E+03 1.000E+00 2.814E+01 0.000E+00
1.102E+07 8.097E+02 9.641E-01 3.064E-01 7.845E-03 2.762E+03 1.000E+00 2.814E+01 0.000E+00
1.430E+07 8.097E+02 9.641E-01 3.064E-01 7.845E-03 2.760E+03 1.000E+00 2.814E+01 0.000E+00
3.293E+07 8.097E+02 9.641E-01 3.064E-01 7.845E-03 2.758E+03 1.000E+00 2.814E+01 0.000E+00
3.013E+06 7.908E+02 9.725E-01 3.064E-01 7.846E-03 2.618E+03 1.000E+00 2.814E+01 0.000E+00
4.587E+06 7.908E+02 9.725E-01 3.064E-01 7.847E-03 2.618E+03 1.000E+00 2.814E+01 0.000E+00
9.959E+06 7.449E+02 9.937E-01 3.064E-01 7.848E-03 2.388E+03 1.000E+00 2.814E+01 0.000E+00
1.427E+08 7.248E+02 1.003E+00 3.064E-01 7.851E-03 2.318E+03 1.000E+00 2.815E+01 0.000E+00
1.517E+07 3.022E+02 1.289E+00 3.064E-01 7.856E-03 2.636E+03 1.000E+00 2.815E+01 0.000E+00
3.020E+07 6.999E+02 1.016E+00 3.064E-01 7.866E-03 2.251E+03 1.000E+00 2.815E+01 0.000E+00
1.386E+08 7.208E+02 1.005E+00 3.064E-01 7.883E-03 2.311E+03 1.000E+00 2.815E+01 0.000E+00
9.994E+06 3.870E+02 1.218E+00 3.064E-01 7.915E-03 2.268E+03 1.000E+00 2.815E+01 0.000E+00
5.699E+06 5.796E+02 1.083E+00 3.064E-01 7.974E-03 2.101E+03 1.000E+00 2.815E+01 0.000E+00
7.020E+06 6.176E+02 1.060E+00 3.064E-01 8.082E-03 2.136E+03 1.000E+00 2.815E+01 0.000E+00
1.530E+08 4.876E+02 1.143E+00 3.064E-01 8.280E-03 2.128E+03 1.000E+00 2.815E+01 0.000E+00
7.461E+06 5.238E+02 1.119E+00 3.064E-01 8.643E-03 2.128E+03 1.000E+00 2.816E+01 0.000E+00
7.551E+07 3.340E+02 1.266E+00 3.064E-01 9.308E-03 2.477E+03 1.000E+00 2.818E+01 0.000E+00
5.627E+06 5.532E+02 1.103E+00 3.064E-01 1.053E-02 2.251E+03 1.000E+00 2.821E+01 0.000E+00
3.249E+07 5.196E+02 1.129E+00 3.064E-01 1.276E-02 2.363E+03 1.000E+00 2.826E+01 0.000E+00
1.846E+06 3.590E+02 1.241E+00 3.875E-01 7.845E-03 2.646E+03 1.000E+00 2.815E+01 0.000E+00
1.929E+06 3.590E+02 1.241E+00 3.875E-01 7.845E-03 2.612E+03 1.000E+00 2.815E+01 0.000E+00
2.103E+06 3.590E+02 1.241E+00 3.875E-01 7.845E-03 2.612E+03 1.000E+00 2.815E+01 0.000E+00
2.542E+06 3.672E+02 1.234E+00 3.875E-01 7.845E-03 2.597E+03 1.000E+00 2.815E+01 0.000E+00
4.184E+06 3.590E+02 1.241E+00 3.875E-01 7.845E-03 2.612E+03 1.000E+00 2.815E+01 0.000E+00
2.462E+07 3.642E+02 1.237E+00 3.875E-01 7.846E-03 2.602E+03 1.000E+00 2.815E+01 0.000E+00
5.098E+06 4.750E+02 1.151E+00 3.875E-01 7.847E-03 2.676E+03 1.000E+00 2.815E+01 0.000E+00
1.725E+07 2.846E+02 1.306E+00 3.875E-01 7.848E-03 2.943E+03 1.000E+00 2.815E+01 0.000E+00
2.546E+06 5.076E+02 1.129E+00 3.875E-01 7.851E-03 2.836E+03 1.000E+00 2.815E+01 0.000E+00
1.737E+07 5.601E+02 1.095E+00 3.875E-01 7.856E-03 3.424E+03 1.000E+00 2.815E+01 0.000E+00
4.146E+08 5.154E+02 1.123E+00 3.875E-01 7.866E-03 2.893E+03 1.000E+00 2.815E+01 0.000E+00
1.476E+07 5.512E+02 1.100E+00 3.875E-01 7.883E-03 3.285E+03 1.000E+00 2.815E+01 0.000E+00
1.697E+07 2.120E+02 1.371E+00 3.875E-01 7.915E-03 4.146E+03 1.000E+00 2.815E+01 0.000E+00
3.795E+06 3.420E+02 1.256E+00 3.875E-01 7.974E-03 2.662E+03 1.000E+00 2.815E+01 0.000E+00
1.292E+07 5.496E+02 1.102E+00 3.875E-01 8.082E-03 3.360E+03 1.000E+00 2.815E+01 0.000E+00
3.160E+06 3.384E+02 1.260E+00 3.875E-01 8.280E-03 2.688E+03 1.000E+00 2.816E+01 0.000E+00
7.122E+06 5.376E+02 1.110E+00 3.875E-01 8.643E-03 3.428E+03 1.000E+00 2.817E+01 0.000E+00
5.613E+06 5.327E+02 1.115E+00 3.875E-01 9.308E-03 3.680E+03 1.000E+00 2.818E+01 0.000E+00
3.844E+06 3.959E+02 1.217E+00 3.875E-01 1.053E-02 2.853E+03 1.000E+00 2.821E+01 0.000E+00
8.701E+06 3.244E+02 1.286E+00 3.875E-01 1.276E-02 3.055E+03 1.000E+00 2.826E+01 0.000E+00
7.821E+06 2.532E+02 1.336E+00 4.902E-01 7.845E-03 3.610E+03 1.000E+00 2.815E+01 0.000E+00
9.844E+06 2.532E+02 1.336E+00 4.902E-01 7.845E-03 3.611E+03 1.000E+00 2.815E+01 0.000E+00
1.893E+07 2.532E+02 1.336E+00 4.902E-01 7.845E-03 3.610E+03 1.000E+00 2.815E+01 0.000E+00
1.123E+07 2.499E+02 1.339E+00 4.902E-01 7.845E-03 3.644E+03 1.000E+00 2.815E+01 0.000E+00
8.714E+06 2.524E+02 1.337E+00 4.902E-01 7.845E-03 3.619E+03 1.000E+00 2.815E+01 0.000E+00
3.515E+06 2.311E+02 1.356E+00 4.902E-01 7.846E-03 3.902E+03 1.000E+00 2.815E+01 0.000E+00
1.387E+06 2.084E+02 1.376E+00 4.902E-01 7.847E-03 4.457E+03 1.000E+00 2.815E+01 0.000E+00
7.031E+05 2.128E+02 1.372E+00 4.902E-01 7.848E-03 4.319E+03 1.000E+00 2.815E+01 0.000E+00
2.736E+06 2.128E+02 1.372E+00 4.902E-01 7.851E-03 4.318E+03 1.000E+00 2.815E+01 0.000E+00
2.248E+06 2.004E+02 1.383E+00 4.902E-01 7.856E-03 4.774E+03 1.000E+00 2.815E+01 0.000E+00
7.686E+07 2.545E+02 1.335E+00 4.902E-01 7.866E-03 3.600E+03 1.000E+00 2.815E+01 0.000E+00
6.992E+06 2.552E+02 1.334E+00 4.902E-01 7.883E-03 3.595E+03 1.000E+00 2.815E+01 0.000E+00
6.837E+06 3.004E+02 1.293E+00 4.902E-01 7.915E-03 3.420E+03 1.000E+00 2.815E+01 0.000E+00
1.468E+07 2.351E+02 1.353E+00 4.902E-01 7.974E-03 3.872E+03 1.000E+00 2.815E+01 0.000E+00
5.041E+06 2.583E+02 1.332E+00 4.902E-01 8.082E-03 3.585E+03 1.000E+00 2.815E+01 0.000E+00
7.771E+06 2.994E+02 1.295E+00 4.902E-01 8.280E-03 3.491E+03 1.000E+00 2.816E+01 0.000E+00
1.571E+06 3.696E+02 1.235E+00 4.902E-01 8.643E-03 5.936E+03 1.000E+00 2.817E+01 0.000E+00
4.135E+06 2.848E+02 1.313E+00 4.902E-01 9.308E-03 3.687E+03 1.000E+00 2.818E+01 0.000E+00
3.166E+06 2.141E+02 1.385E+00 4.902E-01 1.053E-02 4.333E+03 1.000E+00 2.821E+01 0.000E+00
5.725E+06 2.131E+02 1.397E+00 4.902E-01 1.276E-02 4.624E+03 1.000E+00 2.826E+01 0.000E+00
1.976E+06 2.103E+02 1.377E+00 6.200E-01 7.845E-03 5.378E+03 1.000E+00 2.815E+01 0.000E+00
2.109E+06 2.045E+02 1.383E+00 6.200E-01 7.845E-03 5.432E+03 1.000E+00 2.815E+01 0.000E+00
2.064E+06 2.103E+02 1.377E+00 6.200E-01 7.845E-03 5.290E+03 1.000E+00 2.815E+01 0.000E+00
2.181E+06 2.103E+02 1.377E+00 6.200E-01 7.845E-03 5.290E+03 1.000E+00 2.815E+01 0.000E+00
2.437E+06 2.103E+02 1.377E+00 6.200E-01 7.845E-03 5.290E+03 1.000E+00 2.815E+01 0.000E+00
1.516E+06 2.093E+02 1.378E+00 6.200E-01 7.846E-03 5.305E+03 1.000E+00 2.815E+01 0.000E+00
6.986E+06 2.103E+02 1.377E+00 6.200E-01 7.847E-03 5.290E+03 1.000E+00 2.815E+01 0.000E+00
1.427E+06 2.131E+02 1.375E+00 6.200E-01 7.848E-03 5.272E+03 1.000E+00 2.815E+01 0.000E+00
6.688E+08 2.131E+02 1.375E+00 6.200E-01 7.851E-03 5.270E+03 1.000E+00 2.815E+01 0.000E+00
5.221E+06 2.117E+02 1.376E+00 6.200E-01 7.856E-03 5.281E+03 1.000E+00 2.815E+01 0.000E+00
6.366E+06 2.401E+02 1.350E+00 6.200E-01 7.866E-03 5.904E+03 1.000E+00 2.815E+01 0.000E+00
1.502E+06 2.088E+02 1.379E+00 6.200E-01 7.883E-03 5.323E+03 1.000E+00 2.815E+01 0.000E+00
4.738E+06 2.299E+02 1.360E+00 6.200E-01 7.915E-03 5.459E+03 1.000E+00 2.815E+01 0.000E+00
3.209E+06 2.371E+02 1.354E+00 6.200E-01 7.974E-03 5.851E+03 1.000E+00 2.816E+01 0.000E+00
2.482E+06 2.255E+02 1.365E+00 6.200E-01 8.082E-03 5.485E+03 1.000E+00 2.816E+01 0.000E+00
1.028E+06 2.277E+02 1.364E+00 6.200E-01 8.280E-03 5.751E+03 1.000E+00 2.816E+01 0.000E+00
1.109E+06 2.246E+02 1.368E+00 6.200E-01 8.643E-03 6.045E+03 1.000E+00 2.817E+01 0.000E+00
9.344E+05 2.102E+02 1.385E+00 6.200E-01 9.308E-03 7.084E+03 1.000E+00 2.819E+01 0.000E+00
NAN NAN NAN 6.200E-01 1.053E-02 NAN 1.000E+00 2.821E+01 0.000E+00
NAN NAN NAN 6.200E-01 1.276E-02 NAN 1.000E+00 2.826E+01 0.000E+00
NAN NAN NAN 7.842E-01 7.845E-03 NAN 1.000E+00 2.816E+01 0.000E+00
NAN NAN NAN 7.842E-01 7.845E-03 NAN 1.000E+00 2.816E+01 0.000E+00
NAN NAN NAN 7.842E-01 7.845E-03 NAN 1.000E+00 2.816E+01 0.000E+00
NAN NAN NAN 7.842E-01 7.845E-03 NAN 1.000E+00 2.816E+01 0.000E+00
NAN NAN NAN 7.842E-01 7.845E-03 NAN 1.000E+00 2.816E+01 0.000E+00
NAN NAN NAN 7.842E-01 7.846E-03 NAN 1.000E+00 2.816E+01 0.000E+00
NAN NAN NAN 7.842E-01 7.847E-03 NAN 1.000E+00 2.816E+01 0.000E+00
NAN NAN NAN 7.842E-01 7.848E-03 NAN 1.000E+00 2.816E+01 0.000E+00
NAN NAN NAN 7.842E-01 7.851E-03 NAN 1.000E+00 2.816E+01 0.000E+00
NAN NAN NAN 7.842E-01 7.856E-03 NAN 1.000E+00 2.816E+01 0.000E+00
NAN NAN NAN 7.842E-01 7.866E-03 NAN 1.000E+00 2.816E+01 0.000E+00
NAN NAN NAN 7.842E-01 7.883E-03 NAN 1.000E+00 2.816E+01 0.000E+00
NAN NAN NAN 7.842E-01 7.915E-03 NAN 1.000E+00 2.816E+01 0.000E+00
NAN NAN NAN 7.842E-01 7.974E-03 NAN 1.000E+00 2.816E+01 0.000E+00
NAN NAN NAN 7.842E-01 8.082E-03 NAN 1.000E+00 2.816E+01 0.000E+00
NAN NAN NAN 7.842E-01 8.280E-03 NAN 1.000E+00 2.817E+01 0.000E+00
NAN NAN NAN 7.842E-01 8.643E-03 NAN 1.000E+00 2.817E+01 0.000E+00
NAN NAN NAN 7.842E-01 9.308E-03 NAN 1.000E+00 2.819E+01 0.000E+00
NAN NAN NAN 7.842E-01 1.053E-02 NAN 1.000E+00 2.822E+01 0.000E+00
NAN NAN NAN 7.842E-01 1.276E-02 NAN 1.000E+00 2.827E+01 0.000E+00
NAN NAN NAN 9.919E-01 7.845E-03 NAN 1.000E+00 2.816E+01 0.000E+00
NAN NAN NAN 9.919E-01 7.845E-03 NAN 1.000E+00 2.816E+01 0.000E+00
NAN NAN NAN 9.919E-01 7.845E-03 NAN 1.000E+00 2.816E+01 0.000E+00
NAN NAN NAN 9.919E-01 7.845E-03 NAN 1.000E+00 2.816E+01 0.000E+00
NAN NAN NAN 9.919E-01 7.845E-03 NAN 1.000E+00 2.816E+01 0.000E+00
NAN NAN NAN 9.919E-01 7.846E-03 NAN 1.000E+00 2.816E+01 0.000E+00
NAN NAN NAN 9.919E-01 7.847E-03 NAN 1.000E+00 2.816E+01 0.000E+00
NAN NAN NAN 9.919E-01 7.848E-03 NAN 1.000E+00 2.816E+01 0.000E+00
NAN NAN NAN 9.919E-01 7.851E-03 NAN 1.000E+00 2.816E+01 0.000E+00
NAN NAN NAN 9.919E-01 7.856E-03 NAN 1.000E+00 2.816E+01 0.000E+00
NAN NAN NAN 9.919E-01 7.866E-03 NAN 1.000E+00 2.816E+01 0.000E+00
NAN NAN NAN 9.919E-01 7.883E-03 NAN 1.000E+00 2.816E+01 0.000E+00
NAN NAN NAN 9.919E-01 7.915E-03 NAN 1.000E+00 2.816E+01 0.000E+00
NAN NAN NAN 9.919E-01 7.974E-03 NAN 1.000E+00 2.816E+01 0.000E+00
NAN NAN NAN 9.919E-01 8.082E-03 NAN 1.000E+00 2.817E+01 0.000E+00
NAN NAN NAN 9.919E-01 8.280E-03 NAN 1.000E+00 2.817E+01 0.000E+00
NAN NAN NAN 9.919E-01 8.643E-03 NAN 1.000E+00 2.818E+01 0.000E+00
NAN NAN NAN 9.919E-01 9.308E-03 NAN 1.000E+00 2.819E+01 0.000E+00
NAN NAN NAN 9.919E-01 1.053E-02 NAN 1.000E+00 2.822E+01 0.000E+00
NAN NAN NAN 9.919E-01 1.276E-02 NAN 1.000E+00 2.827E+01 0.000E+00
NAN NAN NAN 1.255E+00 7.845E-03 NAN 1.000E+00 2.817E+01 0.000E+00
NAN NAN NAN 1.255E+00 7.845E-03 NAN 1.000E+00 2.817E+01 0.000E+00
NAN NAN NAN 1.255E+00 7.845E-03 NAN 1.000E+00 2.817E+01 0.000E+00
NAN NAN NAN 1.255E+00 7.845E-03 NAN 1.000E+00 2.817E+01 0.000E+00
NAN NAN NAN 1.255E+00 7.845E-03 NAN 1.000E+00 2.817E+01 0.000E+00
NAN NAN NAN 1.255E+00 7.846E-03 NAN 1.000E+00 2.817E+01 0.000E+00
NAN NAN NAN 1.255E+00 7.847E-03 NAN 1.000E+00 2.817E+01 0.000E+00
NAN NAN NAN 1.255E+00 7.848E-03 NAN 1.000E+00 2.817E+01 0.000E+00
NAN NAN NAN 1.255E+00 7.851E-03 NAN 1.000E+00 2.817E+01 0.000E+00
NAN NAN NAN 1.255E+00 7.856E-03 NAN 1.000E+00 2.817E+01 0.000E+00
NAN NAN NAN 1.255E+00 7.866E-03 NAN 1.000E+00 2.817E+01 0.000E+00
NAN NAN NAN 1.255E+00 7.883E-03 NAN 1.000E+00 2.817E+01 0.000E+00
NAN NAN NAN 1.255E+00 7.915E-03 NAN 1.000E+00 2.817E+01 0.000E+00
NAN NAN NAN 1.255E+00 7.974E-03 NAN 1.000E+00 2.817E+01 0.000E+00
NAN NAN NAN 1.255E+00 8.082E-03 NAN 1.000E+00 2.817E+01 0.000E+00
NAN NAN NAN 1.255E+00 8.280E-03 NAN 1.000E+00 2.818E+01 0.000E+00
NAN NAN NAN 1.255E+00 8.643E-03 NAN 1.000E+00 2.818E+01 0.000E+00
NAN NAN NAN 1.255E+00 9.308E-03 NAN 1.000E+00 2.820E+01 0.000E+00
NAN NAN NAN 1.255E+00 1.053E-02 NAN 1.000E+00 2.823E+01 0.000E+00
NAN NAN NAN 1.255E+00 1.276E-02 NAN 1.000E+00 2.828E+01 0.000E+00
NAN NAN NAN 1.587E+00 7.845E-03 NAN 1.000E+00 2.817E+01 0.000E+00
NAN NAN NAN 1.587E+00 7.845E-03 NAN 1.000E+00 2.817E+01 0.000E+00
NAN NAN NAN 1.587E+00 7.845E-03 NAN 1.000E+00 2.817E+01 0.000E+00
NAN NAN NAN 1.587E+00 7.845E-03 NAN 1.000E+00 2.817E+01 0.000E+00
NAN NAN NAN 1.587E+00 7.845E-03 NAN 1.000E+00 2.817E+01 0.000E+00
NAN NAN NAN 1.587E+00 7.846E-03 NAN 1.000E+00 2.817E+01 0.000E+00
NAN NAN NAN 1.587E+00 7.847E-03 NAN 1.000E+00 2.817E+01 0.000E+00
NAN NAN NAN 1.587E+00 7.848E-03 NAN 1.000E+00 2.817E+01 0.000E+00
NAN NAN NAN 1.587E+00 7.851E-03 NAN 1.000E+00 2.817E+01 0.000E+00
NAN NAN NAN 1.587E+00 7.856E-03 NAN 1.000E+00 2.817E+01 0.000E+00
NAN NAN NAN 1.587E+00 7.866E-03 NAN 1.000E+00 2.817E+01 0.000E+00
NAN NAN NAN 1.587E+00 7.883E-03 NAN 1.000E+00 2.818E+01 0.000E+00
NAN NAN NAN 1.587E+00 7.915E-03 NAN 1.000E+00 2.818E+01 0.000E+00
NAN NAN NAN 1.587E+00 7.974E-03 NAN 1.000E+00 2.818E+01 0.000E+00
NAN NAN NAN 1.587E+00 8.082E-03 NAN 1.000E+00 2.818E+01 0.000E+00
NAN NAN NAN 1.587E+00 8.280E-03 NAN 1.000E+00 2.818E+01 0.000E+00
NAN NAN NAN 1.587E+00 8.643E-03 NAN 1.000E+00 2.819E+01 0.000E+00
NAN NAN NAN 1.587E+00 9.308E-03 NAN 1.000E+00 2.821E+01 0.000E+00
NAN NAN NAN 1.587E+00 1.053E-02 NAN 1.000E+00 2.824E+01 0.000E+00
NAN NAN NAN 1.587E+00 1.276E-02 NAN 1.000E+00 2.829E+01 0.000E+00
NAN NAN NAN 2.007E+00 7.845E-03 NAN 1.000E+00 2.818E+01 0.000E+00
NAN NAN NAN 2.007E+00 7.845E-03 NAN 1.000E+00 2.818E+01 0.000E+00
NAN NAN NAN 2.007E+00 7.845E-03 NAN 1.000E+00 2.818E+01 0.000E+00
NAN NAN NAN 2.007E+00 7.845E-03 NAN 1.000E+00 2.818E+01 0.000E+00
NAN NAN NAN 2.007E+00 7.845E-03 NAN 1.000E+00 2.818E+01 0.000E+00
NAN NAN NAN 2.007E+00 7.846E-03 NAN 1.000E+00 2.818E+01 0.000E+00
NAN NAN NAN 2.007E+00 7.847E-03 NAN 1.000E+00 2.818E+01 0.000E+00
NAN NAN NAN 2.007E+00 7.848E-03 NAN 1.000E+00 2.818E+01 0.000E+00
NAN NAN NAN 2.007E+00 7.851E-03 NAN 1.000E+00 2.818E+01 0.000E+00
NAN NAN NAN 2.007E+00 7.856E-03 NAN 1.000E+00 2.818E+01 0.000E+00
NAN NAN NAN 2.007E+00 7.866E-03 NAN 1.000E+00 2.818E+01 0.000E+00
NAN NAN NAN 2.007E+00 7.883E-03 NAN 1.000E+00 2.818E+01 0.000E+00
NAN NAN NAN 2.007E+00 7.915E-03 NAN 1.000E+00 2.819E+01 0.000E+00
NAN NAN NAN 2.007E+00 7.974E-03 NAN 1.000E+00 2.819E+01 0.000E+00
NAN NAN NAN 2.007E+00 8.082E-03 NAN 1.000E+00 2.819E+01 0.000E+00
NAN NAN NAN 2.007E+00 8.280E-03 NAN 1.000E+00 2.819E+01 0.000E+00
NAN NAN NAN 2.007E+00 8.643E-03 NAN 1.000E+00 2.820E+01 0.000E+00
NAN NAN NAN 2.007E+00 9.308E-03 NAN 1.000E+00 2.822E+01 0.000E+00
NAN NAN NAN 2.007E+00 1.053E-02 NAN 1.000E+00 2.825E+01 0.000E+00
NAN NAN NAN 2.007E+00 1.276E-02 NAN 1.000E+00 2.830E+01 0.000E+00
NAN NAN NAN 2.539E+00 7.845E-03 NAN 1.000E+00 2.820E+01 3.000E+00
NAN NAN NAN 2.539E+00 7.845E-03 NAN 1.000E+00 2.820E+01 3.000E+00
NAN NAN NAN 2.539E+00 7.845E-03 NAN 1.000E+00 2.820E+01 3.000E+00
NAN NAN NAN 2.539E+00 7.845E-03 NAN 1.000E+00 2.820E+01 3.000E+00
NAN NAN NAN 2.539E+00 7.845E-03 NAN 1.000E+00 2.820E+01 3.000E+00
NAN NAN NAN 2.539E+00 7.846E-03 NAN 1.000E+00 2.820E+01 3.000E+00
NAN NAN NAN 2.539E+00 7.847E-03 NAN 1.000E+00 2.820E+01 3.000E+00
NAN NAN NAN 2.539E+00 7.848E-03 NAN 1.000E+00 2.820E+01 3.000E+00
NAN NAN NAN 2.539E+00 7.851E-03 NAN 1.000E+00 2.820E+01 3.000E+00
NAN NAN NAN 2.539E+00 7.856E-03 NAN 1.000E+00 2.820E+01 3.000E+00
NAN NAN NAN 2.539E+00 7.866E-03 NAN 1.000E+00 2.820E+01 3.000E+00
NAN NAN NAN 2.539E+00 7.883E-03 NAN 1.000E+00 2.820E+01 3.000E+00
NAN NAN NAN 2.539E+00 7.915E-03 NAN 1.000E+00 2.820E+01 3.000E+00
NAN NAN NAN 2.539E+00 7.974E-03 NAN 1.000E+00 2.820E+01 3.000E+00
NAN NAN NAN 2.539E+00 8.082E-03 NAN 1.000E+00 2.820E+01 3.000E+00
NAN NAN NAN 2.539E+00 8.280E-03 NAN 1.000E+00 2.821E+01 3.000E+00
NAN NAN NAN 2.539E+00 8.643E-03 NAN 1.000E+00 2.821E+01 3.000E+00
NAN NAN NAN 2.539E+00 9.308E-03 NAN 1.000E+00 2.823E+01 3.000E+00
NAN NAN NAN 2.539E+00 1.053E-02 NAN 1.000E+00 2.826E+01 3.000E+00
NAN NAN NAN 2.539E+00 1.276E-02 NAN 1.000E+00 2.831E+01 3.000E+00
NAN NAN NAN 3.211E+00 7.845E-03 NAN 1.000E+00 2.821E+01 3.000E+00
NAN NAN NAN 3.211E+00 7.845E-03 NAN 1.000E+00 2.821E+01 3.000E+00
NAN NAN NAN 3.211E+00 7.845E-03 NAN 1.000E+00 2.821E+01 3.000E+00
NAN NAN NAN 3.211E+00 7.845E-03 NAN 1.000E+00 2.821E+01 3.000E+00
NAN NAN NAN 3.211E+00 7.845E-03 NAN 1.000E+00 2.821E+01 3.000E+00
NAN NAN NAN 3.211E+00 7.846E-03 NAN 1.000E+00 2.821E+01 3.000E+00
NAN NAN NAN 3.211E+00 7.847E-03 NAN 1.000E+00 2.821E+01 3.000E+00
NAN NAN NAN 3.211E+00 7.848E-03 NAN 1.000E+00 2.821E+01 3.000E+00
NAN NAN NAN 3.211E+00 7.851E-03 NAN 1.000E+00 2.821E+01 3.000E+00
NAN NAN NAN 3.211E+00 7.856E-03 NAN 1.000E+00 2.821E+01 3.000E+00
NAN NAN NAN 3.211E+00 7.866E-03 NAN 1.000E+00 2.821E+01 3.000E+00
NAN NAN NAN 3.211E+00 7.883E-03 NAN 1.000E+00 2.821E+01 3.000E+00
NAN NAN NAN 3.211E+00 7.915E-03 NAN 1.000E+00 2.821E+01 3.000E+00
NAN NAN NAN 3.211E+00 7.974E-03 NAN 1.000E+00 2.821E+01 3.000E+00
NAN NAN NAN 3.211E+00 8.082E-03 NAN 1.000E+00 2.822E+01 3.000E+00
NAN NAN NAN 3.211E+00 8.280E-03 NAN 1.000E+00 2.822E+01 3.000E+00
NAN NAN NAN 3.211E+00 8.643E-03 NAN 1.000E+00 2.823E+01 3.000E+00
NAN NAN NAN 3.211E+00 9.308E-03 NAN 1.000E+00 2.825E+01 3.000E+00
NAN NAN NAN 3.211E+00 1.053E-02 NAN 1.000E+00 2.827E+01 3.000E+00
NAN NAN NAN 3.211E+00 1.276E-02 NAN 1.000E+00 2.832E+01 3.000E+00
NAN NAN NAN 4.062E+00 7.845E-03 NAN 1.000E+00 2.823E+01 3.000E+00
NAN NAN NAN 4.062E+00 7.845E-03 NAN 1.000E+00 2.823E+01 3.000E+00
NAN NAN NAN 4.062E+00 7.845E-03 NAN 1.000E+00 2.823E+01 3.000E+00
NAN NAN NAN 4.062E+00 7.845E-03 NAN 1.000E+00 2.823E+01 3.000E+00
NAN NAN NAN 4.062E+00 7.845E-03 NAN 1.000E+00 2.823E+01 3.000E+00
NAN NAN NAN 4.062E+00 7.846E-03 NAN 1.000E+00 2.823E+01 3.000E+00
NAN NAN NAN 4.062E+00 7.847E-03 NAN 1.000E+00 2.823E+01 3.000E+00
NAN NAN NAN 4.062E+00 7.848E-03 NAN 1.000E+00 2.823E+01 3.000E+00
NAN NAN NAN 4.062E+00 7.851E-03 NAN 1.000E+00 2.823E+01 3.000E+00
NAN NAN NAN 4.062E+00 7.856E-03 NAN 1.000E+00 2.823E+01 3.000E+00
NAN NAN NAN 4.062E+00 7.866E-03 NAN 1.000E+00 2.823E+01 3.000E+00
NAN NAN NAN 4.062E+00 7.883E-03 NAN 1.000E+00 2.823E+01 3.000E+00
NAN NAN NAN 4.062E+00 7.915E-03 NAN 1.000E+00 2.823E+01 3.000E+00
NAN NAN NAN 4.062E+00 7.974E-03 NAN 1.000E+00 2.823E+01 3.000E+00
NAN NAN NAN 4.062E+00 8.082E-03 NAN 1.000E+00 2.824E+01 3.000E+00
NAN NAN NAN 4.062E+00 8.280E-03 NAN 1.000E+00 2.824E+01 3.000E+00
NAN NAN NAN 4.062E+00 8.643E-03 NAN 1.000E+00 2.825E+01 3.000E+00
NAN NAN NAN 4.062E+00 9.308E-03 NAN 1.000E+00 2.826E+01 3.000E+00
NAN NAN NAN 4.062E+00 1.053E-02 NAN 1.000E+00 2.829E+01 3.000E+00
NAN NAN NAN 4.062E+00 1.276E-02 NAN 1.000E+00 2.834E+01 3.000E+00
NAN NAN NAN 5.138E+00 7.845E-03 NAN 1.000E+00 2.826E+01 3.000E+00
NAN NAN NAN 5.138E+00 7.845E-03 NAN 1.000E+00 2.826E+01 3.000E+00
NAN NAN NAN 5.138E+00 7.845E-03 NAN 1.000E+00 2.826E+01 3.000E+00
NAN NAN NAN 5.138E+00 7.845E-03 NAN 1.000E+00 2.826E+01 3.000E+00
NAN NAN NAN 5.138E+00 7.845E-03 NAN 1.000E+00 2.826E+01 3.000E+00
NAN NAN NAN 5.138E+00 7.846E-03 NAN 1.000E+00 2.826E+01 3.000E+00
NAN NAN NAN 5.138E+00 7.847E-03 NAN 1.000E+00 2.826E+01 3.000E+00
NAN NAN NAN 5.138E+00 7.848E-03 NAN 1.000E+00 2.826E+01 3.000E+00
NAN NAN NAN 5.138E+00 7.851E-03 NAN 1.000E+00 2.826E+01 3.000E+00
NAN NAN NAN 5.138E+00 7.856E-03 NAN 1.000E+00 2.826E+01 3.000E+00
NAN NAN NAN 5.138E+00 7.866E-03 NAN 1.000E+00 2.826E+01 3.000E+00
NAN NAN NAN 5.138E+00 7.883E-03 NAN 1.000E+00 2.826E+01 3.000E+00
NAN NAN NAN 5.138E+00 7.915E-03 NAN 1.000E+00 2.826E+01 3.000E+00
NAN NAN NAN 5.138E+00 7.974E-03 NAN 1.000E+00 2.826E+01 3.000E+00
NAN NAN NAN 5.138E+00 8.082E-03 NAN 1.000E+00 2.826E+01 3.000E+00
NAN NAN NAN 5.138E+00 8.280E-03 NAN 1.000E+00 2.827E+01 3.000E+00
NAN NAN NAN 5.138E+00 8.643E-03 NAN 1.000E+00 2.827E+01 3.000E+00
NAN NAN NAN 5.138E+00 9.308E-03 NAN 1.000E+00 2.829E+01 3.000E+00
NAN NAN NAN 5.138E+00 1.053E-02 NAN 1.000E+00 2.832E+01 3.000E+00
NAN NAN NAN 5.138E+00 1.276E-02 NAN 1.000E+00 2.837E+01 3.000E+00
