1.082E+07 3.239E+02 7.997E-01 5.137E-05 4.950E-03 2.216E+03 8.763E-01 1.775E+01 2.000E+00
1.548E+07 3.239E+02 7.997E-01 5.137E-05 4.950E-03 2.215E+03 8.763E-01 1.775E+01 2.000E+00
8.469E+07 3.239E+02 7.997E-01 5.137E-05 4.950E-03 2.216E+03 8.763E-01 1.775E+01 2.000E+00
2.477E+07 5.722E+02 6.853E-01 5.137E-05 4.950E-03 1.538E+03 8.763E-01 1.775E+01 2.000E+00
1.362E+07 5.681E+02 6.869E-01 5.137E-05 4.950E-03 1.542E+03 8.763E-01 1.775E+01 2.000E+00
6.751E+06 2.542E+02 8.373E-01 5.137E-05 4.951E-03 2.929E+03 8.763E-01 1.775E+01 2.000E+00
1.184E+07 8.234E+02 6.043E-01 5.137E-05 4.952E-03 1.342E+03 8.763E-01 1.775E+01 2.000E+00
7.745E+06 3.941E+02 7.633E-01 5.137E-05 4.953E-03 1.922E+03 8.763E-01 1.775E+01 2.000E+00
2.208E+07 7.269E+02 6.322E-01 5.137E-05 4.956E-03 1.396E+03 8.764E-01 1.775E+01 2.000E+00
1.568E+07 6.470E+02 6.581E-01 5.137E-05 4.961E-03 1.458E+03 8.764E-01 1.775E+01 2.000E+00
4.080E+08 7.483E+02 6.257E-01 5.137E-05 4.971E-03 1.383E+03 8.765E-01 1.775E+01 2.000E+00
1.075E+07 8.736E+02 5.912E-01 5.137E-05 4.988E-03 1.322E+03 8.768E-01 1.775E+01 2.000E+00
3.755E+07 9.457E+02 5.737E-01 5.137E-05 5.020E-03 1.292E+03 8.772E-01 1.776E+01 2.000E+00
1.770E+07 9.401E+02 5.751E-01 5.137E-05 5.079E-03 1.295E+03 8.779E-01 1.776E+01 2.000E+00
1.371E+07 2.132E+02 8.594E-01 5.137E-05 5.187E-03 4.142E+03 8.792E-01 1.776E+01 2.000E+00
6.510E+07 4.710E+02 7.280E-01 5.137E-05 5.385E-03 1.694E+03 8.817E-01 1.776E+01 2.000E+00
1.218E+07 9.689E+02 5.689E-01 5.137E-05 5.748E-03 1.291E+03 8.862E-01 1.777E+01 2.000E+00
2.115E+07 3.660E+02 7.815E-01 5.137E-05 6.413E-03 1.979E+03 8.945E-01 1.779E+01 2.000E+00
4.701E+07 8.194E+02 6.080E-01 5.137E-05 7.631E-03 1.359E+03 9.079E-01 1.782E+01 2.000E+00
5.351E+08 9.569E+02 5.749E-01 5.137E-05 9.865E-03 1.331E+03 9.246E-01 1.787E+01 2.000E+00
1.896E+08 3.239E+02 7.997E-01 6.498E-05 4.950E-03 2.226E+03 8.763E-01 1.775E+01 2.000E+00
1.165E+07 5.722E+02 6.853E-01 6.498E-05 4.950E-03 1.537E+03 8.763E-01 1.775E+01 2.000E+00
1.874E+07 5.722E+02 6.853E-01 6.498E-05 4.950E-03 1.537E+03 8.763E-01 1.775E+01 2.000E+00
3.002E+08 5.669E+02 6.873E-01 6.498E-05 4.950E-03 1.543E+03 8.763E-01 1.775E+01 2.000E+00
4.018E+07 5.681E+02 6.869E-01 6.498E-05 4.950E-03 1.542E+03 8.763E-01 1.775E+01 2.000E+00
5.552E+06 6.519E+02 6.564E-01 6.498E-05 4.951E-03 1.454E+03 8.763E-01 1.775E+01 2.000E+00
1.412E+07 8.234E+02 6.043E-01 6.498E-05 4.952E-03 1.342E+03 8.764E-01 1.775E+01 2.000E+00
1.952E+07 3.941E+02 7.633E-01 6.498E-05 4.953E-03 1.896E+03 8.764E-01 1.775E+01 2.000E+00
5.129E+07 7.269E+02 6.322E-01 6.498E-05 4.956E-03 1.397E+03 8.764E-01 1.775E+01 2.000E+00
5.748E+06 3.061E+02 8.093E-01 6.498E-05 4.961E-03 2.346E+03 8.765E-01 1.775E+01 2.000E+00
1.301E+07 9.882E+02 5.640E-01 6.498E-05 4.971E-03 1.279E+03 8.766E-01 1.775E+01 2.000E+00
4.242E+08 4.450E+02 7.390E-01 6.498E-05 4.988E-03 1.752E+03 8.768E-01 1.775E+01 2.000E+00
4.427E+07 9.457E+02 5.737E-01 6.498E-05 5.020E-03 1.292E+03 8.772E-01 1.776E+01 2.000E+00
1.911E+07 9.401E+02 5.751E-01 6.498E-05 5.079E-03 1.295E+03 8.779E-01 1.776E+01 2.000E+00
3.056E+07 2.132E+02 8.594E-01 6.498E-05 5.187E-03 4.142E+03 8.793E-01 1.776E+01 2.000E+00
2.645E+08 4.053E+02 7.589E-01 6.498E-05 5.385E-03 1.855E+03 8.817E-01 1.776E+01 2.000E+00
6.515E+06 3.893E+02 7.677E-01 6.498E-05 5.748E-03 1.903E+03 8.862E-01 1.777E+01 2.000E+00
5.391E+07 7.891E+02 6.153E-01 6.498E-05 6.413E-03 1.390E+03 8.945E-01 1.779E+01 2.000E+00
1.687E+08 8.194E+02 6.080E-01 6.498E-05 7.631E-03 1.359E+03 9.079E-01 1.782E+01 2.000E+00
4.240E+07 8.893E+02 5.914E-01 6.498E-05 9.865E-03 1.348E+03 9.247E-01 1.787E+01 2.000E+00
2.267E+07 5.722E+02 6.853E-01 8.219E-05 4.950E-03 1.537E+03 8.764E-01 1.775E+01 2.000E+00
3.886E+07 5.722E+02 6.853E-01 8.219E-05 4.950E-03 1.537E+03 8.764E-01 1.775E+01 2.000E+00
2.846E+08 5.669E+02 6.873E-01 8.219E-05 4.950E-03 1.543E+03 8.764E-01 1.775E+01 2.000E+00
1.310E+07 5.681E+02 6.869E-01 8.219E-05 4.950E-03 1.542E+03 8.764E-01 1.775E+01 2.000E+00
2.569E+07 6.006E+02 6.746E-01 8.219E-05 4.950E-03 1.505E+03 8.764E-01 1.775E+01 2.000E+00
1.256E+07 9.938E+02 5.628E-01 8.219E-05 4.951E-03 1.277E+03 8.764E-01 1.775E+01 2.000E+00
1.884E+07 8.234E+02 6.043E-01 8.219E-05 4.952E-03 1.342E+03 8.764E-01 1.775E+01 2.000E+00
7.769E+06 8.258E+02 6.037E-01 8.219E-05 4.953E-03 1.342E+03 8.764E-01 1.775E+01 2.000E+00
8.238E+06 7.182E+02 6.349E-01 8.219E-05 4.956E-03 1.402E+03 8.765E-01 1.775E+01 2.000E+00
1.672E+07 3.061E+02 8.093E-01 8.219E-05 4.961E-03 2.338E+03 8.765E-01 1.775E+01 2.000E+00
2.654E+06 2.748E+02 8.263E-01 8.219E-05 4.971E-03 2.635E+03 8.766E-01 1.775E+01 2.000E+00
8.510E+06 5.446E+02 6.961E-01 8.219E-05 4.988E-03 1.572E+03 8.769E-01 1.775E+01 2.000E+00
5.739E+07 9.457E+02 5.737E-01 8.219E-05 5.020E-03 1.292E+03 8.773E-01 1.776E+01 2.000E+00
1.709E+07 2.700E+02 8.293E-01 8.219E-05 5.079E-03 2.688E+03 8.780E-01 1.776E+01 2.000E+00
1.126E+07 8.189E+02 6.058E-01 8.219E-05 5.187E-03 1.345E+03 8.793E-01 1.776E+01 2.000E+00
1.653E+07 6.882E+02 6.449E-01 8.219E-05 5.385E-03 1.426E+03 8.818E-01 1.776E+01 2.000E+00
1.798E+07 3.893E+02 7.677E-01 8.219E-05 5.748E-03 1.903E+03 8.863E-01 1.777E+01 2.000E+00
1.036E+07 8.015E+02 6.118E-01 8.219E-05 6.413E-03 1.361E+03 8.946E-01 1.779E+01 2.000E+00
3.406E+07 5.294E+02 7.068E-01 8.219E-05 7.631E-03 1.619E+03 9.080E-01 1.782E+01 2.000E+00
7.732E+07 8.893E+02 5.914E-01 8.219E-05 9.865E-03 1.348E+03 9.247E-01 1.787E+01 2.000E+00
9.049E+06 5.681E+02 6.869E-01 1.040E-04 4.950E-03 1.542E+03 8.764E-01 1.775E+01 2.000E+00
3.339E+07 2.497E+02 8.397E-01 1.040E-04 4.950E-03 3.011E+03 8.764E-01 1.775E+01 2.000E+00
1.651E+07 5.681E+02 6.869E-01 1.040E-04 4.950E-03 1.542E+03 8.764E-01 1.775E+01 2.000E+00
3.667E+07 2.892E+02 8.184E-01 1.040E-04 4.950E-03 2.483E+03 8.764E-01 1.775E+01 2.000E+00
4.871E+06 5.221E+02 7.052E-01 1.040E-04 4.950E-03 1.606E+03 8.764E-01 1.775E+01 2.000E+00
5.711E+06 2.020E+02 8.634E-01 1.040E-04 4.951E-03 5.000E+03 8.765E-01 1.775E+01 2.000E+00
3.366E+07 8.234E+02 6.043E-01 1.040E-04 4.952E-03 1.342E+03 8.765E-01 1.775E+01 2.000E+00
9.173E+06 8.258E+02 6.037E-01 1.040E-04 4.953E-03 1.340E+03 8.765E-01 1.775E+01 2.000E+00
1.208E+07 7.182E+02 6.349E-01 1.040E-04 4.956E-03 1.404E+03 8.765E-01 1.775E+01 2.000E+00
1.044E+07 6.435E+02 6.593E-01 1.040E-04 4.961E-03 1.462E+03 8.766E-01 1.775E+01 2.000E+00
1.855E+07 5.352E+02 6.999E-01 1.040E-04 4.971E-03 1.586E+03 8.767E-01 1.775E+01 2.000E+00
2.807E+07 5.446E+02 6.961E-01 1.040E-04 4.988E-03 1.572E+03 8.769E-01 1.775E+01 2.000E+00
9.260E+07 9.457E+02 5.737E-01 1.040E-04 5.020E-03 1.292E+03 8.773E-01 1.776E+01 2.000E+00
6.253E+06 2.664E+02 8.313E-01 1.040E-04 5.079E-03 2.778E+03 8.781E-01 1.776E+01 2.000E+00
1.507E+07 8.189E+02 6.058E-01 1.040E-04 5.187E-03 1.345E+03 8.794E-01 1.776E+01 2.000E+00
8.615E+07 6.882E+02 6.449E-01 1.040E-04 5.385E-03 1.426E+03 8.819E-01 1.776E+01 2.000E+00
6.046E+06 3.919E+02 7.664E-01 1.040E-04 5.748E-03 1.895E+03 8.864E-01 1.777E+01 2.000E+00
1.390E+07 8.015E+02 6.118E-01 1.040E-04 6.413E-03 1.379E+03 8.946E-01 1.779E+01 2.000E+00
1.405E+07 6.276E+02 6.685E-01 1.040E-04 7.631E-03 1.481E+03 9.080E-01 1.782E+01 2.000E+00
2.981E+06 2.783E+02 8.428E-01 1.040E-04 9.865E-03 2.393E+03 9.248E-01 1.787E+01 2.000E+00
7.306E+07 5.681E+02 6.869E-01 1.315E-04 4.950E-03 1.542E+03 8.765E-01 1.775E+01 2.000E+00
5.047E+07 6.141E+02 6.697E-01 1.315E-04 4.950E-03 1.490E+03 8.765E-01 1.775E+01 2.000E+00
2.534E+07 6.006E+02 6.746E-01 1.315E-04 4.950E-03 1.505E+03 8.765E-01 1.775E+01 2.000E+00
7.449E+06 3.773E+02 7.718E-01 1.315E-04 4.950E-03 1.956E+03 8.765E-01 1.775E+01 2.000E+00
5.483E+06 2.020E+02 8.634E-01 1.315E-04 4.950E-03 5.005E+03 8.765E-01 1.775E+01 2.000E+00
8.579E+06 8.234E+02 6.043E-01 1.315E-04 4.951E-03 1.342E+03 8.765E-01 1.775E+01 2.000E+00
1.927E+08 8.041E+02 6.096E-01 1.315E-04 4.952E-03 1.354E+03 8.766E-01 1.775E+01 2.000E+00
1.206E+07 8.258E+02 6.037E-01 1.315E-04 4.953E-03 1.342E+03 8.766E-01 1.775E+01 2.000E+00
3.299E+07 7.182E+02 6.349E-01 1.315E-04 4.956E-03 1.403E+03 8.766E-01 1.775E+01 2.000E+00
4.328E+07 6.435E+02 6.593E-01 1.315E-04 4.961E-03 1.462E+03 8.767E-01 1.775E+01 2.000E+00
4.939E+06 5.234E+02 7.047E-01 1.315E-04 4.971E-03 1.603E+03 8.768E-01 1.775E+01 2.000E+00
1.320E+08 3.940E+02 7.635E-01 1.315E-04 4.988E-03 1.895E+03 8.770E-01 1.775E+01 2.000E+00
4.410E+08 9.457E+02 5.737E-01 1.315E-04 5.020E-03 1.292E+03 8.774E-01 1.776E+01 2.000E+00
3.944E+07 6.502E+02 6.572E-01 1.315E-04 5.079E-03 1.456E+03 8.781E-01 1.776E+01 2.000E+00
2.736E+07 8.189E+02 6.058E-01 1.315E-04 5.187E-03 1.346E+03 8.795E-01 1.776E+01 2.000E+00
1.090E+09 6.989E+02 6.414E-01 1.315E-04 5.385E-03 1.418E+03 8.819E-01 1.776E+01 2.000E+00
1.268E+08 3.919E+02 7.664E-01 1.315E-04 5.748E-03 1.894E+03 8.864E-01 1.777E+01 2.000E+00
2.549E+07 8.015E+02 6.118E-01 1.315E-04 6.413E-03 1.361E+03 8.947E-01 1.779E+01 2.000E+00
3.854E+07 5.932E+02 6.813E-01 1.315E-04 7.631E-03 1.514E+03 9.081E-01 1.782E+01 2.000E+00
6.042E+06 2.783E+02 8.428E-01 1.315E-04 9.865E-03 2.392E+03 9.248E-01 1.787E+01 2.000E+00
5.318E+06 2.020E+02 8.634E-01 1.663E-04 4.950E-03 5.000E+03 8.766E-01 1.775E+01 2.000E+00
1.237E+07 9.938E+02 5.628E-01 1.663E-04 4.950E-03 1.277E+03 8.766E-01 1.775E+01 2.000E+00
1.242E+07 9.938E+02 5.628E-01 1.663E-04 4.950E-03 1.277E+03 8.766E-01 1.775E+01 2.000E+00
1.250E+07 9.938E+02 5.628E-01 1.663E-04 4.950E-03 1.278E+03 8.766E-01 1.775E+01 2.000E+00
7.086E+06 8.234E+02 6.043E-01 1.663E-04 4.950E-03 1.342E+03 8.766E-01 1.775E+01 2.000E+00
1.201E+07 8.234E+02 6.043E-01 1.663E-04 4.951E-03 1.342E+03 8.767E-01 1.775E+01 2.000E+00
6.653E+06 2.234E+02 8.533E-01 1.663E-04 4.952E-03 3.717E+03 8.767E-01 1.775E+01 2.000E+00
2.092E+07 8.258E+02 6.037E-01 1.663E-04 4.953E-03 1.341E+03 8.767E-01 1.775E+01 2.000E+00
5.584E+07 4.128E+02 7.542E-01 1.663E-04 4.956E-03 1.837E+03 8.767E-01 1.775E+01 2.000E+00
9.552E+06 3.404E+02 7.909E-01 1.663E-04 4.961E-03 2.120E+03 8.768E-01 1.775E+01 2.000E+00
1.431E+07 5.234E+02 7.047E-01 1.663E-04 4.971E-03 1.604E+03 8.769E-01 1.775E+01 2.000E+00
3.195E+07 5.220E+02 7.053E-01 1.663E-04 4.988E-03 1.606E+03 8.771E-01 1.775E+01 2.000E+00
1.315E+07 9.782E+02 5.663E-01 1.663E-04 5.020E-03 1.282E+03 8.775E-01 1.776E+01 2.000E+00
7.296E+06 6.521E+02 6.565E-01 1.663E-04 5.079E-03 1.455E+03 8.782E-01 1.776E+01 2.000E+00
1.916E+07 8.000E+02 6.110E-01 1.663E-04 5.187E-03 1.355E+03 8.796E-01 1.776E+01 2.000E+00
1.105E+07 7.375E+02 6.294E-01 1.663E-04 5.385E-03 1.392E+03 8.820E-01 1.776E+01 2.000E+00
1.761E+07 7.324E+02 6.314E-01 1.663E-04 5.748E-03 1.397E+03 8.866E-01 1.777E+01 2.000E+00
8.070E+06 7.988E+02 6.125E-01 1.663E-04 6.413E-03 1.362E+03 8.948E-01 1.779E+01 2.000E+00
1.726E+07 7.323E+02 6.335E-01 1.663E-04 7.631E-03 1.404E+03 9.082E-01 1.782E+01 2.000E+00
4.784E+06 2.485E+02 8.614E-01 1.663E-04 9.865E-03 2.688E+03 9.249E-01 1.787E+01 2.000E+00
1.254E+07 9.938E+02 5.628E-01 2.104E-04 4.950E-03 1.277E+03 8.768E-01 1.775E+01 2.000E+00
1.256E+07 9.938E+02 5.628E-01 2.104E-04 4.950E-03 1.278E+03 8.768E-01 1.775E+01 2.000E+00
5.879E+06 8.041E+02 6.096E-01 2.104E-04 4.950E-03 1.352E+03 8.768E-01 1.775E+01 2.000E+00
7.572E+06 8.234E+02 6.043E-01 2.104E-04 4.950E-03 1.342E+03 8.768E-01 1.775E+01 2.000E+00
9.926E+06 8.234E+02 6.043E-01 2.104E-04 4.950E-03 1.342E+03 8.768E-01 1.775E+01 2.000E+00
2.654E+07 8.234E+02 6.043E-01 2.104E-04 4.951E-03 1.342E+03 8.768E-01 1.775E+01 2.000E+00
4.255E+06 3.941E+02 7.633E-01 2.104E-04 4.952E-03 1.958E+03 8.768E-01 1.775E+01 2.000E+00
1.016E+08 8.051E+02 6.094E-01 2.104E-04 4.953E-03 1.351E+03 8.768E-01 1.775E+01 2.000E+00
1.820E+08 7.971E+02 6.116E-01 2.104E-04 4.956E-03 1.355E+03 8.769E-01 1.775E+01 2.000E+00
4.564E+06 4.710E+02 7.271E-01 2.104E-04 4.961E-03 1.696E+03 8.769E-01 1.775E+01 2.000E+00
2.330E+07 4.584E+02 7.328E-01 2.104E-04 4.971E-03 1.722E+03 8.770E-01 1.775E+01 2.000E+00
2.137E+07 8.584E+02 5.951E-01 2.104E-04 4.988E-03 1.327E+03 8.773E-01 1.775E+01 2.000E+00
2.892E+07 3.519E+02 7.850E-01 2.104E-04 5.020E-03 2.062E+03 8.776E-01 1.776E+01 2.000E+00
3.531E+07 6.521E+02 6.565E-01 2.104E-04 5.079E-03 1.474E+03 8.784E-01 1.776E+01 2.000E+00
3.062E+07 7.927E+02 6.131E-01 2.104E-04 5.187E-03 1.359E+03 8.797E-01 1.776E+01 2.000E+00
7.062E+07 7.375E+02 6.294E-01 2.104E-04 5.385E-03 1.392E+03 8.822E-01 1.776E+01 2.000E+00
8.933E+06 7.030E+02 6.406E-01 2.104E-04 5.748E-03 1.416E+03 8.867E-01 1.777E+01 2.000E+00
1.336E+07 7.988E+02 6.125E-01 2.104E-04 6.413E-03 1.362E+03 8.950E-01 1.779E+01 2.000E+00
9.019E+07 4.251E+02 7.543E-01 2.104E-04 7.631E-03 1.957E+03 9.083E-01 1.782E+01 2.000E+00
6.815E+06 8.854E+02 5.924E-01 2.104E-04 9.865E-03 1.349E+03 9.250E-01 1.787E+01 2.000E+00
8.910E+06 8.234E+02 6.043E-01 2.661E-04 4.950E-03 1.342E+03 8.770E-01 1.775E+01 2.000E+00
9.339E+06 8.234E+02 6.043E-01 2.661E-04 4.950E-03 1.342E+03 8.770E-01 1.775E+01 2.000E+00
5.875E+07 8.334E+02 6.017E-01 2.661E-04 4.950E-03 1.344E+03 8.770E-01 1.775E+01 2.000E+00
1.259E+07 8.234E+02 6.043E-01 2.661E-04 4.950E-03 1.343E+03 8.770E-01 1.775E+01 2.000E+00
2.248E+07 8.234E+02 6.043E-01 2.661E-04 4.950E-03 1.342E+03 8.770E-01 1.775E+01 2.000E+00
3.887E+07 8.341E+02 6.015E-01 2.661E-04 4.951E-03 1.337E+03 8.770E-01 1.775E+01 2.000E+00
6.662E+06 8.258E+02 6.037E-01 2.661E-04 4.952E-03 1.341E+03 8.770E-01 1.775E+01 2.000E+00
2.720E+07 5.447E+02 6.960E-01 2.661E-04 4.953E-03 1.572E+03 8.770E-01 1.775E+01 2.000E+00
5.058E+06 8.588E+02 5.950E-01 2.661E-04 4.956E-03 1.325E+03 8.770E-01 1.775E+01 2.000E+00
8.227E+06 4.385E+02 7.420E-01 2.661E-04 4.961E-03 1.768E+03 8.771E-01 1.775E+01 2.000E+00
2.603E+07 2.712E+02 8.282E-01 2.661E-04 4.971E-03 2.851E+03 8.772E-01 1.775E+01 2.000E+00
6.166E+06 6.987E+02 6.410E-01 2.661E-04 4.988E-03 1.417E+03 8.774E-01 1.775E+01 2.000E+00
1.518E+07 9.782E+02 5.663E-01 2.661E-04 5.020E-03 1.282E+03 8.778E-01 1.776E+01 2.000E+00
1.985E+07 3.401E+02 7.914E-01 2.661E-04 5.079E-03 2.120E+03 8.786E-01 1.776E+01 2.000E+00
9.990E+08 8.010E+02 6.107E-01 2.661E-04 5.187E-03 1.354E+03 8.799E-01 1.776E+01 2.000E+00
4.022E+07 6.709E+02 6.506E-01 2.661E-04 5.385E-03 1.439E+03 8.824E-01 1.776E+01 2.000E+00
1.932E+07 3.558E+02 7.850E-01 2.661E-04 5.748E-03 2.032E+03 8.869E-01 1.777E+01 2.000E+00
1.771E+08 7.988E+02 6.125E-01 2.661E-04 6.413E-03 1.362E+03 8.951E-01 1.779E+01 2.000E+00
1.007E+07 9.153E+02 5.831E-01 2.661E-04 7.631E-03 1.323E+03 9.084E-01 1.782E+01 2.000E+00
5.037E+07 3.998E+02 7.725E-01 2.661E-04 9.865E-03 1.828E+03 9.252E-01 1.787E+01 2.000E+00
2.398E+07 8.234E+02 6.043E-01 3.366E-04 4.950E-03 1.342E+03 8.772E-01 1.775E+01 2.000E+00
2.795E+07 8.234E+02 6.043E-01 3.366E-04 4.950E-03 1.342E+03 8.772E-01 1.775E+01 2.000E+00
4.044E+07 8.234E+02 6.043E-01 3.366E-04 4.950E-03 1.342E+03 8.772E-01 1.775E+01 2.000E+00
2.591E+08 8.234E+02 6.043E-01 3.366E-04 4.950E-03 1.342E+03 8.772E-01 1.775E+01 2.000E+00
2.809E+06 3.941E+02 7.633E-01 3.366E-04 4.950E-03 1.896E+03 8.772E-01 1.775E+01 2.000E+00
1.274E+07 3.941E+02 7.633E-01 3.366E-04 4.951E-03 1.896E+03 8.772E-01 1.775E+01 2.000E+00
1.160E+07 8.258E+02 6.037E-01 3.366E-04 4.952E-03 1.341E+03 8.772E-01 1.775E+01 2.000E+00
2.033E+07 8.125E+02 6.073E-01 3.366E-04 4.953E-03 1.347E+03 8.772E-01 1.775E+01 2.000E+00
6.467E+06 8.588E+02 5.950E-01 3.366E-04 4.956E-03 1.328E+03 8.772E-01 1.775E+01 2.000E+00
1.680E+07 6.260E+02 6.655E-01 3.366E-04 4.961E-03 1.478E+03 8.773E-01 1.775E+01 2.000E+00
1.052E+08 7.823E+02 6.158E-01 3.366E-04 4.971E-03 1.364E+03 8.774E-01 1.775E+01 2.000E+00
4.335E+07 6.987E+02 6.410E-01 3.366E-04 4.988E-03 1.417E+03 8.776E-01 1.775E+01 2.000E+00
1.189E+07 5.219E+02 7.054E-01 3.366E-04 5.020E-03 1.606E+03 8.780E-01 1.776E+01 2.000E+00
1.067E+08 5.757E+02 6.841E-01 3.366E-04 5.079E-03 1.533E+03 8.788E-01 1.776E+01 2.000E+00
6.704E+06 9.601E+02 5.705E-01 3.366E-04 5.187E-03 1.291E+03 8.801E-01 1.776E+01 2.000E+00
3.942E+06 2.314E+02 8.513E-01 3.366E-04 5.385E-03 3.385E+03 8.826E-01 1.776E+01 2.000E+00
7.897E+07 7.263E+02 6.332E-01 3.366E-04 5.748E-03 1.401E+03 8.871E-01 1.777E+01 2.000E+00
2.692E+07 2.474E+02 8.472E-01 3.366E-04 6.413E-03 2.931E+03 8.953E-01 1.779E+01 2.000E+00
1.259E+07 2.840E+02 8.311E-01 3.366E-04 7.631E-03 2.426E+03 9.086E-01 1.782E+01 2.000E+00
1.142E+08 5.158E+02 7.165E-01 3.366E-04 9.865E-03 1.604E+03 9.253E-01 1.787E+01 2.000E+00
4.960E+06 3.941E+02 7.633E-01 4.257E-04 4.950E-03 1.896E+03 8.774E-01 1.775E+01 2.000E+00
5.667E+06 3.941E+02 7.633E-01 4.257E-04 4.950E-03 1.896E+03 8.774E-01 1.775E+01 2.000E+00
7.744E+06 3.941E+02 7.633E-01 4.257E-04 4.950E-03 1.896E+03 8.774E-01 1.775E+01 2.000E+00
2.630E+07 3.941E+02 7.633E-01 4.257E-04 4.950E-03 1.896E+03 8.774E-01 1.775E+01 2.000E+00
6.117E+06 8.258E+02 6.037E-01 4.257E-04 4.950E-03 1.341E+03 8.774E-01 1.775E+01 2.000E+00
9.135E+06 8.258E+02 6.037E-01 4.257E-04 4.951E-03 1.342E+03 8.775E-01 1.775E+01 2.000E+00
6.248E+06 5.447E+02 6.960E-01 4.257E-04 4.952E-03 1.573E+03 8.775E-01 1.775E+01 2.000E+00
2.209E+07 7.269E+02 6.322E-01 4.257E-04 4.953E-03 1.397E+03 8.775E-01 1.775E+01 2.000E+00
7.774E+06 4.958E+02 7.163E-01 4.257E-04 4.956E-03 1.666E+03 8.775E-01 1.775E+01 2.000E+00
3.148E+07 7.656E+02 6.206E-01 4.257E-04 4.961E-03 1.373E+03 8.776E-01 1.775E+01 2.000E+00
4.310E+07 7.836E+02 6.154E-01 4.257E-04 4.971E-03 1.366E+03 8.777E-01 1.775E+01 2.000E+00
1.185E+07 4.319E+02 7.451E-01 4.257E-04 4.988E-03 1.785E+03 8.779E-01 1.775E+01 2.000E+00
2.809E+07 8.013E+02 6.105E-01 4.257E-04 5.020E-03 1.353E+03 8.783E-01 1.776E+01 2.000E+00
2.883E+07 8.916E+02 5.868E-01 4.257E-04 5.079E-03 1.313E+03 8.791E-01 1.776E+01 2.000E+00
1.438E+07 6.225E+02 6.670E-01 4.257E-04 5.187E-03 1.482E+03 8.804E-01 1.776E+01 2.000E+00
1.817E+07 9.949E+02 5.629E-01 4.257E-04 5.385E-03 1.281E+03 8.829E-01 1.776E+01 2.000E+00
2.019E+08 8.552E+02 5.966E-01 4.257E-04 5.748E-03 1.335E+03 8.874E-01 1.777E+01 2.000E+00
1.534E+08 5.800E+02 6.845E-01 4.257E-04 6.413E-03 1.531E+03 8.956E-01 1.779E+01 2.000E+00
7.368E+06 7.261E+02 6.354E-01 4.257E-04 7.631E-03 1.409E+03 9.088E-01 1.782E+01 2.000E+00
1.702E+07 5.404E+02 7.059E-01 4.257E-04 9.865E-03 1.572E+03 9.256E-01 1.787E+01 2.000E+00
7.991E+06 8.258E+02 6.037E-01 5.385E-04 4.950E-03 1.341E+03 8.778E-01 1.775E+01 2.000E+00
8.318E+06 8.258E+02 6.037E-01 5.385E-04 4.950E-03 1.341E+03 8.778E-01 1.775E+01 2.000E+00
9.006E+06 8.258E+02 6.037E-01 5.385E-04 4.950E-03 1.342E+03 8.778E-01 1.775E+01 2.000E+00
1.067E+07 8.258E+02 6.037E-01 5.385E-04 4.950E-03 1.341E+03 8.778E-01 1.775E+01 2.000E+00
1.655E+07 8.258E+02 6.037E-01 5.385E-04 4.950E-03 1.341E+03 8.778E-01 1.775E+01 2.000E+00
7.441E+06 5.447E+02 6.960E-01 5.385E-04 4.951E-03 1.579E+03 8.778E-01 1.775E+01 2.000E+00
1.782E+07 8.125E+02 6.073E-01 5.385E-04 4.952E-03 1.375E+03 8.778E-01 1.775E+01 2.000E+00
6.807E+07 4.415E+02 7.405E-01 5.385E-04 4.953E-03 1.762E+03 8.778E-01 1.775E+01 2.000E+00
1.636E+07 6.706E+02 6.502E-01 5.385E-04 4.956E-03 1.439E+03 8.779E-01 1.775E+01 2.000E+00
8.640E+06 3.698E+02 7.756E-01 5.385E-04 4.961E-03 1.985E+03 8.779E-01 1.775E+01 2.000E+00
8.779E+07 2.654E+02 8.314E-01 5.385E-04 4.971E-03 2.755E+03 8.781E-01 1.775E+01 2.000E+00
6.069E+06 3.287E+02 7.973E-01 5.385E-04 4.988E-03 2.186E+03 8.783E-01 1.775E+01 2.000E+00
2.497E+07 3.939E+02 7.636E-01 5.385E-04 5.020E-03 1.896E+03 8.787E-01 1.776E+01 2.000E+00
5.392E+07 3.459E+02 7.884E-01 5.385E-04 5.079E-03 2.093E+03 8.794E-01 1.776E+01 2.000E+00
1.065E+07 5.214E+02 7.059E-01 5.385E-04 5.187E-03 1.606E+03 8.807E-01 1.776E+01 2.000E+00
3.462E+06 5.358E+02 7.003E-01 5.385E-04 5.385E-03 1.585E+03 8.832E-01 1.776E+01 2.000E+00
6.327E+06 8.534E+02 5.971E-01 5.385E-04 5.748E-03 1.333E+03 8.877E-01 1.777E+01 2.000E+00
1.942E+07 8.932E+02 5.875E-01 5.385E-04 6.413E-03 1.322E+03 8.960E-01 1.779E+01 2.000E+00
2.105E+08 7.295E+02 6.344E-01 5.385E-04 7.631E-03 1.444E+03 9.091E-01 1.782E+01 2.000E+00
2.443E+06 2.238E+02 8.768E-01 5.385E-04 9.865E-03 3.073E+03 9.258E-01 1.787E+01 2.000E+00
1.909E+07 5.447E+02 6.960E-01 6.811E-04 4.950E-03 1.573E+03 8.782E-01 1.775E+01 2.000E+00
3.074E+07 5.447E+02 6.960E-01 6.811E-04 4.950E-03 1.573E+03 8.782E-01 1.775E+01 2.000E+00
1.413E+07 5.602E+02 6.899E-01 6.811E-04 4.950E-03 1.554E+03 8.782E-01 1.775E+01 2.000E+00
1.434E+08 5.602E+02 6.899E-01 6.811E-04 4.950E-03 1.553E+03 8.782E-01 1.775E+01 2.000E+00
8.302E+07 8.289E+02 6.029E-01 6.811E-04 4.950E-03 1.342E+03 8.782E-01 1.775E+01 2.000E+00
4.474E+07 8.125E+02 6.073E-01 6.811E-04 4.951E-03 1.353E+03 8.783E-01 1.775E+01 2.000E+00
1.813E+08 4.128E+02 7.542E-01 6.811E-04 4.952E-03 1.838E+03 8.783E-01 1.775E+01 2.000E+00
5.565E+06 8.588E+02 5.950E-01 6.811E-04 4.953E-03 1.326E+03 8.783E-01 1.775E+01 2.000E+00
2.303E+07 6.587E+02 6.541E-01 6.811E-04 4.956E-03 1.449E+03 8.783E-01 1.775E+01 2.000E+00
1.949E+07 2.779E+02 8.246E-01 6.811E-04 4.961E-03 2.600E+03 8.784E-01 1.775E+01 2.000E+00
1.438E+07 3.879E+02 7.665E-01 6.811E-04 4.971E-03 1.917E+03 8.785E-01 1.775E+01 2.000E+00
7.223E+06 9.818E+02 5.655E-01 6.811E-04 4.988E-03 1.282E+03 8.787E-01 1.775E+01 2.000E+00
9.806E+07 7.835E+02 6.155E-01 6.811E-04 5.020E-03 1.366E+03 8.791E-01 1.776E+01 2.000E+00
1.262E+08 9.209E+02 5.796E-01 6.811E-04 5.079E-03 1.303E+03 8.798E-01 1.776E+01 2.000E+00
1.777E+07 5.503E+02 6.942E-01 6.811E-04 5.187E-03 1.565E+03 8.812E-01 1.776E+01 2.000E+00
6.038E+06 4.280E+02 7.479E-01 6.811E-04 5.385E-03 1.792E+03 8.836E-01 1.776E+01 2.000E+00
2.969E+07 8.332E+02 6.025E-01 6.811E-04 5.748E-03 1.343E+03 8.882E-01 1.777E+01 2.000E+00
1.108E+07 4.214E+02 7.534E-01 6.811E-04 6.413E-03 1.802E+03 8.964E-01 1.779E+01 2.000E+00
1.031E+07 5.605E+02 6.940E-01 6.811E-04 7.631E-03 1.552E+03 9.094E-01 1.782E+01 2.000E+00
4.319E+07 8.643E+02 5.979E-01 6.811E-04 9.865E-03 1.357E+03 9.262E-01 1.787E+01 2.000E+00
5.670E+06 4.128E+02 7.542E-01 8.615E-04 4.950E-03 1.838E+03 8.788E-01 1.775E+01 2.000E+00
6.600E+06 4.128E+02 7.542E-01 8.615E-04 4.950E-03 1.838E+03 8.788E-01 1.775E+01 2.000E+00
9.546E+06 4.128E+02 7.542E-01 8.615E-04 4.950E-03 1.838E+03 8.788E-01 1.775E+01 2.000E+00
6.821E+07 4.128E+02 7.542E-01 8.615E-04 4.950E-03 1.947E+03 8.788E-01 1.775E+01 2.000E+00
3.056E+08 5.524E+02 6.930E-01 8.615E-04 4.950E-03 1.563E+03 8.788E-01 1.775E+01 2.000E+00
1.448E+07 7.971E+02 6.116E-01 8.615E-04 4.951E-03 1.356E+03 8.788E-01 1.775E+01 2.000E+00
5.072E+06 8.588E+02 5.950E-01 8.615E-04 4.952E-03 1.326E+03 8.788E-01 1.775E+01 2.000E+00
1.161E+07 7.281E+02 6.318E-01 8.615E-04 4.953E-03 1.402E+03 8.788E-01 1.775E+01 2.000E+00
7.860E+06 4.710E+02 7.271E-01 8.615E-04 4.956E-03 1.696E+03 8.789E-01 1.775E+01 2.000E+00
1.487E+07 7.005E+02 6.404E-01 8.615E-04 4.961E-03 1.416E+03 8.789E-01 1.775E+01 2.000E+00
2.938E+07 8.428E+02 5.992E-01 8.615E-04 4.971E-03 1.334E+03 8.791E-01 1.775E+01 2.000E+00
1.143E+08 5.927E+02 6.776E-01 8.615E-04 4.988E-03 1.514E+03 8.793E-01 1.775E+01 2.000E+00
7.533E+06 9.952E+02 5.625E-01 8.615E-04 5.020E-03 1.339E+03 8.797E-01 1.776E+01 2.000E+00
2.632E+07 9.279E+02 5.780E-01 8.615E-04 5.079E-03 1.300E+03 8.804E-01 1.776E+01 2.000E+00
1.747E+07 6.518E+02 6.568E-01 8.615E-04 5.187E-03 1.456E+03 8.817E-01 1.776E+01 2.000E+00
6.972E+06 8.731E+02 5.917E-01 8.615E-04 5.385E-03 1.323E+03 8.842E-01 1.776E+01 2.000E+00
4.260E+07 7.643E+02 6.218E-01 8.615E-04 5.748E-03 1.378E+03 8.887E-01 1.777E+01 2.000E+00
3.339E+07 3.542E+02 7.878E-01 8.615E-04 6.413E-03 2.029E+03 8.970E-01 1.779E+01 2.000E+00
9.500E+06 5.164E+02 7.123E-01 8.615E-04 7.631E-03 1.610E+03 9.099E-01 1.782E+01 2.000E+00
1.972E+07 4.516E+02 7.461E-01 8.615E-04 9.865E-03 1.710E+03 9.267E-01 1.787E+01 2.000E+00
4.836E+06 8.588E+02 5.950E-01 1.090E-03 4.950E-03 1.327E+03 8.795E-01 1.775E+01 2.000E+00
4.911E+06 8.588E+02 5.950E-01 1.090E-03 4.950E-03 1.327E+03 8.795E-01 1.775E+01 2.000E+00
5.056E+06 8.588E+02 5.950E-01 1.090E-03 4.950E-03 1.337E+03 8.795E-01 1.775E+01 2.000E+00
5.351E+06 8.588E+02 5.950E-01 1.090E-03 4.950E-03 1.327E+03 8.795E-01 1.775E+01 2.000E+00
6.020E+06 8.588E+02 5.950E-01 1.090E-03 4.950E-03 1.334E+03 8.795E-01 1.775E+01 2.000E+00
5.089E+07 4.958E+02 7.163E-01 1.090E-03 4.951E-03 1.650E+03 8.795E-01 1.775E+01 2.000E+00
2.306E+07 7.281E+02 6.318E-01 1.090E-03 4.952E-03 1.397E+03 8.795E-01 1.775E+01 2.000E+00
4.355E+07 3.030E+02 8.109E-01 1.090E-03 4.953E-03 2.363E+03 8.795E-01 1.775E+01 2.000E+00
1.030E+07 3.758E+02 7.726E-01 1.090E-03 4.956E-03 1.962E+03 8.796E-01 1.775E+01 2.000E+00
1.283E+07 5.841E+02 6.808E-01 1.090E-03 4.961E-03 1.524E+03 8.796E-01 1.775E+01 2.000E+00
2.805E+07 7.381E+02 6.288E-01 1.090E-03 4.971E-03 1.391E+03 8.798E-01 1.775E+01 2.000E+00
5.718E+06 4.384E+02 7.421E-01 1.090E-03 4.988E-03 1.787E+03 8.800E-01 1.775E+01 2.000E+00
2.593E+07 8.670E+02 5.929E-01 1.090E-03 5.020E-03 1.324E+03 8.804E-01 1.776E+01 2.000E+00
2.234E+07 5.653E+02 6.881E-01 1.090E-03 5.079E-03 1.547E+03 8.811E-01 1.776E+01 2.000E+00
1.152E+11 9.472E+02 5.735E-01 1.090E-03 5.187E-03 1.295E+03 8.825E-01 1.776E+01 2.000E+00
1.070E+07 5.685E+02 6.874E-01 1.090E-03 5.385E-03 1.559E+03 8.849E-01 1.776E+01 2.000E+00
1.645E+07 7.675E+02 6.209E-01 1.090E-03 5.748E-03 1.377E+03 8.894E-01 1.777E+01 2.000E+00
2.698E+08 4.087E+02 7.596E-01 1.090E-03 6.413E-03 1.837E+03 8.977E-01 1.779E+01 2.000E+00
1.163E+07 8.954E+02 5.880E-01 1.090E-03 7.631E-03 1.332E+03 9.105E-01 1.782E+01 2.000E+00
6.754E+08 3.936E+02 7.758E-01 1.090E-03 9.865E-03 1.849E+03 9.272E-01 1.787E+01 2.000E+00
1.792E+09 5.923E+02 6.777E-01 1.378E-03 4.950E-03 1.515E+03 8.804E-01 1.775E+01 2.000E+00
9.659E+06 8.467E+02 5.981E-01 1.378E-03 4.950E-03 1.332E+03 8.804E-01 1.775E+01 2.000E+00
1.048E+07 8.467E+02 5.981E-01 1.378E-03 4.950E-03 1.332E+03 8.804E-01 1.775E+01 2.000E+00
1.248E+07 8.467E+02 5.981E-01 1.378E-03 4.950E-03 1.332E+03 8.804E-01 1.775E+01 2.000E+00
1.969E+07 8.467E+02 5.981E-01 1.378E-03 4.950E-03 1.333E+03 8.804E-01 1.775E+01 2.000E+00
8.659E+06 6.470E+02 6.581E-01 1.378E-03 4.951E-03 1.460E+03 8.804E-01 1.775E+01 2.000E+00
5.414E+06 4.710E+02 7.271E-01 1.378E-03 4.952E-03 1.697E+03 8.804E-01 1.775E+01 2.000E+00
3.186E+07 6.260E+02 6.655E-01 1.378E-03 4.953E-03 1.480E+03 8.804E-01 1.775E+01 2.000E+00
1.369E+07 7.707E+02 6.191E-01 1.378E-03 4.956E-03 1.371E+03 8.805E-01 1.775E+01 2.000E+00
1.296E+07 9.882E+02 5.640E-01 1.378E-03 4.961E-03 1.281E+03 8.805E-01 1.775E+01 2.000E+00
1.677E+07 7.742E+02 6.181E-01 1.378E-03 4.971E-03 1.369E+03 8.807E-01 1.775E+01 2.000E+00
2.897E+07 6.705E+02 6.502E-01 1.378E-03 4.988E-03 1.440E+03 8.809E-01 1.775E+01 2.000E+00
8.121E+06 9.952E+02 5.625E-01 1.378E-03 5.020E-03 1.279E+03 8.813E-01 1.776E+01 2.000E+00
5.962E+07 5.150E+02 7.084E-01 1.378E-03 5.079E-03 1.618E+03 8.820E-01 1.776E+01 2.000E+00
4.979E+07 5.999E+02 6.752E-01 1.378E-03 5.187E-03 1.507E+03 8.834E-01 1.776E+01 2.000E+00
1.009E+07 2.602E+02 8.359E-01 1.378E-03 5.385E-03 2.803E+03 8.858E-01 1.776E+01 2.000E+00
1.138E+07 7.535E+02 6.250E-01 1.378E-03 5.748E-03 1.385E+03 8.903E-01 1.777E+01 2.000E+00
8.348E+06 5.264E+02 7.060E-01 1.378E-03 6.413E-03 1.598E+03 8.986E-01 1.779E+01 2.000E+00
3.725E+07 9.012E+02 5.866E-01 1.378E-03 7.631E-03 1.330E+03 9.112E-01 1.782E+01 2.000E+00
3.831E+07 3.519E+02 7.989E-01 1.378E-03 9.865E-03 1.984E+03 9.279E-01 1.787E+01 2.000E+00
4.889E+06 6.260E+02 6.655E-01 1.743E-03 4.950E-03 1.480E+03 8.815E-01 1.775E+01 2.000E+00
5.204E+06 6.260E+02 6.655E-01 1.743E-03 4.950E-03 1.480E+03 8.815E-01 1.775E+01 2.000E+00
5.922E+06 6.260E+02 6.655E-01 1.743E-03 4.950E-03 1.501E+03 8.815E-01 1.775E+01 2.000E+00
8.049E+06 6.260E+02 6.655E-01 1.743E-03 4.950E-03 1.480E+03 8.815E-01 1.775E+01 2.000E+00
2.853E+07 6.260E+02 6.655E-01 1.743E-03 4.950E-03 1.480E+03 8.815E-01 1.775E+01 2.000E+00
1.627E+07 2.851E+02 8.207E-01 1.743E-03 4.951E-03 2.524E+03 8.816E-01 1.775E+01 2.000E+00
1.038E+07 7.859E+02 6.147E-01 1.743E-03 4.952E-03 1.363E+03 8.816E-01 1.775E+01 2.000E+00
9.103E+06 5.147E+02 7.083E-01 1.743E-03 4.953E-03 1.619E+03 8.816E-01 1.775E+01 2.000E+00
7.155E+08 6.174E+02 6.685E-01 1.743E-03 4.956E-03 1.489E+03 8.816E-01 1.775E+01 2.000E+00
1.506E+07 7.974E+02 6.115E-01 1.743E-03 4.961E-03 1.357E+03 8.817E-01 1.775E+01 2.000E+00
1.341E+07 8.839E+02 5.886E-01 1.743E-03 4.971E-03 1.317E+03 8.818E-01 1.775E+01 2.000E+00
6.896E+06 8.824E+02 5.890E-01 1.743E-03 4.988E-03 1.318E+03 8.820E-01 1.775E+01 2.000E+00
4.358E+07 5.145E+02 7.085E-01 1.743E-03 5.020E-03 1.619E+03 8.824E-01 1.776E+01 2.000E+00
2.423E+07 3.653E+02 7.783E-01 1.743E-03 5.079E-03 2.046E+03 8.831E-01 1.776E+01 2.000E+00
5.655E+06 4.121E+02 7.551E-01 1.743E-03 5.187E-03 1.838E+03 8.845E-01 1.776E+01 2.000E+00
1.165E+08 8.764E+02 5.909E-01 1.743E-03 5.385E-03 1.323E+03 8.869E-01 1.776E+01 2.000E+00
5.698E+07 9.881E+02 5.646E-01 1.743E-03 5.748E-03 1.289E+03 8.915E-01 1.777E+01 2.000E+00
7.014E+06 4.150E+02 7.565E-01 1.743E-03 6.413E-03 1.820E+03 8.997E-01 1.779E+01 2.000E+00
2.900E+07 8.670E+02 5.952E-01 1.743E-03 7.631E-03 1.343E+03 9.121E-01 1.782E+01 2.000E+00
2.839E+07 8.624E+02 5.984E-01 1.743E-03 9.865E-03 1.360E+03 9.289E-01 1.787E+01 2.000E+00
1.407E+07 7.707E+02 6.191E-01 2.205E-03 4.950E-03 1.414E+03 8.830E-01 1.775E+01 2.000E+00
1.579E+07 7.707E+02 6.191E-01 2.205E-03 4.950E-03 1.372E+03 8.830E-01 1.775E+01 2.000E+00
2.045E+07 7.707E+02 6.191E-01 2.205E-03 4.950E-03 1.373E+03 8.830E-01 1.775E+01 2.000E+00
5.966E+06 2.378E+02 8.460E-01 2.205E-03 4.950E-03 3.269E+03 8.830E-01 1.775E+01 2.000E+00
3.681E+07 2.378E+02 8.460E-01 2.205E-03 4.950E-03 3.281E+03 8.830E-01 1.775E+01 2.000E+00
6.473E+07 6.505E+02 6.569E-01 2.205E-03 4.951E-03 1.458E+03 8.830E-01 1.775E+01 2.000E+00
9.240E+06 8.014E+02 6.104E-01 2.205E-03 4.952E-03 1.356E+03 8.830E-01 1.775E+01 2.000E+00
9.382E+06 4.378E+02 7.422E-01 2.205E-03 4.953E-03 1.772E+03 8.830E-01 1.775E+01 2.000E+00
3.768E+07 3.622E+02 7.795E-01 2.205E-03 4.956E-03 2.018E+03 8.830E-01 1.775E+01 2.000E+00
2.022E+07 8.128E+02 6.072E-01 2.205E-03 4.961E-03 1.350E+03 8.831E-01 1.775E+01 2.000E+00
8.013E+07 3.318E+02 7.955E-01 2.205E-03 4.971E-03 2.169E+03 8.832E-01 1.775E+01 2.000E+00
2.787E+07 4.190E+02 7.513E-01 2.205E-03 4.988E-03 1.828E+03 8.834E-01 1.775E+01 2.000E+00
9.337E+06 9.952E+02 5.625E-01 2.205E-03 5.020E-03 1.280E+03 8.838E-01 1.776E+01 2.000E+00
1.144E+07 9.757E+02 5.669E-01 2.205E-03 5.079E-03 1.288E+03 8.846E-01 1.776E+01 2.000E+00
8.979E+06 3.112E+02 8.073E-01 2.205E-03 5.187E-03 2.295E+03 8.859E-01 1.776E+01 2.000E+00
6.554E+06 6.335E+02 6.634E-01 2.205E-03 5.385E-03 1.475E+03 8.884E-01 1.776E+01 2.000E+00
1.275E+09 6.267E+02 6.663E-01 2.205E-03 5.748E-03 1.482E+03 8.929E-01 1.777E+01 2.000E+00
4.042E+06 2.807E+02 8.285E-01 2.205E-03 6.413E-03 2.506E+03 9.011E-01 1.779E+01 2.000E+00
7.523E+07 7.902E+02 6.162E-01 2.205E-03 7.631E-03 1.377E+03 9.133E-01 1.782E+01 2.000E+00
4.481E+07 9.159E+02 5.848E-01 2.205E-03 9.865E-03 1.346E+03 9.300E-01 1.787E+01 2.000E+00
3.146E+07 7.452E+02 6.266E-01 2.789E-03 4.950E-03 1.388E+03 8.848E-01 1.775E+01 2.000E+00
4.475E+07 7.452E+02 6.266E-01 2.789E-03 4.950E-03 1.388E+03 8.848E-01 1.775E+01 2.000E+00
2.138E+08 7.452E+02 6.266E-01 2.789E-03 4.950E-03 1.390E+03 8.848E-01 1.775E+01 2.000E+00
1.135E+08 7.483E+02 6.257E-01 2.789E-03 4.950E-03 1.387E+03 8.848E-01 1.775E+01 2.000E+00
1.216E+07 9.882E+02 5.640E-01 2.789E-03 4.950E-03 1.283E+03 8.848E-01 1.775E+01 2.000E+00
1.575E+07 3.622E+02 7.795E-01 2.789E-03 4.951E-03 2.019E+03 8.848E-01 1.775E+01 2.000E+00
1.779E+07 4.859E+02 7.205E-01 2.789E-03 4.952E-03 1.670E+03 8.848E-01 1.775E+01 2.000E+00
7.624E+07 2.644E+02 8.319E-01 2.789E-03 4.953E-03 2.772E+03 8.848E-01 1.775E+01 2.000E+00
9.079E+06 5.760E+02 6.838E-01 2.789E-03 4.956E-03 1.537E+03 8.849E-01 1.775E+01 2.000E+00
2.678E+07 7.586E+02 6.226E-01 2.789E-03 4.961E-03 1.380E+03 8.849E-01 1.775E+01 2.000E+00
6.285E+06 9.818E+02 5.655E-01 2.789E-03 4.971E-03 1.291E+03 8.850E-01 1.775E+01 2.000E+00
2.649E+07 7.083E+02 6.380E-01 2.789E-03 4.988E-03 1.413E+03 8.853E-01 1.775E+01 2.000E+00
1.049E+07 9.952E+02 5.625E-01 2.789E-03 5.020E-03 1.282E+03 8.857E-01 1.776E+01 2.000E+00
5.642E+07 9.757E+02 5.669E-01 2.789E-03 5.079E-03 1.292E+03 8.864E-01 1.776E+01 2.000E+00
3.141E+08 6.736E+02 6.495E-01 2.789E-03 5.187E-03 1.440E+03 8.877E-01 1.776E+01 2.000E+00
5.801E+06 2.254E+02 8.544E-01 2.789E-03 5.385E-03 3.569E+03 8.902E-01 1.776E+01 2.000E+00
1.943E+07 2.987E+02 8.160E-01 2.789E-03 5.748E-03 2.372E+03 8.947E-01 1.777E+01 2.000E+00
2.023E+07 8.685E+02 5.938E-01 2.789E-03 6.413E-03 1.336E+03 9.030E-01 1.779E+01 2.000E+00
5.686E+06 8.310E+02 6.048E-01 2.789E-03 7.631E-03 1.360E+03 9.147E-01 1.782E+01 2.000E+00
5.926E+06 5.233E+02 7.132E-01 2.789E-03 9.865E-03 1.598E+03 9.315E-01 1.787E+01 2.000E+00
6.943E+06 5.743E+02 6.845E-01 3.528E-03 4.950E-03 1.538E+03 8.871E-01 1.775E+01 2.000E+00
7.830E+06 5.743E+02 6.845E-01 3.528E-03 4.950E-03 1.539E+03 8.871E-01 1.775E+01 2.000E+00
1.031E+07 5.743E+02 6.845E-01 3.528E-03 4.950E-03 1.538E+03 8.871E-01 1.775E+01 2.000E+00
2.645E+07 5.743E+02 6.845E-01 3.528E-03 4.950E-03 1.539E+03 8.871E-01 1.775E+01 2.000E+00
2.370E+07 5.760E+02 6.838E-01 3.528E-03 4.950E-03 1.536E+03 8.871E-01 1.775E+01 2.000E+00
1.047E+07 3.647E+02 7.782E-01 3.528E-03 4.951E-03 2.009E+03 8.871E-01 1.775E+01 2.000E+00
2.375E+07 3.004E+02 8.124E-01 3.528E-03 4.952E-03 2.387E+03 8.871E-01 1.775E+01 2.000E+00
3.393E+07 8.527E+02 5.966E-01 3.528E-03 4.953E-03 1.366E+03 8.871E-01 1.775E+01 2.000E+00
1.732E+08 9.106E+02 5.820E-01 3.528E-03 4.956E-03 1.310E+03 8.872E-01 1.775E+01 2.000E+00
1.019E+07 5.601E+02 6.900E-01 3.528E-03 4.961E-03 1.556E+03 8.872E-01 1.775E+01 2.000E+00
2.295E+06 2.133E+02 8.584E-01 3.528E-03 4.971E-03 4.190E+03 8.873E-01 1.775E+01 2.000E+00
1.570E+07 5.369E+02 6.992E-01 3.528E-03 4.988E-03 1.587E+03 8.876E-01 1.775E+01 2.000E+00
3.757E+07 7.279E+02 6.319E-01 3.528E-03 5.020E-03 1.401E+03 8.880E-01 1.776E+01 2.000E+00
3.439E+06 4.855E+02 7.210E-01 3.528E-03 5.079E-03 1.671E+03 8.887E-01 1.776E+01 2.000E+00
1.170E+07 9.512E+02 5.726E-01 3.528E-03 5.187E-03 1.298E+03 8.900E-01 1.776E+01 2.000E+00
1.022E+07 3.335E+02 7.959E-01 3.528E-03 5.385E-03 2.152E+03 8.925E-01 1.776E+01 2.000E+00
7.841E+06 9.619E+02 5.705E-01 3.528E-03 5.748E-03 1.299E+03 8.970E-01 1.777E+01 2.000E+00
1.730E+07 2.303E+02 8.567E-01 3.528E-03 6.413E-03 3.285E+03 9.053E-01 1.779E+01 2.000E+00
5.880E+07 8.486E+02 6.001E-01 3.528E-03 7.631E-03 1.354E+03 9.166E-01 1.782E+01 2.000E+00
6.113E+07 3.799E+02 7.832E-01 3.528E-03 9.865E-03 1.890E+03 9.333E-01 1.787E+01 2.000E+00
6.941E+06 8.947E+02 5.859E-01 4.462E-03 4.950E-03 1.317E+03 8.900E-01 1.775E+01 2.000E+00
7.066E+06 8.947E+02 5.859E-01 4.462E-03 4.950E-03 1.317E+03 8.900E-01 1.775E+01 2.000E+00
7.312E+06 8.947E+02 5.859E-01 4.462E-03 4.950E-03 1.317E+03 8.900E-01 1.775E+01 2.000E+00
7.819E+06 8.947E+02 5.859E-01 4.462E-03 4.950E-03 1.317E+03 8.900E-01 1.775E+01 2.000E+00
9.042E+06 8.839E+02 5.886E-01 4.462E-03 4.950E-03 1.321E+03 8.900E-01 1.775E+01 2.000E+00
1.354E+07 8.839E+02 5.886E-01 4.462E-03 4.951E-03 1.324E+03 8.900E-01 1.775E+01 2.000E+00
8.660E+07 8.947E+02 5.859E-01 4.462E-03 4.952E-03 1.317E+03 8.900E-01 1.775E+01 2.000E+00
1.082E+07 5.446E+02 6.961E-01 4.462E-03 4.953E-03 1.578E+03 8.900E-01 1.775E+01 2.000E+00
1.422E+07 8.736E+02 5.912E-01 4.462E-03 4.956E-03 1.326E+03 8.901E-01 1.775E+01 2.000E+00
2.977E+06 2.133E+02 8.583E-01 4.462E-03 4.961E-03 4.191E+03 8.901E-01 1.775E+01 2.000E+00
1.390E+07 8.703E+02 5.921E-01 4.462E-03 4.971E-03 1.328E+03 8.902E-01 1.775E+01 2.000E+00
4.138E+07 9.457E+02 5.737E-01 4.462E-03 4.988E-03 1.299E+03 8.905E-01 1.775E+01 2.000E+00
6.307E+07 9.217E+02 5.794E-01 4.462E-03 5.020E-03 1.308E+03 8.909E-01 1.776E+01 2.000E+00
5.052E+07 6.984E+02 6.413E-01 4.462E-03 5.079E-03 1.423E+03 8.916E-01 1.776E+01 2.000E+00
9.274E+07 3.691E+02 7.766E-01 4.462E-03 5.187E-03 1.990E+03 8.929E-01 1.776E+01 2.000E+00
4.190E+06 4.209E+02 7.513E-01 4.462E-03 5.385E-03 1.815E+03 8.954E-01 1.776E+01 2.000E+00
2.599E+07 9.722E+02 5.682E-01 4.462E-03 5.748E-03 1.298E+03 8.999E-01 1.777E+01 2.000E+00
1.760E+07 9.155E+02 5.820E-01 4.462E-03 6.413E-03 1.322E+03 9.082E-01 1.779E+01 2.000E+00
3.379E+08 6.923E+02 6.463E-01 4.462E-03 7.631E-03 1.438E+03 9.189E-01 1.782E+01 2.000E+00
2.561E+07 5.576E+02 6.988E-01 4.462E-03 9.865E-03 1.562E+03 9.357E-01 1.787E+01 2.000E+00
1.619E+07 2.133E+02 8.583E-01 5.644E-03 4.950E-03 4.192E+03 8.937E-01 1.775E+01 2.000E+00
1.987E+07 2.133E+02 8.583E-01 5.644E-03 4.950E-03 4.192E+03 8.937E-01 1.775E+01 2.000E+00
3.431E+07 2.133E+02 8.583E-01 5.644E-03 4.950E-03 4.196E+03 8.937E-01 1.775E+01 2.000E+00
5.529E+07 4.651E+02 7.298E-01 5.644E-03 4.950E-03 1.713E+03 8.937E-01 1.775E+01 2.000E+00
1.088E+07 5.860E+02 6.801E-01 5.644E-03 4.950E-03 1.527E+03 8.937E-01 1.775E+01 2.000E+00
8.364E+06 5.922E+02 6.777E-01 5.644E-03 4.951E-03 1.520E+03 8.937E-01 1.775E+01 2.000E+00
6.900E+06 9.818E+02 5.654E-01 5.644E-03 4.952E-03 1.290E+03 8.937E-01 1.775E+01 2.000E+00
8.744E+06 3.697E+02 7.757E-01 5.644E-03 4.953E-03 1.990E+03 8.937E-01 1.775E+01 2.000E+00
1.851E+07 6.259E+02 6.655E-01 5.644E-03 4.956E-03 1.485E+03 8.937E-01 1.775E+01 2.000E+00
1.438E+08 8.824E+02 5.890E-01 5.644E-03 4.961E-03 1.329E+03 8.938E-01 1.775E+01 2.000E+00
8.043E+07 8.097E+02 6.081E-01 5.644E-03 4.971E-03 1.364E+03 8.939E-01 1.775E+01 2.000E+00
1.295E+07 6.986E+02 6.411E-01 5.644E-03 4.988E-03 1.425E+03 8.941E-01 1.775E+01 2.000E+00
1.031E+08 7.578E+02 6.229E-01 5.644E-03 5.020E-03 1.385E+03 8.945E-01 1.776E+01 2.000E+00
6.273E+07 5.505E+02 6.940E-01 5.644E-03 5.079E-03 1.571E+03 8.953E-01 1.776E+01 2.000E+00
2.467E+07 9.524E+02 5.723E-01 5.644E-03 5.187E-03 1.306E+03 8.966E-01 1.776E+01 2.000E+00
2.772E+08 7.470E+02 6.265E-01 5.644E-03 5.385E-03 1.393E+03 8.991E-01 1.776E+01 2.000E+00
5.642E+06 4.744E+02 7.272E-01 5.644E-03 5.748E-03 1.692E+03 9.036E-01 1.777E+01 2.000E+00
8.148E+06 9.927E+02 5.641E-01 5.644E-03 6.413E-03 1.301E+03 9.118E-01 1.779E+01 2.000E+00
8.500E+05 2.269E+02 8.643E-01 5.644E-03 7.631E-03 3.230E+03 9.219E-01 1.782E+01 2.000E+00
4.597E+06 3.347E+02 8.088E-01 5.644E-03 9.865E-03 2.061E+03 9.386E-01 1.787E+01 2.000E+00
2.203E+07 8.824E+02 5.890E-01 7.139E-03 4.950E-03 1.326E+03 8.983E-01 1.775E+01 2.000E+00
2.398E+07 8.824E+02 5.890E-01 7.139E-03 4.950E-03 1.326E+03 8.983E-01 1.775E+01 2.000E+00
2.867E+07 8.824E+02 5.890E-01 7.139E-03 4.950E-03 1.326E+03 8.983E-01 1.775E+01 2.000E+00
4.521E+07 8.824E+02 5.890E-01 7.139E-03 4.950E-03 1.331E+03 8.983E-01 1.775E+01 2.000E+00
2.073E+07 6.523E+02 6.563E-01 7.139E-03 4.950E-03 1.463E+03 8.983E-01 1.775E+01 2.000E+00
1.048E+07 8.703E+02 5.920E-01 7.139E-03 4.951E-03 1.331E+03 8.983E-01 1.775E+01 2.000E+00
8.088E+07 8.703E+02 5.920E-01 7.139E-03 4.952E-03 1.331E+03 8.983E-01 1.775E+01 2.000E+00
3.022E+07 9.264E+02 5.782E-01 7.139E-03 4.953E-03 1.314E+03 8.983E-01 1.775E+01 2.000E+00
2.755E+07 5.684E+02 6.868E-01 7.139E-03 4.956E-03 1.550E+03 8.984E-01 1.775E+01 2.000E+00
1.644E+07 9.727E+02 5.675E-01 7.139E-03 4.961E-03 1.296E+03 8.984E-01 1.775E+01 2.000E+00
1.611E+07 9.782E+02 5.663E-01 7.139E-03 4.971E-03 1.294E+03 8.986E-01 1.775E+01 2.000E+00
1.030E+07 9.952E+02 5.625E-01 7.139E-03 4.988E-03 1.289E+03 8.988E-01 1.775E+01 2.000E+00
2.922E+07 2.229E+02 8.540E-01 7.139E-03 5.020E-03 3.719E+03 8.992E-01 1.776E+01 2.000E+00
6.075E+06 8.001E+02 6.109E-01 7.139E-03 5.079E-03 1.365E+03 8.999E-01 1.776E+01 2.000E+00
5.517E+07 8.660E+02 5.933E-01 7.139E-03 5.187E-03 1.633E+03 9.012E-01 1.776E+01 2.000E+00
1.176E+07 8.407E+02 6.001E-01 7.139E-03 5.385E-03 1.347E+03 9.037E-01 1.776E+01 2.000E+00
2.235E+07 9.064E+02 5.837E-01 7.139E-03 5.748E-03 1.324E+03 9.082E-01 1.777E+01 2.000E+00
1.802E+08 9.825E+02 5.664E-01 7.139E-03 6.413E-03 1.307E+03 9.165E-01 1.779E+01 2.000E+00
2.091E+08 3.901E+02 7.721E-01 7.139E-03 7.631E-03 1.888E+03 9.256E-01 1.782E+01 2.000E+00
1.803E+07 6.774E+02 6.540E-01 7.139E-03 9.865E-03 1.459E+03 9.423E-01 1.787E+01 2.000E+00
2.119E+07 5.152E+02 7.081E-01 9.029E-03 4.950E-03 1.626E+03 9.042E-01 1.775E+01 2.000E+00
1.476E+07 3.680E+02 7.766E-01 9.029E-03 4.950E-03 2.001E+03 9.042E-01 1.775E+01 2.000E+00
1.233E+07 5.219E+02 7.053E-01 9.029E-03 4.950E-03 1.616E+03 9.042E-01 1.775E+01 2.000E+00
9.781E+07 5.219E+02 7.053E-01 9.029E-03 4.950E-03 1.616E+03 9.042E-01 1.775E+01 2.000E+00
3.192E+07 6.004E+02 6.747E-01 9.029E-03 4.950E-03 1.613E+03 9.042E-01 1.775E+01 2.000E+00
3.665E+07 9.465E+02 5.735E-01 9.029E-03 4.951E-03 1.306E+03 9.042E-01 1.775E+01 2.000E+00
5.933E+08 5.600E+02 6.900E-01 9.029E-03 4.952E-03 1.562E+03 9.042E-01 1.775E+01 2.000E+00
1.308E+08 9.461E+02 5.736E-01 9.029E-03 4.953E-03 1.307E+03 9.042E-01 1.775E+01 2.000E+00
2.216E+07 8.013E+02 6.104E-01 9.029E-03 4.956E-03 1.366E+03 9.042E-01 1.775E+01 2.000E+00
1.098E+07 8.670E+02 5.929E-01 9.029E-03 4.961E-03 1.338E+03 9.043E-01 1.775E+01 2.000E+00
9.288E+06 9.952E+02 5.625E-01 9.029E-03 4.971E-03 1.293E+03 9.044E-01 1.775E+01 2.000E+00
2.826E+06 4.081E+02 7.566E-01 9.029E-03 4.988E-03 1.860E+03 9.046E-01 1.775E+01 2.000E+00
5.283E+07 9.326E+02 5.768E-01 9.029E-03 5.020E-03 1.312E+03 9.050E-01 1.776E+01 2.000E+00
2.076E+08 5.388E+02 6.986E-01 9.029E-03 5.079E-03 1.591E+03 9.058E-01 1.776E+01 2.000E+00
7.273E+08 9.196E+02 5.800E-01 9.029E-03 5.187E-03 1.318E+03 9.071E-01 1.776E+01 2.000E+00
7.420E+07 5.507E+02 6.944E-01 9.029E-03 5.385E-03 1.575E+03 9.096E-01 1.776E+01 2.000E+00
6.530E+06 6.684E+02 6.519E-01 9.029E-03 5.748E-03 1.469E+03 9.141E-01 1.777E+01 2.000E+00
1.190E+08 3.424E+02 7.942E-01 9.029E-03 6.413E-03 2.091E+03 9.212E-01 1.779E+01 2.000E+00
1.970E+07 9.204E+02 5.818E-01 9.029E-03 7.631E-03 1.341E+03 9.303E-01 1.782E+01 2.000E+00
1.249E+07 9.480E+02 5.770E-01 9.029E-03 9.865E-03 1.357E+03 9.471E-01 1.787E+01 2.000E+00
4.688E+07 3.520E+02 7.849E-01 1.142E-02 4.950E-03 2.073E+03 9.116E-01 1.775E+01 2.000E+00
1.419E+07 3.577E+02 7.819E-01 1.142E-02 4.950E-03 2.047E+03 9.116E-01 1.775E+01 2.000E+00
5.623E+07 3.577E+02 7.819E-01 1.142E-02 4.950E-03 2.047E+03 9.116E-01 1.775E+01 2.000E+00
8.561E+06 9.952E+02 5.625E-01 1.142E-02 4.950E-03 1.296E+03 9.116E-01 1.775E+01 2.000E+00
8.610E+06 9.952E+02 5.625E-01 1.142E-02 4.950E-03 1.296E+03 9.116E-01 1.775E+01 2.000E+00
8.702E+06 9.952E+02 5.625E-01 1.142E-02 4.951E-03 1.308E+03 9.116E-01 1.775E+01 2.000E+00
8.878E+06 9.952E+02 5.625E-01 1.142E-02 4.952E-03 1.297E+03 9.116E-01 1.775E+01 2.000E+00
9.221E+06 9.952E+02 5.625E-01 1.142E-02 4.953E-03 1.296E+03 9.116E-01 1.775E+01 2.000E+00
9.940E+06 9.952E+02 5.625E-01 1.142E-02 4.956E-03 1.297E+03 9.117E-01 1.775E+01 2.000E+00
3.662E+06 3.938E+02 7.636E-01 1.142E-02 4.961E-03 1.908E+03 9.117E-01 1.775E+01 2.000E+00
1.908E+06 2.339E+02 8.483E-01 1.142E-02 4.971E-03 3.368E+03 9.119E-01 1.775E+01 2.000E+00
3.572E+07 6.703E+02 6.503E-01 1.142E-02 4.988E-03 1.453E+03 9.121E-01 1.775E+01 2.000E+00
3.738E+07 4.874E+02 7.201E-01 1.142E-02 5.020E-03 1.676E+03 9.125E-01 1.776E+01 2.000E+00
6.722E+06 8.464E+02 5.983E-01 1.142E-02 5.079E-03 1.354E+03 9.132E-01 1.776E+01 2.000E+00
8.566E+06 2.222E+02 8.553E-01 1.142E-02 5.187E-03 3.722E+03 9.145E-01 1.776E+01 2.000E+00
1.998E+08 3.865E+02 7.683E-01 1.142E-02 5.385E-03 1.931E+03 9.170E-01 1.776E+01 2.000E+00
2.132E+08 6.042E+02 6.745E-01 1.142E-02 5.748E-03 1.519E+03 9.215E-01 1.777E+01 2.000E+00
2.003E+08 5.102E+02 7.128E-01 1.142E-02 6.413E-03 1.636E+03 9.272E-01 1.779E+01 2.000E+00
7.156E+07 9.603E+02 5.724E-01 1.142E-02 7.631E-03 1.336E+03 9.363E-01 1.782E+01 2.000E+00
2.432E+09 3.069E+02 8.254E-01 1.142E-02 9.865E-03 2.211E+03 9.514E-01 1.787E+01 2.000E+00
1.221E+07 5.202E+02 7.060E-01 1.445E-02 4.950E-03 1.625E+03 9.210E-01 1.775E+01 2.000E+00
1.632E+07 5.202E+02 7.060E-01 1.445E-02 4.950E-03 1.625E+03 9.210E-01 1.775E+01 2.000E+00
4.469E+07 5.202E+02 7.060E-01 1.445E-02 4.950E-03 1.625E+03 9.210E-01 1.775E+01 2.000E+00
2.488E+07 2.062E+02 8.619E-01 1.445E-02 4.950E-03 4.656E+03 9.210E-01 1.775E+01 2.000E+00
5.579E+06 5.144E+02 7.085E-01 1.445E-02 4.950E-03 1.634E+03 9.210E-01 1.775E+01 2.000E+00
9.859E+06 3.401E+02 7.912E-01 1.445E-02 4.951E-03 2.135E+03 9.210E-01 1.775E+01 2.000E+00
3.158E+07 4.931E+02 7.175E-01 1.445E-02 4.952E-03 1.670E+03 9.210E-01 1.775E+01 2.000E+00
3.045E+07 6.890E+02 6.441E-01 1.445E-02 4.953E-03 1.443E+03 9.210E-01 1.775E+01 2.000E+00
3.346E+07 8.583E+02 5.951E-01 1.445E-02 4.956E-03 1.348E+03 9.211E-01 1.775E+01 2.000E+00
2.621E+07 6.432E+02 6.595E-01 1.445E-02 4.961E-03 1.480E+03 9.211E-01 1.775E+01 2.000E+00
3.511E+09 8.002E+02 6.108E-01 1.445E-02 4.971E-03 1.375E+03 9.213E-01 1.775E+01 2.000E+00
1.386E+07 5.134E+02 7.089E-01 1.445E-02 4.988E-03 1.636E+03 9.215E-01 1.775E+01 2.000E+00
9.817E+06 8.122E+02 6.075E-01 1.445E-02 5.020E-03 1.369E+03 9.219E-01 1.776E+01 2.000E+00
4.631E+07 5.595E+02 6.904E-01 1.445E-02 5.079E-03 1.570E+03 9.226E-01 1.776E+01 2.000E+00
1.087E+08 4.924E+02 7.182E-01 1.445E-02 5.187E-03 1.671E+03 9.239E-01 1.776E+01 2.000E+00
4.539E+07 8.785E+02 5.903E-01 1.445E-02 5.385E-03 1.344E+03 9.264E-01 1.776E+01 2.000E+00
9.505E+06 6.776E+02 6.488E-01 1.445E-02 5.748E-03 1.456E+03 9.297E-01 1.777E+01 2.000E+00
4.725E+07 4.912E+02 7.210E-01 1.445E-02 6.413E-03 1.671E+03 9.347E-01 1.779E+01 2.000E+00
2.931E+06 6.400E+02 6.641E-01 1.445E-02 7.631E-03 1.494E+03 9.439E-01 1.782E+01 2.000E+00
3.599E+07 6.873E+02 6.506E-01 1.445E-02 9.865E-03 1.469E+03 9.568E-01 1.787E+01 2.000E+00
2.135E+07 9.209E+02 5.795E-01 1.827E-02 4.950E-03 1.332E+03 9.329E-01 1.775E+01 2.000E+00
2.249E+07 9.209E+02 5.795E-01 1.827E-02 4.950E-03 1.331E+03 9.329E-01 1.775E+01 2.000E+00
2.494E+07 9.209E+02 5.795E-01 1.827E-02 4.950E-03 1.332E+03 9.329E-01 1.775E+01 2.000E+00
3.127E+07 9.209E+02 5.795E-01 1.827E-02 4.950E-03 1.331E+03 9.329E-01 1.775E+01 2.000E+00
5.992E+07 9.209E+02 5.795E-01 1.827E-02 4.950E-03 1.331E+03 9.329E-01 1.775E+01 2.000E+00
1.059E+07 9.279E+02 5.779E-01 1.827E-02 4.951E-03 1.329E+03 9.329E-01 1.775E+01 2.000E+00
1.880E+07 9.279E+02 5.779E-01 1.827E-02 4.952E-03 1.329E+03 9.329E-01 1.775E+01 2.000E+00
4.712E+08 9.326E+02 5.768E-01 1.827E-02 4.953E-03 1.462E+03 9.329E-01 1.775E+01 2.000E+00
9.996E+06 5.919E+02 6.779E-01 1.827E-02 4.956E-03 1.536E+03 9.329E-01 1.775E+01 2.000E+00
2.069E+07 8.465E+02 5.982E-01 1.827E-02 4.961E-03 1.360E+03 9.330E-01 1.775E+01 2.000E+00
1.621E+07 5.366E+02 6.994E-01 1.827E-02 4.971E-03 1.606E+03 9.331E-01 1.775E+01 2.000E+00
4.221E+07 7.178E+02 6.350E-01 1.827E-02 4.988E-03 1.429E+03 9.333E-01 1.776E+01 2.000E+00
2.641E+07 9.589E+02 5.707E-01 1.827E-02 5.020E-03 1.320E+03 9.337E-01 1.776E+01 2.000E+00
6.356E+06 3.572E+02 7.826E-01 1.827E-02 5.079E-03 2.070E+03 9.343E-01 1.776E+01 2.000E+00
1.776E+06 2.373E+02 8.476E-01 1.827E-02 5.187E-03 3.348E+03 9.351E-01 1.776E+01 2.000E+00
1.147E+07 2.308E+02 8.519E-01 1.827E-02 5.385E-03 3.398E+03 9.366E-01 1.776E+01 2.000E+00
4.277E+06 3.209E+02 8.040E-01 1.827E-02 5.748E-03 2.231E+03 9.393E-01 1.777E+01 2.000E+00
2.653E+07 7.297E+02 6.330E-01 1.827E-02 6.413E-03 1.431E+03 9.443E-01 1.779E+01 2.000E+00
1.643E+07 5.142E+02 7.133E-01 1.827E-02 7.631E-03 1.640E+03 9.534E-01 1.782E+01 2.000E+00
2.418E+07 6.772E+02 6.541E-01 1.827E-02 9.865E-03 1.484E+03 9.636E-01 1.787E+01 2.000E+00
7.865E+06 3.000E+02 8.128E-01 2.311E-02 4.950E-03 2.408E+03 9.454E-01 1.775E+01 2.000E+00
1.021E+07 3.000E+02 8.128E-01 2.311E-02 4.950E-03 2.406E+03 9.454E-01 1.775E+01 2.000E+00
2.318E+07 3.000E+02 8.128E-01 2.311E-02 4.950E-03 2.405E+03 9.454E-01 1.775E+01 2.000E+00
7.344E+07 7.691E+02 6.196E-01 2.311E-02 4.950E-03 1.406E+03 9.454E-01 1.775E+01 2.000E+00
4.301E+07 7.583E+02 6.227E-01 2.311E-02 4.950E-03 1.411E+03 9.454E-01 1.775E+01 2.000E+00
3.122E+07 7.181E+02 6.349E-01 2.311E-02 4.951E-03 1.436E+03 9.454E-01 1.775E+01 2.000E+00
5.992E+06 4.854E+02 7.208E-01 2.311E-02 4.952E-03 1.694E+03 9.454E-01 1.775E+01 2.000E+00
4.891E+07 7.807E+02 6.163E-01 2.311E-02 4.953E-03 1.399E+03 9.454E-01 1.775E+01 2.000E+00
1.662E+07 8.122E+02 6.074E-01 2.311E-02 4.956E-03 1.383E+03 9.455E-01 1.775E+01 2.000E+00
3.460E+07 3.997E+02 7.607E-01 2.311E-02 4.961E-03 1.912E+03 9.455E-01 1.775E+01 2.000E+00
1.877E+07 5.029E+02 7.134E-01 2.311E-02 4.971E-03 1.663E+03 9.456E-01 1.775E+01 2.000E+00
7.458E+06 9.070E+02 5.829E-01 2.311E-02 4.988E-03 1.346E+03 9.457E-01 1.776E+01 2.000E+00
6.077E+06 9.341E+02 5.765E-01 2.311E-02 5.020E-03 1.338E+03 9.459E-01 1.776E+01 2.000E+00
1.008E+09 7.083E+02 6.381E-01 2.311E-02 5.079E-03 1.443E+03 9.464E-01 1.776E+01 2.000E+00
4.151E+07 5.146E+02 7.088E-01 2.311E-02 5.187E-03 1.645E+03 9.472E-01 1.776E+01 2.000E+00
2.822E+07 8.825E+02 5.893E-01 2.311E-02 5.385E-03 1.359E+03 9.487E-01 1.776E+01 2.000E+00
2.563E+08 8.453E+02 5.993E-01 2.311E-02 5.748E-03 1.377E+03 9.514E-01 1.777E+01 2.000E+00
1.539E+07 4.334E+02 7.477E-01 2.311E-02 6.413E-03 1.799E+03 9.564E-01 1.779E+01 2.000E+00
2.554E+07 4.095E+02 7.622E-01 2.311E-02 7.631E-03 1.854E+03 9.642E-01 1.782E+01 2.000E+00
4.626E+06 5.153E+02 7.168E-01 2.311E-02 9.865E-03 1.646E+03 9.722E-01 1.787E+01 2.000E+00
1.537E+08 7.842E+02 6.153E-01 2.923E-02 4.950E-03 1.408E+03 9.607E-01 1.775E+01 2.000E+00
3.827E+07 7.901E+02 6.136E-01 2.923E-02 4.950E-03 1.405E+03 9.607E-01 1.775E+01 2.000E+00
8.104E+07 7.901E+02 6.136E-01 2.923E-02 4.950E-03 1.415E+03 9.607E-01 1.775E+01 2.000E+00
1.903E+07 5.364E+02 6.995E-01 2.923E-02 4.950E-03 1.621E+03 9.607E-01 1.775E+01 2.000E+00
4.486E+06 7.764E+02 6.175E-01 2.923E-02 4.950E-03 1.413E+03 9.607E-01 1.775E+01 2.000E+00
6.417E+06 7.764E+02 6.175E-01 2.923E-02 4.951E-03 1.412E+03 9.607E-01 1.775E+01 2.000E+00
1.768E+08 7.764E+02 6.175E-01 2.923E-02 4.952E-03 1.412E+03 9.607E-01 1.775E+01 2.000E+00
4.736E+07 6.254E+02 6.657E-01 2.923E-02 4.953E-03 1.522E+03 9.607E-01 1.775E+01 2.000E+00
7.702E+07 4.645E+02 7.302E-01 2.923E-02 4.956E-03 1.745E+03 9.608E-01 1.775E+01 2.000E+00
2.930E+07 9.695E+02 5.682E-01 2.923E-02 4.961E-03 1.340E+03 9.608E-01 1.775E+01 2.000E+00
8.780E+07 6.927E+02 6.430E-01 2.923E-02 4.971E-03 1.463E+03 9.609E-01 1.775E+01 2.000E+00
7.938E+06 2.194E+02 8.561E-01 2.923E-02 4.988E-03 4.424E+03 9.610E-01 1.776E+01 2.000E+00
7.730E+06 2.648E+02 8.323E-01 2.923E-02 5.020E-03 2.777E+03 9.612E-01 1.776E+01 2.000E+00
1.766E+07 8.218E+02 6.049E-01 2.923E-02 5.079E-03 1.392E+03 9.617E-01 1.776E+01 2.000E+00
6.623E+06 5.293E+02 7.028E-01 2.923E-02 5.187E-03 1.631E+03 9.625E-01 1.776E+01 2.000E+00
4.556E+06 3.800E+02 7.717E-01 2.923E-02 5.385E-03 1.972E+03 9.640E-01 1.776E+01 2.000E+00
9.906E+07 8.033E+02 6.107E-01 2.923E-02 5.748E-03 1.407E+03 9.667E-01 1.777E+01 2.000E+00
3.243E+07 8.432E+02 6.004E-01 2.923E-02 6.413E-03 1.398E+03 9.708E-01 1.779E+01 2.000E+00
1.559E+08 9.716E+02 5.698E-01 2.923E-02 7.631E-03 1.384E+03 9.751E-01 1.782E+01 2.000E+00
2.704E+07 9.105E+02 5.861E-01 2.923E-02 9.865E-03 1.431E+03 9.831E-01 1.787E+01 2.000E+00
3.772E+08 7.976E+02 6.115E-01 3.697E-02 4.950E-03 1.419E+03 9.794E-01 1.775E+01 2.000E+00
4.309E+06 7.805E+02 6.163E-01 3.697E-02 4.950E-03 1.424E+03 9.794E-01 1.775E+01 2.000E+00
4.500E+06 7.805E+02 6.163E-01 3.697E-02 4.950E-03 1.424E+03 9.794E-01 1.775E+01 2.000E+00
4.909E+06 7.805E+02 6.163E-01 3.697E-02 4.950E-03 1.424E+03 9.794E-01 1.775E+01 2.000E+00
4.753E+06 3.571E+02 7.824E-01 3.697E-02 4.950E-03 2.076E+03 9.794E-01 1.775E+01 2.000E+00
1.054E+07 7.805E+02 6.163E-01 3.697E-02 4.951E-03 1.424E+03 9.794E-01 1.775E+01 2.000E+00
2.568E+07 4.422E+02 7.404E-01 3.697E-02 4.952E-03 1.802E+03 9.794E-01 1.775E+01 2.000E+00
8.330E+06 4.404E+02 7.412E-01 3.697E-02 4.953E-03 1.806E+03 9.794E-01 1.775E+01 2.000E+00
1.859E+07 9.412E+02 5.748E-01 3.697E-02 4.956E-03 1.365E+03 9.794E-01 1.775E+01 2.000E+00
9.601E+08 8.396E+02 6.001E-01 3.697E-02 4.961E-03 1.398E+03 9.794E-01 1.775E+01 2.000E+00
1.053E+08 9.400E+02 5.750E-01 3.697E-02 4.971E-03 1.366E+03 9.794E-01 1.776E+01 2.000E+00
1.151E+08 7.580E+02 6.229E-01 3.697E-02 4.988E-03 1.436E+03 9.795E-01 1.776E+01 2.000E+00
1.933E+07 6.824E+02 6.464E-01 3.697E-02 5.020E-03 1.484E+03 9.796E-01 1.776E+01 2.000E+00
6.626E+06 8.644E+02 5.937E-01 3.697E-02 5.079E-03 1.391E+03 9.798E-01 1.776E+01 2.000E+00
1.071E+08 7.315E+02 6.311E-01 3.697E-02 5.187E-03 1.453E+03 9.802E-01 1.776E+01 2.000E+00
1.375E+08 9.263E+02 5.786E-01 3.697E-02 5.385E-03 1.376E+03 9.809E-01 1.776E+01 2.000E+00
8.504E+06 4.160E+02 7.547E-01 3.697E-02 5.748E-03 1.865E+03 9.822E-01 1.777E+01 2.000E+00
8.639E+06 4.601E+02 7.351E-01 3.697E-02 6.413E-03 1.761E+03 9.846E-01 1.779E+01 2.000E+00
2.183E+07 6.024E+02 6.779E-01 3.697E-02 7.631E-03 1.571E+03 9.889E-01 1.782E+01 2.000E+00
1.403E+07 4.508E+02 7.467E-01 3.697E-02 9.865E-03 1.775E+03 9.917E-01 1.787E+01 2.000E+00
1.672E+07 8.065E+02 6.090E-01 4.677E-02 4.950E-03 1.433E+03 9.963E-01 1.775E+01 2.000E+00
1.870E+07 8.065E+02 6.090E-01 4.677E-02 4.950E-03 1.433E+03 9.963E-01 1.775E+01 2.000E+00
2.402E+07 8.065E+02 6.090E-01 4.677E-02 4.950E-03 1.433E+03 9.963E-01 1.775E+01 2.000E+00
5.202E+07 8.065E+02 6.090E-01 4.677E-02 4.950E-03 1.433E+03 9.963E-01 1.775E+01 2.000E+00
9.361E+06 8.136E+02 6.071E-01 4.677E-02 4.950E-03 1.430E+03 9.963E-01 1.775E+01 2.000E+00
1.998E+07 3.583E+02 7.819E-01 4.677E-02 4.951E-03 2.082E+03 9.963E-01 1.775E+01 2.000E+00
7.434E+06 2.761E+02 8.262E-01 4.677E-02 4.952E-03 2.654E+03 9.963E-01 1.775E+01 2.000E+00
2.092E+07 8.346E+02 6.014E-01 4.677E-02 4.953E-03 1.422E+03 9.963E-01 1.775E+01 2.000E+00
1.456E+07 5.634E+02 6.888E-01 4.677E-02 4.956E-03 1.611E+03 9.963E-01 1.775E+01 2.000E+00
1.214E+08 6.300E+02 6.642E-01 4.677E-02 4.961E-03 1.543E+03 9.963E-01 1.776E+01 2.000E+00
2.928E+07 5.995E+02 6.752E-01 4.677E-02 4.971E-03 1.572E+03 9.963E-01 1.776E+01 2.000E+00
2.632E+07 4.511E+02 7.364E-01 4.677E-02 4.988E-03 1.794E+03 9.963E-01 1.776E+01 2.000E+00
7.814E+06 5.434E+02 6.968E-01 4.677E-02 5.020E-03 1.637E+03 9.964E-01 1.776E+01 2.000E+00
1.123E+07 2.048E+02 8.640E-01 4.677E-02 5.079E-03 4.626E+03 9.964E-01 1.776E+01 2.000E+00
1.267E+07 7.029E+02 6.400E-01 4.677E-02 5.187E-03 1.490E+03 9.965E-01 1.776E+01 2.000E+00
1.039E+09 4.947E+02 7.177E-01 4.677E-02 5.385E-03 1.711E+03 9.967E-01 1.776E+01 2.000E+00
1.864E+07 9.244E+02 5.794E-01 4.677E-02 5.748E-03 1.468E+03 9.970E-01 1.777E+01 2.000E+00
4.171E+07 8.053E+02 6.108E-01 4.677E-02 6.413E-03 1.456E+03 9.977E-01 1.779E+01 2.000E+00
9.771E+06 6.092E+02 6.754E-01 4.677E-02 7.631E-03 1.585E+03 9.988E-01 1.782E+01 2.000E+00
1.271E+07 7.974E+02 6.164E-01 4.677E-02 9.865E-03 1.519E+03 1.000E+00 1.787E+01 0.000E+00
3.948E+07 9.483E+02 5.731E-01 5.915E-02 4.950E-03 1.428E+03 1.000E+00 1.776E+01 0.000E+00
4.210E+07 9.483E+02 5.731E-01 5.915E-02 4.950E-03 1.427E+03 1.000E+00 1.776E+01 0.000E+00
4.795E+07 9.483E+02 5.731E-01 5.915E-02 4.950E-03 1.427E+03 1.000E+00 1.776E+01 0.000E+00
1.026E+07 4.503E+02 7.367E-01 5.915E-02 4.950E-03 1.825E+03 1.000E+00 1.776E+01 0.000E+00
1.828E+08 9.483E+02 5.731E-01 5.915E-02 4.950E-03 1.428E+03 1.000E+00 1.776E+01 0.000E+00
2.971E+07 9.827E+02 5.653E-01 5.915E-02 4.951E-03 1.423E+03 1.000E+00 1.776E+01 0.000E+00
4.308E+07 9.827E+02 5.653E-01 5.915E-02 4.952E-03 1.422E+03 1.000E+00 1.776E+01 0.000E+00
3.006E+08 9.827E+02 5.653E-01 5.915E-02 4.953E-03 1.422E+03 1.000E+00 1.776E+01 0.000E+00
7.505E+07 2.656E+02 8.321E-01 5.915E-02 4.956E-03 2.791E+03 1.000E+00 1.776E+01 0.000E+00
8.313E+07 8.698E+02 5.922E-01 5.915E-02 4.961E-03 1.445E+03 1.000E+00 1.776E+01 0.000E+00
4.036E+07 6.930E+02 6.429E-01 5.915E-02 4.971E-03 1.520E+03 1.000E+00 1.776E+01 0.000E+00
1.857E+07 7.788E+02 6.169E-01 5.915E-02 4.988E-03 1.475E+03 1.000E+00 1.776E+01 0.000E+00
6.011E+07 8.841E+02 5.887E-01 5.915E-02 5.020E-03 1.442E+03 1.000E+00 1.776E+01 0.000E+00
1.333E+07 4.912E+02 7.187E-01 5.915E-02 5.079E-03 1.783E+03 1.000E+00 1.776E+01 0.000E+00
1.139E+07 3.100E+02 8.085E-01 5.915E-02 5.187E-03 2.360E+03 1.000E+00 1.776E+01 0.000E+00
4.458E+07 6.323E+02 6.639E-01 5.915E-02 5.385E-03 1.575E+03 1.000E+00 1.777E+01 0.000E+00
1.247E+08 3.892E+02 7.682E-01 5.915E-02 5.748E-03 1.978E+03 1.000E+00 1.777E+01 0.000E+00
1.076E+07 9.382E+02 5.766E-01 5.915E-02 6.413E-03 1.470E+03 1.000E+00 1.779E+01 0.000E+00
1.112E+07 7.471E+02 6.290E-01 5.915E-02 7.631E-03 1.538E+03 1.000E+00 1.782E+01 0.000E+00
1.181E+07 9.709E+02 5.717E-01 5.915E-02 9.865E-03 1.614E+03 1.000E+00 1.787E+01 0.000E+00
1.176E+08 7.133E+02 6.365E-01 7.482E-02 4.950E-03 1.546E+03 1.000E+00 1.776E+01 0.000E+00
1.083E+08 6.974E+02 6.415E-01 7.482E-02 4.950E-03 1.556E+03 1.000E+00 1.776E+01 0.000E+00
2.453E+07 7.369E+02 6.292E-01 7.482E-02 4.950E-03 1.536E+03 1.000E+00 1.776E+01 0.000E+00
1.261E+08 7.369E+02 6.292E-01 7.482E-02 4.950E-03 1.535E+03 1.000E+00 1.776E+01 0.000E+00
1.410E+07 8.491E+02 5.976E-01 7.482E-02 4.950E-03 1.499E+03 1.000E+00 1.776E+01 0.000E+00
6.155E+07 8.491E+02 5.976E-01 7.482E-02 4.951E-03 2.045E+03 1.000E+00 1.776E+01 0.000E+00
1.283E+06 3.235E+02 8.006E-01 7.482E-02 4.952E-03 2.296E+03 1.000E+00 1.776E+01 0.000E+00
2.231E+07 9.331E+02 5.767E-01 7.482E-02 4.953E-03 1.489E+03 1.000E+00 1.776E+01 0.000E+00
3.382E+07 9.555E+02 5.715E-01 7.482E-02 4.956E-03 1.488E+03 1.000E+00 1.776E+01 0.000E+00
5.670E+06 2.652E+02 8.326E-01 7.482E-02 4.961E-03 2.813E+03 1.000E+00 1.776E+01 0.000E+00
1.410E+07 5.596E+02 6.904E-01 7.482E-02 4.971E-03 1.668E+03 1.000E+00 1.776E+01 0.000E+00
6.288E+06 9.567E+02 5.712E-01 7.482E-02 4.988E-03 1.489E+03 1.000E+00 1.776E+01 0.000E+00
7.007E+07 8.490E+02 5.977E-01 7.482E-02 5.020E-03 1.501E+03 1.000E+00 1.776E+01 0.000E+00
1.635E+08 4.429E+02 7.405E-01 7.482E-02 5.079E-03 1.856E+03 1.000E+00 1.776E+01 0.000E+00
4.557E+07 9.130E+02 5.817E-01 7.482E-02 5.187E-03 1.498E+03 1.000E+00 1.776E+01 0.000E+00
7.066E+06 5.494E+02 6.951E-01 7.482E-02 5.385E-03 1.684E+03 1.000E+00 1.777E+01 0.000E+00
8.887E+06 6.318E+02 6.646E-01 7.482E-02 5.748E-03 1.614E+03 1.000E+00 1.777E+01 0.000E+00
6.015E+07 6.430E+02 6.616E-01 7.482E-02 6.413E-03 1.616E+03 1.000E+00 1.779E+01 0.000E+00
1.948E+07 9.660E+02 5.711E-01 7.482E-02 7.631E-03 1.621E+03 1.000E+00 1.782E+01 0.000E+00
8.439E+06 5.610E+02 6.976E-01 7.482E-02 9.865E-03 1.734E+03 1.000E+00 1.787E+01 0.000E+00
2.784E+07 5.907E+02 6.785E-01 9.464E-02 4.950E-03 1.683E+03 1.000E+00 1.776E+01 0.000E+00
5.362E+07 5.907E+02 6.785E-01 9.464E-02 4.950E-03 1.683E+03 1.000E+00 1.776E+01 0.000E+00
7.168E+07 5.912E+02 6.783E-01 9.464E-02 4.950E-03 1.682E+03 1.000E+00 1.776E+01 0.000E+00
6.242E+07 2.257E+02 8.541E-01 9.464E-02 4.950E-03 3.611E+03 1.000E+00 1.776E+01 0.000E+00
1.140E+08 6.640E+02 6.525E-01 9.464E-02 4.950E-03 1.635E+03 1.000E+00 1.776E+01 0.000E+00
5.776E+07 5.273E+02 7.034E-01 9.464E-02 4.951E-03 1.750E+03 1.000E+00 1.776E+01 0.000E+00
1.975E+07 8.940E+02 5.862E-01 9.464E-02 4.952E-03 1.588E+03 1.000E+00 1.776E+01 0.000E+00
7.264E+07 5.580E+02 6.911E-01 9.464E-02 4.953E-03 1.714E+03 1.000E+00 1.776E+01 0.000E+00
3.862E+06 4.907E+02 7.188E-01 9.464E-02 4.956E-03 1.820E+03 1.000E+00 1.776E+01 0.000E+00
9.199E+07 7.298E+02 6.314E-01 9.464E-02 4.961E-03 1.603E+03 1.000E+00 1.776E+01 0.000E+00
1.946E+07 6.332E+02 6.631E-01 9.464E-02 4.971E-03 1.651E+03 1.000E+00 1.776E+01 0.000E+00
3.533E+07 6.239E+02 6.665E-01 9.464E-02 4.988E-03 1.658E+03 1.000E+00 1.776E+01 0.000E+00
1.193E+07 9.929E+02 5.631E-01 9.464E-02 5.020E-03 1.622E+03 1.000E+00 1.776E+01 0.000E+00
1.699E+07 2.871E+02 8.212E-01 9.464E-02 5.079E-03 2.588E+03 1.000E+00 1.776E+01 0.000E+00
4.519E+06 7.805E+02 6.166E-01 9.464E-02 5.187E-03 1.600E+03 1.000E+00 1.776E+01 0.000E+00
3.549E+07 6.142E+02 6.705E-01 9.464E-02 5.385E-03 1.674E+03 1.000E+00 1.777E+01 0.000E+00
7.534E+07 9.058E+02 5.839E-01 9.464E-02 5.748E-03 1.638E+03 1.000E+00 1.777E+01 0.000E+00
1.680E+07 4.065E+02 7.613E-01 9.464E-02 6.413E-03 1.991E+03 1.000E+00 1.779E+01 0.000E+00
1.464E+08 8.539E+02 5.988E-01 9.464E-02 7.631E-03 1.751E+03 1.000E+00 1.782E+01 0.000E+00
1.096E+07 4.103E+02 7.675E-01 9.464E-02 9.865E-03 2.010E+03 1.000E+00 1.787E+01 0.000E+00
1.027E+07 7.609E+02 6.221E-01 1.197E-01 4.950E-03 1.725E+03 1.000E+00 1.776E+01 0.000E+00
7.102E+06 2.822E+02 8.238E-01 1.197E-01 4.950E-03 2.673E+03 1.000E+00 1.776E+01 0.000E+00
1.328E+07 7.609E+02 6.221E-01 1.197E-01 4.950E-03 1.725E+03 1.000E+00 1.776E+01 0.000E+00
1.085E+07 4.356E+02 7.439E-01 1.197E-01 4.950E-03 1.963E+03 1.000E+00 1.776E+01 0.000E+00
1.525E+07 7.673E+02 6.202E-01 1.197E-01 4.950E-03 1.727E+03 1.000E+00 1.776E+01 0.000E+00
2.043E+07 4.040E+02 7.592E-01 1.197E-01 4.951E-03 2.041E+03 1.000E+00 1.776E+01 0.000E+00
2.038E+07 5.331E+02 7.011E-01 1.197E-01 4.952E-03 1.812E+03 1.000E+00 1.776E+01 0.000E+00
3.245E+07 3.149E+02 8.057E-01 1.197E-01 4.953E-03 2.425E+03 1.000E+00 1.776E+01 0.000E+00
4.653E+07 7.998E+02 6.110E-01 1.197E-01 4.956E-03 1.737E+03 1.000E+00 1.776E+01 0.000E+00
1.015E+07 9.801E+02 5.659E-01 1.197E-01 4.961E-03 1.946E+03 1.000E+00 1.776E+01 0.000E+00
1.677E+07 9.586E+02 5.708E-01 1.197E-01 4.971E-03 1.902E+03 1.000E+00 1.776E+01 0.000E+00
2.624E+08 8.411E+02 5.998E-01 1.197E-01 4.988E-03 1.764E+03 1.000E+00 1.776E+01 0.000E+00
1.697E+07 5.352E+02 7.003E-01 1.197E-01 5.020E-03 1.812E+03 1.000E+00 1.776E+01 0.000E+00
6.243E+06 2.404E+02 8.474E-01 1.197E-01 5.079E-03 3.246E+03 1.000E+00 1.776E+01 0.000E+00
1.461E+07 6.155E+02 6.698E-01 1.197E-01 5.187E-03 1.758E+03 1.000E+00 1.776E+01 0.000E+00
1.657E+07 5.086E+02 7.120E-01 1.197E-01 5.385E-03 1.852E+03 1.000E+00 1.777E+01 0.000E+00
1.088E+07 5.244E+02 7.060E-01 1.197E-01 5.748E-03 1.849E+03 1.000E+00 1.777E+01 0.000E+00
1.942E+07 2.841E+02 8.281E-01 1.197E-01 6.413E-03 2.623E+03 1.000E+00 1.779E+01 0.000E+00
2.390E+07 3.480E+02 7.956E-01 1.197E-01 7.631E-03 2.251E+03 1.000E+00 1.782E+01 0.000E+00
1.000E+07 5.765E+02 6.914E-01 1.197E-01 9.865E-03 1.991E+03 1.000E+00 1.787E+01 0.000E+00
1.728E+07 2.585E+02 8.374E-01 1.514E-01 4.950E-03 2.995E+03 1.000E+00 1.776E+01 0.000E+00
3.333E+07 2.585E+02 8.374E-01 1.514E-01 4.950E-03 2.994E+03 1.000E+00 1.776E+01 0.000E+00
4.906E+06 3.472E+02 7.886E-01 1.514E-01 4.950E-03 2.313E+03 1.000E+00 1.776E+01 0.000E+00
8.665E+06 3.472E+02 7.886E-01 1.514E-01 4.950E-03 2.313E+03 1.000E+00 1.776E+01 0.000E+00
5.233E+06 3.428E+02 7.909E-01 1.514E-01 4.950E-03 2.333E+03 1.000E+00 1.776E+01 0.000E+00
4.163E+06 2.456E+02 8.445E-01 1.514E-01 4.951E-03 3.194E+03 1.000E+00 1.776E+01 0.000E+00
4.558E+06 2.244E+02 8.560E-01 1.514E-01 4.952E-03 3.670E+03 1.000E+00 1.776E+01 0.000E+00
2.517E+07 7.512E+02 6.250E-01 1.514E-01 4.953E-03 2.063E+03 1.000E+00 1.776E+01 0.000E+00
1.447E+07 5.726E+02 6.855E-01 1.514E-01 4.956E-03 2.221E+03 1.000E+00 1.776E+01 0.000E+00
1.503E+08 5.899E+02 6.790E-01 1.514E-01 4.961E-03 1.921E+03 1.000E+00 1.776E+01 0.000E+00
4.255E+07 2.918E+02 8.189E-01 1.514E-01 4.971E-03 2.642E+03 1.000E+00 1.776E+01 0.000E+00
1.135E+07 6.918E+02 6.435E-01 1.514E-01 4.988E-03 1.974E+03 1.000E+00 1.776E+01 0.000E+00
8.070E+06 6.226E+02 6.671E-01 1.514E-01 5.020E-03 1.929E+03 1.000E+00 1.776E+01 0.000E+00
5.448E+06 4.680E+02 7.293E-01 1.514E-01 5.079E-03 2.012E+03 1.000E+00 1.776E+01 0.000E+00
1.596E+07 7.069E+02 6.389E-01 1.514E-01 5.187E-03 2.019E+03 1.000E+00 1.776E+01 0.000E+00
3.321E+07 5.758E+02 6.850E-01 1.514E-01 5.385E-03 1.953E+03 1.000E+00 1.777E+01 0.000E+00
8.640E+06 4.834E+02 7.238E-01 1.514E-01 5.748E-03 2.020E+03 1.000E+00 1.778E+01 0.000E+00
5.078E+06 3.000E+02 8.193E-01 1.514E-01 6.413E-03 2.575E+03 1.000E+00 1.779E+01 0.000E+00
4.748E+07 3.841E+02 7.762E-01 1.514E-01 7.631E-03 2.256E+03 1.000E+00 1.782E+01 0.000E+00
3.322E+06 5.393E+02 7.068E-01 1.514E-01 9.865E-03 2.380E+03 1.000E+00 1.787E+01 0.000E+00
6.130E+07 4.305E+02 7.467E-01 1.915E-01 4.950E-03 2.248E+03 1.000E+00 1.776E+01 0.000E+00
4.403E+06 4.209E+02 7.513E-01 1.915E-01 4.950E-03 2.260E+03 1.000E+00 1.776E+01 0.000E+00
5.415E+06 4.209E+02 7.513E-01 1.915E-01 4.950E-03 2.269E+03 1.000E+00 1.776E+01 0.000E+00
9.693E+06 4.209E+02 7.513E-01 1.915E-01 4.950E-03 2.260E+03 1.000E+00 1.776E+01 0.000E+00
8.819E+06 6.222E+02 6.672E-01 1.915E-01 4.950E-03 2.578E+03 1.000E+00 1.776E+01 0.000E+00
1.333E+09 2.367E+02 8.502E-01 1.915E-01 4.951E-03 3.424E+03 1.000E+00 1.776E+01 0.000E+00
7.040E+06 4.674E+02 7.295E-01 1.915E-01 4.952E-03 2.472E+03 1.000E+00 1.776E+01 0.000E+00
1.964E+07 5.402E+02 6.984E-01 1.915E-01 4.953E-03 2.270E+03 1.000E+00 1.776E+01 0.000E+00
1.285E+07 2.298E+02 8.540E-01 1.915E-01 4.956E-03 3.574E+03 1.000E+00 1.776E+01 0.000E+00
3.778E+06 2.155E+02 8.616E-01 1.915E-01 4.961E-03 3.985E+03 1.000E+00 1.776E+01 0.000E+00
7.134E+06 3.551E+02 7.848E-01 1.915E-01 4.971E-03 2.411E+03 1.000E+00 1.776E+01 0.000E+00
1.169E+07 4.001E+02 7.616E-01 1.915E-01 4.988E-03 2.295E+03 1.000E+00 1.776E+01 0.000E+00
9.387E+06 4.775E+02 7.251E-01 1.915E-01 5.020E-03 2.229E+03 1.000E+00 1.776E+01 0.000E+00
3.066E+07 5.626E+02 6.897E-01 1.915E-01 5.079E-03 2.342E+03 1.000E+00 1.776E+01 0.000E+00
6.173E+07 4.527E+02 7.367E-01 1.915E-01 5.187E-03 2.250E+03 1.000E+00 1.776E+01 0.000E+00
8.189E+06 5.413E+02 6.987E-01 1.915E-01 5.385E-03 2.352E+03 1.000E+00 1.777E+01 0.000E+00
5.318E+06 4.499E+02 7.392E-01 1.915E-01 5.748E-03 2.307E+03 1.000E+00 1.778E+01 0.000E+00
6.300E+06 5.613E+02 6.923E-01 1.915E-01 6.413E-03 2.757E+03 1.000E+00 1.779E+01 0.000E+00
1.115E+07 4.850E+02 7.268E-01 1.915E-01 7.631E-03 2.697E+03 1.000E+00 1.782E+01 0.000E+00
1.045E+07 4.403E+02 7.526E-01 1.915E-01 9.865E-03 3.075E+03 1.000E+00 1.787E+01 0.000E+00
1.709E+07 3.012E+02 8.146E-01 2.422E-01 4.950E-03 2.883E+03 1.000E+00 1.776E+01 0.000E+00
3.437E+07 3.012E+02 8.146E-01 2.422E-01 4.950E-03 2.883E+03 1.000E+00 1.776E+01 0.000E+00
4.250E+07 3.642E+02 7.803E-01 2.422E-01 4.950E-03 2.740E+03 1.000E+00 1.776E+01 0.000E+00
3.268E+06 4.230E+02 7.506E-01 2.422E-01 4.950E-03 2.807E+03 1.000E+00 1.776E+01 0.000E+00
5.931E+06 4.230E+02 7.506E-01 2.422E-01 4.950E-03 2.807E+03 1.000E+00 1.776E+01 0.000E+00
2.034E+07 4.833E+02 7.226E-01 2.422E-01 4.951E-03 3.547E+03 1.000E+00 1.776E+01 0.000E+00
5.786E+07 2.753E+02 8.293E-01 2.422E-01 4.952E-03 3.061E+03 1.000E+00 1.776E+01 0.000E+00
6.566E+06 2.685E+02 8.332E-01 2.422E-01 4.953E-03 3.129E+03 1.000E+00 1.776E+01 0.000E+00
1.219E+07 2.571E+02 8.397E-01 2.422E-01 4.956E-03 3.254E+03 1.000E+00 1.776E+01 0.000E+00
5.635E+07 2.300E+02 8.549E-01 2.422E-01 4.961E-03 3.680E+03 1.000E+00 1.776E+01 0.000E+00
6.556E+06 4.523E+02 7.367E-01 2.422E-01 4.971E-03 3.022E+03 1.000E+00 1.776E+01 0.000E+00
3.376E+07 2.129E+02 8.644E-01 2.422E-01 4.988E-03 4.141E+03 1.000E+00 1.776E+01 0.000E+00
1.098E+07 2.515E+02 8.431E-01 2.422E-01 5.020E-03 3.316E+03 1.000E+00 1.776E+01 0.000E+00
6.192E+06 2.628E+02 8.370E-01 2.422E-01 5.079E-03 3.184E+03 1.000E+00 1.776E+01 0.000E+00
3.004E+06 3.645E+02 7.808E-01 2.422E-01 5.187E-03 2.745E+03 1.000E+00 1.776E+01 0.000E+00
5.208E+06 2.510E+02 8.449E-01 2.422E-01 5.385E-03 3.928E+03 1.000E+00 1.777E+01 0.000E+00
4.139E+06 3.384E+02 7.965E-01 2.422E-01 5.748E-03 2.849E+03 1.000E+00 1.778E+01 0.000E+00
5.341E+07 3.694E+02 7.815E-01 2.422E-01 6.413E-03 3.039E+03 1.000E+00 1.779E+01 0.000E+00
2.121E+07 2.471E+02 8.569E-01 2.422E-01 7.631E-03 3.470E+03 1.000E+00 1.782E+01 0.000E+00
1.239E+06 2.870E+02 8.405E-01 2.422E-01 9.865E-03 3.836E+03 1.000E+00 1.787E+01 0.000E+00
4.473E+06 3.394E+02 7.941E-01 3.064E-01 4.950E-03 4.360E+03 1.000E+00 1.776E+01 0.000E+00
5.035E+06 3.394E+02 7.941E-01 3.064E-01 4.950E-03 4.360E+03 1.000E+00 1.776E+01 0.000E+00
6.589E+06 3.394E+02 7.941E-01 3.064E-01 4.950E-03 4.365E+03 1.000E+00 1.776E+01 0.000E+00
2.352E+07 3.407E+02 7.933E-01 3.064E-01 4.950E-03 4.432E+03 1.000E+00 1.776E+01 0.000E+00
1.597E+06 3.223E+02 8.035E-01 3.064E-01 4.950E-03 3.845E+03 1.000E+00 1.776E+01 0.000E+00
2.604E+06 3.223E+02 8.035E-01 3.064E-01 4.951E-03 3.845E+03 1.000E+00 1.776E+01 0.000E+00
3.908E+07 2.549E+02 8.420E-01 3.064E-01 4.952E-03 3.675E+03 1.000E+00 1.776E+01 0.000E+00
1.245E+06 2.128E+02 8.658E-01 3.064E-01 4.953E-03 4.363E+03 1.000E+00 1.776E+01 0.000E+00
4.032E+06 2.128E+02 8.658E-01 3.064E-01 4.956E-03 4.363E+03 1.000E+00 1.776E+01 0.000E+00
1.322E+07 2.059E+02 8.695E-01 3.064E-01 4.961E-03 4.586E+03 1.000E+00 1.776E+01 0.000E+00
2.442E+06 2.096E+02 8.676E-01 3.064E-01 4.971E-03 4.459E+03 1.000E+00 1.776E+01 0.000E+00
3.847E+06 2.670E+02 8.351E-01 3.064E-01 4.988E-03 3.609E+03 1.000E+00 1.776E+01 0.000E+00
4.597E+06 3.316E+02 7.986E-01 3.064E-01 5.020E-03 4.156E+03 1.000E+00 1.776E+01 0.000E+00
2.734E+06 2.705E+02 8.335E-01 3.064E-01 5.079E-03 3.617E+03 1.000E+00 1.776E+01 0.000E+00
3.831E+06 2.251E+02 8.601E-01 3.064E-01 5.187E-03 4.079E+03 1.000E+00 1.777E+01 0.000E+00
4.090E+07 2.393E+02 8.529E-01 3.064E-01 5.385E-03 3.889E+03 1.000E+00 1.777E+01 0.000E+00
1.444E+07 2.704E+02 8.361E-01 3.064E-01 5.748E-03 3.828E+03 1.000E+00 1.778E+01 0.000E+00
1.152E+07 2.469E+02 8.529E-01 3.064E-01 6.413E-03 4.123E+03 1.000E+00 1.779E+01 0.000E+00
2.651E+06 2.511E+02 8.555E-01 3.064E-01 7.631E-03 4.933E+03 1.000E+00 1.782E+01 0.000E+00
2.163E+06 2.072E+02 8.946E-01 3.064E-01 9.865E-03 6.797E+03 1.000E+00 1.787E+01 0.000E+00
4.153E+06 2.141E+02 8.670E-01 3.875E-01 4.950E-03 5.483E+03 1.000E+00 1.776E+01 0.000E+00
2.787E+06 2.097E+02 8.695E-01 3.875E-01 4.950E-03 5.481E+03 1.000E+00 1.776E+01 0.000E+00
2.577E+06 2.097E+02 8.695E-01 3.875E-01 4.950E-03 5.483E+03 1.000E+00 1.776E+01 0.000E+00
2.790E+06 2.145E+02 8.667E-01 3.875E-01 4.950E-03 5.484E+03 1.000E+00 1.776E+01 0.000E+00
2.824E+06 2.097E+02 8.695E-01 3.875E-01 4.950E-03 5.481E+03 1.000E+00 1.776E+01 0.000E+00
3.605E+06 2.097E+02 8.695E-01 3.875E-01 4.951E-03 5.482E+03 1.000E+00 1.776E+01 0.000E+00
8.447E+06 2.097E+02 8.695E-01 3.875E-01 4.952E-03 5.482E+03 1.000E+00 1.776E+01 0.000E+00
9.289E+05 2.137E+02 8.672E-01 3.875E-01 4.953E-03 5.483E+03 1.000E+00 1.776E+01 0.000E+00
3.581E+07 2.079E+02 8.705E-01 3.875E-01 4.956E-03 5.495E+03 1.000E+00 1.776E+01 0.000E+00
3.768E+06 2.136E+02 8.673E-01 3.875E-01 4.961E-03 5.489E+03 1.000E+00 1.776E+01 0.000E+00
4.886E+06 2.083E+02 8.703E-01 3.875E-01 4.971E-03 5.503E+03 1.000E+00 1.776E+01 0.000E+00
4.463E+07 2.132E+02 8.677E-01 3.875E-01 4.988E-03 5.511E+03 1.000E+00 1.776E+01 0.000E+00
9.137E+07 2.184E+02 8.649E-01 3.875E-01 5.020E-03 5.604E+03 1.000E+00 1.776E+01 0.000E+00
1.551E+07 2.099E+02 8.700E-01 3.875E-01 5.079E-03 5.605E+03 1.000E+00 1.777E+01 0.000E+00
7.606E+06 2.210E+02 8.642E-01 3.875E-01 5.187E-03 5.938E+03 1.000E+00 1.777E+01 0.000E+00
3.667E+06 2.127E+02 8.700E-01 3.875E-01 5.385E-03 5.964E+03 1.000E+00 1.777E+01 0.000E+00
1.647E+06 2.042E+02 8.768E-01 3.875E-01 5.748E-03 6.283E+03 1.000E+00 1.778E+01 0.000E+00
NAN NAN NAN 3.875E-01 6.413E-03 NAN 1.000E+00 1.780E+01 0.000E+00
NAN NAN NAN 3.875E-01 7.631E-03 NAN 1.000E+00 1.782E+01 0.000E+00
NAN NAN NAN 3.875E-01 9.865E-03 NAN 1.000E+00 1.788E+01 0.000E+00
NAN NAN NAN 4.902E-01 4.950E-03 NAN 1.000E+00 1.777E+01 0.000E+00
NAN NAN NAN 4.902E-01 4.950E-03 NAN 1.000E+00 1.777E+01 0.000E+00
NAN NAN NAN 4.902E-01 4.950E-03 NAN 1.000E+00 1.777E+01 0.000E+00
NAN NAN NAN 4.902E-01 4.950E-03 NAN 1.000E+00 1.777E+01 0.000E+00
NAN NAN NAN 4.902E-01 4.950E-03 NAN 1.000E+00 1.777E+01 0.000E+00
NAN NAN NAN 4.902E-01 4.951E-03 NAN 1.000E+00 1.777E+01 0.000E+00
NAN NAN NAN 4.902E-01 4.952E-03 NAN 1.000E+00 1.777E+01 0.000E+00
NAN NAN NAN 4.902E-01 4.953E-03 NAN 1.000E+00 1.777E+01 0.000E+00
NAN NAN NAN 4.902E-01 4.956E-03 NAN 1.000E+00 1.777E+01 0.000E+00
NAN NAN NAN 4.902E-01 4.961E-03 NAN 1.000E+00 1.777E+01 0.000E+00
NAN NAN NAN 4.902E-01 4.971E-03 NAN 1.000E+00 1.777E+01 0.000E+00
NAN NAN NAN 4.902E-01 4.988E-03 NAN 1.000E+00 1.777E+01 0.000E+00
NAN NAN NAN 4.902E-01 5.020E-03 NAN 1.000E+00 1.777E+01 0.000E+00
NAN NAN NAN 4.902E-01 5.079E-03 NAN 1.000E+00 1.777E+01 0.000E+00
NAN NAN NAN 4.902E-01 5.187E-03 NAN 1.000E+00 1.777E+01 0.000E+00
NAN NAN NAN 4.902E-01 5.385E-03 NAN 1.000E+00 1.778E+01 0.000E+00
NAN NAN NAN 4.902E-01 5.748E-03 NAN 1.000E+00 1.778E+01 0.000E+00
NAN NAN NAN 4.902E-01 6.413E-03 NAN 1.000E+00 1.780E+01 0.000E+00
NAN NAN NAN 4.902E-01 7.631E-03 NAN 1.000E+00 1.783E+01 0.000E+00
NAN NAN NAN 4.902E-01 9.865E-03 NAN 1.000E+00 1.788E+01 0.000E+00
NAN NAN NAN 6.200E-01 4.950E-03 NAN 1.000E+00 1.777E+01 0.000E+00
NAN NAN NAN 6.200E-01 4.950E-03 NAN 1.000E+00 1.777E+01 0.000E+00
NAN NAN NAN 6.200E-01 4.950E-03 NAN 1.000E+00 1.777E+01 0.000E+00
NAN NAN NAN 6.200E-01 4.950E-03 NAN 1.000E+00 1.777E+01 0.000E+00
NAN NAN NAN 6.200E-01 4.950E-03 NAN 1.000E+00 1.777E+01 0.000E+00
NAN NAN NAN 6.200E-01 4.951E-03 NAN 1.000E+00 1.777E+01 0.000E+00
NAN NAN NAN 6.200E-01 4.952E-03 NAN 1.000E+00 1.777E+01 0.000E+00
NAN NAN NAN 6.200E-01 4.953E-03 NAN 1.000E+00 1.777E+01 0.000E+00
NAN NAN NAN 6.200E-01 4.956E-03 NAN 1.000E+00 1.777E+01 0.000E+00
NAN NAN NAN 6.200E-01 4.961E-03 NAN 1.000E+00 1.777E+01 0.000E+00
NAN NAN NAN 6.200E-01 4.971E-03 NAN 1.000E+00 1.777E+01 0.000E+00
NAN NAN NAN 6.200E-01 4.988E-03 NAN 1.000E+00 1.777E+01 0.000E+00
NAN NAN NAN 6.200E-01 5.020E-03 NAN 1.000E+00 1.777E+01 0.000E+00
NAN NAN NAN 6.200E-01 5.079E-03 NAN 1.000E+00 1.777E+01 0.000E+00
NAN NAN NAN 6.200E-01 5.187E-03 NAN 1.000E+00 1.777E+01 0.000E+00
NAN NAN NAN 6.200E-01 5.385E-03 NAN 1.000E+00 1.778E+01 0.000E+00
NAN NAN NAN 6.200E-01 5.748E-03 NAN 1.000E+00 1.779E+01 0.000E+00
NAN NAN NAN 6.200E-01 6.413E-03 NAN 1.000E+00 1.780E+01 0.000E+00
NAN NAN NAN 6.200E-01 7.631E-03 NAN 1.000E+00 1.783E+01 0.000E+00
NAN NAN NAN 6.200E-01 9.865E-03 NAN 1.000E+00 1.788E+01 0.000E+00
NAN NAN NAN 7.842E-01 4.950E-03 NAN 1.000E+00 1.777E+01 0.000E+00
NAN NAN NAN 7.842E-01 4.950E-03 NAN 1.000E+00 1.777E+01 0.000E+00
NAN NAN NAN 7.842E-01 4.950E-03 NAN 1.000E+00 1.777E+01 0.000E+00
NAN NAN NAN 7.842E-01 4.950E-03 NAN 1.000E+00 1.777E+01 0.000E+00
NAN NAN NAN 7.842E-01 4.950E-03 NAN 1.000E+00 1.777E+01 0.000E+00
NAN NAN NAN 7.842E-01 4.951E-03 NAN 1.000E+00 1.777E+01 0.000E+00
NAN NAN NAN 7.842E-01 4.952E-03 NAN 1.000E+00 1.777E+01 0.000E+00
NAN NAN NAN 7.842E-01 4.953E-03 NAN 1.000E+00 1.777E+01 0.000E+00
NAN NAN NAN 7.842E-01 4.956E-03 NAN 1.000E+00 1.777E+01 0.000E+00
NAN NAN NAN 7.842E-01 4.961E-03 NAN 1.000E+00 1.777E+01 0.000E+00
NAN NAN NAN 7.842E-01 4.971E-03 NAN 1.000E+00 1.777E+01 0.000E+00
NAN NAN NAN 7.842E-01 4.988E-03 NAN 1.000E+00 1.777E+01 0.000E+00
NAN NAN NAN 7.842E-01 5.020E-03 NAN 1.000E+00 1.777E+01 0.000E+00
NAN NAN NAN 7.842E-01 5.079E-03 NAN 1.000E+00 1.777E+01 0.000E+00
NAN NAN NAN 7.842E-01 5.187E-03 NAN 1.000E+00 1.778E+01 0.000E+00
NAN NAN NAN 7.842E-01 5.385E-03 NAN 1.000E+00 1.778E+01 0.000E+00
NAN NAN NAN 7.842E-01 5.748E-03 NAN 1.000E+00 1.779E+01 0.000E+00
NAN NAN NAN 7.842E-01 6.413E-03 NAN 1.000E+00 1.781E+01 0.000E+00
NAN NAN NAN 7.842E-01 7.631E-03 NAN 1.000E+00 1.783E+01 0.000E+00
NAN NAN NAN 7.842E-01 9.865E-03 NAN 1.000E+00 1.788E+01 0.000E+00
NAN NAN NAN 9.919E-01 4.950E-03 NAN 1.000E+00 1.778E+01 0.000E+00
NAN NAN NAN 9.919E-01 4.950E-03 NAN 1.000E+00 1.778E+01 0.000E+00
NAN NAN NAN 9.919E-01 4.950E-03 NAN 1.000E+00 1.778E+01 0.000E+00
NAN NAN NAN 9.919E-01 4.950E-03 NAN 1.000E+00 1.778E+01 0.000E+00
NAN NAN NAN 9.919E-01 4.950E-03 NAN 1.000E+00 1.778E+01 0.000E+00
NAN NAN NAN 9.919E-01 4.951E-03 NAN 1.000E+00 1.778E+01 0.000E+00
NAN NAN NAN 9.919E-01 4.952E-03 NAN 1.000E+00 1.778E+01 0.000E+00
NAN NAN NAN 9.919E-01 4.953E-03 NAN 1.000E+00 1.778E+01 0.000E+00
NAN NAN NAN 9.919E-01 4.956E-03 NAN 1.000E+00 1.778E+01 0.000E+00
NAN NAN NAN 9.919E-01 4.961E-03 NAN 1.000E+00 1.778E+01 0.000E+00
NAN NAN NAN 9.919E-01 4.971E-03 NAN 1.000E+00 1.778E+01 0.000E+00
NAN NAN NAN 9.919E-01 4.988E-03 NAN 1.000E+00 1.778E+01 0.000E+00
NAN NAN NAN 9.919E-01 5.020E-03 NAN 1.000E+00 1.778E+01 0.000E+00
NAN NAN NAN 9.919E-01 5.079E-03 NAN 1.000E+00 1.778E+01 0.000E+00
NAN NAN NAN 9.919E-01 5.187E-03 NAN 1.000E+00 1.778E+01 0.000E+00
NAN NAN NAN 9.919E-01 5.385E-03 NAN 1.000E+00 1.779E+01 0.000E+00
NAN NAN NAN 9.919E-01 5.748E-03 NAN 1.000E+00 1.779E+01 0.000E+00
NAN NAN NAN 9.919E-01 6.413E-03 NAN 1.000E+00 1.781E+01 0.000E+00
NAN NAN NAN 9.919E-01 7.631E-03 NAN 1.000E+00 1.784E+01 0.000E+00
NAN NAN NAN 9.919E-01 9.865E-03 NAN 1.000E+00 1.789E+01 0.000E+00
NAN NAN NAN 1.255E+00 4.950E-03 NAN 1.000E+00 1.778E+01 3.000E+00
NAN NAN NAN 1.255E+00 4.950E-03 NAN 1.000E+00 1.778E+01 3.000E+00
NAN NAN NAN 1.255E+00 4.950E-03 NAN 1.000E+00 1.778E+01 3.000E+00
NAN NAN NAN 1.255E+00 4.950E-03 NAN 1.000E+00 1.778E+01 3.000E+00
NAN NAN NAN 1.255E+00 4.950E-03 NAN 1.000E+00 1.778E+01 3.000E+00
NAN NAN NAN 1.255E+00 4.951E-03 NAN 1.000E+00 1.778E+01 3.000E+00
NAN NAN NAN 1.255E+00 4.952E-03 NAN 1.000E+00 1.778E+01 3.000E+00
NAN NAN NAN 1.255E+00 4.953E-03 NAN 1.000E+00 1.778E+01 3.000E+00
NAN NAN NAN 1.255E+00 4.956E-03 NAN 1.000E+00 1.778E+01 3.000E+00
NAN NAN NAN 1.255E+00 4.961E-03 NAN 1.000E+00 1.778E+01 3.000E+00
NAN NAN NAN 1.255E+00 4.971E-03 NAN 1.000E+00 1.778E+01 3.000E+00
NAN NAN NAN 1.255E+00 4.988E-03 NAN 1.000E+00 1.778E+01 3.000E+00
NAN NAN NAN 1.255E+00 5.020E-03 NAN 1.000E+00 1.778E+01 3.000E+00
NAN NAN NAN 1.255E+00 5.079E-03 NAN 1.000E+00 1.779E+01 3.000E+00
NAN NAN NAN 1.255E+00 5.187E-03 NAN 1.000E+00 1.779E+01 3.000E+00
NAN NAN NAN 1.255E+00 5.385E-03 NAN 1.000E+00 1.779E+01 3.000E+00
NAN NAN NAN 1.255E+00 5.748E-03 NAN 1.000E+00 1.780E+01 0.000E+00
NAN NAN NAN 1.255E+00 6.413E-03 NAN 1.000E+00 1.782E+01 0.000E+00
NAN NAN NAN 1.255E+00 7.631E-03 NAN 1.000E+00 1.784E+01 0.000E+00
NAN NAN NAN 1.255E+00 9.865E-03 NAN 1.000E+00 1.790E+01 0.000E+00
NAN NAN NAN 1.587E+00 4.950E-03 NAN 1.000E+00 1.779E+01 3.000E+00
NAN NAN NAN 1.587E+00 4.950E-03 NAN 1.000E+00 1.779E+01 3.000E+00
NAN NAN NAN 1.587E+00 4.950E-03 NAN 1.000E+00 1.779E+01 3.000E+00
NAN NAN NAN 1.587E+00 4.950E-03 NAN 1.000E+00 1.779E+01 3.000E+00
NAN NAN NAN 1.587E+00 4.950E-03 NAN 1.000E+00 1.779E+01 3.000E+00
NAN NAN NAN 1.587E+00 4.951E-03 NAN 1.000E+00 1.779E+01 3.000E+00
NAN NAN NAN 1.587E+00 4.952E-03 NAN 1.000E+00 1.779E+01 3.000E+00
NAN NAN NAN 1.587E+00 4.953E-03 NAN 1.000E+00 1.779E+01 3.000E+00
NAN NAN NAN 1.587E+00 4.956E-03 NAN 1.000E+00 1.779E+01 3.000E+00
NAN NAN NAN 1.587E+00 4.961E-03 NAN 1.000E+00 1.779E+01 3.000E+00
NAN NAN NAN 1.587E+00 4.971E-03 NAN 1.000E+00 1.779E+01 3.000E+00
NAN NAN NAN 1.587E+00 4.988E-03 NAN 1.000E+00 1.779E+01 3.000E+00
NAN NAN NAN 1.587E+00 5.020E-03 NAN 1.000E+00 1.779E+01 3.000E+00
NAN NAN NAN 1.587E+00 5.079E-03 NAN 1.000E+00 1.779E+01 3.000E+00
NAN NAN NAN 1.587E+00 5.187E-03 NAN 1.000E+00 1.780E+01 3.000E+00
NAN NAN NAN 1.587E+00 5.385E-03 NAN 1.000E+00 1.780E+01 3.000E+00
NAN NAN NAN 1.587E+00 5.748E-03 NAN 1.000E+00 1.781E+01 3.000E+00
NAN NAN NAN 1.587E+00 6.413E-03 NAN 1.000E+00 1.782E+01 3.000E+00
NAN NAN NAN 1.587E+00 7.631E-03 NAN 1.000E+00 1.785E+01 3.000E+00
NAN NAN NAN 1.587E+00 9.865E-03 NAN 1.000E+00 1.790E+01 3.000E+00
NAN NAN NAN 2.007E+00 4.950E-03 NAN 1.000E+00 1.780E+01 3.000E+00
NAN NAN NAN 2.007E+00 4.950E-03 NAN 1.000E+00 1.780E+01 3.000E+00
NAN NAN NAN 2.007E+00 4.950E-03 NAN 1.000E+00 1.780E+01 3.000E+00
NAN NAN NAN 2.007E+00 4.950E-03 NAN 1.000E+00 1.780E+01 3.000E+00
NAN NAN NAN 2.007E+00 4.950E-03 NAN 1.000E+00 1.780E+01 3.000E+00
NAN NAN NAN 2.007E+00 4.951E-03 NAN 1.000E+00 1.780E+01 3.000E+00
NAN NAN NAN 2.007E+00 4.952E-03 NAN 1.000E+00 1.780E+01 3.000E+00
NAN NAN NAN 2.007E+00 4.953E-03 NAN 1.000E+00 1.780E+01 3.000E+00
NAN NAN NAN 2.007E+00 4.956E-03 NAN 1.000E+00 1.780E+01 3.000E+00
NAN NAN NAN 2.007E+00 4.961E-03 NAN 1.000E+00 1.780E+01 3.000E+00
NAN NAN NAN 2.007E+00 4.971E-03 NAN 1.000E+00 1.780E+01 3.000E+00
NAN NAN NAN 2.007E+00 4.988E-03 NAN 1.000E+00 1.780E+01 3.000E+00
NAN NAN NAN 2.007E+00 5.020E-03 NAN 1.000E+00 1.780E+01 3.000E+00
NAN NAN NAN 2.007E+00 5.079E-03 NAN 1.000E+00 1.780E+01 3.000E+00
NAN NAN NAN 2.007E+00 5.187E-03 NAN 1.000E+00 1.781E+01 3.000E+00
NAN NAN NAN 2.007E+00 5.385E-03 NAN 1.000E+00 1.781E+01 3.000E+00
NAN NAN NAN 2.007E+00 5.748E-03 NAN 1.000E+00 1.782E+01 3.000E+00
NAN NAN NAN 2.007E+00 6.413E-03 NAN 1.000E+00 1.783E+01 3.000E+00
NAN NAN NAN 2.007E+00 7.631E-03 NAN 1.000E+00 1.786E+01 3.000E+00
NAN NAN NAN 2.007E+00 9.865E-03 NAN 1.000E+00 1.791E+01 3.000E+00
NAN NAN NAN 2.539E+00 4.950E-03 NAN 1.000E+00 1.781E+01 3.000E+00
NAN NAN NAN 2.539E+00 4.950E-03 NAN 1.000E+00 1.781E+01 3.000E+00
NAN NAN NAN 2.539E+00 4.950E-03 NAN 1.000E+00 1.781E+01 3.000E+00
NAN NAN NAN 2.539E+00 4.950E-03 NAN 1.000E+00 1.781E+01 3.000E+00
NAN NAN NAN 2.539E+00 4.950E-03 NAN 1.000E+00 1.781E+01 3.000E+00
NAN NAN NAN 2.539E+00 4.951E-03 NAN 1.000E+00 1.781E+01 3.000E+00
NAN NAN NAN 2.539E+00 4.952E-03 NAN 1.000E+00 1.781E+01 3.000E+00
NAN NAN NAN 2.539E+00 4.953E-03 NAN 1.000E+00 1.781E+01 3.000E+00
NAN NAN NAN 2.539E+00 4.956E-03 NAN 1.000E+00 1.781E+01 3.000E+00
NAN NAN NAN 2.539E+00 4.961E-03 NAN 1.000E+00 1.781E+01 3.000E+00
NAN NAN NAN 2.539E+00 4.971E-03 NAN 1.000E+00 1.781E+01 3.000E+00
NAN NAN NAN 2.539E+00 4.988E-03 NAN 1.000E+00 1.781E+01 3.000E+00
NAN NAN NAN 2.539E+00 5.020E-03 NAN 1.000E+00 1.781E+01 3.000E+00
NAN NAN NAN 2.539E+00 5.079E-03 NAN 1.000E+00 1.782E+01 3.000E+00
NAN NAN NAN 2.539E+00 5.187E-03 NAN 1.000E+00 1.782E+01 3.000E+00
NAN NAN NAN 2.539E+00 5.385E-03 NAN 1.000E+00 1.782E+01 3.000E+00
NAN NAN NAN 2.539E+00 5.748E-03 NAN 1.000E+00 1.783E+01 3.000E+00
NAN NAN NAN 2.539E+00 6.413E-03 NAN 1.000E+00 1.785E+01 3.000E+00
NAN NAN NAN 2.539E+00 7.631E-03 NAN 1.000E+00 1.787E+01 3.000E+00
NAN NAN NAN 2.539E+00 9.865E-03 NAN 1.000E+00 1.792E+01 3.000E+00
NAN NAN NAN 3.211E+00 4.950E-03 NAN 1.000E+00 1.783E+01 3.000E+00
NAN NAN NAN 3.211E+00 4.950E-03 NAN 1.000E+00 1.783E+01 3.000E+00
NAN NAN NAN 3.211E+00 4.950E-03 NAN 1.000E+00 1.783E+01 3.000E+00
NAN NAN NAN 3.211E+00 4.950E-03 NAN 1.000E+00 1.783E+01 3.000E+00
NAN NAN NAN 3.211E+00 4.950E-03 NAN 1.000E+00 1.783E+01 3.000E+00
NAN NAN NAN 3.211E+00 4.951E-03 NAN 1.000E+00 1.783E+01 3.000E+00
NAN NAN NAN 3.211E+00 4.952E-03 NAN 1.000E+00 1.783E+01 3.000E+00
NAN NAN NAN 3.211E+00 4.953E-03 NAN 1.000E+00 1.783E+01 3.000E+00
NAN NAN NAN 3.211E+00 4.956E-03 NAN 1.000E+00 1.783E+01 3.000E+00
NAN NAN NAN 3.211E+00 4.961E-03 NAN 1.000E+00 1.783E+01 3.000E+00
NAN NAN NAN 3.211E+00 4.971E-03 NAN 1.000E+00 1.783E+01 3.000E+00
NAN NAN NAN 3.211E+00 4.988E-03 NAN 1.000E+00 1.783E+01 3.000E+00
NAN NAN NAN 3.211E+00 5.020E-03 NAN 1.000E+00 1.783E+01 3.000E+00
NAN NAN NAN 3.211E+00 5.079E-03 NAN 1.000E+00 1.783E+01 3.000E+00
NAN NAN NAN 3.211E+00 5.187E-03 NAN 1.000E+00 1.783E+01 3.000E+00
NAN NAN NAN 3.211E+00 5.385E-03 NAN 1.000E+00 1.784E+01 3.000E+00
NAN NAN NAN 3.211E+00 5.748E-03 NAN 1.000E+00 1.785E+01 3.000E+00
NAN NAN NAN 3.211E+00 6.413E-03 NAN 1.000E+00 1.786E+01 3.000E+00
NAN NAN NAN 3.211E+00 7.631E-03 NAN 1.000E+00 1.789E+01 3.000E+00
NAN NAN NAN 3.211E+00 9.865E-03 NAN 1.000E+00 1.794E+01 3.000E+00
NAN NAN NAN 4.062E+00 4.950E-03 NAN 1.000E+00 2.173E+01 3.000E+00
NAN NAN NAN 4.062E+00 4.950E-03 NAN 1.000E+00 2.173E+01 3.000E+00
NAN NAN NAN 4.062E+00 4.950E-03 NAN 1.000E+00 2.173E+01 3.000E+00
NAN NAN NAN 4.062E+00 4.950E-03 NAN 1.000E+00 2.173E+01 3.000E+00
NAN NAN NAN 4.062E+00 4.950E-03 NAN 1.000E+00 2.173E+01 3.000E+00
NAN NAN NAN 4.062E+00 4.951E-03 NAN 1.000E+00 2.173E+01 3.000E+00
NAN NAN NAN 4.062E+00 4.952E-03 NAN 1.000E+00 2.173E+01 3.000E+00
NAN NAN NAN 4.062E+00 4.953E-03 NAN 1.000E+00 2.173E+01 3.000E+00
NAN NAN NAN 4.062E+00 4.956E-03 NAN 1.000E+00 2.173E+01 3.000E+00
NAN NAN NAN 4.062E+00 4.961E-03 NAN 1.000E+00 2.173E+01 3.000E+00
NAN NAN NAN 4.062E+00 4.971E-03 NAN 1.000E+00 2.173E+01 3.000E+00
NAN NAN NAN 4.062E+00 4.988E-03 NAN 1.000E+00 2.173E+01 3.000E+00
NAN NAN NAN 4.062E+00 5.020E-03 NAN 1.000E+00 2.174E+01 3.000E+00
NAN NAN NAN 4.062E+00 5.079E-03 NAN 1.000E+00 2.174E+01 3.000E+00
NAN NAN NAN 4.062E+00 5.187E-03 NAN 1.000E+00 2.175E+01 3.000E+00
NAN NAN NAN 4.062E+00 5.385E-03 NAN 1.000E+00 2.176E+01 3.000E+00
NAN NAN NAN 4.062E+00 5.748E-03 NAN 1.000E+00 2.179E+01 3.000E+00
NAN NAN NAN 4.062E+00 6.413E-03 NAN 1.000E+00 2.183E+01 3.000E+00
NAN NAN NAN 4.062E+00 7.631E-03 NAN 1.000E+00 2.192E+01 3.000E+00
NAN NAN NAN 4.062E+00 9.865E-03 NAN 1.000E+00 2.207E+01 3.000E+00
NAN NAN NAN 5.138E+00 4.950E-03 NAN 1.000E+00 2.710E+01 3.000E+00
NAN NAN NAN 5.138E+00 4.950E-03 NAN 1.000E+00 2.710E+01 3.000E+00
NAN NAN NAN 5.138E+00 4.950E-03 NAN 1.000E+00 2.710E+01 3.000E+00
NAN NAN NAN 5.138E+00 4.950E-03 NAN 1.000E+00 2.710E+01 3.000E+00
NAN NAN NAN 5.138E+00 4.950E-03 NAN 1.000E+00 2.710E+01 3.000E+00
NAN NAN NAN 5.138E+00 4.951E-03 NAN 1.000E+00 2.710E+01 3.000E+00
NAN NAN NAN 5.138E+00 4.952E-03 NAN 1.000E+00 2.710E+01 3.000E+00
NAN NAN NAN 5.138E+00 4.953E-03 NAN 1.000E+00 2.710E+01 3.000E+00
NAN NAN NAN 5.138E+00 4.956E-03 NAN 1.000E+00 2.710E+01 3.000E+00
NAN NAN NAN 5.138E+00 4.961E-03 NAN 1.000E+00 2.710E+01 3.000E+00
NAN NAN NAN 5.138E+00 4.971E-03 NAN 1.000E+00 2.710E+01 3.000E+00
NAN NAN NAN 5.138E+00 4.988E-03 NAN 1.000E+00 2.710E+01 3.000E+00
NAN NAN NAN 5.138E+00 5.020E-03 NAN 1.000E+00 2.711E+01 3.000E+00
NAN NAN NAN 5.138E+00 5.079E-03 NAN 1.000E+00 2.711E+01 3.000E+00
NAN NAN NAN 5.138E+00 5.187E-03 NAN 1.000E+00 2.712E+01 3.000E+00
NAN NAN NAN 5.138E+00 5.385E-03 NAN 1.000E+00 2.713E+01 3.000E+00
NAN NAN NAN 5.138E+00 5.748E-03 NAN 1.000E+00 2.716E+01 3.000E+00
NAN NAN NAN 5.138E+00 6.413E-03 NAN 1.000E+00 2.720E+01 3.000E+00
NAN NAN NAN 5.138E+00 7.631E-03 NAN 1.000E+00 2.729E+01 3.000E+00
NAN NAN NAN 5.138E+00 9.865E-03 NAN 1.000E+00 2.744E+01 3.000E+00
