8.589E+07 8.130E+02 1.906E-01 5.137E-05 7.850E-05 1.432E+03 5.960E-01 5.580E+00 2.000E+00
2.152E+08 8.130E+02 1.906E-01 5.137E-05 7.854E-05 1.432E+03 5.960E-01 5.580E+00 2.000E+00
2.391E+08 8.293E+02 1.892E-01 5.137E-05 7.861E-05 1.427E+03 5.960E-01 5.580E+00 2.000E+00
1.014E+08 8.554E+02 1.871E-01 5.137E-05 7.875E-05 1.419E+03 5.960E-01 5.580E+00 2.000E+00
1.383E+08 8.636E+02 1.864E-01 5.137E-05 7.900E-05 1.417E+03 5.960E-01 5.580E+00 2.000E+00
7.255E+07 3.118E+02 2.501E-01 5.137E-05 7.946E-05 2.501E+03 5.960E-01 5.580E+00 2.000E+00
2.331E+07 6.787E+02 2.029E-01 5.137E-05 8.031E-05 1.502E+03 5.961E-01 5.580E+00 2.000E+00
6.878E+06 3.118E+02 2.501E-01 5.137E-05 8.186E-05 2.500E+03 5.962E-01 5.580E+00 2.000E+00
1.410E+07 5.744E+02 2.142E-01 5.137E-05 8.471E-05 1.601E+03 5.963E-01 5.580E+00 2.000E+00
3.735E+08 3.294E+02 2.474E-01 5.137E-05 8.993E-05 2.351E+03 5.966E-01 5.580E+00 2.000E+00
2.740E+10 7.686E+02 1.944E-01 5.137E-05 9.949E-05 1.451E+03 5.972E-01 5.581E+00 2.000E+00
4.038E+08 8.648E+02 1.864E-01 5.137E-05 1.170E-04 1.423E+03 5.983E-01 5.581E+00 2.000E+00
9.247E+07 9.726E+02 1.784E-01 5.137E-05 1.492E-04 1.414E+03 6.002E-01 5.582E+00 2.000E+00
2.672E+07 3.036E+02 2.517E-01 5.137E-05 2.080E-04 2.568E+03 6.037E-01 5.583E+00 2.000E+00
2.243E+07 9.549E+02 1.798E-01 5.137E-05 3.160E-04 1.483E+03 6.102E-01 5.586E+00 2.000E+00
1.068E+09 5.960E+02 2.123E-01 5.137E-05 5.139E-04 1.595E+03 6.221E-01 5.590E+00 2.000E+00
1.930E+09 5.359E+02 2.201E-01 5.137E-05 8.766E-04 1.683E+03 6.438E-01 5.598E+00 2.000E+00
3.414E+07 7.691E+02 1.959E-01 5.137E-05 1.541E-03 1.695E+03 6.801E-01 5.614E+00 2.000E+00
1.287E+08 4.355E+02 2.377E-01 5.137E-05 2.760E-03 1.966E+03 7.393E-01 5.642E+00 2.000E+00
2.863E+08 2.094E+02 2.898E-01 5.137E-05 4.994E-03 3.099E+03 8.212E-01 5.693E+00 2.000E+00
1.478E+08 8.293E+02 1.892E-01 6.498E-05 7.850E-05 1.426E+03 5.960E-01 5.580E+00 2.000E+00
3.375E+09 8.293E+02 1.892E-01 6.498E-05 7.854E-05 1.426E+03 5.960E-01 5.580E+00 2.000E+00
6.841E+07 8.554E+02 1.871E-01 6.498E-05 7.861E-05 1.419E+03 5.960E-01 5.580E+00 2.000E+00
8.546E+07 3.592E+02 2.429E-01 6.498E-05 7.875E-05 2.161E+03 5.960E-01 5.580E+00 2.000E+00
1.245E+08 8.537E+02 1.872E-01 6.498E-05 7.900E-05 1.420E+03 5.961E-01 5.580E+00 2.000E+00
6.229E+07 9.360E+02 1.809E-01 6.498E-05 7.946E-05 1.406E+03 5.961E-01 5.580E+00 2.000E+00
8.631E+07 6.787E+02 2.029E-01 6.498E-05 8.031E-05 1.502E+03 5.961E-01 5.580E+00 2.000E+00
1.049E+08 4.594E+02 2.286E-01 6.498E-05 8.186E-05 1.800E+03 5.962E-01 5.580E+00 2.000E+00
3.703E+07 5.744E+02 2.142E-01 6.498E-05 8.471E-05 1.601E+03 5.964E-01 5.580E+00 2.000E+00
6.332E+07 9.015E+02 1.835E-01 6.498E-05 8.993E-05 1.411E+03 5.967E-01 5.580E+00 2.000E+00
1.481E+07 4.934E+02 2.241E-01 6.498E-05 9.949E-05 1.727E+03 5.973E-01 5.581E+00 2.000E+00
4.599E+07 9.876E+02 1.773E-01 6.498E-05 1.170E-04 1.452E+03 5.983E-01 5.581E+00 2.000E+00
1.142E+08 9.726E+02 1.784E-01 6.498E-05 1.492E-04 1.414E+03 6.003E-01 5.582E+00 2.000E+00
1.017E+08 4.446E+02 2.308E-01 6.498E-05 2.080E-04 1.866E+03 6.038E-01 5.583E+00 2.000E+00
5.302E+07 9.755E+02 1.783E-01 6.498E-05 3.160E-04 1.455E+03 6.103E-01 5.586E+00 2.000E+00
1.095E+08 7.759E+02 1.942E-01 6.498E-05 5.139E-04 1.486E+03 6.221E-01 5.590E+00 2.000E+00
3.024E+07 2.406E+02 2.640E-01 6.498E-05 8.766E-04 3.514E+03 6.439E-01 5.598E+00 2.000E+00
9.501E+08 2.947E+02 2.578E-01 6.498E-05 1.541E-03 2.503E+03 6.801E-01 5.614E+00 2.000E+00
6.594E+06 3.542E+02 2.512E-01 6.498E-05 2.760E-03 2.147E+03 7.394E-01 5.642E+00 2.000E+00
5.068E+06 2.304E+02 2.848E-01 6.498E-05 4.994E-03 2.868E+03 8.212E-01 5.693E+00 2.000E+00
7.412E+07 8.554E+02 1.871E-01 8.219E-05 7.850E-05 1.457E+03 5.961E-01 5.580E+00 2.000E+00
1.191E+08 8.554E+02 1.871E-01 8.219E-05 7.854E-05 1.518E+03 5.961E-01 5.580E+00 2.000E+00
3.731E+08 3.592E+02 2.429E-01 8.219E-05 7.861E-05 2.161E+03 5.961E-01 5.580E+00 2.000E+00
9.470E+07 8.636E+02 1.864E-01 8.219E-05 7.875E-05 1.417E+03 5.961E-01 5.580E+00 2.000E+00
3.166E+07 9.360E+02 1.809E-01 8.219E-05 7.900E-05 1.405E+03 5.961E-01 5.580E+00 2.000E+00
1.014E+08 9.360E+02 1.809E-01 8.219E-05 7.946E-05 1.405E+03 5.962E-01 5.580E+00 2.000E+00
2.308E+07 6.888E+02 2.019E-01 8.219E-05 8.031E-05 1.753E+03 5.962E-01 5.580E+00 2.000E+00
1.074E+08 4.596E+02 2.285E-01 8.219E-05 8.186E-05 1.800E+03 5.963E-01 5.580E+00 2.000E+00
3.754E+07 7.596E+02 1.952E-01 8.219E-05 8.471E-05 1.460E+03 5.965E-01 5.580E+00 2.000E+00
1.750E+08 9.015E+02 1.835E-01 8.219E-05 8.993E-05 1.411E+03 5.968E-01 5.580E+00 2.000E+00
1.374E+07 5.291E+02 2.196E-01 8.219E-05 9.949E-05 1.665E+03 5.974E-01 5.581E+00 2.000E+00
4.260E+07 3.469E+02 2.448E-01 8.219E-05 1.170E-04 2.252E+03 5.984E-01 5.581E+00 2.000E+00
1.637E+08 9.726E+02 1.784E-01 8.219E-05 1.492E-04 1.442E+03 6.003E-01 5.582E+00 2.000E+00
3.600E+07 8.630E+02 1.866E-01 8.219E-05 2.080E-04 1.431E+03 6.039E-01 5.583E+00 2.000E+00
2.688E+07 3.687E+02 2.421E-01 8.219E-05 3.160E-04 2.104E+03 6.103E-01 5.586E+00 2.000E+00
1.058E+08 3.820E+02 2.406E-01 8.219E-05 5.139E-04 2.038E+03 6.222E-01 5.590E+00 2.000E+00
1.564E+07 7.040E+02 2.014E-01 8.219E-05 8.766E-04 1.551E+03 6.439E-01 5.598E+00 2.000E+00
7.775E+07 2.608E+02 2.636E-01 8.219E-05 1.541E-03 2.887E+03 6.802E-01 5.614E+00 2.000E+00
1.565E+07 3.542E+02 2.512E-01 8.219E-05 2.760E-03 2.147E+03 7.395E-01 5.642E+00 2.000E+00
7.899E+06 2.304E+02 2.848E-01 8.219E-05 4.994E-03 2.873E+03 8.213E-01 5.693E+00 2.000E+00
2.464E+08 3.236E+02 2.483E-01 1.040E-04 7.850E-05 2.397E+03 5.962E-01 5.580E+00 2.000E+00
1.565E+08 8.612E+02 1.866E-01 1.040E-04 7.854E-05 1.444E+03 5.962E-01 5.580E+00 2.000E+00
1.230E+08 8.636E+02 1.864E-01 1.040E-04 7.861E-05 1.418E+03 5.962E-01 5.580E+00 2.000E+00
2.554E+08 8.537E+02 1.872E-01 1.040E-04 7.875E-05 1.421E+03 5.962E-01 5.580E+00 2.000E+00
2.940E+08 3.118E+02 2.501E-01 1.040E-04 7.900E-05 2.501E+03 5.963E-01 5.580E+00 2.000E+00
6.296E+08 9.360E+02 1.809E-01 1.040E-04 7.946E-05 1.405E+03 5.963E-01 5.580E+00 2.000E+00
1.531E+08 6.899E+02 2.018E-01 1.040E-04 8.031E-05 1.495E+03 5.963E-01 5.580E+00 2.000E+00
4.572E+08 3.413E+02 2.456E-01 1.040E-04 8.186E-05 2.268E+03 5.964E-01 5.580E+00 2.000E+00
1.525E+07 5.822E+02 2.133E-01 1.040E-04 8.471E-05 1.592E+03 5.966E-01 5.580E+00 2.000E+00
8.871E+07 3.176E+02 2.492E-01 1.040E-04 8.993E-05 2.447E+03 5.969E-01 5.580E+00 2.000E+00
3.255E+07 7.610E+02 1.951E-01 1.040E-04 9.949E-05 1.455E+03 5.975E-01 5.581E+00 2.000E+00
2.605E+08 4.526E+02 2.295E-01 1.040E-04 1.170E-04 1.817E+03 5.985E-01 5.581E+00 2.000E+00
3.745E+08 9.726E+02 1.784E-01 1.040E-04 1.492E-04 1.414E+03 6.005E-01 5.582E+00 2.000E+00
1.437E+08 8.419E+02 1.883E-01 1.040E-04 2.080E-04 1.464E+03 6.040E-01 5.583E+00 2.000E+00
2.920E+07 9.549E+02 1.798E-01 1.040E-04 3.160E-04 1.441E+03 6.105E-01 5.586E+00 2.000E+00
4.751E+07 3.432E+02 2.466E-01 1.040E-04 5.139E-04 2.229E+03 6.223E-01 5.590E+00 2.000E+00
4.139E+07 7.040E+02 2.014E-01 1.040E-04 8.766E-04 1.551E+03 6.440E-01 5.598E+00 2.000E+00
1.346E+07 8.014E+02 1.930E-01 1.040E-04 1.541E-03 1.735E+03 6.803E-01 5.614E+00 2.000E+00
5.728E+07 4.347E+02 2.378E-01 1.040E-04 2.760E-03 1.968E+03 7.396E-01 5.642E+00 2.000E+00
3.593E+07 2.304E+02 2.848E-01 1.040E-04 4.994E-03 2.868E+03 8.214E-01 5.693E+00 2.000E+00
9.276E+07 8.537E+02 1.872E-01 1.315E-04 7.850E-05 1.420E+03 5.964E-01 5.580E+00 2.000E+00
1.812E+08 8.537E+02 1.872E-01 1.315E-04 7.854E-05 1.420E+03 5.964E-01 5.580E+00 2.000E+00
3.020E+07 9.360E+02 1.809E-01 1.315E-04 7.861E-05 1.405E+03 5.964E-01 5.580E+00 2.000E+00
1.648E+08 3.118E+02 2.501E-01 1.315E-04 7.875E-05 2.501E+03 5.964E-01 5.580E+00 2.000E+00
6.543E+07 9.360E+02 1.809E-01 1.315E-04 7.900E-05 1.415E+03 5.964E-01 5.580E+00 2.000E+00
1.429E+08 8.698E+02 1.860E-01 1.315E-04 7.946E-05 1.420E+03 5.964E-01 5.580E+00 2.000E+00
1.712E+07 5.293E+02 2.195E-01 1.315E-04 8.031E-05 1.664E+03 5.965E-01 5.580E+00 2.000E+00
1.694E+07 5.688E+02 2.148E-01 1.315E-04 8.186E-05 1.609E+03 5.966E-01 5.580E+00 2.000E+00
2.802E+07 2.940E+02 2.528E-01 1.315E-04 8.471E-05 2.694E+03 5.967E-01 5.580E+00 2.000E+00
2.697E+08 3.058E+02 2.510E-01 1.315E-04 8.993E-05 2.573E+03 5.970E-01 5.580E+00 2.000E+00
8.767E+07 7.487E+02 1.962E-01 1.315E-04 9.949E-05 1.461E+03 5.976E-01 5.581E+00 2.000E+00
5.675E+07 9.876E+02 1.773E-01 1.315E-04 1.170E-04 1.409E+03 5.987E-01 5.581E+00 2.000E+00
5.766E+07 9.652E+02 1.789E-01 1.315E-04 1.492E-04 1.414E+03 6.006E-01 5.582E+00 2.000E+00
6.385E+07 9.327E+02 1.813E-01 1.315E-04 2.080E-04 1.424E+03 6.041E-01 5.583E+00 2.000E+00
3.517E+07 9.549E+02 1.798E-01 1.315E-04 3.160E-04 1.442E+03 6.106E-01 5.586E+00 2.000E+00
1.930E+07 3.081E+02 2.521E-01 1.315E-04 5.139E-04 2.486E+03 6.225E-01 5.590E+00 2.000E+00
6.974E+07 6.581E+02 2.060E-01 1.315E-04 8.766E-04 1.572E+03 6.442E-01 5.598E+00 2.000E+00
2.033E+07 8.014E+02 1.930E-01 1.315E-04 1.541E-03 1.736E+03 6.805E-01 5.614E+00 2.000E+00
2.355E+07 4.343E+02 2.379E-01 1.315E-04 2.760E-03 1.969E+03 7.397E-01 5.642E+00 2.000E+00
7.723E+06 2.417E+02 2.821E-01 1.315E-04 4.994E-03 2.779E+03 8.215E-01 5.693E+00 2.000E+00
4.406E+07 6.479E+02 2.061E-01 1.663E-04 7.850E-05 1.526E+03 5.965E-01 5.580E+00 2.000E+00
1.286E+08 6.479E+02 2.061E-01 1.663E-04 7.854E-05 1.526E+03 5.965E-01 5.580E+00 2.000E+00
4.554E+07 9.360E+02 1.809E-01 1.663E-04 7.861E-05 1.406E+03 5.965E-01 5.580E+00 2.000E+00
6.504E+07 9.360E+02 1.809E-01 1.663E-04 7.875E-05 1.407E+03 5.965E-01 5.580E+00 2.000E+00
4.249E+08 9.360E+02 1.809E-01 1.663E-04 7.900E-05 1.409E+03 5.966E-01 5.580E+00 2.000E+00
2.699E+07 6.787E+02 2.029E-01 1.663E-04 7.946E-05 1.502E+03 5.966E-01 5.580E+00 2.000E+00
5.497E+07 3.532E+02 2.438E-01 1.663E-04 8.031E-05 2.196E+03 5.966E-01 5.580E+00 2.000E+00
7.595E+07 5.702E+02 2.147E-01 1.663E-04 8.186E-05 1.610E+03 5.967E-01 5.580E+00 2.000E+00
5.378E+08 3.809E+02 2.397E-01 1.663E-04 8.471E-05 2.055E+03 5.969E-01 5.580E+00 2.000E+00
4.735E+07 2.987E+02 2.521E-01 1.663E-04 8.993E-05 2.637E+03 5.972E-01 5.580E+00 2.000E+00
4.459E+07 6.524E+02 2.056E-01 1.663E-04 9.949E-05 1.524E+03 5.978E-01 5.581E+00 2.000E+00
6.112E+07 7.450E+02 1.966E-01 1.663E-04 1.170E-04 1.464E+03 5.988E-01 5.581E+00 2.000E+00
9.226E+07 9.652E+02 1.789E-01 1.663E-04 1.492E-04 1.415E+03 6.008E-01 5.582E+00 2.000E+00
4.783E+08 9.327E+02 1.813E-01 1.663E-04 2.080E-04 1.425E+03 6.043E-01 5.583E+00 2.000E+00
6.818E+07 6.631E+02 2.048E-01 1.663E-04 3.160E-04 1.527E+03 6.108E-01 5.586E+00 2.000E+00
2.891E+07 5.103E+02 2.227E-01 1.663E-04 5.139E-04 1.705E+03 6.226E-01 5.590E+00 2.000E+00
2.953E+07 2.776E+02 2.582E-01 1.663E-04 8.766E-04 2.771E+03 6.444E-01 5.598E+00 2.000E+00
9.820E+07 8.014E+02 1.930E-01 1.663E-04 1.541E-03 1.737E+03 6.806E-01 5.614E+00 2.000E+00
1.006E+07 4.741E+02 2.318E-01 1.663E-04 2.760E-03 1.934E+03 7.399E-01 5.642E+00 2.000E+00
7.724E+06 2.330E+02 2.842E-01 1.663E-04 4.994E-03 2.847E+03 8.217E-01 5.693E+00 2.000E+00
8.168E+07 9.360E+02 1.809E-01 2.104E-04 7.850E-05 1.406E+03 5.968E-01 5.580E+00 2.000E+00
9.838E+07 9.360E+02 1.809E-01 2.104E-04 7.854E-05 1.406E+03 5.968E-01 5.580E+00 2.000E+00
1.596E+08 9.360E+02 1.809E-01 2.104E-04 7.861E-05 1.406E+03 5.968E-01 5.580E+00 2.000E+00
4.493E+07 8.698E+02 1.860E-01 2.104E-04 7.875E-05 1.417E+03 5.968E-01 5.580E+00 2.000E+00
1.693E+09 8.764E+02 1.854E-01 2.104E-04 7.900E-05 1.448E+03 5.968E-01 5.580E+00 2.000E+00
1.145E+08 6.888E+02 2.019E-01 2.104E-04 7.946E-05 1.495E+03 5.968E-01 5.580E+00 2.000E+00
2.236E+07 6.020E+02 2.110E-01 2.104E-04 8.031E-05 1.570E+03 5.969E-01 5.580E+00 2.000E+00
3.372E+07 4.798E+02 2.258E-01 2.104E-04 8.186E-05 1.754E+03 5.970E-01 5.580E+00 2.000E+00
3.697E+07 5.244E+02 2.202E-01 2.104E-04 8.471E-05 1.672E+03 5.971E-01 5.580E+00 2.000E+00
1.563E+08 8.883E+02 1.845E-01 2.104E-04 8.993E-05 1.414E+03 5.974E-01 5.580E+00 2.000E+00
2.580E+08 7.293E+02 1.980E-01 2.104E-04 9.949E-05 1.472E+03 5.980E-01 5.581E+00 2.000E+00
1.885E+07 4.932E+02 2.242E-01 2.104E-04 1.170E-04 1.728E+03 5.991E-01 5.581E+00 2.000E+00
4.792E+08 9.652E+02 1.789E-01 2.104E-04 1.492E-04 1.416E+03 6.010E-01 5.582E+00 2.000E+00
1.252E+09 9.357E+02 1.811E-01 2.104E-04 2.080E-04 1.424E+03 6.045E-01 5.583E+00 2.000E+00
1.569E+08 6.371E+02 2.075E-01 2.104E-04 3.160E-04 1.548E+03 6.110E-01 5.586E+00 2.000E+00
5.257E+07 9.103E+02 1.832E-01 2.104E-04 5.139E-04 1.475E+03 6.228E-01 5.590E+00 2.000E+00
1.947E+07 5.418E+02 2.193E-01 2.104E-04 8.766E-04 1.674E+03 6.446E-01 5.598E+00 2.000E+00
2.078E+08 6.089E+02 2.123E-01 2.104E-04 1.541E-03 1.673E+03 6.809E-01 5.614E+00 2.000E+00
1.948E+07 5.006E+02 2.281E-01 2.104E-04 2.760E-03 1.931E+03 7.401E-01 5.642E+00 2.000E+00
5.992E+06 2.619E+02 2.774E-01 2.104E-04 4.994E-03 2.661E+03 8.218E-01 5.693E+00 2.000E+00
1.681E+08 8.698E+02 1.860E-01 2.661E-04 7.850E-05 1.428E+03 5.970E-01 5.580E+00 2.000E+00
8.366E+08 8.698E+02 1.860E-01 2.661E-04 7.854E-05 1.417E+03 5.970E-01 5.580E+00 2.000E+00
1.580E+08 5.249E+02 2.201E-01 2.661E-04 7.861E-05 1.672E+03 5.970E-01 5.580E+00 2.000E+00
3.946E+07 6.787E+02 2.029E-01 2.661E-04 7.875E-05 1.557E+03 5.970E-01 5.580E+00 2.000E+00
4.556E+07 6.888E+02 2.019E-01 2.661E-04 7.900E-05 1.496E+03 5.971E-01 5.580E+00 2.000E+00
1.113E+09 3.532E+02 2.438E-01 2.661E-04 7.946E-05 2.195E+03 5.971E-01 5.580E+00 2.000E+00
4.033E+08 4.675E+02 2.275E-01 2.661E-04 8.031E-05 1.818E+03 5.971E-01 5.580E+00 2.000E+00
1.951E+07 2.638E+02 2.573E-01 2.661E-04 8.186E-05 3.205E+03 5.972E-01 5.580E+00 2.000E+00
2.621E+07 7.159E+02 1.993E-01 2.661E-04 8.471E-05 1.479E+03 5.974E-01 5.580E+00 2.000E+00
2.526E+08 8.997E+02 1.837E-01 2.661E-04 8.993E-05 1.413E+03 5.977E-01 5.580E+00 2.000E+00
2.080E+07 3.352E+02 2.466E-01 2.661E-04 9.949E-05 2.312E+03 5.983E-01 5.581E+00 2.000E+00
1.738E+08 5.289E+02 2.197E-01 2.661E-04 1.170E-04 1.666E+03 5.993E-01 5.581E+00 2.000E+00
2.146E+07 4.117E+02 2.353E-01 2.661E-04 1.492E-04 1.936E+03 6.013E-01 5.582E+00 2.000E+00
2.561E+07 3.283E+02 2.479E-01 2.661E-04 2.080E-04 2.349E+03 6.048E-01 5.583E+00 2.000E+00
1.022E+08 9.499E+02 1.801E-01 2.661E-04 3.160E-04 1.444E+03 6.113E-01 5.586E+00 2.000E+00
1.398E+09 8.252E+02 1.900E-01 2.661E-04 5.139E-04 1.483E+03 6.231E-01 5.590E+00 2.000E+00
4.315E+07 9.775E+02 1.786E-01 2.661E-04 8.766E-04 1.634E+03 6.449E-01 5.598E+00 2.000E+00
1.841E+07 7.984E+02 1.933E-01 2.661E-04 1.541E-03 1.736E+03 6.811E-01 5.614E+00 2.000E+00
1.470E+07 2.236E+02 2.756E-01 2.661E-04 2.760E-03 3.279E+03 7.403E-01 5.642E+00 2.000E+00
4.496E+06 2.091E+02 2.899E-01 2.661E-04 4.994E-03 3.105E+03 8.221E-01 5.693E+00 2.000E+00
6.962E+07 6.888E+02 2.019E-01 3.366E-04 7.850E-05 1.496E+03 5.974E-01 5.580E+00 2.000E+00
8.056E+08 6.888E+02 2.019E-01 3.366E-04 7.854E-05 1.530E+03 5.974E-01 5.580E+00 2.000E+00
4.398E+07 6.877E+02 2.020E-01 3.366E-04 7.861E-05 1.497E+03 5.974E-01 5.580E+00 2.000E+00
3.924E+07 4.936E+02 2.240E-01 3.366E-04 7.875E-05 1.727E+03 5.974E-01 5.580E+00 2.000E+00
4.612E+08 6.866E+02 2.021E-01 3.366E-04 7.900E-05 1.498E+03 5.974E-01 5.580E+00 2.000E+00
2.076E+07 5.981E+02 2.115E-01 3.366E-04 7.946E-05 1.575E+03 5.974E-01 5.580E+00 2.000E+00
2.526E+07 5.688E+02 2.148E-01 3.366E-04 8.031E-05 1.609E+03 5.975E-01 5.580E+00 2.000E+00
5.548E+07 5.889E+02 2.125E-01 3.366E-04 8.186E-05 1.585E+03 5.976E-01 5.580E+00 2.000E+00
3.675E+07 7.122E+02 1.996E-01 3.366E-04 8.471E-05 1.503E+03 5.978E-01 5.580E+00 2.000E+00
1.593E+07 4.463E+02 2.304E-01 3.366E-04 8.993E-05 1.833E+03 5.981E-01 5.580E+00 2.000E+00
5.154E+07 4.796E+02 2.259E-01 3.366E-04 9.949E-05 1.756E+03 5.986E-01 5.581E+00 2.000E+00
4.177E+08 8.889E+02 1.845E-01 3.366E-04 1.170E-04 1.419E+03 5.997E-01 5.581E+00 2.000E+00
3.711E+07 4.136E+02 2.351E-01 3.366E-04 1.492E-04 1.930E+03 6.016E-01 5.582E+00 2.000E+00
9.098E+06 4.003E+02 2.371E-01 3.366E-04 2.080E-04 1.975E+03 6.051E-01 5.583E+00 2.000E+00
6.204E+07 3.332E+02 2.475E-01 3.366E-04 3.160E-04 2.307E+03 6.116E-01 5.586E+00 2.000E+00
2.740E+07 5.321E+02 2.199E-01 3.366E-04 5.139E-04 1.673E+03 6.235E-01 5.590E+00 2.000E+00
9.309E+07 4.126E+02 2.369E-01 3.366E-04 8.766E-04 1.928E+03 6.452E-01 5.598E+00 2.000E+00
5.343E+08 3.402E+02 2.501E-01 3.366E-04 1.541E-03 2.202E+03 6.815E-01 5.614E+00 2.000E+00
1.834E+07 4.891E+02 2.297E-01 3.366E-04 2.760E-03 1.928E+03 7.407E-01 5.642E+00 2.000E+00
4.731E+06 2.180E+02 2.878E-01 3.366E-04 4.994E-03 2.997E+03 8.224E-01 5.693E+00 2.000E+00
6.470E+07 6.921E+02 2.016E-01 4.257E-04 7.850E-05 1.494E+03 5.978E-01 5.580E+00 2.000E+00
3.863E+08 6.921E+02 2.016E-01 4.257E-04 7.854E-05 1.494E+03 5.978E-01 5.580E+00 2.000E+00
1.285E+08 5.935E+02 2.120E-01 4.257E-04 7.861E-05 1.585E+03 5.978E-01 5.580E+00 2.000E+00
2.843E+08 6.020E+02 2.110E-01 4.257E-04 7.875E-05 1.571E+03 5.978E-01 5.580E+00 2.000E+00
4.017E+07 3.413E+02 2.456E-01 4.257E-04 7.900E-05 2.269E+03 5.979E-01 5.580E+00 2.000E+00
5.597E+07 6.309E+02 2.079E-01 4.257E-04 7.946E-05 1.544E+03 5.979E-01 5.580E+00 2.000E+00
2.505E+08 6.565E+02 2.052E-01 4.257E-04 8.031E-05 1.520E+03 5.979E-01 5.580E+00 2.000E+00
2.266E+07 5.744E+02 2.142E-01 4.257E-04 8.186E-05 1.603E+03 5.980E-01 5.580E+00 2.000E+00
2.063E+08 4.010E+02 2.367E-01 4.257E-04 8.471E-05 1.975E+03 5.982E-01 5.580E+00 2.000E+00
1.999E+08 8.312E+02 1.891E-01 4.257E-04 8.993E-05 1.429E+03 5.985E-01 5.580E+00 2.000E+00
4.302E+07 9.047E+02 1.833E-01 4.257E-04 9.949E-05 1.414E+03 5.991E-01 5.581E+00 2.000E+00
7.368E+07 8.996E+02 1.837E-01 4.257E-04 1.170E-04 1.417E+03 6.001E-01 5.581E+00 2.000E+00
2.810E+07 8.530E+02 1.873E-01 4.257E-04 1.492E-04 1.429E+03 6.021E-01 5.582E+00 2.000E+00
3.519E+07 6.066E+02 2.107E-01 4.257E-04 2.080E-04 1.572E+03 6.056E-01 5.583E+00 2.000E+00
5.464E+07 4.427E+02 2.313E-01 4.257E-04 3.160E-04 1.843E+03 6.121E-01 5.586E+00 2.000E+00
8.785E+07 8.863E+02 1.850E-01 4.257E-04 5.139E-04 1.476E+03 6.239E-01 5.590E+00 2.000E+00
2.131E+08 9.775E+02 1.786E-01 4.257E-04 8.766E-04 1.637E+03 6.457E-01 5.598E+00 2.000E+00
8.917E+08 5.680E+02 2.172E-01 4.257E-04 1.541E-03 1.699E+03 6.819E-01 5.614E+00 2.000E+00
1.414E+08 5.665E+02 2.193E-01 4.257E-04 2.760E-03 1.979E+03 7.411E-01 5.642E+00 2.000E+00
5.376E+08 2.167E+02 2.881E-01 4.257E-04 4.994E-03 3.012E+03 8.228E-01 5.693E+00 2.000E+00
1.814E+07 6.309E+02 2.079E-01 5.385E-04 7.850E-05 1.543E+03 5.984E-01 5.580E+00 2.000E+00
2.412E+07 6.309E+02 2.079E-01 5.385E-04 7.854E-05 1.543E+03 5.984E-01 5.580E+00 2.000E+00
7.186E+07 6.309E+02 2.079E-01 5.385E-04 7.861E-05 1.543E+03 5.984E-01 5.580E+00 2.000E+00
5.360E+06 2.685E+02 2.566E-01 5.385E-04 7.875E-05 3.104E+03 5.984E-01 5.580E+00 2.000E+00
5.971E+07 5.808E+02 2.134E-01 5.385E-04 7.900E-05 1.595E+03 5.984E-01 5.580E+00 2.000E+00
1.385E+09 6.565E+02 2.052E-01 5.385E-04 7.946E-05 1.521E+03 5.984E-01 5.580E+00 2.000E+00
7.578E+07 5.889E+02 2.125E-01 5.385E-04 8.031E-05 1.586E+03 5.985E-01 5.580E+00 2.000E+00
6.280E+07 7.687E+02 1.944E-01 5.385E-04 8.186E-05 1.453E+03 5.986E-01 5.580E+00 2.000E+00
2.275E+07 3.651E+02 2.420E-01 5.385E-04 8.471E-05 2.131E+03 5.988E-01 5.580E+00 2.000E+00
6.198E+07 6.142E+02 2.097E-01 5.385E-04 8.993E-05 1.559E+03 5.991E-01 5.580E+00 2.000E+00
1.037E+08 7.956E+02 1.921E-01 5.385E-04 9.949E-05 1.443E+03 5.996E-01 5.581E+00 2.000E+00
3.461E+07 9.664E+02 1.788E-01 5.385E-04 1.170E-04 1.413E+03 6.007E-01 5.581E+00 2.000E+00
3.817E+07 2.875E+02 2.540E-01 5.385E-04 1.492E-04 2.768E+03 6.026E-01 5.582E+00 2.000E+00
8.525E+07 6.381E+02 2.073E-01 5.385E-04 2.080E-04 1.543E+03 6.062E-01 5.583E+00 2.000E+00
7.115E+07 9.576E+02 1.796E-01 5.385E-04 3.160E-04 1.447E+03 6.126E-01 5.586E+00 2.000E+00
1.007E+09 4.890E+02 2.254E-01 5.385E-04 5.139E-04 1.744E+03 6.245E-01 5.590E+00 2.000E+00
2.288E+09 6.519E+02 2.067E-01 5.385E-04 8.766E-04 1.579E+03 6.462E-01 5.598E+00 2.000E+00
2.619E+07 6.005E+02 2.133E-01 5.385E-04 1.541E-03 1.683E+03 6.825E-01 5.614E+00 2.000E+00
1.330E+07 2.941E+02 2.622E-01 5.385E-04 2.760E-03 2.440E+03 7.416E-01 5.642E+00 2.000E+00
4.261E+07 2.218E+02 2.868E-01 5.385E-04 4.994E-03 2.957E+03 8.233E-01 5.693E+00 2.000E+00
4.155E+08 6.148E+02 2.096E-01 6.811E-04 7.850E-05 1.559E+03 5.991E-01 5.580E+00 2.000E+00
3.287E+07 6.228E+02 2.087E-01 6.811E-04 7.854E-05 1.551E+03 5.991E-01 5.580E+00 2.000E+00
2.324E+09 6.228E+02 2.087E-01 6.811E-04 7.861E-05 1.551E+03 5.991E-01 5.580E+00 2.000E+00
6.258E+07 6.143E+02 2.097E-01 6.811E-04 7.875E-05 1.560E+03 5.991E-01 5.580E+00 2.000E+00
3.174E+07 5.366E+02 2.187E-01 6.811E-04 7.900E-05 1.655E+03 5.991E-01 5.580E+00 2.000E+00
1.689E+08 7.524E+02 1.959E-01 6.811E-04 7.946E-05 1.461E+03 5.992E-01 5.580E+00 2.000E+00
3.015E+07 5.822E+02 2.133E-01 6.811E-04 8.031E-05 1.595E+03 5.992E-01 5.580E+00 2.000E+00
5.560E+08 7.935E+02 1.922E-01 6.811E-04 8.186E-05 1.443E+03 5.993E-01 5.580E+00 2.000E+00
7.164E+07 3.205E+02 2.488E-01 6.811E-04 8.471E-05 2.424E+03 5.995E-01 5.580E+00 2.000E+00
9.996E+07 9.274E+02 1.816E-01 6.811E-04 8.993E-05 1.416E+03 5.998E-01 5.580E+00 2.000E+00
1.464E+07 6.521E+02 2.057E-01 6.811E-04 9.949E-05 1.526E+03 6.004E-01 5.581E+00 2.000E+00
5.080E+07 3.528E+02 2.439E-01 6.811E-04 1.170E-04 2.197E+03 6.014E-01 5.581E+00 2.000E+00
6.849E+08 9.002E+02 1.837E-01 6.811E-04 1.492E-04 1.423E+03 6.033E-01 5.582E+00 2.000E+00
4.253E+07 7.987E+02 1.919E-01 6.811E-04 2.080E-04 1.493E+03 6.069E-01 5.583E+00 2.000E+00
3.509E+07 6.309E+02 2.082E-01 6.811E-04 3.160E-04 1.555E+03 6.133E-01 5.586E+00 2.000E+00
2.788E+08 4.488E+02 2.309E-01 6.811E-04 5.139E-04 1.830E+03 6.252E-01 5.590E+00 2.000E+00
1.999E+07 9.779E+02 1.786E-01 6.811E-04 8.766E-04 1.647E+03 6.469E-01 5.598E+00 2.000E+00
1.887E+08 7.771E+02 1.952E-01 6.811E-04 1.541E-03 1.721E+03 6.832E-01 5.614E+00 2.000E+00
1.339E+07 3.134E+02 2.586E-01 6.811E-04 2.760E-03 2.324E+03 7.423E-01 5.642E+00 2.000E+00
9.451E+06 2.919E+02 2.706E-01 6.811E-04 4.994E-03 2.581E+03 8.239E-01 5.693E+00 2.000E+00
5.135E+08 5.220E+02 2.204E-01 8.615E-04 7.850E-05 1.678E+03 6.000E-01 5.580E+00 2.000E+00
6.473E+07 5.744E+02 2.142E-01 8.615E-04 7.854E-05 1.604E+03 6.000E-01 5.580E+00 2.000E+00
1.069E+08 5.777E+02 2.138E-01 8.615E-04 7.861E-05 1.601E+03 6.000E-01 5.580E+00 2.000E+00
1.312E+09 5.853E+02 2.129E-01 8.615E-04 7.875E-05 1.661E+03 6.000E-01 5.580E+00 2.000E+00
7.960E+07 7.596E+02 1.952E-01 8.615E-04 7.900E-05 1.458E+03 6.000E-01 5.580E+00 2.000E+00
5.426E+07 7.602E+02 1.952E-01 8.615E-04 7.946E-05 1.458E+03 6.001E-01 5.580E+00 2.000E+00
4.047E+07 7.159E+02 1.993E-01 8.615E-04 8.031E-05 1.481E+03 6.001E-01 5.580E+00 2.000E+00
3.851E+07 6.220E+02 2.088E-01 8.615E-04 8.186E-05 1.553E+03 6.002E-01 5.580E+00 2.000E+00
6.539E+08 7.847E+02 1.930E-01 8.615E-04 8.471E-05 1.448E+03 6.004E-01 5.580E+00 2.000E+00
1.743E+07 9.484E+02 1.801E-01 8.615E-04 8.993E-05 1.413E+03 6.007E-01 5.580E+00 2.000E+00
8.332E+07 9.587E+02 1.793E-01 8.615E-04 9.949E-05 1.414E+03 6.013E-01 5.581E+00 2.000E+00
3.684E+09 9.374E+02 1.809E-01 8.615E-04 1.170E-04 1.417E+03 6.023E-01 5.581E+00 2.000E+00
3.399E+07 3.406E+02 2.459E-01 8.615E-04 1.492E-04 2.286E+03 6.042E-01 5.582E+00 2.000E+00
4.864E+07 8.418E+02 1.883E-01 8.615E-04 2.080E-04 1.441E+03 6.078E-01 5.583E+00 2.000E+00
1.153E+08 9.109E+02 1.830E-01 8.615E-04 3.160E-04 1.448E+03 6.142E-01 5.586E+00 2.000E+00
5.798E+07 8.906E+02 1.847E-01 8.615E-04 5.139E-04 1.488E+03 6.261E-01 5.590E+00 2.000E+00
6.250E+07 4.317E+02 2.341E-01 8.615E-04 8.766E-04 1.877E+03 6.478E-01 5.598E+00 2.000E+00
4.938E+07 4.522E+02 2.326E-01 8.615E-04 1.541E-03 1.987E+03 6.841E-01 5.614E+00 2.000E+00
3.904E+06 2.389E+02 2.728E-01 8.615E-04 2.760E-03 2.999E+03 7.432E-01 5.642E+00 2.000E+00
1.138E+08 2.203E+02 2.872E-01 8.615E-04 4.994E-03 2.977E+03 8.247E-01 5.693E+00 2.000E+00
1.975E+08 7.245E+02 1.985E-01 1.090E-03 7.850E-05 1.477E+03 6.011E-01 5.580E+00 2.000E+00
2.404E+07 7.159E+02 1.993E-01 1.090E-03 7.854E-05 1.483E+03 6.011E-01 5.580E+00 2.000E+00
4.407E+07 7.159E+02 1.993E-01 1.090E-03 7.861E-05 1.482E+03 6.012E-01 5.580E+00 2.000E+00
3.109E+08 7.199E+02 1.989E-01 1.090E-03 7.875E-05 1.480E+03 6.012E-01 5.580E+00 2.000E+00
4.134E+07 8.062E+02 1.912E-01 1.090E-03 7.900E-05 1.440E+03 6.012E-01 5.580E+00 2.000E+00
6.380E+08 8.078E+02 1.910E-01 1.090E-03 7.946E-05 1.440E+03 6.012E-01 5.580E+00 2.000E+00
1.697E+08 7.479E+02 1.963E-01 1.090E-03 8.031E-05 1.465E+03 6.013E-01 5.580E+00 2.000E+00
1.817E+07 5.589E+02 2.160E-01 1.090E-03 8.186E-05 1.625E+03 6.013E-01 5.580E+00 2.000E+00
1.205E+08 6.308E+02 2.079E-01 1.090E-03 8.471E-05 1.546E+03 6.015E-01 5.580E+00 2.000E+00
2.579E+08 9.484E+02 1.801E-01 1.090E-03 8.993E-05 1.441E+03 6.018E-01 5.580E+00 2.000E+00
6.748E+06 2.557E+02 2.585E-01 1.090E-03 9.949E-05 3.406E+03 6.024E-01 5.581E+00 2.000E+00
2.407E+07 6.783E+02 2.030E-01 1.090E-03 1.170E-04 1.509E+03 6.035E-01 5.581E+00 2.000E+00
1.934E+08 2.934E+02 2.531E-01 1.090E-03 1.492E-04 2.693E+03 6.054E-01 5.582E+00 2.000E+00
1.538E+08 4.202E+02 2.343E-01 1.090E-03 2.080E-04 1.913E+03 6.089E-01 5.583E+00 2.000E+00
3.699E+07 6.456E+02 2.066E-01 1.090E-03 3.160E-04 1.545E+03 6.154E-01 5.586E+00 2.000E+00
4.218E+08 7.746E+02 1.943E-01 1.090E-03 5.139E-04 1.535E+03 6.272E-01 5.590E+00 2.000E+00
1.290E+08 8.849E+02 1.855E-01 1.090E-03 8.766E-04 1.570E+03 6.490E-01 5.598E+00 2.000E+00
3.884E+07 6.346E+02 2.094E-01 1.090E-03 1.541E-03 1.674E+03 6.852E-01 5.614E+00 2.000E+00
6.882E+07 3.466E+02 2.526E-01 1.090E-03 2.760E-03 2.182E+03 7.442E-01 5.642E+00 2.000E+00
4.398E+07 2.147E+02 2.886E-01 1.090E-03 4.994E-03 3.045E+03 8.257E-01 5.693E+00 2.000E+00
2.430E+08 4.529E+02 2.294E-01 1.378E-03 7.850E-05 1.823E+03 6.026E-01 5.580E+00 2.000E+00
3.497E+07 2.712E+02 2.562E-01 1.378E-03 7.854E-05 3.050E+03 6.026E-01 5.580E+00 2.000E+00
4.032E+07 4.787E+02 2.260E-01 1.378E-03 7.861E-05 1.762E+03 6.026E-01 5.580E+00 2.000E+00
2.922E+07 3.217E+02 2.486E-01 1.378E-03 7.875E-05 2.415E+03 6.026E-01 5.580E+00 2.000E+00
5.336E+07 3.414E+02 2.456E-01 1.378E-03 7.900E-05 2.270E+03 6.026E-01 5.580E+00 2.000E+00
4.160E+07 6.868E+02 2.021E-01 1.378E-03 7.946E-05 1.502E+03 6.026E-01 5.580E+00 2.000E+00
1.273E+08 2.820E+02 2.546E-01 1.378E-03 8.031E-05 2.863E+03 6.027E-01 5.580E+00 2.000E+00
6.318E+08 9.215E+02 1.820E-01 1.378E-03 8.186E-05 1.423E+03 6.028E-01 5.580E+00 2.000E+00
2.075E+08 5.821E+02 2.133E-01 1.378E-03 8.471E-05 1.597E+03 6.030E-01 5.580E+00 2.000E+00
3.311E+07 4.594E+02 2.286E-01 1.378E-03 8.993E-05 1.804E+03 6.033E-01 5.580E+00 2.000E+00
2.914E+07 9.703E+02 1.785E-01 1.378E-03 9.949E-05 1.419E+03 6.038E-01 5.581E+00 2.000E+00
3.778E+07 8.205E+02 1.900E-01 1.378E-03 1.170E-04 1.441E+03 6.049E-01 5.581E+00 2.000E+00
4.374E+07 7.006E+02 2.008E-01 1.378E-03 1.492E-04 1.498E+03 6.068E-01 5.582E+00 2.000E+00
2.487E+08 7.015E+02 2.008E-01 1.378E-03 2.080E-04 1.501E+03 6.103E-01 5.583E+00 2.000E+00
2.262E+07 9.736E+02 1.785E-01 1.378E-03 3.160E-04 1.460E+03 6.168E-01 5.586E+00 2.000E+00
3.947E+08 8.182E+02 1.906E-01 1.378E-03 5.139E-04 1.488E+03 6.287E-01 5.590E+00 2.000E+00
1.535E+08 8.477E+02 1.884E-01 1.378E-03 8.766E-04 1.561E+03 6.504E-01 5.598E+00 2.000E+00
6.711E+06 2.509E+02 2.653E-01 1.378E-03 1.541E-03 3.053E+03 6.866E-01 5.614E+00 2.000E+00
4.278E+07 4.679E+02 2.328E-01 1.378E-03 2.760E-03 1.954E+03 7.456E-01 5.642E+00 2.000E+00
6.915E+06 2.475E+02 2.808E-01 1.378E-03 4.994E-03 2.762E+03 8.269E-01 5.693E+00 2.000E+00
1.228E+08 7.788E+02 1.935E-01 1.743E-03 7.850E-05 1.455E+03 6.044E-01 5.580E+00 2.000E+00
3.004E+07 5.980E+02 2.115E-01 1.743E-03 7.854E-05 1.581E+03 6.044E-01 5.580E+00 2.000E+00
1.196E+09 5.980E+02 2.115E-01 1.743E-03 7.861E-05 1.581E+03 6.044E-01 5.580E+00 2.000E+00
7.108E+07 8.883E+02 1.845E-01 1.743E-03 7.875E-05 1.425E+03 6.044E-01 5.580E+00 2.000E+00
6.048E+07 9.215E+02 1.820E-01 1.743E-03 7.900E-05 1.573E+03 6.044E-01 5.580E+00 2.000E+00
1.842E+07 6.413E+02 2.068E-01 1.743E-03 7.946E-05 1.539E+03 6.045E-01 5.580E+00 2.000E+00
3.251E+08 8.312E+02 1.891E-01 1.743E-03 8.031E-05 1.441E+03 6.045E-01 5.580E+00 2.000E+00
9.302E+07 5.821E+02 2.133E-01 1.743E-03 8.186E-05 1.598E+03 6.046E-01 5.580E+00 2.000E+00
9.702E+08 6.829E+02 2.025E-01 1.743E-03 8.471E-05 1.507E+03 6.048E-01 5.580E+00 2.000E+00
2.417E+07 6.307E+02 2.079E-01 1.743E-03 8.993E-05 1.549E+03 6.051E-01 5.580E+00 2.000E+00
1.495E+08 9.610E+02 1.792E-01 1.743E-03 9.949E-05 1.422E+03 6.057E-01 5.581E+00 2.000E+00
2.770E+07 9.785E+02 1.780E-01 1.743E-03 1.170E-04 1.426E+03 6.067E-01 5.581E+00 2.000E+00
4.565E+07 3.600E+02 2.430E-01 1.743E-03 1.492E-04 2.157E+03 6.086E-01 5.582E+00 2.000E+00
1.632E+09 7.188E+02 1.992E-01 1.743E-03 2.080E-04 1.493E+03 6.122E-01 5.583E+00 2.000E+00
2.413E+07 9.871E+02 1.775E-01 1.743E-03 3.160E-04 1.468E+03 6.186E-01 5.586E+00 2.000E+00
3.080E+07 9.862E+02 1.777E-01 1.743E-03 5.139E-04 1.523E+03 6.305E-01 5.590E+00 2.000E+00
3.924E+07 7.039E+02 2.014E-01 1.743E-03 8.766E-04 1.567E+03 6.522E-01 5.598E+00 2.000E+00
7.388E+07 4.383E+02 2.346E-01 1.743E-03 1.541E-03 1.892E+03 6.884E-01 5.614E+00 2.000E+00
7.533E+07 4.890E+02 2.297E-01 1.743E-03 2.760E-03 1.953E+03 7.473E-01 5.642E+00 2.000E+00
3.345E+06 2.717E+02 2.751E-01 1.743E-03 4.994E-03 2.657E+03 8.285E-01 5.693E+00 2.000E+00
2.880E+07 9.274E+02 1.816E-01 2.205E-03 7.850E-05 1.426E+03 6.067E-01 5.580E+00 2.000E+00
2.119E+07 3.771E+02 2.402E-01 2.205E-03 7.854E-05 2.078E+03 6.067E-01 5.580E+00 2.000E+00
3.447E+07 9.274E+02 1.816E-01 2.205E-03 7.861E-05 1.425E+03 6.067E-01 5.580E+00 2.000E+00
4.574E+07 9.274E+02 1.816E-01 2.205E-03 7.875E-05 1.424E+03 6.067E-01 5.580E+00 2.000E+00
7.781E+07 8.233E+02 1.897E-01 2.205E-03 7.900E-05 1.442E+03 6.067E-01 5.580E+00 2.000E+00
1.071E+08 8.543E+02 1.872E-01 2.205E-03 7.946E-05 1.434E+03 6.068E-01 5.580E+00 2.000E+00
1.709E+07 9.484E+02 1.801E-01 2.205E-03 8.031E-05 1.424E+03 6.068E-01 5.580E+00 2.000E+00
1.543E+08 9.484E+02 1.801E-01 2.205E-03 8.186E-05 1.430E+03 6.069E-01 5.580E+00 2.000E+00
5.771E+08 4.765E+02 2.263E-01 2.205E-03 8.471E-05 1.768E+03 6.071E-01 5.580E+00 2.000E+00
1.014E+10 2.985E+02 2.521E-01 2.205E-03 8.993E-05 2.642E+03 6.074E-01 5.580E+00 2.000E+00
4.864E+07 8.222E+02 1.898E-01 2.205E-03 9.949E-05 1.445E+03 6.080E-01 5.581E+00 2.000E+00
1.603E+10 3.113E+02 2.503E-01 2.205E-03 1.170E-04 2.941E+03 6.090E-01 5.581E+00 2.000E+00
5.034E+07 2.570E+02 2.585E-01 2.205E-03 1.492E-04 3.348E+03 6.110E-01 5.582E+00 2.000E+00
6.512E+07 9.620E+02 1.792E-01 2.205E-03 2.080E-04 1.446E+03 6.145E-01 5.583E+00 2.000E+00
7.746E+07 9.863E+02 1.776E-01 2.205E-03 3.160E-04 1.474E+03 6.209E-01 5.586E+00 2.000E+00
2.722E+09 9.862E+02 1.777E-01 2.205E-03 5.139E-04 1.532E+03 6.328E-01 5.590E+00 2.000E+00
7.129E+07 9.587E+02 1.799E-01 2.205E-03 8.766E-04 1.673E+03 6.545E-01 5.599E+00 2.000E+00
2.311E+07 3.002E+02 2.569E-01 2.205E-03 1.541E-03 2.465E+03 6.907E-01 5.614E+00 2.000E+00
1.517E+07 5.278E+02 2.243E-01 2.205E-03 2.760E-03 1.980E+03 7.495E-01 5.642E+00 2.000E+00
9.752E+06 2.521E+02 2.797E-01 2.205E-03 4.994E-03 2.751E+03 8.305E-01 5.693E+00 2.000E+00
1.525E+07 8.492E+02 1.876E-01 2.789E-03 7.850E-05 1.440E+03 6.096E-01 5.580E+00 2.000E+00
6.253E+07 3.351E+02 2.465E-01 2.789E-03 7.854E-05 2.316E+03 6.096E-01 5.580E+00 2.000E+00
1.822E+07 8.492E+02 1.876E-01 2.789E-03 7.861E-05 1.440E+03 6.096E-01 5.580E+00 2.000E+00
2.439E+07 8.492E+02 1.876E-01 2.789E-03 7.875E-05 1.440E+03 6.096E-01 5.580E+00 2.000E+00
9.596E+07 2.698E+02 2.564E-01 2.789E-03 7.900E-05 3.077E+03 6.097E-01 5.580E+00 2.000E+00
3.131E+08 8.536E+02 1.872E-01 2.789E-03 7.946E-05 1.439E+03 6.097E-01 5.580E+00 2.000E+00
2.892E+08 6.109E+02 2.101E-01 2.789E-03 8.031E-05 1.573E+03 6.097E-01 5.580E+00 2.000E+00
2.737E+07 5.170E+02 2.211E-01 2.789E-03 8.186E-05 1.693E+03 6.098E-01 5.580E+00 2.000E+00
2.591E+07 7.471E+02 1.964E-01 2.789E-03 8.471E-05 1.475E+03 6.100E-01 5.580E+00 2.000E+00
2.749E+07 5.512E+02 2.169E-01 2.789E-03 8.993E-05 1.642E+03 6.103E-01 5.580E+00 2.000E+00
4.113E+07 5.511E+02 2.169E-01 2.789E-03 9.949E-05 1.645E+03 6.109E-01 5.581E+00 2.000E+00
7.850E+07 4.792E+02 2.260E-01 2.789E-03 1.170E-04 1.764E+03 6.119E-01 5.581E+00 2.000E+00
8.381E+07 8.502E+02 1.876E-01 2.789E-03 1.492E-04 1.448E+03 6.139E-01 5.582E+00 2.000E+00
8.451E+07 2.503E+02 2.598E-01 2.789E-03 2.080E-04 3.517E+03 6.174E-01 5.583E+00 2.000E+00
3.895E+07 2.472E+02 2.607E-01 2.789E-03 3.160E-04 3.567E+03 6.239E-01 5.586E+00 2.000E+00
7.270E+07 4.958E+02 2.246E-01 2.789E-03 5.139E-04 1.741E+03 6.357E-01 5.590E+00 2.000E+00
5.342E+08 8.958E+02 1.846E-01 2.789E-03 8.766E-04 1.615E+03 6.574E-01 5.599E+00 2.000E+00
2.183E+07 6.746E+02 2.052E-01 2.789E-03 1.541E-03 1.697E+03 6.936E-01 5.614E+00 2.000E+00
1.433E+07 5.489E+02 2.215E-01 2.789E-03 2.760E-03 2.030E+03 7.523E-01 5.642E+00 2.000E+00
1.154E+07 2.762E+02 2.741E-01 2.789E-03 4.994E-03 2.675E+03 8.330E-01 5.693E+00 2.000E+00
6.090E+07 9.564E+02 1.795E-01 3.528E-03 7.850E-05 1.437E+03 6.133E-01 5.580E+00 2.000E+00
3.018E+08 3.410E+02 2.456E-01 3.528E-03 7.854E-05 2.278E+03 6.133E-01 5.580E+00 2.000E+00
6.763E+08 7.454E+02 1.965E-01 3.528E-03 7.861E-05 1.480E+03 6.133E-01 5.580E+00 2.000E+00
1.557E+07 7.348E+02 1.975E-01 3.528E-03 7.875E-05 1.485E+03 6.133E-01 5.580E+00 2.000E+00
1.337E+07 3.649E+02 2.420E-01 3.528E-03 7.900E-05 2.324E+03 6.134E-01 5.580E+00 2.000E+00
1.213E+08 7.389E+02 1.971E-01 3.528E-03 7.946E-05 1.483E+03 6.134E-01 5.580E+00 2.000E+00
3.271E+07 6.466E+02 2.062E-01 3.528E-03 8.031E-05 1.546E+03 6.134E-01 5.580E+00 2.000E+00
5.820E+08 3.596E+02 2.428E-01 3.528E-03 8.186E-05 2.167E+03 6.135E-01 5.580E+00 2.000E+00
5.476E+08 7.103E+02 1.998E-01 3.528E-03 8.471E-05 1.499E+03 6.137E-01 5.580E+00 2.000E+00
5.646E+07 2.984E+02 2.522E-01 3.528E-03 8.993E-05 2.645E+03 6.140E-01 5.580E+00 2.000E+00
2.927E+07 6.710E+02 2.037E-01 3.528E-03 9.949E-05 1.525E+03 6.146E-01 5.581E+00 2.000E+00
7.559E+08 4.507E+02 2.298E-01 3.528E-03 1.170E-04 1.833E+03 6.156E-01 5.581E+00 2.000E+00
8.061E+07 7.416E+02 1.970E-01 3.528E-03 1.492E-04 1.487E+03 6.176E-01 5.582E+00 2.000E+00
2.971E+07 8.992E+02 1.838E-01 3.528E-03 2.080E-04 1.458E+03 6.211E-01 5.583E+00 2.000E+00
3.634E+07 4.060E+02 2.366E-01 3.528E-03 3.160E-04 1.962E+03 6.276E-01 5.586E+00 2.000E+00
4.103E+07 5.776E+02 2.145E-01 3.528E-03 5.139E-04 1.631E+03 6.394E-01 5.590E+00 2.000E+00
3.465E+07 3.165E+02 2.520E-01 3.528E-03 8.766E-04 2.392E+03 6.611E-01 5.599E+00 2.000E+00
2.490E+07 6.612E+02 2.066E-01 3.528E-03 1.541E-03 1.707E+03 6.973E-01 5.614E+00 2.000E+00
3.316E+07 3.756E+02 2.475E-01 3.528E-03 2.760E-03 2.116E+03 7.558E-01 5.642E+00 2.000E+00
8.760E+06 2.730E+02 2.749E-01 3.528E-03 4.994E-03 2.711E+03 8.362E-01 5.693E+00 2.000E+00
1.795E+09 4.077E+02 2.358E-01 4.462E-03 7.850E-05 1.962E+03 6.180E-01 5.580E+00 2.000E+00
8.661E+07 9.703E+02 1.785E-01 4.462E-03 7.854E-05 1.451E+03 6.180E-01 5.580E+00 2.000E+00
6.596E+07 3.460E+02 2.449E-01 4.462E-03 7.861E-05 2.248E+03 6.180E-01 5.580E+00 2.000E+00
5.298E+08 7.507E+02 1.960E-01 4.462E-03 7.875E-05 1.483E+03 6.180E-01 5.580E+00 2.000E+00
1.810E+07 2.973E+02 2.523E-01 4.462E-03 7.900E-05 2.661E+03 6.180E-01 5.580E+00 2.000E+00
4.380E+07 9.610E+02 1.792E-01 4.462E-03 7.946E-05 1.448E+03 6.180E-01 5.580E+00 2.000E+00
2.795E+08 7.603E+02 1.952E-01 4.462E-03 8.031E-05 1.479E+03 6.181E-01 5.580E+00 2.000E+00
4.353E+08 9.880E+02 1.773E-01 4.462E-03 8.186E-05 1.463E+03 6.182E-01 5.580E+00 2.000E+00
9.109E+07 8.745E+02 1.856E-01 4.462E-03 8.471E-05 1.450E+03 6.184E-01 5.580E+00 2.000E+00
2.270E+08 9.664E+02 1.788E-01 4.462E-03 8.993E-05 1.451E+03 6.187E-01 5.581E+00 2.000E+00
1.270E+08 9.785E+02 1.780E-01 4.462E-03 9.949E-05 1.454E+03 6.192E-01 5.581E+00 2.000E+00
6.341E+07 5.899E+02 2.125E-01 4.462E-03 1.170E-04 1.602E+03 6.203E-01 5.581E+00 2.000E+00
1.987E+08 9.582E+02 1.794E-01 4.462E-03 1.492E-04 1.462E+03 6.222E-01 5.582E+00 2.000E+00
3.270E+08 5.574E+02 2.164E-01 4.462E-03 2.080E-04 1.645E+03 6.257E-01 5.583E+00 2.000E+00
3.233E+07 5.959E+02 2.121E-01 4.462E-03 3.160E-04 1.606E+03 6.322E-01 5.586E+00 2.000E+00
1.211E+07 3.857E+02 2.401E-01 4.462E-03 5.139E-04 2.036E+03 6.441E-01 5.590E+00 2.000E+00
6.756E+07 9.234E+02 1.825E-01 4.462E-03 8.766E-04 1.698E+03 6.657E-01 5.599E+00 2.000E+00
3.454E+07 6.228E+02 2.108E-01 4.462E-03 1.541E-03 1.719E+03 7.019E-01 5.614E+00 2.000E+00
1.815E+07 5.034E+02 2.277E-01 4.462E-03 2.760E-03 2.018E+03 7.603E-01 5.642E+00 2.000E+00
1.065E+07 2.329E+02 2.843E-01 4.462E-03 4.994E-03 2.921E+03 8.402E-01 5.693E+00 2.000E+00
4.928E+07 5.436E+02 2.178E-01 5.644E-03 7.850E-05 1.663E+03 6.239E-01 5.580E+00 2.000E+00
5.640E+07 7.786E+02 1.935E-01 5.644E-03 7.854E-05 1.480E+03 6.239E-01 5.580E+00 2.000E+00
4.465E+08 7.786E+02 1.935E-01 5.644E-03 7.861E-05 1.480E+03 6.239E-01 5.580E+00 2.000E+00
6.323E+07 8.641E+02 1.864E-01 5.644E-03 7.875E-05 1.461E+03 6.239E-01 5.580E+00 2.000E+00
8.067E+07 5.144E+02 2.214E-01 5.644E-03 7.900E-05 1.708E+03 6.239E-01 5.580E+00 2.000E+00
2.473E+07 3.949E+02 2.376E-01 5.644E-03 7.946E-05 2.012E+03 6.239E-01 5.580E+00 2.000E+00
2.312E+08 5.561E+02 2.163E-01 5.644E-03 8.031E-05 1.646E+03 6.240E-01 5.580E+00 2.000E+00
4.447E+07 9.789E+02 1.779E-01 5.644E-03 8.186E-05 1.466E+03 6.241E-01 5.580E+00 2.000E+00
2.989E+07 7.599E+02 1.952E-01 5.644E-03 8.471E-05 1.487E+03 6.243E-01 5.580E+00 2.000E+00
3.961E+07 9.785E+02 1.779E-01 5.644E-03 8.993E-05 1.470E+03 6.246E-01 5.581E+00 2.000E+00
1.662E+08 5.828E+02 2.132E-01 5.644E-03 9.949E-05 1.617E+03 6.251E-01 5.581E+00 2.000E+00
8.242E+07 3.801E+02 2.399E-01 5.644E-03 1.170E-04 2.072E+03 6.262E-01 5.581E+00 2.000E+00
6.808E+07 6.807E+02 2.028E-01 5.644E-03 1.492E-04 1.533E+03 6.281E-01 5.582E+00 2.000E+00
3.714E+07 9.788E+02 1.780E-01 5.644E-03 2.080E-04 1.497E+03 6.316E-01 5.583E+00 2.000E+00
8.768E+07 8.865E+02 1.849E-01 5.644E-03 3.160E-04 1.500E+03 6.381E-01 5.586E+00 2.000E+00
3.487E+07 8.435E+02 1.885E-01 5.644E-03 5.139E-04 1.535E+03 6.500E-01 5.590E+00 2.000E+00
2.042E+08 7.285E+02 1.990E-01 5.644E-03 8.766E-04 1.600E+03 6.716E-01 5.599E+00 2.000E+00
1.008E+08 5.739E+02 2.165E-01 5.644E-03 1.541E-03 1.747E+03 7.078E-01 5.614E+00 2.000E+00
1.347E+07 2.487E+02 2.710E-01 5.644E-03 2.760E-03 3.002E+03 7.659E-01 5.642E+00 2.000E+00
5.890E+06 2.569E+02 2.786E-01 5.644E-03 4.994E-03 2.809E+03 8.454E-01 5.693E+00 2.000E+00
8.948E+08 4.657E+02 2.277E-01 7.139E-03 7.850E-05 1.812E+03 6.314E-01 5.580E+00 2.000E+00
2.857E+07 9.785E+02 1.779E-01 7.139E-03 7.854E-05 1.486E+03 6.314E-01 5.580E+00 2.000E+00
5.180E+07 9.115E+02 1.828E-01 7.139E-03 7.861E-05 1.474E+03 6.314E-01 5.580E+00 2.000E+00
1.031E+08 9.115E+02 1.828E-01 7.139E-03 7.875E-05 1.474E+03 6.314E-01 5.580E+00 2.000E+00
7.015E+07 5.817E+02 2.133E-01 7.139E-03 7.900E-05 1.630E+03 6.314E-01 5.580E+00 2.000E+00
4.545E+07 9.785E+02 1.779E-01 7.139E-03 7.946E-05 1.488E+03 6.314E-01 5.580E+00 2.000E+00
1.153E+08 9.785E+02 1.779E-01 7.139E-03 8.031E-05 1.487E+03 6.315E-01 5.580E+00 2.000E+00
2.928E+07 7.785E+02 1.936E-01 7.139E-03 8.186E-05 1.494E+03 6.316E-01 5.580E+00 2.000E+00
1.843E+07 5.360E+02 2.188E-01 7.139E-03 8.471E-05 1.680E+03 6.317E-01 5.580E+00 2.000E+00
1.211E+08 6.421E+02 2.067E-01 7.139E-03 8.993E-05 1.564E+03 6.320E-01 5.581E+00 2.000E+00
4.573E+09 9.483E+02 1.801E-01 7.139E-03 9.949E-05 1.483E+03 6.326E-01 5.581E+00 2.000E+00
1.306E+08 5.735E+02 2.143E-01 7.139E-03 1.170E-04 1.632E+03 6.337E-01 5.581E+00 2.000E+00
5.865E+07 2.504E+02 2.596E-01 7.139E-03 1.492E-04 3.536E+03 6.356E-01 5.582E+00 2.000E+00
8.584E+07 6.612E+02 2.049E-01 7.139E-03 2.080E-04 1.559E+03 6.391E-01 5.583E+00 2.000E+00
2.729E+07 5.469E+02 2.178E-01 7.139E-03 3.160E-04 1.677E+03 6.456E-01 5.586E+00 2.000E+00
3.194E+07 6.818E+02 2.032E-01 7.139E-03 5.139E-04 1.577E+03 6.574E-01 5.590E+00 2.000E+00
4.351E+07 5.324E+02 2.205E-01 7.139E-03 8.766E-04 1.725E+03 6.790E-01 5.599E+00 2.000E+00
5.444E+07 4.292E+02 2.360E-01 7.139E-03 1.541E-03 1.936E+03 7.152E-01 5.614E+00 2.000E+00
9.831E+07 5.410E+02 2.226E-01 7.139E-03 2.760E-03 2.209E+03 7.730E-01 5.642E+00 2.000E+00
8.348E+07 2.256E+02 2.861E-01 7.139E-03 4.994E-03 3.036E+03 8.518E-01 5.693E+00 2.000E+00
2.836E+08 4.111E+02 2.353E-01 9.029E-03 7.850E-05 1.965E+03 6.408E-01 5.580E+00 2.000E+00
2.400E+07 4.073E+02 2.359E-01 9.029E-03 7.854E-05 1.977E+03 6.408E-01 5.580E+00 2.000E+00
9.848E+07 7.197E+02 1.989E-01 9.029E-03 7.861E-05 1.526E+03 6.408E-01 5.580E+00 2.000E+00
2.798E+09 3.015E+02 2.517E-01 9.029E-03 7.875E-05 2.622E+03 6.408E-01 5.580E+00 2.000E+00
9.600E+07 7.052E+02 2.003E-01 9.029E-03 7.900E-05 1.533E+03 6.408E-01 5.580E+00 2.000E+00
4.866E+07 7.154E+02 1.993E-01 9.029E-03 7.946E-05 1.529E+03 6.409E-01 5.580E+00 2.000E+00
3.631E+08 6.551E+02 2.053E-01 9.029E-03 8.031E-05 1.564E+03 6.409E-01 5.580E+00 2.000E+00
3.898E+08 9.151E+02 1.825E-01 9.029E-03 8.186E-05 1.498E+03 6.410E-01 5.580E+00 2.000E+00
6.668E+07 9.726E+02 1.784E-01 9.029E-03 8.471E-05 1.516E+03 6.412E-01 5.580E+00 2.000E+00
4.191E+07 6.558E+02 2.053E-01 9.029E-03 8.993E-05 1.564E+03 6.415E-01 5.581E+00 2.000E+00
7.064E+07 3.168E+02 2.495E-01 9.029E-03 9.949E-05 2.470E+03 6.421E-01 5.581E+00 2.000E+00
2.819E+08 8.645E+02 1.864E-01 9.029E-03 1.170E-04 1.500E+03 6.431E-01 5.581E+00 2.000E+00
1.589E+08 3.880E+02 2.388E-01 9.029E-03 1.492E-04 2.048E+03 6.450E-01 5.582E+00 2.000E+00
4.408E+07 8.060E+02 1.913E-01 9.029E-03 2.080E-04 1.517E+03 6.486E-01 5.583E+00 2.000E+00
1.430E+07 3.325E+02 2.477E-01 9.029E-03 3.160E-04 2.332E+03 6.550E-01 5.586E+00 2.000E+00
1.618E+07 9.101E+02 1.832E-01 9.029E-03 5.139E-04 1.630E+03 6.669E-01 5.590E+00 2.000E+00
2.187E+08 6.692E+02 2.049E-01 9.029E-03 8.766E-04 1.646E+03 6.883E-01 5.599E+00 2.000E+00
1.452E+08 5.391E+02 2.208E-01 9.029E-03 1.541E-03 1.809E+03 7.245E-01 5.614E+00 2.000E+00
4.779E+07 3.179E+02 2.579E-01 9.029E-03 2.760E-03 2.368E+03 7.819E-01 5.642E+00 2.000E+00
1.263E+07 2.133E+02 2.891E-01 9.029E-03 4.994E-03 3.194E+03 8.596E-01 5.693E+00 2.000E+00
2.322E+08 9.202E+02 1.821E-01 1.142E-02 7.850E-05 1.532E+03 6.527E-01 5.580E+00 2.000E+00
6.575E+08 9.202E+02 1.821E-01 1.142E-02 7.854E-05 1.534E+03 6.527E-01 5.580E+00 2.000E+00
2.136E+07 9.250E+02 1.818E-01 1.142E-02 7.861E-05 1.534E+03 6.527E-01 5.580E+00 2.000E+00
2.471E+07 9.250E+02 1.818E-01 1.142E-02 7.875E-05 1.534E+03 6.527E-01 5.580E+00 2.000E+00
2.426E+07 6.823E+02 2.026E-01 1.142E-02 7.900E-05 1.561E+03 6.528E-01 5.580E+00 2.000E+00
7.266E+07 3.109E+02 2.503E-01 1.142E-02 7.946E-05 2.535E+03 6.528E-01 5.580E+00 2.000E+00
1.994E+07 3.472E+02 2.448E-01 1.142E-02 8.031E-05 2.258E+03 6.528E-01 5.580E+00 2.000E+00
1.994E+07 8.086E+02 1.910E-01 1.142E-02 8.186E-05 1.520E+03 6.529E-01 5.580E+00 2.000E+00
4.676E+07 4.720E+02 2.269E-01 1.142E-02 8.471E-05 1.809E+03 6.531E-01 5.581E+00 2.000E+00
1.600E+07 4.523E+02 2.296E-01 1.142E-02 8.993E-05 1.854E+03 6.534E-01 5.581E+00 2.000E+00
1.709E+08 9.609E+02 1.792E-01 1.142E-02 9.949E-05 1.559E+03 6.540E-01 5.581E+00 2.000E+00
4.986E+07 5.207E+02 2.207E-01 1.142E-02 1.170E-04 1.722E+03 6.550E-01 5.581E+00 2.000E+00
6.360E+07 7.576E+02 1.955E-01 1.142E-02 1.492E-04 1.539E+03 6.570E-01 5.582E+00 2.000E+00
6.378E+07 9.143E+02 1.827E-01 1.142E-02 2.080E-04 1.585E+03 6.605E-01 5.583E+00 2.000E+00
2.608E+07 8.535E+02 1.875E-01 1.142E-02 3.160E-04 1.574E+03 6.670E-01 5.586E+00 2.000E+00
8.045E+07 5.312E+02 2.201E-01 1.142E-02 5.139E-04 1.728E+03 6.788E-01 5.590E+00 2.000E+00
1.126E+07 5.350E+02 2.202E-01 1.142E-02 8.766E-04 1.751E+03 7.002E-01 5.599E+00 2.000E+00
1.842E+08 6.302E+02 2.100E-01 1.142E-02 1.541E-03 1.844E+03 7.364E-01 5.614E+00 2.000E+00
7.742E+06 5.058E+02 2.274E-01 1.142E-02 2.760E-03 2.299E+03 7.933E-01 5.642E+00 2.000E+00
1.004E+07 2.438E+02 2.818E-01 1.142E-02 4.994E-03 3.039E+03 8.692E-01 5.693E+00 2.000E+00
5.479E+07 6.753E+02 2.033E-01 1.445E-02 7.850E-05 1.585E+03 6.679E-01 5.580E+00 2.000E+00
2.133E+08 6.753E+02 2.033E-01 1.445E-02 7.854E-05 1.585E+03 6.679E-01 5.580E+00 2.000E+00
5.111E+07 6.909E+02 2.017E-01 1.445E-02 7.861E-05 1.577E+03 6.679E-01 5.580E+00 2.000E+00
4.376E+07 6.821E+02 2.026E-01 1.445E-02 7.875E-05 1.581E+03 6.679E-01 5.580E+00 2.000E+00
6.471E+07 4.131E+02 2.351E-01 1.445E-02 7.900E-05 1.975E+03 6.679E-01 5.580E+00 2.000E+00
2.443E+08 5.835E+02 2.132E-01 1.445E-02 7.946E-05 1.655E+03 6.679E-01 5.580E+00 2.000E+00
2.132E+08 7.257E+02 1.984E-01 1.445E-02 8.031E-05 1.564E+03 6.680E-01 5.581E+00 2.000E+00
2.446E+08 8.400E+02 1.884E-01 1.445E-02 8.186E-05 1.555E+03 6.681E-01 5.581E+00 2.000E+00
5.609E+07 7.564E+02 1.955E-01 1.445E-02 8.471E-05 1.557E+03 6.682E-01 5.581E+00 2.000E+00
1.740E+08 6.790E+02 2.029E-01 1.445E-02 8.993E-05 1.584E+03 6.686E-01 5.581E+00 2.000E+00
5.048E+07 9.482E+02 1.801E-01 1.445E-02 9.949E-05 1.618E+03 6.691E-01 5.581E+00 2.000E+00
5.754E+07 4.108E+02 2.355E-01 1.445E-02 1.170E-04 1.983E+03 6.702E-01 5.581E+00 2.000E+00
9.460E+07 6.782E+02 2.031E-01 1.445E-02 1.492E-04 1.593E+03 6.721E-01 5.582E+00 2.000E+00
8.697E+07 4.055E+02 2.365E-01 1.445E-02 2.080E-04 2.001E+03 6.756E-01 5.583E+00 2.000E+00
1.778E+09 4.815E+02 2.261E-01 1.445E-02 3.160E-04 1.811E+03 6.821E-01 5.586E+00 2.000E+00
1.714E+07 4.948E+02 2.247E-01 1.445E-02 5.139E-04 1.797E+03 6.940E-01 5.590E+00 2.000E+00
5.296E+07 2.812E+02 2.578E-01 1.445E-02 8.766E-04 2.759E+03 7.152E-01 5.599E+00 2.000E+00
3.217E+09 6.561E+02 2.071E-01 1.445E-02 1.541E-03 1.982E+03 7.513E-01 5.614E+00 2.000E+00
1.167E+08 4.953E+02 2.288E-01 1.445E-02 2.760E-03 2.483E+03 8.077E-01 5.642E+00 2.000E+00
2.080E+07 2.195E+02 2.877E-01 1.445E-02 4.994E-03 3.272E+03 8.814E-01 5.693E+00 2.000E+00
3.485E+07 7.987E+02 1.918E-01 1.827E-02 7.850E-05 1.692E+03 6.869E-01 5.581E+00 2.000E+00
4.576E+07 7.987E+02 1.918E-01 1.827E-02 7.854E-05 1.598E+03 6.869E-01 5.581E+00 2.000E+00
1.422E+08 2.748E+02 2.559E-01 1.827E-02 7.861E-05 3.000E+03 6.869E-01 5.581E+00 2.000E+00
3.422E+07 8.200E+02 1.900E-01 1.827E-02 7.875E-05 1.603E+03 6.870E-01 5.581E+00 2.000E+00
6.474E+07 9.745E+02 1.782E-01 1.827E-02 7.900E-05 1.784E+03 6.870E-01 5.581E+00 2.000E+00
6.565E+07 6.699E+02 2.038E-01 1.827E-02 7.946E-05 1.616E+03 6.870E-01 5.581E+00 2.000E+00
1.113E+08 5.694E+02 2.148E-01 1.827E-02 8.031E-05 1.727E+03 6.871E-01 5.581E+00 2.000E+00
1.492E+08 5.133E+02 2.216E-01 1.827E-02 8.186E-05 1.763E+03 6.871E-01 5.581E+00 2.000E+00
3.939E+08 4.002E+02 2.370E-01 1.827E-02 8.471E-05 2.033E+03 6.873E-01 5.581E+00 2.000E+00
9.377E+07 5.966E+02 2.117E-01 1.827E-02 8.993E-05 1.665E+03 6.876E-01 5.581E+00 2.000E+00
1.758E+08 6.464E+02 2.063E-01 1.827E-02 9.949E-05 1.631E+03 6.882E-01 5.581E+00 2.000E+00
2.388E+07 4.185E+02 2.344E-01 1.827E-02 1.170E-04 2.073E+03 6.892E-01 5.581E+00 2.000E+00
2.409E+08 7.473E+02 1.964E-01 1.827E-02 1.492E-04 1.609E+03 6.912E-01 5.582E+00 2.000E+00
2.257E+07 7.874E+02 1.929E-01 1.827E-02 2.080E-04 1.628E+03 6.947E-01 5.584E+00 2.000E+00
7.717E+07 7.661E+02 1.949E-01 1.827E-02 3.160E-04 1.651E+03 7.012E-01 5.586E+00 2.000E+00
2.457E+07 3.715E+02 2.423E-01 1.827E-02 5.139E-04 2.144E+03 7.130E-01 5.591E+00 2.000E+00
5.431E+07 4.633E+02 2.297E-01 1.827E-02 8.766E-04 1.899E+03 7.341E-01 5.599E+00 2.000E+00
2.848E+07 5.281E+02 2.223E-01 1.827E-02 1.541E-03 1.936E+03 7.699E-01 5.614E+00 2.000E+00
1.195E+08 2.704E+02 2.670E-01 1.827E-02 2.760E-03 2.751E+03 8.258E-01 5.642E+00 2.000E+00
6.873E+06 2.633E+02 2.773E-01 1.827E-02 4.994E-03 3.596E+03 8.967E-01 5.693E+00 2.000E+00
3.389E+07 3.959E+02 2.376E-01 2.311E-02 7.850E-05 2.066E+03 7.111E-01 5.581E+00 2.000E+00
6.824E+10 3.959E+02 2.376E-01 2.311E-02 7.854E-05 2.066E+03 7.111E-01 5.581E+00 2.000E+00
7.539E+07 3.875E+02 2.388E-01 2.311E-02 7.861E-05 2.098E+03 7.111E-01 5.581E+00 2.000E+00
8.312E+07 8.778E+02 1.853E-01 2.311E-02 7.875E-05 1.772E+03 7.111E-01 5.581E+00 2.000E+00
2.759E+07 3.753E+02 2.406E-01 2.311E-02 7.900E-05 2.149E+03 7.111E-01 5.581E+00 2.000E+00
3.249E+08 6.998E+02 2.009E-01 2.311E-02 7.946E-05 1.652E+03 7.112E-01 5.581E+00 2.000E+00
1.416E+08 3.152E+02 2.498E-01 2.311E-02 8.031E-05 2.520E+03 7.112E-01 5.581E+00 2.000E+00
5.501E+07 4.444E+02 2.307E-01 2.311E-02 8.186E-05 1.920E+03 7.113E-01 5.581E+00 2.000E+00
4.566E+08 7.185E+02 1.991E-01 2.311E-02 8.471E-05 1.653E+03 7.115E-01 5.581E+00 2.000E+00
1.249E+08 7.911E+02 1.925E-01 2.311E-02 8.993E-05 1.675E+03 7.118E-01 5.581E+00 2.000E+00
3.657E+08 7.483E+02 1.963E-01 2.311E-02 9.949E-05 1.660E+03 7.124E-01 5.581E+00 2.000E+00
3.729E+07 4.510E+02 2.299E-01 2.311E-02 1.170E-04 1.906E+03 7.134E-01 5.582E+00 2.000E+00
2.001E+07 4.846E+02 2.254E-01 2.311E-02 1.492E-04 1.839E+03 7.153E-01 5.582E+00 2.000E+00
1.111E+07 3.801E+02 2.403E-01 2.311E-02 2.080E-04 2.128E+03 7.189E-01 5.584E+00 2.000E+00
4.341E+07 4.390E+02 2.320E-01 2.311E-02 3.160E-04 1.945E+03 7.253E-01 5.586E+00 2.000E+00
4.544E+07 3.355E+02 2.480E-01 2.311E-02 5.139E-04 2.348E+03 7.372E-01 5.591E+00 2.000E+00
4.152E+07 7.148E+02 2.003E-01 2.311E-02 8.766E-04 2.011E+03 7.581E-01 5.599E+00 2.000E+00
2.429E+07 5.129E+02 2.243E-01 2.311E-02 1.541E-03 2.050E+03 7.935E-01 5.614E+00 2.000E+00
1.253E+08 3.562E+02 2.510E-01 2.311E-02 2.760E-03 2.462E+03 8.488E-01 5.642E+00 2.000E+00
4.311E+06 2.421E+02 2.824E-01 2.311E-02 4.994E-03 3.894E+03 9.161E-01 5.693E+00 2.000E+00
5.107E+07 4.646E+02 2.280E-01 2.923E-02 7.850E-05 1.906E+03 7.417E-01 5.581E+00 2.000E+00
3.073E+07 4.569E+02 2.290E-01 2.923E-02 7.854E-05 1.922E+03 7.417E-01 5.581E+00 2.000E+00
1.278E+07 4.571E+02 2.290E-01 2.923E-02 7.861E-05 1.921E+03 7.417E-01 5.581E+00 2.000E+00
2.059E+07 7.617E+02 1.951E-01 2.923E-02 7.875E-05 1.778E+03 7.417E-01 5.581E+00 2.000E+00
2.314E+07 7.746E+02 1.939E-01 2.923E-02 7.900E-05 1.795E+03 7.417E-01 5.581E+00 2.000E+00
8.190E+08 6.902E+02 2.018E-01 2.923E-02 7.946E-05 1.732E+03 7.417E-01 5.581E+00 2.000E+00
9.776E+07 6.994E+02 2.009E-01 2.923E-02 8.031E-05 1.734E+03 7.418E-01 5.581E+00 2.000E+00
4.324E+07 7.877E+02 1.928E-01 2.923E-02 8.186E-05 1.818E+03 7.419E-01 5.581E+00 2.000E+00
2.078E+07 7.571E+02 1.955E-01 2.923E-02 8.471E-05 1.776E+03 7.420E-01 5.581E+00 2.000E+00
1.643E+07 3.992E+02 2.372E-01 2.923E-02 8.993E-05 2.080E+03 7.424E-01 5.581E+00 2.000E+00
3.548E+07 7.097E+02 1.999E-01 2.923E-02 9.949E-05 1.744E+03 7.429E-01 5.581E+00 2.000E+00
1.222E+08 6.629E+02 2.046E-01 2.923E-02 1.170E-04 1.738E+03 7.440E-01 5.582E+00 2.000E+00
3.349E+07 7.176E+02 1.992E-01 2.923E-02 1.492E-04 1.767E+03 7.459E-01 5.582E+00 2.000E+00
5.361E+08 8.080E+02 1.912E-01 2.923E-02 2.080E-04 1.989E+03 7.494E-01 5.584E+00 2.000E+00
3.142E+07 6.611E+02 2.051E-01 2.923E-02 3.160E-04 1.928E+03 7.559E-01 5.586E+00 2.000E+00
1.412E+07 2.175E+02 2.663E-01 2.923E-02 5.139E-04 4.840E+03 7.678E-01 5.591E+00 2.000E+00
4.726E+07 3.682E+02 2.439E-01 2.923E-02 8.766E-04 2.221E+03 7.884E-01 5.599E+00 2.000E+00
3.251E+07 3.516E+02 2.484E-01 2.923E-02 1.541E-03 2.330E+03 8.233E-01 5.614E+00 2.000E+00
8.590E+06 2.286E+02 2.753E-01 2.923E-02 2.760E-03 3.349E+03 8.768E-01 5.642E+00 2.000E+00
2.454E+07 2.137E+02 2.895E-01 2.923E-02 4.994E-03 4.269E+03 9.385E-01 5.694E+00 2.000E+00
5.572E+06 3.153E+02 2.499E-01 3.697E-02 7.850E-05 2.569E+03 7.803E-01 5.581E+00 2.000E+00
1.236E+09 6.795E+02 2.029E-01 3.697E-02 7.854E-05 1.872E+03 7.803E-01 5.581E+00 2.000E+00
4.968E+07 6.861E+02 2.023E-01 3.697E-02 7.861E-05 1.880E+03 7.803E-01 5.581E+00 2.000E+00
1.362E+09 5.561E+02 2.164E-01 3.697E-02 7.875E-05 1.846E+03 7.803E-01 5.581E+00 2.000E+00
1.793E+07 3.114E+02 2.505E-01 3.697E-02 7.900E-05 2.595E+03 7.804E-01 5.581E+00 2.000E+00
1.955E+07 5.760E+02 2.141E-01 3.697E-02 7.946E-05 1.837E+03 7.804E-01 5.581E+00 2.000E+00
1.660E+08 4.719E+02 2.270E-01 3.697E-02 8.031E-05 1.940E+03 7.804E-01 5.581E+00 2.000E+00
1.128E+08 7.567E+02 1.955E-01 3.697E-02 8.186E-05 2.085E+03 7.805E-01 5.581E+00 2.000E+00
6.016E+07 6.001E+02 2.113E-01 3.697E-02 8.471E-05 1.833E+03 7.807E-01 5.581E+00 2.000E+00
1.496E+07 3.862E+02 2.391E-01 3.697E-02 8.993E-05 2.163E+03 7.810E-01 5.581E+00 2.000E+00
3.096E+07 4.454E+02 2.307E-01 3.697E-02 9.949E-05 1.997E+03 7.816E-01 5.581E+00 2.000E+00
4.534E+07 2.830E+02 2.550E-01 3.697E-02 1.170E-04 2.902E+03 7.826E-01 5.582E+00 2.000E+00
1.585E+08 4.427E+02 2.312E-01 3.697E-02 1.492E-04 2.003E+03 7.846E-01 5.583E+00 2.000E+00
1.394E+07 5.702E+02 2.149E-01 3.697E-02 2.080E-04 1.868E+03 7.881E-01 5.584E+00 2.000E+00
5.423E+07 4.025E+02 2.373E-01 3.697E-02 3.160E-04 2.120E+03 7.946E-01 5.586E+00 2.000E+00
6.801E+07 5.517E+02 2.176E-01 3.697E-02 5.139E-04 1.954E+03 8.064E-01 5.591E+00 2.000E+00
1.202E+07 2.293E+02 2.665E-01 3.697E-02 8.766E-04 3.879E+03 8.267E-01 5.599E+00 2.000E+00
7.769E+07 3.264E+02 2.528E-01 3.697E-02 1.541E-03 2.512E+03 8.610E-01 5.615E+00 2.000E+00
2.782E+07 2.254E+02 2.761E-01 3.697E-02 2.760E-03 3.489E+03 9.122E-01 5.643E+00 2.000E+00
NAN NAN NAN 3.697E-02 4.994E-03 NAN 9.654E-01 5.694E+00 2.000E+00
2.466E+07 6.257E+02 2.085E-01 4.677E-02 7.850E-05 2.069E+03 8.293E-01 5.581E+00 2.000E+00
3.880E+07 6.257E+02 2.085E-01 4.677E-02 7.854E-05 2.065E+03 8.293E-01 5.581E+00 2.000E+00
1.320E+08 3.434E+02 2.457E-01 4.677E-02 7.861E-05 2.410E+03 8.293E-01 5.581E+00 2.000E+00
2.965E+07 6.036E+02 2.110E-01 4.677E-02 7.875E-05 2.019E+03 8.293E-01 5.581E+00 2.000E+00
1.293E+07 6.196E+02 2.092E-01 4.677E-02 7.900E-05 2.050E+03 8.293E-01 5.581E+00 2.000E+00
2.932E+07 4.406E+02 2.313E-01 4.677E-02 7.946E-05 2.073E+03 8.293E-01 5.581E+00 2.000E+00
4.562E+08 5.546E+02 2.166E-01 4.677E-02 8.031E-05 1.977E+03 8.294E-01 5.581E+00 2.000E+00
1.594E+08 4.896E+02 2.247E-01 4.677E-02 8.186E-05 2.002E+03 8.295E-01 5.581E+00 2.000E+00
1.624E+08 6.487E+02 2.061E-01 4.677E-02 8.471E-05 2.150E+03 8.296E-01 5.581E+00 2.000E+00
2.169E+08 6.122E+02 2.100E-01 4.677E-02 8.993E-05 2.042E+03 8.300E-01 5.581E+00 2.000E+00
1.642E+07 4.222E+02 2.340E-01 4.677E-02 9.949E-05 2.115E+03 8.305E-01 5.582E+00 2.000E+00
2.841E+07 5.034E+02 2.230E-01 4.677E-02 1.170E-04 1.998E+03 8.316E-01 5.582E+00 2.000E+00
1.562E+08 4.096E+02 2.359E-01 4.677E-02 1.492E-04 2.152E+03 8.335E-01 5.583E+00 2.000E+00
9.254E+06 2.342E+02 2.628E-01 4.677E-02 2.080E-04 4.051E+03 8.370E-01 5.584E+00 2.000E+00
8.354E+06 5.529E+02 2.172E-01 4.677E-02 3.160E-04 2.076E+03 8.435E-01 5.587E+00 2.000E+00
5.719E+07 4.007E+02 2.381E-01 4.677E-02 5.139E-04 2.228E+03 8.554E-01 5.591E+00 2.000E+00
2.883E+07 5.259E+02 2.215E-01 4.677E-02 8.766E-04 2.476E+03 8.752E-01 5.600E+00 2.000E+00
1.210E+07 2.063E+02 2.736E-01 4.677E-02 1.541E-03 4.496E+03 9.088E-01 5.615E+00 2.000E+00
3.376E+07 3.072E+02 2.603E-01 4.677E-02 2.760E-03 3.468E+03 9.556E-01 5.643E+00 2.000E+00
NAN NAN NAN 4.677E-02 4.994E-03 NAN 9.931E-01 5.694E+00 2.000E+00
2.532E+07 3.365E+02 2.468E-01 5.915E-02 7.850E-05 2.585E+03 8.911E-01 5.581E+00 3.000E+00
9.940E+07 3.365E+02 2.468E-01 5.915E-02 7.854E-05 2.522E+03 8.911E-01 5.581E+00 3.000E+00
3.273E+07 5.497E+02 2.172E-01 5.915E-02 7.861E-05 2.329E+03 8.911E-01 5.582E+00 3.000E+00
3.792E+08 3.014E+02 2.523E-01 5.915E-02 7.875E-05 2.782E+03 8.911E-01 5.582E+00 3.000E+00
6.227E+07 5.099E+02 2.222E-01 5.915E-02 7.900E-05 2.203E+03 8.911E-01 5.582E+00 3.000E+00
3.975E+07 5.655E+02 2.154E-01 5.915E-02 7.946E-05 2.403E+03 8.912E-01 5.582E+00 3.000E+00
3.612E+07 5.467E+02 2.176E-01 5.915E-02 8.031E-05 2.302E+03 8.912E-01 5.582E+00 3.000E+00
1.185E+09 3.764E+02 2.407E-01 5.915E-02 8.186E-05 2.343E+03 8.913E-01 5.582E+00 3.000E+00
3.831E+07 3.967E+02 2.377E-01 5.915E-02 8.471E-05 2.283E+03 8.915E-01 5.582E+00 3.000E+00
8.189E+07 5.170E+02 2.213E-01 5.915E-02 8.993E-05 2.222E+03 8.918E-01 5.582E+00 3.000E+00
1.051E+08 4.346E+02 2.323E-01 5.915E-02 9.949E-05 2.213E+03 8.924E-01 5.582E+00 3.000E+00
4.888E+07 3.902E+02 2.388E-01 5.915E-02 1.170E-04 2.305E+03 8.934E-01 5.582E+00 3.000E+00
2.363E+07 2.558E+02 2.596E-01 5.915E-02 1.492E-04 3.427E+03 8.953E-01 5.583E+00 3.000E+00
2.154E+07 5.422E+02 2.184E-01 5.915E-02 2.080E-04 2.432E+03 8.989E-01 5.584E+00 3.000E+00
5.604E+07 4.050E+02 2.371E-01 5.915E-02 3.160E-04 2.312E+03 9.053E-01 5.587E+00 3.000E+00
1.195E+07 3.671E+02 2.433E-01 5.915E-02 5.139E-04 2.444E+03 9.168E-01 5.591E+00 3.000E+00
2.276E+07 2.197E+02 2.684E-01 5.915E-02 8.766E-04 4.275E+03 9.365E-01 5.600E+00 3.000E+00
1.942E+07 2.552E+02 2.655E-01 5.915E-02 1.541E-03 3.308E+03 9.678E-01 5.615E+00 3.000E+00
8.989E+07 2.221E+02 2.772E-01 5.915E-02 2.760E-03 4.041E+03 1.000E+00 5.643E+00 3.000E+00
NAN NAN NAN 5.915E-02 4.994E-03 NAN 1.000E+00 5.694E+00 0.000E+00
2.711E+07 4.400E+02 2.316E-01 7.482E-02 7.850E-05 2.529E+03 9.693E-01 5.582E+00 3.000E+00
9.402E+07 4.423E+02 2.312E-01 7.482E-02 7.854E-05 2.536E+03 9.694E-01 5.582E+00 3.000E+00
2.189E+08 4.528E+02 2.298E-01 7.482E-02 7.861E-05 2.576E+03 9.694E-01 5.582E+00 3.000E+00
4.069E+07 4.530E+02 2.298E-01 7.482E-02 7.875E-05 2.660E+03 9.694E-01 5.582E+00 3.000E+00
2.545E+07 4.206E+02 2.343E-01 7.482E-02 7.900E-05 2.494E+03 9.694E-01 5.582E+00 3.000E+00
9.512E+06 2.281E+02 2.637E-01 7.482E-02 7.946E-05 4.384E+03 9.694E-01 5.582E+00 3.000E+00
4.401E+07 2.759E+02 2.565E-01 7.482E-02 8.031E-05 3.161E+03 9.695E-01 5.582E+00 3.000E+00
1.892E+08 2.581E+02 2.593E-01 7.482E-02 8.186E-05 3.453E+03 9.696E-01 5.582E+00 3.000E+00
6.630E+07 3.336E+02 2.474E-01 7.482E-02 8.471E-05 2.669E+03 9.697E-01 5.582E+00 3.000E+00
1.240E+07 4.381E+02 2.319E-01 7.482E-02 8.993E-05 2.534E+03 9.700E-01 5.582E+00 3.000E+00
4.807E+07 3.059E+02 2.518E-01 7.482E-02 9.949E-05 2.848E+03 9.706E-01 5.582E+00 3.000E+00
1.213E+08 3.717E+02 2.416E-01 7.482E-02 1.170E-04 2.548E+03 9.717E-01 5.583E+00 3.000E+00
1.286E+08 2.941E+02 2.539E-01 7.482E-02 1.492E-04 2.954E+03 9.736E-01 5.583E+00 3.000E+00
1.507E+07 3.592E+02 2.438E-01 7.482E-02 2.080E-04 2.602E+03 9.771E-01 5.585E+00 3.000E+00
5.273E+07 4.119E+02 2.361E-01 7.482E-02 3.160E-04 2.652E+03 9.836E-01 5.587E+00 3.000E+00
1.649E+07 3.450E+02 2.469E-01 7.482E-02 5.139E-04 2.745E+03 9.944E-01 5.592E+00 3.000E+00
1.216E+07 3.402E+02 2.488E-01 7.482E-02 8.766E-04 2.959E+03 1.000E+00 5.600E+00 3.000E+00
1.506E+07 2.962E+02 2.584E-01 7.482E-02 1.541E-03 3.546E+03 1.000E+00 5.615E+00 3.000E+00
8.420E+07 2.086E+02 2.803E-01 7.482E-02 2.760E-03 5.294E+03 1.000E+00 5.643E+00 0.000E+00
NAN NAN NAN 7.482E-02 4.994E-03 NAN 1.000E+00 5.695E+00 0.000E+00
1.527E+07 2.460E+02 2.614E-01 9.464E-02 7.850E-05 3.834E+03 1.000E+00 5.582E+00 3.000E+00
2.427E+07 2.460E+02 2.614E-01 9.464E-02 7.854E-05 3.835E+03 1.000E+00 5.582E+00 3.000E+00
4.696E+07 3.410E+02 2.464E-01 9.464E-02 7.861E-05 2.979E+03 1.000E+00 5.582E+00 3.000E+00
1.280E+07 3.353E+02 2.473E-01 9.464E-02 7.875E-05 2.983E+03 1.000E+00 5.582E+00 3.000E+00
7.155E+07 3.337E+02 2.476E-01 9.464E-02 7.900E-05 2.985E+03 1.000E+00 5.582E+00 3.000E+00
1.718E+07 2.632E+02 2.588E-01 9.464E-02 7.946E-05 3.502E+03 1.000E+00 5.582E+00 3.000E+00
4.617E+06 3.113E+02 2.511E-01 9.464E-02 8.031E-05 3.053E+03 1.000E+00 5.582E+00 3.000E+00
6.315E+06 2.756E+02 2.568E-01 9.464E-02 8.186E-05 3.334E+03 1.000E+00 5.582E+00 3.000E+00
8.581E+07 2.774E+02 2.566E-01 9.464E-02 8.471E-05 3.315E+03 1.000E+00 5.582E+00 3.000E+00
8.385E+06 3.823E+02 2.401E-01 9.464E-02 8.993E-05 3.203E+03 1.000E+00 5.583E+00 3.000E+00
1.089E+07 3.521E+02 2.448E-01 9.464E-02 9.949E-05 3.026E+03 1.000E+00 5.583E+00 3.000E+00
5.252E+07 3.180E+02 2.502E-01 9.464E-02 1.170E-04 3.042E+03 1.000E+00 5.583E+00 3.000E+00
2.326E+07 3.567E+02 2.442E-01 9.464E-02 1.492E-04 3.078E+03 1.000E+00 5.584E+00 3.000E+00
5.409E+07 3.740E+02 2.417E-01 9.464E-02 2.080E-04 3.376E+03 1.000E+00 5.585E+00 3.000E+00
7.145E+06 3.108E+02 2.520E-01 9.464E-02 3.160E-04 3.202E+03 1.000E+00 5.588E+00 3.000E+00
6.981E+07 2.932E+02 2.556E-01 9.464E-02 5.139E-04 3.349E+03 1.000E+00 5.592E+00 3.000E+00
7.469E+07 2.282E+02 2.678E-01 9.464E-02 8.766E-04 4.231E+03 1.000E+00 5.601E+00 0.000E+00
8.108E+06 2.103E+02 2.741E-01 9.464E-02 1.541E-03 4.860E+03 1.000E+00 5.616E+00 0.000E+00
NAN NAN NAN 9.464E-02 2.760E-03 NAN 1.000E+00 5.644E+00 0.000E+00
NAN NAN NAN 9.464E-02 4.994E-03 NAN 1.000E+00 5.695E+00 0.000E+00
7.922E+07 2.507E+02 2.611E-01 1.197E-01 7.850E-05 4.075E+03 1.000E+00 5.583E+00 0.000E+00
1.158E+07 2.776E+02 2.568E-01 1.197E-01 7.854E-05 3.868E+03 1.000E+00 5.583E+00 0.000E+00
1.029E+07 3.001E+02 2.532E-01 1.197E-01 7.861E-05 4.238E+03 1.000E+00 5.583E+00 0.000E+00
2.732E+07 2.460E+02 2.619E-01 1.197E-01 7.875E-05 4.161E+03 1.000E+00 5.583E+00 0.000E+00
5.826E+07 2.887E+02 2.550E-01 1.197E-01 7.900E-05 3.897E+03 1.000E+00 5.583E+00 0.000E+00
5.461E+06 2.347E+02 2.636E-01 1.197E-01 7.946E-05 4.417E+03 1.000E+00 5.583E+00 0.000E+00
3.355E+07 2.924E+02 2.545E-01 1.197E-01 8.031E-05 3.928E+03 1.000E+00 5.583E+00 0.000E+00
6.916E+07 3.080E+02 2.519E-01 1.197E-01 8.186E-05 4.250E+03 1.000E+00 5.583E+00 0.000E+00
1.954E+07 2.780E+02 2.568E-01 1.197E-01 8.471E-05 3.875E+03 1.000E+00 5.583E+00 0.000E+00
4.549E+08 2.532E+02 2.608E-01 1.197E-01 8.993E-05 4.051E+03 1.000E+00 5.583E+00 0.000E+00
2.384E+07 2.739E+02 2.575E-01 1.197E-01 9.949E-05 3.897E+03 1.000E+00 5.583E+00 0.000E+00
3.939E+07 2.505E+02 2.613E-01 1.197E-01 1.170E-04 4.097E+03 1.000E+00 5.584E+00 0.000E+00
1.013E+07 2.247E+02 2.654E-01 1.197E-01 1.492E-04 4.716E+03 1.000E+00 5.585E+00 0.000E+00
4.037E+07 2.110E+02 2.677E-01 1.197E-01 2.080E-04 5.347E+03 1.000E+00 5.586E+00 0.000E+00
6.803E+06 2.553E+02 2.614E-01 1.197E-01 3.160E-04 4.208E+03 1.000E+00 5.588E+00 0.000E+00
2.027E+07 2.096E+02 2.695E-01 1.197E-01 5.139E-04 5.312E+03 1.000E+00 5.593E+00 0.000E+00
2.000E+08 2.170E+02 2.702E-01 1.197E-01 8.766E-04 5.268E+03 1.000E+00 5.601E+00 0.000E+00
NAN NAN NAN 1.197E-01 1.541E-03 NAN 1.000E+00 5.616E+00 0.000E+00
NAN NAN NAN 1.197E-01 2.760E-03 NAN 1.000E+00 5.644E+00 0.000E+00
NAN NAN NAN 1.197E-01 4.994E-03 NAN 1.000E+00 5.696E+00 0.000E+00
4.280E+07 2.170E+02 2.670E-01 1.514E-01 7.850E-05 5.989E+03 1.000E+00 5.584E+00 0.000E+00
4.644E+06 2.228E+02 2.661E-01 1.514E-01 7.854E-05 5.950E+03 1.000E+00 5.584E+00 0.000E+00
3.374E+08 2.113E+02 2.678E-01 1.514E-01 7.861E-05 6.105E+03 1.000E+00 5.584E+00 0.000E+00
1.114E+08 2.247E+02 2.658E-01 1.514E-01 7.875E-05 5.961E+03 1.000E+00 5.584E+00 0.000E+00
4.763E+07 2.181E+02 2.668E-01 1.514E-01 7.900E-05 5.959E+03 1.000E+00 5.584E+00 0.000E+00
3.049E+08 2.115E+02 2.678E-01 1.514E-01 7.946E-05 6.100E+03 1.000E+00 5.584E+00 0.000E+00
8.443E+06 2.119E+02 2.677E-01 1.514E-01 8.031E-05 6.090E+03 1.000E+00 5.584E+00 0.000E+00
5.442E+07 2.138E+02 2.675E-01 1.514E-01 8.186E-05 6.552E+03 1.000E+00 5.584E+00 0.000E+00
1.657E+07 2.213E+02 2.663E-01 1.514E-01 8.471E-05 5.960E+03 1.000E+00 5.584E+00 0.000E+00
1.397E+07 2.187E+02 2.668E-01 1.514E-01 8.993E-05 5.983E+03 1.000E+00 5.584E+00 0.000E+00
1.132E+07 2.130E+02 2.677E-01 1.514E-01 9.949E-05 6.128E+03 1.000E+00 5.584E+00 0.000E+00
1.111E+08 2.180E+02 2.670E-01 1.514E-01 1.170E-04 6.063E+03 1.000E+00 5.584E+00 0.000E+00
6.331E+06 2.149E+02 2.676E-01 1.514E-01 1.492E-04 6.175E+03 1.000E+00 5.585E+00 0.000E+00
2.124E+07 2.090E+02 2.688E-01 1.514E-01 2.080E-04 6.415E+03 1.000E+00 5.587E+00 0.000E+00
4.425E+06 2.017E+02 2.705E-01 1.514E-01 3.160E-04 6.863E+03 1.000E+00 5.589E+00 0.000E+00
NAN NAN NAN 1.514E-01 5.139E-04 NAN 1.000E+00 5.594E+00 0.000E+00
NAN NAN NAN 1.514E-01 8.766E-04 NAN 1.000E+00 5.602E+00 0.000E+00
NAN NAN NAN 1.514E-01 1.541E-03 NAN 1.000E+00 5.617E+00 0.000E+00
NAN NAN NAN 1.514E-01 2.760E-03 NAN 1.000E+00 5.645E+00 0.000E+00
NAN NAN NAN 1.514E-01 4.994E-03 NAN 1.000E+00 5.696E+00 0.000E+00
NAN NAN NAN 1.915E-01 7.850E-05 NAN 1.000E+00 5.585E+00 0.000E+00
NAN NAN NAN 1.915E-01 7.854E-05 NAN 1.000E+00 5.585E+00 0.000E+00
NAN NAN NAN 1.915E-01 7.861E-05 NAN 1.000E+00 5.585E+00 0.000E+00
NAN NAN NAN 1.915E-01 7.875E-05 NAN 1.000E+00 5.585E+00 0.000E+00
NAN NAN NAN 1.915E-01 7.900E-05 NAN 1.000E+00 5.585E+00 0.000E+00
NAN NAN NAN 1.915E-01 7.946E-05 NAN 1.000E+00 5.585E+00 0.000E+00
NAN NAN NAN 1.915E-01 8.031E-05 NAN 1.000E+00 5.585E+00 0.000E+00
NAN NAN NAN 1.915E-01 8.186E-05 NAN 1.000E+00 5.585E+00 0.000E+00
NAN NAN NAN 1.915E-01 8.471E-05 NAN 1.000E+00 5.585E+00 0.000E+00
NAN NAN NAN 1.915E-01 8.993E-05 NAN 1.000E+00 5.585E+00 0.000E+00
NAN NAN NAN 1.915E-01 9.949E-05 NAN 1.000E+00 5.585E+00 0.000E+00
NAN NAN NAN 1.915E-01 1.170E-04 NAN 1.000E+00 5.585E+00 0.000E+00
NAN NAN NAN 1.915E-01 1.492E-04 NAN 1.000E+00 5.586E+00 0.000E+00
NAN NAN NAN 1.915E-01 2.080E-04 NAN 1.000E+00 5.588E+00 0.000E+00
NAN NAN NAN 1.915E-01 3.160E-04 NAN 1.000E+00 5.590E+00 0.000E+00
NAN NAN NAN 1.915E-01 5.139E-04 NAN 1.000E+00 5.595E+00 0.000E+00
NAN NAN NAN 1.915E-01 8.766E-04 NAN 1.000E+00 5.603E+00 0.000E+00
NAN NAN NAN 1.915E-01 1.541E-03 NAN 1.000E+00 5.618E+00 0.000E+00
NAN NAN NAN 1.915E-01 2.760E-03 NAN 1.000E+00 5.646E+00 0.000E+00
NAN NAN NAN 1.915E-01 4.994E-03 NAN 1.000E+00 5.697E+00 0.000E+00
NAN NAN NAN 2.422E-01 7.850E-05 NAN 1.000E+00 5.586E+00 3.000E+00
NAN NAN NAN 2.422E-01 7.854E-05 NAN 1.000E+00 5.586E+00 3.000E+00
NAN NAN NAN 2.422E-01 7.861E-05 NAN 1.000E+00 5.586E+00 3.000E+00
NAN NAN NAN 2.422E-01 7.875E-05 NAN 1.000E+00 5.586E+00 3.000E+00
NAN NAN NAN 2.422E-01 7.900E-05 NAN 1.000E+00 5.586E+00 3.000E+00
NAN NAN NAN 2.422E-01 7.946E-05 NAN 1.000E+00 5.586E+00 3.000E+00
NAN NAN NAN 2.422E-01 8.031E-05 NAN 1.000E+00 5.586E+00 3.000E+00
NAN NAN NAN 2.422E-01 8.186E-05 NAN 1.000E+00 5.586E+00 3.000E+00
NAN NAN NAN 2.422E-01 8.471E-05 NAN 1.000E+00 5.586E+00 3.000E+00
NAN NAN NAN 2.422E-01 8.993E-05 NAN 1.000E+00 5.586E+00 3.000E+00
NAN NAN NAN 2.422E-01 9.949E-05 NAN 1.000E+00 5.586E+00 3.000E+00
NAN NAN NAN 2.422E-01 1.170E-04 NAN 1.000E+00 5.587E+00 3.000E+00
NAN NAN NAN 2.422E-01 1.492E-04 NAN 1.000E+00 5.587E+00 3.000E+00
NAN NAN NAN 2.422E-01 2.080E-04 NAN 1.000E+00 5.589E+00 3.000E+00
NAN NAN NAN 2.422E-01 3.160E-04 NAN 1.000E+00 5.591E+00 3.000E+00
NAN NAN NAN 2.422E-01 5.139E-04 NAN 1.000E+00 5.596E+00 0.000E+00
NAN NAN NAN 2.422E-01 8.766E-04 NAN 1.000E+00 5.604E+00 0.000E+00
NAN NAN NAN 2.422E-01 1.541E-03 NAN 1.000E+00 5.619E+00 0.000E+00
NAN NAN NAN 2.422E-01 2.760E-03 NAN 1.000E+00 5.647E+00 0.000E+00
NAN NAN NAN 2.422E-01 4.994E-03 NAN 1.000E+00 5.698E+00 0.000E+00
NAN NAN NAN 3.064E-01 7.850E-05 NAN 1.000E+00 5.587E+00 3.000E+00
NAN NAN NAN 3.064E-01 7.854E-05 NAN 1.000E+00 5.587E+00 3.000E+00
NAN NAN NAN 3.064E-01 7.861E-05 NAN 1.000E+00 5.587E+00 3.000E+00
NAN NAN NAN 3.064E-01 7.875E-05 NAN 1.000E+00 5.587E+00 3.000E+00
NAN NAN NAN 3.064E-01 7.900E-05 NAN 1.000E+00 5.587E+00 3.000E+00
NAN NAN NAN 3.064E-01 7.946E-05 NAN 1.000E+00 5.587E+00 3.000E+00
NAN NAN NAN 3.064E-01 8.031E-05 NAN 1.000E+00 5.587E+00 3.000E+00
NAN NAN NAN 3.064E-01 8.186E-05 NAN 1.000E+00 5.587E+00 3.000E+00
NAN NAN NAN 3.064E-01 8.471E-05 NAN 1.000E+00 5.587E+00 3.000E+00
NAN NAN NAN 3.064E-01 8.993E-05 NAN 1.000E+00 5.587E+00 3.000E+00
NAN NAN NAN 3.064E-01 9.949E-05 NAN 1.000E+00 5.588E+00 3.000E+00
NAN NAN NAN 3.064E-01 1.170E-04 NAN 1.000E+00 5.588E+00 3.000E+00
NAN NAN NAN 3.064E-01 1.492E-04 NAN 1.000E+00 5.589E+00 3.000E+00
NAN NAN NAN 3.064E-01 2.080E-04 NAN 1.000E+00 5.590E+00 3.000E+00
NAN NAN NAN 3.064E-01 3.160E-04 NAN 1.000E+00 5.593E+00 3.000E+00
NAN NAN NAN 3.064E-01 5.139E-04 NAN 1.000E+00 5.597E+00 3.000E+00
NAN NAN NAN 3.064E-01 8.766E-04 NAN 1.000E+00 5.605E+00 3.000E+00
NAN NAN NAN 3.064E-01 1.541E-03 NAN 1.000E+00 5.621E+00 3.000E+00
NAN NAN NAN 3.064E-01 2.760E-03 NAN 1.000E+00 5.649E+00 0.000E+00
NAN NAN NAN 3.064E-01 4.994E-03 NAN 1.000E+00 5.700E+00 0.000E+00
NAN NAN NAN 3.875E-01 7.850E-05 NAN 1.000E+00 5.589E+00 3.000E+00
NAN NAN NAN 3.875E-01 7.854E-05 NAN 1.000E+00 5.589E+00 3.000E+00
NAN NAN NAN 3.875E-01 7.861E-05 NAN 1.000E+00 5.589E+00 3.000E+00
NAN NAN NAN 3.875E-01 7.875E-05 NAN 1.000E+00 5.589E+00 3.000E+00
NAN NAN NAN 3.875E-01 7.900E-05 NAN 1.000E+00 5.589E+00 3.000E+00
NAN NAN NAN 3.875E-01 7.946E-05 NAN 1.000E+00 5.589E+00 3.000E+00
NAN NAN NAN 3.875E-01 8.031E-05 NAN 1.000E+00 5.589E+00 3.000E+00
NAN NAN NAN 3.875E-01 8.186E-05 NAN 1.000E+00 5.589E+00 3.000E+00
NAN NAN NAN 3.875E-01 8.471E-05 NAN 1.000E+00 5.589E+00 3.000E+00
NAN NAN NAN 3.875E-01 8.993E-05 NAN 1.000E+00 5.589E+00 3.000E+00
NAN NAN NAN 3.875E-01 9.949E-05 NAN 1.000E+00 5.590E+00 3.000E+00
NAN NAN NAN 3.875E-01 1.170E-04 NAN 1.000E+00 5.590E+00 3.000E+00
NAN NAN NAN 3.875E-01 1.492E-04 NAN 1.000E+00 5.591E+00 3.000E+00
NAN NAN NAN 3.875E-01 2.080E-04 NAN 1.000E+00 5.592E+00 3.000E+00
NAN NAN NAN 3.875E-01 3.160E-04 NAN 1.000E+00 5.594E+00 3.000E+00
NAN NAN NAN 3.875E-01 5.139E-04 NAN 1.000E+00 5.599E+00 3.000E+00
NAN NAN NAN 3.875E-01 8.766E-04 NAN 1.000E+00 5.607E+00 3.000E+00
NAN NAN NAN 3.875E-01 1.541E-03 NAN 1.000E+00 5.623E+00 3.000E+00
NAN NAN NAN 3.875E-01 2.760E-03 NAN 1.000E+00 5.651E+00 3.000E+00
NAN NAN NAN 3.875E-01 4.994E-03 NAN 1.000E+00 5.702E+00 3.000E+00
NAN NAN NAN 4.902E-01 7.850E-05 NAN 1.000E+00 5.591E+00 3.000E+00
NAN NAN NAN 4.902E-01 7.854E-05 NAN 1.000E+00 5.591E+00 3.000E+00
NAN NAN NAN 4.902E-01 7.861E-05 NAN 1.000E+00 5.591E+00 3.000E+00
NAN NAN NAN 4.902E-01 7.875E-05 NAN 1.000E+00 5.591E+00 3.000E+00
NAN NAN NAN 4.902E-01 7.900E-05 NAN 1.000E+00 5.591E+00 3.000E+00
NAN NAN NAN 4.902E-01 7.946E-05 NAN 1.000E+00 5.591E+00 3.000E+00
NAN NAN NAN 4.902E-01 8.031E-05 NAN 1.000E+00 5.591E+00 3.000E+00
NAN NAN NAN 4.902E-01 8.186E-05 NAN 1.000E+00 5.591E+00 3.000E+00
NAN NAN NAN 4.902E-01 8.471E-05 NAN 1.000E+00 5.592E+00 3.000E+00
NAN NAN NAN 4.902E-01 8.993E-05 NAN 1.000E+00 5.592E+00 3.000E+00
NAN NAN NAN 4.902E-01 9.949E-05 NAN 1.000E+00 5.592E+00 3.000E+00
NAN NAN NAN 4.902E-01 1.170E-04 NAN 1.000E+00 5.592E+00 3.000E+00
NAN NAN NAN 4.902E-01 1.492E-04 NAN 1.000E+00 5.593E+00 3.000E+00
NAN NAN NAN 4.902E-01 2.080E-04 NAN 1.000E+00 5.594E+00 3.000E+00
NAN NAN NAN 4.902E-01 3.160E-04 NAN 1.000E+00 5.597E+00 3.000E+00
NAN NAN NAN 4.902E-01 5.139E-04 NAN 1.000E+00 5.601E+00 3.000E+00
NAN NAN NAN 4.902E-01 8.766E-04 NAN 1.000E+00 5.610E+00 3.000E+00
NAN NAN NAN 4.902E-01 1.541E-03 NAN 1.000E+00 5.625E+00 3.000E+00
NAN NAN NAN 4.902E-01 2.760E-03 NAN 1.000E+00 5.653E+00 3.000E+00
NAN NAN NAN 4.902E-01 4.994E-03 NAN 1.000E+00 5.704E+00 3.000E+00
NAN NAN NAN 6.200E-01 7.850E-05 NAN 1.000E+00 5.594E+00 3.000E+00
NAN NAN NAN 6.200E-01 7.854E-05 NAN 1.000E+00 5.594E+00 3.000E+00
NAN NAN NAN 6.200E-01 7.861E-05 NAN 1.000E+00 5.594E+00 3.000E+00
NAN NAN NAN 6.200E-01 7.875E-05 NAN 1.000E+00 5.594E+00 3.000E+00
NAN NAN NAN 6.200E-01 7.900E-05 NAN 1.000E+00 5.594E+00 3.000E+00
NAN NAN NAN 6.200E-01 7.946E-05 NAN 1.000E+00 5.594E+00 3.000E+00
NAN NAN NAN 6.200E-01 8.031E-05 NAN 1.000E+00 5.594E+00 3.000E+00
NAN NAN NAN 6.200E-01 8.186E-05 NAN 1.000E+00 5.594E+00 3.000E+00
NAN NAN NAN 6.200E-01 8.471E-05 NAN 1.000E+00 5.595E+00 3.000E+00
NAN NAN NAN 6.200E-01 8.993E-05 NAN 1.000E+00 5.595E+00 3.000E+00
NAN NAN NAN 6.200E-01 9.949E-05 NAN 1.000E+00 5.595E+00 3.000E+00
NAN NAN NAN 6.200E-01 1.170E-04 NAN 1.000E+00 5.595E+00 3.000E+00
NAN NAN NAN 6.200E-01 1.492E-04 NAN 1.000E+00 5.596E+00 3.000E+00
NAN NAN NAN 6.200E-01 2.080E-04 NAN 1.000E+00 5.597E+00 3.000E+00
NAN NAN NAN 6.200E-01 3.160E-04 NAN 1.000E+00 5.600E+00 3.000E+00
NAN NAN NAN 6.200E-01 5.139E-04 NAN 1.000E+00 5.604E+00 3.000E+00
NAN NAN NAN 6.200E-01 8.766E-04 NAN 1.000E+00 5.613E+00 3.000E+00
NAN NAN NAN 6.200E-01 1.541E-03 NAN 1.000E+00 5.628E+00 3.000E+00
NAN NAN NAN 6.200E-01 2.760E-03 NAN 1.000E+00 5.656E+00 3.000E+00
NAN NAN NAN 6.200E-01 4.994E-03 NAN 1.000E+00 5.707E+00 3.000E+00
NAN NAN NAN 7.842E-01 7.850E-05 NAN 1.000E+00 5.598E+00 3.000E+00
NAN NAN NAN 7.842E-01 7.854E-05 NAN 1.000E+00 5.598E+00 3.000E+00
NAN NAN NAN 7.842E-01 7.861E-05 NAN 1.000E+00 5.598E+00 3.000E+00
NAN NAN NAN 7.842E-01 7.875E-05 NAN 1.000E+00 5.598E+00 3.000E+00
NAN NAN NAN 7.842E-01 7.900E-05 NAN 1.000E+00 5.598E+00 3.000E+00
NAN NAN NAN 7.842E-01 7.946E-05 NAN 1.000E+00 5.598E+00 3.000E+00
NAN NAN NAN 7.842E-01 8.031E-05 NAN 1.000E+00 5.598E+00 3.000E+00
NAN NAN NAN 7.842E-01 8.186E-05 NAN 1.000E+00 5.598E+00 3.000E+00
NAN NAN NAN 7.842E-01 8.471E-05 NAN 1.000E+00 5.598E+00 3.000E+00
NAN NAN NAN 7.842E-01 8.993E-05 NAN 1.000E+00 5.598E+00 3.000E+00
NAN NAN NAN 7.842E-01 9.949E-05 NAN 1.000E+00 5.599E+00 3.000E+00
NAN NAN NAN 7.842E-01 1.170E-04 NAN 1.000E+00 5.599E+00 3.000E+00
NAN NAN NAN 7.842E-01 1.492E-04 NAN 1.000E+00 5.600E+00 3.000E+00
NAN NAN NAN 7.842E-01 2.080E-04 NAN 1.000E+00 5.601E+00 3.000E+00
NAN NAN NAN 7.842E-01 3.160E-04 NAN 1.000E+00 5.604E+00 3.000E+00
NAN NAN NAN 7.842E-01 5.139E-04 NAN 1.000E+00 5.608E+00 3.000E+00
NAN NAN NAN 7.842E-01 8.766E-04 NAN 1.000E+00 5.616E+00 3.000E+00
NAN NAN NAN 7.842E-01 1.541E-03 NAN 1.000E+00 5.632E+00 3.000E+00
NAN NAN NAN 7.842E-01 2.760E-03 NAN 1.000E+00 5.660E+00 3.000E+00
NAN NAN NAN 7.842E-01 4.994E-03 NAN 1.000E+00 5.711E+00 3.000E+00
NAN NAN NAN 9.919E-01 7.850E-05 NAN 1.000E+00 5.603E+00 3.000E+00
NAN NAN NAN 9.919E-01 7.854E-05 NAN 1.000E+00 5.603E+00 3.000E+00
NAN NAN NAN 9.919E-01 7.861E-05 NAN 1.000E+00 5.603E+00 3.000E+00
NAN NAN NAN 9.919E-01 7.875E-05 NAN 1.000E+00 5.603E+00 3.000E+00
NAN NAN NAN 9.919E-01 7.900E-05 NAN 1.000E+00 5.603E+00 3.000E+00
NAN NAN NAN 9.919E-01 7.946E-05 NAN 1.000E+00 5.603E+00 3.000E+00
NAN NAN NAN 9.919E-01 8.031E-05 NAN 1.000E+00 5.603E+00 3.000E+00
NAN NAN NAN 9.919E-01 8.186E-05 NAN 1.000E+00 5.603E+00 3.000E+00
NAN NAN NAN 9.919E-01 8.471E-05 NAN 1.000E+00 5.603E+00 3.000E+00
NAN NAN NAN 9.919E-01 8.993E-05 NAN 1.000E+00 5.603E+00 3.000E+00
NAN NAN NAN 9.919E-01 9.949E-05 NAN 1.000E+00 5.603E+00 3.000E+00
NAN NAN NAN 9.919E-01 1.170E-04 NAN 1.000E+00 5.604E+00 3.000E+00
NAN NAN NAN 9.919E-01 1.492E-04 NAN 1.000E+00 5.605E+00 3.000E+00
NAN NAN NAN 9.919E-01 2.080E-04 NAN 1.000E+00 5.606E+00 3.000E+00
NAN NAN NAN 9.919E-01 3.160E-04 NAN 1.000E+00 5.608E+00 3.000E+00
NAN NAN NAN 9.919E-01 5.139E-04 NAN 1.000E+00 5.613E+00 3.000E+00
NAN NAN NAN 9.919E-01 8.766E-04 NAN 1.000E+00 5.621E+00 3.000E+00
NAN NAN NAN 9.919E-01 1.541E-03 NAN 1.000E+00 5.656E+00 3.000E+00
NAN NAN NAN 9.919E-01 2.760E-03 NAN 1.000E+00 5.738E+00 3.000E+00
NAN NAN NAN 9.919E-01 4.994E-03 NAN 1.000E+00 5.894E+00 3.000E+00
NAN NAN NAN 1.255E+00 7.850E-05 NAN 1.000E+00 6.877E+00 3.000E+00
NAN NAN NAN 1.255E+00 7.854E-05 NAN 1.000E+00 6.877E+00 3.000E+00
NAN NAN NAN 1.255E+00 7.861E-05 NAN 1.000E+00 6.877E+00 3.000E+00
NAN NAN NAN 1.255E+00 7.875E-05 NAN 1.000E+00 6.877E+00 3.000E+00
NAN NAN NAN 1.255E+00 7.900E-05 NAN 1.000E+00 6.877E+00 3.000E+00
NAN NAN NAN 1.255E+00 7.946E-05 NAN 1.000E+00 6.877E+00 3.000E+00
NAN NAN NAN 1.255E+00 8.031E-05 NAN 1.000E+00 6.877E+00 3.000E+00
NAN NAN NAN 1.255E+00 8.186E-05 NAN 1.000E+00 6.877E+00 3.000E+00
NAN NAN NAN 1.255E+00 8.471E-05 NAN 1.000E+00 6.878E+00 3.000E+00
NAN NAN NAN 1.255E+00 8.993E-05 NAN 1.000E+00 6.878E+00 3.000E+00
NAN NAN NAN 1.255E+00 9.949E-05 NAN 1.000E+00 6.879E+00 3.000E+00
NAN NAN NAN 1.255E+00 1.170E-04 NAN 1.000E+00 6.880E+00 3.000E+00
NAN NAN NAN 1.255E+00 1.492E-04 NAN 1.000E+00 6.882E+00 3.000E+00
NAN NAN NAN 1.255E+00 2.080E-04 NAN 1.000E+00 6.886E+00 3.000E+00
NAN NAN NAN 1.255E+00 3.160E-04 NAN 1.000E+00 6.893E+00 3.000E+00
NAN NAN NAN 1.255E+00 5.139E-04 NAN 1.000E+00 6.906E+00 3.000E+00
NAN NAN NAN 1.255E+00 8.766E-04 NAN 1.000E+00 6.929E+00 3.000E+00
NAN NAN NAN 1.255E+00 1.541E-03 NAN 1.000E+00 6.972E+00 3.000E+00
NAN NAN NAN 1.255E+00 2.760E-03 NAN 1.000E+00 7.052E+00 3.000E+00
NAN NAN NAN 1.255E+00 4.994E-03 NAN 1.000E+00 7.208E+00 3.000E+00
NAN NAN NAN 1.587E+00 7.850E-05 NAN 1.000E+00 8.539E+00 3.000E+00
NAN NAN NAN 1.587E+00 7.854E-05 NAN 1.000E+00 8.539E+00 3.000E+00
NAN NAN NAN 1.587E+00 7.861E-05 NAN 1.000E+00 8.539E+00 3.000E+00
NAN NAN NAN 1.587E+00 7.875E-05 NAN 1.000E+00 8.539E+00 3.000E+00
NAN NAN NAN 1.587E+00 7.900E-05 NAN 1.000E+00 8.539E+00 3.000E+00
NAN NAN NAN 1.587E+00 7.946E-05 NAN 1.000E+00 8.539E+00 3.000E+00
NAN NAN NAN 1.587E+00 8.031E-05 NAN 1.000E+00 8.539E+00 3.000E+00
NAN NAN NAN 1.587E+00 8.186E-05 NAN 1.000E+00 8.539E+00 3.000E+00
NAN NAN NAN 1.587E+00 8.471E-05 NAN 1.000E+00 8.539E+00 3.000E+00
NAN NAN NAN 1.587E+00 8.993E-05 NAN 1.000E+00 8.540E+00 3.000E+00
NAN NAN NAN 1.587E+00 9.949E-05 NAN 1.000E+00 8.540E+00 3.000E+00
NAN NAN NAN 1.587E+00 1.170E-04 NAN 1.000E+00 8.541E+00 3.000E+00
NAN NAN NAN 1.587E+00 1.492E-04 NAN 1.000E+00 8.544E+00 3.000E+00
NAN NAN NAN 1.587E+00 2.080E-04 NAN 1.000E+00 8.547E+00 3.000E+00
NAN NAN NAN 1.587E+00 3.160E-04 NAN 1.000E+00 8.554E+00 3.000E+00
NAN NAN NAN 1.587E+00 5.139E-04 NAN 1.000E+00 8.567E+00 3.000E+00
NAN NAN NAN 1.587E+00 8.766E-04 NAN 1.000E+00 8.591E+00 3.000E+00
NAN NAN NAN 1.587E+00 1.541E-03 NAN 1.000E+00 8.634E+00 3.000E+00
NAN NAN NAN 1.587E+00 2.760E-03 NAN 1.000E+00 8.713E+00 3.000E+00
NAN NAN NAN 1.587E+00 4.994E-03 NAN 1.000E+00 8.865E+00 3.000E+00
NAN NAN NAN 2.007E+00 7.850E-05 NAN 1.000E+00 1.064E+01 3.000E+00
NAN NAN NAN 2.007E+00 7.854E-05 NAN 1.000E+00 1.064E+01 3.000E+00
NAN NAN NAN 2.007E+00 7.861E-05 NAN 1.000E+00 1.064E+01 3.000E+00
NAN NAN NAN 2.007E+00 7.875E-05 NAN 1.000E+00 1.064E+01 3.000E+00
NAN NAN NAN 2.007E+00 7.900E-05 NAN 1.000E+00 1.064E+01 3.000E+00
NAN NAN NAN 2.007E+00 7.946E-05 NAN 1.000E+00 1.064E+01 3.000E+00
NAN NAN NAN 2.007E+00 8.031E-05 NAN 1.000E+00 1.064E+01 3.000E+00
NAN NAN NAN 2.007E+00 8.186E-05 NAN 1.000E+00 1.064E+01 3.000E+00
NAN NAN NAN 2.007E+00 8.471E-05 NAN 1.000E+00 1.064E+01 3.000E+00
NAN NAN NAN 2.007E+00 8.993E-05 NAN 1.000E+00 1.064E+01 3.000E+00
NAN NAN NAN 2.007E+00 9.949E-05 NAN 1.000E+00 1.064E+01 3.000E+00
NAN NAN NAN 2.007E+00 1.170E-04 NAN 1.000E+00 1.064E+01 3.000E+00
NAN NAN NAN 2.007E+00 1.492E-04 NAN 1.000E+00 1.065E+01 3.000E+00
NAN NAN NAN 2.007E+00 2.080E-04 NAN 1.000E+00 1.065E+01 3.000E+00
NAN NAN NAN 2.007E+00 3.160E-04 NAN 1.000E+00 1.066E+01 3.000E+00
NAN NAN NAN 2.007E+00 5.139E-04 NAN 1.000E+00 1.067E+01 3.000E+00
NAN NAN NAN 2.007E+00 8.766E-04 NAN 1.000E+00 1.069E+01 3.000E+00
NAN NAN NAN 2.007E+00 1.541E-03 NAN 1.000E+00 1.074E+01 3.000E+00
NAN NAN NAN 2.007E+00 2.760E-03 NAN 1.000E+00 1.082E+01 3.000E+00
NAN NAN NAN 2.007E+00 4.994E-03 NAN 1.000E+00 1.096E+01 3.000E+00
NAN NAN NAN 2.539E+00 7.850E-05 NAN 1.000E+00 1.330E+01 3.000E+00
NAN NAN NAN 2.539E+00 7.854E-05 NAN 1.000E+00 1.330E+01 3.000E+00
NAN NAN NAN 2.539E+00 7.861E-05 NAN 1.000E+00 1.330E+01 3.000E+00
NAN NAN NAN 2.539E+00 7.875E-05 NAN 1.000E+00 1.330E+01 3.000E+00
NAN NAN NAN 2.539E+00 7.900E-05 NAN 1.000E+00 1.330E+01 3.000E+00
NAN NAN NAN 2.539E+00 7.946E-05 NAN 1.000E+00 1.330E+01 3.000E+00
NAN NAN NAN 2.539E+00 8.031E-05 NAN 1.000E+00 1.330E+01 3.000E+00
NAN NAN NAN 2.539E+00 8.186E-05 NAN 1.000E+00 1.330E+01 3.000E+00
NAN NAN NAN 2.539E+00 8.471E-05 NAN 1.000E+00 1.330E+01 3.000E+00
NAN NAN NAN 2.539E+00 8.993E-05 NAN 1.000E+00 1.330E+01 3.000E+00
NAN NAN NAN 2.539E+00 9.949E-05 NAN 1.000E+00 1.331E+01 3.000E+00
NAN NAN NAN 2.539E+00 1.170E-04 NAN 1.000E+00 1.331E+01 3.000E+00
NAN NAN NAN 2.539E+00 1.492E-04 NAN 1.000E+00 1.331E+01 3.000E+00
NAN NAN NAN 2.539E+00 2.080E-04 NAN 1.000E+00 1.331E+01 3.000E+00
NAN NAN NAN 2.539E+00 3.160E-04 NAN 1.000E+00 1.332E+01 3.000E+00
NAN NAN NAN 2.539E+00 5.139E-04 NAN 1.000E+00 1.333E+01 3.000E+00
NAN NAN NAN 2.539E+00 8.766E-04 NAN 1.000E+00 1.336E+01 3.000E+00
NAN NAN NAN 2.539E+00 1.541E-03 NAN 1.000E+00 1.340E+01 3.000E+00
NAN NAN NAN 2.539E+00 2.760E-03 NAN 1.000E+00 1.348E+01 3.000E+00
NAN NAN NAN 2.539E+00 4.994E-03 NAN 1.000E+00 1.362E+01 3.000E+00
NAN NAN NAN 3.211E+00 7.850E-05 NAN 1.000E+00 1.667E+01 3.000E+00
NAN NAN NAN 3.211E+00 7.854E-05 NAN 1.000E+00 1.667E+01 3.000E+00
NAN NAN NAN 3.211E+00 7.861E-05 NAN 1.000E+00 1.667E+01 3.000E+00
NAN NAN NAN 3.211E+00 7.875E-05 NAN 1.000E+00 1.667E+01 3.000E+00
NAN NAN NAN 3.211E+00 7.900E-05 NAN 1.000E+00 1.667E+01 3.000E+00
NAN NAN NAN 3.211E+00 7.946E-05 NAN 1.000E+00 1.667E+01 3.000E+00
NAN NAN NAN 3.211E+00 8.031E-05 NAN 1.000E+00 1.667E+01 3.000E+00
NAN NAN NAN 3.211E+00 8.186E-05 NAN 1.000E+00 1.667E+01 3.000E+00
NAN NAN NAN 3.211E+00 8.471E-05 NAN 1.000E+00 1.667E+01 3.000E+00
NAN NAN NAN 3.211E+00 8.993E-05 NAN 1.000E+00 1.667E+01 3.000E+00
NAN NAN NAN 3.211E+00 9.949E-05 NAN 1.000E+00 1.667E+01 3.000E+00
NAN NAN NAN 3.211E+00 1.170E-04 NAN 1.000E+00 1.667E+01 3.000E+00
NAN NAN NAN 3.211E+00 1.492E-04 NAN 1.000E+00 1.667E+01 3.000E+00
NAN NAN NAN 3.211E+00 2.080E-04 NAN 1.000E+00 1.668E+01 3.000E+00
NAN NAN NAN 3.211E+00 3.160E-04 NAN 1.000E+00 1.668E+01 3.000E+00
NAN NAN NAN 3.211E+00 5.139E-04 NAN 1.000E+00 1.670E+01 3.000E+00
NAN NAN NAN 3.211E+00 8.766E-04 NAN 1.000E+00 1.672E+01 3.000E+00
NAN NAN NAN 3.211E+00 1.541E-03 NAN 1.000E+00 1.676E+01 3.000E+00
NAN NAN NAN 3.211E+00 2.760E-03 NAN 1.000E+00 1.684E+01 3.000E+00
NAN NAN NAN 3.211E+00 4.994E-03 NAN 1.000E+00 1.699E+01 3.000E+00
NAN NAN NAN 4.062E+00 7.850E-05 NAN 1.000E+00 2.093E+01 3.000E+00
NAN NAN NAN 4.062E+00 7.854E-05 NAN 1.000E+00 2.093E+01 3.000E+00
NAN NAN NAN 4.062E+00 7.861E-05 NAN 1.000E+00 2.093E+01 3.000E+00
NAN NAN NAN 4.062E+00 7.875E-05 NAN 1.000E+00 2.093E+01 3.000E+00
NAN NAN NAN 4.062E+00 7.900E-05 NAN 1.000E+00 2.093E+01 3.000E+00
NAN NAN NAN 4.062E+00 7.946E-05 NAN 1.000E+00 2.093E+01 3.000E+00
NAN NAN NAN 4.062E+00 8.031E-05 NAN 1.000E+00 2.093E+01 3.000E+00
NAN NAN NAN 4.062E+00 8.186E-05 NAN 1.000E+00 2.093E+01 3.000E+00
NAN NAN NAN 4.062E+00 8.471E-05 NAN 1.000E+00 2.093E+01 3.000E+00
NAN NAN NAN 4.062E+00 8.993E-05 NAN 1.000E+00 2.093E+01 3.000E+00
NAN NAN NAN 4.062E+00 9.949E-05 NAN 1.000E+00 2.093E+01 3.000E+00
NAN NAN NAN 4.062E+00 1.170E-04 NAN 1.000E+00 2.093E+01 3.000E+00
NAN NAN NAN 4.062E+00 1.492E-04 NAN 1.000E+00 2.093E+01 3.000E+00
NAN NAN NAN 4.062E+00 2.080E-04 NAN 1.000E+00 2.094E+01 3.000E+00
NAN NAN NAN 4.062E+00 3.160E-04 NAN 1.000E+00 2.094E+01 3.000E+00
NAN NAN NAN 4.062E+00 5.139E-04 NAN 1.000E+00 2.096E+01 3.000E+00
NAN NAN NAN 4.062E+00 8.766E-04 NAN 1.000E+00 2.098E+01 3.000E+00
NAN NAN NAN 4.062E+00 1.541E-03 NAN 1.000E+00 2.102E+01 3.000E+00
NAN NAN NAN 4.062E+00 2.760E-03 NAN 1.000E+00 2.110E+01 3.000E+00
NAN NAN NAN 4.062E+00 4.994E-03 NAN 1.000E+00 2.125E+01 3.000E+00
NAN NAN NAN 5.138E+00 7.850E-05 NAN 1.000E+00 2.631E+01 3.000E+00
NAN NAN NAN 5.138E+00 7.854E-05 NAN 1.000E+00 2.631E+01 3.000E+00
NAN NAN NAN 5.138E+00 7.861E-05 NAN 1.000E+00 2.631E+01 3.000E+00
NAN NAN NAN 5.138E+00 7.875E-05 NAN 1.000E+00 2.631E+01 3.000E+00
NAN NAN NAN 5.138E+00 7.900E-05 NAN 1.000E+00 2.631E+01 3.000E+00
NAN NAN NAN 5.138E+00 7.946E-05 NAN 1.000E+00 2.631E+01 3.000E+00
NAN NAN NAN 5.138E+00 8.031E-05 NAN 1.000E+00 2.631E+01 3.000E+00
NAN NAN NAN 5.138E+00 8.186E-05 NAN 1.000E+00 2.631E+01 3.000E+00
NAN NAN NAN 5.138E+00 8.471E-05 NAN 1.000E+00 2.631E+01 3.000E+00
NAN NAN NAN 5.138E+00 8.993E-05 NAN 1.000E+00 2.631E+01 3.000E+00
NAN NAN NAN 5.138E+00 9.949E-05 NAN 1.000E+00 2.631E+01 3.000E+00
NAN NAN NAN 5.138E+00 1.170E-04 NAN 1.000E+00 2.631E+01 3.000E+00
NAN NAN NAN 5.138E+00 1.492E-04 NAN 1.000E+00 2.632E+01 3.000E+00
NAN NAN NAN 5.138E+00 2.080E-04 NAN 1.000E+00 2.632E+01 3.000E+00
NAN NAN NAN 5.138E+00 3.160E-04 NAN 1.000E+00 2.633E+01 3.000E+00
NAN NAN NAN 5.138E+00 5.139E-04 NAN 1.000E+00 2.634E+01 3.000E+00
NAN NAN NAN 5.138E+00 8.766E-04 NAN 1.000E+00 2.636E+01 3.000E+00
NAN NAN NAN 5.138E+00 1.541E-03 NAN 1.000E+00 2.641E+01 3.000E+00
NAN NAN NAN 5.138E+00 2.760E-03 NAN 1.000E+00 2.649E+01 3.000E+00
NAN NAN NAN 5.138E+00 4.994E-03 NAN 1.000E+00 2.663E+01 3.000E+00
