1.991E+08 5.830E+02 1.068E-01 5.137E-05 3.937E-05 1.782E+03 4.575E-01 2.797E+00 2.000E+00
1.939E+09 5.740E+02 1.074E-01 5.137E-05 3.941E-05 1.785E+03 4.575E-01 2.797E+00 2.000E+00
2.023E+08 3.408E+02 1.231E-01 5.137E-05 3.948E-05 2.345E+03 4.575E-01 2.797E+00 2.000E+00
4.755E+08 5.002E+02 1.119E-01 5.137E-05 3.962E-05 1.846E+03 4.575E-01 2.797E+00 2.000E+00
1.765E+07 6.305E+02 1.042E-01 5.137E-05 3.987E-05 1.788E+03 4.575E-01 2.797E+00 2.000E+00
7.822E+07 7.119E+02 1.001E-01 5.137E-05 4.033E-05 1.914E+03 4.576E-01 2.797E+00 2.000E+00
2.620E+08 6.737E+02 1.020E-01 5.137E-05 4.118E-05 1.827E+03 4.576E-01 2.797E+00 2.000E+00
2.088E+08 3.586E+02 1.218E-01 5.137E-05 4.273E-05 2.244E+03 4.578E-01 2.797E+00 2.000E+00
4.309E+07 4.724E+02 1.137E-01 5.137E-05 4.558E-05 1.890E+03 4.580E-01 2.797E+00 2.000E+00
6.325E+07 3.839E+02 1.199E-01 5.137E-05 5.080E-05 2.129E+03 4.585E-01 2.797E+00 2.000E+00
6.686E+07 6.629E+02 1.025E-01 5.137E-05 6.036E-05 1.832E+03 4.593E-01 2.797E+00 2.000E+00
6.590E+07 6.958E+02 1.009E-01 5.137E-05 7.789E-05 1.935E+03 4.608E-01 2.798E+00 2.000E+00
1.192E+08 3.454E+02 1.230E-01 5.137E-05 1.100E-04 2.314E+03 4.636E-01 2.798E+00 2.000E+00
4.606E+08 4.735E+02 1.139E-01 5.137E-05 1.689E-04 1.914E+03 4.686E-01 2.800E+00 2.000E+00
6.813E+07 3.073E+02 1.265E-01 5.137E-05 2.769E-04 2.573E+03 4.779E-01 2.802E+00 2.000E+00
1.179E+08 3.389E+02 1.246E-01 5.137E-05 4.747E-04 2.353E+03 4.949E-01 2.807E+00 2.000E+00
6.176E+07 3.515E+02 1.246E-01 5.137E-05 8.375E-04 2.364E+03 5.251E-01 2.815E+00 2.000E+00
5.366E+06 3.270E+02 1.287E-01 5.137E-05 1.502E-03 3.184E+03 5.781E-01 2.830E+00 2.000E+00
NAN NAN NAN 5.137E-05 2.721E-03 NAN 6.654E-01 2.858E+00 2.000E+00
NAN NAN NAN 5.137E-05 4.955E-03 NAN 7.865E-01 2.909E+00 2.000E+00
5.217E+08 3.408E+02 1.231E-01 6.498E-05 3.937E-05 2.346E+03 4.576E-01 2.797E+00 2.000E+00
1.972E+08 2.876E+02 1.272E-01 6.498E-05 3.941E-05 2.839E+03 4.576E-01 2.797E+00 2.000E+00
5.409E+07 4.984E+02 1.120E-01 6.498E-05 3.948E-05 1.849E+03 4.576E-01 2.797E+00 2.000E+00
3.075E+07 5.799E+02 1.070E-01 6.498E-05 3.962E-05 1.783E+03 4.576E-01 2.797E+00 2.000E+00
3.708E+07 6.305E+02 1.042E-01 6.498E-05 3.987E-05 1.787E+03 4.576E-01 2.797E+00 2.000E+00
3.289E+07 7.196E+02 9.970E-02 6.498E-05 4.033E-05 1.942E+03 4.576E-01 2.797E+00 2.000E+00
4.698E+08 3.449E+02 1.228E-01 6.498E-05 4.118E-05 2.320E+03 4.577E-01 2.797E+00 2.000E+00
1.390E+08 5.744E+02 1.073E-01 6.498E-05 4.273E-05 1.786E+03 4.578E-01 2.797E+00 2.000E+00
5.083E+07 4.724E+02 1.137E-01 6.498E-05 4.558E-05 1.890E+03 4.581E-01 2.797E+00 2.000E+00
4.411E+07 3.767E+02 1.205E-01 6.498E-05 5.080E-05 2.158E+03 4.585E-01 2.797E+00 2.000E+00
3.149E+08 6.401E+02 1.037E-01 6.498E-05 6.036E-05 1.808E+03 4.594E-01 2.797E+00 2.000E+00
1.771E+08 3.165E+02 1.251E-01 6.498E-05 7.789E-05 2.520E+03 4.609E-01 2.798E+00 2.000E+00
3.853E+07 5.367E+02 1.097E-01 6.498E-05 1.100E-04 1.835E+03 4.636E-01 2.798E+00 2.000E+00
2.386E+07 4.432E+02 1.159E-01 6.498E-05 1.689E-04 1.967E+03 4.687E-01 2.800E+00 2.000E+00
2.718E+07 3.661E+02 1.219E-01 6.498E-05 2.769E-04 2.212E+03 4.780E-01 2.802E+00 2.000E+00
2.275E+07 2.987E+02 1.279E-01 6.498E-05 4.747E-04 2.627E+03 4.950E-01 2.807E+00 2.000E+00
2.854E+09 3.563E+02 1.242E-01 6.498E-05 8.375E-04 2.351E+03 5.251E-01 2.815E+00 2.000E+00
2.205E+07 2.399E+02 1.372E-01 6.498E-05 1.502E-03 3.242E+03 5.782E-01 2.830E+00 2.000E+00
NAN NAN NAN 6.498E-05 2.721E-03 NAN 6.655E-01 2.858E+00 2.000E+00
NAN NAN NAN 6.498E-05 4.955E-03 NAN 7.865E-01 2.909E+00 2.000E+00
1.664E+08 4.984E+02 1.120E-01 8.219E-05 3.937E-05 1.849E+03 4.576E-01 2.797E+00 2.000E+00
3.281E+07 5.909E+02 1.064E-01 8.219E-05 3.941E-05 1.781E+03 4.576E-01 2.797E+00 2.000E+00
2.945E+07 5.799E+02 1.070E-01 8.219E-05 3.948E-05 1.783E+03 4.576E-01 2.797E+00 2.000E+00
2.874E+08 6.423E+02 1.036E-01 8.219E-05 3.962E-05 1.794E+03 4.577E-01 2.797E+00 2.000E+00
5.442E+07 3.951E+02 1.191E-01 8.219E-05 3.987E-05 2.086E+03 4.577E-01 2.797E+00 2.000E+00
1.585E+07 2.816E+02 1.276E-01 8.219E-05 4.033E-05 2.929E+03 4.577E-01 2.797E+00 2.000E+00
3.634E+07 6.485E+02 1.033E-01 8.219E-05 4.118E-05 1.800E+03 4.578E-01 2.797E+00 2.000E+00
7.697E+07 5.690E+02 1.077E-01 8.219E-05 4.273E-05 1.789E+03 4.579E-01 2.797E+00 2.000E+00
2.172E+08 4.291E+02 1.167E-01 8.219E-05 4.558E-05 1.983E+03 4.582E-01 2.797E+00 2.000E+00
8.047E+07 7.055E+02 1.004E-01 8.219E-05 5.080E-05 1.913E+03 4.586E-01 2.797E+00 2.000E+00
8.680E+07 6.432E+02 1.036E-01 8.219E-05 6.036E-05 1.811E+03 4.594E-01 2.797E+00 2.000E+00
1.344E+08 6.790E+02 1.017E-01 8.219E-05 7.789E-05 1.884E+03 4.609E-01 2.798E+00 2.000E+00
1.144E+08 4.933E+02 1.124E-01 8.219E-05 1.100E-04 1.873E+03 4.637E-01 2.798E+00 2.000E+00
1.015E+08 6.804E+02 1.018E-01 8.219E-05 1.689E-04 2.069E+03 4.688E-01 2.800E+00 2.000E+00
1.768E+07 3.392E+02 1.240E-01 8.219E-05 2.769E-04 2.346E+03 4.781E-01 2.802E+00 2.000E+00
3.050E+07 3.119E+02 1.268E-01 8.219E-05 4.747E-04 2.520E+03 4.951E-01 2.807E+00 2.000E+00
2.484E+07 3.659E+02 1.234E-01 8.219E-05 8.375E-04 2.328E+03 5.252E-01 2.815E+00 2.000E+00
2.222E+07 2.391E+02 1.373E-01 8.219E-05 1.502E-03 3.247E+03 5.783E-01 2.830E+00 2.000E+00
NAN NAN NAN 8.219E-05 2.721E-03 NAN 6.655E-01 2.858E+00 2.000E+00
NAN NAN NAN 8.219E-05 4.955E-03 NAN 7.866E-01 2.909E+00 2.000E+00
8.272E+07 5.799E+02 1.070E-01 1.040E-04 3.937E-05 1.793E+03 4.577E-01 2.797E+00 2.000E+00
8.749E+07 5.818E+02 1.069E-01 1.040E-04 3.941E-05 1.783E+03 4.577E-01 2.797E+00 2.000E+00
3.841E+07 4.064E+02 1.183E-01 1.040E-04 3.948E-05 2.048E+03 4.577E-01 2.797E+00 2.000E+00
9.332E+07 6.305E+02 1.042E-01 1.040E-04 3.962E-05 1.788E+03 4.578E-01 2.797E+00 2.000E+00
1.160E+08 4.459E+02 1.155E-01 1.040E-04 3.987E-05 1.947E+03 4.578E-01 2.797E+00 2.000E+00
1.527E+08 3.758E+02 1.205E-01 1.040E-04 4.033E-05 2.162E+03 4.578E-01 2.797E+00 2.000E+00
1.721E+07 7.291E+02 9.926E-02 1.040E-04 4.118E-05 1.991E+03 4.579E-01 2.797E+00 2.000E+00
6.418E+07 5.130E+02 1.111E-01 1.040E-04 4.273E-05 1.832E+03 4.580E-01 2.797E+00 2.000E+00
2.291E+07 3.827E+02 1.200E-01 1.040E-04 4.558E-05 2.134E+03 4.583E-01 2.797E+00 2.000E+00
5.050E+07 4.153E+02 1.176E-01 1.040E-04 5.080E-05 2.022E+03 4.587E-01 2.797E+00 2.000E+00
6.046E+07 5.006E+02 1.119E-01 1.040E-04 6.036E-05 1.851E+03 4.595E-01 2.797E+00 2.000E+00
9.747E+08 3.745E+02 1.207E-01 1.040E-04 7.789E-05 2.169E+03 4.611E-01 2.798E+00 2.000E+00
6.856E+08 2.731E+02 1.285E-01 1.040E-04 1.100E-04 3.036E+03 4.638E-01 2.798E+00 2.000E+00
1.864E+07 2.435E+02 1.310E-01 1.040E-04 1.689E-04 3.728E+03 4.689E-01 2.800E+00 2.000E+00
4.397E+07 3.282E+02 1.248E-01 1.040E-04 2.769E-04 2.414E+03 4.782E-01 2.802E+00 2.000E+00
1.038E+08 2.638E+02 1.307E-01 1.040E-04 4.747E-04 3.048E+03 4.952E-01 2.807E+00 2.000E+00
3.213E+07 3.446E+02 1.252E-01 1.040E-04 8.375E-04 2.388E+03 5.253E-01 2.815E+00 2.000E+00
2.565E+07 2.955E+02 1.317E-01 1.040E-04 1.502E-03 2.954E+03 5.784E-01 2.830E+00 2.000E+00
NAN NAN NAN 1.040E-04 2.721E-03 NAN 6.656E-01 2.858E+00 2.000E+00
NAN NAN NAN 1.040E-04 4.955E-03 NAN 7.867E-01 2.909E+00 2.000E+00
3.858E+07 6.305E+02 1.042E-01 1.315E-04 3.937E-05 1.789E+03 4.579E-01 2.797E+00 2.000E+00
8.733E+07 6.305E+02 1.042E-01 1.315E-04 3.941E-05 1.788E+03 4.579E-01 2.797E+00 2.000E+00
4.326E+07 4.950E+02 1.122E-01 1.315E-04 3.948E-05 1.854E+03 4.579E-01 2.797E+00 2.000E+00
6.112E+07 7.176E+02 9.980E-02 1.315E-04 3.962E-05 1.938E+03 4.579E-01 2.797E+00 2.000E+00
4.413E+07 7.196E+02 9.970E-02 1.315E-04 3.987E-05 1.947E+03 4.579E-01 2.797E+00 2.000E+00
4.260E+08 4.793E+02 1.132E-01 1.315E-04 4.033E-05 1.878E+03 4.580E-01 2.797E+00 2.000E+00
2.824E+07 7.291E+02 9.926E-02 1.315E-04 4.118E-05 1.996E+03 4.580E-01 2.797E+00 2.000E+00
2.587E+07 3.289E+02 1.240E-01 1.315E-04 4.273E-05 2.428E+03 4.582E-01 2.797E+00 2.000E+00
5.025E+07 7.053E+02 1.004E-01 1.315E-04 4.558E-05 1.907E+03 4.584E-01 2.797E+00 2.000E+00
1.296E+08 5.055E+02 1.115E-01 1.315E-04 5.080E-05 1.844E+03 4.589E-01 2.797E+00 2.000E+00
4.418E+07 4.071E+02 1.183E-01 1.315E-04 6.036E-05 2.048E+03 4.597E-01 2.797E+00 2.000E+00
2.259E+09 4.785E+02 1.133E-01 1.315E-04 7.789E-05 1.887E+03 4.612E-01 2.798E+00 2.000E+00
9.012E+08 6.535E+02 1.031E-01 1.315E-04 1.100E-04 1.875E+03 4.639E-01 2.798E+00 2.000E+00
7.860E+08 6.714E+02 1.022E-01 1.315E-04 1.689E-04 2.026E+03 4.690E-01 2.800E+00 2.000E+00
2.025E+07 3.732E+02 1.213E-01 1.315E-04 2.769E-04 2.184E+03 4.783E-01 2.802E+00 2.000E+00
2.633E+07 2.917E+02 1.284E-01 1.315E-04 4.747E-04 2.694E+03 4.953E-01 2.807E+00 2.000E+00
5.544E+07 2.928E+02 1.296E-01 1.315E-04 8.375E-04 2.665E+03 5.254E-01 2.815E+00 2.000E+00
1.824E+07 2.698E+02 1.342E-01 1.315E-04 1.502E-03 3.003E+03 5.785E-01 2.830E+00 2.000E+00
NAN NAN NAN 1.315E-04 2.721E-03 NAN 6.658E-01 2.858E+00 2.000E+00
NAN NAN NAN 1.315E-04 4.955E-03 NAN 7.868E-01 2.909E+00 2.000E+00
6.907E+08 4.265E+02 1.168E-01 1.663E-04 3.937E-05 1.990E+03 4.580E-01 2.797E+00 2.000E+00
2.737E+08 7.176E+02 9.980E-02 1.663E-04 3.941E-05 1.941E+03 4.580E-01 2.797E+00 2.000E+00
9.662E+07 7.119E+02 1.001E-01 1.663E-04 3.948E-05 1.921E+03 4.580E-01 2.797E+00 2.000E+00
7.144E+07 2.816E+02 1.276E-01 1.663E-04 3.962E-05 2.926E+03 4.581E-01 2.797E+00 2.000E+00
3.281E+07 5.563E+02 1.084E-01 1.663E-04 3.987E-05 1.796E+03 4.581E-01 2.797E+00 2.000E+00
5.101E+07 6.702E+02 1.021E-01 1.663E-04 4.033E-05 1.827E+03 4.581E-01 2.797E+00 2.000E+00
1.198E+08 5.042E+02 1.116E-01 1.663E-04 4.118E-05 1.843E+03 4.582E-01 2.797E+00 2.000E+00
1.876E+08 2.680E+02 1.287E-01 1.663E-04 4.273E-05 3.164E+03 4.583E-01 2.797E+00 2.000E+00
1.128E+08 4.112E+02 1.179E-01 1.663E-04 4.558E-05 2.034E+03 4.586E-01 2.797E+00 2.000E+00
3.099E+07 7.038E+02 1.005E-01 1.663E-04 5.080E-05 1.915E+03 4.590E-01 2.797E+00 2.000E+00
1.147E+08 6.823E+02 1.015E-01 1.663E-04 6.036E-05 1.872E+03 4.598E-01 2.797E+00 2.000E+00
2.844E+07 4.005E+02 1.188E-01 1.663E-04 7.789E-05 2.071E+03 4.613E-01 2.798E+00 2.000E+00
5.376E+07 5.723E+02 1.076E-01 1.663E-04 1.100E-04 1.819E+03 4.641E-01 2.798E+00 2.000E+00
8.886E+07 3.185E+02 1.252E-01 1.663E-04 1.689E-04 2.493E+03 4.692E-01 2.800E+00 2.000E+00
5.093E+07 2.788E+02 1.287E-01 1.663E-04 2.769E-04 2.887E+03 4.785E-01 2.802E+00 2.000E+00
3.350E+07 3.892E+02 1.206E-01 1.663E-04 4.747E-04 2.158E+03 4.955E-01 2.807E+00 2.000E+00
4.035E+08 2.814E+02 1.306E-01 1.663E-04 8.375E-04 2.762E+03 5.256E-01 2.815E+00 2.000E+00
8.392E+07 2.432E+02 1.368E-01 1.663E-04 1.502E-03 3.203E+03 5.787E-01 2.830E+00 2.000E+00
NAN NAN NAN 1.663E-04 2.721E-03 NAN 6.660E-01 2.858E+00 2.000E+00
NAN NAN NAN 1.663E-04 4.955E-03 NAN 7.870E-01 2.909E+00 2.000E+00
1.009E+09 7.196E+02 9.970E-02 2.104E-04 3.937E-05 2.092E+03 4.582E-01 2.797E+00 2.000E+00
9.696E+08 6.970E+02 1.008E-01 2.104E-04 3.941E-05 1.880E+03 4.583E-01 2.797E+00 2.000E+00
2.082E+07 5.563E+02 1.084E-01 2.104E-04 3.948E-05 1.796E+03 4.583E-01 2.797E+00 2.000E+00
9.605E+08 5.586E+02 1.083E-01 2.104E-04 3.962E-05 1.795E+03 4.583E-01 2.797E+00 2.000E+00
5.647E+07 3.541E+02 1.221E-01 2.104E-04 3.987E-05 2.268E+03 4.583E-01 2.797E+00 2.000E+00
2.086E+07 3.767E+02 1.204E-01 2.104E-04 4.033E-05 2.159E+03 4.583E-01 2.797E+00 2.000E+00
5.256E+07 5.618E+02 1.081E-01 2.104E-04 4.118E-05 2.152E+03 4.584E-01 2.797E+00 2.000E+00
1.616E+08 6.648E+02 1.024E-01 2.104E-04 4.273E-05 1.823E+03 4.585E-01 2.797E+00 2.000E+00
1.401E+08 7.016E+02 1.006E-01 2.104E-04 4.558E-05 1.902E+03 4.588E-01 2.797E+00 2.000E+00
1.398E+08 6.092E+02 1.054E-01 2.104E-04 5.080E-05 1.790E+03 4.592E-01 2.797E+00 2.000E+00
4.719E+08 2.692E+02 1.286E-01 2.104E-04 6.036E-05 3.132E+03 4.601E-01 2.797E+00 2.000E+00
2.412E+09 4.224E+02 1.172E-01 2.104E-04 7.789E-05 2.005E+03 4.616E-01 2.798E+00 2.000E+00
1.589E+08 6.125E+02 1.053E-01 2.104E-04 1.100E-04 1.830E+03 4.643E-01 2.798E+00 2.000E+00
8.386E+07 5.073E+02 1.116E-01 2.104E-04 1.689E-04 1.876E+03 4.694E-01 2.800E+00 2.000E+00
5.948E+07 5.068E+02 1.119E-01 2.104E-04 2.769E-04 1.986E+03 4.787E-01 2.802E+00 2.000E+00
2.566E+09 2.482E+02 1.319E-01 2.104E-04 4.747E-04 3.520E+03 4.957E-01 2.807E+00 2.000E+00
6.167E+07 2.710E+02 1.315E-01 2.104E-04 8.375E-04 2.869E+03 5.258E-01 2.815E+00 2.000E+00
1.437E+07 3.212E+02 1.293E-01 2.104E-04 1.502E-03 3.121E+03 5.789E-01 2.830E+00 2.000E+00
NAN NAN NAN 2.104E-04 2.721E-03 NAN 6.662E-01 2.858E+00 2.000E+00
NAN NAN NAN 2.104E-04 4.955E-03 NAN 7.872E-01 2.909E+00 2.000E+00
3.198E+07 3.541E+02 1.221E-01 2.661E-04 3.937E-05 2.269E+03 4.585E-01 2.797E+00 2.000E+00
5.151E+08 3.541E+02 1.221E-01 2.661E-04 3.941E-05 2.269E+03 4.585E-01 2.797E+00 2.000E+00
3.726E+07 6.737E+02 1.020E-01 2.661E-04 3.948E-05 1.836E+03 4.585E-01 2.797E+00 2.000E+00
1.489E+08 6.702E+02 1.021E-01 2.661E-04 3.962E-05 1.830E+03 4.585E-01 2.797E+00 2.000E+00
3.639E+08 6.561E+02 1.029E-01 2.661E-04 3.987E-05 1.813E+03 4.586E-01 2.797E+00 2.000E+00
3.432E+07 6.057E+02 1.056E-01 2.661E-04 4.033E-05 1.795E+03 4.586E-01 2.797E+00 2.000E+00
2.515E+08 3.407E+02 1.231E-01 2.661E-04 4.118E-05 2.347E+03 4.587E-01 2.797E+00 2.000E+00
5.027E+08 5.872E+02 1.066E-01 2.661E-04 4.273E-05 1.791E+03 4.588E-01 2.797E+00 2.000E+00
8.892E+07 5.617E+02 1.081E-01 2.661E-04 4.558E-05 1.796E+03 4.590E-01 2.797E+00 2.000E+00
2.425E+07 5.128E+02 1.111E-01 2.661E-04 5.080E-05 1.836E+03 4.595E-01 2.797E+00 2.000E+00
2.159E+07 3.463E+02 1.228E-01 2.661E-04 6.036E-05 2.314E+03 4.603E-01 2.797E+00 2.000E+00
1.734E+07 3.047E+02 1.260E-01 2.661E-04 7.789E-05 2.630E+03 4.618E-01 2.798E+00 2.000E+00
3.676E+07 3.569E+02 1.221E-01 2.661E-04 1.100E-04 2.252E+03 4.646E-01 2.798E+00 2.000E+00
9.655E+08 4.267E+02 1.171E-01 2.661E-04 1.689E-04 2.006E+03 4.696E-01 2.800E+00 2.000E+00
2.350E+07 4.661E+02 1.146E-01 2.661E-04 2.769E-04 1.957E+03 4.789E-01 2.802E+00 2.000E+00
6.127E+08 4.095E+02 1.191E-01 2.661E-04 4.747E-04 2.110E+03 4.959E-01 2.807E+00 2.000E+00
3.527E+08 3.536E+02 1.244E-01 2.661E-04 8.375E-04 2.363E+03 5.261E-01 2.815E+00 2.000E+00
5.223E+08 3.039E+02 1.309E-01 2.661E-04 1.502E-03 2.987E+03 5.792E-01 2.830E+00 2.000E+00
NAN NAN NAN 2.661E-04 2.721E-03 NAN 6.665E-01 2.858E+00 2.000E+00
NAN NAN NAN 2.661E-04 4.955E-03 NAN 7.875E-01 2.910E+00 2.000E+00
1.432E+08 4.266E+02 1.168E-01 3.366E-04 3.937E-05 1.991E+03 4.589E-01 2.797E+00 2.000E+00
5.528E+07 4.201E+02 1.173E-01 3.366E-04 3.941E-05 2.017E+03 4.589E-01 2.797E+00 2.000E+00
1.799E+07 7.291E+02 9.925E-02 3.366E-04 3.948E-05 2.012E+03 4.589E-01 2.797E+00 2.000E+00
2.449E+07 7.291E+02 9.925E-02 3.366E-04 3.962E-05 2.495E+03 4.589E-01 2.797E+00 2.000E+00
8.001E+08 5.072E+02 1.114E-01 3.366E-04 3.987E-05 1.843E+03 4.589E-01 2.797E+00 2.000E+00
4.726E+08 5.460E+02 1.090E-01 3.366E-04 4.033E-05 1.805E+03 4.589E-01 2.797E+00 2.000E+00
2.143E+07 4.653E+02 1.142E-01 3.366E-04 4.118E-05 1.906E+03 4.590E-01 2.797E+00 2.000E+00
4.589E+07 6.208E+02 1.047E-01 3.366E-04 4.273E-05 1.792E+03 4.591E-01 2.797E+00 2.000E+00
6.646E+07 5.661E+02 1.078E-01 3.366E-04 4.558E-05 1.796E+03 4.594E-01 2.797E+00 2.000E+00
3.373E+08 6.219E+02 1.047E-01 3.366E-04 5.080E-05 1.798E+03 4.598E-01 2.797E+00 2.000E+00
2.156E+08 6.610E+02 1.026E-01 3.366E-04 6.036E-05 1.841E+03 4.607E-01 2.797E+00 2.000E+00
3.409E+07 6.806E+02 1.017E-01 3.366E-04 7.789E-05 1.903E+03 4.622E-01 2.798E+00 2.000E+00
1.124E+08 6.814E+02 1.017E-01 3.366E-04 1.100E-04 1.960E+03 4.649E-01 2.798E+00 2.000E+00
4.699E+09 5.221E+02 1.107E-01 3.366E-04 1.689E-04 1.867E+03 4.700E-01 2.800E+00 2.000E+00
7.077E+08 5.600E+02 1.086E-01 3.366E-04 2.769E-04 1.925E+03 4.793E-01 2.802E+00 2.000E+00
4.601E+07 2.754E+02 1.298E-01 3.366E-04 4.747E-04 2.880E+03 4.963E-01 2.807E+00 2.000E+00
2.095E+07 2.131E+02 1.364E-01 3.366E-04 8.375E-04 4.215E+03 5.264E-01 2.815E+00 2.000E+00
4.853E+07 2.279E+02 1.383E-01 3.366E-04 1.502E-03 3.406E+03 5.795E-01 2.830E+00 2.000E+00
NAN NAN NAN 3.366E-04 2.721E-03 NAN 6.668E-01 2.858E+00 2.000E+00
NAN NAN NAN 3.366E-04 4.955E-03 NAN 7.878E-01 2.910E+00 2.000E+00
3.012E+07 6.389E+02 1.038E-01 4.257E-04 3.937E-05 1.804E+03 4.593E-01 2.797E+00 2.000E+00
4.947E+07 6.389E+02 1.038E-01 4.257E-04 3.941E-05 1.803E+03 4.593E-01 2.797E+00 2.000E+00
2.851E+08 3.586E+02 1.218E-01 4.257E-04 3.948E-05 2.246E+03 4.593E-01 2.797E+00 2.000E+00
3.338E+08 5.510E+02 1.087E-01 4.257E-04 3.962E-05 1.803E+03 4.593E-01 2.797E+00 2.000E+00
1.730E+08 6.221E+02 1.047E-01 4.257E-04 3.987E-05 1.793E+03 4.593E-01 2.797E+00 2.000E+00
1.214E+08 6.074E+02 1.055E-01 4.257E-04 4.033E-05 1.790E+03 4.594E-01 2.797E+00 2.000E+00
4.279E+07 5.033E+02 1.117E-01 4.257E-04 4.118E-05 1.896E+03 4.594E-01 2.797E+00 2.000E+00
2.618E+08 5.585E+02 1.083E-01 4.257E-04 4.273E-05 1.800E+03 4.596E-01 2.797E+00 2.000E+00
9.122E+08 5.900E+02 1.065E-01 4.257E-04 4.558E-05 1.792E+03 4.598E-01 2.797E+00 2.000E+00
4.645E+07 3.748E+02 1.206E-01 4.257E-04 5.080E-05 2.170E+03 4.603E-01 2.797E+00 2.000E+00
2.647E+08 6.217E+02 1.047E-01 4.257E-04 6.036E-05 1.808E+03 4.611E-01 2.797E+00 2.000E+00
4.598E+09 5.196E+02 1.107E-01 4.257E-04 7.789E-05 1.840E+03 4.626E-01 2.798E+00 2.000E+00
3.009E+07 4.123E+02 1.180E-01 4.257E-04 1.100E-04 2.039E+03 4.653E-01 2.798E+00 2.000E+00
3.183E+08 4.630E+02 1.146E-01 4.257E-04 1.689E-04 1.936E+03 4.704E-01 2.800E+00 2.000E+00
3.838E+07 4.539E+02 1.154E-01 4.257E-04 2.769E-04 1.978E+03 4.797E-01 2.802E+00 2.000E+00
8.293E+07 3.113E+02 1.268E-01 4.257E-04 4.747E-04 2.529E+03 4.967E-01 2.807E+00 2.000E+00
7.911E+07 3.330E+02 1.262E-01 4.257E-04 8.375E-04 2.438E+03 5.269E-01 2.815E+00 2.000E+00
1.302E+07 2.234E+02 1.388E-01 4.257E-04 1.502E-03 3.484E+03 5.800E-01 2.830E+00 2.000E+00
NAN NAN NAN 4.257E-04 2.721E-03 NAN 6.673E-01 2.858E+00 2.000E+00
NAN NAN NAN 4.257E-04 4.955E-03 NAN 7.882E-01 2.910E+00 2.000E+00
4.780E+11 5.435E+02 1.092E-01 5.385E-04 3.937E-05 1.810E+03 4.598E-01 2.797E+00 2.000E+00
2.843E+09 3.314E+02 1.238E-01 5.385E-04 3.941E-05 2.411E+03 4.598E-01 2.797E+00 2.000E+00
4.772E+07 3.348E+02 1.236E-01 5.385E-04 3.948E-05 2.388E+03 4.598E-01 2.797E+00 2.000E+00
4.938E+08 4.528E+02 1.150E-01 5.385E-04 3.962E-05 1.936E+03 4.598E-01 2.797E+00 2.000E+00
4.215E+09 4.861E+02 1.128E-01 5.385E-04 3.987E-05 1.872E+03 4.599E-01 2.797E+00 2.000E+00
8.362E+07 5.106E+02 1.112E-01 5.385E-04 4.033E-05 1.840E+03 4.599E-01 2.797E+00 2.000E+00
4.337E+07 6.208E+02 1.047E-01 5.385E-04 4.118E-05 1.797E+03 4.600E-01 2.797E+00 2.000E+00
2.623E+07 7.218E+02 9.960E-02 5.385E-04 4.273E-05 2.003E+03 4.601E-01 2.797E+00 2.000E+00
5.822E+07 5.987E+02 1.060E-01 5.385E-04 4.558E-05 1.794E+03 4.603E-01 2.797E+00 2.000E+00
3.165E+07 3.192E+02 1.248E-01 5.385E-04 5.080E-05 2.738E+03 4.608E-01 2.797E+00 2.000E+00
1.131E+08 5.950E+02 1.062E-01 5.385E-04 6.036E-05 1.802E+03 4.616E-01 2.797E+00 2.000E+00
4.028E+07 5.661E+02 1.079E-01 5.385E-04 7.789E-05 1.813E+03 4.631E-01 2.798E+00 2.000E+00
1.534E+10 5.200E+02 1.107E-01 5.385E-04 1.100E-04 1.856E+03 4.659E-01 2.798E+00 2.000E+00
4.135E+07 3.090E+02 1.260E-01 5.385E-04 1.689E-04 2.576E+03 4.709E-01 2.800E+00 2.000E+00
1.081E+08 3.814E+02 1.207E-01 5.385E-04 2.769E-04 2.157E+03 4.802E-01 2.802E+00 2.000E+00
1.976E+07 4.824E+02 1.139E-01 5.385E-04 4.747E-04 2.041E+03 4.972E-01 2.807E+00 2.000E+00
2.069E+07 3.871E+02 1.217E-01 5.385E-04 8.375E-04 2.309E+03 5.274E-01 2.815E+00 2.000E+00
2.562E+07 3.105E+02 1.303E-01 5.385E-04 1.502E-03 3.056E+03 5.805E-01 2.830E+00 2.000E+00
NAN NAN NAN 5.385E-04 2.721E-03 NAN 6.678E-01 2.858E+00 2.000E+00
NAN NAN NAN 5.385E-04 4.955E-03 NAN 7.888E-01 2.910E+00 2.000E+00
1.765E+07 6.826E+02 1.015E-01 6.811E-04 3.937E-05 1.873E+03 4.605E-01 2.797E+00 2.000E+00
3.698E+07 6.986E+02 1.007E-01 6.811E-04 3.941E-05 1.916E+03 4.605E-01 2.797E+00 2.000E+00
1.654E+08 4.063E+02 1.183E-01 6.811E-04 3.948E-05 2.053E+03 4.605E-01 2.797E+00 2.000E+00
1.003E+08 4.590E+02 1.146E-01 6.811E-04 3.962E-05 1.920E+03 4.605E-01 2.797E+00 2.000E+00
2.027E+07 2.873E+02 1.272E-01 6.811E-04 3.987E-05 2.845E+03 4.605E-01 2.797E+00 2.000E+00
4.456E+07 6.271E+02 1.044E-01 6.811E-04 4.033E-05 1.804E+03 4.606E-01 2.797E+00 2.000E+00
7.019E+07 4.154E+02 1.176E-01 6.811E-04 4.118E-05 2.027E+03 4.607E-01 2.797E+00 2.000E+00
2.115E+08 6.388E+02 1.038E-01 6.811E-04 4.273E-05 1.814E+03 4.608E-01 2.797E+00 2.000E+00
1.835E+08 3.802E+02 1.202E-01 6.811E-04 4.558E-05 2.149E+03 4.610E-01 2.797E+00 2.000E+00
2.189E+08 6.775E+02 1.018E-01 6.811E-04 5.080E-05 1.877E+03 4.615E-01 2.797E+00 2.000E+00
3.465E+07 7.095E+02 1.002E-01 6.811E-04 6.036E-05 2.012E+03 4.623E-01 2.797E+00 2.000E+00
7.293E+07 3.459E+02 1.229E-01 6.811E-04 7.789E-05 2.317E+03 4.638E-01 2.798E+00 2.000E+00
5.127E+07 5.420E+02 1.094E-01 6.811E-04 1.100E-04 1.839E+03 4.666E-01 2.798E+00 2.000E+00
8.339E+08 3.383E+02 1.237E-01 6.811E-04 1.689E-04 2.358E+03 4.716E-01 2.800E+00 2.000E+00
7.289E+07 3.660E+02 1.219E-01 6.811E-04 2.769E-04 2.219E+03 4.809E-01 2.802E+00 2.000E+00
4.630E+07 5.317E+02 1.106E-01 6.811E-04 4.747E-04 2.141E+03 4.979E-01 2.807E+00 2.000E+00
8.053E+07 4.175E+02 1.193E-01 6.811E-04 8.375E-04 2.320E+03 5.281E-01 2.815E+00 2.000E+00
1.782E+07 2.955E+02 1.317E-01 6.811E-04 1.502E-03 2.996E+03 5.812E-01 2.830E+00 2.000E+00
NAN NAN NAN 6.811E-04 2.721E-03 NAN 6.685E-01 2.858E+00 2.000E+00
NAN NAN NAN 6.811E-04 4.955E-03 NAN 7.895E-01 2.910E+00 2.000E+00
8.557E+07 3.540E+02 1.221E-01 8.615E-04 3.937E-05 2.273E+03 4.614E-01 2.797E+00 2.000E+00
5.509E+07 3.457E+02 1.228E-01 8.615E-04 3.941E-05 2.321E+03 4.614E-01 2.797E+00 2.000E+00
4.163E+07 2.904E+02 1.270E-01 8.615E-04 3.948E-05 2.805E+03 4.614E-01 2.797E+00 2.000E+00
1.369E+08 2.815E+02 1.277E-01 8.615E-04 3.962E-05 2.930E+03 4.614E-01 2.797E+00 2.000E+00
3.429E+07 7.155E+02 9.990E-02 8.615E-04 3.987E-05 1.997E+03 4.614E-01 2.797E+00 2.000E+00
4.454E+07 5.071E+02 1.114E-01 8.615E-04 4.033E-05 1.849E+03 4.614E-01 2.797E+00 2.000E+00
1.834E+07 2.895E+02 1.271E-01 8.615E-04 4.118E-05 2.817E+03 4.615E-01 2.797E+00 2.000E+00
5.235E+07 5.835E+02 1.068E-01 8.615E-04 4.273E-05 1.800E+03 4.616E-01 2.797E+00 2.000E+00
7.946E+07 5.586E+02 1.083E-01 8.615E-04 4.558E-05 1.809E+03 4.619E-01 2.797E+00 2.000E+00
4.340E+07 5.127E+02 1.111E-01 8.615E-04 5.080E-05 1.847E+03 4.623E-01 2.797E+00 2.000E+00
2.255E+07 2.625E+02 1.292E-01 8.615E-04 6.036E-05 3.275E+03 4.632E-01 2.797E+00 2.000E+00
2.070E+08 5.577E+02 1.084E-01 8.615E-04 7.789E-05 1.823E+03 4.647E-01 2.798E+00 2.000E+00
2.010E+08 6.169E+02 1.050E-01 8.615E-04 1.100E-04 1.856E+03 4.674E-01 2.798E+00 2.000E+00
3.772E+07 6.713E+02 1.022E-01 8.615E-04 1.689E-04 2.106E+03 4.725E-01 2.800E+00 2.000E+00
2.043E+07 4.660E+02 1.146E-01 8.615E-04 2.769E-04 1.967E+03 4.818E-01 2.802E+00 2.000E+00
4.738E+07 5.671E+02 1.084E-01 8.615E-04 4.747E-04 2.302E+03 4.988E-01 2.807E+00 2.000E+00
4.498E+07 3.265E+02 1.267E-01 8.615E-04 8.375E-04 2.473E+03 5.290E-01 2.815E+00 2.000E+00
3.631E+07 2.205E+02 1.391E-01 8.615E-04 1.502E-03 3.547E+03 5.821E-01 2.830E+00 2.000E+00
NAN NAN NAN 8.615E-04 2.721E-03 NAN 6.694E-01 2.858E+00 2.000E+00
NAN NAN NAN 8.615E-04 4.955E-03 NAN 7.903E-01 2.910E+00 2.000E+00
4.509E+08 3.374E+02 1.234E-01 1.090E-03 3.937E-05 2.378E+03 4.624E-01 2.797E+00 2.000E+00
2.585E+07 6.552E+02 1.029E-01 1.090E-03 3.941E-05 1.844E+03 4.625E-01 2.797E+00 2.000E+00
5.996E+07 6.552E+02 1.029E-01 1.090E-03 3.948E-05 1.845E+03 4.625E-01 2.797E+00 2.000E+00
3.425E+08 6.388E+02 1.038E-01 1.090E-03 3.962E-05 1.825E+03 4.625E-01 2.797E+00 2.000E+00
1.212E+08 3.229E+02 1.245E-01 1.090E-03 3.987E-05 2.478E+03 4.625E-01 2.797E+00 2.000E+00
9.123E+07 4.483E+02 1.153E-01 1.090E-03 4.033E-05 1.947E+03 4.625E-01 2.797E+00 2.000E+00
7.199E+07 4.457E+02 1.155E-01 1.090E-03 4.118E-05 1.953E+03 4.626E-01 2.797E+00 2.000E+00
1.476E+07 3.765E+02 1.205E-01 1.090E-03 4.273E-05 2.167E+03 4.627E-01 2.797E+00 2.000E+00
4.415E+07 4.586E+02 1.146E-01 1.090E-03 4.558E-05 1.928E+03 4.630E-01 2.797E+00 2.000E+00
1.454E+08 3.962E+02 1.190E-01 1.090E-03 5.080E-05 2.091E+03 4.634E-01 2.797E+00 2.000E+00
9.185E+07 4.007E+02 1.187E-01 1.090E-03 6.036E-05 2.077E+03 4.643E-01 2.797E+00 2.000E+00
2.828E+07 3.703E+02 1.210E-01 1.090E-03 7.789E-05 2.195E+03 4.658E-01 2.798E+00 2.000E+00
9.469E+08 6.290E+02 1.044E-01 1.090E-03 1.100E-04 1.880E+03 4.685E-01 2.798E+00 2.000E+00
1.050E+08 6.195E+02 1.050E-01 1.090E-03 1.689E-04 1.929E+03 4.736E-01 2.800E+00 2.000E+00
1.826E+10 2.563E+02 1.305E-01 1.090E-03 2.769E-04 3.285E+03 4.829E-01 2.802E+00 2.000E+00
1.977E+07 5.628E+02 1.087E-01 1.090E-03 4.747E-04 2.296E+03 4.999E-01 2.807E+00 2.000E+00
1.417E+07 4.633E+02 1.159E-01 1.090E-03 8.375E-04 2.604E+03 5.301E-01 2.815E+00 2.000E+00
9.384E+08 2.235E+02 1.388E-01 1.090E-03 1.502E-03 3.497E+03 5.832E-01 2.830E+00 2.000E+00
NAN NAN NAN 1.090E-03 2.721E-03 NAN 6.706E-01 2.858E+00 2.000E+00
NAN NAN NAN 1.090E-03 4.955E-03 NAN 7.914E-01 2.910E+00 2.000E+00
3.555E+09 6.416E+02 1.036E-01 1.378E-03 3.937E-05 1.839E+03 4.638E-01 2.797E+00 2.000E+00
7.408E+08 6.507E+02 1.031E-01 1.378E-03 3.941E-05 1.890E+03 4.638E-01 2.797E+00 2.000E+00
2.766E+08 4.374E+02 1.161E-01 1.378E-03 3.948E-05 1.974E+03 4.638E-01 2.797E+00 2.000E+00
1.597E+08 4.845E+02 1.129E-01 1.378E-03 3.962E-05 1.885E+03 4.638E-01 2.797E+00 2.000E+00
9.601E+07 2.632E+02 1.290E-01 1.378E-03 3.987E-05 3.270E+03 4.639E-01 2.797E+00 2.000E+00
4.897E+07 3.765E+02 1.205E-01 1.378E-03 4.033E-05 2.169E+03 4.639E-01 2.797E+00 2.000E+00
2.648E+07 2.791E+02 1.279E-01 1.378E-03 4.118E-05 2.969E+03 4.640E-01 2.797E+00 2.000E+00
4.500E+07 6.328E+02 1.041E-01 1.378E-03 4.273E-05 1.833E+03 4.641E-01 2.797E+00 2.000E+00
1.639E+08 6.824E+02 1.015E-01 1.378E-03 4.558E-05 1.925E+03 4.644E-01 2.797E+00 2.000E+00
3.893E+07 6.834E+02 1.015E-01 1.378E-03 5.080E-05 1.936E+03 4.648E-01 2.797E+00 2.000E+00
3.630E+08 3.166E+02 1.251E-01 1.378E-03 6.036E-05 2.529E+03 4.656E-01 2.797E+00 2.000E+00
4.691E+07 3.941E+02 1.193E-01 1.378E-03 7.789E-05 2.114E+03 4.671E-01 2.798E+00 2.000E+00
3.797E+07 4.442E+02 1.157E-01 1.378E-03 1.100E-04 1.970E+03 4.699E-01 2.798E+00 2.000E+00
1.531E+08 5.299E+02 1.102E-01 1.378E-03 1.689E-04 1.884E+03 4.750E-01 2.800E+00 2.000E+00
1.784E+08 2.396E+02 1.317E-01 1.378E-03 2.769E-04 3.756E+03 4.842E-01 2.802E+00 2.000E+00
2.883E+07 4.935E+02 1.131E-01 1.378E-03 4.747E-04 2.076E+03 5.012E-01 2.807E+00 2.000E+00
7.477E+07 4.172E+02 1.193E-01 1.378E-03 8.375E-04 2.356E+03 5.315E-01 2.815E+00 2.000E+00
1.379E+08 2.801E+02 1.332E-01 1.378E-03 1.502E-03 3.038E+03 5.846E-01 2.830E+00 2.000E+00
NAN NAN NAN 1.378E-03 2.721E-03 NAN 6.720E-01 2.858E+00 2.000E+00
NAN NAN NAN 1.378E-03 4.955E-03 NAN 7.928E-01 2.910E+00 2.000E+00
7.542E+07 6.559E+02 1.029E-01 1.743E-03 3.937E-05 1.875E+03 4.655E-01 2.797E+00 2.000E+00
8.535E+07 6.907E+02 1.011E-01 1.743E-03 3.941E-05 1.968E+03 4.655E-01 2.797E+00 2.000E+00
8.699E+08 3.704E+02 1.209E-01 1.743E-03 3.948E-05 2.199E+03 4.655E-01 2.797E+00 2.000E+00
3.985E+07 3.524E+02 1.223E-01 1.743E-03 3.962E-05 2.289E+03 4.656E-01 2.797E+00 2.000E+00
4.067E+09 6.387E+02 1.038E-01 1.743E-03 3.987E-05 1.850E+03 4.656E-01 2.797E+00 2.000E+00
9.979E+07 4.588E+02 1.146E-01 1.743E-03 4.033E-05 1.933E+03 4.656E-01 2.797E+00 2.000E+00
5.193E+07 5.858E+02 1.067E-01 1.743E-03 4.118E-05 1.822E+03 4.657E-01 2.797E+00 2.000E+00
6.775E+07 2.873E+02 1.272E-01 1.743E-03 4.273E-05 2.849E+03 4.658E-01 2.797E+00 2.000E+00
2.262E+08 3.582E+02 1.218E-01 1.743E-03 4.558E-05 2.257E+03 4.661E-01 2.797E+00 2.000E+00
8.606E+07 4.436E+02 1.157E-01 1.743E-03 5.080E-05 1.966E+03 4.665E-01 2.797E+00 2.000E+00
1.276E+09 5.970E+02 1.061E-01 1.743E-03 6.036E-05 1.834E+03 4.674E-01 2.797E+00 2.000E+00
4.718E+07 3.398E+02 1.233E-01 1.743E-03 7.789E-05 2.379E+03 4.689E-01 2.798E+00 2.000E+00
2.038E+08 3.630E+02 1.217E-01 1.743E-03 1.100E-04 2.234E+03 4.716E-01 2.798E+00 2.000E+00
4.998E+08 2.491E+02 1.306E-01 1.743E-03 1.689E-04 3.544E+03 4.767E-01 2.800E+00 2.000E+00
2.782E+09 3.469E+02 1.234E-01 1.743E-03 2.769E-04 2.318E+03 4.860E-01 2.802E+00 2.000E+00
6.190E+07 5.372E+02 1.103E-01 1.743E-03 4.747E-04 2.203E+03 5.030E-01 2.807E+00 2.000E+00
6.984E+07 3.679E+02 1.232E-01 1.743E-03 8.375E-04 2.376E+03 5.333E-01 2.815E+00 2.000E+00
3.081E+07 2.255E+02 1.386E-01 1.743E-03 1.502E-03 3.485E+03 5.864E-01 2.830E+00 2.000E+00
NAN NAN NAN 1.743E-03 2.721E-03 NAN 6.739E-01 2.858E+00 2.000E+00
NAN NAN NAN 1.743E-03 4.955E-03 NAN 7.945E-01 2.910E+00 2.000E+00
3.173E+07 3.583E+02 1.218E-01 2.205E-03 3.937E-05 2.261E+03 4.677E-01 2.797E+00 2.000E+00
4.684E+08 3.583E+02 1.218E-01 2.205E-03 3.941E-05 2.260E+03 4.677E-01 2.797E+00 2.000E+00
8.308E+07 5.245E+02 1.103E-01 2.205E-03 3.948E-05 1.852E+03 4.677E-01 2.797E+00 2.000E+00
8.290E+07 5.223E+02 1.105E-01 2.205E-03 3.962E-05 1.855E+03 4.677E-01 2.797E+00 2.000E+00
2.956E+07 5.358E+02 1.096E-01 2.205E-03 3.987E-05 1.844E+03 4.678E-01 2.797E+00 2.000E+00
3.424E+07 4.777E+02 1.133E-01 2.205E-03 4.033E-05 1.906E+03 4.678E-01 2.797E+00 2.000E+00
3.910E+07 4.009E+02 1.187E-01 2.205E-03 4.118E-05 2.085E+03 4.679E-01 2.797E+00 2.000E+00
7.983E+07 5.418E+02 1.093E-01 2.205E-03 4.273E-05 1.841E+03 4.680E-01 2.797E+00 2.000E+00
1.987E+08 3.792E+02 1.203E-01 2.205E-03 4.558E-05 2.165E+03 4.683E-01 2.797E+00 2.000E+00
3.841E+07 4.455E+02 1.155E-01 2.205E-03 5.080E-05 1.967E+03 4.687E-01 2.797E+00 2.000E+00
1.224E+08 6.634E+02 1.025E-01 2.205E-03 6.036E-05 1.947E+03 4.696E-01 2.797E+00 2.000E+00
1.834E+08 4.517E+02 1.152E-01 2.205E-03 7.789E-05 1.959E+03 4.711E-01 2.798E+00 2.000E+00
3.077E+07 3.260E+02 1.245E-01 2.205E-03 1.100E-04 2.456E+03 4.738E-01 2.798E+00 2.000E+00
5.963E+07 3.068E+02 1.262E-01 2.205E-03 1.689E-04 2.617E+03 4.789E-01 2.800E+00 2.000E+00
8.537E+07 3.479E+02 1.233E-01 2.205E-03 2.769E-04 2.318E+03 4.882E-01 2.802E+00 2.000E+00
4.842E+07 5.369E+02 1.103E-01 2.205E-03 4.747E-04 2.244E+03 5.052E-01 2.807E+00 2.000E+00
1.277E+08 2.009E+02 1.374E-01 2.205E-03 8.375E-04 4.996E+03 5.355E-01 2.815E+00 2.000E+00
1.858E+07 2.820E+02 1.331E-01 2.205E-03 1.502E-03 3.095E+03 5.887E-01 2.830E+00 2.000E+00
NAN NAN NAN 2.205E-03 2.721E-03 NAN 6.762E-01 2.858E+00 2.000E+00
NAN NAN NAN 2.205E-03 4.955E-03 NAN 7.967E-01 2.910E+00 2.000E+00
3.176E+08 2.872E+02 1.272E-01 2.789E-03 3.937E-05 2.855E+03 4.705E-01 2.797E+00 2.000E+00
2.259E+07 3.582E+02 1.218E-01 2.789E-03 3.941E-05 2.266E+03 4.705E-01 2.797E+00 2.000E+00
1.374E+08 6.815E+02 1.016E-01 2.789E-03 3.948E-05 2.023E+03 4.705E-01 2.797E+00 2.000E+00
1.096E+10 6.471E+02 1.033E-01 2.789E-03 3.962E-05 1.911E+03 4.705E-01 2.797E+00 2.000E+00
5.052E+07 5.211E+02 1.106E-01 2.789E-03 3.987E-05 1.865E+03 4.705E-01 2.797E+00 2.000E+00
1.911E+08 2.752E+02 1.282E-01 2.789E-03 4.033E-05 3.037E+03 4.705E-01 2.797E+00 2.000E+00
2.138E+08 4.663E+02 1.141E-01 2.789E-03 4.118E-05 1.933E+03 4.706E-01 2.797E+00 2.000E+00
4.736E+07 4.150E+02 1.177E-01 2.789E-03 4.273E-05 2.047E+03 4.708E-01 2.797E+00 2.000E+00
5.186E+07 3.701E+02 1.210E-01 2.789E-03 4.558E-05 2.209E+03 4.710E-01 2.797E+00 2.000E+00
3.432E+07 4.452E+02 1.156E-01 2.789E-03 5.080E-05 1.974E+03 4.715E-01 2.797E+00 2.000E+00
1.850E+08 5.654E+02 1.079E-01 2.789E-03 6.036E-05 1.856E+03 4.723E-01 2.797E+00 2.000E+00
4.524E+07 5.168E+02 1.109E-01 2.789E-03 7.789E-05 1.882E+03 4.739E-01 2.798E+00 2.000E+00
5.133E+07 5.053E+02 1.117E-01 2.789E-03 1.100E-04 1.918E+03 4.766E-01 2.798E+00 2.000E+00
4.651E+08 6.439E+02 1.037E-01 2.789E-03 1.689E-04 2.155E+03 4.817E-01 2.800E+00 2.000E+00
4.882E+07 4.529E+02 1.155E-01 2.789E-03 2.769E-04 2.018E+03 4.910E-01 2.802E+00 2.000E+00
7.804E+07 4.237E+02 1.180E-01 2.789E-03 4.747E-04 2.136E+03 5.080E-01 2.807E+00 2.000E+00
4.407E+07 3.543E+02 1.244E-01 2.789E-03 8.375E-04 2.426E+03 5.383E-01 2.815E+00 2.000E+00
1.278E+07 2.644E+02 1.348E-01 2.789E-03 1.502E-03 3.157E+03 5.916E-01 2.830E+00 2.000E+00
NAN NAN NAN 2.789E-03 2.721E-03 NAN 6.791E-01 2.858E+00 2.000E+00
NAN NAN NAN 2.789E-03 4.955E-03 NAN 7.995E-01 2.910E+00 2.000E+00
4.852E+07 6.644E+02 1.024E-01 3.528E-03 3.937E-05 2.011E+03 4.739E-01 2.797E+00 2.000E+00
1.338E+08 6.644E+02 1.024E-01 3.528E-03 3.941E-05 2.013E+03 4.739E-01 2.797E+00 2.000E+00
4.333E+07 5.421E+02 1.093E-01 3.528E-03 3.948E-05 1.867E+03 4.739E-01 2.797E+00 2.000E+00
5.293E+07 5.430E+02 1.092E-01 3.528E-03 3.962E-05 1.871E+03 4.739E-01 2.797E+00 2.000E+00
1.673E+09 4.662E+02 1.141E-01 3.528E-03 3.987E-05 1.942E+03 4.740E-01 2.797E+00 2.000E+00
9.465E+07 6.052E+02 1.056E-01 3.528E-03 4.033E-05 1.882E+03 4.740E-01 2.797E+00 2.000E+00
1.130E+08 2.567E+02 1.295E-01 3.528E-03 4.118E-05 3.430E+03 4.741E-01 2.797E+00 2.000E+00
1.606E+07 2.778E+02 1.280E-01 3.528E-03 4.273E-05 2.996E+03 4.742E-01 2.797E+00 2.000E+00
2.499E+07 4.673E+02 1.140E-01 3.528E-03 4.558E-05 1.944E+03 4.745E-01 2.797E+00 2.000E+00
7.360E+08 3.341E+02 1.237E-01 3.528E-03 5.080E-05 2.412E+03 4.749E-01 2.797E+00 2.000E+00
4.256E+08 6.090E+02 1.054E-01 3.528E-03 6.036E-05 1.905E+03 4.758E-01 2.797E+00 2.000E+00
3.213E+07 3.042E+02 1.261E-01 3.528E-03 7.789E-05 2.653E+03 4.774E-01 2.798E+00 2.000E+00
1.193E+08 6.120E+02 1.053E-01 3.528E-03 1.100E-04 1.967E+03 4.802E-01 2.798E+00 2.000E+00
5.414E+08 4.361E+02 1.164E-01 3.528E-03 1.689E-04 2.034E+03 4.852E-01 2.800E+00 2.000E+00
9.607E+08 5.715E+02 1.079E-01 3.528E-03 2.769E-04 2.106E+03 4.945E-01 2.802E+00 2.000E+00
2.320E+07 3.623E+02 1.227E-01 3.528E-03 4.747E-04 2.294E+03 5.115E-01 2.807E+00 2.000E+00
2.177E+07 2.762E+02 1.311E-01 3.528E-03 8.375E-04 2.857E+03 5.419E-01 2.815E+00 2.000E+00
2.304E+07 2.634E+02 1.349E-01 3.528E-03 1.502E-03 3.272E+03 5.952E-01 2.830E+00 2.000E+00
NAN NAN NAN 3.528E-03 2.721E-03 NAN 6.828E-01 2.858E+00 2.000E+00
NAN NAN NAN 3.528E-03 4.955E-03 NAN 8.030E-01 2.910E+00 2.000E+00
9.412E+07 3.469E+02 1.227E-01 4.462E-03 3.937E-05 2.340E+03 4.783E-01 2.797E+00 2.000E+00
1.176E+08 6.319E+02 1.041E-01 4.462E-03 3.941E-05 1.969E+03 4.783E-01 2.797E+00 2.000E+00
5.403E+07 6.342E+02 1.040E-01 4.462E-03 3.948E-05 1.975E+03 4.783E-01 2.797E+00 2.000E+00
1.107E+08 6.215E+02 1.047E-01 4.462E-03 3.962E-05 1.945E+03 4.783E-01 2.797E+00 2.000E+00
3.195E+08 5.811E+02 1.070E-01 4.462E-03 3.987E-05 1.896E+03 4.784E-01 2.797E+00 2.000E+00
3.417E+07 2.628E+02 1.291E-01 4.462E-03 4.033E-05 3.285E+03 4.784E-01 2.797E+00 2.000E+00
1.108E+08 3.813E+02 1.201E-01 4.462E-03 4.118E-05 2.176E+03 4.785E-01 2.797E+00 2.000E+00
1.130E+08 4.672E+02 1.140E-01 4.462E-03 4.273E-05 1.954E+03 4.786E-01 2.797E+00 2.000E+00
7.439E+07 3.046E+02 1.260E-01 4.462E-03 4.558E-05 2.660E+03 4.789E-01 2.797E+00 2.000E+00
6.344E+08 6.490E+02 1.033E-01 4.462E-03 5.080E-05 2.049E+03 4.793E-01 2.797E+00 2.000E+00
1.627E+08 4.654E+02 1.142E-01 4.462E-03 6.036E-05 1.961E+03 4.802E-01 2.797E+00 2.000E+00
2.309E+07 6.464E+02 1.034E-01 4.462E-03 7.789E-05 2.099E+03 4.817E-01 2.798E+00 2.000E+00
2.659E+07 6.219E+02 1.048E-01 4.462E-03 1.100E-04 2.059E+03 4.846E-01 2.798E+00 2.000E+00
2.949E+07 6.190E+02 1.050E-01 4.462E-03 1.689E-04 2.199E+03 4.897E-01 2.800E+00 2.000E+00
3.514E+07 4.240E+02 1.176E-01 4.462E-03 2.769E-04 2.094E+03 4.990E-01 2.802E+00 2.000E+00
2.231E+07 5.228E+02 1.112E-01 4.462E-03 4.747E-04 2.398E+03 5.160E-01 2.807E+00 2.000E+00
1.271E+09 2.537E+02 1.331E-01 4.462E-03 8.375E-04 3.143E+03 5.464E-01 2.815E+00 2.000E+00
6.377E+07 2.633E+02 1.349E-01 4.462E-03 1.502E-03 3.264E+03 5.998E-01 2.830E+00 2.000E+00
NAN NAN NAN 4.462E-03 2.721E-03 NAN 6.875E-01 2.858E+00 2.000E+00
NAN NAN NAN 4.462E-03 4.955E-03 NAN 8.074E-01 2.910E+00 2.000E+00
1.106E+09 5.598E+02 1.082E-01 5.644E-03 3.937E-05 1.920E+03 4.839E-01 2.797E+00 2.000E+00
3.300E+07 5.869E+02 1.066E-01 5.644E-03 3.941E-05 1.942E+03 4.839E-01 2.797E+00 2.000E+00
2.175E+07 3.467E+02 1.227E-01 5.644E-03 3.948E-05 2.350E+03 4.839E-01 2.797E+00 2.000E+00
7.540E+07 5.663E+02 1.078E-01 5.644E-03 3.962E-05 1.923E+03 4.839E-01 2.797E+00 2.000E+00
9.014E+07 3.077E+02 1.257E-01 5.644E-03 3.987E-05 2.638E+03 4.839E-01 2.797E+00 2.000E+00
1.785E+08 2.888E+02 1.272E-01 5.644E-03 4.033E-05 2.848E+03 4.839E-01 2.797E+00 2.000E+00
2.984E+07 3.697E+02 1.210E-01 5.644E-03 4.118E-05 2.235E+03 4.840E-01 2.797E+00 2.000E+00
2.764E+07 5.728E+02 1.075E-01 5.644E-03 4.273E-05 1.930E+03 4.842E-01 2.797E+00 2.000E+00
1.571E+08 3.687E+02 1.211E-01 5.644E-03 4.558E-05 2.269E+03 4.844E-01 2.797E+00 2.000E+00
1.429E+08 4.255E+02 1.169E-01 5.644E-03 5.080E-05 2.055E+03 4.849E-01 2.797E+00 2.000E+00
2.601E+08 6.380E+02 1.038E-01 5.644E-03 6.036E-05 2.127E+03 4.857E-01 2.797E+00 2.000E+00
2.832E+07 2.921E+02 1.270E-01 5.644E-03 7.789E-05 2.797E+03 4.873E-01 2.798E+00 2.000E+00
1.544E+09 4.158E+02 1.178E-01 5.644E-03 1.100E-04 2.088E+03 4.902E-01 2.798E+00 2.000E+00
5.439E+07 5.292E+02 1.103E-01 5.644E-03 1.689E-04 2.002E+03 4.953E-01 2.800E+00 2.000E+00
7.913E+07 4.691E+02 1.144E-01 5.644E-03 2.769E-04 2.067E+03 5.046E-01 2.802E+00 2.000E+00
7.916E+08 4.491E+02 1.162E-01 5.644E-03 4.747E-04 2.216E+03 5.216E-01 2.807E+00 2.000E+00
2.213E+07 2.704E+02 1.317E-01 5.644E-03 8.375E-04 2.949E+03 5.522E-01 2.815E+00 2.000E+00
1.322E+07 2.159E+02 1.396E-01 5.644E-03 1.502E-03 3.764E+03 6.056E-01 2.830E+00 2.000E+00
NAN NAN NAN 5.644E-03 2.721E-03 NAN 6.934E-01 2.858E+00 2.000E+00
NAN NAN NAN 5.644E-03 4.955E-03 NAN 8.130E-01 2.910E+00 2.000E+00
4.373E+07 3.591E+02 1.218E-01 7.139E-03 3.937E-05 2.298E+03 4.909E-01 2.797E+00 2.000E+00
6.094E+08 3.562E+02 1.220E-01 7.139E-03 3.941E-05 2.312E+03 4.909E-01 2.797E+00 2.000E+00
7.177E+07 3.219E+02 1.246E-01 7.139E-03 3.948E-05 2.526E+03 4.909E-01 2.797E+00 2.000E+00
6.100E+08 6.211E+02 1.047E-01 7.139E-03 3.962E-05 2.128E+03 4.909E-01 2.797E+00 2.000E+00
2.206E+08 5.424E+02 1.093E-01 7.139E-03 3.987E-05 1.958E+03 4.909E-01 2.797E+00 2.000E+00
3.363E+07 3.432E+02 1.230E-01 7.139E-03 4.033E-05 2.383E+03 4.910E-01 2.797E+00 2.000E+00
1.420E+08 6.138E+02 1.051E-01 7.139E-03 4.118E-05 2.097E+03 4.910E-01 2.797E+00 2.000E+00
1.722E+08 6.223E+02 1.047E-01 7.139E-03 4.273E-05 2.143E+03 4.912E-01 2.797E+00 2.000E+00
3.300E+07 5.751E+02 1.073E-01 7.139E-03 4.558E-05 1.998E+03 4.914E-01 2.797E+00 2.000E+00
7.238E+07 3.154E+02 1.252E-01 7.139E-03 5.080E-05 2.578E+03 4.919E-01 2.797E+00 2.000E+00
1.178E+08 5.748E+02 1.074E-01 7.139E-03 6.036E-05 2.012E+03 4.928E-01 2.797E+00 2.000E+00
2.645E+08 3.993E+02 1.189E-01 7.139E-03 7.789E-05 2.147E+03 4.943E-01 2.798E+00 2.000E+00
3.535E+08 5.154E+02 1.110E-01 7.139E-03 1.100E-04 1.999E+03 4.972E-01 2.798E+00 2.000E+00
7.735E+07 3.913E+02 1.197E-01 7.139E-03 1.689E-04 2.188E+03 5.024E-01 2.800E+00 2.000E+00
1.475E+08 3.879E+02 1.202E-01 7.139E-03 2.769E-04 2.222E+03 5.118E-01 2.802E+00 2.000E+00
2.948E+07 2.410E+02 1.326E-01 7.139E-03 4.747E-04 3.558E+03 5.288E-01 2.807E+00 2.000E+00
2.228E+07 4.020E+02 1.205E-01 7.139E-03 8.375E-04 2.782E+03 5.594E-01 2.815E+00 2.000E+00
1.935E+07 2.367E+02 1.376E-01 7.139E-03 1.502E-03 3.553E+03 6.129E-01 2.830E+00 2.000E+00
NAN NAN NAN 7.139E-03 2.721E-03 NAN 7.009E-01 2.858E+00 2.000E+00
NAN NAN NAN 7.139E-03 4.955E-03 NAN 8.201E-01 2.910E+00 2.000E+00
2.176E+07 3.154E+02 1.252E-01 9.029E-03 3.937E-05 2.593E+03 4.998E-01 2.797E+00 2.000E+00
6.121E+07 3.154E+02 1.252E-01 9.029E-03 3.941E-05 2.593E+03 4.998E-01 2.797E+00 2.000E+00
9.526E+08 3.001E+02 1.263E-01 9.029E-03 3.948E-05 2.736E+03 4.998E-01 2.797E+00 2.000E+00
1.028E+07 3.915E+02 1.194E-01 9.029E-03 3.962E-05 2.188E+03 4.998E-01 2.797E+00 2.000E+00
3.852E+08 3.874E+02 1.197E-01 9.029E-03 3.987E-05 2.202E+03 4.998E-01 2.797E+00 2.000E+00
2.089E+08 2.983E+02 1.265E-01 9.029E-03 4.033E-05 2.755E+03 4.998E-01 2.797E+00 2.000E+00
2.362E+08 4.475E+02 1.154E-01 9.029E-03 4.118E-05 2.056E+03 4.999E-01 2.797E+00 2.000E+00
9.650E+07 5.685E+02 1.077E-01 9.029E-03 4.273E-05 2.073E+03 5.001E-01 2.797E+00 2.000E+00
1.122E+08 5.647E+02 1.079E-01 9.029E-03 4.558E-05 2.069E+03 5.003E-01 2.797E+00 2.000E+00
4.113E+07 4.640E+02 1.143E-01 9.029E-03 5.080E-05 2.038E+03 5.008E-01 2.797E+00 2.000E+00
4.302E+07 4.465E+02 1.155E-01 9.029E-03 6.036E-05 2.065E+03 5.016E-01 2.797E+00 2.000E+00
1.997E+07 5.808E+02 1.070E-01 9.029E-03 7.789E-05 2.183E+03 5.032E-01 2.798E+00 2.000E+00
7.380E+07 4.695E+02 1.140E-01 9.029E-03 1.100E-04 2.060E+03 5.061E-01 2.799E+00 2.000E+00
4.235E+07 4.254E+02 1.172E-01 9.029E-03 1.689E-04 2.138E+03 5.113E-01 2.800E+00 2.000E+00
4.574E+07 4.186E+02 1.180E-01 9.029E-03 2.769E-04 2.194E+03 5.208E-01 2.802E+00 2.000E+00
1.227E+08 3.863E+02 1.209E-01 9.029E-03 4.747E-04 2.415E+03 5.378E-01 2.807E+00 2.000E+00
1.466E+08 2.161E+02 1.364E-01 9.029E-03 8.375E-04 4.087E+03 5.686E-01 2.815E+00 2.000E+00
5.196E+07 2.221E+02 1.391E-01 9.029E-03 1.502E-03 3.806E+03 6.222E-01 2.830E+00 2.000E+00
NAN NAN NAN 9.029E-03 2.721E-03 NAN 7.103E-01 2.858E+00 2.000E+00
NAN NAN NAN 9.029E-03 4.955E-03 NAN 8.291E-01 2.910E+00 2.000E+00
8.256E+07 3.954E+02 1.191E-01 1.142E-02 3.937E-05 2.207E+03 5.110E-01 2.797E+00 2.000E+00
2.755E+07 5.584E+02 1.083E-01 1.142E-02 3.941E-05 2.191E+03 5.110E-01 2.797E+00 2.000E+00
3.793E+08 5.584E+02 1.083E-01 1.142E-02 3.948E-05 2.191E+03 5.110E-01 2.797E+00 2.000E+00
7.789E+07 5.451E+02 1.091E-01 1.142E-02 3.962E-05 2.144E+03 5.110E-01 2.797E+00 2.000E+00
7.436E+07 5.800E+02 1.070E-01 1.142E-02 3.987E-05 2.345E+03 5.110E-01 2.797E+00 2.000E+00
5.752E+07 2.619E+02 1.293E-01 1.142E-02 4.033E-05 3.322E+03 5.111E-01 2.797E+00 2.000E+00
2.914E+07 3.223E+02 1.247E-01 1.142E-02 4.118E-05 2.560E+03 5.112E-01 2.797E+00 2.000E+00
2.204E+08 4.848E+02 1.129E-01 1.142E-02 4.273E-05 2.083E+03 5.113E-01 2.797E+00 2.000E+00
7.776E+07 5.052E+02 1.116E-01 1.142E-02 4.558E-05 2.084E+03 5.115E-01 2.797E+00 2.000E+00
3.901E+08 4.903E+02 1.126E-01 1.142E-02 5.080E-05 2.083E+03 5.120E-01 2.797E+00 2.000E+00
1.963E+08 4.956E+02 1.122E-01 1.142E-02 6.036E-05 2.091E+03 5.129E-01 2.797E+00 2.000E+00
2.616E+07 5.674E+02 1.078E-01 1.142E-02 7.789E-05 2.350E+03 5.144E-01 2.798E+00 2.000E+00
3.389E+07 4.295E+02 1.168E-01 1.142E-02 1.100E-04 2.154E+03 5.173E-01 2.799E+00 2.000E+00
9.224E+08 4.326E+02 1.167E-01 1.142E-02 1.689E-04 2.179E+03 5.226E-01 2.800E+00 2.000E+00
2.577E+07 4.134E+02 1.184E-01 1.142E-02 2.769E-04 2.261E+03 5.322E-01 2.802E+00 2.000E+00
6.474E+07 3.004E+02 1.278E-01 1.142E-02 4.747E-04 2.742E+03 5.492E-01 2.807E+00 2.000E+00
2.766E+10 3.527E+02 1.246E-01 1.142E-02 8.375E-04 2.856E+03 5.802E-01 2.815E+00 2.000E+00
1.093E+07 2.396E+02 1.374E-01 1.142E-02 1.502E-03 3.909E+03 6.339E-01 2.831E+00 2.000E+00
NAN NAN NAN 1.142E-02 2.721E-03 NAN 7.223E-01 2.858E+00 2.000E+00
NAN NAN NAN 1.142E-02 4.955E-03 NAN 8.402E-01 2.910E+00 2.000E+00
5.453E+08 2.758E+02 1.283E-01 1.445E-02 3.937E-05 3.082E+03 5.252E-01 2.797E+00 2.000E+00
4.108E+08 4.976E+02 1.121E-01 1.445E-02 3.941E-05 2.193E+03 5.252E-01 2.797E+00 2.000E+00
7.630E+07 4.466E+02 1.155E-01 1.445E-02 3.948E-05 2.170E+03 5.252E-01 2.797E+00 2.000E+00
7.064E+07 2.986E+02 1.265E-01 1.445E-02 3.962E-05 2.793E+03 5.252E-01 2.797E+00 2.000E+00
1.683E+07 2.379E+02 1.311E-01 1.445E-02 3.987E-05 4.057E+03 5.253E-01 2.797E+00 2.000E+00
5.116E+07 5.048E+02 1.116E-01 1.445E-02 4.033E-05 2.208E+03 5.253E-01 2.797E+00 2.000E+00
2.675E+07 3.384E+02 1.234E-01 1.445E-02 4.118E-05 2.483E+03 5.254E-01 2.797E+00 2.000E+00
4.984E+08 3.907E+02 1.195E-01 1.445E-02 4.273E-05 2.267E+03 5.255E-01 2.797E+00 2.000E+00
9.721E+07 4.093E+02 1.181E-01 1.445E-02 4.558E-05 2.224E+03 5.258E-01 2.797E+00 2.000E+00
4.194E+07 4.302E+02 1.167E-01 1.445E-02 5.080E-05 2.192E+03 5.262E-01 2.797E+00 2.000E+00
2.861E+08 4.347E+02 1.164E-01 1.445E-02 6.036E-05 2.192E+03 5.271E-01 2.798E+00 2.000E+00
4.338E+08 3.148E+02 1.254E-01 1.445E-02 7.789E-05 2.645E+03 5.287E-01 2.798E+00 2.000E+00
7.871E+08 4.120E+02 1.181E-01 1.445E-02 1.100E-04 2.247E+03 5.315E-01 2.799E+00 2.000E+00
1.994E+07 3.461E+02 1.232E-01 1.445E-02 1.689E-04 2.463E+03 5.368E-01 2.800E+00 2.000E+00
2.082E+09 4.129E+02 1.184E-01 1.445E-02 2.769E-04 2.356E+03 5.464E-01 2.802E+00 2.000E+00
1.169E+08 3.002E+02 1.279E-01 1.445E-02 4.747E-04 2.795E+03 5.637E-01 2.807E+00 2.000E+00
1.023E+07 2.271E+02 1.356E-01 1.445E-02 8.375E-04 3.792E+03 5.948E-01 2.815E+00 2.000E+00
5.502E+08 2.376E+02 1.377E-01 1.445E-02 1.502E-03 4.453E+03 6.488E-01 2.831E+00 2.000E+00
NAN NAN NAN 1.445E-02 2.721E-03 NAN 7.375E-01 2.859E+00 2.000E+00
NAN NAN NAN 1.445E-02 4.955E-03 NAN 8.540E-01 2.910E+00 2.000E+00
3.087E+08 4.760E+02 1.135E-01 1.827E-02 3.937E-05 2.355E+03 5.432E-01 2.797E+00 2.000E+00
2.043E+09 2.731E+02 1.285E-01 1.827E-02 3.941E-05 3.151E+03 5.432E-01 2.797E+00 2.000E+00
1.545E+07 3.026E+02 1.262E-01 1.827E-02 3.948E-05 2.790E+03 5.432E-01 2.797E+00 2.000E+00
3.247E+08 3.676E+02 1.212E-01 1.827E-02 3.962E-05 2.404E+03 5.432E-01 2.797E+00 2.000E+00
1.313E+08 5.100E+02 1.113E-01 1.827E-02 3.987E-05 2.575E+03 5.432E-01 2.797E+00 2.000E+00
4.717E+07 3.860E+02 1.199E-01 1.827E-02 4.033E-05 2.350E+03 5.433E-01 2.797E+00 2.000E+00
1.257E+08 4.491E+02 1.153E-01 1.827E-02 4.118E-05 2.305E+03 5.433E-01 2.797E+00 2.000E+00
1.058E+08 3.966E+02 1.191E-01 1.827E-02 4.273E-05 2.328E+03 5.435E-01 2.797E+00 2.000E+00
3.540E+07 3.796E+02 1.204E-01 1.827E-02 4.558E-05 2.369E+03 5.437E-01 2.797E+00 2.000E+00
7.189E+07 4.491E+02 1.154E-01 1.827E-02 5.080E-05 2.313E+03 5.442E-01 2.797E+00 2.000E+00
4.114E+07 3.703E+02 1.211E-01 1.827E-02 6.036E-05 2.402E+03 5.450E-01 2.798E+00 2.000E+00
3.349E+07 3.810E+02 1.203E-01 1.827E-02 7.789E-05 2.378E+03 5.466E-01 2.798E+00 2.000E+00
5.799E+07 4.837E+02 1.131E-01 1.827E-02 1.100E-04 2.561E+03 5.495E-01 2.799E+00 2.000E+00
2.678E+07 2.510E+02 1.307E-01 1.827E-02 1.689E-04 3.535E+03 5.547E-01 2.800E+00 2.000E+00
1.965E+10 2.540E+02 1.310E-01 1.827E-02 2.769E-04 3.422E+03 5.644E-01 2.803E+00 2.000E+00
9.695E+07 2.686E+02 1.306E-01 1.827E-02 4.747E-04 3.162E+03 5.819E-01 2.807E+00 2.000E+00
3.804E+07 2.509E+02 1.336E-01 1.827E-02 8.375E-04 3.454E+03 6.131E-01 2.815E+00 2.000E+00
2.427E+07 2.110E+02 1.404E-01 1.827E-02 1.502E-03 4.814E+03 6.676E-01 2.831E+00 2.000E+00
NAN NAN NAN 1.827E-02 2.721E-03 NAN 7.566E-01 2.859E+00 2.000E+00
NAN NAN NAN 1.827E-02 4.955E-03 NAN 8.715E-01 2.910E+00 2.000E+00
6.807E+07 2.348E+02 1.314E-01 2.311E-02 3.937E-05 4.198E+03 5.658E-01 2.797E+00 2.000E+00
7.624E+07 2.182E+02 1.326E-01 2.311E-02 3.941E-05 5.224E+03 5.658E-01 2.797E+00 2.000E+00
1.367E+07 2.178E+02 1.326E-01 2.311E-02 3.948E-05 5.291E+03 5.658E-01 2.797E+00 2.000E+00
1.363E+07 3.754E+02 1.207E-01 2.311E-02 3.962E-05 2.488E+03 5.658E-01 2.797E+00 2.000E+00
3.971E+07 2.270E+02 1.320E-01 2.311E-02 3.987E-05 4.582E+03 5.658E-01 2.797E+00 2.000E+00
1.010E+08 3.207E+02 1.249E-01 2.311E-02 4.033E-05 2.711E+03 5.659E-01 2.797E+00 2.000E+00
6.353E+07 2.419E+02 1.309E-01 2.311E-02 4.118E-05 3.901E+03 5.659E-01 2.797E+00 2.000E+00
8.981E+07 3.464E+02 1.229E-01 2.311E-02 4.273E-05 2.577E+03 5.661E-01 2.797E+00 2.000E+00
2.774E+08 2.842E+02 1.278E-01 2.311E-02 4.558E-05 3.039E+03 5.663E-01 2.797E+00 2.000E+00
1.061E+08 2.768E+02 1.284E-01 2.311E-02 5.080E-05 3.136E+03 5.668E-01 2.797E+00 2.000E+00
5.125E+08 2.966E+02 1.268E-01 2.311E-02 6.036E-05 2.905E+03 5.677E-01 2.798E+00 2.000E+00
4.286E+07 3.979E+02 1.191E-01 2.311E-02 7.789E-05 2.498E+03 5.693E-01 2.798E+00 2.000E+00
3.649E+07 2.988E+02 1.268E-01 2.311E-02 1.100E-04 2.889E+03 5.722E-01 2.799E+00 2.000E+00
1.703E+07 3.905E+02 1.199E-01 2.311E-02 1.689E-04 2.602E+03 5.775E-01 2.800E+00 2.000E+00
2.181E+07 3.329E+02 1.247E-01 2.311E-02 2.769E-04 2.751E+03 5.871E-01 2.803E+00 2.000E+00
3.755E+07 3.239E+02 1.260E-01 2.311E-02 4.747E-04 2.965E+03 6.048E-01 2.807E+00 2.000E+00
1.123E+07 2.884E+02 1.303E-01 2.311E-02 8.375E-04 3.683E+03 6.362E-01 2.816E+00 2.000E+00
NAN NAN NAN 2.311E-02 1.502E-03 NAN 6.913E-01 2.831E+00 2.000E+00
NAN NAN NAN 2.311E-02 2.721E-03 NAN 7.808E-01 2.859E+00 2.000E+00
NAN NAN NAN 2.311E-02 4.955E-03 NAN 8.936E-01 2.910E+00 2.000E+00
4.357E+07 2.983E+02 1.267E-01 2.923E-02 3.937E-05 2.993E+03 5.940E-01 2.797E+00 2.000E+00
2.723E+07 2.893E+02 1.274E-01 2.923E-02 3.941E-05 3.067E+03 5.940E-01 2.797E+00 2.000E+00
1.112E+08 2.428E+02 1.310E-01 2.923E-02 3.948E-05 3.899E+03 5.940E-01 2.797E+00 2.000E+00
4.646E+07 3.047E+02 1.262E-01 2.923E-02 3.962E-05 2.932E+03 5.940E-01 2.797E+00 2.000E+00
2.869E+08 3.933E+02 1.194E-01 2.923E-02 3.987E-05 2.771E+03 5.940E-01 2.797E+00 2.000E+00
4.005E+07 3.284E+02 1.244E-01 2.923E-02 4.033E-05 2.794E+03 5.941E-01 2.797E+00 2.000E+00
8.947E+07 4.103E+02 1.181E-01 2.923E-02 4.118E-05 2.912E+03 5.942E-01 2.797E+00 2.000E+00
2.403E+07 2.893E+02 1.274E-01 2.923E-02 4.273E-05 3.068E+03 5.943E-01 2.797E+00 2.000E+00
2.071E+07 4.150E+02 1.178E-01 2.923E-02 4.558E-05 2.999E+03 5.946E-01 2.798E+00 2.000E+00
8.120E+07 3.482E+02 1.228E-01 2.923E-02 5.080E-05 2.739E+03 5.951E-01 2.798E+00 2.000E+00
5.842E+07 3.282E+02 1.244E-01 2.923E-02 6.036E-05 2.806E+03 5.959E-01 2.798E+00 2.000E+00
1.142E+07 3.636E+02 1.217E-01 2.923E-02 7.789E-05 2.758E+03 5.976E-01 2.798E+00 2.000E+00
4.156E+07 2.856E+02 1.280E-01 2.923E-02 1.100E-04 3.118E+03 6.005E-01 2.799E+00 2.000E+00
1.012E+08 2.816E+02 1.285E-01 2.923E-02 1.689E-04 3.173E+03 6.059E-01 2.800E+00 2.000E+00
3.076E+09 3.124E+02 1.264E-01 2.923E-02 2.769E-04 3.057E+03 6.158E-01 2.803E+00 2.000E+00
1.195E+07 2.203E+02 1.347E-01 2.923E-02 4.747E-04 4.390E+03 6.335E-01 2.807E+00 2.000E+00
2.082E+07 2.309E+02 1.355E-01 2.923E-02 8.375E-04 4.218E+03 6.654E-01 2.816E+00 2.000E+00
NAN NAN NAN 2.923E-02 1.502E-03 NAN 7.212E-01 2.831E+00 2.000E+00
NAN NAN NAN 2.923E-02 2.721E-03 NAN 8.114E-01 2.859E+00 2.000E+00
NAN NAN NAN 2.923E-02 4.955E-03 NAN 9.205E-01 2.910E+00 2.000E+00
5.307E+09 2.583E+02 1.299E-01 3.697E-02 3.937E-05 3.626E+03 6.297E-01 2.798E+00 2.000E+00
7.811E+07 3.587E+02 1.221E-01 3.697E-02 3.941E-05 3.274E+03 6.297E-01 2.798E+00 2.000E+00
9.909E+07 3.636E+02 1.217E-01 3.697E-02 3.948E-05 3.359E+03 6.297E-01 2.798E+00 2.000E+00
3.576E+07 3.656E+02 1.215E-01 3.697E-02 3.962E-05 3.401E+03 6.297E-01 2.798E+00 2.000E+00
1.480E+07 3.625E+02 1.218E-01 3.697E-02 3.987E-05 3.339E+03 6.298E-01 2.798E+00 2.000E+00
1.466E+07 2.066E+02 1.336E-01 3.697E-02 4.033E-05 5.959E+03 6.298E-01 2.798E+00 2.000E+00
3.383E+08 3.448E+02 1.231E-01 3.697E-02 4.118E-05 3.145E+03 6.299E-01 2.798E+00 2.000E+00
1.358E+08 3.058E+02 1.262E-01 3.697E-02 4.273E-05 3.141E+03 6.300E-01 2.798E+00 2.000E+00
2.227E+07 2.929E+02 1.273E-01 3.697E-02 4.558E-05 3.223E+03 6.303E-01 2.798E+00 2.000E+00
1.410E+08 3.226E+02 1.249E-01 3.697E-02 5.080E-05 3.113E+03 6.308E-01 2.798E+00 2.000E+00
3.434E+07 2.156E+02 1.332E-01 3.697E-02 6.036E-05 5.233E+03 6.316E-01 2.798E+00 2.000E+00
9.769E+06 2.596E+02 1.300E-01 3.697E-02 7.789E-05 4.719E+03 6.333E-01 2.798E+00 2.000E+00
6.435E+07 2.475E+02 1.311E-01 3.697E-02 1.100E-04 3.840E+03 6.362E-01 2.799E+00 2.000E+00
1.343E+08 2.846E+02 1.284E-01 3.697E-02 1.689E-04 3.373E+03 6.417E-01 2.801E+00 2.000E+00
2.550E+07 2.667E+02 1.302E-01 3.697E-02 2.769E-04 3.612E+03 6.516E-01 2.803E+00 2.000E+00
2.665E+07 2.444E+02 1.329E-01 3.697E-02 4.747E-04 4.054E+03 6.699E-01 2.808E+00 2.000E+00
2.393E+07 2.212E+02 1.366E-01 3.697E-02 8.375E-04 5.196E+03 7.022E-01 2.816E+00 2.000E+00
NAN NAN NAN 3.697E-02 1.502E-03 NAN 7.588E-01 2.831E+00 2.000E+00
NAN NAN NAN 3.697E-02 2.721E-03 NAN 8.502E-01 2.859E+00 2.000E+00
NAN NAN NAN 3.697E-02 4.955E-03 NAN 9.532E-01 2.910E+00 2.000E+00
5.760E+06 2.879E+02 1.277E-01 4.677E-02 3.937E-05 3.727E+03 6.741E-01 2.798E+00 2.000E+00
1.017E+07 2.468E+02 1.310E-01 4.677E-02 3.941E-05 4.081E+03 6.741E-01 2.798E+00 2.000E+00
1.817E+07 2.468E+02 1.310E-01 4.677E-02 3.948E-05 4.081E+03 6.741E-01 2.798E+00 2.000E+00
1.477E+07 2.398E+02 1.315E-01 4.677E-02 3.962E-05 4.238E+03 6.741E-01 2.798E+00 2.000E+00
1.092E+08 2.499E+02 1.307E-01 4.677E-02 3.987E-05 4.023E+03 6.742E-01 2.798E+00 2.000E+00
1.265E+08 3.102E+02 1.260E-01 4.677E-02 4.033E-05 6.518E+03 6.742E-01 2.798E+00 2.000E+00
2.890E+07 2.499E+02 1.308E-01 4.677E-02 4.118E-05 4.024E+03 6.743E-01 2.798E+00 2.000E+00
3.299E+08 2.944E+02 1.272E-01 4.677E-02 4.273E-05 3.766E+03 6.744E-01 2.798E+00 2.000E+00
1.105E+07 2.576E+02 1.302E-01 4.677E-02 4.558E-05 3.919E+03 6.747E-01 2.798E+00 2.000E+00
1.055E+09 2.927E+02 1.274E-01 4.677E-02 5.080E-05 3.781E+03 6.752E-01 2.798E+00 2.000E+00
1.415E+07 2.109E+02 1.337E-01 4.677E-02 6.036E-05 5.580E+03 6.761E-01 2.798E+00 2.000E+00
7.869E+07 2.937E+02 1.274E-01 4.677E-02 7.789E-05 3.895E+03 6.778E-01 2.799E+00 2.000E+00
3.316E+07 2.047E+02 1.344E-01 4.677E-02 1.100E-04 6.049E+03 6.808E-01 2.799E+00 2.000E+00
1.168E+07 2.578E+02 1.307E-01 4.677E-02 1.689E-04 4.071E+03 6.864E-01 2.801E+00 2.000E+00
2.736E+07 2.067E+02 1.351E-01 4.677E-02 2.769E-04 5.536E+03 6.967E-01 2.803E+00 2.000E+00
1.203E+08 2.185E+02 1.352E-01 4.677E-02 4.747E-04 5.159E+03 7.151E-01 2.808E+00 2.000E+00
NAN NAN NAN 4.677E-02 8.375E-04 NAN 7.483E-01 2.816E+00 2.000E+00
NAN NAN NAN 4.677E-02 1.502E-03 NAN 8.063E-01 2.831E+00 2.000E+00
NAN NAN NAN 4.677E-02 2.721E-03 NAN 8.992E-01 2.859E+00 2.000E+00
NAN NAN NAN 4.677E-02 4.955E-03 NAN 9.893E-01 2.911E+00 2.000E+00
3.481E+07 2.369E+02 1.320E-01 5.915E-02 3.937E-05 4.965E+03 7.294E-01 2.798E+00 3.000E+00
1.290E+07 2.470E+02 1.312E-01 5.915E-02 3.941E-05 4.980E+03 7.294E-01 2.798E+00 3.000E+00
2.610E+07 2.470E+02 1.312E-01 5.915E-02 3.948E-05 4.980E+03 7.294E-01 2.798E+00 3.000E+00
3.972E+07 2.479E+02 1.311E-01 5.915E-02 3.962E-05 4.998E+03 7.294E-01 2.798E+00 3.000E+00
1.163E+08 2.129E+02 1.338E-01 5.915E-02 3.987E-05 5.665E+03 7.295E-01 2.798E+00 3.000E+00
4.898E+08 2.155E+02 1.336E-01 5.915E-02 4.033E-05 5.524E+03 7.295E-01 2.798E+00 3.000E+00
5.995E+06 2.504E+02 1.309E-01 5.915E-02 4.118E-05 5.050E+03 7.296E-01 2.798E+00 3.000E+00
2.040E+07 2.255E+02 1.329E-01 5.915E-02 4.273E-05 5.164E+03 7.297E-01 2.798E+00 3.000E+00
2.912E+08 2.015E+02 1.346E-01 5.915E-02 4.558E-05 6.571E+03 7.300E-01 2.798E+00 3.000E+00
9.030E+07 2.351E+02 1.322E-01 5.915E-02 5.080E-05 5.016E+03 7.305E-01 2.798E+00 3.000E+00
2.482E+07 2.146E+02 1.337E-01 5.915E-02 6.036E-05 5.575E+03 7.315E-01 2.799E+00 3.000E+00
7.150E+07 2.362E+02 1.322E-01 5.915E-02 7.789E-05 5.245E+03 7.332E-01 2.799E+00 3.000E+00
2.997E+07 2.390E+02 1.321E-01 5.915E-02 1.100E-04 5.315E+03 7.363E-01 2.800E+00 3.000E+00
1.765E+07 2.238E+02 1.336E-01 5.915E-02 1.689E-04 5.557E+03 7.420E-01 2.801E+00 3.000E+00
1.780E+07 2.114E+02 1.351E-01 5.915E-02 2.769E-04 6.198E+03 7.526E-01 2.804E+00 3.000E+00
NAN NAN NAN 5.915E-02 4.747E-04 NAN 7.715E-01 2.808E+00 3.000E+00
NAN NAN NAN 5.915E-02 8.375E-04 NAN 8.057E-01 2.816E+00 3.000E+00
NAN NAN NAN 5.915E-02 1.502E-03 NAN 8.655E-01 2.832E+00 3.000E+00
NAN NAN NAN 5.915E-02 2.721E-03 NAN 9.611E-01 2.860E+00 3.000E+00
NAN NAN NAN 5.915E-02 4.955E-03 NAN 1.000E+00 2.911E+00 0.000E+00
NAN NAN NAN 7.482E-02 3.937E-05 NAN 7.977E-01 2.798E+00 3.000E+00
NAN NAN NAN 7.482E-02 3.941E-05 NAN 7.977E-01 2.798E+00 3.000E+00
NAN NAN NAN 7.482E-02 3.948E-05 NAN 7.977E-01 2.798E+00 3.000E+00
NAN NAN NAN 7.482E-02 3.962E-05 NAN 7.977E-01 2.798E+00 3.000E+00
NAN NAN NAN 7.482E-02 3.987E-05 NAN 7.977E-01 2.798E+00 3.000E+00
NAN NAN NAN 7.482E-02 4.033E-05 NAN 7.978E-01 2.798E+00 3.000E+00
NAN NAN NAN 7.482E-02 4.118E-05 NAN 7.979E-01 2.798E+00 3.000E+00
NAN NAN NAN 7.482E-02 4.273E-05 NAN 7.980E-01 2.799E+00 3.000E+00
NAN NAN NAN 7.482E-02 4.558E-05 NAN 7.983E-01 2.799E+00 3.000E+00
NAN NAN NAN 7.482E-02 5.080E-05 NAN 7.988E-01 2.799E+00 3.000E+00
NAN NAN NAN 7.482E-02 6.036E-05 NAN 7.998E-01 2.799E+00 3.000E+00
NAN NAN NAN 7.482E-02 7.789E-05 NAN 8.016E-01 2.799E+00 3.000E+00
NAN NAN NAN 7.482E-02 1.100E-04 NAN 8.049E-01 2.800E+00 3.000E+00
NAN NAN NAN 7.482E-02 1.689E-04 NAN 8.107E-01 2.801E+00 3.000E+00
NAN NAN NAN 7.482E-02 2.769E-04 NAN 8.215E-01 2.804E+00 3.000E+00
NAN NAN NAN 7.482E-02 4.747E-04 NAN 8.413E-01 2.808E+00 3.000E+00
NAN NAN NAN 7.482E-02 8.375E-04 NAN 8.768E-01 2.817E+00 3.000E+00
NAN NAN NAN 7.482E-02 1.502E-03 NAN 9.393E-01 2.832E+00 3.000E+00
NAN NAN NAN 7.482E-02 2.721E-03 NAN 1.000E+00 2.860E+00 3.000E+00
NAN NAN NAN 7.482E-02 4.955E-03 NAN 1.000E+00 2.911E+00 0.000E+00
NAN NAN NAN 9.464E-02 3.937E-05 NAN 8.806E-01 2.799E+00 3.000E+00
NAN NAN NAN 9.464E-02 3.941E-05 NAN 8.806E-01 2.799E+00 3.000E+00
NAN NAN NAN 9.464E-02 3.948E-05 NAN 8.806E-01 2.799E+00 3.000E+00
NAN NAN NAN 9.464E-02 3.962E-05 NAN 8.806E-01 2.799E+00 3.000E+00
NAN NAN NAN 9.464E-02 3.987E-05 NAN 8.806E-01 2.799E+00 3.000E+00
NAN NAN NAN 9.464E-02 4.033E-05 NAN 8.807E-01 2.799E+00 3.000E+00
NAN NAN NAN 9.464E-02 4.118E-05 NAN 8.808E-01 2.799E+00 3.000E+00
NAN NAN NAN 9.464E-02 4.273E-05 NAN 8.809E-01 2.799E+00 3.000E+00
NAN NAN NAN 9.464E-02 4.558E-05 NAN 8.812E-01 2.799E+00 3.000E+00
NAN NAN NAN 9.464E-02 5.080E-05 NAN 8.818E-01 2.799E+00 3.000E+00
NAN NAN NAN 9.464E-02 6.036E-05 NAN 8.828E-01 2.799E+00 3.000E+00
NAN NAN NAN 9.464E-02 7.789E-05 NAN 8.847E-01 2.800E+00 3.000E+00
NAN NAN NAN 9.464E-02 1.100E-04 NAN 8.881E-01 2.800E+00 3.000E+00
NAN NAN NAN 9.464E-02 1.689E-04 NAN 8.943E-01 2.802E+00 3.000E+00
NAN NAN NAN 9.464E-02 2.769E-04 NAN 9.055E-01 2.804E+00 3.000E+00
NAN NAN NAN 9.464E-02 4.747E-04 NAN 9.261E-01 2.809E+00 3.000E+00
NAN NAN NAN 9.464E-02 8.375E-04 NAN 9.634E-01 2.817E+00 3.000E+00
NAN NAN NAN 9.464E-02 1.502E-03 NAN 1.000E+00 2.832E+00 3.000E+00
NAN NAN NAN 9.464E-02 2.721E-03 NAN 1.000E+00 2.860E+00 3.000E+00
NAN NAN NAN 9.464E-02 4.955E-03 NAN 1.000E+00 2.912E+00 0.000E+00
NAN NAN NAN 1.197E-01 3.937E-05 NAN 9.794E-01 2.799E+00 3.000E+00
NAN NAN NAN 1.197E-01 3.941E-05 NAN 9.794E-01 2.799E+00 3.000E+00
NAN NAN NAN 1.197E-01 3.948E-05 NAN 9.794E-01 2.799E+00 3.000E+00
NAN NAN NAN 1.197E-01 3.962E-05 NAN 9.794E-01 2.799E+00 3.000E+00
NAN NAN NAN 1.197E-01 3.987E-05 NAN 9.794E-01 2.799E+00 3.000E+00
NAN NAN NAN 1.197E-01 4.033E-05 NAN 9.795E-01 2.799E+00 3.000E+00
NAN NAN NAN 1.197E-01 4.118E-05 NAN 9.796E-01 2.799E+00 3.000E+00
NAN NAN NAN 1.197E-01 4.273E-05 NAN 9.797E-01 2.800E+00 3.000E+00
NAN NAN NAN 1.197E-01 4.558E-05 NAN 9.801E-01 2.800E+00 3.000E+00
NAN NAN NAN 1.197E-01 5.080E-05 NAN 9.806E-01 2.800E+00 3.000E+00
NAN NAN NAN 1.197E-01 6.036E-05 NAN 9.817E-01 2.800E+00 3.000E+00
NAN NAN NAN 1.197E-01 7.789E-05 NAN 9.836E-01 2.800E+00 3.000E+00
NAN NAN NAN 1.197E-01 1.100E-04 NAN 9.872E-01 2.801E+00 3.000E+00
NAN NAN NAN 1.197E-01 1.689E-04 NAN 9.936E-01 2.802E+00 3.000E+00
NAN NAN NAN 1.197E-01 2.769E-04 NAN 1.000E+00 2.805E+00 3.000E+00
NAN NAN NAN 1.197E-01 4.747E-04 NAN 1.000E+00 2.809E+00 3.000E+00
NAN NAN NAN 1.197E-01 8.375E-04 NAN 1.000E+00 2.818E+00 3.000E+00
NAN NAN NAN 1.197E-01 1.502E-03 NAN 1.000E+00 2.833E+00 3.000E+00
NAN NAN NAN 1.197E-01 2.721E-03 NAN 1.000E+00 2.861E+00 3.000E+00
NAN NAN NAN 1.197E-01 4.955E-03 NAN 1.000E+00 2.912E+00 0.000E+00
NAN NAN NAN 1.514E-01 3.937E-05 NAN 1.000E+00 2.800E+00 3.000E+00
NAN NAN NAN 1.514E-01 3.941E-05 NAN 1.000E+00 2.800E+00 3.000E+00
NAN NAN NAN 1.514E-01 3.948E-05 NAN 1.000E+00 2.800E+00 3.000E+00
NAN NAN NAN 1.514E-01 3.962E-05 NAN 1.000E+00 2.800E+00 3.000E+00
NAN NAN NAN 1.514E-01 3.987E-05 NAN 1.000E+00 2.800E+00 3.000E+00
NAN NAN NAN 1.514E-01 4.033E-05 NAN 1.000E+00 2.800E+00 3.000E+00
NAN NAN NAN 1.514E-01 4.118E-05 NAN 1.000E+00 2.800E+00 3.000E+00
NAN NAN NAN 1.514E-01 4.273E-05 NAN 1.000E+00 2.800E+00 3.000E+00
NAN NAN NAN 1.514E-01 4.558E-05 NAN 1.000E+00 2.800E+00 3.000E+00
NAN NAN NAN 1.514E-01 5.080E-05 NAN 1.000E+00 2.800E+00 3.000E+00
NAN NAN NAN 1.514E-01 6.036E-05 NAN 1.000E+00 2.801E+00 3.000E+00
NAN NAN NAN 1.514E-01 7.789E-05 NAN 1.000E+00 2.801E+00 3.000E+00
NAN NAN NAN 1.514E-01 1.100E-04 NAN 1.000E+00 2.802E+00 3.000E+00
NAN NAN NAN 1.514E-01 1.689E-04 NAN 1.000E+00 2.803E+00 3.000E+00
NAN NAN NAN 1.514E-01 2.769E-04 NAN 1.000E+00 2.806E+00 3.000E+00
NAN NAN NAN 1.514E-01 4.747E-04 NAN 1.000E+00 2.810E+00 3.000E+00
NAN NAN NAN 1.514E-01 8.375E-04 NAN 1.000E+00 2.818E+00 3.000E+00
NAN NAN NAN 1.514E-01 1.502E-03 NAN 1.000E+00 2.834E+00 3.000E+00
NAN NAN NAN 1.514E-01 2.721E-03 NAN 1.000E+00 2.862E+00 3.000E+00
NAN NAN NAN 1.514E-01 4.955E-03 NAN 1.000E+00 2.913E+00 0.000E+00
NAN NAN NAN 1.915E-01 3.937E-05 NAN 1.000E+00 2.801E+00 3.000E+00
NAN NAN NAN 1.915E-01 3.941E-05 NAN 1.000E+00 2.801E+00 3.000E+00
NAN NAN NAN 1.915E-01 3.948E-05 NAN 1.000E+00 2.801E+00 3.000E+00
NAN NAN NAN 1.915E-01 3.962E-05 NAN 1.000E+00 2.801E+00 3.000E+00
NAN NAN NAN 1.915E-01 3.987E-05 NAN 1.000E+00 2.801E+00 3.000E+00
NAN NAN NAN 1.915E-01 4.033E-05 NAN 1.000E+00 2.801E+00 3.000E+00
NAN NAN NAN 1.915E-01 4.118E-05 NAN 1.000E+00 2.801E+00 3.000E+00
NAN NAN NAN 1.915E-01 4.273E-05 NAN 1.000E+00 2.801E+00 3.000E+00
NAN NAN NAN 1.915E-01 4.558E-05 NAN 1.000E+00 2.801E+00 3.000E+00
NAN NAN NAN 1.915E-01 5.080E-05 NAN 1.000E+00 2.801E+00 3.000E+00
NAN NAN NAN 1.915E-01 6.036E-05 NAN 1.000E+00 2.802E+00 3.000E+00
NAN NAN NAN 1.915E-01 7.789E-05 NAN 1.000E+00 2.802E+00 3.000E+00
NAN NAN NAN 1.915E-01 1.100E-04 NAN 1.000E+00 2.803E+00 3.000E+00
NAN NAN NAN 1.915E-01 1.689E-04 NAN 1.000E+00 2.804E+00 3.000E+00
NAN NAN NAN 1.915E-01 2.769E-04 NAN 1.000E+00 2.807E+00 3.000E+00
NAN NAN NAN 1.915E-01 4.747E-04 NAN 1.000E+00 2.811E+00 3.000E+00
NAN NAN NAN 1.915E-01 8.375E-04 NAN 1.000E+00 2.819E+00 3.000E+00
NAN NAN NAN 1.915E-01 1.502E-03 NAN 1.000E+00 2.835E+00 3.000E+00
NAN NAN NAN 1.915E-01 2.721E-03 NAN 1.000E+00 2.863E+00 3.000E+00
NAN NAN NAN 1.915E-01 4.955E-03 NAN 1.000E+00 2.914E+00 3.000E+00
NAN NAN NAN 2.422E-01 3.937E-05 NAN 1.000E+00 2.802E+00 3.000E+00
NAN NAN NAN 2.422E-01 3.941E-05 NAN 1.000E+00 2.802E+00 3.000E+00
NAN NAN NAN 2.422E-01 3.948E-05 NAN 1.000E+00 2.802E+00 3.000E+00
NAN NAN NAN 2.422E-01 3.962E-05 NAN 1.000E+00 2.802E+00 3.000E+00
NAN NAN NAN 2.422E-01 3.987E-05 NAN 1.000E+00 2.802E+00 3.000E+00
NAN NAN NAN 2.422E-01 4.033E-05 NAN 1.000E+00 2.802E+00 3.000E+00
NAN NAN NAN 2.422E-01 4.118E-05 NAN 1.000E+00 2.802E+00 3.000E+00
NAN NAN NAN 2.422E-01 4.273E-05 NAN 1.000E+00 2.802E+00 3.000E+00
NAN NAN NAN 2.422E-01 4.558E-05 NAN 1.000E+00 2.802E+00 3.000E+00
NAN NAN NAN 2.422E-01 5.080E-05 NAN 1.000E+00 2.803E+00 3.000E+00
NAN NAN NAN 2.422E-01 6.036E-05 NAN 1.000E+00 2.803E+00 3.000E+00
NAN NAN NAN 2.422E-01 7.789E-05 NAN 1.000E+00 2.803E+00 3.000E+00
NAN NAN NAN 2.422E-01 1.100E-04 NAN 1.000E+00 2.804E+00 3.000E+00
NAN NAN NAN 2.422E-01 1.689E-04 NAN 1.000E+00 2.805E+00 3.000E+00
NAN NAN NAN 2.422E-01 2.769E-04 NAN 1.000E+00 2.808E+00 3.000E+00
NAN NAN NAN 2.422E-01 4.747E-04 NAN 1.000E+00 2.812E+00 3.000E+00
NAN NAN NAN 2.422E-01 8.375E-04 NAN 1.000E+00 2.821E+00 3.000E+00
NAN NAN NAN 2.422E-01 1.502E-03 NAN 1.000E+00 2.836E+00 3.000E+00
NAN NAN NAN 2.422E-01 2.721E-03 NAN 1.000E+00 2.864E+00 3.000E+00
NAN NAN NAN 2.422E-01 4.955E-03 NAN 1.000E+00 2.915E+00 3.000E+00
NAN NAN NAN 3.064E-01 3.937E-05 NAN 1.000E+00 2.804E+00 3.000E+00
NAN NAN NAN 3.064E-01 3.941E-05 NAN 1.000E+00 2.804E+00 3.000E+00
NAN NAN NAN 3.064E-01 3.948E-05 NAN 1.000E+00 2.804E+00 3.000E+00
NAN NAN NAN 3.064E-01 3.962E-05 NAN 1.000E+00 2.804E+00 3.000E+00
NAN NAN NAN 3.064E-01 3.987E-05 NAN 1.000E+00 2.804E+00 3.000E+00
NAN NAN NAN 3.064E-01 4.033E-05 NAN 1.000E+00 2.804E+00 3.000E+00
NAN NAN NAN 3.064E-01 4.118E-05 NAN 1.000E+00 2.804E+00 3.000E+00
NAN NAN NAN 3.064E-01 4.273E-05 NAN 1.000E+00 2.804E+00 3.000E+00
NAN NAN NAN 3.064E-01 4.558E-05 NAN 1.000E+00 2.804E+00 3.000E+00
NAN NAN NAN 3.064E-01 5.080E-05 NAN 1.000E+00 2.804E+00 3.000E+00
NAN NAN NAN 3.064E-01 6.036E-05 NAN 1.000E+00 2.804E+00 3.000E+00
NAN NAN NAN 3.064E-01 7.789E-05 NAN 1.000E+00 2.805E+00 3.000E+00
NAN NAN NAN 3.064E-01 1.100E-04 NAN 1.000E+00 2.805E+00 3.000E+00
NAN NAN NAN 3.064E-01 1.689E-04 NAN 1.000E+00 2.807E+00 3.000E+00
NAN NAN NAN 3.064E-01 2.769E-04 NAN 1.000E+00 2.809E+00 3.000E+00
NAN NAN NAN 3.064E-01 4.747E-04 NAN 1.000E+00 2.814E+00 3.000E+00
NAN NAN NAN 3.064E-01 8.375E-04 NAN 1.000E+00 2.822E+00 3.000E+00
NAN NAN NAN 3.064E-01 1.502E-03 NAN 1.000E+00 2.837E+00 3.000E+00
NAN NAN NAN 3.064E-01 2.721E-03 NAN 1.000E+00 2.865E+00 3.000E+00
NAN NAN NAN 3.064E-01 4.955E-03 NAN 1.000E+00 2.917E+00 3.000E+00
NAN NAN NAN 3.875E-01 3.937E-05 NAN 1.000E+00 2.806E+00 3.000E+00
NAN NAN NAN 3.875E-01 3.941E-05 NAN 1.000E+00 2.806E+00 3.000E+00
NAN NAN NAN 3.875E-01 3.948E-05 NAN 1.000E+00 2.806E+00 3.000E+00
NAN NAN NAN 3.875E-01 3.962E-05 NAN 1.000E+00 2.806E+00 3.000E+00
NAN NAN NAN 3.875E-01 3.987E-05 NAN 1.000E+00 2.806E+00 3.000E+00
NAN NAN NAN 3.875E-01 4.033E-05 NAN 1.000E+00 2.806E+00 3.000E+00
NAN NAN NAN 3.875E-01 4.118E-05 NAN 1.000E+00 2.806E+00 3.000E+00
NAN NAN NAN 3.875E-01 4.273E-05 NAN 1.000E+00 2.806E+00 3.000E+00
NAN NAN NAN 3.875E-01 4.558E-05 NAN 1.000E+00 2.806E+00 3.000E+00
NAN NAN NAN 3.875E-01 5.080E-05 NAN 1.000E+00 2.806E+00 3.000E+00
NAN NAN NAN 3.875E-01 6.036E-05 NAN 1.000E+00 2.806E+00 3.000E+00
NAN NAN NAN 3.875E-01 7.789E-05 NAN 1.000E+00 2.806E+00 3.000E+00
NAN NAN NAN 3.875E-01 1.100E-04 NAN 1.000E+00 2.807E+00 3.000E+00
NAN NAN NAN 3.875E-01 1.689E-04 NAN 1.000E+00 2.809E+00 3.000E+00
NAN NAN NAN 3.875E-01 2.769E-04 NAN 1.000E+00 2.811E+00 3.000E+00
NAN NAN NAN 3.875E-01 4.747E-04 NAN 1.000E+00 2.816E+00 3.000E+00
NAN NAN NAN 3.875E-01 8.375E-04 NAN 1.000E+00 2.824E+00 3.000E+00
NAN NAN NAN 3.875E-01 1.502E-03 NAN 1.000E+00 2.839E+00 3.000E+00
NAN NAN NAN 3.875E-01 2.721E-03 NAN 1.000E+00 2.867E+00 3.000E+00
NAN NAN NAN 3.875E-01 4.955E-03 NAN 1.000E+00 2.918E+00 3.000E+00
NAN NAN NAN 4.902E-01 3.937E-05 NAN 1.000E+00 2.954E+00 3.000E+00
NAN NAN NAN 4.902E-01 3.941E-05 NAN 1.000E+00 2.954E+00 3.000E+00
NAN NAN NAN 4.902E-01 3.948E-05 NAN 1.000E+00 2.954E+00 3.000E+00
NAN NAN NAN 4.902E-01 3.962E-05 NAN 1.000E+00 2.954E+00 3.000E+00
NAN NAN NAN 4.902E-01 3.987E-05 NAN 1.000E+00 2.954E+00 3.000E+00
NAN NAN NAN 4.902E-01 4.033E-05 NAN 1.000E+00 2.954E+00 3.000E+00
NAN NAN NAN 4.902E-01 4.118E-05 NAN 1.000E+00 2.954E+00 3.000E+00
NAN NAN NAN 4.902E-01 4.273E-05 NAN 1.000E+00 2.954E+00 3.000E+00
NAN NAN NAN 4.902E-01 4.558E-05 NAN 1.000E+00 2.955E+00 3.000E+00
NAN NAN NAN 4.902E-01 5.080E-05 NAN 1.000E+00 2.955E+00 3.000E+00
NAN NAN NAN 4.902E-01 6.036E-05 NAN 1.000E+00 2.955E+00 3.000E+00
NAN NAN NAN 4.902E-01 7.789E-05 NAN 1.000E+00 2.956E+00 3.000E+00
NAN NAN NAN 4.902E-01 1.100E-04 NAN 1.000E+00 2.958E+00 3.000E+00
NAN NAN NAN 4.902E-01 1.689E-04 NAN 1.000E+00 2.962E+00 3.000E+00
NAN NAN NAN 4.902E-01 2.769E-04 NAN 1.000E+00 2.968E+00 3.000E+00
NAN NAN NAN 4.902E-01 4.747E-04 NAN 1.000E+00 2.980E+00 3.000E+00
NAN NAN NAN 4.902E-01 8.375E-04 NAN 1.000E+00 3.002E+00 3.000E+00
NAN NAN NAN 4.902E-01 1.502E-03 NAN 1.000E+00 3.042E+00 3.000E+00
NAN NAN NAN 4.902E-01 2.721E-03 NAN 1.000E+00 3.119E+00 3.000E+00
NAN NAN NAN 4.902E-01 4.955E-03 NAN 1.000E+00 3.269E+00 3.000E+00
NAN NAN NAN 6.200E-01 3.937E-05 NAN 1.000E+00 3.602E+00 3.000E+00
NAN NAN NAN 6.200E-01 3.941E-05 NAN 1.000E+00 3.602E+00 3.000E+00
NAN NAN NAN 6.200E-01 3.948E-05 NAN 1.000E+00 3.602E+00 3.000E+00
NAN NAN NAN 6.200E-01 3.962E-05 NAN 1.000E+00 3.602E+00 3.000E+00
NAN NAN NAN 6.200E-01 3.987E-05 NAN 1.000E+00 3.602E+00 3.000E+00
NAN NAN NAN 6.200E-01 4.033E-05 NAN 1.000E+00 3.602E+00 3.000E+00
NAN NAN NAN 6.200E-01 4.118E-05 NAN 1.000E+00 3.603E+00 3.000E+00
NAN NAN NAN 6.200E-01 4.273E-05 NAN 1.000E+00 3.603E+00 3.000E+00
NAN NAN NAN 6.200E-01 4.558E-05 NAN 1.000E+00 3.603E+00 3.000E+00
NAN NAN NAN 6.200E-01 5.080E-05 NAN 1.000E+00 3.603E+00 3.000E+00
NAN NAN NAN 6.200E-01 6.036E-05 NAN 1.000E+00 3.604E+00 3.000E+00
NAN NAN NAN 6.200E-01 7.789E-05 NAN 1.000E+00 3.605E+00 3.000E+00
NAN NAN NAN 6.200E-01 1.100E-04 NAN 1.000E+00 3.607E+00 3.000E+00
NAN NAN NAN 6.200E-01 1.689E-04 NAN 1.000E+00 3.610E+00 3.000E+00
NAN NAN NAN 6.200E-01 2.769E-04 NAN 1.000E+00 3.617E+00 3.000E+00
NAN NAN NAN 6.200E-01 4.747E-04 NAN 1.000E+00 3.628E+00 3.000E+00
NAN NAN NAN 6.200E-01 8.375E-04 NAN 1.000E+00 3.650E+00 3.000E+00
NAN NAN NAN 6.200E-01 1.502E-03 NAN 1.000E+00 3.690E+00 3.000E+00
NAN NAN NAN 6.200E-01 2.721E-03 NAN 1.000E+00 3.768E+00 3.000E+00
NAN NAN NAN 6.200E-01 4.955E-03 NAN 1.000E+00 3.917E+00 3.000E+00
NAN NAN NAN 7.842E-01 3.937E-05 NAN 1.000E+00 4.422E+00 3.000E+00
NAN NAN NAN 7.842E-01 3.941E-05 NAN 1.000E+00 4.422E+00 3.000E+00
NAN NAN NAN 7.842E-01 3.948E-05 NAN 1.000E+00 4.422E+00 3.000E+00
NAN NAN NAN 7.842E-01 3.962E-05 NAN 1.000E+00 4.422E+00 3.000E+00
NAN NAN NAN 7.842E-01 3.987E-05 NAN 1.000E+00 4.422E+00 3.000E+00
NAN NAN NAN 7.842E-01 4.033E-05 NAN 1.000E+00 4.422E+00 3.000E+00
NAN NAN NAN 7.842E-01 4.118E-05 NAN 1.000E+00 4.423E+00 3.000E+00
NAN NAN NAN 7.842E-01 4.273E-05 NAN 1.000E+00 4.423E+00 3.000E+00
NAN NAN NAN 7.842E-01 4.558E-05 NAN 1.000E+00 4.423E+00 3.000E+00
NAN NAN NAN 7.842E-01 5.080E-05 NAN 1.000E+00 4.423E+00 3.000E+00
NAN NAN NAN 7.842E-01 6.036E-05 NAN 1.000E+00 4.424E+00 3.000E+00
NAN NAN NAN 7.842E-01 7.789E-05 NAN 1.000E+00 4.425E+00 3.000E+00
NAN NAN NAN 7.842E-01 1.100E-04 NAN 1.000E+00 4.427E+00 3.000E+00
NAN NAN NAN 7.842E-01 1.689E-04 NAN 1.000E+00 4.430E+00 3.000E+00
NAN NAN NAN 7.842E-01 2.769E-04 NAN 1.000E+00 4.437E+00 3.000E+00
NAN NAN NAN 7.842E-01 4.747E-04 NAN 1.000E+00 4.448E+00 3.000E+00
NAN NAN NAN 7.842E-01 8.375E-04 NAN 1.000E+00 4.470E+00 3.000E+00
NAN NAN NAN 7.842E-01 1.502E-03 NAN 1.000E+00 4.511E+00 3.000E+00
NAN NAN NAN 7.842E-01 2.721E-03 NAN 1.000E+00 4.590E+00 3.000E+00
NAN NAN NAN 7.842E-01 4.955E-03 NAN 1.000E+00 4.736E+00 3.000E+00
NAN NAN NAN 9.919E-01 3.937E-05 NAN 1.000E+00 5.460E+00 3.000E+00
NAN NAN NAN 9.919E-01 3.941E-05 NAN 1.000E+00 5.460E+00 3.000E+00
NAN NAN NAN 9.919E-01 3.948E-05 NAN 1.000E+00 5.460E+00 3.000E+00
NAN NAN NAN 9.919E-01 3.962E-05 NAN 1.000E+00 5.460E+00 3.000E+00
NAN NAN NAN 9.919E-01 3.987E-05 NAN 1.000E+00 5.460E+00 3.000E+00
NAN NAN NAN 9.919E-01 4.033E-05 NAN 1.000E+00 5.460E+00 3.000E+00
NAN NAN NAN 9.919E-01 4.118E-05 NAN 1.000E+00 5.460E+00 3.000E+00
NAN NAN NAN 9.919E-01 4.273E-05 NAN 1.000E+00 5.460E+00 3.000E+00
NAN NAN NAN 9.919E-01 4.558E-05 NAN 1.000E+00 5.460E+00 3.000E+00
NAN NAN NAN 9.919E-01 5.080E-05 NAN 1.000E+00 5.460E+00 3.000E+00
NAN NAN NAN 9.919E-01 6.036E-05 NAN 1.000E+00 5.461E+00 3.000E+00
NAN NAN NAN 9.919E-01 7.789E-05 NAN 1.000E+00 5.462E+00 3.000E+00
NAN NAN NAN 9.919E-01 1.100E-04 NAN 1.000E+00 5.464E+00 3.000E+00
NAN NAN NAN 9.919E-01 1.689E-04 NAN 1.000E+00 5.467E+00 3.000E+00
NAN NAN NAN 9.919E-01 2.769E-04 NAN 1.000E+00 5.474E+00 3.000E+00
NAN NAN NAN 9.919E-01 4.747E-04 NAN 1.000E+00 5.486E+00 3.000E+00
NAN NAN NAN 9.919E-01 8.375E-04 NAN 1.000E+00 5.507E+00 3.000E+00
NAN NAN NAN 9.919E-01 1.502E-03 NAN 1.000E+00 5.550E+00 3.000E+00
NAN NAN NAN 9.919E-01 2.721E-03 NAN 1.000E+00 5.630E+00 3.000E+00
NAN NAN NAN 9.919E-01 4.955E-03 NAN 1.000E+00 5.775E+00 3.000E+00
NAN NAN NAN 1.255E+00 3.937E-05 NAN 1.000E+00 6.774E+00 3.000E+00
NAN NAN NAN 1.255E+00 3.941E-05 NAN 1.000E+00 6.774E+00 3.000E+00
NAN NAN NAN 1.255E+00 3.948E-05 NAN 1.000E+00 6.774E+00 3.000E+00
NAN NAN NAN 1.255E+00 3.962E-05 NAN 1.000E+00 6.774E+00 3.000E+00
NAN NAN NAN 1.255E+00 3.987E-05 NAN 1.000E+00 6.774E+00 3.000E+00
NAN NAN NAN 1.255E+00 4.033E-05 NAN 1.000E+00 6.774E+00 3.000E+00
NAN NAN NAN 1.255E+00 4.118E-05 NAN 1.000E+00 6.774E+00 3.000E+00
NAN NAN NAN 1.255E+00 4.273E-05 NAN 1.000E+00 6.774E+00 3.000E+00
NAN NAN NAN 1.255E+00 4.558E-05 NAN 1.000E+00 6.774E+00 3.000E+00
NAN NAN NAN 1.255E+00 5.080E-05 NAN 1.000E+00 6.774E+00 3.000E+00
NAN NAN NAN 1.255E+00 6.036E-05 NAN 1.000E+00 6.775E+00 3.000E+00
NAN NAN NAN 1.255E+00 7.789E-05 NAN 1.000E+00 6.776E+00 3.000E+00
NAN NAN NAN 1.255E+00 1.100E-04 NAN 1.000E+00 6.778E+00 3.000E+00
NAN NAN NAN 1.255E+00 1.689E-04 NAN 1.000E+00 6.781E+00 3.000E+00
NAN NAN NAN 1.255E+00 2.769E-04 NAN 1.000E+00 6.788E+00 3.000E+00
NAN NAN NAN 1.255E+00 4.747E-04 NAN 1.000E+00 6.800E+00 3.000E+00
NAN NAN NAN 1.255E+00 8.375E-04 NAN 1.000E+00 6.824E+00 3.000E+00
NAN NAN NAN 1.255E+00 1.502E-03 NAN 1.000E+00 6.867E+00 3.000E+00
NAN NAN NAN 1.255E+00 2.721E-03 NAN 1.000E+00 6.947E+00 3.000E+00
NAN NAN NAN 1.255E+00 4.955E-03 NAN 1.000E+00 7.092E+00 3.000E+00
NAN NAN NAN 1.587E+00 3.937E-05 NAN 1.000E+00 8.434E+00 3.000E+00
NAN NAN NAN 1.587E+00 3.941E-05 NAN 1.000E+00 8.434E+00 3.000E+00
NAN NAN NAN 1.587E+00 3.948E-05 NAN 1.000E+00 8.434E+00 3.000E+00
NAN NAN NAN 1.587E+00 3.962E-05 NAN 1.000E+00 8.434E+00 3.000E+00
NAN NAN NAN 1.587E+00 3.987E-05 NAN 1.000E+00 8.434E+00 3.000E+00
NAN NAN NAN 1.587E+00 4.033E-05 NAN 1.000E+00 8.434E+00 3.000E+00
NAN NAN NAN 1.587E+00 4.118E-05 NAN 1.000E+00 8.434E+00 3.000E+00
NAN NAN NAN 1.587E+00 4.273E-05 NAN 1.000E+00 8.434E+00 3.000E+00
NAN NAN NAN 1.587E+00 4.558E-05 NAN 1.000E+00 8.434E+00 3.000E+00
NAN NAN NAN 1.587E+00 5.080E-05 NAN 1.000E+00 8.435E+00 3.000E+00
NAN NAN NAN 1.587E+00 6.036E-05 NAN 1.000E+00 8.435E+00 3.000E+00
NAN NAN NAN 1.587E+00 7.789E-05 NAN 1.000E+00 8.436E+00 3.000E+00
NAN NAN NAN 1.587E+00 1.100E-04 NAN 1.000E+00 8.438E+00 3.000E+00
NAN NAN NAN 1.587E+00 1.689E-04 NAN 1.000E+00 8.442E+00 3.000E+00
NAN NAN NAN 1.587E+00 2.769E-04 NAN 1.000E+00 8.449E+00 3.000E+00
NAN NAN NAN 1.587E+00 4.747E-04 NAN 1.000E+00 8.462E+00 3.000E+00
NAN NAN NAN 1.587E+00 8.375E-04 NAN 1.000E+00 8.486E+00 3.000E+00
NAN NAN NAN 1.587E+00 1.502E-03 NAN 1.000E+00 8.529E+00 3.000E+00
NAN NAN NAN 1.587E+00 2.721E-03 NAN 1.000E+00 8.608E+00 3.000E+00
NAN NAN NAN 1.587E+00 4.955E-03 NAN 1.000E+00 8.754E+00 3.000E+00
NAN NAN NAN 2.007E+00 3.937E-05 NAN 1.000E+00 1.054E+01 3.000E+00
NAN NAN NAN 2.007E+00 3.941E-05 NAN 1.000E+00 1.054E+01 3.000E+00
NAN NAN NAN 2.007E+00 3.948E-05 NAN 1.000E+00 1.054E+01 3.000E+00
NAN NAN NAN 2.007E+00 3.962E-05 NAN 1.000E+00 1.054E+01 3.000E+00
NAN NAN NAN 2.007E+00 3.987E-05 NAN 1.000E+00 1.054E+01 3.000E+00
NAN NAN NAN 2.007E+00 4.033E-05 NAN 1.000E+00 1.054E+01 3.000E+00
NAN NAN NAN 2.007E+00 4.118E-05 NAN 1.000E+00 1.054E+01 3.000E+00
NAN NAN NAN 2.007E+00 4.273E-05 NAN 1.000E+00 1.054E+01 3.000E+00
NAN NAN NAN 2.007E+00 4.558E-05 NAN 1.000E+00 1.054E+01 3.000E+00
NAN NAN NAN 2.007E+00 5.080E-05 NAN 1.000E+00 1.054E+01 3.000E+00
NAN NAN NAN 2.007E+00 6.036E-05 NAN 1.000E+00 1.054E+01 3.000E+00
NAN NAN NAN 2.007E+00 7.789E-05 NAN 1.000E+00 1.054E+01 3.000E+00
NAN NAN NAN 2.007E+00 1.100E-04 NAN 1.000E+00 1.054E+01 3.000E+00
NAN NAN NAN 2.007E+00 1.689E-04 NAN 1.000E+00 1.054E+01 3.000E+00
NAN NAN NAN 2.007E+00 2.769E-04 NAN 1.000E+00 1.055E+01 3.000E+00
NAN NAN NAN 2.007E+00 4.747E-04 NAN 1.000E+00 1.056E+01 3.000E+00
NAN NAN NAN 2.007E+00 8.375E-04 NAN 1.000E+00 1.059E+01 3.000E+00
NAN NAN NAN 2.007E+00 1.502E-03 NAN 1.000E+00 1.063E+01 3.000E+00
NAN NAN NAN 2.007E+00 2.721E-03 NAN 1.000E+00 1.071E+01 3.000E+00
NAN NAN NAN 2.007E+00 4.955E-03 NAN 1.000E+00 1.086E+01 3.000E+00
NAN NAN NAN 2.539E+00 3.937E-05 NAN 1.000E+00 1.320E+01 3.000E+00
NAN NAN NAN 2.539E+00 3.941E-05 NAN 1.000E+00 1.320E+01 3.000E+00
NAN NAN NAN 2.539E+00 3.948E-05 NAN 1.000E+00 1.320E+01 3.000E+00
NAN NAN NAN 2.539E+00 3.962E-05 NAN 1.000E+00 1.320E+01 3.000E+00
NAN NAN NAN 2.539E+00 3.987E-05 NAN 1.000E+00 1.320E+01 3.000E+00
NAN NAN NAN 2.539E+00 4.033E-05 NAN 1.000E+00 1.320E+01 3.000E+00
NAN NAN NAN 2.539E+00 4.118E-05 NAN 1.000E+00 1.320E+01 3.000E+00
NAN NAN NAN 2.539E+00 4.273E-05 NAN 1.000E+00 1.320E+01 3.000E+00
NAN NAN NAN 2.539E+00 4.558E-05 NAN 1.000E+00 1.320E+01 3.000E+00
NAN NAN NAN 2.539E+00 5.080E-05 NAN 1.000E+00 1.320E+01 3.000E+00
NAN NAN NAN 2.539E+00 6.036E-05 NAN 1.000E+00 1.320E+01 3.000E+00
NAN NAN NAN 2.539E+00 7.789E-05 NAN 1.000E+00 1.320E+01 3.000E+00
NAN NAN NAN 2.539E+00 1.100E-04 NAN 1.000E+00 1.320E+01 3.000E+00
NAN NAN NAN 2.539E+00 1.689E-04 NAN 1.000E+00 1.321E+01 3.000E+00
NAN NAN NAN 2.539E+00 2.769E-04 NAN 1.000E+00 1.321E+01 3.000E+00
NAN NAN NAN 2.539E+00 4.747E-04 NAN 1.000E+00 1.323E+01 3.000E+00
NAN NAN NAN 2.539E+00 8.375E-04 NAN 1.000E+00 1.325E+01 3.000E+00
NAN NAN NAN 2.539E+00 1.502E-03 NAN 1.000E+00 1.329E+01 3.000E+00
NAN NAN NAN 2.539E+00 2.721E-03 NAN 1.000E+00 1.337E+01 3.000E+00
NAN NAN NAN 2.539E+00 4.955E-03 NAN 1.000E+00 1.352E+01 3.000E+00
NAN NAN NAN 3.211E+00 3.937E-05 NAN 1.000E+00 1.656E+01 3.000E+00
NAN NAN NAN 3.211E+00 3.941E-05 NAN 1.000E+00 1.656E+01 3.000E+00
NAN NAN NAN 3.211E+00 3.948E-05 NAN 1.000E+00 1.656E+01 3.000E+00
NAN NAN NAN 3.211E+00 3.962E-05 NAN 1.000E+00 1.656E+01 3.000E+00
NAN NAN NAN 3.211E+00 3.987E-05 NAN 1.000E+00 1.656E+01 3.000E+00
NAN NAN NAN 3.211E+00 4.033E-05 NAN 1.000E+00 1.656E+01 3.000E+00
NAN NAN NAN 3.211E+00 4.118E-05 NAN 1.000E+00 1.656E+01 3.000E+00
NAN NAN NAN 3.211E+00 4.273E-05 NAN 1.000E+00 1.656E+01 3.000E+00
NAN NAN NAN 3.211E+00 4.558E-05 NAN 1.000E+00 1.656E+01 3.000E+00
NAN NAN NAN 3.211E+00 5.080E-05 NAN 1.000E+00 1.656E+01 3.000E+00
NAN NAN NAN 3.211E+00 6.036E-05 NAN 1.000E+00 1.656E+01 3.000E+00
NAN NAN NAN 3.211E+00 7.789E-05 NAN 1.000E+00 1.656E+01 3.000E+00
NAN NAN NAN 3.211E+00 1.100E-04 NAN 1.000E+00 1.657E+01 3.000E+00
NAN NAN NAN 3.211E+00 1.689E-04 NAN 1.000E+00 1.657E+01 3.000E+00
NAN NAN NAN 3.211E+00 2.769E-04 NAN 1.000E+00 1.658E+01 3.000E+00
NAN NAN NAN 3.211E+00 4.747E-04 NAN 1.000E+00 1.659E+01 3.000E+00
NAN NAN NAN 3.211E+00 8.375E-04 NAN 1.000E+00 1.661E+01 3.000E+00
NAN NAN NAN 3.211E+00 1.502E-03 NAN 1.000E+00 1.666E+01 3.000E+00
NAN NAN NAN 3.211E+00 2.721E-03 NAN 1.000E+00 1.674E+01 3.000E+00
NAN NAN NAN 3.211E+00 4.955E-03 NAN 1.000E+00 1.688E+01 3.000E+00
NAN NAN NAN 4.062E+00 3.937E-05 NAN 1.000E+00 2.082E+01 3.000E+00
NAN NAN NAN 4.062E+00 3.941E-05 NAN 1.000E+00 2.082E+01 3.000E+00
NAN NAN NAN 4.062E+00 3.948E-05 NAN 1.000E+00 2.082E+01 3.000E+00
NAN NAN NAN 4.062E+00 3.962E-05 NAN 1.000E+00 2.082E+01 3.000E+00
NAN NAN NAN 4.062E+00 3.987E-05 NAN 1.000E+00 2.082E+01 3.000E+00
NAN NAN NAN 4.062E+00 4.033E-05 NAN 1.000E+00 2.082E+01 3.000E+00
NAN NAN NAN 4.062E+00 4.118E-05 NAN 1.000E+00 2.082E+01 3.000E+00
NAN NAN NAN 4.062E+00 4.273E-05 NAN 1.000E+00 2.082E+01 3.000E+00
NAN NAN NAN 4.062E+00 4.558E-05 NAN 1.000E+00 2.082E+01 3.000E+00
NAN NAN NAN 4.062E+00 5.080E-05 NAN 1.000E+00 2.082E+01 3.000E+00
NAN NAN NAN 4.062E+00 6.036E-05 NAN 1.000E+00 2.082E+01 3.000E+00
NAN NAN NAN 4.062E+00 7.789E-05 NAN 1.000E+00 2.082E+01 3.000E+00
NAN NAN NAN 4.062E+00 1.100E-04 NAN 1.000E+00 2.083E+01 3.000E+00
NAN NAN NAN 4.062E+00 1.689E-04 NAN 1.000E+00 2.083E+01 3.000E+00
NAN NAN NAN 4.062E+00 2.769E-04 NAN 1.000E+00 2.084E+01 3.000E+00
NAN NAN NAN 4.062E+00 4.747E-04 NAN 1.000E+00 2.085E+01 3.000E+00
NAN NAN NAN 4.062E+00 8.375E-04 NAN 1.000E+00 2.087E+01 3.000E+00
NAN NAN NAN 4.062E+00 1.502E-03 NAN 1.000E+00 2.092E+01 3.000E+00
NAN NAN NAN 4.062E+00 2.721E-03 NAN 1.000E+00 2.100E+01 3.000E+00
NAN NAN NAN 4.062E+00 4.955E-03 NAN 1.000E+00 2.114E+01 3.000E+00
NAN NAN NAN 5.138E+00 3.937E-05 NAN 1.000E+00 2.621E+01 3.000E+00
NAN NAN NAN 5.138E+00 3.941E-05 NAN 1.000E+00 2.621E+01 3.000E+00
NAN NAN NAN 5.138E+00 3.948E-05 NAN 1.000E+00 2.621E+01 3.000E+00
NAN NAN NAN 5.138E+00 3.962E-05 NAN 1.000E+00 2.621E+01 3.000E+00
NAN NAN NAN 5.138E+00 3.987E-05 NAN 1.000E+00 2.621E+01 3.000E+00
NAN NAN NAN 5.138E+00 4.033E-05 NAN 1.000E+00 2.621E+01 3.000E+00
NAN NAN NAN 5.138E+00 4.118E-05 NAN 1.000E+00 2.621E+01 3.000E+00
NAN NAN NAN 5.138E+00 4.273E-05 NAN 1.000E+00 2.621E+01 3.000E+00
NAN NAN NAN 5.138E+00 4.558E-05 NAN 1.000E+00 2.621E+01 3.000E+00
NAN NAN NAN 5.138E+00 5.080E-05 NAN 1.000E+00 2.621E+01 3.000E+00
NAN NAN NAN 5.138E+00 6.036E-05 NAN 1.000E+00 2.621E+01 3.000E+00
NAN NAN NAN 5.138E+00 7.789E-05 NAN 1.000E+00 2.621E+01 3.000E+00
NAN NAN NAN 5.138E+00 1.100E-04 NAN 1.000E+00 2.621E+01 3.000E+00
NAN NAN NAN 5.138E+00 1.689E-04 NAN 1.000E+00 2.622E+01 3.000E+00
NAN NAN NAN 5.138E+00 2.769E-04 NAN 1.000E+00 2.622E+01 3.000E+00
NAN NAN NAN 5.138E+00 4.747E-04 NAN 1.000E+00 2.624E+01 3.000E+00
NAN NAN NAN 5.138E+00 8.375E-04 NAN 1.000E+00 2.626E+01 3.000E+00
NAN NAN NAN 5.138E+00 1.502E-03 NAN 1.000E+00 2.630E+01 3.000E+00
NAN NAN NAN 5.138E+00 2.721E-03 NAN 1.000E+00 2.638E+01 3.000E+00
NAN NAN NAN 5.138E+00 4.955E-03 NAN 1.000E+00 2.653E+01 3.000E+00
