4.953E+06 8.402E+02 1.497E+00 5.137E-05 1.971E-03 1.298E+03 8.916E-01 4.436E+01 2.000E+00
5.084E+06 8.402E+02 1.497E+00 5.137E-05 1.971E-03 1.288E+03 8.916E-01 4.436E+01 2.000E+00
5.343E+06 8.402E+02 1.497E+00 5.137E-05 1.971E-03 1.288E+03 8.916E-01 4.436E+01 2.000E+00
5.902E+06 8.402E+02 1.497E+00 5.137E-05 1.971E-03 1.288E+03 8.916E-01 4.436E+01 2.000E+00
7.338E+06 8.402E+02 1.497E+00 5.137E-05 1.971E-03 1.288E+03 8.916E-01 4.436E+01 2.000E+00
4.371E+07 4.461E+02 1.833E+00 5.137E-05 1.972E-03 1.765E+03 8.916E-01 4.436E+01 2.000E+00
8.266E+06 8.200E+02 1.510E+00 5.137E-05 1.972E-03 1.299E+03 8.916E-01 4.436E+01 2.000E+00
4.383E+06 3.454E+02 1.949E+00 5.137E-05 1.974E-03 2.176E+03 8.916E-01 4.436E+01 2.000E+00
3.721E+07 7.987E+02 1.525E+00 5.137E-05 1.977E-03 1.312E+03 8.916E-01 4.436E+01 2.000E+00
1.949E+07 5.135E+02 1.762E+00 5.137E-05 1.982E-03 1.615E+03 8.917E-01 4.436E+01 2.000E+00
1.503E+06 2.633E+02 2.049E+00 5.137E-05 1.992E-03 3.124E+03 8.917E-01 4.436E+01 2.000E+00
5.724E+06 9.808E+02 1.413E+00 5.137E-05 2.009E-03 1.225E+03 8.919E-01 4.436E+01 2.000E+00
9.259E+06 5.533E+02 1.723E+00 5.137E-05 2.041E-03 1.548E+03 8.921E-01 4.436E+01 2.000E+00
3.862E+06 7.986E+02 1.525E+00 5.137E-05 2.100E-03 1.312E+03 8.925E-01 4.436E+01 2.000E+00
1.733E+07 8.264E+02 1.506E+00 5.137E-05 2.208E-03 1.296E+03 8.934E-01 4.436E+01 2.000E+00
9.934E+07 3.338E+02 1.965E+00 5.137E-05 2.406E-03 2.250E+03 8.948E-01 4.437E+01 2.000E+00
3.616E+06 6.039E+02 1.678E+00 5.137E-05 2.769E-03 1.482E+03 8.976E-01 4.437E+01 2.000E+00
1.185E+07 7.953E+02 1.529E+00 5.137E-05 3.433E-03 1.315E+03 9.025E-01 4.439E+01 2.000E+00
5.174E+06 5.619E+02 1.719E+00 5.137E-05 4.652E-03 1.533E+03 9.117E-01 4.442E+01 2.000E+00
1.225E+07 8.851E+02 1.473E+00 5.137E-05 6.886E-03 1.269E+03 9.284E-01 4.447E+01 2.000E+00
5.284E+06 8.402E+02 1.497E+00 6.498E-05 1.971E-03 1.290E+03 8.916E-01 4.436E+01 2.000E+00
5.434E+06 8.402E+02 1.497E+00 6.498E-05 1.971E-03 1.288E+03 8.916E-01 4.436E+01 2.000E+00
5.735E+06 8.402E+02 1.497E+00 6.498E-05 1.971E-03 1.288E+03 8.916E-01 4.436E+01 2.000E+00
6.391E+06 8.402E+02 1.497E+00 6.498E-05 1.971E-03 1.288E+03 8.916E-01 4.436E+01 2.000E+00
8.134E+06 8.402E+02 1.497E+00 6.498E-05 1.971E-03 1.288E+03 8.916E-01 4.436E+01 2.000E+00
1.259E+07 4.386E+02 1.841E+00 6.498E-05 1.972E-03 1.786E+03 8.916E-01 4.436E+01 2.000E+00
9.489E+06 8.200E+02 1.510E+00 6.498E-05 1.972E-03 1.299E+03 8.916E-01 4.436E+01 2.000E+00
7.145E+06 3.454E+02 1.949E+00 6.498E-05 1.974E-03 2.177E+03 8.916E-01 4.436E+01 2.000E+00
1.304E+08 7.987E+02 1.525E+00 6.498E-05 1.977E-03 1.312E+03 8.917E-01 4.436E+01 2.000E+00
3.340E+06 3.284E+02 1.970E+00 6.498E-05 1.982E-03 2.292E+03 8.917E-01 4.436E+01 2.000E+00
1.477E+06 5.731E+02 1.704E+00 6.498E-05 1.992E-03 1.520E+03 8.918E-01 4.436E+01 2.000E+00
5.767E+06 9.808E+02 1.413E+00 6.498E-05 2.009E-03 1.223E+03 8.919E-01 4.436E+01 2.000E+00
1.868E+07 5.533E+02 1.723E+00 6.498E-05 2.041E-03 1.548E+03 8.921E-01 4.436E+01 2.000E+00
3.723E+06 2.971E+02 2.009E+00 6.498E-05 2.100E-03 2.581E+03 8.926E-01 4.436E+01 2.000E+00
2.379E+07 8.264E+02 1.506E+00 6.498E-05 2.208E-03 1.296E+03 8.934E-01 4.436E+01 2.000E+00
3.852E+06 4.125E+02 1.871E+00 6.498E-05 2.406E-03 1.865E+03 8.949E-01 4.437E+01 2.000E+00
4.256E+06 6.039E+02 1.678E+00 6.498E-05 2.769E-03 1.480E+03 8.976E-01 4.437E+01 2.000E+00
1.522E+07 7.953E+02 1.529E+00 6.498E-05 3.433E-03 1.315E+03 9.026E-01 4.439E+01 2.000E+00
3.414E+06 5.467E+02 1.734E+00 6.498E-05 4.652E-03 1.555E+03 9.117E-01 4.442E+01 2.000E+00
1.908E+07 2.471E+02 2.089E+00 6.498E-05 6.886E-03 3.289E+03 9.285E-01 4.447E+01 2.000E+00
5.777E+06 8.402E+02 1.497E+00 8.219E-05 1.971E-03 1.289E+03 8.917E-01 4.436E+01 2.000E+00
5.960E+06 8.402E+02 1.497E+00 8.219E-05 1.971E-03 1.288E+03 8.917E-01 4.436E+01 2.000E+00
6.329E+06 8.402E+02 1.497E+00 8.219E-05 1.971E-03 1.288E+03 8.917E-01 4.436E+01 2.000E+00
7.150E+06 8.402E+02 1.497E+00 8.219E-05 1.971E-03 1.288E+03 8.917E-01 4.436E+01 2.000E+00
9.445E+06 8.402E+02 1.497E+00 8.219E-05 1.971E-03 1.295E+03 8.917E-01 4.436E+01 2.000E+00
2.436E+07 8.402E+02 1.497E+00 8.219E-05 1.972E-03 1.288E+03 8.917E-01 4.436E+01 2.000E+00
1.171E+07 8.200E+02 1.510E+00 8.219E-05 1.972E-03 1.299E+03 8.917E-01 4.436E+01 2.000E+00
3.953E+07 3.454E+02 1.949E+00 8.219E-05 1.974E-03 2.176E+03 8.917E-01 4.436E+01 2.000E+00
1.172E+06 4.451E+02 1.834E+00 8.219E-05 1.977E-03 1.768E+03 8.917E-01 4.436E+01 2.000E+00
5.345E+06 3.284E+02 1.970E+00 8.219E-05 1.982E-03 2.292E+03 8.917E-01 4.436E+01 2.000E+00
1.592E+06 5.731E+02 1.704E+00 8.219E-05 1.992E-03 1.520E+03 8.918E-01 4.436E+01 2.000E+00
5.821E+06 9.808E+02 1.413E+00 8.219E-05 2.009E-03 1.223E+03 8.919E-01 4.436E+01 2.000E+00
8.256E+06 5.501E+02 1.726E+00 8.219E-05 2.041E-03 1.554E+03 8.922E-01 4.436E+01 2.000E+00
4.502E+06 7.986E+02 1.525E+00 8.219E-05 2.100E-03 1.312E+03 8.926E-01 4.436E+01 2.000E+00
4.554E+07 8.264E+02 1.506E+00 8.219E-05 2.208E-03 1.296E+03 8.934E-01 4.436E+01 2.000E+00
6.222E+06 4.125E+02 1.871E+00 8.219E-05 2.406E-03 1.865E+03 8.949E-01 4.437E+01 2.000E+00
5.523E+06 6.039E+02 1.678E+00 8.219E-05 2.769E-03 1.480E+03 8.976E-01 4.437E+01 2.000E+00
5.025E+07 2.633E+02 2.055E+00 8.219E-05 3.433E-03 3.063E+03 9.026E-01 4.439E+01 2.000E+00
1.003E+07 7.741E+02 1.545E+00 8.219E-05 4.652E-03 1.329E+03 9.118E-01 4.442E+01 2.000E+00
1.652E+07 8.851E+02 1.473E+00 8.219E-05 6.886E-03 1.269E+03 9.285E-01 4.447E+01 2.000E+00
6.564E+06 8.402E+02 1.497E+00 1.040E-04 1.971E-03 1.288E+03 8.917E-01 4.436E+01 2.000E+00
6.805E+06 8.402E+02 1.497E+00 1.040E-04 1.971E-03 1.288E+03 8.917E-01 4.436E+01 2.000E+00
7.299E+06 8.402E+02 1.497E+00 1.040E-04 1.971E-03 1.288E+03 8.917E-01 4.436E+01 2.000E+00
8.437E+06 8.402E+02 1.497E+00 1.040E-04 1.971E-03 1.288E+03 8.917E-01 4.436E+01 2.000E+00
2.333E+07 4.461E+02 1.833E+00 1.040E-04 1.971E-03 1.765E+03 8.917E-01 4.436E+01 2.000E+00
5.570E+07 8.402E+02 1.497E+00 1.040E-04 1.972E-03 1.288E+03 8.917E-01 4.436E+01 2.000E+00
6.091E+07 8.190E+02 1.511E+00 1.040E-04 1.972E-03 1.300E+03 8.917E-01 4.436E+01 2.000E+00
1.213E+07 3.402E+02 1.956E+00 1.040E-04 1.974E-03 2.213E+03 8.917E-01 4.436E+01 2.000E+00
1.311E+06 4.451E+02 1.834E+00 1.040E-04 1.977E-03 1.768E+03 8.918E-01 4.436E+01 2.000E+00
2.503E+07 3.284E+02 1.970E+00 1.040E-04 1.982E-03 2.293E+03 8.918E-01 4.436E+01 2.000E+00
1.772E+06 5.731E+02 1.704E+00 1.040E-04 1.992E-03 1.520E+03 8.919E-01 4.436E+01 2.000E+00
5.892E+06 9.808E+02 1.413E+00 1.040E-04 2.009E-03 1.223E+03 8.920E-01 4.436E+01 2.000E+00
3.040E+07 5.501E+02 1.726E+00 1.040E-04 2.041E-03 1.553E+03 8.922E-01 4.436E+01 2.000E+00
3.262E+08 4.539E+02 1.824E+00 1.040E-04 2.100E-03 1.744E+03 8.927E-01 4.436E+01 2.000E+00
4.800E+06 8.307E+02 1.504E+00 1.040E-04 2.208E-03 1.293E+03 8.935E-01 4.436E+01 2.000E+00
3.208E+07 4.125E+02 1.871E+00 1.040E-04 2.406E-03 1.865E+03 8.950E-01 4.437E+01 2.000E+00
9.027E+06 6.039E+02 1.678E+00 1.040E-04 2.769E-03 1.480E+03 8.977E-01 4.437E+01 2.000E+00
1.691E+06 2.646E+02 2.053E+00 1.040E-04 3.433E-03 3.037E+03 9.027E-01 4.439E+01 2.000E+00
1.508E+07 7.741E+02 1.545E+00 1.040E-04 4.652E-03 1.329E+03 9.118E-01 4.442E+01 2.000E+00
2.203E+07 8.851E+02 1.473E+00 1.040E-04 6.886E-03 1.269E+03 9.286E-01 4.447E+01 2.000E+00
7.962E+06 8.402E+02 1.497E+00 1.315E-04 1.971E-03 1.288E+03 8.918E-01 4.436E+01 2.000E+00
8.328E+06 8.402E+02 1.497E+00 1.315E-04 1.971E-03 1.288E+03 8.918E-01 4.436E+01 2.000E+00
6.605E+06 4.461E+02 1.833E+00 1.315E-04 1.971E-03 1.765E+03 8.918E-01 4.436E+01 2.000E+00
1.664E+07 4.461E+02 1.833E+00 1.315E-04 1.971E-03 1.766E+03 8.918E-01 4.436E+01 2.000E+00
5.226E+07 4.386E+02 1.841E+00 1.315E-04 1.971E-03 1.957E+03 8.918E-01 4.436E+01 2.000E+00
6.132E+07 5.807E+02 1.697E+00 1.315E-04 1.972E-03 1.510E+03 8.918E-01 4.436E+01 2.000E+00
3.797E+07 8.200E+02 1.510E+00 1.315E-04 1.972E-03 1.299E+03 8.918E-01 4.436E+01 2.000E+00
2.509E+06 7.987E+02 1.525E+00 1.315E-04 1.974E-03 1.312E+03 8.918E-01 4.436E+01 2.000E+00
1.554E+06 4.451E+02 1.834E+00 1.315E-04 1.977E-03 1.768E+03 8.918E-01 4.436E+01 2.000E+00
2.634E+06 4.005E+02 1.884E+00 1.315E-04 1.982E-03 1.911E+03 8.919E-01 4.436E+01 2.000E+00
3.280E+06 5.771E+02 1.701E+00 1.315E-04 1.992E-03 1.514E+03 8.919E-01 4.436E+01 2.000E+00
5.984E+06 9.808E+02 1.413E+00 1.315E-04 2.009E-03 1.240E+03 8.921E-01 4.436E+01 2.000E+00
2.984E+06 9.620E+02 1.424E+00 1.315E-04 2.041E-03 1.231E+03 8.923E-01 4.436E+01 2.000E+00
6.210E+06 7.986E+02 1.525E+00 1.315E-04 2.100E-03 1.313E+03 8.927E-01 4.436E+01 2.000E+00
5.527E+06 8.307E+02 1.504E+00 1.315E-04 2.208E-03 1.293E+03 8.936E-01 4.436E+01 2.000E+00
2.575E+06 5.058E+02 1.770E+00 1.315E-04 2.406E-03 1.636E+03 8.950E-01 4.437E+01 2.000E+00
5.478E+07 6.039E+02 1.678E+00 1.315E-04 2.769E-03 1.480E+03 8.978E-01 4.437E+01 2.000E+00
2.415E+06 2.646E+02 2.053E+00 1.315E-04 3.433E-03 3.037E+03 9.027E-01 4.439E+01 2.000E+00
4.364E+07 7.741E+02 1.545E+00 1.315E-04 4.652E-03 1.329E+03 9.119E-01 4.442E+01 2.000E+00
3.853E+07 8.851E+02 1.473E+00 1.315E-04 6.886E-03 1.269E+03 9.286E-01 4.447E+01 2.000E+00
2.655E+07 4.461E+02 1.833E+00 1.663E-04 1.971E-03 1.765E+03 8.919E-01 4.436E+01 2.000E+00
1.033E+08 4.461E+02 1.833E+00 1.663E-04 1.971E-03 1.784E+03 8.919E-01 4.436E+01 2.000E+00
1.122E+07 4.386E+02 1.841E+00 1.663E-04 1.971E-03 1.786E+03 8.919E-01 4.436E+01 2.000E+00
1.808E+07 8.402E+02 1.497E+00 1.663E-04 1.971E-03 1.288E+03 8.919E-01 4.436E+01 2.000E+00
9.386E+06 5.807E+02 1.697E+00 1.663E-04 1.971E-03 1.511E+03 8.919E-01 4.436E+01 2.000E+00
8.222E+06 8.200E+02 1.510E+00 1.663E-04 1.972E-03 1.299E+03 8.919E-01 4.436E+01 2.000E+00
8.696E+07 5.159E+02 1.759E+00 1.663E-04 1.972E-03 1.610E+03 8.919E-01 4.436E+01 2.000E+00
2.766E+06 7.987E+02 1.525E+00 1.663E-04 1.974E-03 1.312E+03 8.919E-01 4.436E+01 2.000E+00
2.071E+06 4.451E+02 1.834E+00 1.663E-04 1.977E-03 1.768E+03 8.919E-01 4.436E+01 2.000E+00
2.466E+06 6.213E+02 1.661E+00 1.663E-04 1.982E-03 1.460E+03 8.920E-01 4.436E+01 2.000E+00
2.702E+06 5.731E+02 1.704E+00 1.663E-04 1.992E-03 1.520E+03 8.920E-01 4.436E+01 2.000E+00
6.105E+06 9.808E+02 1.413E+00 1.663E-04 2.009E-03 1.223E+03 8.922E-01 4.436E+01 2.000E+00
3.035E+06 9.620E+02 1.424E+00 1.663E-04 2.041E-03 1.231E+03 8.924E-01 4.436E+01 2.000E+00
8.614E+06 7.986E+02 1.525E+00 1.663E-04 2.100E-03 1.312E+03 8.928E-01 4.436E+01 2.000E+00
6.879E+06 8.307E+02 1.504E+00 1.663E-04 2.208E-03 1.293E+03 8.936E-01 4.436E+01 2.000E+00
2.730E+06 8.648E+02 1.482E+00 1.663E-04 2.406E-03 1.276E+03 8.951E-01 4.437E+01 2.000E+00
1.374E+07 8.601E+02 1.485E+00 1.663E-04 2.769E-03 1.279E+03 8.979E-01 4.437E+01 2.000E+00
5.639E+06 2.646E+02 2.053E+00 1.663E-04 3.433E-03 3.037E+03 9.028E-01 4.439E+01 2.000E+00
5.681E+07 3.825E+02 1.912E+00 1.663E-04 4.652E-03 1.965E+03 9.120E-01 4.442E+01 2.000E+00
1.115E+09 8.851E+02 1.473E+00 1.663E-04 6.886E-03 1.404E+03 9.287E-01 4.447E+01 2.000E+00
2.196E+07 8.402E+02 1.497E+00 2.104E-04 1.971E-03 1.288E+03 8.920E-01 4.436E+01 2.000E+00
2.522E+07 8.402E+02 1.497E+00 2.104E-04 1.971E-03 1.288E+03 8.920E-01 4.436E+01 2.000E+00
3.473E+07 8.402E+02 1.497E+00 2.104E-04 1.971E-03 1.288E+03 8.920E-01 4.436E+01 2.000E+00
1.555E+07 5.807E+02 1.697E+00 2.104E-04 1.971E-03 1.510E+03 8.920E-01 4.436E+01 2.000E+00
5.318E+07 5.654E+02 1.712E+00 2.104E-04 1.971E-03 1.531E+03 8.920E-01 4.436E+01 2.000E+00
1.419E+07 8.200E+02 1.510E+00 2.104E-04 1.972E-03 1.299E+03 8.920E-01 4.436E+01 2.000E+00
1.211E+07 3.707E+02 1.919E+00 2.104E-04 1.972E-03 2.037E+03 8.920E-01 4.436E+01 2.000E+00
3.197E+06 7.987E+02 1.525E+00 2.104E-04 1.974E-03 1.312E+03 8.920E-01 4.436E+01 2.000E+00
3.788E+06 4.451E+02 1.834E+00 2.104E-04 1.977E-03 1.768E+03 8.920E-01 4.436E+01 2.000E+00
4.561E+06 3.700E+02 1.920E+00 2.104E-04 1.982E-03 2.044E+03 8.921E-01 4.436E+01 2.000E+00
4.528E+06 5.731E+02 1.704E+00 2.104E-04 1.992E-03 1.520E+03 8.921E-01 4.436E+01 2.000E+00
6.266E+06 9.808E+02 1.413E+00 2.104E-04 2.009E-03 1.223E+03 8.923E-01 4.436E+01 2.000E+00
9.416E+06 9.788E+02 1.414E+00 2.104E-04 2.041E-03 1.225E+03 8.925E-01 4.436E+01 2.000E+00
1.755E+07 7.986E+02 1.525E+00 2.104E-04 2.100E-03 1.312E+03 8.929E-01 4.436E+01 2.000E+00
1.011E+07 8.307E+02 1.504E+00 2.104E-04 2.208E-03 1.293E+03 8.938E-01 4.436E+01 2.000E+00
5.027E+06 8.054E+02 1.521E+00 2.104E-04 2.406E-03 1.308E+03 8.952E-01 4.437E+01 2.000E+00
4.244E+06 6.901E+02 1.605E+00 2.104E-04 2.769E-03 1.392E+03 8.980E-01 4.437E+01 2.000E+00
2.170E+07 2.786E+02 2.036E+00 2.104E-04 3.433E-03 2.793E+03 9.029E-01 4.439E+01 2.000E+00
3.878E+06 3.849E+02 1.909E+00 2.104E-04 4.652E-03 1.955E+03 9.121E-01 4.442E+01 2.000E+00
1.359E+06 4.323E+02 1.859E+00 2.104E-04 6.886E-03 1.784E+03 9.288E-01 4.447E+01 2.000E+00
1.857E+07 5.654E+02 1.712E+00 2.661E-04 1.971E-03 1.531E+03 8.921E-01 4.436E+01 2.000E+00
2.994E+07 5.654E+02 1.712E+00 2.661E-04 1.971E-03 1.531E+03 8.921E-01 4.436E+01 2.000E+00
7.135E+06 8.200E+02 1.510E+00 2.661E-04 1.971E-03 1.299E+03 8.921E-01 4.436E+01 2.000E+00
8.409E+06 8.200E+02 1.510E+00 2.661E-04 1.971E-03 1.299E+03 8.921E-01 4.436E+01 2.000E+00
1.264E+07 8.200E+02 1.510E+00 2.661E-04 1.971E-03 1.300E+03 8.921E-01 4.436E+01 2.000E+00
3.631E+08 8.200E+02 1.510E+00 2.661E-04 1.972E-03 1.299E+03 8.921E-01 4.436E+01 2.000E+00
5.776E+06 3.402E+02 1.956E+00 2.661E-04 1.972E-03 2.209E+03 8.921E-01 4.436E+01 2.000E+00
4.816E+06 5.427E+02 1.733E+00 2.661E-04 1.974E-03 1.565E+03 8.921E-01 4.436E+01 2.000E+00
7.539E+06 9.624E+02 1.423E+00 2.661E-04 1.977E-03 1.231E+03 8.922E-01 4.436E+01 2.000E+00
8.127E+06 6.213E+02 1.661E+00 2.661E-04 1.982E-03 1.460E+03 8.922E-01 4.436E+01 2.000E+00
6.222E+07 5.731E+02 1.704E+00 2.661E-04 1.992E-03 1.594E+03 8.923E-01 4.436E+01 2.000E+00
6.484E+06 9.808E+02 1.413E+00 2.661E-04 2.009E-03 1.223E+03 8.924E-01 4.436E+01 2.000E+00
5.713E+06 5.063E+02 1.769E+00 2.661E-04 2.041E-03 1.628E+03 8.926E-01 4.436E+01 2.000E+00
9.429E+06 8.371E+02 1.499E+00 2.661E-04 2.100E-03 1.290E+03 8.931E-01 4.436E+01 2.000E+00
2.664E+07 8.307E+02 1.504E+00 2.661E-04 2.208E-03 1.293E+03 8.939E-01 4.436E+01 2.000E+00
7.601E+06 8.054E+02 1.521E+00 2.661E-04 2.406E-03 1.308E+03 8.954E-01 4.437E+01 2.000E+00
1.473E+07 4.912E+02 1.786E+00 2.661E-04 2.769E-03 1.656E+03 8.981E-01 4.437E+01 2.000E+00
8.410E+06 2.743E+02 2.042E+00 2.661E-04 3.433E-03 2.861E+03 9.031E-01 4.439E+01 2.000E+00
4.684E+06 7.608E+02 1.554E+00 2.661E-04 4.652E-03 1.338E+03 9.122E-01 4.442E+01 2.000E+00
1.038E+07 4.305E+02 1.861E+00 2.661E-04 6.886E-03 1.789E+03 9.290E-01 4.447E+01 2.000E+00
1.294E+07 8.200E+02 1.510E+00 3.366E-04 1.971E-03 1.301E+03 8.923E-01 4.436E+01 2.000E+00
1.414E+07 8.200E+02 1.510E+00 3.366E-04 1.971E-03 1.299E+03 8.923E-01 4.436E+01 2.000E+00
1.709E+07 8.200E+02 1.510E+00 3.366E-04 1.971E-03 1.299E+03 8.923E-01 4.436E+01 2.000E+00
2.784E+07 8.200E+02 1.510E+00 3.366E-04 1.971E-03 1.300E+03 8.923E-01 4.436E+01 2.000E+00
2.335E+07 4.130E+02 1.870E+00 3.366E-04 1.971E-03 1.866E+03 8.923E-01 4.436E+01 2.000E+00
3.987E+07 3.402E+02 1.956E+00 3.366E-04 1.972E-03 2.219E+03 8.923E-01 4.436E+01 2.000E+00
2.471E+06 7.987E+02 1.525E+00 3.366E-04 1.972E-03 1.312E+03 8.923E-01 4.436E+01 2.000E+00
6.172E+06 7.987E+02 1.525E+00 3.366E-04 1.974E-03 1.312E+03 8.923E-01 4.436E+01 2.000E+00
8.431E+06 9.624E+02 1.423E+00 3.366E-04 1.977E-03 1.231E+03 8.923E-01 4.436E+01 2.000E+00
1.418E+08 7.319E+02 1.572E+00 3.366E-04 1.982E-03 1.358E+03 8.924E-01 4.436E+01 2.000E+00
4.845E+06 9.741E+02 1.417E+00 3.366E-04 1.992E-03 1.237E+03 8.925E-01 4.436E+01 2.000E+00
6.784E+06 9.808E+02 1.413E+00 3.366E-04 2.009E-03 1.223E+03 8.926E-01 4.436E+01 2.000E+00
2.002E+07 4.716E+02 1.805E+00 3.366E-04 2.041E-03 1.701E+03 8.928E-01 4.436E+01 2.000E+00
1.652E+07 2.943E+02 2.012E+00 3.366E-04 2.100E-03 2.615E+03 8.933E-01 4.436E+01 2.000E+00
5.025E+06 7.044E+02 1.594E+00 3.366E-04 2.208E-03 1.380E+03 8.941E-01 4.436E+01 2.000E+00
2.434E+07 8.054E+02 1.521E+00 3.366E-04 2.406E-03 1.310E+03 8.956E-01 4.437E+01 2.000E+00
7.070E+06 7.876E+02 1.533E+00 3.366E-04 2.769E-03 1.320E+03 8.983E-01 4.437E+01 2.000E+00
2.086E+07 3.832E+02 1.908E+00 3.366E-04 3.433E-03 1.970E+03 9.033E-01 4.439E+01 2.000E+00
9.703E+06 7.608E+02 1.554E+00 3.366E-04 4.652E-03 1.338E+03 9.124E-01 4.442E+01 2.000E+00
1.040E+07 4.282E+02 1.863E+00 3.366E-04 6.886E-03 1.795E+03 9.292E-01 4.447E+01 2.000E+00
1.116E+07 3.640E+02 1.927E+00 4.257E-04 1.971E-03 2.071E+03 8.925E-01 4.436E+01 2.000E+00
1.704E+07 3.640E+02 1.927E+00 4.257E-04 1.971E-03 2.071E+03 8.925E-01 4.436E+01 2.000E+00
7.775E+08 3.640E+02 1.927E+00 4.257E-04 1.971E-03 2.082E+03 8.925E-01 4.436E+01 2.000E+00
1.032E+07 3.454E+02 1.949E+00 4.257E-04 1.971E-03 2.176E+03 8.925E-01 4.436E+01 2.000E+00
1.026E+07 3.402E+02 1.956E+00 4.257E-04 1.971E-03 2.209E+03 8.925E-01 4.436E+01 2.000E+00
2.317E+06 7.987E+02 1.525E+00 4.257E-04 1.972E-03 1.312E+03 8.925E-01 4.436E+01 2.000E+00
3.249E+06 7.987E+02 1.525E+00 4.257E-04 1.972E-03 1.312E+03 8.925E-01 4.436E+01 2.000E+00
2.277E+07 7.987E+02 1.525E+00 4.257E-04 1.974E-03 1.323E+03 8.925E-01 4.436E+01 2.000E+00
9.945E+06 9.624E+02 1.423E+00 4.257E-04 1.977E-03 1.231E+03 8.926E-01 4.436E+01 2.000E+00
5.762E+06 7.360E+02 1.569E+00 4.257E-04 1.982E-03 1.355E+03 8.926E-01 4.436E+01 2.000E+00
3.901E+06 6.694E+02 1.621E+00 4.257E-04 1.992E-03 1.427E+03 8.927E-01 4.436E+01 2.000E+00
7.210E+06 9.808E+02 1.413E+00 4.257E-04 2.009E-03 1.224E+03 8.928E-01 4.436E+01 2.000E+00
3.485E+06 9.620E+02 1.424E+00 4.257E-04 2.041E-03 1.231E+03 8.930E-01 4.436E+01 2.000E+00
5.254E+06 3.519E+02 1.942E+00 4.257E-04 2.100E-03 2.148E+03 8.935E-01 4.436E+01 2.000E+00
2.240E+08 7.044E+02 1.594E+00 4.257E-04 2.208E-03 1.380E+03 8.943E-01 4.436E+01 2.000E+00
3.535E+06 7.242E+02 1.579E+00 4.257E-04 2.406E-03 1.364E+03 8.958E-01 4.437E+01 2.000E+00
7.538E+07 7.876E+02 1.533E+00 4.257E-04 2.769E-03 1.319E+03 8.985E-01 4.437E+01 2.000E+00
7.151E+06 3.444E+02 1.955E+00 4.257E-04 3.433E-03 2.167E+03 9.035E-01 4.439E+01 2.000E+00
6.242E+06 7.553E+02 1.558E+00 4.257E-04 4.652E-03 1.342E+03 9.126E-01 4.442E+01 2.000E+00
2.117E+07 5.364E+02 1.747E+00 4.257E-04 6.886E-03 1.568E+03 9.294E-01 4.447E+01 2.000E+00
2.220E+06 7.987E+02 1.525E+00 5.385E-04 1.971E-03 1.312E+03 8.928E-01 4.436E+01 2.000E+00
2.248E+06 7.987E+02 1.525E+00 5.385E-04 1.971E-03 1.312E+03 8.928E-01 4.436E+01 2.000E+00
2.301E+06 7.987E+02 1.525E+00 5.385E-04 1.971E-03 1.313E+03 8.928E-01 4.436E+01 2.000E+00
2.408E+06 7.987E+02 1.525E+00 5.385E-04 1.971E-03 1.312E+03 8.928E-01 4.436E+01 2.000E+00
2.636E+06 7.987E+02 1.525E+00 5.385E-04 1.971E-03 1.312E+03 8.928E-01 4.436E+01 2.000E+00
4.553E+06 3.049E+02 1.999E+00 5.385E-04 1.972E-03 2.499E+03 8.928E-01 4.436E+01 2.000E+00
5.768E+06 7.987E+02 1.525E+00 5.385E-04 1.972E-03 1.312E+03 8.928E-01 4.436E+01 2.000E+00
2.828E+06 4.451E+02 1.834E+00 5.385E-04 1.974E-03 1.780E+03 8.928E-01 4.436E+01 2.000E+00
1.560E+06 5.242E+02 1.751E+00 5.385E-04 1.977E-03 1.596E+03 8.928E-01 4.436E+01 2.000E+00
6.321E+06 7.284E+02 1.575E+00 5.385E-04 1.982E-03 1.361E+03 8.929E-01 4.436E+01 2.000E+00
1.616E+06 3.821E+02 1.906E+00 5.385E-04 1.992E-03 1.985E+03 8.930E-01 4.436E+01 2.000E+00
7.839E+06 9.808E+02 1.413E+00 5.385E-04 2.009E-03 1.224E+03 8.931E-01 4.436E+01 2.000E+00
4.648E+06 7.380E+02 1.568E+00 5.385E-04 2.041E-03 1.353E+03 8.933E-01 4.436E+01 2.000E+00
5.583E+06 4.004E+02 1.884E+00 5.385E-04 2.100E-03 1.910E+03 8.938E-01 4.436E+01 2.000E+00
3.483E+06 6.985E+02 1.598E+00 5.385E-04 2.208E-03 1.385E+03 8.946E-01 4.436E+01 2.000E+00
1.437E+07 7.242E+02 1.579E+00 5.385E-04 2.406E-03 1.364E+03 8.961E-01 4.437E+01 2.000E+00
1.378E+07 4.639E+02 1.815E+00 5.385E-04 2.769E-03 1.717E+03 8.988E-01 4.437E+01 2.000E+00
6.467E+06 7.817E+02 1.538E+00 5.385E-04 3.433E-03 1.324E+03 9.038E-01 4.439E+01 2.000E+00
3.300E+06 3.455E+02 1.957E+00 5.385E-04 4.652E-03 2.148E+03 9.129E-01 4.442E+01 2.000E+00
7.144E+06 6.071E+02 1.681E+00 5.385E-04 6.886E-03 1.473E+03 9.297E-01 4.447E+01 2.000E+00
3.925E+06 5.427E+02 1.733E+00 6.811E-04 1.971E-03 1.565E+03 8.932E-01 4.436E+01 2.000E+00
4.261E+06 5.427E+02 1.733E+00 6.811E-04 1.971E-03 1.568E+03 8.932E-01 4.436E+01 2.000E+00
5.065E+06 5.427E+02 1.733E+00 6.811E-04 1.971E-03 1.565E+03 8.932E-01 4.436E+01 2.000E+00
7.844E+06 5.427E+02 1.733E+00 6.811E-04 1.971E-03 1.565E+03 8.932E-01 4.436E+01 2.000E+00
4.610E+06 7.987E+02 1.525E+00 6.811E-04 1.971E-03 1.312E+03 8.932E-01 4.436E+01 2.000E+00
7.232E+06 7.987E+02 1.525E+00 6.811E-04 1.972E-03 1.312E+03 8.932E-01 4.436E+01 2.000E+00
1.737E+06 4.451E+02 1.834E+00 6.811E-04 1.972E-03 1.768E+03 8.932E-01 4.436E+01 2.000E+00
7.747E+06 9.624E+02 1.423E+00 6.811E-04 1.974E-03 1.239E+03 8.932E-01 4.436E+01 2.000E+00
1.075E+07 3.284E+02 1.970E+00 6.811E-04 1.977E-03 2.317E+03 8.932E-01 4.436E+01 2.000E+00
1.514E+08 2.990E+02 2.006E+00 6.811E-04 1.982E-03 2.562E+03 8.932E-01 4.436E+01 2.000E+00
2.703E+06 6.729E+02 1.618E+00 6.811E-04 1.992E-03 1.407E+03 8.933E-01 4.436E+01 2.000E+00
1.513E+07 5.554E+02 1.721E+00 6.811E-04 2.009E-03 1.546E+03 8.934E-01 4.436E+01 2.000E+00
5.942E+06 7.779E+02 1.539E+00 6.811E-04 2.041E-03 1.326E+03 8.937E-01 4.436E+01 2.000E+00
6.911E+06 8.321E+02 1.503E+00 6.811E-04 2.100E-03 1.305E+03 8.941E-01 4.436E+01 2.000E+00
7.537E+08 6.999E+02 1.597E+00 6.811E-04 2.208E-03 1.384E+03 8.949E-01 4.436E+01 2.000E+00
2.954E+07 3.456E+02 1.950E+00 6.811E-04 2.406E-03 2.170E+03 8.964E-01 4.437E+01 2.000E+00
7.006E+06 7.072E+02 1.592E+00 6.811E-04 2.769E-03 1.378E+03 8.991E-01 4.437E+01 2.000E+00
1.731E+07 7.767E+02 1.542E+00 6.811E-04 3.433E-03 1.328E+03 9.041E-01 4.439E+01 2.000E+00
3.845E+06 5.249E+02 1.755E+00 6.811E-04 4.652E-03 1.590E+03 9.133E-01 4.442E+01 2.000E+00
2.237E+07 5.634E+02 1.721E+00 6.811E-04 6.886E-03 1.531E+03 9.299E-01 4.447E+01 2.000E+00
1.359E+07 7.987E+02 1.525E+00 8.615E-04 1.971E-03 1.312E+03 8.936E-01 4.436E+01 2.000E+00
1.515E+07 7.987E+02 1.525E+00 8.615E-04 1.971E-03 1.313E+03 8.936E-01 4.436E+01 2.000E+00
1.921E+07 7.987E+02 1.525E+00 8.615E-04 1.971E-03 1.313E+03 8.936E-01 4.436E+01 2.000E+00
3.832E+07 7.987E+02 1.525E+00 8.615E-04 1.971E-03 1.312E+03 8.936E-01 4.436E+01 2.000E+00
2.107E+06 4.451E+02 1.834E+00 8.615E-04 1.971E-03 1.768E+03 8.936E-01 4.436E+01 2.000E+00
5.258E+06 4.451E+02 1.834E+00 8.615E-04 1.972E-03 1.768E+03 8.936E-01 4.436E+01 2.000E+00
7.340E+06 9.624E+02 1.423E+00 8.615E-04 1.972E-03 1.238E+03 8.936E-01 4.436E+01 2.000E+00
1.314E+06 5.242E+02 1.751E+00 8.615E-04 1.974E-03 1.596E+03 8.936E-01 4.436E+01 2.000E+00
3.773E+07 2.931E+02 2.013E+00 8.615E-04 1.977E-03 2.632E+03 8.937E-01 4.436E+01 2.000E+00
2.712E+06 3.461E+02 1.949E+00 8.615E-04 1.982E-03 2.172E+03 8.937E-01 4.436E+01 2.000E+00
2.659E+06 4.257E+02 1.855E+00 8.615E-04 1.992E-03 1.824E+03 8.938E-01 4.436E+01 2.000E+00
1.438E+07 9.655E+02 1.422E+00 8.615E-04 2.009E-03 1.231E+03 8.939E-01 4.436E+01 2.000E+00
1.716E+07 7.108E+02 1.588E+00 8.615E-04 2.041E-03 1.375E+03 8.941E-01 4.436E+01 2.000E+00
3.330E+07 4.192E+02 1.863E+00 8.615E-04 2.100E-03 1.845E+03 8.946E-01 4.436E+01 2.000E+00
3.025E+06 8.902E+02 1.466E+00 8.615E-04 2.208E-03 1.263E+03 8.954E-01 4.436E+01 2.000E+00
2.140E+07 8.728E+02 1.477E+00 8.615E-04 2.406E-03 1.271E+03 8.969E-01 4.437E+01 2.000E+00
3.455E+06 3.275E+02 1.974E+00 8.615E-04 2.769E-03 2.289E+03 8.996E-01 4.437E+01 2.000E+00
6.900E+06 6.279E+02 1.658E+00 8.615E-04 3.433E-03 1.452E+03 9.046E-01 4.439E+01 2.000E+00
7.422E+06 5.318E+02 1.748E+00 8.615E-04 4.652E-03 1.583E+03 9.137E-01 4.442E+01 2.000E+00
4.554E+06 4.721E+02 1.814E+00 8.615E-04 6.886E-03 1.686E+03 9.302E-01 4.447E+01 2.000E+00
7.085E+06 9.624E+02 1.423E+00 1.090E-03 1.971E-03 1.231E+03 8.942E-01 4.436E+01 2.000E+00
7.142E+06 9.624E+02 1.423E+00 1.090E-03 1.971E-03 1.251E+03 8.942E-01 4.436E+01 2.000E+00
7.248E+06 9.624E+02 1.423E+00 1.090E-03 1.971E-03 1.231E+03 8.942E-01 4.436E+01 2.000E+00
7.452E+06 9.624E+02 1.423E+00 1.090E-03 1.971E-03 1.232E+03 8.942E-01 4.436E+01 2.000E+00
7.861E+06 9.624E+02 1.423E+00 1.090E-03 1.971E-03 1.231E+03 8.942E-01 4.436E+01 2.000E+00
8.749E+06 9.624E+02 1.423E+00 1.090E-03 1.972E-03 1.231E+03 8.942E-01 4.436E+01 2.000E+00
1.594E+06 3.284E+02 1.970E+00 1.090E-03 1.972E-03 2.293E+03 8.942E-01 4.436E+01 2.000E+00
1.715E+06 2.871E+02 2.020E+00 1.090E-03 1.974E-03 2.709E+03 8.942E-01 4.436E+01 2.000E+00
4.238E+06 7.360E+02 1.569E+00 1.090E-03 1.977E-03 1.355E+03 8.942E-01 4.436E+01 2.000E+00
3.624E+06 9.741E+02 1.417E+00 1.090E-03 1.982E-03 1.227E+03 8.943E-01 4.436E+01 2.000E+00
9.622E+06 9.694E+02 1.419E+00 1.090E-03 1.992E-03 1.228E+03 8.943E-01 4.436E+01 2.000E+00
7.324E+06 6.073E+02 1.674E+00 1.090E-03 2.009E-03 1.476E+03 8.945E-01 4.436E+01 2.000E+00
7.993E+06 5.653E+02 1.712E+00 1.090E-03 2.041E-03 1.531E+03 8.947E-01 4.436E+01 2.000E+00
3.527E+06 8.199E+02 1.511E+00 1.090E-03 2.100E-03 1.300E+03 8.951E-01 4.436E+01 2.000E+00
4.856E+06 7.149E+02 1.586E+00 1.090E-03 2.208E-03 1.371E+03 8.960E-01 4.436E+01 2.000E+00
1.004E+07 8.721E+02 1.477E+00 1.090E-03 2.406E-03 1.272E+03 8.974E-01 4.437E+01 2.000E+00
7.334E+07 9.381E+02 1.438E+00 1.090E-03 2.769E-03 1.243E+03 9.002E-01 4.437E+01 2.000E+00
6.756E+06 3.165E+02 1.989E+00 1.090E-03 3.433E-03 2.367E+03 9.051E-01 4.439E+01 2.000E+00
9.991E+06 5.543E+02 1.726E+00 1.090E-03 4.652E-03 1.544E+03 9.143E-01 4.442E+01 2.000E+00
2.975E+07 9.293E+02 1.446E+00 1.090E-03 6.886E-03 1.249E+03 9.307E-01 4.447E+01 2.000E+00
1.116E+07 3.284E+02 1.970E+00 1.378E-03 1.971E-03 2.293E+03 8.949E-01 4.436E+01 2.000E+00
1.717E+07 3.284E+02 1.970E+00 1.378E-03 1.971E-03 2.293E+03 8.949E-01 4.436E+01 2.000E+00
1.723E+10 3.284E+02 1.970E+00 1.378E-03 1.971E-03 2.293E+03 8.949E-01 4.436E+01 2.000E+00
3.299E+06 5.242E+02 1.751E+00 1.378E-03 1.971E-03 1.597E+03 8.949E-01 4.436E+01 2.000E+00
5.710E+06 5.242E+02 1.751E+00 1.378E-03 1.971E-03 1.596E+03 8.949E-01 4.436E+01 2.000E+00
2.533E+06 2.931E+02 2.013E+00 1.378E-03 1.972E-03 2.632E+03 8.949E-01 4.436E+01 2.000E+00
1.195E+07 6.294E+02 1.654E+00 1.378E-03 1.972E-03 1.452E+03 8.949E-01 4.436E+01 2.000E+00
1.198E+07 7.319E+02 1.572E+00 1.378E-03 1.974E-03 1.358E+03 8.949E-01 4.436E+01 2.000E+00
2.284E+06 3.533E+02 1.940E+00 1.378E-03 1.977E-03 2.130E+03 8.949E-01 4.436E+01 2.000E+00
2.405E+06 5.731E+02 1.704E+00 1.378E-03 1.982E-03 1.521E+03 8.950E-01 4.436E+01 2.000E+00
2.402E+06 2.752E+02 2.035E+00 1.378E-03 1.992E-03 2.890E+03 8.951E-01 4.436E+01 2.000E+00
1.117E+08 4.151E+02 1.867E+00 1.378E-03 2.009E-03 1.859E+03 8.952E-01 4.436E+01 2.000E+00
8.153E+07 7.882E+02 1.532E+00 1.378E-03 2.041E-03 1.320E+03 8.954E-01 4.436E+01 2.000E+00
5.545E+07 2.751E+02 2.035E+00 1.378E-03 2.100E-03 2.889E+03 8.959E-01 4.436E+01 2.000E+00
4.678E+06 2.862E+02 2.022E+00 1.378E-03 2.208E-03 2.715E+03 8.967E-01 4.436E+01 2.000E+00
6.006E+07 7.674E+02 1.547E+00 1.378E-03 2.406E-03 1.333E+03 8.982E-01 4.437E+01 2.000E+00
4.393E+06 9.231E+02 1.447E+00 1.378E-03 2.769E-03 1.248E+03 9.009E-01 4.437E+01 2.000E+00
1.958E+07 7.708E+02 1.546E+00 1.378E-03 3.433E-03 1.331E+03 9.059E-01 4.439E+01 2.000E+00
1.512E+07 4.416E+02 1.843E+00 1.378E-03 4.652E-03 1.767E+03 9.150E-01 4.442E+01 2.000E+00
4.427E+07 5.041E+02 1.780E+00 1.378E-03 6.886E-03 1.622E+03 9.312E-01 4.447E+01 2.000E+00
6.371E+06 6.213E+02 1.661E+00 1.743E-03 1.971E-03 1.460E+03 8.958E-01 4.436E+01 2.000E+00
7.101E+06 6.213E+02 1.661E+00 1.743E-03 1.971E-03 1.461E+03 8.958E-01 4.436E+01 2.000E+00
9.018E+06 6.213E+02 1.661E+00 1.743E-03 1.971E-03 1.460E+03 8.958E-01 4.436E+01 2.000E+00
1.825E+07 6.213E+02 1.661E+00 1.743E-03 1.971E-03 1.460E+03 8.958E-01 4.436E+01 2.000E+00
8.425E+06 7.319E+02 1.572E+00 1.743E-03 1.971E-03 1.358E+03 8.958E-01 4.436E+01 2.000E+00
3.383E+06 3.580E+02 1.934E+00 1.743E-03 1.972E-03 2.103E+03 8.958E-01 4.436E+01 2.000E+00
8.189E+06 7.360E+02 1.569E+00 1.743E-03 1.972E-03 1.355E+03 8.958E-01 4.436E+01 2.000E+00
5.143E+06 3.533E+02 1.940E+00 1.743E-03 1.974E-03 2.148E+03 8.958E-01 4.436E+01 2.000E+00
3.514E+06 9.741E+02 1.417E+00 1.743E-03 1.977E-03 1.226E+03 8.959E-01 4.436E+01 2.000E+00
8.989E+06 3.821E+02 1.906E+00 1.743E-03 1.982E-03 1.985E+03 8.959E-01 4.436E+01 2.000E+00
3.891E+06 4.992E+02 1.776E+00 1.743E-03 1.992E-03 1.642E+03 8.960E-01 4.436E+01 2.000E+00
1.804E+06 9.804E+02 1.413E+00 1.743E-03 2.009E-03 1.224E+03 8.961E-01 4.436E+01 2.000E+00
3.123E+07 9.620E+02 1.424E+00 1.743E-03 2.041E-03 1.232E+03 8.963E-01 4.436E+01 2.000E+00
8.562E+07 6.465E+02 1.640E+00 1.743E-03 2.100E-03 1.434E+03 8.968E-01 4.436E+01 2.000E+00
5.233E+06 8.656E+02 1.481E+00 1.743E-03 2.208E-03 1.275E+03 8.976E-01 4.436E+01 2.000E+00
3.886E+07 5.058E+02 1.770E+00 1.743E-03 2.406E-03 1.632E+03 8.991E-01 4.437E+01 2.000E+00
1.310E+07 9.231E+02 1.447E+00 1.743E-03 2.769E-03 1.248E+03 9.018E-01 4.437E+01 2.000E+00
8.078E+06 2.557E+02 2.064E+00 1.743E-03 3.433E-03 3.238E+03 9.068E-01 4.439E+01 2.000E+00
6.702E+06 3.744E+02 1.922E+00 1.743E-03 4.652E-03 2.000E+03 9.159E-01 4.442E+01 2.000E+00
4.232E+06 9.385E+02 1.441E+00 1.743E-03 6.886E-03 1.247E+03 9.318E-01 4.447E+01 2.000E+00
1.015E+07 3.461E+02 1.949E+00 2.205E-03 1.971E-03 2.181E+03 8.970E-01 4.436E+01 2.000E+00
1.481E+07 3.461E+02 1.949E+00 2.205E-03 1.971E-03 2.172E+03 8.970E-01 4.436E+01 2.000E+00
1.002E+08 3.461E+02 1.949E+00 2.205E-03 1.971E-03 2.172E+03 8.970E-01 4.436E+01 2.000E+00
3.070E+06 9.741E+02 1.417E+00 2.205E-03 1.971E-03 1.226E+03 8.970E-01 4.436E+01 2.000E+00
3.107E+06 9.741E+02 1.417E+00 2.205E-03 1.971E-03 1.227E+03 8.970E-01 4.436E+01 2.000E+00
3.176E+06 9.741E+02 1.417E+00 2.205E-03 1.972E-03 1.227E+03 8.970E-01 4.436E+01 2.000E+00
3.314E+06 9.741E+02 1.417E+00 2.205E-03 1.972E-03 1.226E+03 8.970E-01 4.436E+01 2.000E+00
3.607E+06 9.741E+02 1.417E+00 2.205E-03 1.974E-03 1.227E+03 8.970E-01 4.436E+01 2.000E+00
4.340E+06 9.741E+02 1.417E+00 2.205E-03 1.977E-03 1.226E+03 8.970E-01 4.436E+01 2.000E+00
1.117E+07 7.354E+02 1.570E+00 2.205E-03 1.982E-03 1.356E+03 8.970E-01 4.436E+01 2.000E+00
4.942E+06 9.808E+02 1.413E+00 2.205E-03 1.992E-03 1.224E+03 8.971E-01 4.436E+01 2.000E+00
1.428E+07 7.131E+02 1.587E+00 2.205E-03 2.009E-03 1.373E+03 8.972E-01 4.436E+01 2.000E+00
6.498E+06 9.737E+02 1.417E+00 2.205E-03 2.041E-03 1.227E+03 8.975E-01 4.436E+01 2.000E+00
2.025E+07 9.079E+02 1.455E+00 2.205E-03 2.100E-03 1.255E+03 8.979E-01 4.436E+01 2.000E+00
3.909E+06 5.965E+02 1.683E+00 2.205E-03 2.208E-03 1.490E+03 8.987E-01 4.436E+01 2.000E+00
5.753E+06 6.125E+02 1.670E+00 2.205E-03 2.406E-03 1.489E+03 9.002E-01 4.437E+01 2.000E+00
6.292E+06 5.567E+02 1.721E+00 2.205E-03 2.769E-03 1.543E+03 9.029E-01 4.437E+01 2.000E+00
4.836E+06 7.564E+02 1.556E+00 2.205E-03 3.433E-03 1.341E+03 9.079E-01 4.439E+01 2.000E+00
3.876E+06 7.654E+02 1.551E+00 2.205E-03 4.652E-03 1.342E+03 9.171E-01 4.442E+01 2.000E+00
2.149E+07 4.653E+02 1.822E+00 2.205E-03 6.886E-03 1.701E+03 9.326E-01 4.447E+01 2.000E+00
1.712E+06 5.731E+02 1.704E+00 2.789E-03 1.971E-03 1.521E+03 8.984E-01 4.436E+01 2.000E+00
1.758E+06 5.731E+02 1.704E+00 2.789E-03 1.971E-03 1.521E+03 8.984E-01 4.436E+01 2.000E+00
1.852E+06 5.731E+02 1.704E+00 2.789E-03 1.971E-03 1.521E+03 8.984E-01 4.436E+01 2.000E+00
2.057E+06 5.731E+02 1.704E+00 2.789E-03 1.971E-03 1.521E+03 8.984E-01 4.436E+01 2.000E+00
1.098E+06 2.690E+02 2.042E+00 2.789E-03 1.971E-03 3.005E+03 8.984E-01 4.436E+01 2.000E+00
5.506E+06 5.731E+02 1.704E+00 2.789E-03 1.972E-03 1.521E+03 8.984E-01 4.436E+01 2.000E+00
1.747E+06 3.821E+02 1.906E+00 2.789E-03 1.972E-03 1.986E+03 8.984E-01 4.436E+01 2.000E+00
6.010E+06 6.694E+02 1.621E+00 2.789E-03 1.974E-03 1.411E+03 8.984E-01 4.436E+01 2.000E+00
1.279E+07 6.002E+02 1.680E+00 2.789E-03 1.977E-03 1.487E+03 8.985E-01 4.436E+01 2.000E+00
5.700E+06 4.853E+02 1.791E+00 2.789E-03 1.982E-03 1.671E+03 8.985E-01 4.436E+01 2.000E+00
6.792E+06 9.808E+02 1.413E+00 2.789E-03 1.992E-03 1.224E+03 8.986E-01 4.436E+01 2.000E+00
2.049E+06 9.804E+02 1.413E+00 2.789E-03 2.009E-03 1.225E+03 8.987E-01 4.436E+01 2.000E+00
1.377E+07 9.737E+02 1.417E+00 2.789E-03 2.041E-03 1.227E+03 8.989E-01 4.436E+01 2.000E+00
1.038E+07 4.066E+02 1.877E+00 2.789E-03 2.100E-03 1.888E+03 8.994E-01 4.436E+01 2.000E+00
2.841E+07 6.210E+02 1.662E+00 2.789E-03 2.208E-03 1.461E+03 9.002E-01 4.436E+01 2.000E+00
5.407E+06 5.200E+02 1.756E+00 2.789E-03 2.406E-03 1.603E+03 9.017E-01 4.437E+01 2.000E+00
1.959E+07 5.878E+02 1.692E+00 2.789E-03 2.769E-03 1.500E+03 9.044E-01 4.437E+01 2.000E+00
1.598E+07 4.724E+02 1.807E+00 2.789E-03 3.433E-03 1.696E+03 9.094E-01 4.439E+01 2.000E+00
5.531E+06 3.557E+02 1.945E+00 2.789E-03 4.652E-03 2.093E+03 9.185E-01 4.442E+01 2.000E+00
3.030E+06 8.161E+02 1.518E+00 2.789E-03 6.886E-03 1.305E+03 9.337E-01 4.447E+01 2.000E+00
4.922E+06 6.729E+02 1.618E+00 3.528E-03 1.971E-03 1.409E+03 9.003E-01 4.436E+01 2.000E+00
5.256E+06 6.729E+02 1.618E+00 3.528E-03 1.971E-03 1.408E+03 9.003E-01 4.436E+01 2.000E+00
6.009E+06 6.729E+02 1.618E+00 3.528E-03 1.971E-03 1.408E+03 9.003E-01 4.436E+01 2.000E+00
8.209E+06 6.729E+02 1.618E+00 3.528E-03 1.971E-03 1.408E+03 9.003E-01 4.436E+01 2.000E+00
2.701E+07 6.729E+02 1.618E+00 3.528E-03 1.971E-03 1.408E+03 9.003E-01 4.436E+01 2.000E+00
3.934E+06 2.752E+02 2.035E+00 3.528E-03 1.972E-03 2.893E+03 9.003E-01 4.436E+01 2.000E+00
7.115E+06 9.741E+02 1.417E+00 3.528E-03 1.972E-03 1.227E+03 9.003E-01 4.436E+01 2.000E+00
1.925E+08 3.882E+02 1.898E+00 3.528E-03 1.974E-03 1.960E+03 9.003E-01 4.436E+01 2.000E+00
2.000E+06 4.992E+02 1.776E+00 3.528E-03 1.977E-03 1.646E+03 9.003E-01 4.436E+01 2.000E+00
4.910E+06 9.808E+02 1.413E+00 3.528E-03 1.982E-03 1.225E+03 9.004E-01 4.436E+01 2.000E+00
3.492E+07 5.279E+02 1.748E+00 3.528E-03 1.992E-03 1.591E+03 9.004E-01 4.436E+01 2.000E+00
2.685E+06 6.909E+02 1.604E+00 3.528E-03 2.009E-03 1.392E+03 9.006E-01 4.436E+01 2.000E+00
2.753E+07 9.252E+02 1.445E+00 3.528E-03 2.041E-03 1.248E+03 9.008E-01 4.436E+01 2.000E+00
3.671E+06 5.509E+02 1.725E+00 3.528E-03 2.100E-03 1.553E+03 9.012E-01 4.436E+01 2.000E+00
3.379E+06 5.943E+02 1.685E+00 3.528E-03 2.208E-03 1.493E+03 9.020E-01 4.436E+01 2.000E+00
7.184E+06 5.421E+02 1.734E+00 3.528E-03 2.406E-03 1.568E+03 9.035E-01 4.437E+01 2.000E+00
9.633E+08 6.840E+02 1.610E+00 3.528E-03 2.769E-03 1.399E+03 9.063E-01 4.437E+01 2.000E+00
1.539E+07 8.511E+02 1.491E+00 3.528E-03 3.433E-03 1.284E+03 9.112E-01 4.439E+01 2.000E+00
2.793E+06 6.435E+02 1.646E+00 3.528E-03 4.652E-03 1.436E+03 9.204E-01 4.442E+01 2.000E+00
1.661E+07 5.827E+02 1.703E+00 3.528E-03 6.886E-03 1.503E+03 9.350E-01 4.447E+01 2.000E+00
3.514E+07 9.694E+02 1.419E+00 4.462E-03 1.971E-03 1.229E+03 9.026E-01 4.436E+01 2.000E+00
3.644E+07 9.694E+02 1.419E+00 4.462E-03 1.971E-03 1.229E+03 9.026E-01 4.436E+01 2.000E+00
3.910E+07 9.694E+02 1.419E+00 4.462E-03 1.971E-03 1.229E+03 9.026E-01 4.436E+01 2.000E+00
4.514E+07 9.694E+02 1.419E+00 4.462E-03 1.971E-03 1.230E+03 9.026E-01 4.436E+01 2.000E+00
6.312E+07 9.694E+02 1.419E+00 4.462E-03 1.971E-03 1.229E+03 9.026E-01 4.436E+01 2.000E+00
2.395E+08 9.694E+02 1.419E+00 4.462E-03 1.972E-03 1.229E+03 9.026E-01 4.436E+01 2.000E+00
1.370E+08 9.741E+02 1.417E+00 4.462E-03 1.972E-03 1.227E+03 9.026E-01 4.436E+01 2.000E+00
4.522E+06 9.808E+02 1.413E+00 4.462E-03 1.974E-03 1.225E+03 9.026E-01 4.436E+01 2.000E+00
5.414E+06 9.808E+02 1.413E+00 4.462E-03 1.977E-03 1.225E+03 9.027E-01 4.436E+01 2.000E+00
1.835E+06 2.669E+02 2.045E+00 4.462E-03 1.982E-03 3.092E+03 9.027E-01 4.436E+01 2.000E+00
4.269E+06 7.131E+02 1.587E+00 4.462E-03 1.992E-03 1.374E+03 9.028E-01 4.436E+01 2.000E+00
4.662E+06 2.630E+02 2.049E+00 4.462E-03 2.009E-03 3.130E+03 9.029E-01 4.436E+01 2.000E+00
1.814E+07 8.695E+02 1.478E+00 4.462E-03 2.041E-03 1.274E+03 9.031E-01 4.436E+01 2.000E+00
1.055E+07 7.477E+02 1.561E+00 4.462E-03 2.100E-03 1.348E+03 9.036E-01 4.436E+01 2.000E+00
1.377E+08 4.699E+02 1.807E+00 4.462E-03 2.208E-03 1.706E+03 9.044E-01 4.436E+01 2.000E+00
6.344E+06 6.888E+02 1.606E+00 4.462E-03 2.406E-03 1.394E+03 9.059E-01 4.437E+01 2.000E+00
5.041E+06 6.279E+02 1.657E+00 4.462E-03 2.769E-03 1.454E+03 9.086E-01 4.437E+01 2.000E+00
6.459E+06 8.590E+02 1.486E+00 4.462E-03 3.433E-03 1.281E+03 9.136E-01 4.439E+01 2.000E+00
8.803E+06 9.588E+02 1.427E+00 4.462E-03 4.652E-03 1.236E+03 9.227E-01 4.442E+01 2.000E+00
2.382E+06 5.045E+02 1.780E+00 4.462E-03 6.886E-03 1.623E+03 9.367E-01 4.447E+01 2.000E+00
6.334E+06 5.577E+02 1.719E+00 5.644E-03 1.971E-03 1.544E+03 9.056E-01 4.436E+01 2.000E+00
7.253E+06 5.577E+02 1.719E+00 5.644E-03 1.971E-03 1.602E+03 9.056E-01 4.436E+01 2.000E+00
9.923E+06 5.577E+02 1.719E+00 5.644E-03 1.971E-03 1.544E+03 9.056E-01 4.436E+01 2.000E+00
3.210E+07 5.577E+02 1.719E+00 5.644E-03 1.971E-03 1.548E+03 9.056E-01 4.436E+01 2.000E+00
2.999E+06 3.520E+02 1.942E+00 5.644E-03 1.971E-03 2.138E+03 9.056E-01 4.436E+01 2.000E+00
7.050E+06 9.808E+02 1.413E+00 5.644E-03 1.972E-03 1.225E+03 9.056E-01 4.436E+01 2.000E+00
1.040E+07 4.880E+02 1.788E+00 5.644E-03 1.972E-03 1.667E+03 9.056E-01 4.436E+01 2.000E+00
1.250E+07 4.130E+02 1.870E+00 5.644E-03 1.974E-03 1.869E+03 9.056E-01 4.436E+01 2.000E+00
6.626E+07 9.655E+02 1.422E+00 5.644E-03 1.977E-03 1.231E+03 9.056E-01 4.436E+01 2.000E+00
2.469E+06 7.131E+02 1.587E+00 5.644E-03 1.982E-03 1.374E+03 9.056E-01 4.436E+01 2.000E+00
1.137E+07 3.943E+02 1.891E+00 5.644E-03 1.992E-03 1.958E+03 9.057E-01 4.436E+01 2.000E+00
1.890E+07 8.060E+02 1.520E+00 5.644E-03 2.009E-03 1.309E+03 9.058E-01 4.436E+01 2.000E+00
1.572E+06 6.728E+02 1.618E+00 5.644E-03 2.041E-03 1.409E+03 9.061E-01 4.436E+01 2.000E+00
2.306E+07 7.265E+02 1.577E+00 5.644E-03 2.100E-03 1.364E+03 9.065E-01 4.436E+01 2.000E+00
4.615E+07 3.046E+02 2.000E+00 5.644E-03 2.208E-03 2.498E+03 9.073E-01 4.436E+01 2.000E+00
9.792E+07 7.477E+02 1.561E+00 5.644E-03 2.406E-03 1.348E+03 9.088E-01 4.437E+01 2.000E+00
3.980E+06 9.576E+02 1.427E+00 5.644E-03 2.769E-03 1.235E+03 9.115E-01 4.437E+01 2.000E+00
3.355E+07 2.618E+02 2.057E+00 5.644E-03 3.433E-03 3.095E+03 9.165E-01 4.439E+01 2.000E+00
1.205E+07 8.435E+02 1.497E+00 5.644E-03 4.652E-03 1.290E+03 9.257E-01 4.442E+01 2.000E+00
5.901E+06 7.247E+02 1.583E+00 5.644E-03 6.886E-03 1.366E+03 9.388E-01 4.447E+01 2.000E+00
1.341E+07 4.218E+02 1.860E+00 7.139E-03 1.971E-03 1.838E+03 9.093E-01 4.436E+01 2.000E+00
2.192E+07 4.218E+02 1.860E+00 7.139E-03 1.971E-03 1.838E+03 9.093E-01 4.436E+01 2.000E+00
3.252E+06 4.193E+02 1.863E+00 7.139E-03 1.971E-03 1.846E+03 9.093E-01 4.436E+01 2.000E+00
4.630E+06 4.193E+02 1.863E+00 7.139E-03 1.971E-03 1.847E+03 9.093E-01 4.436E+01 2.000E+00
2.449E+07 4.193E+02 1.863E+00 7.139E-03 1.971E-03 1.850E+03 9.093E-01 4.436E+01 2.000E+00
4.474E+06 7.131E+02 1.587E+00 7.139E-03 1.972E-03 1.375E+03 9.093E-01 4.436E+01 2.000E+00
7.250E+06 7.001E+02 1.597E+00 7.139E-03 1.972E-03 1.385E+03 9.093E-01 4.436E+01 2.000E+00
9.507E+07 6.571E+02 1.631E+00 7.139E-03 1.974E-03 1.425E+03 9.093E-01 4.436E+01 2.000E+00
2.005E+06 9.804E+02 1.413E+00 7.139E-03 1.977E-03 1.226E+03 9.093E-01 4.436E+01 2.000E+00
2.956E+06 6.909E+02 1.604E+00 7.139E-03 1.982E-03 1.393E+03 9.094E-01 4.436E+01 2.000E+00
3.170E+06 7.380E+02 1.568E+00 7.139E-03 1.992E-03 1.355E+03 9.095E-01 4.436E+01 2.000E+00
1.082E+07 9.737E+02 1.417E+00 7.139E-03 2.009E-03 1.229E+03 9.096E-01 4.436E+01 2.000E+00
4.477E+06 3.613E+02 1.931E+00 7.139E-03 2.041E-03 2.088E+03 9.098E-01 4.436E+01 2.000E+00
3.379E+06 3.977E+02 1.888E+00 7.139E-03 2.100E-03 1.924E+03 9.103E-01 4.436E+01 2.000E+00
2.159E+07 3.499E+02 1.945E+00 7.139E-03 2.208E-03 2.150E+03 9.111E-01 4.436E+01 2.000E+00
1.807E+06 6.290E+02 1.655E+00 7.139E-03 2.406E-03 1.453E+03 9.126E-01 4.437E+01 2.000E+00
5.177E+07 9.685E+02 1.421E+00 7.139E-03 2.769E-03 1.231E+03 9.153E-01 4.437E+01 2.000E+00
2.522E+06 7.363E+02 1.571E+00 7.139E-03 3.433E-03 1.357E+03 9.203E-01 4.439E+01 2.000E+00
9.936E+06 4.997E+02 1.781E+00 7.139E-03 4.652E-03 1.666E+03 9.294E-01 4.442E+01 2.000E+00
2.677E+06 8.887E+02 1.471E+00 7.139E-03 6.886E-03 1.270E+03 9.414E-01 4.447E+01 2.000E+00
1.946E+07 4.716E+02 1.805E+00 9.029E-03 1.971E-03 1.704E+03 9.140E-01 4.436E+01 2.000E+00
3.999E+07 4.716E+02 1.805E+00 9.029E-03 1.971E-03 1.703E+03 9.140E-01 4.436E+01 2.000E+00
5.911E+06 7.577E+02 1.554E+00 9.029E-03 1.971E-03 1.342E+03 9.140E-01 4.436E+01 2.000E+00
2.248E+07 5.533E+02 1.723E+00 9.029E-03 1.971E-03 1.551E+03 9.140E-01 4.436E+01 2.000E+00
1.131E+08 5.501E+02 1.726E+00 9.029E-03 1.971E-03 1.556E+03 9.140E-01 4.436E+01 2.000E+00
5.132E+06 8.751E+02 1.475E+00 9.029E-03 1.972E-03 1.274E+03 9.140E-01 4.436E+01 2.000E+00
8.998E+06 8.751E+02 1.475E+00 9.029E-03 1.972E-03 1.273E+03 9.140E-01 4.436E+01 2.000E+00
2.432E+07 5.352E+02 1.740E+00 9.029E-03 1.974E-03 1.580E+03 9.140E-01 4.436E+01 2.000E+00
2.856E+06 2.568E+02 2.057E+00 9.029E-03 1.977E-03 3.281E+03 9.141E-01 4.436E+01 2.000E+00
4.413E+06 9.620E+02 1.424E+00 9.029E-03 1.982E-03 1.234E+03 9.141E-01 4.436E+01 2.000E+00
5.930E+06 9.737E+02 1.417E+00 9.029E-03 1.992E-03 1.229E+03 9.142E-01 4.436E+01 2.000E+00
4.237E+06 8.643E+02 1.482E+00 9.029E-03 2.009E-03 1.278E+03 9.143E-01 4.436E+01 2.000E+00
8.684E+08 3.942E+02 1.892E+00 9.029E-03 2.041E-03 1.936E+03 9.145E-01 4.436E+01 2.000E+00
2.424E+07 3.577E+02 1.935E+00 9.029E-03 2.100E-03 2.105E+03 9.150E-01 4.436E+01 2.000E+00
9.937E+06 9.443E+02 1.434E+00 9.029E-03 2.208E-03 1.241E+03 9.158E-01 4.436E+01 2.000E+00
6.555E+06 5.571E+02 1.720E+00 9.029E-03 2.406E-03 1.545E+03 9.173E-01 4.437E+01 2.000E+00
9.272E+06 9.007E+02 1.460E+00 9.029E-03 2.769E-03 1.261E+03 9.200E-01 4.437E+01 2.000E+00
7.635E+06 8.463E+02 1.495E+00 9.029E-03 3.433E-03 1.289E+03 9.250E-01 4.439E+01 2.000E+00
1.200E+07 7.066E+02 1.595E+00 9.029E-03 4.652E-03 1.381E+03 9.341E-01 4.442E+01 2.000E+00
1.337E+07 8.315E+02 1.507E+00 9.029E-03 6.886E-03 1.301E+03 9.448E-01 4.447E+01 2.000E+00
1.433E+07 9.620E+02 1.424E+00 1.142E-02 1.971E-03 1.235E+03 9.200E-01 4.436E+01 2.000E+00
1.458E+07 9.620E+02 1.424E+00 1.142E-02 1.971E-03 1.237E+03 9.200E-01 4.436E+01 2.000E+00
4.367E+06 6.818E+02 1.611E+00 1.142E-02 1.971E-03 1.403E+03 9.200E-01 4.436E+01 2.000E+00
5.330E+06 6.818E+02 1.611E+00 1.142E-02 1.971E-03 1.403E+03 9.200E-01 4.436E+01 2.000E+00
9.170E+06 6.818E+02 1.611E+00 1.142E-02 1.971E-03 1.403E+03 9.200E-01 4.436E+01 2.000E+00
2.453E+07 9.620E+02 1.424E+00 1.142E-02 1.972E-03 1.236E+03 9.200E-01 4.436E+01 2.000E+00
6.883E+07 9.620E+02 1.424E+00 1.142E-02 1.972E-03 1.238E+03 9.200E-01 4.436E+01 2.000E+00
5.623E+06 9.737E+02 1.417E+00 1.142E-02 1.974E-03 1.230E+03 9.200E-01 4.436E+01 2.000E+00
8.021E+06 9.737E+02 1.417E+00 1.142E-02 1.977E-03 1.230E+03 9.200E-01 4.436E+01 2.000E+00
5.313E+07 9.737E+02 1.417E+00 1.142E-02 1.982E-03 1.230E+03 9.201E-01 4.436E+01 2.000E+00
2.422E+07 5.808E+02 1.697E+00 1.142E-02 1.992E-03 1.513E+03 9.202E-01 4.436E+01 2.000E+00
9.095E+06 6.189E+02 1.663E+00 1.142E-02 2.009E-03 1.466E+03 9.203E-01 4.436E+01 2.000E+00
1.338E+07 7.059E+02 1.592E+00 1.142E-02 2.041E-03 1.382E+03 9.205E-01 4.436E+01 2.000E+00
1.222E+07 7.317E+02 1.573E+00 1.142E-02 2.100E-03 1.362E+03 9.210E-01 4.436E+01 2.000E+00
5.493E+07 6.637E+02 1.626E+00 1.142E-02 2.208E-03 1.419E+03 9.218E-01 4.436E+01 2.000E+00
8.443E+06 9.232E+02 1.446E+00 1.142E-02 2.406E-03 1.252E+03 9.233E-01 4.437E+01 2.000E+00
5.489E+06 8.413E+02 1.497E+00 1.142E-02 2.769E-03 1.292E+03 9.260E-01 4.437E+01 2.000E+00
5.948E+06 6.720E+02 1.621E+00 1.142E-02 3.433E-03 1.412E+03 9.310E-01 4.439E+01 2.000E+00
6.141E+06 3.787E+02 1.917E+00 1.142E-02 4.652E-03 1.984E+03 9.401E-01 4.442E+01 2.000E+00
1.936E+07 7.737E+02 1.547E+00 1.142E-02 6.886E-03 1.334E+03 9.490E-01 4.447E+01 2.000E+00
7.138E+06 8.643E+02 1.482E+00 1.445E-02 1.971E-03 1.280E+03 9.276E-01 4.436E+01 2.000E+00
7.364E+06 8.643E+02 1.482E+00 1.445E-02 1.971E-03 1.280E+03 9.276E-01 4.436E+01 2.000E+00
7.825E+06 8.643E+02 1.482E+00 1.445E-02 1.971E-03 1.280E+03 9.276E-01 4.436E+01 2.000E+00
8.864E+06 8.643E+02 1.482E+00 1.445E-02 1.971E-03 1.280E+03 9.276E-01 4.436E+01 2.000E+00
1.184E+07 8.643E+02 1.482E+00 1.445E-02 1.971E-03 1.280E+03 9.276E-01 4.436E+01 2.000E+00
3.302E+07 8.643E+02 1.482E+00 1.445E-02 1.972E-03 1.280E+03 9.276E-01 4.436E+01 2.000E+00
5.607E+07 7.720E+02 1.543E+00 1.445E-02 1.972E-03 1.334E+03 9.276E-01 4.436E+01 2.000E+00
1.728E+06 3.422E+02 1.953E+00 1.445E-02 1.974E-03 2.199E+03 9.276E-01 4.436E+01 2.000E+00
2.575E+07 6.728E+02 1.618E+00 1.445E-02 1.977E-03 1.412E+03 9.276E-01 4.436E+01 2.000E+00
2.742E+08 4.533E+02 1.825E+00 1.445E-02 1.982E-03 1.752E+03 9.277E-01 4.436E+01 2.000E+00
7.155E+06 8.108E+02 1.517E+00 1.445E-02 1.992E-03 1.310E+03 9.277E-01 4.436E+01 2.000E+00
2.495E+07 5.157E+02 1.760E+00 1.445E-02 2.009E-03 1.615E+03 9.279E-01 4.436E+01 2.000E+00
1.792E+07 6.509E+02 1.636E+00 1.445E-02 2.041E-03 1.437E+03 9.281E-01 4.436E+01 2.000E+00
6.587E+06 8.062E+02 1.520E+00 1.445E-02 2.100E-03 1.312E+03 9.285E-01 4.436E+01 2.000E+00
2.949E+07 9.550E+02 1.428E+00 1.445E-02 2.208E-03 1.239E+03 9.294E-01 4.436E+01 2.000E+00
1.048E+09 8.385E+02 1.499E+00 1.445E-02 2.406E-03 1.294E+03 9.308E-01 4.437E+01 2.000E+00
7.985E+06 9.681E+02 1.421E+00 1.445E-02 2.769E-03 1.252E+03 9.336E-01 4.437E+01 2.000E+00
6.101E+06 6.265E+02 1.659E+00 1.445E-02 3.433E-03 1.458E+03 9.385E-01 4.439E+01 2.000E+00
3.708E+06 7.549E+02 1.558E+00 1.445E-02 4.652E-03 1.347E+03 9.465E-01 4.442E+01 2.000E+00
1.226E+07 5.257E+02 1.758E+00 1.445E-02 6.886E-03 1.593E+03 9.544E-01 4.447E+01 2.000E+00
1.247E+07 6.295E+02 1.654E+00 1.827E-02 1.971E-03 1.456E+03 9.371E-01 4.436E+01 2.000E+00
1.565E+07 6.295E+02 1.654E+00 1.827E-02 1.971E-03 1.456E+03 9.371E-01 4.436E+01 2.000E+00
2.970E+07 6.295E+02 1.654E+00 1.827E-02 1.971E-03 1.457E+03 9.371E-01 4.436E+01 2.000E+00
4.565E+06 8.321E+02 1.502E+00 1.827E-02 1.971E-03 1.299E+03 9.371E-01 4.436E+01 2.000E+00
5.396E+06 8.321E+02 1.502E+00 1.827E-02 1.971E-03 1.298E+03 9.371E-01 4.436E+01 2.000E+00
6.285E+07 5.047E+02 1.771E+00 1.827E-02 1.972E-03 1.636E+03 9.371E-01 4.436E+01 2.000E+00
2.755E+07 4.459E+02 1.833E+00 1.827E-02 1.972E-03 1.770E+03 9.371E-01 4.436E+01 2.000E+00
1.788E+07 6.465E+02 1.640E+00 1.827E-02 1.974E-03 1.447E+03 9.371E-01 4.436E+01 2.000E+00
2.050E+06 9.079E+02 1.455E+00 1.827E-02 1.977E-03 1.260E+03 9.372E-01 4.436E+01 2.000E+00
8.514E+06 7.000E+02 1.597E+00 1.827E-02 1.982E-03 1.389E+03 9.372E-01 4.436E+01 2.000E+00
3.647E+06 8.906E+02 1.465E+00 1.827E-02 1.992E-03 1.268E+03 9.373E-01 4.436E+01 2.000E+00
6.710E+06 6.817E+02 1.611E+00 1.827E-02 2.009E-03 1.405E+03 9.374E-01 4.436E+01 2.000E+00
4.860E+06 9.394E+02 1.436E+00 1.827E-02 2.041E-03 1.255E+03 9.376E-01 4.436E+01 2.000E+00
4.800E+06 7.548E+02 1.556E+00 1.827E-02 2.100E-03 1.347E+03 9.381E-01 4.436E+01 2.000E+00
5.359E+06 8.930E+02 1.464E+00 1.827E-02 2.208E-03 1.268E+03 9.389E-01 4.436E+01 2.000E+00
1.301E+08 3.573E+02 1.936E+00 1.827E-02 2.406E-03 2.107E+03 9.404E-01 4.437E+01 2.000E+00
5.691E+06 9.863E+02 1.411E+00 1.827E-02 2.769E-03 1.228E+03 9.431E-01 4.437E+01 2.000E+00
5.608E+06 2.556E+02 2.064E+00 1.827E-02 3.433E-03 3.239E+03 9.481E-01 4.439E+01 2.000E+00
3.117E+06 6.179E+02 1.668E+00 1.827E-02 4.652E-03 1.468E+03 9.533E-01 4.442E+01 2.000E+00
3.818E+07 6.906E+02 1.610E+00 1.827E-02 6.886E-03 1.398E+03 9.612E-01 4.447E+01 2.000E+00
2.461E+06 7.187E+02 1.582E+00 2.311E-02 1.971E-03 1.375E+03 9.492E-01 4.436E+01 2.000E+00
2.517E+06 7.187E+02 1.582E+00 2.311E-02 1.971E-03 1.375E+03 9.492E-01 4.436E+01 2.000E+00
2.630E+06 7.187E+02 1.582E+00 2.311E-02 1.971E-03 1.376E+03 9.492E-01 4.436E+01 2.000E+00
5.841E+06 5.566E+02 1.720E+00 2.311E-02 1.971E-03 1.550E+03 9.492E-01 4.436E+01 2.000E+00
3.461E+06 7.187E+02 1.582E+00 2.311E-02 1.971E-03 1.375E+03 9.492E-01 4.436E+01 2.000E+00
5.781E+06 7.187E+02 1.582E+00 2.311E-02 1.972E-03 1.375E+03 9.492E-01 4.436E+01 2.000E+00
5.218E+06 6.817E+02 1.611E+00 2.311E-02 1.972E-03 1.406E+03 9.492E-01 4.436E+01 2.000E+00
5.558E+06 7.741E+02 1.542E+00 2.311E-02 1.974E-03 1.336E+03 9.492E-01 4.436E+01 2.000E+00
3.513E+06 6.379E+02 1.647E+00 2.311E-02 1.977E-03 1.449E+03 9.493E-01 4.436E+01 2.000E+00
5.208E+06 4.920E+02 1.784E+00 2.311E-02 1.982E-03 1.663E+03 9.493E-01 4.436E+01 2.000E+00
3.763E+07 7.778E+02 1.539E+00 2.311E-02 1.992E-03 1.333E+03 9.494E-01 4.436E+01 2.000E+00
2.402E+07 7.201E+02 1.581E+00 2.311E-02 2.009E-03 1.375E+03 9.495E-01 4.436E+01 2.000E+00
6.743E+06 4.915E+02 1.784E+00 2.311E-02 2.041E-03 1.664E+03 9.497E-01 4.436E+01 2.000E+00
2.972E+07 9.608E+02 1.424E+00 2.311E-02 2.100E-03 1.243E+03 9.502E-01 4.436E+01 2.000E+00
6.030E+06 3.555E+02 1.938E+00 2.311E-02 2.208E-03 2.120E+03 9.510E-01 4.436E+01 2.000E+00
3.481E+07 7.762E+02 1.541E+00 2.311E-02 2.406E-03 1.334E+03 9.525E-01 4.437E+01 2.000E+00
9.728E+06 8.838E+02 1.470E+00 2.311E-02 2.769E-03 1.274E+03 9.552E-01 4.437E+01 2.000E+00
2.201E+07 6.566E+02 1.633E+00 2.311E-02 3.433E-03 1.430E+03 9.576E-01 4.439E+01 2.000E+00
2.635E+06 3.252E+02 1.983E+00 2.311E-02 4.652E-03 2.286E+03 9.619E-01 4.442E+01 2.000E+00
2.176E+06 3.055E+02 2.015E+00 2.311E-02 6.886E-03 2.413E+03 9.699E-01 4.447E+01 2.000E+00
9.465E+06 9.330E+02 1.440E+00 2.923E-02 1.971E-03 1.253E+03 9.633E-01 4.436E+01 2.000E+00
9.660E+06 9.330E+02 1.440E+00 2.923E-02 1.971E-03 1.253E+03 9.633E-01 4.436E+01 2.000E+00
1.004E+07 9.330E+02 1.440E+00 2.923E-02 1.971E-03 1.253E+03 9.633E-01 4.436E+01 2.000E+00
1.082E+07 9.330E+02 1.440E+00 2.923E-02 1.971E-03 1.277E+03 9.633E-01 4.436E+01 2.000E+00
1.266E+07 9.330E+02 1.440E+00 2.923E-02 1.971E-03 1.253E+03 9.633E-01 4.436E+01 2.000E+00
1.441E+06 3.399E+02 1.956E+00 2.923E-02 1.972E-03 2.217E+03 9.633E-01 4.436E+01 2.000E+00
9.220E+06 3.399E+02 1.956E+00 2.923E-02 1.972E-03 2.217E+03 9.633E-01 4.436E+01 2.000E+00
1.133E+07 3.697E+02 1.920E+00 2.923E-02 1.974E-03 2.049E+03 9.633E-01 4.436E+01 2.000E+00
1.437E+08 9.315E+02 1.441E+00 2.923E-02 1.977E-03 1.253E+03 9.633E-01 4.436E+01 2.000E+00
5.487E+06 9.447E+02 1.433E+00 2.923E-02 1.982E-03 1.248E+03 9.633E-01 4.436E+01 2.000E+00
8.464E+06 8.062E+02 1.520E+00 2.923E-02 1.992E-03 1.318E+03 9.633E-01 4.436E+01 2.000E+00
5.669E+07 2.987E+02 2.007E+00 2.923E-02 2.009E-03 2.569E+03 9.634E-01 4.436E+01 2.000E+00
5.044E+06 6.726E+02 1.619E+00 2.923E-02 2.041E-03 1.417E+03 9.635E-01 4.436E+01 2.000E+00
1.033E+07 9.550E+02 1.428E+00 2.923E-02 2.100E-03 1.244E+03 9.637E-01 4.436E+01 2.000E+00
1.733E+07 5.756E+02 1.703E+00 2.923E-02 2.208E-03 1.525E+03 9.641E-01 4.436E+01 2.000E+00
1.110E+07 9.465E+02 1.433E+00 2.923E-02 2.406E-03 1.248E+03 9.648E-01 4.437E+01 2.000E+00
3.750E+06 6.413E+02 1.645E+00 2.923E-02 2.769E-03 1.447E+03 9.661E-01 4.437E+01 2.000E+00
7.354E+06 6.028E+02 1.680E+00 2.923E-02 3.433E-03 1.490E+03 9.685E-01 4.439E+01 2.000E+00
4.513E+06 9.090E+02 1.457E+00 2.923E-02 4.652E-03 1.267E+03 9.728E-01 4.442E+01 2.000E+00
1.613E+06 2.582E+02 2.075E+00 2.923E-02 6.886E-03 3.035E+03 9.808E-01 4.447E+01 2.000E+00
1.849E+07 8.539E+02 1.488E+00 3.697E-02 1.971E-03 1.293E+03 9.770E-01 4.436E+01 2.000E+00
2.049E+07 8.539E+02 1.488E+00 3.697E-02 1.971E-03 1.293E+03 9.770E-01 4.436E+01 2.000E+00
2.558E+07 8.539E+02 1.488E+00 3.697E-02 1.971E-03 1.293E+03 9.770E-01 4.436E+01 2.000E+00
4.741E+07 8.539E+02 1.488E+00 3.697E-02 1.971E-03 1.293E+03 9.770E-01 4.436E+01 2.000E+00
8.889E+06 8.471E+02 1.493E+00 3.697E-02 1.971E-03 1.297E+03 9.770E-01 4.436E+01 2.000E+00
1.945E+07 8.471E+02 1.493E+00 3.697E-02 1.972E-03 1.312E+03 9.770E-01 4.436E+01 2.000E+00
7.441E+06 8.417E+02 1.496E+00 3.697E-02 1.972E-03 1.299E+03 9.770E-01 4.436E+01 2.000E+00
6.505E+06 8.340E+02 1.501E+00 3.697E-02 1.974E-03 1.304E+03 9.771E-01 4.436E+01 2.000E+00
8.564E+06 8.701E+02 1.478E+00 3.697E-02 1.977E-03 1.289E+03 9.771E-01 4.436E+01 2.000E+00
2.086E+06 2.503E+02 2.065E+00 3.697E-02 1.982E-03 3.514E+03 9.771E-01 4.436E+01 2.000E+00
2.267E+07 9.788E+02 1.414E+00 3.697E-02 1.992E-03 1.237E+03 9.771E-01 4.436E+01 2.000E+00
1.232E+07 7.281E+02 1.575E+00 3.697E-02 2.009E-03 1.375E+03 9.772E-01 4.436E+01 2.000E+00
4.895E+06 9.550E+02 1.428E+00 3.697E-02 2.041E-03 1.247E+03 9.773E-01 4.436E+01 2.000E+00
6.559E+06 6.695E+02 1.621E+00 3.697E-02 2.100E-03 1.422E+03 9.775E-01 4.436E+01 2.000E+00
5.016E+06 5.200E+02 1.756E+00 3.697E-02 2.208E-03 1.613E+03 9.779E-01 4.436E+01 2.000E+00
3.707E+07 4.121E+02 1.872E+00 3.697E-02 2.406E-03 1.876E+03 9.786E-01 4.437E+01 2.000E+00
3.028E+06 5.647E+02 1.714E+00 3.697E-02 2.769E-03 1.542E+03 9.799E-01 4.437E+01 2.000E+00
7.860E+06 7.125E+02 1.589E+00 3.697E-02 3.433E-03 1.385E+03 9.823E-01 4.439E+01 2.000E+00
1.074E+07 3.604E+02 1.939E+00 3.697E-02 4.652E-03 2.076E+03 9.866E-01 4.442E+01 2.000E+00
1.931E+07 7.840E+02 1.540E+00 3.697E-02 6.886E-03 1.338E+03 9.899E-01 4.447E+01 2.000E+00
4.664E+06 9.550E+02 1.428E+00 4.677E-02 1.971E-03 1.252E+03 9.945E-01 4.436E+01 2.000E+00
4.691E+06 9.550E+02 1.428E+00 4.677E-02 1.971E-03 1.250E+03 9.945E-01 4.436E+01 2.000E+00
4.742E+06 9.550E+02 1.428E+00 4.677E-02 1.971E-03 1.250E+03 9.945E-01 4.436E+01 2.000E+00
4.839E+06 9.550E+02 1.428E+00 4.677E-02 1.971E-03 1.254E+03 9.945E-01 4.436E+01 2.000E+00
5.783E+06 4.446E+02 1.834E+00 4.677E-02 1.971E-03 1.782E+03 9.945E-01 4.436E+01 2.000E+00
5.422E+06 9.550E+02 1.428E+00 4.677E-02 1.972E-03 1.250E+03 9.945E-01 4.436E+01 2.000E+00
6.353E+06 9.550E+02 1.428E+00 4.677E-02 1.972E-03 1.259E+03 9.945E-01 4.436E+01 2.000E+00
1.525E+07 6.815E+02 1.611E+00 4.677E-02 1.974E-03 1.414E+03 9.945E-01 4.436E+01 2.000E+00
2.746E+08 9.550E+02 1.428E+00 4.677E-02 1.977E-03 1.250E+03 9.945E-01 4.436E+01 2.000E+00
2.116E+07 8.760E+02 1.474E+00 4.677E-02 1.982E-03 1.285E+03 9.945E-01 4.436E+01 2.000E+00
6.553E+06 3.633E+02 1.928E+00 4.677E-02 1.992E-03 2.085E+03 9.946E-01 4.436E+01 2.000E+00
4.777E+06 8.450E+02 1.494E+00 4.677E-02 2.009E-03 1.301E+03 9.946E-01 4.436E+01 2.000E+00
2.838E+06 2.985E+02 2.007E+00 4.677E-02 2.041E-03 2.573E+03 9.946E-01 4.436E+01 2.000E+00
7.593E+07 4.187E+02 1.864E+00 4.677E-02 2.100E-03 1.859E+03 9.947E-01 4.436E+01 2.000E+00
1.269E+07 7.539E+02 1.557E+00 4.677E-02 2.208E-03 1.357E+03 9.948E-01 4.436E+01 2.000E+00
3.472E+07 2.804E+02 2.031E+00 4.677E-02 2.406E-03 2.798E+03 9.950E-01 4.437E+01 2.000E+00
4.659E+06 7.343E+02 1.572E+00 4.677E-02 2.769E-03 1.549E+03 9.953E-01 4.437E+01 2.000E+00
3.700E+07 8.092E+02 1.519E+00 4.677E-02 3.433E-03 1.323E+03 9.960E-01 4.439E+01 2.000E+00
2.016E+06 8.178E+02 1.514E+00 4.677E-02 4.652E-03 1.324E+03 9.971E-01 4.442E+01 2.000E+00
7.469E+06 8.182E+02 1.516E+00 4.677E-02 6.886E-03 1.322E+03 9.992E-01 4.447E+01 2.000E+00
4.726E+07 7.974E+02 1.526E+00 5.915E-02 1.971E-03 1.333E+03 1.000E+00 4.436E+01 0.000E+00
7.534E+07 7.974E+02 1.526E+00 5.915E-02 1.971E-03 1.333E+03 1.000E+00 4.436E+01 0.000E+00
2.370E+06 8.054E+02 1.520E+00 5.915E-02 1.971E-03 1.328E+03 1.000E+00 4.436E+01 0.000E+00
2.479E+06 8.054E+02 1.520E+00 5.915E-02 1.971E-03 1.328E+03 1.000E+00 4.436E+01 0.000E+00
2.712E+06 8.054E+02 1.520E+00 5.915E-02 1.971E-03 1.328E+03 1.000E+00 4.436E+01 0.000E+00
3.030E+06 2.833E+02 2.026E+00 5.915E-02 1.972E-03 2.769E+03 1.000E+00 4.436E+01 0.000E+00
5.859E+06 8.054E+02 1.520E+00 5.915E-02 1.972E-03 1.329E+03 1.000E+00 4.436E+01 0.000E+00
1.011E+08 5.648E+02 1.712E+00 5.915E-02 1.974E-03 1.549E+03 1.000E+00 4.436E+01 0.000E+00
7.490E+08 4.870E+02 1.789E+00 5.915E-02 1.977E-03 1.684E+03 1.000E+00 4.436E+01 0.000E+00
6.359E+06 3.278E+02 1.971E+00 5.915E-02 1.982E-03 2.309E+03 1.000E+00 4.436E+01 0.000E+00
5.243E+07 6.781E+02 1.614E+00 5.915E-02 1.992E-03 1.421E+03 1.000E+00 4.436E+01 0.000E+00
3.071E+06 4.778E+02 1.799E+00 5.915E-02 2.009E-03 1.704E+03 1.000E+00 4.436E+01 0.000E+00
2.113E+07 4.250E+02 1.857E+00 5.915E-02 2.041E-03 1.842E+03 1.000E+00 4.436E+01 0.000E+00
2.745E+07 8.872E+02 1.468E+00 5.915E-02 2.100E-03 1.285E+03 1.000E+00 4.436E+01 0.000E+00
9.747E+06 8.438E+02 1.495E+00 5.915E-02 2.208E-03 1.307E+03 1.000E+00 4.436E+01 0.000E+00
1.333E+07 9.007E+02 1.460E+00 5.915E-02 2.406E-03 1.279E+03 1.000E+00 4.437E+01 0.000E+00
3.090E+06 8.191E+02 1.512E+00 5.915E-02 2.769E-03 1.321E+03 1.000E+00 4.438E+01 0.000E+00
6.654E+06 5.785E+02 1.702E+00 5.915E-02 3.433E-03 1.530E+03 1.000E+00 4.439E+01 0.000E+00
1.541E+07 4.155E+02 1.873E+00 5.915E-02 4.652E-03 1.861E+03 1.000E+00 4.442E+01 0.000E+00
4.731E+06 7.906E+02 1.535E+00 5.915E-02 6.886E-03 1.343E+03 1.000E+00 4.447E+01 0.000E+00
2.636E+07 8.196E+02 1.511E+00 7.482E-02 1.971E-03 1.327E+03 1.000E+00 4.436E+01 0.000E+00
3.210E+07 8.196E+02 1.511E+00 7.482E-02 1.971E-03 1.326E+03 1.000E+00 4.436E+01 0.000E+00
5.370E+07 8.196E+02 1.511E+00 7.482E-02 1.971E-03 1.326E+03 1.000E+00 4.436E+01 0.000E+00
2.044E+07 5.833E+02 1.695E+00 7.482E-02 1.971E-03 1.529E+03 1.000E+00 4.436E+01 0.000E+00
7.810E+06 5.881E+02 1.691E+00 7.482E-02 1.971E-03 1.523E+03 1.000E+00 4.436E+01 0.000E+00
2.769E+06 7.673E+02 1.547E+00 7.482E-02 1.972E-03 1.358E+03 1.000E+00 4.436E+01 0.000E+00
4.950E+06 7.673E+02 1.547E+00 7.482E-02 1.972E-03 1.358E+03 1.000E+00 4.436E+01 0.000E+00
5.434E+06 7.183E+02 1.583E+00 7.482E-02 1.974E-03 1.404E+03 1.000E+00 4.436E+01 0.000E+00
8.342E+07 8.037E+02 1.521E+00 7.482E-02 1.977E-03 1.335E+03 1.000E+00 4.436E+01 0.000E+00
2.587E+06 5.199E+02 1.756E+00 7.482E-02 1.982E-03 1.625E+03 1.000E+00 4.436E+01 0.000E+00
6.785E+07 4.415E+02 1.838E+00 7.482E-02 1.992E-03 1.798E+03 1.000E+00 4.436E+01 0.000E+00
3.632E+06 4.143E+02 1.869E+00 7.482E-02 2.009E-03 1.881E+03 1.000E+00 4.436E+01 0.000E+00
1.840E+07 8.954E+02 1.463E+00 7.482E-02 2.041E-03 1.290E+03 1.000E+00 4.436E+01 0.000E+00
1.004E+07 7.286E+02 1.575E+00 7.482E-02 2.100E-03 1.385E+03 1.000E+00 4.436E+01 0.000E+00
3.477E+07 7.471E+02 1.562E+00 7.482E-02 2.208E-03 1.372E+03 1.000E+00 4.436E+01 0.000E+00
8.613E+07 6.718E+02 1.620E+00 7.482E-02 2.406E-03 1.433E+03 1.000E+00 4.437E+01 0.000E+00
2.766E+07 4.631E+02 1.816E+00 7.482E-02 2.769E-03 1.740E+03 1.000E+00 4.438E+01 0.000E+00
8.025E+06 7.660E+02 1.549E+00 7.482E-02 3.433E-03 1.360E+03 1.000E+00 4.439E+01 0.000E+00
1.032E+07 7.448E+02 1.566E+00 7.482E-02 4.652E-03 1.547E+03 1.000E+00 4.442E+01 0.000E+00
5.920E+06 2.405E+02 2.098E+00 7.482E-02 6.886E-03 3.486E+03 1.000E+00 4.447E+01 0.000E+00
3.419E+07 5.959E+02 1.684E+00 9.464E-02 1.971E-03 1.520E+03 1.000E+00 4.436E+01 0.000E+00
9.457E+07 5.959E+02 1.684E+00 9.464E-02 1.971E-03 1.522E+03 1.000E+00 4.436E+01 0.000E+00
5.032E+06 5.800E+02 1.698E+00 9.464E-02 1.971E-03 1.540E+03 1.000E+00 4.436E+01 0.000E+00
7.293E+06 5.800E+02 1.698E+00 9.464E-02 1.971E-03 1.540E+03 1.000E+00 4.436E+01 0.000E+00
5.172E+07 5.800E+02 1.698E+00 9.464E-02 1.971E-03 1.544E+03 1.000E+00 4.436E+01 0.000E+00
3.152E+06 6.811E+02 1.612E+00 9.464E-02 1.972E-03 1.431E+03 1.000E+00 4.436E+01 0.000E+00
1.661E+07 6.811E+02 1.612E+00 9.464E-02 1.972E-03 1.433E+03 1.000E+00 4.436E+01 0.000E+00
2.322E+06 2.623E+02 2.052E+00 9.464E-02 1.974E-03 3.142E+03 1.000E+00 4.436E+01 0.000E+00
7.664E+06 3.690E+02 1.922E+00 9.464E-02 1.977E-03 2.069E+03 1.000E+00 4.436E+01 0.000E+00
1.494E+07 7.568E+02 1.554E+00 9.464E-02 1.982E-03 1.372E+03 1.000E+00 4.436E+01 0.000E+00
3.208E+06 5.363E+02 1.740E+00 9.464E-02 1.992E-03 1.605E+03 1.000E+00 4.436E+01 0.000E+00
2.120E+06 6.616E+02 1.628E+00 9.464E-02 2.009E-03 1.449E+03 1.000E+00 4.436E+01 0.000E+00
4.511E+06 9.553E+02 1.427E+00 9.464E-02 2.041E-03 1.270E+03 1.000E+00 4.436E+01 0.000E+00
4.981E+06 6.371E+02 1.648E+00 9.464E-02 2.100E-03 1.474E+03 1.000E+00 4.436E+01 0.000E+00
2.433E+07 5.183E+02 1.758E+00 9.464E-02 2.208E-03 1.634E+03 1.000E+00 4.436E+01 0.000E+00
2.137E+07 9.178E+02 1.449E+00 9.464E-02 2.406E-03 1.287E+03 1.000E+00 4.437E+01 0.000E+00
2.782E+06 8.325E+02 1.503E+00 9.464E-02 2.769E-03 1.328E+03 1.000E+00 4.438E+01 0.000E+00
3.790E+06 3.962E+02 1.893E+00 9.464E-02 3.433E-03 1.951E+03 1.000E+00 4.439E+01 0.000E+00
2.379E+07 2.838E+02 2.036E+00 9.464E-02 4.652E-03 2.700E+03 1.000E+00 4.442E+01 0.000E+00
2.285E+06 7.279E+02 1.581E+00 9.464E-02 6.886E-03 1.406E+03 1.000E+00 4.447E+01 0.000E+00
1.259E+08 9.109E+02 1.453E+00 1.197E-01 1.971E-03 1.299E+03 1.000E+00 4.436E+01 0.000E+00
2.091E+08 9.109E+02 1.453E+00 1.197E-01 1.971E-03 1.299E+03 1.000E+00 4.436E+01 0.000E+00
1.060E+07 7.772E+02 1.540E+00 1.197E-01 1.971E-03 1.369E+03 1.000E+00 4.436E+01 0.000E+00
1.514E+07 7.772E+02 1.540E+00 1.197E-01 1.971E-03 1.369E+03 1.000E+00 4.436E+01 0.000E+00
7.890E+07 7.772E+02 1.540E+00 1.197E-01 1.971E-03 1.370E+03 1.000E+00 4.436E+01 0.000E+00
5.708E+06 7.372E+02 1.569E+00 1.197E-01 1.972E-03 1.396E+03 1.000E+00 4.436E+01 0.000E+00
7.167E+06 4.657E+02 1.812E+00 1.197E-01 1.972E-03 1.750E+03 1.000E+00 4.436E+01 0.000E+00
6.863E+07 8.604E+02 1.484E+00 1.197E-01 1.974E-03 1.324E+03 1.000E+00 4.436E+01 0.000E+00
1.340E+07 4.438E+02 1.836E+00 1.197E-01 1.977E-03 1.806E+03 1.000E+00 4.436E+01 0.000E+00
2.241E+06 9.794E+02 1.414E+00 1.197E-01 1.982E-03 1.272E+03 1.000E+00 4.436E+01 0.000E+00
5.846E+06 6.427E+02 1.643E+00 1.197E-01 1.992E-03 1.477E+03 1.000E+00 4.436E+01 0.000E+00
4.471E+06 9.681E+02 1.420E+00 1.197E-01 2.009E-03 1.276E+03 1.000E+00 4.436E+01 0.000E+00
5.274E+06 9.863E+02 1.410E+00 1.197E-01 2.041E-03 1.271E+03 1.000E+00 4.436E+01 0.000E+00
2.986E+06 9.407E+02 1.436E+00 1.197E-01 2.100E-03 1.287E+03 1.000E+00 4.436E+01 0.000E+00
1.349E+07 5.264E+02 1.750E+00 1.197E-01 2.208E-03 1.629E+03 1.000E+00 4.436E+01 0.000E+00
1.058E+07 5.792E+02 1.700E+00 1.197E-01 2.406E-03 1.550E+03 1.000E+00 4.437E+01 0.000E+00
5.076E+06 5.112E+02 1.766E+00 1.197E-01 2.769E-03 1.655E+03 1.000E+00 4.438E+01 0.000E+00
8.949E+06 7.556E+02 1.557E+00 1.197E-01 3.433E-03 1.387E+03 1.000E+00 4.439E+01 0.000E+00
1.538E+07 7.933E+02 1.531E+00 1.197E-01 4.652E-03 1.375E+03 1.000E+00 4.442E+01 0.000E+00
1.013E+07 9.830E+02 1.416E+00 1.197E-01 6.886E-03 1.285E+03 1.000E+00 4.447E+01 0.000E+00
1.428E+07 9.167E+02 1.450E+00 1.514E-01 1.971E-03 1.312E+03 1.000E+00 4.436E+01 0.000E+00
1.487E+07 9.167E+02 1.450E+00 1.514E-01 1.971E-03 1.317E+03 1.000E+00 4.436E+01 0.000E+00
1.609E+07 9.167E+02 1.450E+00 1.514E-01 1.971E-03 1.312E+03 1.000E+00 4.436E+01 0.000E+00
1.896E+07 9.167E+02 1.450E+00 1.514E-01 1.971E-03 1.324E+03 1.000E+00 4.436E+01 0.000E+00
2.835E+07 9.167E+02 1.450E+00 1.514E-01 1.971E-03 1.312E+03 1.000E+00 4.436E+01 0.000E+00
3.939E+08 9.167E+02 1.450E+00 1.514E-01 1.972E-03 1.312E+03 1.000E+00 4.436E+01 0.000E+00
6.670E+06 3.624E+02 1.930E+00 1.514E-01 1.972E-03 2.118E+03 1.000E+00 4.436E+01 0.000E+00
1.168E+07 9.441E+02 1.434E+00 1.514E-01 1.974E-03 1.301E+03 1.000E+00 4.436E+01 0.000E+00
1.315E+07 9.204E+02 1.448E+00 1.514E-01 1.977E-03 1.310E+03 1.000E+00 4.436E+01 0.000E+00
3.177E+06 2.516E+02 2.065E+00 1.514E-01 1.982E-03 3.408E+03 1.000E+00 4.436E+01 0.000E+00
1.178E+07 9.271E+02 1.444E+00 1.514E-01 1.992E-03 1.308E+03 1.000E+00 4.436E+01 0.000E+00
1.222E+08 6.989E+02 1.598E+00 1.514E-01 2.009E-03 1.439E+03 1.000E+00 4.436E+01 0.000E+00
2.528E+06 9.042E+02 1.457E+00 1.514E-01 2.041E-03 1.317E+03 1.000E+00 4.436E+01 0.000E+00
4.074E+06 3.444E+02 1.952E+00 1.514E-01 2.100E-03 2.217E+03 1.000E+00 4.436E+01 0.000E+00
6.733E+06 9.471E+02 1.432E+00 1.514E-01 2.208E-03 1.300E+03 1.000E+00 4.436E+01 0.000E+00
1.054E+07 6.029E+02 1.678E+00 1.514E-01 2.406E-03 1.533E+03 1.000E+00 4.437E+01 0.000E+00
2.651E+07 7.359E+02 1.571E+00 1.514E-01 2.769E-03 1.413E+03 1.000E+00 4.438E+01 0.000E+00
2.137E+06 9.870E+02 1.411E+00 1.514E-01 3.433E-03 1.290E+03 1.000E+00 4.439E+01 0.000E+00
3.751E+06 7.326E+02 1.575E+00 1.514E-01 4.652E-03 1.420E+03 1.000E+00 4.442E+01 0.000E+00
1.010E+07 7.489E+02 1.565E+00 1.514E-01 6.886E-03 1.416E+03 1.000E+00 4.447E+01 0.000E+00
1.671E+07 7.477E+02 1.561E+00 1.915E-01 1.971E-03 1.422E+03 1.000E+00 4.436E+01 0.000E+00
3.809E+06 2.713E+02 2.042E+00 1.915E-01 1.971E-03 3.005E+03 1.000E+00 4.436E+01 0.000E+00
3.177E+07 7.477E+02 1.561E+00 1.915E-01 1.971E-03 1.422E+03 1.000E+00 4.436E+01 0.000E+00
1.124E+08 7.474E+02 1.561E+00 1.915E-01 1.971E-03 1.424E+03 1.000E+00 4.436E+01 0.000E+00
2.302E+08 7.483E+02 1.561E+00 1.915E-01 1.971E-03 1.421E+03 1.000E+00 4.436E+01 0.000E+00
3.726E+07 7.653E+02 1.548E+00 1.915E-01 1.972E-03 1.410E+03 1.000E+00 4.436E+01 0.000E+00
4.509E+06 8.011E+02 1.523E+00 1.915E-01 1.972E-03 1.389E+03 1.000E+00 4.436E+01 0.000E+00
9.302E+06 8.193E+02 1.511E+00 1.915E-01 1.974E-03 1.379E+03 1.000E+00 4.436E+01 0.000E+00
2.651E+06 5.333E+02 1.743E+00 1.915E-01 1.977E-03 1.645E+03 1.000E+00 4.436E+01 0.000E+00
1.073E+09 4.902E+02 1.786E+00 1.915E-01 1.982E-03 1.722E+03 1.000E+00 4.436E+01 0.000E+00
1.314E+07 3.206E+02 1.982E+00 1.915E-01 1.992E-03 2.396E+03 1.000E+00 4.436E+01 0.000E+00
1.682E+06 6.371E+02 1.648E+00 1.915E-01 2.009E-03 1.513E+03 1.000E+00 4.436E+01 0.000E+00
2.532E+06 4.628E+02 1.815E+00 1.915E-01 2.041E-03 1.784E+03 1.000E+00 4.436E+01 0.000E+00
6.794E+06 8.446E+02 1.495E+00 1.915E-01 2.100E-03 1.366E+03 1.000E+00 4.436E+01 0.000E+00
4.102E+06 8.264E+02 1.507E+00 1.915E-01 2.208E-03 1.376E+03 1.000E+00 4.437E+01 0.000E+00
2.698E+06 4.295E+02 1.853E+00 1.915E-01 2.406E-03 1.870E+03 1.000E+00 4.437E+01 0.000E+00
3.622E+06 6.704E+02 1.622E+00 1.915E-01 2.769E-03 1.486E+03 1.000E+00 4.438E+01 0.000E+00
3.228E+06 9.168E+02 1.451E+00 1.915E-01 3.433E-03 1.340E+03 1.000E+00 4.439E+01 0.000E+00
2.161E+07 8.855E+02 1.471E+00 1.915E-01 4.652E-03 1.357E+03 1.000E+00 4.442E+01 0.000E+00
2.400E+07 5.345E+02 1.750E+00 1.915E-01 6.886E-03 1.648E+03 1.000E+00 4.447E+01 0.000E+00
3.569E+06 8.293E+02 1.505E+00 2.422E-01 1.971E-03 2.243E+03 1.000E+00 4.436E+01 0.000E+00
3.636E+06 8.293E+02 1.505E+00 2.422E-01 1.971E-03 1.403E+03 1.000E+00 4.436E+01 0.000E+00
3.768E+06 8.293E+02 1.505E+00 2.422E-01 1.971E-03 1.403E+03 1.000E+00 4.436E+01 0.000E+00
4.038E+06 8.293E+02 1.505E+00 2.422E-01 1.971E-03 1.403E+03 1.000E+00 4.436E+01 0.000E+00
4.664E+06 8.293E+02 1.505E+00 2.422E-01 1.971E-03 1.403E+03 1.000E+00 4.436E+01 0.000E+00
6.621E+06 8.293E+02 1.505E+00 2.422E-01 1.972E-03 1.403E+03 1.000E+00 4.436E+01 0.000E+00
3.881E+07 8.293E+02 1.505E+00 2.422E-01 1.972E-03 1.405E+03 1.000E+00 4.436E+01 0.000E+00
3.956E+07 8.187E+02 1.512E+00 2.422E-01 1.974E-03 1.411E+03 1.000E+00 4.436E+01 0.000E+00
1.119E+08 5.752E+02 1.703E+00 2.422E-01 1.977E-03 1.609E+03 1.000E+00 4.436E+01 0.000E+00
4.478E+08 6.982E+02 1.599E+00 2.422E-01 1.982E-03 1.485E+03 1.000E+00 4.436E+01 0.000E+00
1.360E+07 7.963E+02 1.527E+00 2.422E-01 1.992E-03 1.421E+03 1.000E+00 4.436E+01 0.000E+00
2.437E+07 6.302E+02 1.654E+00 2.422E-01 2.009E-03 1.545E+03 1.000E+00 4.436E+01 0.000E+00
4.335E+06 8.731E+02 1.476E+00 2.422E-01 2.041E-03 1.384E+03 1.000E+00 4.436E+01 0.000E+00
3.248E+06 4.555E+02 1.824E+00 2.422E-01 2.100E-03 1.820E+03 1.000E+00 4.436E+01 0.000E+00
5.259E+06 8.865E+02 1.468E+00 2.422E-01 2.208E-03 1.379E+03 1.000E+00 4.437E+01 0.000E+00
3.038E+06 8.839E+02 1.470E+00 2.422E-01 2.406E-03 1.381E+03 1.000E+00 4.437E+01 0.000E+00
4.923E+06 9.734E+02 1.418E+00 2.422E-01 2.769E-03 1.351E+03 1.000E+00 4.438E+01 0.000E+00
6.068E+06 4.086E+02 1.880E+00 2.422E-01 3.433E-03 1.953E+03 1.000E+00 4.439E+01 0.000E+00
8.252E+06 5.993E+02 1.685E+00 2.422E-01 4.652E-03 1.589E+03 1.000E+00 4.442E+01 0.000E+00
7.105E+06 3.499E+02 1.960E+00 2.422E-01 6.886E-03 2.183E+03 1.000E+00 4.447E+01 0.000E+00
2.651E+07 7.969E+02 1.526E+00 3.064E-01 1.971E-03 1.465E+03 1.000E+00 4.436E+01 0.000E+00
3.333E+07 7.969E+02 1.526E+00 3.064E-01 1.971E-03 1.465E+03 1.000E+00 4.436E+01 0.000E+00
6.353E+07 7.969E+02 1.526E+00 3.064E-01 1.971E-03 1.465E+03 1.000E+00 4.436E+01 0.000E+00
3.927E+06 4.684E+02 1.810E+00 3.064E-01 1.971E-03 1.820E+03 1.000E+00 4.436E+01 0.000E+00
9.862E+06 4.684E+02 1.810E+00 3.064E-01 1.971E-03 1.825E+03 1.000E+00 4.436E+01 0.000E+00
3.131E+06 4.752E+02 1.802E+00 3.064E-01 1.972E-03 1.805E+03 1.000E+00 4.436E+01 0.000E+00
1.586E+06 8.438E+02 1.495E+00 3.064E-01 1.972E-03 1.444E+03 1.000E+00 4.436E+01 0.000E+00
3.231E+06 2.859E+02 2.026E+00 3.064E-01 1.974E-03 2.776E+03 1.000E+00 4.436E+01 0.000E+00
1.697E+06 5.779E+02 1.701E+00 3.064E-01 1.977E-03 1.642E+03 1.000E+00 4.436E+01 0.000E+00
3.930E+07 8.263E+02 1.507E+00 3.064E-01 1.982E-03 1.456E+03 1.000E+00 4.436E+01 0.000E+00
6.387E+06 3.342E+02 1.966E+00 3.064E-01 1.992E-03 2.333E+03 1.000E+00 4.436E+01 0.000E+00
8.412E+06 6.327E+02 1.652E+00 3.064E-01 2.009E-03 1.580E+03 1.000E+00 4.436E+01 0.000E+00
6.629E+06 7.747E+02 1.542E+00 3.064E-01 2.041E-03 1.477E+03 1.000E+00 4.436E+01 0.000E+00
3.485E+06 3.252E+02 1.977E+00 3.064E-01 2.100E-03 2.395E+03 1.000E+00 4.437E+01 0.000E+00
3.212E+07 6.857E+02 1.609E+00 3.064E-01 2.208E-03 1.535E+03 1.000E+00 4.437E+01 0.000E+00
9.538E+06 9.165E+02 1.450E+00 3.064E-01 2.406E-03 1.422E+03 1.000E+00 4.437E+01 0.000E+00
1.031E+07 9.005E+02 1.460E+00 3.064E-01 2.769E-03 1.430E+03 1.000E+00 4.438E+01 0.000E+00
5.933E+06 8.173E+02 1.514E+00 3.064E-01 3.433E-03 1.467E+03 1.000E+00 4.440E+01 0.000E+00
3.765E+06 6.541E+02 1.638E+00 3.064E-01 4.652E-03 1.575E+03 1.000E+00 4.442E+01 0.000E+00
9.213E+06 6.436E+02 1.649E+00 3.064E-01 6.886E-03 1.597E+03 1.000E+00 4.448E+01 0.000E+00
3.937E+06 8.143E+02 1.515E+00 3.875E-01 1.971E-03 1.538E+03 1.000E+00 4.436E+01 0.000E+00
4.030E+06 8.143E+02 1.515E+00 3.875E-01 1.971E-03 1.537E+03 1.000E+00 4.436E+01 0.000E+00
4.213E+06 8.143E+02 1.515E+00 3.875E-01 1.971E-03 1.537E+03 1.000E+00 4.436E+01 0.000E+00
4.601E+06 8.143E+02 1.515E+00 3.875E-01 1.971E-03 1.538E+03 1.000E+00 4.436E+01 0.000E+00
5.562E+06 8.143E+02 1.515E+00 3.875E-01 1.971E-03 1.540E+03 1.000E+00 4.436E+01 0.000E+00
9.261E+06 8.143E+02 1.515E+00 3.875E-01 1.972E-03 1.537E+03 1.000E+00 4.436E+01 0.000E+00
1.351E+07 8.071E+02 1.520E+00 3.875E-01 1.972E-03 1.540E+03 1.000E+00 4.436E+01 0.000E+00
3.275E+07 8.424E+02 1.496E+00 3.875E-01 1.974E-03 1.529E+03 1.000E+00 4.436E+01 0.000E+00
6.314E+06 8.861E+02 1.469E+00 3.875E-01 1.977E-03 1.518E+03 1.000E+00 4.436E+01 0.000E+00
4.374E+06 3.780E+02 1.913E+00 3.875E-01 1.982E-03 2.137E+03 1.000E+00 4.436E+01 0.000E+00
1.333E+07 7.448E+02 1.563E+00 3.875E-01 1.992E-03 1.566E+03 1.000E+00 4.436E+01 0.000E+00
1.327E+09 7.764E+02 1.541E+00 3.875E-01 2.009E-03 1.552E+03 1.000E+00 4.437E+01 0.000E+00
4.701E+06 4.482E+02 1.832E+00 3.875E-01 2.041E-03 1.911E+03 1.000E+00 4.437E+01 0.000E+00
6.217E+07 9.112E+02 1.453E+00 3.875E-01 2.100E-03 1.516E+03 1.000E+00 4.437E+01 0.000E+00
7.222E+06 6.253E+02 1.659E+00 3.875E-01 2.208E-03 1.647E+03 1.000E+00 4.437E+01 0.000E+00
4.805E+07 6.570E+02 1.632E+00 3.875E-01 2.406E-03 1.623E+03 1.000E+00 4.437E+01 0.000E+00
5.145E+06 8.334E+02 1.503E+00 3.875E-01 2.769E-03 1.566E+03 1.000E+00 4.438E+01 0.000E+00
5.027E+06 3.104E+02 2.001E+00 3.875E-01 3.433E-03 2.530E+03 1.000E+00 4.440E+01 0.000E+00
4.014E+06 9.091E+02 1.457E+00 3.875E-01 4.652E-03 1.557E+03 1.000E+00 4.443E+01 0.000E+00
1.064E+07 6.826E+02 1.617E+00 3.875E-01 6.886E-03 1.654E+03 1.000E+00 4.448E+01 0.000E+00
1.069E+07 7.444E+02 1.564E+00 4.902E-01 1.971E-03 1.711E+03 1.000E+00 4.437E+01 0.000E+00
1.193E+07 7.444E+02 1.564E+00 4.902E-01 1.971E-03 1.711E+03 1.000E+00 4.437E+01 0.000E+00
1.520E+07 7.444E+02 1.564E+00 4.902E-01 1.971E-03 1.716E+03 1.000E+00 4.437E+01 0.000E+00
3.109E+07 7.444E+02 1.564E+00 4.902E-01 1.971E-03 1.712E+03 1.000E+00 4.437E+01 0.000E+00
2.066E+07 6.510E+02 1.637E+00 4.902E-01 1.971E-03 1.739E+03 1.000E+00 4.437E+01 0.000E+00
4.455E+06 6.920E+02 1.604E+00 4.902E-01 1.972E-03 1.722E+03 1.000E+00 4.437E+01 0.000E+00
8.552E+06 6.778E+02 1.615E+00 4.902E-01 1.972E-03 1.729E+03 1.000E+00 4.437E+01 0.000E+00
3.662E+06 4.718E+02 1.807E+00 4.902E-01 1.974E-03 1.934E+03 1.000E+00 4.437E+01 0.000E+00
4.953E+06 4.141E+02 1.871E+00 4.902E-01 1.977E-03 2.072E+03 1.000E+00 4.437E+01 0.000E+00
2.728E+07 8.879E+02 1.468E+00 4.902E-01 1.982E-03 1.731E+03 1.000E+00 4.437E+01 0.000E+00
1.487E+07 8.623E+02 1.483E+00 4.902E-01 1.992E-03 1.722E+03 1.000E+00 4.437E+01 0.000E+00
1.356E+09 5.874E+02 1.693E+00 4.902E-01 2.009E-03 1.786E+03 1.000E+00 4.437E+01 0.000E+00
6.311E+06 6.422E+02 1.645E+00 4.902E-01 2.041E-03 1.745E+03 1.000E+00 4.437E+01 0.000E+00
2.795E+07 9.312E+02 1.442E+00 4.902E-01 2.100E-03 1.757E+03 1.000E+00 4.437E+01 0.000E+00
7.272E+06 5.525E+02 1.726E+00 4.902E-01 2.208E-03 1.819E+03 1.000E+00 4.437E+01 0.000E+00
4.160E+06 7.958E+02 1.528E+00 4.902E-01 2.406E-03 1.722E+03 1.000E+00 4.438E+01 0.000E+00
2.188E+06 8.168E+02 1.514E+00 4.902E-01 2.769E-03 1.735E+03 1.000E+00 4.438E+01 0.000E+00
2.787E+07 7.736E+02 1.544E+00 4.902E-01 3.433E-03 1.748E+03 1.000E+00 4.440E+01 0.000E+00
2.793E+06 8.409E+02 1.500E+00 4.902E-01 4.652E-03 1.810E+03 1.000E+00 4.443E+01 0.000E+00
5.319E+07 6.455E+02 1.648E+00 4.902E-01 6.886E-03 1.844E+03 1.000E+00 4.448E+01 0.000E+00
1.717E+07 7.996E+02 1.525E+00 6.200E-01 1.971E-03 2.429E+03 1.000E+00 4.437E+01 0.000E+00
1.966E+07 7.996E+02 1.525E+00 6.200E-01 1.971E-03 2.453E+03 1.000E+00 4.437E+01 0.000E+00
2.685E+07 7.996E+02 1.525E+00 6.200E-01 1.971E-03 2.427E+03 1.000E+00 4.437E+01 0.000E+00
8.383E+07 7.996E+02 1.525E+00 6.200E-01 1.971E-03 2.427E+03 1.000E+00 4.437E+01 0.000E+00
5.014E+07 8.104E+02 1.518E+00 6.200E-01 1.971E-03 2.489E+03 1.000E+00 4.437E+01 0.000E+00
4.711E+06 3.253E+02 1.980E+00 6.200E-01 1.972E-03 2.563E+03 1.000E+00 4.437E+01 0.000E+00
4.382E+06 3.756E+02 1.918E+00 6.200E-01 1.972E-03 2.313E+03 1.000E+00 4.437E+01 0.000E+00
1.994E+07 7.026E+02 1.596E+00 6.200E-01 1.974E-03 2.115E+03 1.000E+00 4.437E+01 0.000E+00
6.623E+06 7.816E+02 1.537E+00 6.200E-01 1.977E-03 2.342E+03 1.000E+00 4.437E+01 0.000E+00
5.338E+06 5.316E+02 1.746E+00 6.200E-01 1.982E-03 2.027E+03 1.000E+00 4.437E+01 0.000E+00
6.974E+06 8.389E+02 1.499E+00 6.200E-01 1.992E-03 2.709E+03 1.000E+00 4.437E+01 0.000E+00
4.419E+06 5.142E+02 1.763E+00 6.200E-01 2.009E-03 2.039E+03 1.000E+00 4.437E+01 0.000E+00
2.768E+06 3.792E+02 1.913E+00 6.200E-01 2.041E-03 2.300E+03 1.000E+00 4.437E+01 0.000E+00
3.389E+07 5.310E+02 1.747E+00 6.200E-01 2.100E-03 2.030E+03 1.000E+00 4.437E+01 0.000E+00
9.517E+06 2.699E+02 2.051E+00 6.200E-01 2.208E-03 3.111E+03 1.000E+00 4.438E+01 0.000E+00
2.148E+06 4.511E+02 1.831E+00 6.200E-01 2.406E-03 2.124E+03 1.000E+00 4.438E+01 0.000E+00
6.495E+06 3.206E+02 1.988E+00 6.200E-01 2.769E-03 2.597E+03 1.000E+00 4.439E+01 0.000E+00
1.886E+07 7.988E+02 1.527E+00 6.200E-01 3.433E-03 2.734E+03 1.000E+00 4.440E+01 0.000E+00
1.446E+07 8.188E+02 1.514E+00 6.200E-01 4.652E-03 3.424E+03 1.000E+00 4.443E+01 0.000E+00
1.130E+09 5.786E+02 1.708E+00 6.200E-01 6.886E-03 2.272E+03 1.000E+00 4.448E+01 0.000E+00
6.109E+07 3.998E+02 1.890E+00 7.842E-01 1.971E-03 2.509E+03 1.000E+00 4.437E+01 0.000E+00
1.634E+07 3.919E+02 1.899E+00 7.842E-01 1.971E-03 2.520E+03 1.000E+00 4.437E+01 0.000E+00
1.302E+08 3.919E+02 1.899E+00 7.842E-01 1.971E-03 2.520E+03 1.000E+00 4.437E+01 0.000E+00
1.306E+06 4.047E+02 1.884E+00 7.842E-01 1.971E-03 2.503E+03 1.000E+00 4.437E+01 0.000E+00
3.856E+06 5.036E+02 1.775E+00 7.842E-01 1.971E-03 2.652E+03 1.000E+00 4.437E+01 0.000E+00
2.331E+08 5.036E+02 1.775E+00 7.842E-01 1.972E-03 2.652E+03 1.000E+00 4.437E+01 0.000E+00
6.505E+06 4.925E+02 1.786E+00 7.842E-01 1.972E-03 2.604E+03 1.000E+00 4.437E+01 0.000E+00
4.154E+06 4.955E+02 1.783E+00 7.842E-01 1.974E-03 2.632E+03 1.000E+00 4.437E+01 0.000E+00
4.424E+06 5.494E+02 1.729E+00 7.842E-01 1.977E-03 3.059E+03 1.000E+00 4.437E+01 0.000E+00
1.985E+06 4.652E+02 1.815E+00 7.842E-01 1.982E-03 2.527E+03 1.000E+00 4.437E+01 0.000E+00
1.865E+06 3.728E+02 1.922E+00 7.842E-01 1.992E-03 2.559E+03 1.000E+00 4.437E+01 0.000E+00
1.549E+06 2.589E+02 2.067E+00 7.842E-01 2.009E-03 3.403E+03 1.000E+00 4.437E+01 0.000E+00
1.046E+07 3.387E+02 1.965E+00 7.842E-01 2.041E-03 2.677E+03 1.000E+00 4.437E+01 0.000E+00
9.108E+06 2.629E+02 2.062E+00 7.842E-01 2.100E-03 3.337E+03 1.000E+00 4.438E+01 0.000E+00
1.302E+06 3.141E+02 1.997E+00 7.842E-01 2.208E-03 2.814E+03 1.000E+00 4.438E+01 0.000E+00
7.704E+06 4.362E+02 1.848E+00 7.842E-01 2.406E-03 2.524E+03 1.000E+00 4.438E+01 0.000E+00
1.409E+06 2.265E+02 2.110E+00 7.842E-01 2.769E-03 4.215E+03 1.000E+00 4.439E+01 0.000E+00
8.368E+06 4.255E+02 1.863E+00 7.842E-01 3.433E-03 2.593E+03 1.000E+00 4.441E+01 0.000E+00
2.613E+06 2.530E+02 2.085E+00 7.842E-01 4.652E-03 3.478E+03 1.000E+00 4.443E+01 0.000E+00
1.634E+06 2.466E+02 2.103E+00 7.842E-01 6.886E-03 3.576E+03 1.000E+00 4.449E+01 0.000E+00
4.562E+06 2.833E+02 2.038E+00 9.919E-01 1.971E-03 3.445E+03 1.000E+00 4.438E+01 0.000E+00
5.313E+06 2.833E+02 2.038E+00 9.919E-01 1.971E-03 3.445E+03 1.000E+00 4.438E+01 0.000E+00
7.650E+06 2.833E+02 2.038E+00 9.919E-01 1.971E-03 3.445E+03 1.000E+00 4.438E+01 0.000E+00
4.318E+07 2.833E+02 2.038E+00 9.919E-01 1.971E-03 3.445E+03 1.000E+00 4.438E+01 0.000E+00
1.196E+06 2.701E+02 2.055E+00 9.919E-01 1.971E-03 3.560E+03 1.000E+00 4.438E+01 0.000E+00
1.876E+06 2.701E+02 2.055E+00 9.919E-01 1.972E-03 3.556E+03 1.000E+00 4.438E+01 0.000E+00
7.686E+05 2.709E+02 2.054E+00 9.919E-01 1.972E-03 3.548E+03 1.000E+00 4.438E+01 0.000E+00
3.198E+06 2.725E+02 2.052E+00 9.919E-01 1.974E-03 3.532E+03 1.000E+00 4.438E+01 0.000E+00
1.575E+06 2.654E+02 2.061E+00 9.919E-01 1.977E-03 3.613E+03 1.000E+00 4.438E+01 0.000E+00
2.693E+06 2.440E+02 2.089E+00 9.919E-01 1.982E-03 3.936E+03 1.000E+00 4.438E+01 0.000E+00
5.482E+06 2.557E+02 2.074E+00 9.919E-01 1.992E-03 3.734E+03 1.000E+00 4.438E+01 0.000E+00
5.996E+06 2.763E+02 2.047E+00 9.919E-01 2.009E-03 3.500E+03 1.000E+00 4.438E+01 0.000E+00
6.746E+06 2.835E+02 2.038E+00 9.919E-01 2.041E-03 3.447E+03 1.000E+00 4.438E+01 0.000E+00
1.551E+06 2.479E+02 2.084E+00 9.919E-01 2.100E-03 3.864E+03 1.000E+00 4.438E+01 0.000E+00
1.983E+06 2.246E+02 2.114E+00 9.919E-01 2.208E-03 4.459E+03 1.000E+00 4.438E+01 0.000E+00
7.655E+05 2.510E+02 2.082E+00 9.919E-01 2.406E-03 3.819E+03 1.000E+00 4.439E+01 0.000E+00
2.151E+06 2.702E+02 2.058E+00 9.919E-01 2.769E-03 3.593E+03 1.000E+00 4.440E+01 0.000E+00
1.915E+06 2.189E+02 2.127E+00 9.919E-01 3.433E-03 4.630E+03 1.000E+00 4.441E+01 0.000E+00
1.793E+06 2.514E+02 2.091E+00 9.919E-01 4.652E-03 3.894E+03 1.000E+00 4.444E+01 0.000E+00
1.482E+06 2.103E+02 2.155E+00 9.919E-01 6.886E-03 4.931E+03 1.000E+00 4.449E+01 0.000E+00
4.711E+06 2.464E+02 2.090E+00 1.255E+00 1.971E-03 5.411E+03 1.000E+00 4.438E+01 0.000E+00
5.353E+06 2.464E+02 2.090E+00 1.255E+00 1.971E-03 5.430E+03 1.000E+00 4.438E+01 0.000E+00
7.160E+06 2.464E+02 2.090E+00 1.255E+00 1.971E-03 5.412E+03 1.000E+00 4.438E+01 0.000E+00
1.938E+07 2.464E+02 2.090E+00 1.255E+00 1.971E-03 5.412E+03 1.000E+00 4.438E+01 0.000E+00
3.931E+06 2.455E+02 2.091E+00 1.255E+00 1.971E-03 5.386E+03 1.000E+00 4.438E+01 0.000E+00
7.542E+05 2.472E+02 2.089E+00 1.255E+00 1.972E-03 5.443E+03 1.000E+00 4.438E+01 0.000E+00
1.012E+06 2.374E+02 2.102E+00 1.255E+00 1.972E-03 5.245E+03 1.000E+00 4.438E+01 0.000E+00
9.558E+06 2.504E+02 2.085E+00 1.255E+00 1.974E-03 5.575E+03 1.000E+00 4.438E+01 0.000E+00
6.758E+05 2.417E+02 2.096E+00 1.255E+00 1.977E-03 5.301E+03 1.000E+00 4.438E+01 0.000E+00
4.702E+05 2.383E+02 2.101E+00 1.255E+00 1.982E-03 5.293E+03 1.000E+00 4.438E+01 0.000E+00
1.242E+06 2.476E+02 2.089E+00 1.255E+00 1.992E-03 5.467E+03 1.000E+00 4.438E+01 0.000E+00
1.664E+06 2.248E+02 2.118E+00 1.255E+00 2.009E-03 5.291E+03 1.000E+00 4.439E+01 0.000E+00
2.199E+06 2.220E+02 2.122E+00 1.255E+00 2.041E-03 5.343E+03 1.000E+00 4.439E+01 0.000E+00
8.466E+05 2.172E+02 2.128E+00 1.255E+00 2.100E-03 5.490E+03 1.000E+00 4.439E+01 0.000E+00
8.106E+05 2.322E+02 2.110E+00 1.255E+00 2.208E-03 5.301E+03 1.000E+00 4.439E+01 0.000E+00
2.029E+06 2.141E+02 2.133E+00 1.255E+00 2.406E-03 5.569E+03 1.000E+00 4.439E+01 0.000E+00
5.395E+06 2.423E+02 2.099E+00 1.255E+00 2.769E-03 5.820E+03 1.000E+00 4.440E+01 0.000E+00
8.157E+06 2.246E+02 2.125E+00 1.255E+00 3.433E-03 5.713E+03 1.000E+00 4.442E+01 0.000E+00
7.757E+05 2.188E+02 2.139E+00 1.255E+00 4.652E-03 1.000E+04 1.000E+00 4.445E+01 0.000E+00
NAN NAN NAN 1.255E+00 6.886E-03 NAN 1.000E+00 4.450E+01 0.000E+00
NAN NAN NAN 1.587E+00 1.971E-03 NAN 1.000E+00 4.439E+01 0.000E+00
NAN NAN NAN 1.587E+00 1.971E-03 NAN 1.000E+00 4.439E+01 0.000E+00
NAN NAN NAN 1.587E+00 1.971E-03 NAN 1.000E+00 4.439E+01 0.000E+00
NAN NAN NAN 1.587E+00 1.971E-03 NAN 1.000E+00 4.439E+01 0.000E+00
NAN NAN NAN 1.587E+00 1.971E-03 NAN 1.000E+00 4.439E+01 0.000E+00
NAN NAN NAN 1.587E+00 1.972E-03 NAN 1.000E+00 4.439E+01 0.000E+00
NAN NAN NAN 1.587E+00 1.972E-03 NAN 1.000E+00 4.439E+01 0.000E+00
NAN NAN NAN 1.587E+00 1.974E-03 NAN 1.000E+00 4.439E+01 0.000E+00
NAN NAN NAN 1.587E+00 1.977E-03 NAN 1.000E+00 4.439E+01 0.000E+00
NAN NAN NAN 1.587E+00 1.982E-03 NAN 1.000E+00 4.439E+01 0.000E+00
NAN NAN NAN 1.587E+00 1.992E-03 NAN 1.000E+00 4.439E+01 0.000E+00
NAN NAN NAN 1.587E+00 2.009E-03 NAN 1.000E+00 4.439E+01 0.000E+00
NAN NAN NAN 1.587E+00 2.041E-03 NAN 1.000E+00 4.439E+01 0.000E+00
NAN NAN NAN 1.587E+00 2.100E-03 NAN 1.000E+00 4.439E+01 0.000E+00
NAN NAN NAN 1.587E+00 2.208E-03 NAN 1.000E+00 4.440E+01 0.000E+00
NAN NAN NAN 1.587E+00 2.406E-03 NAN 1.000E+00 4.440E+01 0.000E+00
NAN NAN NAN 1.587E+00 2.769E-03 NAN 1.000E+00 4.441E+01 0.000E+00
NAN NAN NAN 1.587E+00 3.433E-03 NAN 1.000E+00 4.443E+01 0.000E+00
NAN NAN NAN 1.587E+00 4.652E-03 NAN 1.000E+00 4.445E+01 0.000E+00
NAN NAN NAN 1.587E+00 6.886E-03 NAN 1.000E+00 4.450E+01 0.000E+00
NAN NAN NAN 2.007E+00 1.971E-03 NAN 1.000E+00 4.440E+01 0.000E+00
NAN NAN NAN 2.007E+00 1.971E-03 NAN 1.000E+00 4.440E+01 0.000E+00
NAN NAN NAN 2.007E+00 1.971E-03 NAN 1.000E+00 4.440E+01 0.000E+00
NAN NAN NAN 2.007E+00 1.971E-03 NAN 1.000E+00 4.440E+01 0.000E+00
NAN NAN NAN 2.007E+00 1.971E-03 NAN 1.000E+00 4.440E+01 0.000E+00
NAN NAN NAN 2.007E+00 1.972E-03 NAN 1.000E+00 4.440E+01 0.000E+00
NAN NAN NAN 2.007E+00 1.972E-03 NAN 1.000E+00 4.440E+01 0.000E+00
NAN NAN NAN 2.007E+00 1.974E-03 NAN 1.000E+00 4.440E+01 0.000E+00
NAN NAN NAN 2.007E+00 1.977E-03 NAN 1.000E+00 4.440E+01 0.000E+00
NAN NAN NAN 2.007E+00 1.982E-03 NAN 1.000E+00 4.440E+01 0.000E+00
NAN NAN NAN 2.007E+00 1.992E-03 NAN 1.000E+00 4.440E+01 0.000E+00
NAN NAN NAN 2.007E+00 2.009E-03 NAN 1.000E+00 4.440E+01 0.000E+00
NAN NAN NAN 2.007E+00 2.041E-03 NAN 1.000E+00 4.440E+01 0.000E+00
NAN NAN NAN 2.007E+00 2.100E-03 NAN 1.000E+00 4.440E+01 0.000E+00
NAN NAN NAN 2.007E+00 2.208E-03 NAN 1.000E+00 4.441E+01 0.000E+00
NAN NAN NAN 2.007E+00 2.406E-03 NAN 1.000E+00 4.441E+01 0.000E+00
NAN NAN NAN 2.007E+00 2.769E-03 NAN 1.000E+00 4.442E+01 0.000E+00
NAN NAN NAN 2.007E+00 3.433E-03 NAN 1.000E+00 4.443E+01 0.000E+00
NAN NAN NAN 2.007E+00 4.652E-03 NAN 1.000E+00 4.446E+01 0.000E+00
NAN NAN NAN 2.007E+00 6.886E-03 NAN 1.000E+00 4.451E+01 0.000E+00
NAN NAN NAN 2.539E+00 1.971E-03 NAN 1.000E+00 4.441E+01 0.000E+00
NAN NAN NAN 2.539E+00 1.971E-03 NAN 1.000E+00 4.441E+01 0.000E+00
NAN NAN NAN 2.539E+00 1.971E-03 NAN 1.000E+00 4.441E+01 0.000E+00
NAN NAN NAN 2.539E+00 1.971E-03 NAN 1.000E+00 4.441E+01 0.000E+00
NAN NAN NAN 2.539E+00 1.971E-03 NAN 1.000E+00 4.441E+01 0.000E+00
NAN NAN NAN 2.539E+00 1.972E-03 NAN 1.000E+00 4.441E+01 0.000E+00
NAN NAN NAN 2.539E+00 1.972E-03 NAN 1.000E+00 4.441E+01 0.000E+00
NAN NAN NAN 2.539E+00 1.974E-03 NAN 1.000E+00 4.441E+01 0.000E+00
NAN NAN NAN 2.539E+00 1.977E-03 NAN 1.000E+00 4.441E+01 0.000E+00
NAN NAN NAN 2.539E+00 1.982E-03 NAN 1.000E+00 4.441E+01 0.000E+00
NAN NAN NAN 2.539E+00 1.992E-03 NAN 1.000E+00 4.441E+01 0.000E+00
NAN NAN NAN 2.539E+00 2.009E-03 NAN 1.000E+00 4.441E+01 0.000E+00
NAN NAN NAN 2.539E+00 2.041E-03 NAN 1.000E+00 4.442E+01 0.000E+00
NAN NAN NAN 2.539E+00 2.100E-03 NAN 1.000E+00 4.442E+01 0.000E+00
NAN NAN NAN 2.539E+00 2.208E-03 NAN 1.000E+00 4.442E+01 0.000E+00
NAN NAN NAN 2.539E+00 2.406E-03 NAN 1.000E+00 4.442E+01 0.000E+00
NAN NAN NAN 2.539E+00 2.769E-03 NAN 1.000E+00 4.443E+01 0.000E+00
NAN NAN NAN 2.539E+00 3.433E-03 NAN 1.000E+00 4.445E+01 0.000E+00
NAN NAN NAN 2.539E+00 4.652E-03 NAN 1.000E+00 4.448E+01 0.000E+00
NAN NAN NAN 2.539E+00 6.886E-03 NAN 1.000E+00 4.453E+01 0.000E+00
NAN NAN NAN 3.211E+00 1.971E-03 NAN 1.000E+00 4.443E+01 3.000E+00
NAN NAN NAN 3.211E+00 1.971E-03 NAN 1.000E+00 4.443E+01 3.000E+00
NAN NAN NAN 3.211E+00 1.971E-03 NAN 1.000E+00 4.443E+01 3.000E+00
NAN NAN NAN 3.211E+00 1.971E-03 NAN 1.000E+00 4.443E+01 3.000E+00
NAN NAN NAN 3.211E+00 1.971E-03 NAN 1.000E+00 4.443E+01 3.000E+00
NAN NAN NAN 3.211E+00 1.972E-03 NAN 1.000E+00 4.443E+01 3.000E+00
NAN NAN NAN 3.211E+00 1.972E-03 NAN 1.000E+00 4.443E+01 3.000E+00
NAN NAN NAN 3.211E+00 1.974E-03 NAN 1.000E+00 4.443E+01 3.000E+00
NAN NAN NAN 3.211E+00 1.977E-03 NAN 1.000E+00 4.443E+01 3.000E+00
NAN NAN NAN 3.211E+00 1.982E-03 NAN 1.000E+00 4.443E+01 3.000E+00
NAN NAN NAN 3.211E+00 1.992E-03 NAN 1.000E+00 4.443E+01 3.000E+00
NAN NAN NAN 3.211E+00 2.009E-03 NAN 1.000E+00 4.443E+01 3.000E+00
NAN NAN NAN 3.211E+00 2.041E-03 NAN 1.000E+00 4.443E+01 3.000E+00
NAN NAN NAN 3.211E+00 2.100E-03 NAN 1.000E+00 4.443E+01 3.000E+00
NAN NAN NAN 3.211E+00 2.208E-03 NAN 1.000E+00 4.443E+01 3.000E+00
NAN NAN NAN 3.211E+00 2.406E-03 NAN 1.000E+00 4.444E+01 3.000E+00
NAN NAN NAN 3.211E+00 2.769E-03 NAN 1.000E+00 4.445E+01 3.000E+00
NAN NAN NAN 3.211E+00 3.433E-03 NAN 1.000E+00 4.446E+01 3.000E+00
NAN NAN NAN 3.211E+00 4.652E-03 NAN 1.000E+00 4.449E+01 3.000E+00
NAN NAN NAN 3.211E+00 6.886E-03 NAN 1.000E+00 4.454E+01 3.000E+00
NAN NAN NAN 4.062E+00 1.971E-03 NAN 1.000E+00 4.445E+01 3.000E+00
NAN NAN NAN 4.062E+00 1.971E-03 NAN 1.000E+00 4.445E+01 3.000E+00
NAN NAN NAN 4.062E+00 1.971E-03 NAN 1.000E+00 4.445E+01 3.000E+00
NAN NAN NAN 4.062E+00 1.971E-03 NAN 1.000E+00 4.445E+01 3.000E+00
NAN NAN NAN 4.062E+00 1.971E-03 NAN 1.000E+00 4.445E+01 3.000E+00
NAN NAN NAN 4.062E+00 1.972E-03 NAN 1.000E+00 4.445E+01 3.000E+00
NAN NAN NAN 4.062E+00 1.972E-03 NAN 1.000E+00 4.445E+01 3.000E+00
NAN NAN NAN 4.062E+00 1.974E-03 NAN 1.000E+00 4.445E+01 3.000E+00
NAN NAN NAN 4.062E+00 1.977E-03 NAN 1.000E+00 4.445E+01 3.000E+00
NAN NAN NAN 4.062E+00 1.982E-03 NAN 1.000E+00 4.445E+01 3.000E+00
NAN NAN NAN 4.062E+00 1.992E-03 NAN 1.000E+00 4.445E+01 3.000E+00
NAN NAN NAN 4.062E+00 2.009E-03 NAN 1.000E+00 4.445E+01 3.000E+00
NAN NAN NAN 4.062E+00 2.041E-03 NAN 1.000E+00 4.445E+01 3.000E+00
NAN NAN NAN 4.062E+00 2.100E-03 NAN 1.000E+00 4.445E+01 3.000E+00
NAN NAN NAN 4.062E+00 2.208E-03 NAN 1.000E+00 4.445E+01 3.000E+00
NAN NAN NAN 4.062E+00 2.406E-03 NAN 1.000E+00 4.446E+01 3.000E+00
NAN NAN NAN 4.062E+00 2.769E-03 NAN 1.000E+00 4.447E+01 3.000E+00
NAN NAN NAN 4.062E+00 3.433E-03 NAN 1.000E+00 4.448E+01 3.000E+00
NAN NAN NAN 4.062E+00 4.652E-03 NAN 1.000E+00 4.451E+01 3.000E+00
NAN NAN NAN 4.062E+00 6.886E-03 NAN 1.000E+00 4.456E+01 3.000E+00
NAN NAN NAN 5.138E+00 1.971E-03 NAN 1.000E+00 4.447E+01 3.000E+00
NAN NAN NAN 5.138E+00 1.971E-03 NAN 1.000E+00 4.447E+01 3.000E+00
NAN NAN NAN 5.138E+00 1.971E-03 NAN 1.000E+00 4.447E+01 3.000E+00
NAN NAN NAN 5.138E+00 1.971E-03 NAN 1.000E+00 4.447E+01 3.000E+00
NAN NAN NAN 5.138E+00 1.971E-03 NAN 1.000E+00 4.447E+01 3.000E+00
NAN NAN NAN 5.138E+00 1.972E-03 NAN 1.000E+00 4.447E+01 3.000E+00
NAN NAN NAN 5.138E+00 1.972E-03 NAN 1.000E+00 4.447E+01 3.000E+00
NAN NAN NAN 5.138E+00 1.974E-03 NAN 1.000E+00 4.447E+01 3.000E+00
NAN NAN NAN 5.138E+00 1.977E-03 NAN 1.000E+00 4.447E+01 3.000E+00
NAN NAN NAN 5.138E+00 1.982E-03 NAN 1.000E+00 4.447E+01 3.000E+00
NAN NAN NAN 5.138E+00 1.992E-03 NAN 1.000E+00 4.447E+01 3.000E+00
NAN NAN NAN 5.138E+00 2.009E-03 NAN 1.000E+00 4.447E+01 3.000E+00
NAN NAN NAN 5.138E+00 2.041E-03 NAN 1.000E+00 4.447E+01 3.000E+00
NAN NAN NAN 5.138E+00 2.100E-03 NAN 1.000E+00 4.448E+01 3.000E+00
NAN NAN NAN 5.138E+00 2.208E-03 NAN 1.000E+00 4.448E+01 3.000E+00
NAN NAN NAN 5.138E+00 2.406E-03 NAN 1.000E+00 4.448E+01 3.000E+00
NAN NAN NAN 5.138E+00 2.769E-03 NAN 1.000E+00 4.449E+01 3.000E+00
NAN NAN NAN 5.138E+00 3.433E-03 NAN 1.000E+00 4.451E+01 3.000E+00
NAN NAN NAN 5.138E+00 4.652E-03 NAN 1.000E+00 4.453E+01 3.000E+00
NAN NAN NAN 5.138E+00 6.886E-03 NAN 1.000E+00 4.459E+01 3.000E+00
