1.259E+08 7.592E+02 9.783E-01 5.137E-05 4.955E-05 1.344E+03 8.321E-01 2.796E+01 2.000E+00
4.332E+07 7.568E+02 9.794E-01 5.137E-05 4.959E-05 1.349E+03 8.321E-01 2.796E+01 2.000E+00
1.988E+07 4.608E+02 1.144E+00 5.137E-05 4.966E-05 1.738E+03 8.321E-01 2.796E+01 2.000E+00
3.562E+07 7.595E+02 9.781E-01 5.137E-05 4.980E-05 1.344E+03 8.321E-01 2.796E+01 2.000E+00
1.633E+07 4.030E+02 1.184E+00 5.137E-05 5.005E-05 1.916E+03 8.321E-01 2.796E+01 2.000E+00
1.763E+07 9.080E+02 9.170E-01 5.137E-05 5.051E-05 1.260E+03 8.321E-01 2.796E+01 2.000E+00
3.832E+07 9.044E+02 9.183E-01 5.137E-05 5.136E-05 1.262E+03 8.321E-01 2.796E+01 2.000E+00
7.555E+06 5.676E+02 1.077E+00 5.137E-05 5.291E-05 1.535E+03 8.321E-01 2.796E+01 2.000E+00
1.965E+07 6.507E+02 1.031E+00 5.137E-05 5.576E-05 1.438E+03 8.322E-01 2.796E+01 2.000E+00
7.550E+07 8.348E+02 9.457E-01 5.137E-05 6.098E-05 1.340E+03 8.323E-01 2.796E+01 2.000E+00
1.324E+07 7.165E+02 9.981E-01 5.137E-05 7.054E-05 1.376E+03 8.325E-01 2.796E+01 2.000E+00
1.085E+07 9.196E+02 9.127E-01 5.137E-05 8.807E-05 1.255E+03 8.328E-01 2.796E+01 2.000E+00
4.689E+06 5.906E+02 1.064E+00 5.137E-05 1.202E-04 1.504E+03 8.333E-01 2.796E+01 2.000E+00
3.911E+07 6.928E+02 1.010E+00 5.137E-05 1.791E-04 1.396E+03 8.344E-01 2.796E+01 2.000E+00
2.748E+09 8.211E+02 9.516E-01 5.137E-05 2.871E-04 1.305E+03 8.364E-01 2.796E+01 2.000E+00
2.049E+07 6.434E+02 1.035E+00 5.137E-05 4.849E-04 1.443E+03 8.399E-01 2.797E+01 2.000E+00
1.434E+07 5.884E+02 1.066E+00 5.137E-05 8.476E-04 1.525E+03 8.465E-01 2.798E+01 2.000E+00
1.185E+07 4.453E+02 1.157E+00 5.137E-05 1.512E-03 1.771E+03 8.559E-01 2.799E+01 2.000E+00
1.072E+07 9.350E+02 9.091E-01 5.137E-05 2.731E-03 1.254E+03 8.711E-01 2.802E+01 2.000E+00
5.035E+07 8.231E+02 9.552E-01 5.137E-05 4.965E-03 1.313E+03 8.980E-01 2.807E+01 2.000E+00
1.861E+07 4.608E+02 1.144E+00 6.498E-05 4.955E-05 1.738E+03 8.321E-01 2.796E+01 2.000E+00
3.753E+07 4.608E+02 1.144E+00 6.498E-05 4.959E-05 1.738E+03 8.321E-01 2.796E+01 2.000E+00
2.722E+07 7.595E+02 9.781E-01 6.498E-05 4.966E-05 1.344E+03 8.321E-01 2.796E+01 2.000E+00
2.480E+08 7.595E+02 9.781E-01 6.498E-05 4.980E-05 1.344E+03 8.321E-01 2.796E+01 2.000E+00
1.196E+07 9.080E+02 9.170E-01 6.498E-05 5.005E-05 1.260E+03 8.321E-01 2.796E+01 2.000E+00
1.655E+07 7.332E+02 9.902E-01 6.498E-05 5.051E-05 1.363E+03 8.321E-01 2.796E+01 2.000E+00
5.557E+07 9.044E+02 9.183E-01 6.498E-05 5.136E-05 1.262E+03 8.322E-01 2.796E+01 2.000E+00
1.218E+07 5.676E+02 1.077E+00 6.498E-05 5.291E-05 1.535E+03 8.322E-01 2.796E+01 2.000E+00
1.380E+08 4.282E+02 1.166E+00 6.498E-05 5.576E-05 1.830E+03 8.322E-01 2.796E+01 2.000E+00
5.276E+06 8.421E+02 9.428E-01 6.498E-05 6.098E-05 1.293E+03 8.323E-01 2.796E+01 2.000E+00
2.123E+07 7.165E+02 9.981E-01 6.498E-05 7.054E-05 1.376E+03 8.325E-01 2.796E+01 2.000E+00
1.161E+07 9.196E+02 9.127E-01 6.498E-05 8.807E-05 1.255E+03 8.328E-01 2.796E+01 2.000E+00
5.878E+06 5.906E+02 1.064E+00 6.498E-05 1.202E-04 1.504E+03 8.334E-01 2.796E+01 2.000E+00
2.300E+07 8.897E+02 9.240E-01 6.498E-05 1.791E-04 1.269E+03 8.345E-01 2.796E+01 2.000E+00
1.370E+07 4.690E+02 1.139E+00 6.498E-05 2.871E-04 1.717E+03 8.364E-01 2.796E+01 2.000E+00
1.146E+08 6.434E+02 1.035E+00 6.498E-05 4.849E-04 1.443E+03 8.400E-01 2.797E+01 2.000E+00
4.722E+07 5.884E+02 1.066E+00 6.498E-05 8.476E-04 1.506E+03 8.465E-01 2.798E+01 2.000E+00
1.109E+08 4.453E+02 1.157E+00 6.498E-05 1.512E-03 1.771E+03 8.560E-01 2.799E+01 2.000E+00
1.304E+07 4.822E+02 1.135E+00 6.498E-05 2.731E-03 1.677E+03 8.711E-01 2.802E+01 2.000E+00
2.555E+08 8.231E+02 9.552E-01 6.498E-05 4.965E-03 1.313E+03 8.980E-01 2.807E+01 2.000E+00
2.934E+07 7.595E+02 9.781E-01 8.219E-05 4.955E-05 1.344E+03 8.322E-01 2.796E+01 2.000E+00
4.092E+07 7.595E+02 9.781E-01 8.219E-05 4.959E-05 1.344E+03 8.322E-01 2.796E+01 2.000E+00
1.538E+08 7.595E+02 9.781E-01 8.219E-05 4.966E-05 1.344E+03 8.322E-01 2.796E+01 2.000E+00
1.778E+07 4.030E+02 1.184E+00 8.219E-05 4.980E-05 1.917E+03 8.322E-01 2.796E+01 2.000E+00
9.082E+06 3.968E+02 1.189E+00 8.219E-05 5.005E-05 1.941E+03 8.322E-01 2.796E+01 2.000E+00
3.753E+07 7.332E+02 9.902E-01 8.219E-05 5.051E-05 1.363E+03 8.322E-01 2.796E+01 2.000E+00
1.315E+08 9.044E+02 9.183E-01 8.219E-05 5.136E-05 1.262E+03 8.322E-01 2.796E+01 2.000E+00
6.328E+07 5.676E+02 1.077E+00 8.219E-05 5.291E-05 1.567E+03 8.322E-01 2.796E+01 2.000E+00
2.851E+07 7.251E+02 9.940E-01 8.219E-05 5.576E-05 1.369E+03 8.323E-01 2.796E+01 2.000E+00
5.462E+06 3.069E+02 1.256E+00 8.219E-05 6.098E-05 2.517E+03 8.324E-01 2.796E+01 2.000E+00
1.006E+08 7.165E+02 9.981E-01 8.219E-05 7.054E-05 1.376E+03 8.326E-01 2.796E+01 2.000E+00
1.276E+07 9.196E+02 9.127E-01 8.219E-05 8.807E-05 1.255E+03 8.329E-01 2.796E+01 2.000E+00
8.823E+06 5.906E+02 1.064E+00 8.219E-05 1.202E-04 1.504E+03 8.335E-01 2.796E+01 2.000E+00
3.152E+07 8.897E+02 9.240E-01 8.219E-05 1.791E-04 1.269E+03 8.345E-01 2.796E+01 2.000E+00
1.099E+08 9.046E+02 9.184E-01 8.219E-05 2.871E-04 1.262E+03 8.365E-01 2.796E+01 2.000E+00
1.286E+07 6.362E+02 1.039E+00 8.219E-05 4.849E-04 1.450E+03 8.400E-01 2.797E+01 2.000E+00
1.018E+08 5.829E+02 1.069E+00 8.219E-05 8.476E-04 1.513E+03 8.466E-01 2.798E+01 2.000E+00
8.581E+06 5.496E+02 1.090E+00 8.219E-05 1.512E-03 1.559E+03 8.560E-01 2.799E+01 2.000E+00
1.211E+07 9.350E+02 9.091E-01 8.219E-05 2.731E-03 1.255E+03 8.712E-01 2.802E+01 2.000E+00
2.115E+08 8.012E+02 9.646E-01 8.219E-05 4.965E-03 1.324E+03 8.981E-01 2.807E+01 2.000E+00
9.325E+06 4.030E+02 1.184E+00 1.040E-04 4.955E-05 1.918E+03 8.323E-01 2.796E+01 2.000E+00
1.285E+07 4.030E+02 1.184E+00 1.040E-04 4.959E-05 1.917E+03 8.323E-01 2.796E+01 2.000E+00
4.386E+07 4.030E+02 1.184E+00 1.040E-04 4.966E-05 1.917E+03 8.323E-01 2.796E+01 2.000E+00
6.299E+06 3.968E+02 1.189E+00 1.040E-04 4.980E-05 1.941E+03 8.323E-01 2.796E+01 2.000E+00
1.588E+07 9.080E+02 9.170E-01 1.040E-04 5.005E-05 1.260E+03 8.323E-01 2.796E+01 2.000E+00
2.007E+07 7.303E+02 9.916E-01 1.040E-04 5.051E-05 1.365E+03 8.323E-01 2.796E+01 2.000E+00
2.588E+07 9.001E+02 9.200E-01 1.040E-04 5.136E-05 1.297E+03 8.323E-01 2.796E+01 2.000E+00
9.830E+06 5.563E+02 1.083E+00 1.040E-04 5.291E-05 1.552E+03 8.323E-01 2.796E+01 2.000E+00
4.386E+07 7.208E+02 9.961E-01 1.040E-04 5.576E-05 1.373E+03 8.324E-01 2.796E+01 2.000E+00
3.511E+07 3.069E+02 1.256E+00 1.040E-04 6.098E-05 2.517E+03 8.325E-01 2.796E+01 2.000E+00
3.398E+07 7.114E+02 1.001E+00 1.040E-04 7.054E-05 1.380E+03 8.326E-01 2.796E+01 2.000E+00
1.461E+07 9.196E+02 9.127E-01 1.040E-04 8.807E-05 1.255E+03 8.330E-01 2.796E+01 2.000E+00
2.653E+07 5.906E+02 1.064E+00 1.040E-04 1.202E-04 1.504E+03 8.335E-01 2.796E+01 2.000E+00
6.027E+07 8.897E+02 9.240E-01 1.040E-04 1.791E-04 1.269E+03 8.346E-01 2.796E+01 2.000E+00
6.233E+06 9.064E+02 9.178E-01 1.040E-04 2.871E-04 1.261E+03 8.365E-01 2.796E+01 2.000E+00
7.883E+07 6.362E+02 1.039E+00 1.040E-04 4.849E-04 1.450E+03 8.401E-01 2.797E+01 2.000E+00
1.409E+07 5.872E+02 1.067E+00 1.040E-04 8.476E-04 1.508E+03 8.467E-01 2.798E+01 2.000E+00
3.358E+07 5.496E+02 1.090E+00 1.040E-04 1.512E-03 1.559E+03 8.561E-01 2.799E+01 2.000E+00
1.335E+07 9.350E+02 9.091E-01 1.040E-04 2.731E-03 1.254E+03 8.712E-01 2.802E+01 2.000E+00
2.943E+07 8.174E+02 9.576E-01 1.040E-04 4.965E-03 1.315E+03 8.981E-01 2.807E+01 2.000E+00
1.169E+07 9.080E+02 9.170E-01 1.315E-04 4.955E-05 1.260E+03 8.324E-01 2.796E+01 2.000E+00
1.230E+07 3.939E+02 1.191E+00 1.315E-04 4.959E-05 1.952E+03 8.324E-01 2.796E+01 2.000E+00
1.097E+07 3.968E+02 1.189E+00 1.315E-04 4.966E-05 1.941E+03 8.324E-01 2.796E+01 2.000E+00
1.493E+07 9.080E+02 9.170E-01 1.315E-04 4.980E-05 1.260E+03 8.324E-01 2.796E+01 2.000E+00
1.926E+07 7.332E+02 9.902E-01 1.315E-04 5.005E-05 1.363E+03 8.324E-01 2.796E+01 2.000E+00
8.497E+07 9.080E+02 9.170E-01 1.315E-04 5.051E-05 1.260E+03 8.324E-01 2.796E+01 2.000E+00
4.627E+07 9.001E+02 9.200E-01 1.315E-04 5.136E-05 1.264E+03 8.324E-01 2.796E+01 2.000E+00
1.252E+07 5.602E+02 1.081E+00 1.315E-04 5.291E-05 1.546E+03 8.324E-01 2.796E+01 2.000E+00
1.284E+07 7.449E+02 9.848E-01 1.315E-04 5.576E-05 1.361E+03 8.325E-01 2.796E+01 2.000E+00
1.030E+07 5.857E+02 1.066E+00 1.315E-04 6.098E-05 1.510E+03 8.326E-01 2.796E+01 2.000E+00
4.455E+07 3.109E+02 1.253E+00 1.315E-04 7.054E-05 2.476E+03 8.327E-01 2.796E+01 2.000E+00
1.797E+07 9.196E+02 9.127E-01 1.315E-04 8.807E-05 1.255E+03 8.331E-01 2.796E+01 2.000E+00
1.794E+08 6.071E+02 1.054E+00 1.315E-04 1.202E-04 1.484E+03 8.336E-01 2.796E+01 2.000E+00
2.594E+07 9.018E+02 9.194E-01 1.315E-04 1.791E-04 1.263E+03 8.347E-01 2.796E+01 2.000E+00
6.789E+06 9.064E+02 9.178E-01 1.315E-04 2.871E-04 1.261E+03 8.366E-01 2.796E+01 2.000E+00
3.215E+07 6.311E+02 1.042E+00 1.315E-04 4.849E-04 1.456E+03 8.402E-01 2.797E+01 2.000E+00
2.083E+07 5.896E+02 1.065E+00 1.315E-04 8.476E-04 1.505E+03 8.468E-01 2.798E+01 2.000E+00
1.240E+08 8.707E+02 9.326E-01 1.315E-04 1.512E-03 1.281E+03 8.562E-01 2.799E+01 2.000E+00
5.084E+07 3.433E+02 1.236E+00 1.315E-04 2.731E-03 2.168E+03 8.713E-01 2.802E+01 2.000E+00
1.489E+09 8.174E+02 9.576E-01 1.315E-04 4.965E-03 1.316E+03 8.982E-01 2.807E+01 2.000E+00
1.489E+07 9.080E+02 9.170E-01 1.663E-04 4.955E-05 1.260E+03 8.325E-01 2.796E+01 2.000E+00
1.560E+07 9.080E+02 9.170E-01 1.663E-04 4.959E-05 1.261E+03 8.325E-01 2.796E+01 2.000E+00
1.710E+07 9.080E+02 9.170E-01 1.663E-04 4.966E-05 1.260E+03 8.325E-01 2.796E+01 2.000E+00
1.996E+07 7.332E+02 9.902E-01 1.663E-04 4.980E-05 1.363E+03 8.325E-01 2.796E+01 2.000E+00
2.336E+07 5.232E+02 1.103E+00 1.663E-04 5.005E-05 1.608E+03 8.325E-01 2.796E+01 2.000E+00
4.711E+07 3.967E+02 1.189E+00 1.663E-04 5.051E-05 1.941E+03 8.325E-01 2.796E+01 2.000E+00
1.338E+07 8.542E+02 9.379E-01 1.663E-04 5.136E-05 1.288E+03 8.325E-01 2.796E+01 2.000E+00
2.918E+06 4.476E+02 1.153E+00 1.663E-04 5.291E-05 1.773E+03 8.326E-01 2.796E+01 2.000E+00
7.378E+07 7.449E+02 9.848E-01 1.663E-04 5.576E-05 1.356E+03 8.326E-01 2.796E+01 2.000E+00
1.356E+07 5.912E+02 1.063E+00 1.663E-04 6.098E-05 1.503E+03 8.327E-01 2.796E+01 2.000E+00
7.694E+06 3.128E+02 1.251E+00 1.663E-04 7.054E-05 2.458E+03 8.329E-01 2.796E+01 2.000E+00
2.558E+07 9.196E+02 9.127E-01 1.663E-04 8.807E-05 1.255E+03 8.332E-01 2.796E+01 2.000E+00
3.914E+08 7.543E+02 9.806E-01 1.663E-04 1.202E-04 1.348E+03 8.338E-01 2.796E+01 2.000E+00
5.751E+07 9.018E+02 9.194E-01 1.663E-04 1.791E-04 1.263E+03 8.348E-01 2.796E+01 2.000E+00
7.675E+06 9.064E+02 9.178E-01 1.663E-04 2.871E-04 1.261E+03 8.368E-01 2.796E+01 2.000E+00
7.446E+08 7.244E+02 9.948E-01 1.663E-04 4.849E-04 1.370E+03 8.403E-01 2.797E+01 2.000E+00
7.662E+06 5.215E+02 1.106E+00 1.663E-04 8.476E-04 1.612E+03 8.469E-01 2.798E+01 2.000E+00
3.605E+07 8.770E+02 9.301E-01 1.663E-04 1.512E-03 1.278E+03 8.563E-01 2.799E+01 2.000E+00
1.907E+07 9.350E+02 9.091E-01 1.663E-04 2.731E-03 1.254E+03 8.714E-01 2.802E+01 2.000E+00
6.036E+06 8.134E+02 9.594E-01 1.663E-04 4.965E-03 1.318E+03 8.983E-01 2.807E+01 2.000E+00
3.285E+07 7.332E+02 9.902E-01 2.104E-04 4.955E-05 1.363E+03 8.326E-01 2.796E+01 2.000E+00
5.146E+07 7.332E+02 9.902E-01 2.104E-04 4.959E-05 1.363E+03 8.327E-01 2.796E+01 2.000E+00
6.142E+07 7.277E+02 9.928E-01 2.104E-04 4.966E-05 1.367E+03 8.327E-01 2.796E+01 2.000E+00
3.461E+07 7.303E+02 9.916E-01 2.104E-04 4.980E-05 1.365E+03 8.327E-01 2.796E+01 2.000E+00
3.155E+08 9.080E+02 9.170E-01 2.104E-04 5.005E-05 1.260E+03 8.327E-01 2.796E+01 2.000E+00
9.323E+08 9.044E+02 9.183E-01 2.104E-04 5.051E-05 1.262E+03 8.327E-01 2.796E+01 2.000E+00
2.919E+07 8.542E+02 9.379E-01 2.104E-04 5.136E-05 1.286E+03 8.327E-01 2.796E+01 2.000E+00
8.172E+06 4.476E+02 1.153E+00 2.104E-04 5.291E-05 1.804E+03 8.327E-01 2.796E+01 2.000E+00
1.640E+06 2.795E+02 1.276E+00 2.104E-04 5.576E-05 2.881E+03 8.328E-01 2.796E+01 2.000E+00
1.798E+07 8.421E+02 9.428E-01 2.104E-04 6.098E-05 1.293E+03 8.329E-01 2.796E+01 2.000E+00
4.323E+07 5.907E+02 1.064E+00 2.104E-04 7.054E-05 1.504E+03 8.330E-01 2.796E+01 2.000E+00
5.686E+07 9.196E+02 9.127E-01 2.104E-04 8.807E-05 1.255E+03 8.333E-01 2.796E+01 2.000E+00
4.092E+07 7.398E+02 9.872E-01 2.104E-04 1.202E-04 1.358E+03 8.339E-01 2.796E+01 2.000E+00
3.471E+06 9.148E+02 9.145E-01 2.104E-04 1.791E-04 1.258E+03 8.350E-01 2.796E+01 2.000E+00
9.250E+06 9.064E+02 9.178E-01 2.104E-04 2.871E-04 1.261E+03 8.369E-01 2.796E+01 2.000E+00
1.215E+07 7.469E+02 9.843E-01 2.104E-04 4.849E-04 1.355E+03 8.405E-01 2.797E+01 2.000E+00
7.143E+07 3.877E+02 1.197E+00 2.104E-04 8.476E-04 1.970E+03 8.470E-01 2.798E+01 2.000E+00
2.004E+07 5.201E+02 1.108E+00 2.104E-04 1.512E-03 1.608E+03 8.564E-01 2.799E+01 2.000E+00
2.771E+07 9.350E+02 9.091E-01 2.104E-04 2.731E-03 1.256E+03 8.716E-01 2.802E+01 2.000E+00
8.429E+06 8.134E+02 9.594E-01 2.104E-04 4.965E-03 1.317E+03 8.984E-01 2.807E+01 2.000E+00
8.624E+07 9.080E+02 9.170E-01 2.661E-04 4.955E-05 1.260E+03 8.329E-01 2.796E+01 2.000E+00
1.206E+08 9.080E+02 9.170E-01 2.661E-04 4.959E-05 1.260E+03 8.329E-01 2.796E+01 2.000E+00
4.537E+08 9.080E+02 9.170E-01 2.661E-04 4.966E-05 1.260E+03 8.329E-01 2.796E+01 2.000E+00
3.679E+07 9.044E+02 9.183E-01 2.661E-04 4.980E-05 1.262E+03 8.329E-01 2.796E+01 2.000E+00
1.615E+08 9.044E+02 9.183E-01 2.661E-04 5.005E-05 1.262E+03 8.329E-01 2.796E+01 2.000E+00
9.284E+07 9.001E+02 9.200E-01 2.661E-04 5.051E-05 1.264E+03 8.329E-01 2.796E+01 2.000E+00
1.322E+07 5.676E+02 1.077E+00 2.661E-04 5.136E-05 1.535E+03 8.329E-01 2.796E+01 2.000E+00
2.675E+06 7.251E+02 9.940E-01 2.661E-04 5.291E-05 1.371E+03 8.329E-01 2.796E+01 2.000E+00
2.335E+07 7.361E+02 9.889E-01 2.661E-04 5.576E-05 1.361E+03 8.330E-01 2.796E+01 2.000E+00
2.204E+07 8.586E+02 9.361E-01 2.661E-04 6.098E-05 1.284E+03 8.331E-01 2.796E+01 2.000E+00
5.809E+06 3.055E+02 1.257E+00 2.661E-04 7.054E-05 2.536E+03 8.332E-01 2.796E+01 2.000E+00
3.053E+07 9.240E+02 9.110E-01 2.661E-04 8.807E-05 1.253E+03 8.335E-01 2.796E+01 2.000E+00
1.068E+07 6.896E+02 1.011E+00 2.661E-04 1.202E-04 1.399E+03 8.341E-01 2.796E+01 2.000E+00
2.136E+06 5.440E+02 1.091E+00 2.661E-04 1.791E-04 1.573E+03 8.352E-01 2.796E+01 2.000E+00
1.267E+07 9.064E+02 9.178E-01 2.661E-04 2.871E-04 1.262E+03 8.371E-01 2.796E+01 2.000E+00
1.037E+07 7.107E+02 1.001E+00 2.661E-04 4.849E-04 1.381E+03 8.407E-01 2.797E+01 2.000E+00
4.848E+07 6.218E+02 1.047E+00 2.661E-04 8.476E-04 1.470E+03 8.472E-01 2.798E+01 2.000E+00
1.862E+07 8.641E+02 9.352E-01 2.661E-04 1.512E-03 1.302E+03 8.566E-01 2.799E+01 2.000E+00
6.750E+07 9.350E+02 9.091E-01 2.661E-04 2.731E-03 1.254E+03 8.717E-01 2.802E+01 2.000E+00
1.820E+07 8.134E+02 9.594E-01 2.661E-04 4.965E-03 1.317E+03 8.985E-01 2.807E+01 2.000E+00
1.672E+08 9.044E+02 9.183E-01 3.366E-04 4.955E-05 1.402E+03 8.331E-01 2.796E+01 2.000E+00
3.978E+08 9.044E+02 9.183E-01 3.366E-04 4.959E-05 1.307E+03 8.331E-01 2.796E+01 2.000E+00
2.477E+07 9.001E+02 9.199E-01 3.366E-04 4.966E-05 1.266E+03 8.331E-01 2.796E+01 2.000E+00
3.489E+07 9.001E+02 9.200E-01 3.366E-04 4.980E-05 1.265E+03 8.331E-01 2.796E+01 2.000E+00
1.497E+08 9.001E+02 9.200E-01 3.366E-04 5.005E-05 1.264E+03 8.331E-01 2.796E+01 2.000E+00
3.984E+07 8.542E+02 9.379E-01 3.366E-04 5.051E-05 1.321E+03 8.331E-01 2.796E+01 2.000E+00
1.794E+07 5.602E+02 1.081E+00 3.366E-04 5.136E-05 1.546E+03 8.331E-01 2.796E+01 2.000E+00
5.595E+06 4.695E+02 1.138E+00 3.366E-04 5.291E-05 1.739E+03 8.332E-01 2.796E+01 2.000E+00
1.089E+07 8.056E+02 9.579E-01 3.366E-04 5.576E-05 1.314E+03 8.332E-01 2.796E+01 2.000E+00
3.804E+07 8.431E+02 9.423E-01 3.366E-04 6.098E-05 1.292E+03 8.333E-01 2.796E+01 2.000E+00
1.232E+08 6.347E+02 1.039E+00 3.366E-04 7.054E-05 1.452E+03 8.335E-01 2.796E+01 2.000E+00
1.301E+07 8.873E+02 9.249E-01 3.366E-04 8.807E-05 1.284E+03 8.338E-01 2.796E+01 2.000E+00
6.014E+06 5.303E+02 1.099E+00 3.366E-04 1.202E-04 1.605E+03 8.344E-01 2.796E+01 2.000E+00
4.326E+06 5.440E+02 1.091E+00 3.366E-04 1.791E-04 1.571E+03 8.354E-01 2.796E+01 2.000E+00
2.489E+07 9.064E+02 9.178E-01 3.366E-04 2.871E-04 1.262E+03 8.374E-01 2.796E+01 2.000E+00
1.053E+07 9.297E+02 9.093E-01 3.366E-04 4.849E-04 1.251E+03 8.410E-01 2.797E+01 2.000E+00
4.091E+07 5.739E+02 1.074E+00 3.366E-04 8.476E-04 1.525E+03 8.475E-01 2.798E+01 2.000E+00
3.375E+06 4.447E+02 1.158E+00 3.366E-04 1.512E-03 1.772E+03 8.568E-01 2.799E+01 2.000E+00
6.558E+07 4.961E+02 1.125E+00 3.366E-04 2.731E-03 1.649E+03 8.720E-01 2.802E+01 2.000E+00
1.577E+08 4.950E+02 1.130E+00 3.366E-04 4.965E-03 1.658E+03 8.987E-01 2.807E+01 2.000E+00
1.945E+07 5.089E+02 1.112E+00 4.257E-04 4.955E-05 1.633E+03 8.334E-01 2.796E+01 2.000E+00
3.667E+07 5.089E+02 1.112E+00 4.257E-04 4.959E-05 1.633E+03 8.334E-01 2.796E+01 2.000E+00
1.944E+07 8.542E+02 9.379E-01 4.257E-04 4.966E-05 1.286E+03 8.334E-01 2.796E+01 2.000E+00
2.961E+07 8.542E+02 9.379E-01 4.257E-04 4.980E-05 1.288E+03 8.334E-01 2.796E+01 2.000E+00
3.276E+09 8.542E+02 9.379E-01 4.257E-04 5.005E-05 1.287E+03 8.334E-01 2.796E+01 2.000E+00
2.265E+07 5.563E+02 1.083E+00 4.257E-04 5.051E-05 1.552E+03 8.334E-01 2.796E+01 2.000E+00
2.270E+06 7.251E+02 9.940E-01 4.257E-04 5.136E-05 1.382E+03 8.335E-01 2.796E+01 2.000E+00
1.904E+07 6.507E+02 1.031E+00 4.257E-04 5.291E-05 1.435E+03 8.335E-01 2.796E+01 2.000E+00
1.181E+07 7.917E+02 9.639E-01 4.257E-04 5.576E-05 1.323E+03 8.335E-01 2.796E+01 2.000E+00
5.186E+06 6.919E+02 1.010E+00 4.257E-04 6.098E-05 1.397E+03 8.336E-01 2.796E+01 2.000E+00
3.564E+06 6.319E+02 1.041E+00 4.257E-04 7.054E-05 1.455E+03 8.338E-01 2.796E+01 2.000E+00
6.557E+07 8.873E+02 9.249E-01 4.257E-04 8.807E-05 1.271E+03 8.341E-01 2.796E+01 2.000E+00
6.552E+06 5.500E+02 1.087E+00 4.257E-04 1.202E-04 1.562E+03 8.347E-01 2.796E+01 2.000E+00
7.924E+06 5.597E+02 1.082E+00 4.257E-04 1.791E-04 1.547E+03 8.358E-01 2.796E+01 2.000E+00
2.158E+07 3.065E+02 1.257E+00 4.257E-04 2.871E-04 2.514E+03 8.377E-01 2.796E+01 2.000E+00
1.663E+07 9.297E+02 9.093E-01 4.257E-04 4.849E-04 1.251E+03 8.413E-01 2.797E+01 2.000E+00
7.600E+07 4.459E+02 1.156E+00 4.257E-04 8.476E-04 1.775E+03 8.478E-01 2.798E+01 2.000E+00
2.401E+06 4.445E+02 1.158E+00 4.257E-04 1.512E-03 1.773E+03 8.571E-01 2.799E+01 2.000E+00
3.039E+06 3.671E+02 1.218E+00 4.257E-04 2.731E-03 2.041E+03 8.722E-01 2.802E+01 2.000E+00
1.052E+07 4.804E+02 1.140E+00 4.257E-04 4.965E-03 1.674E+03 8.989E-01 2.807E+01 2.000E+00
1.139E+07 5.563E+02 1.083E+00 5.385E-04 4.955E-05 1.552E+03 8.338E-01 2.796E+01 2.000E+00
1.486E+07 5.563E+02 1.083E+00 5.385E-04 4.959E-05 1.552E+03 8.338E-01 2.796E+01 2.000E+00
3.467E+07 5.563E+02 1.083E+00 5.385E-04 4.966E-05 1.552E+03 8.338E-01 2.796E+01 2.000E+00
2.072E+07 5.602E+02 1.081E+00 5.385E-04 4.980E-05 1.546E+03 8.338E-01 2.796E+01 2.000E+00
4.304E+06 4.476E+02 1.153E+00 5.385E-04 5.005E-05 1.773E+03 8.338E-01 2.796E+01 2.000E+00
2.264E+06 7.251E+02 9.940E-01 5.385E-04 5.051E-05 1.369E+03 8.339E-01 2.796E+01 2.000E+00
7.803E+06 4.695E+02 1.138E+00 5.385E-04 5.136E-05 1.717E+03 8.339E-01 2.796E+01 2.000E+00
2.852E+07 7.449E+02 9.848E-01 5.385E-04 5.291E-05 1.357E+03 8.339E-01 2.796E+01 2.000E+00
7.944E+06 6.236E+02 1.045E+00 5.385E-04 5.576E-05 1.465E+03 8.339E-01 2.796E+01 2.000E+00
2.484E+07 6.977E+02 1.007E+00 5.385E-04 6.098E-05 1.392E+03 8.340E-01 2.796E+01 2.000E+00
6.676E+06 5.755E+02 1.072E+00 5.385E-04 7.054E-05 1.536E+03 8.342E-01 2.796E+01 2.000E+00
2.176E+07 8.990E+02 9.204E-01 5.385E-04 8.807E-05 1.264E+03 8.345E-01 2.796E+01 2.000E+00
4.705E+06 4.999E+02 1.118E+00 5.385E-04 1.202E-04 1.650E+03 8.351E-01 2.796E+01 2.000E+00
1.747E+07 6.873E+02 1.012E+00 5.385E-04 1.791E-04 1.401E+03 8.362E-01 2.796E+01 2.000E+00
5.450E+07 9.028E+02 9.191E-01 5.385E-04 2.871E-04 1.291E+03 8.381E-01 2.796E+01 2.000E+00
7.544E+07 9.297E+02 9.093E-01 5.385E-04 4.849E-04 1.251E+03 8.417E-01 2.797E+01 2.000E+00
8.621E+06 7.008E+02 1.007E+00 5.385E-04 8.476E-04 1.389E+03 8.482E-01 2.798E+01 2.000E+00
3.103E+06 4.444E+02 1.158E+00 5.385E-04 1.512E-03 1.773E+03 8.574E-01 2.799E+01 2.000E+00
6.547E+06 5.430E+02 1.096E+00 5.385E-04 2.731E-03 1.568E+03 8.726E-01 2.802E+01 2.000E+00
3.967E+07 5.695E+02 1.083E+00 5.385E-04 4.965E-03 1.527E+03 8.992E-01 2.807E+01 2.000E+00
2.354E+06 7.251E+02 9.940E-01 6.811E-04 4.955E-05 1.369E+03 8.343E-01 2.796E+01 2.000E+00
2.396E+06 7.251E+02 9.940E-01 6.811E-04 4.959E-05 1.371E+03 8.343E-01 2.796E+01 2.000E+00
2.477E+06 7.251E+02 9.940E-01 6.811E-04 4.966E-05 1.370E+03 8.343E-01 2.796E+01 2.000E+00
2.646E+06 7.251E+02 9.940E-01 6.811E-04 4.980E-05 1.369E+03 8.344E-01 2.796E+01 2.000E+00
4.537E+06 4.695E+02 1.138E+00 6.811E-04 5.005E-05 1.717E+03 8.344E-01 2.796E+01 2.000E+00
7.311E+07 4.742E+02 1.135E+00 6.811E-04 5.051E-05 1.706E+03 8.344E-01 2.796E+01 2.000E+00
5.877E+07 7.251E+02 9.940E-01 6.811E-04 5.136E-05 1.370E+03 8.344E-01 2.796E+01 2.000E+00
1.922E+07 7.399E+02 9.871E-01 6.811E-04 5.291E-05 1.358E+03 8.344E-01 2.796E+01 2.000E+00
5.078E+07 3.069E+02 1.256E+00 6.811E-04 5.576E-05 2.517E+03 8.345E-01 2.796E+01 2.000E+00
2.302E+06 3.543E+02 1.220E+00 6.811E-04 6.098E-05 2.151E+03 8.346E-01 2.796E+01 2.000E+00
4.860E+06 7.811E+02 9.685E-01 6.811E-04 7.054E-05 1.357E+03 8.347E-01 2.796E+01 2.000E+00
1.023E+07 8.768E+02 9.289E-01 6.811E-04 8.807E-05 1.283E+03 8.350E-01 2.796E+01 2.000E+00
5.623E+06 6.318E+02 1.041E+00 6.811E-04 1.202E-04 1.456E+03 8.356E-01 2.796E+01 2.000E+00
2.318E+07 7.587E+02 9.786E-01 6.811E-04 1.791E-04 1.346E+03 8.367E-01 2.796E+01 2.000E+00
2.437E+07 5.597E+02 1.082E+00 6.811E-04 2.871E-04 1.547E+03 8.386E-01 2.796E+01 2.000E+00
5.675E+06 9.323E+02 9.083E-01 6.811E-04 4.849E-04 1.251E+03 8.422E-01 2.797E+01 2.000E+00
1.136E+07 5.798E+02 1.071E+00 6.811E-04 8.476E-04 1.518E+03 8.487E-01 2.798E+01 2.000E+00
3.524E+06 5.376E+02 1.097E+00 6.811E-04 1.512E-03 1.579E+03 8.579E-01 2.799E+01 2.000E+00
6.877E+06 7.968E+02 9.644E-01 6.811E-04 2.731E-03 1.324E+03 8.730E-01 2.802E+01 2.000E+00
1.674E+07 8.124E+02 9.598E-01 6.811E-04 4.965E-03 1.318E+03 8.996E-01 2.807E+01 2.000E+00
1.344E+07 6.507E+02 1.031E+00 8.615E-04 4.955E-05 1.436E+03 8.350E-01 2.796E+01 2.000E+00
1.436E+09 6.670E+02 1.022E+00 8.615E-04 4.959E-05 1.420E+03 8.350E-01 2.796E+01 2.000E+00
3.179E+07 6.507E+02 1.031E+00 8.615E-04 4.966E-05 1.436E+03 8.350E-01 2.796E+01 2.000E+00
5.639E+08 6.575E+02 1.027E+00 8.615E-04 4.980E-05 1.429E+03 8.350E-01 2.796E+01 2.000E+00
1.417E+08 7.251E+02 9.940E-01 8.615E-04 5.005E-05 1.370E+03 8.350E-01 2.796E+01 2.000E+00
2.794E+07 7.449E+02 9.848E-01 8.615E-04 5.051E-05 1.355E+03 8.350E-01 2.796E+01 2.000E+00
2.811E+07 7.361E+02 9.889E-01 8.615E-04 5.136E-05 1.361E+03 8.350E-01 2.796E+01 2.000E+00
6.360E+07 7.917E+02 9.639E-01 8.615E-04 5.291E-05 1.323E+03 8.351E-01 2.796E+01 2.000E+00
3.809E+08 5.912E+02 1.063E+00 8.615E-04 5.576E-05 1.504E+03 8.351E-01 2.796E+01 2.000E+00
5.117E+06 6.662E+02 1.023E+00 8.615E-04 6.098E-05 1.420E+03 8.352E-01 2.796E+01 2.000E+00
1.297E+07 3.187E+02 1.247E+00 8.615E-04 7.054E-05 2.403E+03 8.354E-01 2.796E+01 2.000E+00
4.208E+06 8.880E+02 9.246E-01 8.615E-04 8.807E-05 1.274E+03 8.357E-01 2.796E+01 2.000E+00
6.716E+06 9.362E+02 9.066E-01 8.615E-04 1.202E-04 1.248E+03 8.363E-01 2.796E+01 2.000E+00
4.498E+07 7.397E+02 9.873E-01 8.615E-04 1.791E-04 1.359E+03 8.373E-01 2.796E+01 2.000E+00
2.593E+07 6.926E+02 1.010E+00 8.615E-04 2.871E-04 1.397E+03 8.393E-01 2.796E+01 2.000E+00
8.652E+06 9.323E+02 9.083E-01 8.615E-04 4.849E-04 1.250E+03 8.428E-01 2.797E+01 2.000E+00
3.056E+06 6.782E+02 1.018E+00 8.615E-04 8.476E-04 1.661E+03 8.494E-01 2.798E+01 2.000E+00
2.293E+06 5.590E+02 1.084E+00 8.615E-04 1.512E-03 1.546E+03 8.584E-01 2.799E+01 2.000E+00
3.040E+08 9.297E+02 9.111E-01 8.615E-04 2.731E-03 1.257E+03 8.736E-01 2.802E+01 2.000E+00
7.907E+07 7.963E+02 9.668E-01 8.615E-04 4.965E-03 1.334E+03 9.000E-01 2.807E+01 2.000E+00
1.511E+07 7.361E+02 9.889E-01 1.090E-03 4.955E-05 1.361E+03 8.358E-01 2.796E+01 2.000E+00
9.102E+06 3.603E+02 1.215E+00 1.090E-03 4.959E-05 2.112E+03 8.358E-01 2.796E+01 2.000E+00
1.878E+07 3.603E+02 1.215E+00 1.090E-03 4.966E-05 2.113E+03 8.358E-01 2.796E+01 2.000E+00
1.392E+07 7.399E+02 9.871E-01 1.090E-03 4.980E-05 1.359E+03 8.358E-01 2.796E+01 2.000E+00
1.401E+08 7.399E+02 9.871E-01 1.090E-03 5.005E-05 1.361E+03 8.358E-01 2.796E+01 2.000E+00
1.640E+07 4.155E+02 1.175E+00 1.090E-03 5.051E-05 1.872E+03 8.358E-01 2.796E+01 2.000E+00
2.462E+07 8.002E+02 9.602E-01 1.090E-03 5.136E-05 1.318E+03 8.359E-01 2.796E+01 2.000E+00
5.392E+06 3.727E+02 1.206E+00 1.090E-03 5.291E-05 2.047E+03 8.359E-01 2.796E+01 2.000E+00
3.943E+06 6.919E+02 1.010E+00 1.090E-03 5.576E-05 1.397E+03 8.359E-01 2.796E+01 2.000E+00
8.615E+07 8.269E+02 9.490E-01 1.090E-03 6.098E-05 1.302E+03 8.360E-01 2.796E+01 2.000E+00
6.626E+06 7.496E+02 9.827E-01 1.090E-03 7.054E-05 1.351E+03 8.362E-01 2.796E+01 2.000E+00
1.080E+07 8.654E+02 9.334E-01 1.090E-03 8.807E-05 1.281E+03 8.365E-01 2.796E+01 2.000E+00
1.378E+07 9.362E+02 9.066E-01 1.090E-03 1.202E-04 1.248E+03 8.371E-01 2.796E+01 2.000E+00
4.106E+06 7.754E+02 9.712E-01 1.090E-03 1.791E-04 1.334E+03 8.382E-01 2.796E+01 2.000E+00
8.905E+08 3.164E+02 1.249E+00 1.090E-03 2.871E-04 2.419E+03 8.401E-01 2.796E+01 2.000E+00
3.653E+07 9.117E+02 9.159E-01 1.090E-03 4.849E-04 1.260E+03 8.437E-01 2.797E+01 2.000E+00
7.522E+06 8.779E+02 9.292E-01 1.090E-03 8.476E-04 1.276E+03 8.502E-01 2.798E+01 2.000E+00
1.474E+08 7.297E+02 9.935E-01 1.090E-03 1.512E-03 1.368E+03 8.591E-01 2.799E+01 2.000E+00
2.524E+07 9.192E+02 9.150E-01 1.090E-03 2.731E-03 1.262E+03 8.743E-01 2.802E+01 2.000E+00
4.269E+06 8.268E+02 9.537E-01 1.090E-03 4.965E-03 1.311E+03 9.006E-01 2.807E+01 2.000E+00
2.379E+07 6.236E+02 1.045E+00 1.378E-03 4.955E-05 1.465E+03 8.369E-01 2.796E+01 2.000E+00
3.995E+07 6.236E+02 1.045E+00 1.378E-03 4.959E-05 1.465E+03 8.369E-01 2.796E+01 2.000E+00
4.324E+06 8.348E+02 9.457E-01 1.378E-03 4.966E-05 1.297E+03 8.369E-01 2.796E+01 2.000E+00
4.401E+06 2.845E+02 1.273E+00 1.378E-03 4.980E-05 2.802E+03 8.369E-01 2.796E+01 2.000E+00
5.409E+06 8.348E+02 9.457E-01 1.378E-03 5.005E-05 1.306E+03 8.369E-01 2.796E+01 2.000E+00
7.589E+06 3.727E+02 1.206E+00 1.378E-03 5.051E-05 2.060E+03 8.369E-01 2.796E+01 2.000E+00
3.962E+07 3.424E+02 1.229E+00 1.378E-03 5.136E-05 2.221E+03 8.369E-01 2.796E+01 2.000E+00
2.297E+07 8.586E+02 9.361E-01 1.378E-03 5.291E-05 1.285E+03 8.369E-01 2.796E+01 2.000E+00
4.464E+07 6.686E+02 1.022E+00 1.378E-03 5.576E-05 1.418E+03 8.370E-01 2.796E+01 2.000E+00
2.518E+07 7.114E+02 1.001E+00 1.378E-03 6.098E-05 1.382E+03 8.371E-01 2.796E+01 2.000E+00
3.200E+06 6.823E+02 1.015E+00 1.378E-03 7.054E-05 1.407E+03 8.372E-01 2.796E+01 2.000E+00
1.520E+07 4.932E+02 1.122E+00 1.378E-03 8.807E-05 1.664E+03 8.376E-01 2.796E+01 2.000E+00
1.746E+07 7.113E+02 1.001E+00 1.378E-03 1.202E-04 1.381E+03 8.381E-01 2.796E+01 2.000E+00
7.343E+07 7.884E+02 9.655E-01 1.378E-03 1.791E-04 1.325E+03 8.392E-01 2.796E+01 2.000E+00
4.833E+07 7.130E+02 1.000E+00 1.378E-03 2.871E-04 1.380E+03 8.411E-01 2.796E+01 2.000E+00
6.200E+06 6.145E+02 1.051E+00 1.378E-03 4.849E-04 1.476E+03 8.447E-01 2.797E+01 2.000E+00
7.693E+07 8.765E+02 9.297E-01 1.378E-03 8.476E-04 1.277E+03 8.512E-01 2.798E+01 2.000E+00
7.751E+06 6.781E+02 1.019E+00 1.378E-03 1.512E-03 1.410E+03 8.600E-01 2.799E+01 2.000E+00
1.884E+07 9.331E+02 9.098E-01 1.378E-03 2.731E-03 1.259E+03 8.752E-01 2.802E+01 2.000E+00
4.631E+06 3.871E+02 1.208E+00 1.378E-03 4.965E-03 1.933E+03 9.013E-01 2.807E+01 2.000E+00
1.092E+07 8.421E+02 9.427E-01 1.743E-03 4.955E-05 1.295E+03 8.382E-01 2.796E+01 2.000E+00
1.161E+07 8.421E+02 9.427E-01 1.743E-03 4.959E-05 1.294E+03 8.382E-01 2.796E+01 2.000E+00
1.315E+07 8.421E+02 9.427E-01 1.743E-03 4.966E-05 1.296E+03 8.382E-01 2.796E+01 2.000E+00
1.745E+07 8.421E+02 9.427E-01 1.743E-03 4.980E-05 1.294E+03 8.382E-01 2.796E+01 2.000E+00
4.609E+07 8.421E+02 9.427E-01 1.743E-03 5.005E-05 1.294E+03 8.382E-01 2.796E+01 2.000E+00
8.520E+07 8.586E+02 9.361E-01 1.743E-03 5.051E-05 1.285E+03 8.382E-01 2.796E+01 2.000E+00
8.879E+06 6.919E+02 1.010E+00 1.743E-03 5.136E-05 1.397E+03 8.382E-01 2.796E+01 2.000E+00
1.878E+07 6.686E+02 1.022E+00 1.743E-03 5.291E-05 1.418E+03 8.382E-01 2.796E+01 2.000E+00
1.243E+07 8.269E+02 9.490E-01 1.743E-03 5.576E-05 1.307E+03 8.383E-01 2.796E+01 2.000E+00
9.339E+06 6.319E+02 1.041E+00 1.743E-03 6.098E-05 1.456E+03 8.384E-01 2.796E+01 2.000E+00
8.859E+06 9.325E+02 9.079E-01 1.743E-03 7.054E-05 1.251E+03 8.386E-01 2.796E+01 2.000E+00
1.276E+08 5.601E+02 1.081E+00 1.743E-03 8.807E-05 1.547E+03 8.389E-01 2.796E+01 2.000E+00
8.564E+06 8.087E+02 9.567E-01 1.743E-03 1.202E-04 1.313E+03 8.394E-01 2.796E+01 2.000E+00
1.600E+07 4.135E+02 1.177E+00 1.743E-03 1.791E-04 1.878E+03 8.405E-01 2.796E+01 2.000E+00
5.244E+06 7.811E+02 9.688E-01 1.743E-03 2.871E-04 1.331E+03 8.425E-01 2.796E+01 2.000E+00
1.499E+07 5.295E+02 1.100E+00 1.743E-03 4.849E-04 1.595E+03 8.460E-01 2.797E+01 2.000E+00
6.042E+06 7.410E+02 9.875E-01 1.743E-03 8.476E-04 1.359E+03 8.526E-01 2.798E+01 2.000E+00
4.516E+06 6.016E+02 1.059E+00 1.743E-03 1.512E-03 1.490E+03 8.612E-01 2.799E+01 2.000E+00
9.118E+07 7.759E+02 9.736E-01 1.743E-03 2.731E-03 1.337E+03 8.763E-01 2.802E+01 2.000E+00
2.559E+06 7.423E+02 9.913E-01 1.743E-03 4.965E-03 1.363E+03 9.022E-01 2.807E+01 2.000E+00
9.338E+07 6.686E+02 1.022E+00 2.205E-03 4.955E-05 1.419E+03 8.398E-01 2.796E+01 2.000E+00
3.992E+07 5.826E+02 1.068E+00 2.205E-03 4.959E-05 1.516E+03 8.398E-01 2.796E+01 2.000E+00
4.694E+07 6.678E+02 1.022E+00 2.205E-03 4.966E-05 1.419E+03 8.398E-01 2.796E+01 2.000E+00
2.863E+07 6.694E+02 1.021E+00 2.205E-03 4.980E-05 1.420E+03 8.398E-01 2.796E+01 2.000E+00
5.284E+06 4.195E+02 1.172E+00 2.205E-03 5.005E-05 1.859E+03 8.399E-01 2.796E+01 2.000E+00
2.510E+07 4.092E+02 1.180E+00 2.205E-03 5.051E-05 1.894E+03 8.399E-01 2.796E+01 2.000E+00
6.457E+07 6.662E+02 1.023E+00 2.205E-03 5.136E-05 1.421E+03 8.399E-01 2.796E+01 2.000E+00
4.975E+06 3.055E+02 1.257E+00 2.205E-03 5.291E-05 2.534E+03 8.399E-01 2.796E+01 2.000E+00
4.821E+06 6.347E+02 1.039E+00 2.205E-03 5.576E-05 1.453E+03 8.400E-01 2.796E+01 2.000E+00
3.475E+06 2.830E+02 1.274E+00 2.205E-03 6.098E-05 2.825E+03 8.400E-01 2.796E+01 2.000E+00
1.242E+08 9.229E+02 9.114E-01 2.205E-03 7.054E-05 1.254E+03 8.402E-01 2.796E+01 2.000E+00
4.480E+06 5.159E+02 1.108E+00 2.205E-03 8.807E-05 1.620E+03 8.405E-01 2.796E+01 2.000E+00
1.420E+07 6.893E+02 1.011E+00 2.205E-03 1.202E-04 1.400E+03 8.411E-01 2.796E+01 2.000E+00
2.528E+08 5.722E+02 1.074E+00 2.205E-03 1.791E-04 1.530E+03 8.422E-01 2.796E+01 2.000E+00
1.735E+07 8.728E+02 9.307E-01 2.205E-03 2.871E-04 1.279E+03 8.441E-01 2.796E+01 2.000E+00
1.730E+07 6.737E+02 1.020E+00 2.205E-03 4.849E-04 1.414E+03 8.477E-01 2.797E+01 2.000E+00
1.684E+07 8.744E+02 9.306E-01 2.205E-03 8.476E-04 1.279E+03 8.542E-01 2.798E+01 2.000E+00
3.821E+06 2.867E+02 1.276E+00 2.205E-03 1.512E-03 2.709E+03 8.626E-01 2.799E+01 2.000E+00
9.540E+07 8.376E+02 9.471E-01 2.205E-03 2.731E-03 1.302E+03 8.778E-01 2.802E+01 2.000E+00
3.831E+07 2.759E+02 1.298E+00 2.205E-03 4.965E-03 2.718E+03 9.034E-01 2.807E+01 2.000E+00
3.224E+07 8.075E+02 9.571E-01 2.789E-03 4.955E-05 1.314E+03 8.419E-01 2.796E+01 2.000E+00
4.233E+07 8.075E+02 9.571E-01 2.789E-03 4.959E-05 1.316E+03 8.419E-01 2.796E+01 2.000E+00
1.010E+08 8.075E+02 9.571E-01 2.789E-03 4.966E-05 1.314E+03 8.419E-01 2.796E+01 2.000E+00
1.002E+07 8.107E+02 9.558E-01 2.789E-03 4.980E-05 1.312E+03 8.420E-01 2.796E+01 2.000E+00
1.729E+07 8.107E+02 9.558E-01 2.789E-03 5.005E-05 1.312E+03 8.420E-01 2.796E+01 2.000E+00
6.869E+07 7.114E+02 1.001E+00 2.789E-03 5.051E-05 1.385E+03 8.420E-01 2.796E+01 2.000E+00
5.305E+06 6.347E+02 1.039E+00 2.789E-03 5.136E-05 1.453E+03 8.420E-01 2.796E+01 2.000E+00
7.243E+06 6.319E+02 1.041E+00 2.789E-03 5.291E-05 1.459E+03 8.420E-01 2.796E+01 2.000E+00
1.488E+07 7.811E+02 9.685E-01 2.789E-03 5.576E-05 1.331E+03 8.421E-01 2.796E+01 2.000E+00
2.649E+07 6.750E+02 1.018E+00 2.789E-03 6.098E-05 1.413E+03 8.422E-01 2.796E+01 2.000E+00
1.724E+07 8.873E+02 9.249E-01 2.789E-03 7.054E-05 1.272E+03 8.423E-01 2.796E+01 2.000E+00
6.409E+06 6.574E+02 1.027E+00 2.789E-03 8.807E-05 1.430E+03 8.426E-01 2.796E+01 2.000E+00
3.868E+06 6.305E+02 1.042E+00 2.789E-03 1.202E-04 1.458E+03 8.432E-01 2.796E+01 2.000E+00
1.590E+09 3.842E+02 1.198E+00 2.789E-03 1.791E-04 1.993E+03 8.443E-01 2.796E+01 2.000E+00
2.124E+07 5.673E+02 1.077E+00 2.789E-03 2.871E-04 1.541E+03 8.462E-01 2.796E+01 2.000E+00
7.680E+06 2.646E+02 1.289E+00 2.789E-03 4.849E-04 3.150E+03 8.498E-01 2.797E+01 2.000E+00
4.452E+07 4.884E+02 1.127E+00 2.789E-03 8.476E-04 1.672E+03 8.562E-01 2.798E+01 2.000E+00
6.876E+06 7.552E+02 9.816E-01 2.789E-03 1.512E-03 1.350E+03 8.644E-01 2.799E+01 2.000E+00
1.136E+08 4.525E+02 1.155E+00 2.789E-03 2.731E-03 1.746E+03 8.796E-01 2.802E+01 2.000E+00
6.757E+07 7.786E+02 9.747E-01 2.789E-03 4.965E-03 1.340E+03 9.048E-01 2.807E+01 2.000E+00
4.413E+07 5.018E+02 1.117E+00 3.528E-03 4.955E-05 1.648E+03 8.446E-01 2.796E+01 2.000E+00
4.927E+06 7.811E+02 9.685E-01 3.528E-03 4.959E-05 1.331E+03 8.446E-01 2.796E+01 2.000E+00
5.263E+06 7.811E+02 9.685E-01 3.528E-03 4.966E-05 1.331E+03 8.446E-01 2.796E+01 2.000E+00
6.034E+06 7.811E+02 9.685E-01 3.528E-03 4.980E-05 1.331E+03 8.446E-01 2.796E+01 2.000E+00
7.744E+06 4.878E+02 1.126E+00 3.528E-03 5.005E-05 1.678E+03 8.446E-01 2.796E+01 2.000E+00
3.703E+07 7.811E+02 9.685E-01 3.528E-03 5.051E-05 1.331E+03 8.446E-01 2.796E+01 2.000E+00
2.750E+07 4.410E+02 1.157E+00 3.528E-03 5.136E-05 1.793E+03 8.446E-01 2.796E+01 2.000E+00
2.083E+07 7.496E+02 9.826E-01 3.528E-03 5.291E-05 1.353E+03 8.447E-01 2.796E+01 2.000E+00
1.347E+07 3.483E+02 1.224E+00 3.528E-03 5.576E-05 2.184E+03 8.447E-01 2.796E+01 2.000E+00
8.730E+07 9.229E+02 9.114E-01 3.528E-03 6.098E-05 1.255E+03 8.448E-01 2.796E+01 2.000E+00
1.340E+07 8.654E+02 9.334E-01 3.528E-03 7.054E-05 1.345E+03 8.450E-01 2.796E+01 2.000E+00
2.184E+07 9.562E+02 8.994E-01 3.528E-03 8.807E-05 1.241E+03 8.453E-01 2.796E+01 2.000E+00
5.223E+06 4.313E+02 1.164E+00 3.528E-03 1.202E-04 1.822E+03 8.459E-01 2.796E+01 2.000E+00
1.475E+07 8.653E+02 9.336E-01 3.528E-03 1.791E-04 1.283E+03 8.469E-01 2.796E+01 2.000E+00
1.857E+07 6.231E+02 1.046E+00 3.528E-03 2.871E-04 1.466E+03 8.489E-01 2.796E+01 2.000E+00
5.867E+08 5.485E+02 1.089E+00 3.528E-03 4.849E-04 1.565E+03 8.525E-01 2.797E+01 2.000E+00
2.790E+07 7.828E+02 9.686E-01 3.528E-03 8.476E-04 1.352E+03 8.585E-01 2.798E+01 2.000E+00
1.303E+07 8.249E+02 9.512E-01 3.528E-03 1.512E-03 1.309E+03 8.667E-01 2.799E+01 2.000E+00
4.101E+06 5.032E+02 1.121E+00 3.528E-03 2.731E-03 1.637E+03 8.819E-01 2.802E+01 2.000E+00
1.218E+08 5.895E+02 1.071E+00 3.528E-03 4.965E-03 1.503E+03 9.067E-01 2.807E+01 2.000E+00
4.475E+06 4.674E+02 1.139E+00 4.462E-03 4.955E-05 1.723E+03 8.480E-01 2.796E+01 2.000E+00
5.019E+06 4.674E+02 1.139E+00 4.462E-03 4.959E-05 1.724E+03 8.480E-01 2.796E+01 2.000E+00
6.495E+06 4.674E+02 1.139E+00 4.462E-03 4.966E-05 1.723E+03 8.480E-01 2.796E+01 2.000E+00
1.476E+07 4.674E+02 1.139E+00 4.462E-03 4.980E-05 1.723E+03 8.480E-01 2.796E+01 2.000E+00
4.871E+07 3.381E+02 1.232E+00 4.462E-03 5.005E-05 2.252E+03 8.480E-01 2.796E+01 2.000E+00
1.070E+07 5.069E+02 1.114E+00 4.462E-03 5.051E-05 1.638E+03 8.480E-01 2.796E+01 2.000E+00
1.046E+07 9.325E+02 9.079E-01 4.462E-03 5.136E-05 1.251E+03 8.480E-01 2.796E+01 2.000E+00
8.978E+07 6.403E+02 1.036E+00 4.462E-03 5.291E-05 1.448E+03 8.480E-01 2.796E+01 2.000E+00
3.860E+07 9.471E+02 9.026E-01 4.462E-03 5.576E-05 1.245E+03 8.481E-01 2.796E+01 2.000E+00
1.460E+07 8.768E+02 9.289E-01 4.462E-03 6.098E-05 1.277E+03 8.482E-01 2.796E+01 2.000E+00
1.576E+08 5.159E+02 1.108E+00 4.462E-03 7.054E-05 1.621E+03 8.484E-01 2.796E+01 2.000E+00
3.947E+07 6.701E+02 1.021E+00 4.462E-03 8.807E-05 1.419E+03 8.487E-01 2.796E+01 2.000E+00
7.056E+06 3.867E+02 1.196E+00 4.462E-03 1.202E-04 1.984E+03 8.493E-01 2.796E+01 2.000E+00
5.018E+06 8.160E+02 9.537E-01 4.462E-03 1.791E-04 1.311E+03 8.503E-01 2.796E+01 2.000E+00
4.942E+07 7.543E+02 9.808E-01 4.462E-03 2.871E-04 1.350E+03 8.523E-01 2.796E+01 2.000E+00
1.013E+07 4.466E+02 1.154E+00 4.462E-03 4.849E-04 1.775E+03 8.558E-01 2.797E+01 2.000E+00
1.496E+07 6.806E+02 1.017E+00 4.462E-03 8.476E-04 1.409E+03 8.614E-01 2.798E+01 2.000E+00
2.186E+08 3.296E+02 1.243E+00 4.462E-03 1.512E-03 2.327E+03 8.696E-01 2.799E+01 2.000E+00
3.651E+08 3.791E+02 1.208E+00 4.462E-03 2.731E-03 1.988E+03 8.848E-01 2.802E+01 2.000E+00
9.064E+06 3.689E+02 1.222E+00 4.462E-03 4.965E-03 2.010E+03 9.090E-01 2.807E+01 2.000E+00
4.246E+07 9.240E+02 9.110E-01 5.644E-03 4.955E-05 1.256E+03 8.522E-01 2.796E+01 2.000E+00
4.782E+07 9.240E+02 9.110E-01 5.644E-03 4.959E-05 1.256E+03 8.522E-01 2.796E+01 2.000E+00
6.232E+07 9.240E+02 9.110E-01 5.644E-03 4.966E-05 1.256E+03 8.522E-01 2.796E+01 2.000E+00
3.338E+08 6.153E+02 1.050E+00 5.644E-03 4.980E-05 1.484E+03 8.522E-01 2.796E+01 2.000E+00
1.008E+07 3.364E+02 1.233E+00 5.644E-03 5.005E-05 2.264E+03 8.523E-01 2.796E+01 2.000E+00
5.026E+07 4.607E+02 1.144E+00 5.644E-03 5.051E-05 1.740E+03 8.523E-01 2.796E+01 2.000E+00
1.456E+07 7.077E+02 1.002E+00 5.644E-03 5.136E-05 1.386E+03 8.523E-01 2.796E+01 2.000E+00
6.305E+07 8.768E+02 9.289E-01 5.644E-03 5.291E-05 1.283E+03 8.523E-01 2.796E+01 2.000E+00
1.390E+08 8.654E+02 9.334E-01 5.644E-03 5.576E-05 1.284E+03 8.524E-01 2.796E+01 2.000E+00
1.714E+08 3.783E+02 1.202E+00 5.644E-03 6.098E-05 2.022E+03 8.524E-01 2.796E+01 2.000E+00
1.050E+07 7.276E+02 9.929E-01 5.644E-03 7.054E-05 1.376E+03 8.526E-01 2.796E+01 2.000E+00
2.265E+07 9.362E+02 9.066E-01 5.644E-03 8.807E-05 1.250E+03 8.529E-01 2.796E+01 2.000E+00
1.224E+08 6.573E+02 1.028E+00 5.644E-03 1.202E-04 1.431E+03 8.535E-01 2.796E+01 2.000E+00
6.490E+06 4.671E+02 1.140E+00 5.644E-03 1.791E-04 1.729E+03 8.546E-01 2.796E+01 2.000E+00
1.805E+08 5.226E+02 1.104E+00 5.644E-03 2.871E-04 1.609E+03 8.565E-01 2.796E+01 2.000E+00
8.184E+06 8.153E+02 9.543E-01 5.644E-03 4.849E-04 1.312E+03 8.601E-01 2.797E+01 2.000E+00
7.929E+07 6.607E+02 1.027E+00 5.644E-03 8.476E-04 1.428E+03 8.650E-01 2.798E+01 2.000E+00
1.913E+07 3.278E+02 1.244E+00 5.644E-03 1.512E-03 2.297E+03 8.733E-01 2.799E+01 2.000E+00
1.054E+07 9.639E+02 8.987E-01 5.644E-03 2.731E-03 1.246E+03 8.884E-01 2.802E+01 2.000E+00
6.323E+07 8.592E+02 9.403E-01 5.644E-03 4.965E-03 1.297E+03 9.120E-01 2.807E+01 2.000E+00
9.223E+07 9.505E+02 9.014E-01 7.139E-03 4.955E-05 1.245E+03 8.576E-01 2.796E+01 2.000E+00
1.095E+08 9.505E+02 9.014E-01 7.139E-03 4.959E-05 1.245E+03 8.576E-01 2.796E+01 2.000E+00
1.671E+08 9.505E+02 9.014E-01 7.139E-03 4.966E-05 1.245E+03 8.576E-01 2.796E+01 2.000E+00
5.620E+09 9.505E+02 9.014E-01 7.139E-03 4.980E-05 1.246E+03 8.576E-01 2.796E+01 2.000E+00
1.358E+08 9.422E+02 9.044E-01 7.139E-03 5.005E-05 1.250E+03 8.576E-01 2.796E+01 2.000E+00
8.358E+06 3.726E+02 1.206E+00 7.139E-03 5.051E-05 2.050E+03 8.577E-01 2.796E+01 2.000E+00
4.714E+06 4.308E+02 1.164E+00 7.139E-03 5.136E-05 1.838E+03 8.577E-01 2.796E+01 2.000E+00
1.224E+07 7.600E+02 9.779E-01 7.139E-03 5.291E-05 1.347E+03 8.577E-01 2.796E+01 2.000E+00
5.899E+06 5.911E+02 1.063E+00 7.139E-03 5.576E-05 1.507E+03 8.577E-01 2.796E+01 2.000E+00
5.060E+06 5.677E+02 1.077E+00 7.139E-03 6.098E-05 1.539E+03 8.578E-01 2.796E+01 2.000E+00
1.085E+07 6.392E+02 1.037E+00 7.139E-03 7.054E-05 1.451E+03 8.580E-01 2.796E+01 2.000E+00
1.241E+07 5.230E+02 1.104E+00 7.139E-03 8.807E-05 1.610E+03 8.583E-01 2.796E+01 2.000E+00
5.441E+07 9.036E+02 9.187E-01 7.139E-03 1.202E-04 1.266E+03 8.589E-01 2.796E+01 2.000E+00
5.936E+06 8.163E+02 9.535E-01 7.139E-03 1.791E-04 1.311E+03 8.600E-01 2.796E+01 2.000E+00
1.385E+08 9.546E+02 9.001E-01 7.139E-03 2.871E-04 1.245E+03 8.619E-01 2.796E+01 2.000E+00
3.401E+07 3.835E+02 1.199E+00 7.139E-03 4.849E-04 1.994E+03 8.652E-01 2.797E+01 2.000E+00
5.536E+06 7.969E+02 9.625E-01 7.139E-03 8.476E-04 1.324E+03 8.697E-01 2.798E+01 2.000E+00
1.477E+07 6.813E+02 1.017E+00 7.139E-03 1.512E-03 1.410E+03 8.779E-01 2.799E+01 2.000E+00
2.072E+07 9.476E+02 9.045E-01 7.139E-03 2.731E-03 1.254E+03 8.931E-01 2.802E+01 2.000E+00
1.908E+07 5.583E+02 1.090E+00 7.139E-03 4.965E-03 1.545E+03 9.157E-01 2.807E+01 2.000E+00
1.191E+07 7.207E+02 9.961E-01 9.029E-03 4.955E-05 1.378E+03 8.644E-01 2.796E+01 2.000E+00
1.372E+07 7.207E+02 9.961E-01 9.029E-03 4.959E-05 1.377E+03 8.644E-01 2.796E+01 2.000E+00
1.911E+07 7.207E+02 9.961E-01 9.029E-03 4.966E-05 1.377E+03 8.644E-01 2.796E+01 2.000E+00
7.411E+07 7.207E+02 9.961E-01 9.029E-03 4.980E-05 1.378E+03 8.645E-01 2.796E+01 2.000E+00
2.600E+07 8.321E+02 9.468E-01 9.029E-03 5.005E-05 1.303E+03 8.645E-01 2.796E+01 2.000E+00
1.141E+08 7.703E+02 9.733E-01 9.029E-03 5.051E-05 1.341E+03 8.645E-01 2.796E+01 2.000E+00
9.176E+06 9.486E+02 9.021E-01 9.029E-03 5.136E-05 1.247E+03 8.645E-01 2.796E+01 2.000E+00
2.065E+07 9.486E+02 9.021E-01 9.029E-03 5.291E-05 1.247E+03 8.645E-01 2.796E+01 2.000E+00
7.249E+06 9.452E+02 9.033E-01 9.029E-03 5.576E-05 1.248E+03 8.646E-01 2.796E+01 2.000E+00
5.738E+06 9.362E+02 9.066E-01 9.029E-03 6.098E-05 1.252E+03 8.647E-01 2.796E+01 2.000E+00
1.063E+07 8.148E+02 9.541E-01 9.029E-03 7.054E-05 1.313E+03 8.648E-01 2.796E+01 2.000E+00
1.339E+07 8.541E+02 9.379E-01 9.029E-03 8.807E-05 1.292E+03 8.651E-01 2.796E+01 2.000E+00
7.329E+06 4.473E+02 1.153E+00 9.029E-03 1.202E-04 1.777E+03 8.657E-01 2.796E+01 2.000E+00
2.158E+07 7.877E+02 9.658E-01 9.029E-03 1.791E-04 1.330E+03 8.668E-01 2.796E+01 2.000E+00
2.173E+06 2.765E+02 1.279E+00 9.029E-03 2.871E-04 2.923E+03 8.686E-01 2.796E+01 2.000E+00
6.211E+06 2.806E+02 1.277E+00 9.029E-03 4.849E-04 2.843E+03 8.710E-01 2.797E+01 2.000E+00
1.161E+08 9.652E+02 8.968E-01 9.029E-03 8.476E-04 1.243E+03 8.755E-01 2.798E+01 2.000E+00
9.883E+06 7.673E+02 9.762E-01 9.029E-03 1.512E-03 1.345E+03 8.838E-01 2.799E+01 2.000E+00
6.267E+06 9.862E+02 8.908E-01 9.029E-03 2.731E-03 1.241E+03 8.989E-01 2.802E+01 2.000E+00
5.603E+06 9.089E+02 9.207E-01 9.029E-03 4.965E-03 1.277E+03 9.204E-01 2.807E+01 2.000E+00
4.822E+06 4.606E+02 1.144E+00 1.142E-02 4.955E-05 1.743E+03 8.731E-01 2.796E+01 2.000E+00
5.479E+06 4.606E+02 1.144E+00 1.142E-02 4.959E-05 1.743E+03 8.731E-01 2.796E+01 2.000E+00
7.352E+06 4.606E+02 1.144E+00 1.142E-02 4.966E-05 1.747E+03 8.731E-01 2.796E+01 2.000E+00
2.105E+07 4.606E+02 1.144E+00 1.142E-02 4.980E-05 1.743E+03 8.731E-01 2.796E+01 2.000E+00
5.012E+07 4.028E+02 1.184E+00 1.142E-02 5.005E-05 1.923E+03 8.731E-01 2.796E+01 2.000E+00
1.979E+07 3.966E+02 1.189E+00 1.142E-02 5.051E-05 1.946E+03 8.731E-01 2.796E+01 2.000E+00
6.582E+07 6.333E+02 1.040E+00 1.142E-02 5.136E-05 1.459E+03 8.731E-01 2.796E+01 2.000E+00
8.963E+06 8.001E+02 9.603E-01 1.142E-02 5.291E-05 1.323E+03 8.731E-01 2.796E+01 2.000E+00
5.917E+07 5.990E+02 1.059E+00 1.142E-02 5.576E-05 1.499E+03 8.731E-01 2.796E+01 2.000E+00
1.197E+07 5.676E+02 1.077E+00 1.142E-02 6.098E-05 1.541E+03 8.732E-01 2.796E+01 2.000E+00
1.088E+07 8.541E+02 9.379E-01 1.142E-02 7.054E-05 1.292E+03 8.733E-01 2.796E+01 2.000E+00
6.091E+07 2.948E+02 1.265E+00 1.142E-02 8.807E-05 2.658E+03 8.735E-01 2.796E+01 2.000E+00
4.604E+07 8.781E+02 9.285E-01 1.142E-02 1.202E-04 1.280E+03 8.739E-01 2.796E+01 2.000E+00
1.924E+08 9.704E+02 8.944E-01 1.142E-02 1.791E-04 1.240E+03 8.747E-01 2.796E+01 2.000E+00
3.632E+07 7.998E+02 9.607E-01 1.142E-02 2.871E-04 1.324E+03 8.760E-01 2.796E+01 2.000E+00
3.530E+06 4.051E+02 1.184E+00 1.142E-02 4.849E-04 1.909E+03 8.785E-01 2.797E+01 2.000E+00
9.706E+07 7.486E+02 9.840E-01 1.142E-02 8.476E-04 1.358E+03 8.830E-01 2.798E+01 2.000E+00
3.837E+07 7.539E+02 9.823E-01 1.142E-02 1.512E-03 1.355E+03 8.912E-01 2.799E+01 2.000E+00
3.770E+08 8.515E+02 9.414E-01 1.142E-02 2.731E-03 1.301E+03 9.064E-01 2.802E+01 2.000E+00
1.609E+07 7.833E+02 9.726E-01 1.142E-02 4.965E-03 1.342E+03 9.264E-01 2.807E+01 2.000E+00
4.053E+06 2.731E+02 1.281E+00 1.445E-02 4.955E-05 2.998E+03 8.825E-01 2.796E+01 2.000E+00
2.148E+06 2.645E+02 1.287E+00 1.445E-02 4.959E-05 3.181E+03 8.825E-01 2.796E+01 2.000E+00
4.173E+06 2.683E+02 1.285E+00 1.445E-02 4.966E-05 3.096E+03 8.825E-01 2.796E+01 2.000E+00
5.485E+06 2.675E+02 1.285E+00 1.445E-02 4.980E-05 3.112E+03 8.825E-01 2.796E+01 2.000E+00
6.898E+06 2.645E+02 1.287E+00 1.445E-02 5.005E-05 3.181E+03 8.825E-01 2.796E+01 2.000E+00
4.167E+06 6.234E+02 1.045E+00 1.445E-02 5.051E-05 1.471E+03 8.825E-01 2.796E+01 2.000E+00
1.027E+07 8.410E+02 9.432E-01 1.445E-02 5.136E-05 1.301E+03 8.825E-01 2.796E+01 2.000E+00
3.291E+07 8.400E+02 9.436E-01 1.445E-02 5.291E-05 1.301E+03 8.825E-01 2.796E+01 2.000E+00
1.607E+07 5.306E+02 1.099E+00 1.445E-02 5.576E-05 1.599E+03 8.825E-01 2.796E+01 2.000E+00
9.959E+06 4.545E+02 1.148E+00 1.445E-02 6.098E-05 1.760E+03 8.826E-01 2.796E+01 2.000E+00
6.609E+06 6.928E+02 1.010E+00 1.445E-02 7.054E-05 1.403E+03 8.827E-01 2.796E+01 2.000E+00
9.369E+06 8.975E+02 9.210E-01 1.445E-02 8.807E-05 1.273E+03 8.830E-01 2.796E+01 2.000E+00
1.147E+08 2.947E+02 1.265E+00 1.445E-02 1.202E-04 2.729E+03 8.833E-01 2.796E+01 2.000E+00
1.045E+07 5.713E+02 1.075E+00 1.445E-02 1.791E-04 1.536E+03 8.841E-01 2.796E+01 2.000E+00
3.351E+08 4.846E+02 1.128E+00 1.445E-02 2.871E-04 1.688E+03 8.854E-01 2.796E+01 2.000E+00
1.580E+07 5.667E+02 1.078E+00 1.445E-02 4.849E-04 1.543E+03 8.879E-01 2.797E+01 2.000E+00
3.492E+07 4.882E+02 1.127E+00 1.445E-02 8.476E-04 1.677E+03 8.924E-01 2.798E+01 2.000E+00
1.512E+07 9.099E+02 9.175E-01 1.445E-02 1.512E-03 1.271E+03 9.006E-01 2.799E+01 2.000E+00
2.115E+07 9.734E+02 8.953E-01 1.445E-02 2.731E-03 1.248E+03 9.158E-01 2.802E+01 2.000E+00
1.179E+07 3.992E+02 1.199E+00 1.445E-02 4.965E-03 1.901E+03 9.340E-01 2.807E+01 2.000E+00
1.616E+07 7.397E+02 9.872E-01 1.827E-02 4.955E-05 1.367E+03 8.943E-01 2.796E+01 2.000E+00
1.939E+07 7.397E+02 9.872E-01 1.827E-02 4.959E-05 1.379E+03 8.943E-01 2.796E+01 2.000E+00
3.089E+07 7.397E+02 9.872E-01 1.827E-02 4.966E-05 1.367E+03 8.943E-01 2.796E+01 2.000E+00
4.383E+07 7.554E+02 9.800E-01 1.827E-02 4.980E-05 1.356E+03 8.943E-01 2.796E+01 2.000E+00
5.176E+06 6.332E+02 1.040E+00 1.827E-02 5.005E-05 1.462E+03 8.943E-01 2.796E+01 2.000E+00
5.278E+07 6.332E+02 1.040E+00 1.827E-02 5.051E-05 1.503E+03 8.943E-01 2.796E+01 2.000E+00
8.995E+06 6.401E+02 1.037E+00 1.827E-02 5.136E-05 1.609E+03 8.944E-01 2.796E+01 2.000E+00
7.926E+06 7.112E+02 1.001E+00 1.827E-02 5.291E-05 1.389E+03 8.944E-01 2.796E+01 2.000E+00
1.950E+07 8.943E+02 9.222E-01 1.827E-02 5.576E-05 1.276E+03 8.944E-01 2.796E+01 2.000E+00
1.580E+07 8.975E+02 9.210E-01 1.827E-02 6.098E-05 1.282E+03 8.945E-01 2.796E+01 2.000E+00
6.663E+07 4.850E+02 1.128E+00 1.827E-02 7.054E-05 1.689E+03 8.946E-01 2.796E+01 2.000E+00
1.744E+07 4.026E+02 1.185E+00 1.827E-02 8.807E-05 1.925E+03 8.948E-01 2.796E+01 2.000E+00
2.663E+07 8.389E+02 9.441E-01 1.827E-02 1.202E-04 1.304E+03 8.952E-01 2.796E+01 2.000E+00
7.525E+08 8.721E+02 9.309E-01 1.827E-02 1.791E-04 1.288E+03 8.959E-01 2.796E+01 2.000E+00
6.956E+06 8.881E+02 9.248E-01 1.827E-02 2.871E-04 1.283E+03 8.973E-01 2.796E+01 2.000E+00
8.709E+06 8.883E+02 9.248E-01 1.827E-02 4.849E-04 1.281E+03 8.997E-01 2.797E+01 2.000E+00
7.826E+06 7.987E+02 9.617E-01 1.827E-02 8.476E-04 1.329E+03 9.042E-01 2.798E+01 2.000E+00
4.770E+06 5.295E+02 1.102E+00 1.827E-02 1.512E-03 1.600E+03 9.125E-01 2.799E+01 2.000E+00
3.667E+07 7.445E+02 9.879E-01 1.827E-02 2.731E-03 1.368E+03 9.268E-01 2.802E+01 2.000E+00
9.463E+06 7.718E+02 9.777E-01 1.827E-02 4.965E-03 1.354E+03 9.435E-01 2.807E+01 2.000E+00
1.488E+07 9.948E+02 8.859E-01 2.311E-02 4.955E-05 1.239E+03 9.094E-01 2.796E+01 2.000E+00
1.491E+07 9.948E+02 8.859E-01 2.311E-02 4.959E-05 1.237E+03 9.094E-01 2.796E+01 2.000E+00
1.498E+07 9.948E+02 8.859E-01 2.311E-02 4.966E-05 1.246E+03 9.094E-01 2.796E+01 2.000E+00
1.509E+07 9.948E+02 8.859E-01 2.311E-02 4.980E-05 1.240E+03 9.094E-01 2.796E+01 2.000E+00
1.532E+07 9.948E+02 8.859E-01 2.311E-02 5.005E-05 1.237E+03 9.094E-01 2.796E+01 2.000E+00
3.087E+06 6.344E+02 1.040E+00 2.311E-02 5.051E-05 1.463E+03 9.094E-01 2.796E+01 2.000E+00
7.968E+06 4.472E+02 1.153E+00 2.311E-02 5.136E-05 1.783E+03 9.094E-01 2.796E+01 2.000E+00
6.628E+06 8.038E+02 9.587E-01 2.311E-02 5.291E-05 1.327E+03 9.094E-01 2.796E+01 2.000E+00
1.002E+07 7.896E+02 9.648E-01 2.311E-02 5.576E-05 1.339E+03 9.094E-01 2.796E+01 2.000E+00
5.122E+07 8.073E+02 9.572E-01 2.311E-02 6.098E-05 1.325E+03 9.095E-01 2.796E+01 2.000E+00
1.739E+07 9.837E+02 8.897E-01 2.311E-02 7.054E-05 1.242E+03 9.096E-01 2.796E+01 2.000E+00
6.622E+06 5.751E+02 1.073E+00 2.311E-02 8.807E-05 1.535E+03 9.098E-01 2.796E+01 2.000E+00
4.999E+07 2.948E+02 1.265E+00 2.311E-02 1.202E-04 2.659E+03 9.102E-01 2.796E+01 2.000E+00
5.854E+06 8.428E+02 9.426E-01 2.311E-02 1.791E-04 1.305E+03 9.110E-01 2.796E+01 2.000E+00
7.543E+06 9.238E+02 9.113E-01 2.311E-02 2.871E-04 1.266E+03 9.123E-01 2.796E+01 2.000E+00
1.254E+07 9.116E+02 9.160E-01 2.311E-02 4.849E-04 1.272E+03 9.148E-01 2.797E+01 2.000E+00
1.311E+07 8.311E+02 9.480E-01 2.311E-02 8.476E-04 1.313E+03 9.193E-01 2.798E+01 2.000E+00
3.943E+07 7.087E+02 1.004E+00 2.311E-02 1.512E-03 1.402E+03 9.275E-01 2.799E+01 2.000E+00
9.645E+06 6.128E+02 1.055E+00 2.311E-02 2.731E-03 1.488E+03 9.389E-01 2.802E+01 2.000E+00
3.173E+07 4.505E+02 1.161E+00 2.311E-02 4.965E-03 1.752E+03 9.556E-01 2.807E+01 2.000E+00
1.093E+08 9.944E+02 8.861E-01 2.923E-02 4.955E-05 1.241E+03 9.284E-01 2.796E+01 2.000E+00
1.115E+08 9.944E+02 8.861E-01 2.923E-02 4.959E-05 1.243E+03 9.284E-01 2.796E+01 2.000E+00
1.159E+08 9.944E+02 8.861E-01 2.923E-02 4.966E-05 1.241E+03 9.284E-01 2.796E+01 2.000E+00
1.250E+08 9.944E+02 8.861E-01 2.923E-02 4.980E-05 1.241E+03 9.284E-01 2.796E+01 2.000E+00
1.460E+08 9.944E+02 8.861E-01 2.923E-02 5.005E-05 1.242E+03 9.284E-01 2.796E+01 2.000E+00
2.113E+08 9.944E+02 8.861E-01 2.923E-02 5.051E-05 1.242E+03 9.284E-01 2.796E+01 2.000E+00
1.193E+09 9.944E+02 8.861E-01 2.923E-02 5.136E-05 1.241E+03 9.284E-01 2.796E+01 2.000E+00
2.110E+07 9.739E+02 8.931E-01 2.923E-02 5.291E-05 1.249E+03 9.284E-01 2.796E+01 2.000E+00
1.776E+07 3.890E+02 1.194E+00 2.923E-02 5.576E-05 1.985E+03 9.285E-01 2.796E+01 2.000E+00
1.308E+07 9.173E+02 9.135E-01 2.923E-02 6.098E-05 1.272E+03 9.285E-01 2.796E+01 2.000E+00
1.770E+07 8.392E+02 9.440E-01 2.923E-02 7.054E-05 1.310E+03 9.286E-01 2.796E+01 2.000E+00
6.996E+06 5.972E+02 1.060E+00 2.923E-02 8.807E-05 1.509E+03 9.289E-01 2.796E+01 2.000E+00
3.315E+07 9.169E+02 9.137E-01 2.923E-02 1.202E-04 1.272E+03 9.293E-01 2.796E+01 2.000E+00
1.984E+07 5.905E+02 1.064E+00 2.923E-02 1.791E-04 1.522E+03 9.300E-01 2.796E+01 2.000E+00
3.686E+07 7.448E+02 9.851E-01 2.923E-02 2.871E-04 1.370E+03 9.313E-01 2.797E+01 2.000E+00
3.620E+06 9.499E+02 9.020E-01 2.923E-02 4.849E-04 1.260E+03 9.338E-01 2.797E+01 2.000E+00
8.004E+06 7.577E+02 9.798E-01 2.923E-02 8.476E-04 1.362E+03 9.383E-01 2.798E+01 2.000E+00
1.160E+08 3.333E+02 1.240E+00 2.923E-02 1.512E-03 2.265E+03 9.450E-01 2.799E+01 2.000E+00
1.715E+07 7.257E+02 9.968E-01 2.923E-02 2.731E-03 1.391E+03 9.542E-01 2.802E+01 2.000E+00
7.795E+06 4.504E+02 1.161E+00 2.923E-02 4.965E-03 1.755E+03 9.688E-01 2.807E+01 2.000E+00
1.369E+08 8.794E+02 9.279E-01 3.697E-02 4.955E-05 1.294E+03 9.524E-01 2.796E+01 2.000E+00
6.531E+06 5.557E+02 1.084E+00 3.697E-02 4.959E-05 1.570E+03 9.524E-01 2.796E+01 2.000E+00
8.549E+06 5.557E+02 1.084E+00 3.697E-02 4.966E-05 1.570E+03 9.524E-01 2.796E+01 2.000E+00
2.073E+07 5.557E+02 1.084E+00 3.697E-02 4.980E-05 1.570E+03 9.524E-01 2.796E+01 2.000E+00
4.768E+06 5.663E+02 1.078E+00 3.697E-02 5.005E-05 1.555E+03 9.524E-01 2.796E+01 2.000E+00
1.813E+07 5.626E+02 1.080E+00 3.697E-02 5.051E-05 1.572E+03 9.524E-01 2.796E+01 2.000E+00
6.125E+06 3.418E+02 1.230E+00 3.697E-02 5.136E-05 2.236E+03 9.524E-01 2.796E+01 2.000E+00
1.199E+07 8.836E+02 9.263E-01 3.697E-02 5.291E-05 1.292E+03 9.525E-01 2.796E+01 2.000E+00
1.529E+07 6.106E+02 1.052E+00 3.697E-02 5.576E-05 1.498E+03 9.525E-01 2.796E+01 2.000E+00
1.632E+07 9.283E+02 9.095E-01 3.697E-02 6.098E-05 1.272E+03 9.526E-01 2.796E+01 2.000E+00
1.188E+07 9.421E+02 9.044E-01 3.697E-02 7.054E-05 1.267E+03 9.527E-01 2.796E+01 2.000E+00
7.740E+06 3.777E+02 1.203E+00 3.697E-02 8.807E-05 2.036E+03 9.529E-01 2.796E+01 2.000E+00
1.997E+07 4.679E+02 1.139E+00 3.697E-02 1.202E-04 1.736E+03 9.533E-01 2.796E+01 2.000E+00
1.140E+07 5.300E+02 1.100E+00 3.697E-02 1.791E-04 1.611E+03 9.540E-01 2.796E+01 2.000E+00
1.193E+07 8.130E+02 9.551E-01 3.697E-02 2.871E-04 1.330E+03 9.552E-01 2.797E+01 2.000E+00
4.763E+06 7.388E+02 9.881E-01 3.697E-02 4.849E-04 1.379E+03 9.567E-01 2.797E+01 2.000E+00
6.030E+06 6.723E+02 1.021E+00 3.697E-02 8.476E-04 1.434E+03 9.594E-01 2.798E+01 2.000E+00
6.249E+06 6.119E+02 1.054E+00 3.697E-02 1.512E-03 1.496E+03 9.644E-01 2.799E+01 2.000E+00
2.343E+07 5.620E+02 1.084E+00 3.697E-02 2.731E-03 1.559E+03 9.735E-01 2.802E+01 2.000E+00
1.302E+07 3.042E+02 1.275E+00 3.697E-02 4.965E-03 2.425E+03 9.826E-01 2.807E+01 2.000E+00
4.912E+06 5.941E+02 1.062E+00 4.677E-02 4.955E-05 1.522E+03 9.779E-01 2.796E+01 2.000E+00
1.650E+07 5.804E+02 1.069E+00 4.677E-02 4.959E-05 1.540E+03 9.779E-01 2.796E+01 2.000E+00
6.405E+06 5.941E+02 1.062E+00 4.677E-02 4.966E-05 1.522E+03 9.779E-01 2.796E+01 2.000E+00
1.026E+07 5.941E+02 1.062E+00 4.677E-02 4.980E-05 1.522E+03 9.779E-01 2.796E+01 2.000E+00
1.093E+07 5.826E+02 1.068E+00 4.677E-02 5.005E-05 1.537E+03 9.779E-01 2.796E+01 2.000E+00
2.228E+08 8.285E+02 9.484E-01 4.677E-02 5.051E-05 1.327E+03 9.779E-01 2.796E+01 2.000E+00
8.760E+06 5.444E+02 1.091E+00 4.677E-02 5.136E-05 1.592E+03 9.779E-01 2.796E+01 2.000E+00
4.526E+07 8.262E+02 9.493E-01 4.677E-02 5.291E-05 1.328E+03 9.779E-01 2.796E+01 2.000E+00
1.290E+07 7.038E+02 1.004E+00 4.677E-02 5.576E-05 1.411E+03 9.780E-01 2.796E+01 2.000E+00
4.343E+06 8.913E+02 9.234E-01 4.677E-02 6.098E-05 1.295E+03 9.780E-01 2.796E+01 2.000E+00
2.508E+07 7.182E+02 9.974E-01 4.677E-02 7.054E-05 1.399E+03 9.781E-01 2.796E+01 2.000E+00
2.485E+07 4.129E+02 1.177E+00 4.677E-02 8.807E-05 1.899E+03 9.782E-01 2.796E+01 2.000E+00
3.808E+06 8.909E+02 9.236E-01 4.677E-02 1.202E-04 1.295E+03 9.785E-01 2.796E+01 2.000E+00
9.375E+06 7.597E+02 9.782E-01 4.677E-02 1.791E-04 1.369E+03 9.789E-01 2.796E+01 2.000E+00
4.015E+06 6.280E+02 1.043E+00 4.677E-02 2.871E-04 1.483E+03 9.797E-01 2.797E+01 2.000E+00
1.077E+07 5.829E+02 1.069E+00 4.677E-02 4.849E-04 1.536E+03 9.812E-01 2.797E+01 2.000E+00
8.595E+07 9.425E+02 9.049E-01 4.677E-02 8.476E-04 1.276E+03 9.839E-01 2.798E+01 2.000E+00
4.545E+06 7.944E+02 9.642E-01 4.677E-02 1.512E-03 1.351E+03 9.878E-01 2.799E+01 2.000E+00
1.097E+07 5.772E+02 1.075E+00 4.677E-02 2.731E-03 1.544E+03 9.921E-01 2.802E+01 2.000E+00
4.815E+07 8.044E+02 9.633E-01 4.677E-02 4.965E-03 1.356E+03 9.967E-01 2.807E+01 2.000E+00
1.186E+07 8.998E+02 9.201E-01 5.915E-02 4.955E-05 1.299E+03 1.000E+00 2.796E+01 0.000E+00
1.232E+07 8.998E+02 9.201E-01 5.915E-02 4.959E-05 1.299E+03 1.000E+00 2.796E+01 0.000E+00
1.329E+07 8.998E+02 9.201E-01 5.915E-02 4.966E-05 1.299E+03 1.000E+00 2.796E+01 0.000E+00
3.969E+07 5.746E+02 1.073E+00 5.915E-02 4.980E-05 1.554E+03 1.000E+00 2.796E+01 0.000E+00
1.454E+10 4.082E+02 1.181E+00 5.915E-02 5.005E-05 1.922E+03 1.000E+00 2.796E+01 0.000E+00
2.785E+08 8.998E+02 9.201E-01 5.915E-02 5.051E-05 1.299E+03 1.000E+00 2.796E+01 0.000E+00
9.655E+06 5.824E+02 1.068E+00 5.915E-02 5.136E-05 1.544E+03 1.000E+00 2.796E+01 0.000E+00
2.426E+07 3.896E+02 1.194E+00 5.915E-02 5.291E-05 2.007E+03 1.000E+00 2.796E+01 0.000E+00
7.500E+07 5.246E+02 1.103E+00 5.915E-02 5.576E-05 1.631E+03 1.000E+00 2.796E+01 0.000E+00
1.200E+07 9.088E+02 9.167E-01 5.915E-02 6.098E-05 1.295E+03 1.000E+00 2.796E+01 0.000E+00
4.090E+06 3.042E+02 1.258E+00 5.915E-02 7.054E-05 2.560E+03 1.000E+00 2.796E+01 0.000E+00
2.293E+10 5.668E+02 1.077E+00 5.915E-02 8.807E-05 1.565E+03 1.000E+00 2.796E+01 0.000E+00
6.846E+07 9.084E+02 9.169E-01 5.915E-02 1.202E-04 1.298E+03 1.000E+00 2.796E+01 0.000E+00
3.745E+06 4.797E+02 1.132E+00 5.915E-02 1.791E-04 1.719E+03 1.000E+00 2.796E+01 0.000E+00
3.127E+07 7.676E+02 9.748E-01 5.915E-02 2.871E-04 1.372E+03 1.000E+00 2.797E+01 0.000E+00
7.473E+07 9.726E+02 8.939E-01 5.915E-02 4.849E-04 1.271E+03 1.000E+00 2.797E+01 0.000E+00
3.884E+06 9.620E+02 8.979E-01 5.915E-02 8.476E-04 1.277E+03 1.000E+00 2.798E+01 0.000E+00
1.909E+07 5.048E+02 1.118E+00 5.915E-02 1.512E-03 1.665E+03 1.000E+00 2.799E+01 0.000E+00
5.648E+06 9.560E+02 9.015E-01 5.915E-02 2.731E-03 1.289E+03 1.000E+00 2.802E+01 0.000E+00
2.157E+06 4.047E+02 1.195E+00 5.915E-02 4.965E-03 1.902E+03 1.000E+00 2.807E+01 0.000E+00
9.742E+06 7.891E+02 9.651E-01 7.482E-02 4.955E-05 1.367E+03 1.000E+00 2.796E+01 0.000E+00
1.051E+07 7.891E+02 9.651E-01 7.482E-02 4.959E-05 1.367E+03 1.000E+00 2.796E+01 0.000E+00
1.233E+07 7.891E+02 9.651E-01 7.482E-02 4.966E-05 1.367E+03 1.000E+00 2.796E+01 0.000E+00
1.824E+07 7.891E+02 9.651E-01 7.482E-02 4.980E-05 1.367E+03 1.000E+00 2.796E+01 0.000E+00
2.219E+08 7.891E+02 9.651E-01 7.482E-02 5.005E-05 1.367E+03 1.000E+00 2.796E+01 0.000E+00
2.598E+07 7.364E+02 9.888E-01 7.482E-02 5.051E-05 1.403E+03 1.000E+00 2.796E+01 0.000E+00
6.179E+06 7.482E+02 9.834E-01 7.482E-02 5.136E-05 1.394E+03 1.000E+00 2.796E+01 0.000E+00
5.479E+07 4.797E+02 1.131E+00 7.482E-02 5.291E-05 1.727E+03 1.000E+00 2.796E+01 0.000E+00
4.703E+07 7.119E+02 1.000E+00 7.482E-02 5.576E-05 1.421E+03 1.000E+00 2.796E+01 0.000E+00
4.191E+07 5.980E+02 1.060E+00 7.482E-02 6.098E-05 1.533E+03 1.000E+00 2.796E+01 0.000E+00
1.289E+08 7.788E+02 9.697E-01 7.482E-02 7.054E-05 1.374E+03 1.000E+00 2.796E+01 0.000E+00
7.692E+06 8.425E+02 9.427E-01 7.482E-02 8.807E-05 1.337E+03 1.000E+00 2.796E+01 0.000E+00
1.728E+07 6.307E+02 1.042E+00 7.482E-02 1.202E-04 1.495E+03 1.000E+00 2.796E+01 0.000E+00
2.221E+08 9.518E+02 9.011E-01 7.482E-02 1.791E-04 1.289E+03 1.000E+00 2.796E+01 0.000E+00
8.151E+06 7.785E+02 9.700E-01 7.482E-02 2.871E-04 1.375E+03 1.000E+00 2.797E+01 0.000E+00
5.590E+06 3.702E+02 1.210E+00 7.482E-02 4.849E-04 2.083E+03 1.000E+00 2.797E+01 0.000E+00
2.620E+06 6.045E+02 1.057E+00 7.482E-02 8.476E-04 1.527E+03 1.000E+00 2.798E+01 0.000E+00
2.382E+07 6.027E+02 1.059E+00 7.482E-02 1.512E-03 1.529E+03 1.000E+00 2.799E+01 0.000E+00
2.081E+08 8.859E+02 9.278E-01 7.482E-02 2.731E-03 1.330E+03 1.000E+00 2.802E+01 0.000E+00
5.425E+06 2.457E+02 1.323E+00 7.482E-02 4.965E-03 3.276E+03 1.000E+00 2.807E+01 0.000E+00
1.318E+07 5.362E+02 1.096E+00 9.464E-02 4.955E-05 1.631E+03 1.000E+00 2.796E+01 0.000E+00
1.851E+07 5.362E+02 1.096E+00 9.464E-02 4.959E-05 1.631E+03 1.000E+00 2.796E+01 0.000E+00
7.608E+07 5.362E+02 1.096E+00 9.464E-02 4.966E-05 1.631E+03 1.000E+00 2.796E+01 0.000E+00
1.011E+07 3.587E+02 1.217E+00 9.464E-02 4.980E-05 2.156E+03 1.000E+00 2.796E+01 0.000E+00
8.201E+06 5.282E+02 1.101E+00 9.464E-02 5.005E-05 1.644E+03 1.000E+00 2.796E+01 0.000E+00
4.163E+07 5.216E+02 1.105E+00 9.464E-02 5.051E-05 1.656E+03 1.000E+00 2.796E+01 0.000E+00
2.861E+07 5.677E+02 1.077E+00 9.464E-02 5.136E-05 1.589E+03 1.000E+00 2.796E+01 0.000E+00
2.369E+07 8.258E+02 9.496E-01 9.464E-02 5.291E-05 1.360E+03 1.000E+00 2.796E+01 0.000E+00
1.493E+07 7.450E+02 9.849E-01 9.464E-02 5.576E-05 1.410E+03 1.000E+00 2.796E+01 0.000E+00
2.101E+07 8.648E+02 9.337E-01 9.464E-02 6.098E-05 1.342E+03 1.000E+00 2.796E+01 0.000E+00
2.589E+07 4.591E+02 1.145E+00 9.464E-02 7.054E-05 1.852E+03 1.000E+00 2.796E+01 0.000E+00
1.552E+07 4.113E+02 1.179E+00 9.464E-02 8.807E-05 1.927E+03 1.000E+00 2.796E+01 0.000E+00
5.629E+07 8.942E+02 9.223E-01 9.464E-02 1.202E-04 1.328E+03 1.000E+00 2.796E+01 0.000E+00
5.127E+06 7.457E+02 9.847E-01 9.464E-02 1.791E-04 1.410E+03 1.000E+00 2.796E+01 0.000E+00
1.044E+07 5.506E+02 1.087E+00 9.464E-02 2.871E-04 1.609E+03 1.000E+00 2.797E+01 0.000E+00
1.196E+07 9.702E+02 8.948E-01 9.464E-02 4.849E-04 1.301E+03 1.000E+00 2.797E+01 0.000E+00
8.349E+06 7.910E+02 9.651E-01 9.464E-02 8.476E-04 1.384E+03 1.000E+00 2.798E+01 0.000E+00
3.147E+06 7.701E+02 9.750E-01 9.464E-02 1.512E-03 1.401E+03 1.000E+00 2.799E+01 0.000E+00
8.337E+06 8.437E+02 9.447E-01 9.464E-02 2.731E-03 1.367E+03 1.000E+00 2.802E+01 0.000E+00
2.132E+07 8.801E+02 9.320E-01 9.464E-02 4.965E-03 1.366E+03 1.000E+00 2.807E+01 0.000E+00
2.961E+07 5.659E+02 1.078E+00 1.197E-01 4.955E-05 1.602E+03 1.000E+00 2.796E+01 0.000E+00
7.548E+07 5.659E+02 1.078E+00 1.197E-01 4.959E-05 1.602E+03 1.000E+00 2.796E+01 0.000E+00
1.745E+07 9.726E+02 8.937E-01 1.197E-01 4.966E-05 1.320E+03 1.000E+00 2.796E+01 0.000E+00
1.837E+07 9.726E+02 8.937E-01 1.197E-01 4.980E-05 1.319E+03 1.000E+00 2.796E+01 0.000E+00
2.036E+07 9.726E+02 8.937E-01 1.197E-01 5.005E-05 1.320E+03 1.000E+00 2.796E+01 0.000E+00
8.325E+06 8.312E+02 9.473E-01 1.197E-01 5.051E-05 1.378E+03 1.000E+00 2.796E+01 0.000E+00
1.060E+07 3.523E+02 1.222E+00 1.197E-01 5.136E-05 2.204E+03 1.000E+00 2.796E+01 0.000E+00
2.515E+07 9.464E+02 9.029E-01 1.197E-01 5.291E-05 1.328E+03 1.000E+00 2.796E+01 0.000E+00
3.002E+06 3.227E+02 1.245E+00 1.197E-01 5.576E-05 2.414E+03 1.000E+00 2.796E+01 0.000E+00
2.866E+07 7.341E+02 9.900E-01 1.197E-01 6.098E-05 1.436E+03 1.000E+00 2.796E+01 0.000E+00
1.729E+07 5.427E+02 1.092E+00 1.197E-01 7.054E-05 1.636E+03 1.000E+00 2.796E+01 0.000E+00
7.209E+06 8.035E+02 9.590E-01 1.197E-01 8.807E-05 1.394E+03 1.000E+00 2.796E+01 0.000E+00
4.046E+06 9.540E+02 9.003E-01 1.197E-01 1.202E-04 1.326E+03 1.000E+00 2.796E+01 0.000E+00
1.878E+07 8.901E+02 9.240E-01 1.197E-01 1.791E-04 1.351E+03 1.000E+00 2.796E+01 0.000E+00
2.716E+06 2.503E+02 1.300E+00 1.197E-01 2.871E-04 3.530E+03 1.000E+00 2.797E+01 0.000E+00
5.921E+07 7.244E+02 9.950E-01 1.197E-01 4.849E-04 1.445E+03 1.000E+00 2.797E+01 0.000E+00
1.158E+07 9.366E+02 9.071E-01 1.197E-01 8.476E-04 1.339E+03 1.000E+00 2.798E+01 0.000E+00
4.661E+06 6.757E+02 1.020E+00 1.197E-01 1.512E-03 1.488E+03 1.000E+00 2.800E+01 0.000E+00
6.099E+07 5.165E+02 1.113E+00 1.197E-01 2.731E-03 1.683E+03 1.000E+00 2.802E+01 0.000E+00
9.966E+06 3.552E+02 1.234E+00 1.197E-01 4.965E-03 2.137E+03 1.000E+00 2.807E+01 0.000E+00
7.395E+06 8.847E+02 9.260E-01 1.514E-01 4.955E-05 1.399E+03 1.000E+00 2.796E+01 0.000E+00
7.591E+06 8.847E+02 9.260E-01 1.514E-01 4.959E-05 1.384E+03 1.000E+00 2.796E+01 0.000E+00
7.984E+06 8.847E+02 9.260E-01 1.514E-01 4.966E-05 1.384E+03 1.000E+00 2.796E+01 0.000E+00
8.832E+06 8.847E+02 9.260E-01 1.514E-01 4.980E-05 1.417E+03 1.000E+00 2.796E+01 0.000E+00
1.103E+07 8.847E+02 9.260E-01 1.514E-01 5.005E-05 1.385E+03 1.000E+00 2.796E+01 0.000E+00
5.771E+06 2.565E+02 1.295E+00 1.514E-01 5.051E-05 3.366E+03 1.000E+00 2.796E+01 0.000E+00
5.545E+08 6.343E+02 1.040E+00 1.514E-01 5.136E-05 1.546E+03 1.000E+00 2.796E+01 0.000E+00
7.958E+06 8.759E+02 9.294E-01 1.514E-01 5.291E-05 1.388E+03 1.000E+00 2.796E+01 0.000E+00
1.110E+07 6.428E+02 1.035E+00 1.514E-01 5.576E-05 1.536E+03 1.000E+00 2.796E+01 0.000E+00
1.748E+06 2.502E+02 1.300E+00 1.514E-01 6.098E-05 3.547E+03 1.000E+00 2.796E+01 0.000E+00
1.868E+07 6.910E+02 1.011E+00 1.514E-01 7.054E-05 1.494E+03 1.000E+00 2.796E+01 0.000E+00
7.656E+06 9.482E+02 9.024E-01 1.514E-01 8.807E-05 1.368E+03 1.000E+00 2.796E+01 0.000E+00
1.093E+07 5.133E+02 1.110E+00 1.514E-01 1.202E-04 1.721E+03 1.000E+00 2.796E+01 0.000E+00
1.934E+08 3.695E+02 1.210E+00 1.514E-01 1.791E-04 2.127E+03 1.000E+00 2.797E+01 0.000E+00
5.060E+07 8.902E+02 9.241E-01 1.514E-01 2.871E-04 1.384E+03 1.000E+00 2.797E+01 0.000E+00
9.795E+06 5.270E+02 1.102E+00 1.514E-01 4.849E-04 1.683E+03 1.000E+00 2.797E+01 0.000E+00
1.007E+07 8.784E+02 9.291E-01 1.514E-01 8.476E-04 1.395E+03 1.000E+00 2.798E+01 0.000E+00
5.539E+06 4.551E+02 1.151E+00 1.514E-01 1.512E-03 1.829E+03 1.000E+00 2.800E+01 0.000E+00
3.991E+07 7.744E+02 9.744E-01 1.514E-01 2.731E-03 1.462E+03 1.000E+00 2.802E+01 0.000E+00
7.607E+07 6.554E+02 1.035E+00 1.514E-01 4.965E-03 1.560E+03 1.000E+00 2.808E+01 0.000E+00
1.026E+07 6.617E+02 1.026E+00 1.915E-01 4.955E-05 1.555E+03 1.000E+00 2.796E+01 0.000E+00
1.195E+07 6.617E+02 1.026E+00 1.915E-01 4.959E-05 1.556E+03 1.000E+00 2.796E+01 0.000E+00
1.729E+07 6.617E+02 1.026E+00 1.915E-01 4.966E-05 1.555E+03 1.000E+00 2.796E+01 0.000E+00
1.123E+08 6.617E+02 1.026E+00 1.915E-01 4.980E-05 1.555E+03 1.000E+00 2.796E+01 0.000E+00
4.520E+07 6.498E+02 1.032E+00 1.915E-01 5.005E-05 1.566E+03 1.000E+00 2.796E+01 0.000E+00
4.586E+08 6.548E+02 1.029E+00 1.915E-01 5.051E-05 1.561E+03 1.000E+00 2.796E+01 0.000E+00
6.174E+06 8.181E+02 9.529E-01 1.915E-01 5.136E-05 1.460E+03 1.000E+00 2.796E+01 0.000E+00
2.052E+07 7.574E+02 9.794E-01 1.915E-01 5.291E-05 1.489E+03 1.000E+00 2.796E+01 0.000E+00
9.119E+07 6.291E+02 1.043E+00 1.915E-01 5.576E-05 1.585E+03 1.000E+00 2.796E+01 0.000E+00
7.092E+07 8.767E+02 9.292E-01 1.915E-01 6.098E-05 1.437E+03 1.000E+00 2.796E+01 0.000E+00
3.389E+06 5.272E+02 1.102E+00 1.915E-01 7.054E-05 1.722E+03 1.000E+00 2.796E+01 0.000E+00
1.632E+07 8.991E+02 9.205E-01 1.915E-01 8.807E-05 1.432E+03 1.000E+00 2.796E+01 0.000E+00
1.488E+07 7.435E+02 9.858E-01 1.915E-01 1.202E-04 1.498E+03 1.000E+00 2.796E+01 0.000E+00
1.210E+08 5.241E+02 1.104E+00 1.915E-01 1.791E-04 1.718E+03 1.000E+00 2.797E+01 0.000E+00
1.124E+07 3.388E+02 1.234E+00 1.915E-01 2.871E-04 2.323E+03 1.000E+00 2.797E+01 0.000E+00
1.039E+07 8.548E+02 9.382E-01 1.915E-01 4.849E-04 1.451E+03 1.000E+00 2.797E+01 0.000E+00
2.170E+07 7.888E+02 9.662E-01 1.915E-01 8.476E-04 1.483E+03 1.000E+00 2.798E+01 0.000E+00
7.390E+07 7.390E+02 9.894E-01 1.915E-01 1.512E-03 1.518E+03 1.000E+00 2.800E+01 0.000E+00
4.092E+06 7.238E+02 9.979E-01 1.915E-01 2.731E-03 1.554E+03 1.000E+00 2.802E+01 0.000E+00
6.340E+06 8.236E+02 9.552E-01 1.915E-01 4.965E-03 1.539E+03 1.000E+00 2.808E+01 0.000E+00
3.540E+06 9.681E+02 8.953E-01 2.422E-01 4.955E-05 1.520E+03 1.000E+00 2.796E+01 0.000E+00
3.548E+06 9.681E+02 8.953E-01 2.422E-01 4.959E-05 1.520E+03 1.000E+00 2.796E+01 0.000E+00
3.563E+06 9.681E+02 8.953E-01 2.422E-01 4.966E-05 1.519E+03 1.000E+00 2.796E+01 0.000E+00
3.941E+06 5.264E+02 1.102E+00 2.422E-01 4.980E-05 1.761E+03 1.000E+00 2.796E+01 0.000E+00
7.808E+06 5.264E+02 1.102E+00 2.422E-01 5.005E-05 1.761E+03 1.000E+00 2.796E+01 0.000E+00
1.549E+07 4.267E+02 1.168E+00 2.422E-01 5.051E-05 1.972E+03 1.000E+00 2.796E+01 0.000E+00
5.736E+06 3.622E+02 1.216E+00 2.422E-01 5.136E-05 2.255E+03 1.000E+00 2.796E+01 0.000E+00
4.443E+06 9.681E+02 8.953E-01 2.422E-01 5.291E-05 1.520E+03 1.000E+00 2.796E+01 0.000E+00
4.427E+07 6.517E+02 1.031E+00 2.422E-01 5.576E-05 1.623E+03 1.000E+00 2.796E+01 0.000E+00
1.758E+07 9.681E+02 8.953E-01 2.422E-01 6.098E-05 1.528E+03 1.000E+00 2.796E+01 0.000E+00
4.979E+06 9.871E+02 8.887E-01 2.422E-01 7.054E-05 1.520E+03 1.000E+00 2.797E+01 0.000E+00
2.223E+07 9.863E+02 8.890E-01 2.422E-01 8.807E-05 1.520E+03 1.000E+00 2.797E+01 0.000E+00
8.690E+06 7.659E+02 9.757E-01 2.422E-01 1.202E-04 1.558E+03 1.000E+00 2.797E+01 0.000E+00
4.461E+06 9.316E+02 9.085E-01 2.422E-01 1.791E-04 1.524E+03 1.000E+00 2.797E+01 0.000E+00
1.545E+08 7.247E+02 9.948E-01 2.422E-01 2.871E-04 1.580E+03 1.000E+00 2.797E+01 0.000E+00
2.366E+08 6.517E+02 1.031E+00 2.422E-01 4.849E-04 1.630E+03 1.000E+00 2.797E+01 0.000E+00
2.731E+07 8.631E+02 9.353E-01 2.422E-01 8.476E-04 1.550E+03 1.000E+00 2.798E+01 0.000E+00
3.922E+07 5.161E+02 1.111E+00 2.422E-01 1.512E-03 1.791E+03 1.000E+00 2.800E+01 0.000E+00
5.183E+06 9.548E+02 9.021E-01 2.422E-01 2.731E-03 1.621E+03 1.000E+00 2.803E+01 0.000E+00
3.727E+06 3.185E+02 1.265E+00 2.422E-01 4.965E-03 2.446E+03 1.000E+00 2.808E+01 0.000E+00
1.009E+08 8.634E+02 9.345E-01 3.064E-01 4.955E-05 1.732E+03 1.000E+00 2.797E+01 0.000E+00
2.036E+08 8.634E+02 9.345E-01 3.064E-01 4.959E-05 1.732E+03 1.000E+00 2.797E+01 0.000E+00
1.509E+07 5.615E+02 1.081E+00 3.064E-01 4.966E-05 1.800E+03 1.000E+00 2.797E+01 0.000E+00
2.663E+07 5.622E+02 1.081E+00 3.064E-01 4.980E-05 1.800E+03 1.000E+00 2.797E+01 0.000E+00
2.492E+09 5.608E+02 1.082E+00 3.064E-01 5.005E-05 1.800E+03 1.000E+00 2.797E+01 0.000E+00
1.527E+07 3.022E+02 1.263E+00 3.064E-01 5.051E-05 2.689E+03 1.000E+00 2.797E+01 0.000E+00
1.862E+06 3.492E+02 1.226E+00 3.064E-01 5.136E-05 2.340E+03 1.000E+00 2.797E+01 0.000E+00
8.520E+06 5.152E+02 1.110E+00 3.064E-01 5.291E-05 1.856E+03 1.000E+00 2.797E+01 0.000E+00
1.015E+07 6.890E+02 1.012E+00 3.064E-01 5.576E-05 1.718E+03 1.000E+00 2.797E+01 0.000E+00
1.916E+07 5.864E+02 1.067E+00 3.064E-01 6.098E-05 1.776E+03 1.000E+00 2.797E+01 0.000E+00
4.044E+06 6.112E+02 1.053E+00 3.064E-01 7.054E-05 1.779E+03 1.000E+00 2.797E+01 0.000E+00
2.154E+07 9.931E+02 8.867E-01 3.064E-01 8.807E-05 1.855E+03 1.000E+00 2.797E+01 0.000E+00
6.260E+09 9.735E+02 8.935E-01 3.064E-01 1.202E-04 1.831E+03 1.000E+00 2.797E+01 0.000E+00
8.327E+06 3.892E+02 1.196E+00 3.064E-01 1.791E-04 2.157E+03 1.000E+00 2.797E+01 0.000E+00
7.365E+06 7.035E+02 1.005E+00 3.064E-01 2.871E-04 1.722E+03 1.000E+00 2.797E+01 0.000E+00
3.082E+07 3.585E+02 1.220E+00 3.064E-01 4.849E-04 2.290E+03 1.000E+00 2.798E+01 0.000E+00
6.303E+06 6.882E+02 1.013E+00 3.064E-01 8.476E-04 1.746E+03 1.000E+00 2.798E+01 0.000E+00
2.966E+07 6.337E+02 1.042E+00 3.064E-01 1.512E-03 1.787E+03 1.000E+00 2.800E+01 0.000E+00
7.741E+06 6.206E+02 1.051E+00 3.064E-01 2.731E-03 1.837E+03 1.000E+00 2.803E+01 0.000E+00
9.749E+06 8.389E+02 9.489E-01 3.064E-01 4.965E-03 2.236E+03 1.000E+00 2.808E+01 0.000E+00
6.235E+06 5.379E+02 1.096E+00 3.875E-01 4.955E-05 1.998E+03 1.000E+00 2.797E+01 0.000E+00
7.125E+06 5.379E+02 1.096E+00 3.875E-01 4.959E-05 2.011E+03 1.000E+00 2.797E+01 0.000E+00
9.718E+06 5.379E+02 1.096E+00 3.875E-01 4.966E-05 1.997E+03 1.000E+00 2.797E+01 0.000E+00
1.232E+07 3.010E+02 1.265E+00 3.875E-01 4.980E-05 2.767E+03 1.000E+00 2.797E+01 0.000E+00
9.186E+06 2.136E+02 1.329E+00 3.875E-01 5.005E-05 5.425E+03 1.000E+00 2.797E+01 0.000E+00
4.742E+06 2.149E+02 1.329E+00 3.875E-01 5.051E-05 5.302E+03 1.000E+00 2.797E+01 0.000E+00
8.591E+06 2.285E+02 1.320E+00 3.875E-01 5.136E-05 4.348E+03 1.000E+00 2.797E+01 0.000E+00
5.342E+07 5.609E+02 1.082E+00 3.875E-01 5.291E-05 1.988E+03 1.000E+00 2.797E+01 0.000E+00
2.240E+08 6.013E+02 1.058E+00 3.875E-01 5.576E-05 1.991E+03 1.000E+00 2.797E+01 0.000E+00
7.252E+06 6.206E+02 1.048E+00 3.875E-01 6.098E-05 1.995E+03 1.000E+00 2.797E+01 0.000E+00
1.411E+07 6.347E+02 1.040E+00 3.875E-01 7.054E-05 2.005E+03 1.000E+00 2.797E+01 0.000E+00
4.322E+06 4.440E+02 1.157E+00 3.875E-01 8.807E-05 2.112E+03 1.000E+00 2.797E+01 0.000E+00
3.140E+06 3.900E+02 1.196E+00 3.875E-01 1.202E-04 2.254E+03 1.000E+00 2.797E+01 0.000E+00
6.005E+06 2.260E+02 1.322E+00 3.875E-01 1.791E-04 4.464E+03 1.000E+00 2.797E+01 0.000E+00
7.372E+06 6.784E+02 1.018E+00 3.875E-01 2.871E-04 2.077E+03 1.000E+00 2.797E+01 0.000E+00
4.484E+06 6.170E+02 1.050E+00 3.875E-01 4.849E-04 2.028E+03 1.000E+00 2.798E+01 0.000E+00
1.366E+07 3.643E+02 1.217E+00 3.875E-01 8.476E-04 2.363E+03 1.000E+00 2.799E+01 0.000E+00
3.799E+06 3.812E+02 1.206E+00 3.875E-01 1.512E-03 2.310E+03 1.000E+00 2.800E+01 0.000E+00
5.437E+06 4.648E+02 1.148E+00 3.875E-01 2.731E-03 2.181E+03 1.000E+00 2.803E+01 0.000E+00
5.549E+06 4.032E+02 1.198E+00 3.875E-01 4.965E-03 2.371E+03 1.000E+00 2.808E+01 0.000E+00
4.135E+07 3.931E+02 1.194E+00 4.902E-01 4.955E-05 2.466E+03 1.000E+00 2.797E+01 0.000E+00
5.808E+06 3.978E+02 1.191E+00 4.902E-01 4.959E-05 2.463E+03 1.000E+00 2.797E+01 0.000E+00
8.234E+06 3.978E+02 1.191E+00 4.902E-01 4.966E-05 2.457E+03 1.000E+00 2.797E+01 0.000E+00
3.973E+07 3.978E+02 1.191E+00 4.902E-01 4.980E-05 2.457E+03 1.000E+00 2.797E+01 0.000E+00
1.449E+07 3.916E+02 1.195E+00 4.902E-01 5.005E-05 2.505E+03 1.000E+00 2.797E+01 0.000E+00
2.860E+07 2.228E+02 1.326E+00 4.902E-01 5.051E-05 4.646E+03 1.000E+00 2.797E+01 0.000E+00
1.031E+07 2.618E+02 1.297E+00 4.902E-01 5.136E-05 3.387E+03 1.000E+00 2.797E+01 0.000E+00
2.221E+07 4.772E+02 1.135E+00 4.902E-01 5.291E-05 2.472E+03 1.000E+00 2.797E+01 0.000E+00
6.906E+06 2.277E+02 1.322E+00 4.902E-01 5.576E-05 4.360E+03 1.000E+00 2.797E+01 0.000E+00
2.443E+06 3.650E+02 1.216E+00 4.902E-01 6.098E-05 2.541E+03 1.000E+00 2.797E+01 0.000E+00
4.772E+06 5.130E+02 1.112E+00 4.902E-01 7.054E-05 2.553E+03 1.000E+00 2.797E+01 0.000E+00
1.275E+07 2.413E+02 1.312E+00 4.902E-01 8.807E-05 3.855E+03 1.000E+00 2.797E+01 0.000E+00
5.408E+06 5.005E+02 1.120E+00 4.902E-01 1.202E-04 2.515E+03 1.000E+00 2.797E+01 0.000E+00
2.801E+07 4.389E+02 1.161E+00 4.902E-01 1.791E-04 2.465E+03 1.000E+00 2.797E+01 0.000E+00
2.664E+06 4.302E+02 1.168E+00 4.902E-01 2.871E-04 2.527E+03 1.000E+00 2.798E+01 0.000E+00
2.055E+07 4.189E+02 1.176E+00 4.902E-01 4.849E-04 2.463E+03 1.000E+00 2.798E+01 0.000E+00
1.971E+06 5.236E+02 1.106E+00 4.902E-01 8.476E-04 2.863E+03 1.000E+00 2.799E+01 0.000E+00
2.601E+06 3.378E+02 1.241E+00 4.902E-01 1.512E-03 2.707E+03 1.000E+00 2.800E+01 0.000E+00
3.513E+06 4.954E+02 1.128E+00 4.902E-01 2.731E-03 3.578E+03 1.000E+00 2.803E+01 0.000E+00
8.885E+05 3.094E+02 1.275E+00 4.902E-01 4.965E-03 3.035E+03 1.000E+00 2.808E+01 0.000E+00
1.704E+08 3.328E+02 1.242E+00 6.200E-01 4.955E-05 3.161E+03 1.000E+00 2.797E+01 0.000E+00
1.628E+06 3.492E+02 1.229E+00 6.200E-01 4.959E-05 3.186E+03 1.000E+00 2.797E+01 0.000E+00
1.750E+06 3.492E+02 1.229E+00 6.200E-01 4.966E-05 3.186E+03 1.000E+00 2.797E+01 0.000E+00
2.039E+06 3.492E+02 1.229E+00 6.200E-01 4.980E-05 3.187E+03 1.000E+00 2.797E+01 0.000E+00
2.994E+06 3.492E+02 1.229E+00 6.200E-01 5.005E-05 3.186E+03 1.000E+00 2.797E+01 0.000E+00
3.870E+06 2.124E+02 1.336E+00 6.200E-01 5.051E-05 5.251E+03 1.000E+00 2.797E+01 0.000E+00
3.851E+06 3.367E+02 1.239E+00 6.200E-01 5.136E-05 3.162E+03 1.000E+00 2.797E+01 0.000E+00
9.732E+06 2.921E+02 1.274E+00 6.200E-01 5.291E-05 3.301E+03 1.000E+00 2.797E+01 0.000E+00
3.390E+06 3.045E+02 1.264E+00 6.200E-01 5.576E-05 3.233E+03 1.000E+00 2.797E+01 0.000E+00
1.260E+07 3.735E+02 1.210E+00 6.200E-01 6.098E-05 3.359E+03 1.000E+00 2.797E+01 0.000E+00
7.062E+07 3.542E+02 1.225E+00 6.200E-01 7.054E-05 3.213E+03 1.000E+00 2.797E+01 0.000E+00
5.135E+06 3.696E+02 1.213E+00 6.200E-01 8.807E-05 3.326E+03 1.000E+00 2.797E+01 0.000E+00
2.441E+06 3.123E+02 1.258E+00 6.200E-01 1.202E-04 3.205E+03 1.000E+00 2.797E+01 0.000E+00
8.050E+06 2.234E+02 1.329E+00 6.200E-01 1.791E-04 4.601E+03 1.000E+00 2.798E+01 0.000E+00
2.859E+06 3.877E+02 1.200E+00 6.200E-01 2.871E-04 3.766E+03 1.000E+00 2.798E+01 0.000E+00
6.073E+06 3.219E+02 1.252E+00 6.200E-01 4.849E-04 3.234E+03 1.000E+00 2.798E+01 0.000E+00
1.827E+06 3.487E+02 1.231E+00 6.200E-01 8.476E-04 3.408E+03 1.000E+00 2.799E+01 0.000E+00
6.543E+06 3.093E+02 1.265E+00 6.200E-01 1.512E-03 3.417E+03 1.000E+00 2.801E+01 0.000E+00
6.018E+06 2.632E+02 1.308E+00 6.200E-01 2.731E-03 3.771E+03 1.000E+00 2.803E+01 0.000E+00
2.793E+06 2.743E+02 1.308E+00 6.200E-01 4.965E-03 4.352E+03 1.000E+00 2.809E+01 0.000E+00
3.362E+06 2.526E+02 1.309E+00 7.842E-01 4.955E-05 4.755E+03 1.000E+00 2.798E+01 0.000E+00
2.777E+06 2.440E+02 1.316E+00 7.842E-01 4.959E-05 4.758E+03 1.000E+00 2.798E+01 0.000E+00
3.145E+06 2.440E+02 1.316E+00 7.842E-01 4.966E-05 4.756E+03 1.000E+00 2.798E+01 0.000E+00
4.184E+06 2.440E+02 1.316E+00 7.842E-01 4.980E-05 4.756E+03 1.000E+00 2.798E+01 0.000E+00
1.144E+07 2.440E+02 1.316E+00 7.842E-01 5.005E-05 4.759E+03 1.000E+00 2.798E+01 0.000E+00
2.158E+06 2.541E+02 1.307E+00 7.842E-01 5.051E-05 4.764E+03 1.000E+00 2.798E+01 0.000E+00
4.777E+06 2.414E+02 1.318E+00 7.842E-01 5.136E-05 4.773E+03 1.000E+00 2.798E+01 0.000E+00
3.499E+07 2.550E+02 1.307E+00 7.842E-01 5.291E-05 4.772E+03 1.000E+00 2.798E+01 0.000E+00
7.500E+06 2.465E+02 1.314E+00 7.842E-01 5.576E-05 4.749E+03 1.000E+00 2.798E+01 0.000E+00
2.464E+07 2.271E+02 1.329E+00 7.842E-01 6.098E-05 5.026E+03 1.000E+00 2.798E+01 0.000E+00
1.578E+06 2.299E+02 1.327E+00 7.842E-01 7.054E-05 4.936E+03 1.000E+00 2.798E+01 0.000E+00
6.249E+06 2.228E+02 1.332E+00 7.842E-01 8.807E-05 5.131E+03 1.000E+00 2.798E+01 0.000E+00
2.112E+07 2.657E+02 1.298E+00 7.842E-01 1.202E-04 5.028E+03 1.000E+00 2.798E+01 0.000E+00
1.065E+07 2.127E+02 1.340E+00 7.842E-01 1.791E-04 5.492E+03 1.000E+00 2.798E+01 0.000E+00
3.636E+08 2.225E+02 1.333E+00 7.842E-01 2.871E-04 5.144E+03 1.000E+00 2.798E+01 0.000E+00
7.538E+06 2.482E+02 1.314E+00 7.842E-01 4.849E-04 5.095E+03 1.000E+00 2.799E+01 0.000E+00
3.378E+06 2.041E+02 1.350E+00 7.842E-01 8.476E-04 5.957E+03 1.000E+00 2.800E+01 0.000E+00
9.190E+05 2.409E+02 1.324E+00 7.842E-01 1.512E-03 5.551E+03 1.000E+00 2.801E+01 0.000E+00
1.688E+06 2.216E+02 1.346E+00 7.842E-01 2.731E-03 6.182E+03 1.000E+00 2.804E+01 0.000E+00
NAN NAN NAN 7.842E-01 4.965E-03 NAN 1.000E+00 2.809E+01 0.000E+00
NAN NAN NAN 9.919E-01 4.955E-05 NAN 1.000E+00 2.798E+01 0.000E+00
NAN NAN NAN 9.919E-01 4.959E-05 NAN 1.000E+00 2.798E+01 0.000E+00
NAN NAN NAN 9.919E-01 4.966E-05 NAN 1.000E+00 2.798E+01 0.000E+00
NAN NAN NAN 9.919E-01 4.980E-05 NAN 1.000E+00 2.798E+01 0.000E+00
NAN NAN NAN 9.919E-01 5.005E-05 NAN 1.000E+00 2.798E+01 0.000E+00
NAN NAN NAN 9.919E-01 5.051E-05 NAN 1.000E+00 2.798E+01 0.000E+00
NAN NAN NAN 9.919E-01 5.136E-05 NAN 1.000E+00 2.798E+01 0.000E+00
NAN NAN NAN 9.919E-01 5.291E-05 NAN 1.000E+00 2.798E+01 0.000E+00
NAN NAN NAN 9.919E-01 5.576E-05 NAN 1.000E+00 2.798E+01 0.000E+00
NAN NAN NAN 9.919E-01 6.098E-05 NAN 1.000E+00 2.798E+01 0.000E+00
NAN NAN NAN 9.919E-01 7.054E-05 NAN 1.000E+00 2.798E+01 0.000E+00
NAN NAN NAN 9.919E-01 8.807E-05 NAN 1.000E+00 2.798E+01 0.000E+00
NAN NAN NAN 9.919E-01 1.202E-04 NAN 1.000E+00 2.798E+01 0.000E+00
NAN NAN NAN 9.919E-01 1.791E-04 NAN 1.000E+00 2.798E+01 0.000E+00
NAN NAN NAN 9.919E-01 2.871E-04 NAN 1.000E+00 2.799E+01 0.000E+00
NAN NAN NAN 9.919E-01 4.849E-04 NAN 1.000E+00 2.799E+01 0.000E+00
NAN NAN NAN 9.919E-01 8.476E-04 NAN 1.000E+00 2.800E+01 0.000E+00
NAN NAN NAN 9.919E-01 1.512E-03 NAN 1.000E+00 2.802E+01 0.000E+00
NAN NAN NAN 9.919E-01 2.731E-03 NAN 1.000E+00 2.804E+01 0.000E+00
NAN NAN NAN 9.919E-01 4.965E-03 NAN 1.000E+00 2.809E+01 0.000E+00
NAN NAN NAN 1.255E+00 4.955E-05 NAN 1.000E+00 2.799E+01 0.000E+00
NAN NAN NAN 1.255E+00 4.959E-05 NAN 1.000E+00 2.799E+01 0.000E+00
NAN NAN NAN 1.255E+00 4.966E-05 NAN 1.000E+00 2.799E+01 0.000E+00
NAN NAN NAN 1.255E+00 4.980E-05 NAN 1.000E+00 2.799E+01 0.000E+00
NAN NAN NAN 1.255E+00 5.005E-05 NAN 1.000E+00 2.799E+01 0.000E+00
NAN NAN NAN 1.255E+00 5.051E-05 NAN 1.000E+00 2.799E+01 0.000E+00
NAN NAN NAN 1.255E+00 5.136E-05 NAN 1.000E+00 2.799E+01 0.000E+00
NAN NAN NAN 1.255E+00 5.291E-05 NAN 1.000E+00 2.799E+01 0.000E+00
NAN NAN NAN 1.255E+00 5.576E-05 NAN 1.000E+00 2.799E+01 0.000E+00
NAN NAN NAN 1.255E+00 6.098E-05 NAN 1.000E+00 2.799E+01 0.000E+00
NAN NAN NAN 1.255E+00 7.054E-05 NAN 1.000E+00 2.799E+01 0.000E+00
NAN NAN NAN 1.255E+00 8.807E-05 NAN 1.000E+00 2.799E+01 0.000E+00
NAN NAN NAN 1.255E+00 1.202E-04 NAN 1.000E+00 2.799E+01 0.000E+00
NAN NAN NAN 1.255E+00 1.791E-04 NAN 1.000E+00 2.799E+01 0.000E+00
NAN NAN NAN 1.255E+00 2.871E-04 NAN 1.000E+00 2.799E+01 0.000E+00
NAN NAN NAN 1.255E+00 4.849E-04 NAN 1.000E+00 2.800E+01 0.000E+00
NAN NAN NAN 1.255E+00 8.476E-04 NAN 1.000E+00 2.801E+01 0.000E+00
NAN NAN NAN 1.255E+00 1.512E-03 NAN 1.000E+00 2.802E+01 0.000E+00
NAN NAN NAN 1.255E+00 2.731E-03 NAN 1.000E+00 2.805E+01 0.000E+00
NAN NAN NAN 1.255E+00 4.965E-03 NAN 1.000E+00 2.810E+01 0.000E+00
NAN NAN NAN 1.587E+00 4.955E-05 NAN 1.000E+00 2.800E+01 0.000E+00
NAN NAN NAN 1.587E+00 4.959E-05 NAN 1.000E+00 2.800E+01 0.000E+00
NAN NAN NAN 1.587E+00 4.966E-05 NAN 1.000E+00 2.800E+01 0.000E+00
NAN NAN NAN 1.587E+00 4.980E-05 NAN 1.000E+00 2.800E+01 0.000E+00
NAN NAN NAN 1.587E+00 5.005E-05 NAN 1.000E+00 2.800E+01 0.000E+00
NAN NAN NAN 1.587E+00 5.051E-05 NAN 1.000E+00 2.800E+01 0.000E+00
NAN NAN NAN 1.587E+00 5.136E-05 NAN 1.000E+00 2.800E+01 0.000E+00
NAN NAN NAN 1.587E+00 5.291E-05 NAN 1.000E+00 2.800E+01 0.000E+00
NAN NAN NAN 1.587E+00 5.576E-05 NAN 1.000E+00 2.800E+01 0.000E+00
NAN NAN NAN 1.587E+00 6.098E-05 NAN 1.000E+00 2.800E+01 0.000E+00
NAN NAN NAN 1.587E+00 7.054E-05 NAN 1.000E+00 2.800E+01 0.000E+00
NAN NAN NAN 1.587E+00 8.807E-05 NAN 1.000E+00 2.800E+01 0.000E+00
NAN NAN NAN 1.587E+00 1.202E-04 NAN 1.000E+00 2.800E+01 0.000E+00
NAN NAN NAN 1.587E+00 1.791E-04 NAN 1.000E+00 2.800E+01 0.000E+00
NAN NAN NAN 1.587E+00 2.871E-04 NAN 1.000E+00 2.800E+01 0.000E+00
NAN NAN NAN 1.587E+00 4.849E-04 NAN 1.000E+00 2.801E+01 0.000E+00
NAN NAN NAN 1.587E+00 8.476E-04 NAN 1.000E+00 2.801E+01 0.000E+00
NAN NAN NAN 1.587E+00 1.512E-03 NAN 1.000E+00 2.803E+01 0.000E+00
NAN NAN NAN 1.587E+00 2.731E-03 NAN 1.000E+00 2.806E+01 0.000E+00
NAN NAN NAN 1.587E+00 4.965E-03 NAN 1.000E+00 2.811E+01 0.000E+00
NAN NAN NAN 2.007E+00 4.955E-05 NAN 1.000E+00 2.801E+01 3.000E+00
NAN NAN NAN 2.007E+00 4.959E-05 NAN 1.000E+00 2.801E+01 3.000E+00
NAN NAN NAN 2.007E+00 4.966E-05 NAN 1.000E+00 2.801E+01 3.000E+00
NAN NAN NAN 2.007E+00 4.980E-05 NAN 1.000E+00 2.801E+01 3.000E+00
NAN NAN NAN 2.007E+00 5.005E-05 NAN 1.000E+00 2.801E+01 3.000E+00
NAN NAN NAN 2.007E+00 5.051E-05 NAN 1.000E+00 2.801E+01 3.000E+00
NAN NAN NAN 2.007E+00 5.136E-05 NAN 1.000E+00 2.801E+01 3.000E+00
NAN NAN NAN 2.007E+00 5.291E-05 NAN 1.000E+00 2.801E+01 3.000E+00
NAN NAN NAN 2.007E+00 5.576E-05 NAN 1.000E+00 2.801E+01 3.000E+00
NAN NAN NAN 2.007E+00 6.098E-05 NAN 1.000E+00 2.801E+01 3.000E+00
NAN NAN NAN 2.007E+00 7.054E-05 NAN 1.000E+00 2.801E+01 3.000E+00
NAN NAN NAN 2.007E+00 8.807E-05 NAN 1.000E+00 2.801E+01 3.000E+00
NAN NAN NAN 2.007E+00 1.202E-04 NAN 1.000E+00 2.801E+01 3.000E+00
NAN NAN NAN 2.007E+00 1.791E-04 NAN 1.000E+00 2.801E+01 3.000E+00
NAN NAN NAN 2.007E+00 2.871E-04 NAN 1.000E+00 2.801E+01 3.000E+00
NAN NAN NAN 2.007E+00 4.849E-04 NAN 1.000E+00 2.802E+01 3.000E+00
NAN NAN NAN 2.007E+00 8.476E-04 NAN 1.000E+00 2.802E+01 3.000E+00
NAN NAN NAN 2.007E+00 1.512E-03 NAN 1.000E+00 2.804E+01 3.000E+00
NAN NAN NAN 2.007E+00 2.731E-03 NAN 1.000E+00 2.807E+01 3.000E+00
NAN NAN NAN 2.007E+00 4.965E-03 NAN 1.000E+00 2.812E+01 3.000E+00
NAN NAN NAN 2.539E+00 4.955E-05 NAN 1.000E+00 2.802E+01 3.000E+00
NAN NAN NAN 2.539E+00 4.959E-05 NAN 1.000E+00 2.802E+01 3.000E+00
NAN NAN NAN 2.539E+00 4.966E-05 NAN 1.000E+00 2.802E+01 3.000E+00
NAN NAN NAN 2.539E+00 4.980E-05 NAN 1.000E+00 2.802E+01 3.000E+00
NAN NAN NAN 2.539E+00 5.005E-05 NAN 1.000E+00 2.802E+01 3.000E+00
NAN NAN NAN 2.539E+00 5.051E-05 NAN 1.000E+00 2.802E+01 3.000E+00
NAN NAN NAN 2.539E+00 5.136E-05 NAN 1.000E+00 2.802E+01 3.000E+00
NAN NAN NAN 2.539E+00 5.291E-05 NAN 1.000E+00 2.802E+01 3.000E+00
NAN NAN NAN 2.539E+00 5.576E-05 NAN 1.000E+00 2.802E+01 3.000E+00
NAN NAN NAN 2.539E+00 6.098E-05 NAN 1.000E+00 2.802E+01 3.000E+00
NAN NAN NAN 2.539E+00 7.054E-05 NAN 1.000E+00 2.802E+01 3.000E+00
NAN NAN NAN 2.539E+00 8.807E-05 NAN 1.000E+00 2.802E+01 3.000E+00
NAN NAN NAN 2.539E+00 1.202E-04 NAN 1.000E+00 2.802E+01 3.000E+00
NAN NAN NAN 2.539E+00 1.791E-04 NAN 1.000E+00 2.802E+01 3.000E+00
NAN NAN NAN 2.539E+00 2.871E-04 NAN 1.000E+00 2.802E+01 3.000E+00
NAN NAN NAN 2.539E+00 4.849E-04 NAN 1.000E+00 2.803E+01 3.000E+00
NAN NAN NAN 2.539E+00 8.476E-04 NAN 1.000E+00 2.804E+01 3.000E+00
NAN NAN NAN 2.539E+00 1.512E-03 NAN 1.000E+00 2.805E+01 3.000E+00
NAN NAN NAN 2.539E+00 2.731E-03 NAN 1.000E+00 2.808E+01 3.000E+00
NAN NAN NAN 2.539E+00 4.965E-03 NAN 1.000E+00 2.813E+01 3.000E+00
NAN NAN NAN 3.211E+00 4.955E-05 NAN 1.000E+00 2.803E+01 3.000E+00
NAN NAN NAN 3.211E+00 4.959E-05 NAN 1.000E+00 2.803E+01 3.000E+00
NAN NAN NAN 3.211E+00 4.966E-05 NAN 1.000E+00 2.803E+01 3.000E+00
NAN NAN NAN 3.211E+00 4.980E-05 NAN 1.000E+00 2.803E+01 3.000E+00
NAN NAN NAN 3.211E+00 5.005E-05 NAN 1.000E+00 2.803E+01 3.000E+00
NAN NAN NAN 3.211E+00 5.051E-05 NAN 1.000E+00 2.803E+01 3.000E+00
NAN NAN NAN 3.211E+00 5.136E-05 NAN 1.000E+00 2.803E+01 3.000E+00
NAN NAN NAN 3.211E+00 5.291E-05 NAN 1.000E+00 2.803E+01 3.000E+00
NAN NAN NAN 3.211E+00 5.576E-05 NAN 1.000E+00 2.803E+01 3.000E+00
NAN NAN NAN 3.211E+00 6.098E-05 NAN 1.000E+00 2.803E+01 3.000E+00
NAN NAN NAN 3.211E+00 7.054E-05 NAN 1.000E+00 2.803E+01 3.000E+00
NAN NAN NAN 3.211E+00 8.807E-05 NAN 1.000E+00 2.803E+01 3.000E+00
NAN NAN NAN 3.211E+00 1.202E-04 NAN 1.000E+00 2.803E+01 3.000E+00
NAN NAN NAN 3.211E+00 1.791E-04 NAN 1.000E+00 2.804E+01 3.000E+00
NAN NAN NAN 3.211E+00 2.871E-04 NAN 1.000E+00 2.804E+01 3.000E+00
NAN NAN NAN 3.211E+00 4.849E-04 NAN 1.000E+00 2.804E+01 3.000E+00
NAN NAN NAN 3.211E+00 8.476E-04 NAN 1.000E+00 2.805E+01 3.000E+00
NAN NAN NAN 3.211E+00 1.512E-03 NAN 1.000E+00 2.807E+01 3.000E+00
NAN NAN NAN 3.211E+00 2.731E-03 NAN 1.000E+00 2.809E+01 3.000E+00
NAN NAN NAN 3.211E+00 4.965E-03 NAN 1.000E+00 2.815E+01 3.000E+00
NAN NAN NAN 4.062E+00 4.955E-05 NAN 1.000E+00 2.805E+01 3.000E+00
NAN NAN NAN 4.062E+00 4.959E-05 NAN 1.000E+00 2.805E+01 3.000E+00
NAN NAN NAN 4.062E+00 4.966E-05 NAN 1.000E+00 2.805E+01 3.000E+00
NAN NAN NAN 4.062E+00 4.980E-05 NAN 1.000E+00 2.805E+01 3.000E+00
NAN NAN NAN 4.062E+00 5.005E-05 NAN 1.000E+00 2.805E+01 3.000E+00
NAN NAN NAN 4.062E+00 5.051E-05 NAN 1.000E+00 2.805E+01 3.000E+00
NAN NAN NAN 4.062E+00 5.136E-05 NAN 1.000E+00 2.805E+01 3.000E+00
NAN NAN NAN 4.062E+00 5.291E-05 NAN 1.000E+00 2.805E+01 3.000E+00
NAN NAN NAN 4.062E+00 5.576E-05 NAN 1.000E+00 2.805E+01 3.000E+00
NAN NAN NAN 4.062E+00 6.098E-05 NAN 1.000E+00 2.805E+01 3.000E+00
NAN NAN NAN 4.062E+00 7.054E-05 NAN 1.000E+00 2.805E+01 3.000E+00
NAN NAN NAN 4.062E+00 8.807E-05 NAN 1.000E+00 2.805E+01 3.000E+00
NAN NAN NAN 4.062E+00 1.202E-04 NAN 1.000E+00 2.805E+01 3.000E+00
NAN NAN NAN 4.062E+00 1.791E-04 NAN 1.000E+00 2.806E+01 3.000E+00
NAN NAN NAN 4.062E+00 2.871E-04 NAN 1.000E+00 2.806E+01 3.000E+00
NAN NAN NAN 4.062E+00 4.849E-04 NAN 1.000E+00 2.806E+01 3.000E+00
NAN NAN NAN 4.062E+00 8.476E-04 NAN 1.000E+00 2.807E+01 3.000E+00
NAN NAN NAN 4.062E+00 1.512E-03 NAN 1.000E+00 2.809E+01 3.000E+00
NAN NAN NAN 4.062E+00 2.731E-03 NAN 1.000E+00 2.811E+01 3.000E+00
NAN NAN NAN 4.062E+00 4.965E-03 NAN 1.000E+00 2.816E+01 3.000E+00
NAN NAN NAN 5.138E+00 4.955E-05 NAN 1.000E+00 2.808E+01 3.000E+00
NAN NAN NAN 5.138E+00 4.959E-05 NAN 1.000E+00 2.808E+01 3.000E+00
NAN NAN NAN 5.138E+00 4.966E-05 NAN 1.000E+00 2.808E+01 3.000E+00
NAN NAN NAN 5.138E+00 4.980E-05 NAN 1.000E+00 2.808E+01 3.000E+00
NAN NAN NAN 5.138E+00 5.005E-05 NAN 1.000E+00 2.808E+01 3.000E+00
NAN NAN NAN 5.138E+00 5.051E-05 NAN 1.000E+00 2.808E+01 3.000E+00
NAN NAN NAN 5.138E+00 5.136E-05 NAN 1.000E+00 2.808E+01 3.000E+00
NAN NAN NAN 5.138E+00 5.291E-05 NAN 1.000E+00 2.808E+01 3.000E+00
NAN NAN NAN 5.138E+00 5.576E-05 NAN 1.000E+00 2.808E+01 3.000E+00
NAN NAN NAN 5.138E+00 6.098E-05 NAN 1.000E+00 2.808E+01 3.000E+00
NAN NAN NAN 5.138E+00 7.054E-05 NAN 1.000E+00 2.808E+01 3.000E+00
NAN NAN NAN 5.138E+00 8.807E-05 NAN 1.000E+00 2.808E+01 3.000E+00
NAN NAN NAN 5.138E+00 1.202E-04 NAN 1.000E+00 2.808E+01 3.000E+00
NAN NAN NAN 5.138E+00 1.791E-04 NAN 1.000E+00 2.808E+01 3.000E+00
NAN NAN NAN 5.138E+00 2.871E-04 NAN 1.000E+00 2.808E+01 3.000E+00
NAN NAN NAN 5.138E+00 4.849E-04 NAN 1.000E+00 2.809E+01 3.000E+00
NAN NAN NAN 5.138E+00 8.476E-04 NAN 1.000E+00 2.810E+01 3.000E+00
NAN NAN NAN 5.138E+00 1.512E-03 NAN 1.000E+00 2.811E+01 3.000E+00
NAN NAN NAN 5.138E+00 2.731E-03 NAN 1.000E+00 2.814E+01 3.000E+00
NAN NAN NAN 5.138E+00 4.965E-03 NAN 1.000E+00 2.819E+01 3.000E+00
