3.663E+08 9.944E+02 1.768E-01 5.137E-05 1.975E-05 1.394E+03 5.922E-01 5.579E+00 2.000E+00
3.929E+08 9.944E+02 1.768E-01 5.137E-05 1.979E-05 1.394E+03 5.922E-01 5.579E+00 2.000E+00
4.535E+08 9.944E+02 1.768E-01 5.137E-05 1.987E-05 1.394E+03 5.922E-01 5.579E+00 2.000E+00
6.330E+08 9.944E+02 1.768E-01 5.137E-05 2.001E-05 1.394E+03 5.922E-01 5.579E+00 2.000E+00
2.355E+09 9.944E+02 1.768E-01 5.137E-05 2.026E-05 1.394E+03 5.922E-01 5.579E+00 2.000E+00
1.452E+08 9.619E+02 1.790E-01 5.137E-05 2.072E-05 1.395E+03 5.923E-01 5.579E+00 2.000E+00
4.482E+07 9.287E+02 1.814E-01 5.137E-05 2.157E-05 1.414E+03 5.923E-01 5.579E+00 2.000E+00
3.369E+07 6.297E+02 2.079E-01 5.137E-05 2.312E-05 1.540E+03 5.924E-01 5.579E+00 2.000E+00
6.906E+08 9.028E+02 1.834E-01 5.137E-05 2.597E-05 1.404E+03 5.926E-01 5.579E+00 2.000E+00
6.406E+07 5.525E+02 2.167E-01 5.137E-05 3.119E-05 1.628E+03 5.929E-01 5.579E+00 2.000E+00
4.064E+07 7.938E+02 1.922E-01 5.137E-05 4.075E-05 1.436E+03 5.936E-01 5.579E+00 2.000E+00
4.099E+07 6.481E+02 2.060E-01 5.137E-05 5.828E-05 1.526E+03 5.947E-01 5.580E+00 2.000E+00
2.486E+08 3.176E+02 2.492E-01 5.137E-05 9.041E-05 2.447E+03 5.967E-01 5.580E+00 2.000E+00
1.324E+08 9.726E+02 1.784E-01 5.137E-05 1.493E-04 1.415E+03 6.002E-01 5.582E+00 2.000E+00
1.018E+08 8.873E+02 1.847E-01 5.137E-05 2.573E-04 1.447E+03 6.067E-01 5.584E+00 2.000E+00
2.817E+08 7.763E+02 1.941E-01 5.137E-05 4.551E-04 1.480E+03 6.185E-01 5.589E+00 2.000E+00
4.338E+07 2.999E+02 2.544E-01 5.137E-05 8.178E-04 2.540E+03 6.403E-01 5.597E+00 2.000E+00
1.045E+08 2.951E+02 2.575E-01 5.137E-05 1.483E-03 2.505E+03 6.769E-01 5.612E+00 2.000E+00
1.279E+08 4.085E+02 2.419E-01 5.137E-05 2.701E-03 2.003E+03 7.368E-01 5.640E+00 2.000E+00
4.946E+07 3.342E+02 2.614E-01 5.137E-05 4.935E-03 2.562E+03 8.194E-01 5.692E+00 2.000E+00
4.364E+08 9.944E+02 1.768E-01 6.498E-05 1.975E-05 1.394E+03 5.923E-01 5.579E+00 2.000E+00
6.436E+08 3.957E+02 2.373E-01 6.498E-05 1.979E-05 1.996E+03 5.923E-01 5.579E+00 2.000E+00
5.667E+08 9.944E+02 1.768E-01 6.498E-05 1.987E-05 1.394E+03 5.923E-01 5.579E+00 2.000E+00
8.796E+08 9.944E+02 1.768E-01 6.498E-05 2.001E-05 1.394E+03 5.923E-01 5.579E+00 2.000E+00
5.755E+08 9.704E+02 1.785E-01 6.498E-05 2.026E-05 1.395E+03 5.923E-01 5.579E+00 2.000E+00
2.582E+08 9.619E+02 1.790E-01 6.498E-05 2.072E-05 1.395E+03 5.923E-01 5.579E+00 2.000E+00
5.854E+07 9.287E+02 1.814E-01 6.498E-05 2.157E-05 1.399E+03 5.924E-01 5.579E+00 2.000E+00
5.296E+07 6.149E+02 2.095E-01 6.498E-05 2.312E-05 1.554E+03 5.925E-01 5.579E+00 2.000E+00
1.265E+08 8.882E+02 1.845E-01 6.498E-05 2.597E-05 1.406E+03 5.927E-01 5.579E+00 2.000E+00
4.121E+07 5.691E+02 2.147E-01 6.498E-05 3.119E-05 1.606E+03 5.930E-01 5.579E+00 2.000E+00
7.520E+07 5.595E+02 2.158E-01 6.498E-05 4.075E-05 1.619E+03 5.936E-01 5.579E+00 2.000E+00
3.068E+07 9.238E+02 1.818E-01 6.498E-05 5.828E-05 1.404E+03 5.948E-01 5.580E+00 2.000E+00
9.463E+07 9.160E+02 1.824E-01 6.498E-05 9.041E-05 1.409E+03 5.967E-01 5.580E+00 2.000E+00
1.838E+08 9.726E+02 1.784E-01 6.498E-05 1.493E-04 1.414E+03 6.003E-01 5.582E+00 2.000E+00
4.130E+09 8.873E+02 1.847E-01 6.498E-05 2.573E-04 1.435E+03 6.067E-01 5.584E+00 2.000E+00
9.562E+07 2.427E+02 2.619E-01 6.498E-05 4.551E-04 3.652E+03 6.186E-01 5.589E+00 2.000E+00
1.472E+08 8.701E+02 1.866E-01 6.498E-05 8.178E-04 1.531E+03 6.403E-01 5.597E+00 2.000E+00
4.087E+09 6.897E+02 2.035E-01 6.498E-05 1.483E-03 1.695E+03 6.770E-01 5.612E+00 2.000E+00
7.480E+08 4.825E+02 2.305E-01 6.498E-05 2.701E-03 1.915E+03 7.369E-01 5.640E+00 2.000E+00
8.466E+07 3.317E+02 2.619E-01 6.498E-05 4.935E-03 2.556E+03 8.194E-01 5.692E+00 2.000E+00
5.765E+08 9.944E+02 1.768E-01 8.219E-05 1.975E-05 1.394E+03 5.924E-01 5.579E+00 2.000E+00
6.460E+08 9.944E+02 1.768E-01 8.219E-05 1.979E-05 1.394E+03 5.924E-01 5.579E+00 2.000E+00
8.297E+08 9.944E+02 1.768E-01 8.219E-05 1.987E-05 1.400E+03 5.924E-01 5.579E+00 2.000E+00
1.741E+09 9.944E+02 1.768E-01 8.219E-05 2.001E-05 1.395E+03 5.924E-01 5.579E+00 2.000E+00
8.295E+07 9.739E+02 1.782E-01 8.219E-05 2.026E-05 1.395E+03 5.924E-01 5.579E+00 2.000E+00
3.978E+08 9.739E+02 1.782E-01 8.219E-05 2.072E-05 1.395E+03 5.924E-01 5.579E+00 2.000E+00
2.116E+08 5.685E+02 2.148E-01 8.219E-05 2.157E-05 1.607E+03 5.925E-01 5.579E+00 2.000E+00
8.214E+07 4.938E+02 2.239E-01 8.219E-05 2.312E-05 1.726E+03 5.926E-01 5.579E+00 2.000E+00
2.540E+09 8.452E+02 1.879E-01 8.219E-05 2.597E-05 1.418E+03 5.928E-01 5.579E+00 2.000E+00
7.011E+07 8.903E+02 1.843E-01 8.219E-05 3.119E-05 1.407E+03 5.931E-01 5.579E+00 2.000E+00
8.120E+07 7.998E+02 1.917E-01 8.219E-05 4.075E-05 1.434E+03 5.937E-01 5.579E+00 2.000E+00
1.128E+08 6.923E+02 2.015E-01 8.219E-05 5.828E-05 1.491E+03 5.949E-01 5.580E+00 2.000E+00
5.473E+08 9.160E+02 1.824E-01 8.219E-05 9.041E-05 1.409E+03 5.968E-01 5.580E+00 2.000E+00
3.682E+08 9.726E+02 1.784E-01 8.219E-05 1.493E-04 1.414E+03 6.004E-01 5.582E+00 2.000E+00
1.913E+09 7.185E+02 1.992E-01 8.219E-05 2.573E-04 1.488E+03 6.068E-01 5.584E+00 2.000E+00
1.462E+08 6.358E+02 2.079E-01 8.219E-05 4.551E-04 1.556E+03 6.187E-01 5.589E+00 2.000E+00
4.147E+07 8.758E+02 1.861E-01 8.219E-05 8.178E-04 1.533E+03 6.404E-01 5.597E+00 2.000E+00
1.293E+08 8.316E+02 1.903E-01 8.219E-05 1.483E-03 1.751E+03 6.771E-01 5.612E+00 2.000E+00
6.991E+07 4.336E+02 2.379E-01 8.219E-05 2.701E-03 1.971E+03 7.369E-01 5.640E+00 2.000E+00
2.695E+07 3.515E+02 2.579E-01 8.219E-05 4.935E-03 2.647E+03 8.195E-01 5.692E+00 2.000E+00
9.745E+08 9.944E+02 1.768E-01 1.040E-04 1.975E-05 1.394E+03 5.925E-01 5.579E+00 2.000E+00
1.192E+09 9.944E+02 1.768E-01 1.040E-04 1.979E-05 1.394E+03 5.925E-01 5.579E+00 2.000E+00
2.025E+09 9.944E+02 1.768E-01 1.040E-04 1.987E-05 1.394E+03 5.925E-01 5.579E+00 2.000E+00
9.202E+08 9.704E+02 1.785E-01 1.040E-04 2.001E-05 1.395E+03 5.925E-01 5.579E+00 2.000E+00
1.121E+08 9.739E+02 1.782E-01 1.040E-04 2.026E-05 1.395E+03 5.925E-01 5.579E+00 2.000E+00
1.353E+08 9.184E+02 1.822E-01 1.040E-04 2.072E-05 1.406E+03 5.925E-01 5.579E+00 2.000E+00
1.226E+09 9.287E+02 1.814E-01 1.040E-04 2.157E-05 1.402E+03 5.926E-01 5.579E+00 2.000E+00
2.940E+07 6.448E+02 2.063E-01 1.040E-04 2.312E-05 1.526E+03 5.927E-01 5.579E+00 2.000E+00
3.973E+07 3.717E+02 2.409E-01 1.040E-04 2.597E-05 2.100E+03 5.929E-01 5.579E+00 2.000E+00
3.460E+07 8.836E+02 1.848E-01 1.040E-04 3.119E-05 1.408E+03 5.932E-01 5.579E+00 2.000E+00
2.823E+07 6.313E+02 2.078E-01 1.040E-04 4.075E-05 1.540E+03 5.938E-01 5.579E+00 2.000E+00
5.741E+08 3.897E+02 2.383E-01 1.040E-04 5.828E-05 2.019E+03 5.950E-01 5.580E+00 2.000E+00
3.192E+08 7.819E+02 1.933E-01 1.040E-04 9.041E-05 1.447E+03 5.969E-01 5.580E+00 2.000E+00
5.425E+07 9.652E+02 1.789E-01 1.040E-04 1.493E-04 1.415E+03 6.005E-01 5.582E+00 2.000E+00
6.784E+07 9.111E+02 1.829E-01 1.040E-04 2.573E-04 1.431E+03 6.069E-01 5.584E+00 2.000E+00
2.145E+07 7.978E+02 1.922E-01 1.040E-04 4.551E-04 1.474E+03 6.188E-01 5.589E+00 2.000E+00
2.540E+08 7.140E+02 2.003E-01 1.040E-04 8.178E-04 1.540E+03 6.405E-01 5.597E+00 2.000E+00
3.247E+08 8.230E+02 1.911E-01 1.040E-04 1.483E-03 1.737E+03 6.772E-01 5.612E+00 2.000E+00
7.983E+07 4.218E+02 2.397E-01 1.040E-04 2.701E-03 1.980E+03 7.370E-01 5.640E+00 2.000E+00
2.255E+07 2.379E+02 2.827E-01 1.040E-04 4.935E-03 2.809E+03 8.196E-01 5.692E+00 2.000E+00
2.464E+08 4.213E+02 2.337E-01 1.315E-04 1.975E-05 1.976E+03 5.926E-01 5.579E+00 2.000E+00
6.771E+08 9.704E+02 1.785E-01 1.315E-04 1.979E-05 1.397E+03 5.926E-01 5.579E+00 2.000E+00
7.817E+07 9.739E+02 1.782E-01 1.315E-04 1.987E-05 1.395E+03 5.926E-01 5.579E+00 2.000E+00
9.951E+07 9.739E+02 1.782E-01 1.315E-04 2.001E-05 1.395E+03 5.926E-01 5.579E+00 2.000E+00
2.905E+08 9.619E+02 1.790E-01 1.315E-04 2.026E-05 1.396E+03 5.926E-01 5.579E+00 2.000E+00
8.012E+07 3.064E+02 2.507E-01 1.315E-04 2.072E-05 2.562E+03 5.927E-01 5.579E+00 2.000E+00
1.106E+08 6.690E+02 2.038E-01 1.315E-04 2.157E-05 1.507E+03 5.927E-01 5.579E+00 2.000E+00
2.887E+07 6.399E+02 2.068E-01 1.315E-04 2.312E-05 1.531E+03 5.928E-01 5.579E+00 2.000E+00
4.821E+07 6.594E+02 2.048E-01 1.315E-04 2.597E-05 1.515E+03 5.930E-01 5.579E+00 2.000E+00
1.329E+08 7.851E+02 1.929E-01 1.315E-04 3.119E-05 1.439E+03 5.933E-01 5.579E+00 2.000E+00
3.727E+07 6.834E+02 2.024E-01 1.315E-04 4.075E-05 1.498E+03 5.940E-01 5.579E+00 2.000E+00
1.994E+08 9.238E+02 1.818E-01 1.315E-04 5.828E-05 1.406E+03 5.951E-01 5.580E+00 2.000E+00
2.303E+08 7.788E+02 1.935E-01 1.315E-04 9.041E-05 1.446E+03 5.971E-01 5.580E+00 2.000E+00
7.476E+07 9.652E+02 1.789E-01 1.315E-04 1.493E-04 1.414E+03 6.006E-01 5.582E+00 2.000E+00
8.142E+09 9.111E+02 1.829E-01 1.315E-04 2.573E-04 1.432E+03 6.071E-01 5.584E+00 2.000E+00
7.148E+07 7.978E+02 1.922E-01 1.315E-04 4.551E-04 1.483E+03 6.189E-01 5.589E+00 2.000E+00
1.234E+08 8.733E+02 1.863E-01 1.315E-04 8.178E-04 1.533E+03 6.407E-01 5.597E+00 2.000E+00
2.607E+07 6.010E+02 2.132E-01 1.315E-04 1.483E-03 1.669E+03 6.773E-01 5.612E+00 2.000E+00
1.489E+07 4.183E+02 2.403E-01 1.315E-04 2.701E-03 1.987E+03 7.372E-01 5.640E+00 2.000E+00
3.142E+06 2.698E+02 2.753E-01 1.315E-04 4.935E-03 2.620E+03 8.197E-01 5.692E+00 2.000E+00
9.855E+07 9.739E+02 1.782E-01 1.663E-04 1.975E-05 1.400E+03 5.928E-01 5.579E+00 2.000E+00
1.073E+08 9.739E+02 1.782E-01 1.663E-04 1.979E-05 1.395E+03 5.928E-01 5.579E+00 2.000E+00
1.285E+08 9.619E+02 1.790E-01 1.663E-04 1.987E-05 1.396E+03 5.928E-01 5.579E+00 2.000E+00
2.829E+08 9.619E+02 1.790E-01 1.663E-04 2.001E-05 1.397E+03 5.928E-01 5.579E+00 2.000E+00
1.208E+08 9.184E+02 1.822E-01 1.663E-04 2.026E-05 1.401E+03 5.928E-01 5.579E+00 2.000E+00
4.273E+07 9.287E+02 1.814E-01 1.663E-04 2.072E-05 1.399E+03 5.928E-01 5.579E+00 2.000E+00
1.443E+08 9.239E+02 1.818E-01 1.663E-04 2.157E-05 1.400E+03 5.929E-01 5.579E+00 2.000E+00
3.370E+07 4.540E+02 2.292E-01 1.663E-04 2.312E-05 1.814E+03 5.930E-01 5.579E+00 2.000E+00
3.716E+07 5.750E+02 2.140E-01 1.663E-04 2.597E-05 1.600E+03 5.932E-01 5.579E+00 2.000E+00
4.172E+07 8.942E+02 1.840E-01 1.663E-04 3.119E-05 1.406E+03 5.935E-01 5.579E+00 2.000E+00
1.656E+07 2.731E+02 2.557E-01 1.663E-04 4.075E-05 3.024E+03 5.941E-01 5.579E+00 2.000E+00
7.088E+07 7.613E+02 1.951E-01 1.663E-04 5.828E-05 1.452E+03 5.953E-01 5.580E+00 2.000E+00
7.446E+07 9.215E+02 1.820E-01 1.663E-04 9.041E-05 1.409E+03 5.972E-01 5.580E+00 2.000E+00
1.343E+08 7.991E+02 1.918E-01 1.663E-04 1.493E-04 1.443E+03 6.008E-01 5.582E+00 2.000E+00
6.643E+08 6.889E+02 2.021E-01 1.663E-04 2.573E-04 1.765E+03 6.072E-01 5.584E+00 2.000E+00
9.071E+07 8.023E+02 1.919E-01 1.663E-04 4.551E-04 1.473E+03 6.191E-01 5.589E+00 2.000E+00
1.970E+08 9.490E+02 1.806E-01 1.663E-04 8.178E-04 1.572E+03 6.408E-01 5.597E+00 2.000E+00
2.038E+07 2.725E+02 2.614E-01 1.663E-04 1.483E-03 2.739E+03 6.775E-01 5.612E+00 2.000E+00
4.480E+08 5.211E+02 2.251E-01 1.663E-04 2.701E-03 1.910E+03 7.373E-01 5.640E+00 2.000E+00
6.515E+06 2.698E+02 2.753E-01 1.663E-04 4.935E-03 2.620E+03 8.199E-01 5.692E+00 2.000E+00
6.310E+08 9.619E+02 1.790E-01 2.104E-04 1.975E-05 1.556E+03 5.930E-01 5.579E+00 2.000E+00
3.667E+09 9.619E+02 1.790E-01 2.104E-04 1.979E-05 1.397E+03 5.930E-01 5.579E+00 2.000E+00
8.783E+08 9.739E+02 1.782E-01 2.104E-04 1.987E-05 1.396E+03 5.930E-01 5.579E+00 2.000E+00
8.809E+07 3.064E+02 2.507E-01 2.104E-04 2.001E-05 2.562E+03 5.930E-01 5.579E+00 2.000E+00
6.040E+07 7.493E+02 1.961E-01 2.104E-04 2.026E-05 1.455E+03 5.930E-01 5.579E+00 2.000E+00
1.725E+08 9.287E+02 1.814E-01 2.104E-04 2.072E-05 1.400E+03 5.931E-01 5.579E+00 2.000E+00
9.441E+07 8.066E+02 1.911E-01 2.104E-04 2.157E-05 1.430E+03 5.931E-01 5.579E+00 2.000E+00
1.535E+08 6.882E+02 2.019E-01 2.104E-04 2.312E-05 1.493E+03 5.932E-01 5.579E+00 2.000E+00
2.090E+07 6.289E+02 2.080E-01 2.104E-04 2.597E-05 1.544E+03 5.934E-01 5.579E+00 2.000E+00
5.508E+07 8.773E+02 1.853E-01 2.104E-04 3.119E-05 1.410E+03 5.937E-01 5.579E+00 2.000E+00
3.981E+08 8.068E+02 1.911E-01 2.104E-04 4.075E-05 1.432E+03 5.944E-01 5.579E+00 2.000E+00
2.452E+07 8.909E+02 1.843E-01 2.104E-04 5.828E-05 1.410E+03 5.955E-01 5.580E+00 2.000E+00
5.271E+07 5.980E+02 2.115E-01 2.104E-04 9.041E-05 1.575E+03 5.975E-01 5.580E+00 2.000E+00
3.308E+08 8.775E+02 1.854E-01 2.104E-04 1.493E-04 1.423E+03 6.010E-01 5.582E+00 2.000E+00
1.681E+07 4.644E+02 2.282E-01 2.104E-04 2.573E-04 1.789E+03 6.075E-01 5.584E+00 2.000E+00
1.268E+08 5.181E+02 2.216E-01 2.104E-04 4.551E-04 1.691E+03 6.193E-01 5.589E+00 2.000E+00
8.851E+07 6.211E+02 2.100E-01 2.104E-04 8.178E-04 1.593E+03 6.411E-01 5.597E+00 2.000E+00
2.676E+07 7.186E+02 2.006E-01 2.104E-04 1.483E-03 1.651E+03 6.777E-01 5.612E+00 2.000E+00
1.327E+07 5.987E+02 2.152E-01 2.104E-04 2.701E-03 2.011E+03 7.375E-01 5.640E+00 2.000E+00
5.388E+06 2.608E+02 2.774E-01 2.104E-04 4.935E-03 2.662E+03 8.201E-01 5.692E+00 2.000E+00
2.708E+07 7.493E+02 1.961E-01 2.661E-04 1.975E-05 1.456E+03 5.933E-01 5.579E+00 2.000E+00
3.549E+07 7.493E+02 1.961E-01 2.661E-04 1.979E-05 1.456E+03 5.933E-01 5.579E+00 2.000E+00
9.133E+07 7.493E+02 1.961E-01 2.661E-04 1.987E-05 1.461E+03 5.933E-01 5.579E+00 2.000E+00
4.300E+07 9.287E+02 1.814E-01 2.661E-04 2.001E-05 1.401E+03 5.933E-01 5.579E+00 2.000E+00
1.062E+08 9.287E+02 1.814E-01 2.661E-04 2.026E-05 1.400E+03 5.933E-01 5.579E+00 2.000E+00
1.179E+08 9.173E+02 1.823E-01 2.661E-04 2.072E-05 1.403E+03 5.933E-01 5.579E+00 2.000E+00
4.418E+07 6.149E+02 2.095E-01 2.661E-04 2.157E-05 1.555E+03 5.934E-01 5.579E+00 2.000E+00
5.273E+07 2.925E+02 2.528E-01 2.661E-04 2.312E-05 2.724E+03 5.935E-01 5.579E+00 2.000E+00
6.881E+07 7.110E+02 1.997E-01 2.661E-04 2.597E-05 1.478E+03 5.937E-01 5.579E+00 2.000E+00
2.044E+07 8.766E+02 1.854E-01 2.661E-04 3.119E-05 1.414E+03 5.940E-01 5.579E+00 2.000E+00
9.621E+07 9.611E+02 1.791E-01 2.661E-04 4.075E-05 1.405E+03 5.946E-01 5.579E+00 2.000E+00
3.040E+08 5.593E+02 2.159E-01 2.661E-04 5.828E-05 1.621E+03 5.958E-01 5.580E+00 2.000E+00
4.764E+07 8.181E+02 1.902E-01 2.661E-04 9.041E-05 1.439E+03 5.977E-01 5.580E+00 2.000E+00
9.892E+07 4.327E+02 2.324E-01 2.661E-04 1.493E-04 1.870E+03 6.013E-01 5.582E+00 2.000E+00
4.116E+07 6.044E+02 2.110E-01 2.661E-04 2.573E-04 1.575E+03 6.077E-01 5.584E+00 2.000E+00
1.088E+08 3.857E+02 2.399E-01 2.661E-04 4.551E-04 2.025E+03 6.196E-01 5.589E+00 2.000E+00
1.841E+08 8.432E+02 1.888E-01 2.661E-04 8.178E-04 1.528E+03 6.413E-01 5.597E+00 2.000E+00
5.888E+07 7.565E+02 1.970E-01 2.661E-04 1.483E-03 1.670E+03 6.780E-01 5.612E+00 2.000E+00
2.112E+08 5.872E+02 2.166E-01 2.661E-04 2.701E-03 1.984E+03 7.378E-01 5.640E+00 2.000E+00
6.454E+08 2.621E+02 2.771E-01 2.661E-04 4.935E-03 2.656E+03 8.203E-01 5.692E+00 2.000E+00
1.068E+08 9.287E+02 1.814E-01 3.366E-04 1.975E-05 1.401E+03 5.936E-01 5.579E+00 2.000E+00
1.435E+08 9.287E+02 1.814E-01 3.366E-04 1.979E-05 1.401E+03 5.936E-01 5.579E+00 2.000E+00
4.051E+08 9.287E+02 1.814E-01 3.366E-04 1.987E-05 1.403E+03 5.936E-01 5.579E+00 2.000E+00
7.766E+07 6.690E+02 2.038E-01 3.366E-04 2.001E-05 1.507E+03 5.936E-01 5.579E+00 2.000E+00
1.869E+08 9.173E+02 1.823E-01 3.366E-04 2.026E-05 1.402E+03 5.937E-01 5.579E+00 2.000E+00
6.077E+07 6.154E+02 2.095E-01 3.366E-04 2.072E-05 1.555E+03 5.937E-01 5.579E+00 2.000E+00
5.495E+08 5.013E+02 2.229E-01 3.366E-04 2.157E-05 1.717E+03 5.937E-01 5.579E+00 2.000E+00
3.732E+07 5.994E+02 2.112E-01 3.366E-04 2.312E-05 1.572E+03 5.939E-01 5.579E+00 2.000E+00
1.690E+07 6.099E+02 2.101E-01 3.366E-04 2.597E-05 1.561E+03 5.940E-01 5.579E+00 2.000E+00
9.488E+08 8.766E+02 1.854E-01 3.366E-04 3.119E-05 1.415E+03 5.944E-01 5.579E+00 2.000E+00
1.010E+08 9.504E+02 1.799E-01 3.366E-04 4.075E-05 1.401E+03 5.950E-01 5.579E+00 2.000E+00
1.187E+08 4.892E+02 2.246E-01 3.366E-04 5.828E-05 1.736E+03 5.961E-01 5.580E+00 2.000E+00
6.221E+07 7.390E+02 1.971E-01 3.366E-04 9.041E-05 1.466E+03 5.981E-01 5.580E+00 2.000E+00
4.593E+07 8.233E+02 1.898E-01 3.366E-04 1.493E-04 1.437E+03 6.016E-01 5.582E+00 2.000E+00
1.250E+08 8.194E+02 1.902E-01 3.366E-04 2.573E-04 1.448E+03 6.081E-01 5.584E+00 2.000E+00
3.905E+07 5.485E+02 2.178E-01 3.366E-04 4.551E-04 1.648E+03 6.200E-01 5.589E+00 2.000E+00
1.515E+09 6.827E+02 2.034E-01 3.366E-04 8.178E-04 1.555E+03 6.417E-01 5.597E+00 2.000E+00
4.094E+08 3.664E+02 2.456E-01 3.366E-04 1.483E-03 2.145E+03 6.783E-01 5.612E+00 2.000E+00
1.134E+07 5.022E+02 2.277E-01 3.366E-04 2.701E-03 1.913E+03 7.381E-01 5.640E+00 2.000E+00
2.049E+07 2.475E+02 2.805E-01 3.366E-04 4.935E-03 2.740E+03 8.206E-01 5.692E+00 2.000E+00
2.725E+08 9.239E+02 1.818E-01 4.257E-04 1.975E-05 1.402E+03 5.941E-01 5.579E+00 2.000E+00
1.009E+09 9.239E+02 1.818E-01 4.257E-04 1.979E-05 1.402E+03 5.941E-01 5.579E+00 2.000E+00
1.181E+07 3.302E+02 2.471E-01 4.257E-04 1.987E-05 2.353E+03 5.941E-01 5.579E+00 2.000E+00
3.490E+07 6.154E+02 2.095E-01 4.257E-04 2.001E-05 1.616E+03 5.941E-01 5.579E+00 2.000E+00
3.303E+07 6.297E+02 2.079E-01 4.257E-04 2.026E-05 1.541E+03 5.941E-01 5.579E+00 2.000E+00
2.680E+07 5.105E+02 2.218E-01 4.257E-04 2.072E-05 1.696E+03 5.941E-01 5.579E+00 2.000E+00
3.842E+07 8.198E+02 1.899E-01 4.257E-04 2.157E-05 1.427E+03 5.942E-01 5.579E+00 2.000E+00
7.497E+07 9.028E+02 1.834E-01 4.257E-04 2.312E-05 1.406E+03 5.943E-01 5.579E+00 2.000E+00
1.520E+08 7.322E+02 1.977E-01 4.257E-04 2.597E-05 1.467E+03 5.945E-01 5.579E+00 2.000E+00
7.739E+07 9.169E+02 1.823E-01 4.257E-04 3.119E-05 1.404E+03 5.948E-01 5.579E+00 2.000E+00
1.224E+08 9.523E+02 1.797E-01 4.257E-04 4.075E-05 1.402E+03 5.954E-01 5.579E+00 2.000E+00
2.715E+08 4.542E+02 2.292E-01 4.257E-04 5.828E-05 1.814E+03 5.966E-01 5.580E+00 2.000E+00
1.834E+07 5.365E+02 2.187E-01 4.257E-04 9.041E-05 1.695E+03 5.985E-01 5.580E+00 2.000E+00
9.963E+07 7.582E+02 1.954E-01 4.257E-04 1.493E-04 1.462E+03 6.021E-01 5.582E+00 2.000E+00
2.891E+07 5.726E+02 2.146E-01 4.257E-04 2.573E-04 1.611E+03 6.085E-01 5.584E+00 2.000E+00
6.362E+06 2.559E+02 2.599E-01 4.257E-04 4.551E-04 3.263E+03 6.204E-01 5.589E+00 2.000E+00
4.357E+09 9.343E+02 1.817E-01 4.257E-04 8.178E-04 1.567E+03 6.421E-01 5.597E+00 2.000E+00
2.864E+07 8.354E+02 1.900E-01 4.257E-04 1.483E-03 1.772E+03 6.788E-01 5.612E+00 2.000E+00
3.278E+07 3.212E+02 2.570E-01 4.257E-04 2.701E-03 2.283E+03 7.386E-01 5.640E+00 2.000E+00
1.075E+07 2.572E+02 2.782E-01 4.257E-04 4.935E-03 2.684E+03 8.210E-01 5.692E+00 2.000E+00
1.379E+07 5.105E+02 2.218E-01 5.385E-04 1.975E-05 1.696E+03 5.946E-01 5.579E+00 2.000E+00
1.908E+07 5.105E+02 2.218E-01 5.385E-04 1.979E-05 1.696E+03 5.946E-01 5.579E+00 2.000E+00
8.519E+07 5.105E+02 2.218E-01 5.385E-04 1.987E-05 1.715E+03 5.946E-01 5.579E+00 2.000E+00
1.171E+08 3.241E+02 2.480E-01 5.385E-04 2.001E-05 2.400E+03 5.947E-01 5.579E+00 2.000E+00
3.461E+08 8.402E+02 1.883E-01 5.385E-04 2.026E-05 1.421E+03 5.947E-01 5.579E+00 2.000E+00
3.419E+07 8.198E+02 1.899E-01 5.385E-04 2.072E-05 1.428E+03 5.947E-01 5.579E+00 2.000E+00
3.978E+07 5.994E+02 2.112E-01 5.385E-04 2.157E-05 1.586E+03 5.948E-01 5.579E+00 2.000E+00
2.022E+08 5.750E+02 2.140E-01 5.385E-04 2.312E-05 1.600E+03 5.949E-01 5.579E+00 2.000E+00
2.950E+07 6.570E+02 2.051E-01 5.385E-04 2.597E-05 1.518E+03 5.950E-01 5.579E+00 2.000E+00
6.274E+07 8.999E+02 1.836E-01 5.385E-04 3.119E-05 1.408E+03 5.954E-01 5.579E+00 2.000E+00
5.926E+07 9.485E+02 1.800E-01 5.385E-04 4.075E-05 1.403E+03 5.960E-01 5.579E+00 2.000E+00
9.548E+07 8.420E+02 1.882E-01 5.385E-04 5.828E-05 1.424E+03 5.971E-01 5.580E+00 2.000E+00
1.190E+08 8.425E+02 1.881E-01 5.385E-04 9.041E-05 1.427E+03 5.991E-01 5.580E+00 2.000E+00
2.196E+08 5.894E+02 2.126E-01 5.385E-04 1.493E-04 1.588E+03 6.026E-01 5.582E+00 2.000E+00
2.116E+08 7.574E+02 1.956E-01 5.385E-04 2.573E-04 1.471E+03 6.091E-01 5.584E+00 2.000E+00
8.793E+07 9.711E+02 1.787E-01 5.385E-04 4.551E-04 1.479E+03 6.210E-01 5.589E+00 2.000E+00
7.591E+07 8.165E+02 1.910E-01 5.385E-04 8.178E-04 1.529E+03 6.427E-01 5.597E+00 2.000E+00
2.055E+07 6.094E+02 2.122E-01 5.385E-04 1.483E-03 1.668E+03 6.793E-01 5.612E+00 2.000E+00
1.366E+07 3.891E+02 2.451E-01 5.385E-04 2.701E-03 2.050E+03 7.391E-01 5.640E+00 2.000E+00
1.779E+07 3.103E+02 2.664E-01 5.385E-04 4.935E-03 2.547E+03 8.215E-01 5.692E+00 2.000E+00
2.311E+08 5.233E+02 2.202E-01 6.811E-04 1.975E-05 1.674E+03 5.954E-01 5.579E+00 2.000E+00
8.662E+07 8.198E+02 1.899E-01 6.811E-04 1.979E-05 1.428E+03 5.954E-01 5.579E+00 2.000E+00
1.520E+08 8.382E+02 1.884E-01 6.811E-04 1.987E-05 1.422E+03 5.954E-01 5.579E+00 2.000E+00
8.362E+07 8.875E+02 1.845E-01 6.811E-04 2.001E-05 1.411E+03 5.954E-01 5.579E+00 2.000E+00
3.975E+07 4.942E+02 2.238E-01 6.811E-04 2.026E-05 1.729E+03 5.954E-01 5.579E+00 2.000E+00
3.729E+08 8.172E+02 1.902E-01 6.811E-04 2.072E-05 1.429E+03 5.954E-01 5.579E+00 2.000E+00
4.256E+08 8.882E+02 1.845E-01 6.811E-04 2.157E-05 1.410E+03 5.955E-01 5.579E+00 2.000E+00
2.225E+07 2.909E+02 2.530E-01 6.811E-04 2.312E-05 2.746E+03 5.956E-01 5.579E+00 2.000E+00
1.223E+08 6.365E+02 2.072E-01 6.811E-04 2.597E-05 1.537E+03 5.958E-01 5.579E+00 2.000E+00
3.566E+08 9.546E+02 1.796E-01 6.811E-04 3.119E-05 1.402E+03 5.961E-01 5.579E+00 2.000E+00
8.279E+08 8.055E+02 1.912E-01 6.811E-04 4.075E-05 1.435E+03 5.967E-01 5.579E+00 2.000E+00
3.410E+07 8.998E+02 1.836E-01 6.811E-04 5.828E-05 1.412E+03 5.979E-01 5.580E+00 2.000E+00
1.896E+08 5.147E+02 2.214E-01 6.811E-04 9.041E-05 1.691E+03 5.998E-01 5.580E+00 2.000E+00
3.713E+08 9.020E+02 1.835E-01 6.811E-04 1.493E-04 1.423E+03 6.033E-01 5.582E+00 2.000E+00
3.709E+07 8.991E+02 1.838E-01 6.811E-04 2.573E-04 1.438E+03 6.098E-01 5.584E+00 2.000E+00
1.105E+08 9.508E+02 1.802E-01 6.811E-04 4.551E-04 1.476E+03 6.217E-01 5.589E+00 2.000E+00
2.496E+08 7.561E+02 1.963E-01 6.811E-04 8.178E-04 1.539E+03 6.434E-01 5.597E+00 2.000E+00
3.154E+07 2.623E+02 2.631E-01 6.811E-04 1.483E-03 2.877E+03 6.800E-01 5.612E+00 2.000E+00
2.569E+07 2.409E+02 2.721E-01 6.811E-04 2.701E-03 2.979E+03 7.398E-01 5.640E+00 2.000E+00
7.845E+06 2.875E+02 2.713E-01 6.811E-04 4.935E-03 2.577E+03 8.221E-01 5.692E+00 2.000E+00
7.650E+07 7.204E+02 1.988E-01 8.615E-04 1.975E-05 1.476E+03 5.963E-01 5.579E+00 2.000E+00
6.393E+08 7.204E+02 1.988E-01 8.615E-04 1.979E-05 1.475E+03 5.963E-01 5.579E+00 2.000E+00
3.154E+07 3.359E+02 2.462E-01 8.615E-04 1.987E-05 2.312E+03 5.963E-01 5.579E+00 2.000E+00
6.057E+07 7.299E+02 1.979E-01 8.615E-04 2.001E-05 1.469E+03 5.963E-01 5.579E+00 2.000E+00
3.566E+08 8.882E+02 1.845E-01 8.615E-04 2.026E-05 1.411E+03 5.963E-01 5.579E+00 2.000E+00
3.178E+07 7.811E+02 1.933E-01 8.615E-04 2.072E-05 1.444E+03 5.963E-01 5.579E+00 2.000E+00
4.339E+07 2.885E+02 2.534E-01 8.615E-04 2.157E-05 2.778E+03 5.964E-01 5.579E+00 2.000E+00
1.742E+07 8.683E+02 1.860E-01 8.615E-04 2.312E-05 1.416E+03 5.965E-01 5.579E+00 2.000E+00
1.738E+07 5.940E+02 2.118E-01 8.615E-04 2.597E-05 1.580E+03 5.967E-01 5.579E+00 2.000E+00
4.970E+07 4.302E+02 2.325E-01 8.615E-04 3.119E-05 1.880E+03 5.970E-01 5.579E+00 2.000E+00
1.940E+07 2.578E+02 2.580E-01 8.615E-04 4.075E-05 3.371E+03 5.976E-01 5.579E+00 2.000E+00
9.724E+07 5.903E+02 2.123E-01 8.615E-04 5.828E-05 1.585E+03 5.988E-01 5.580E+00 2.000E+00
5.131E+07 6.493E+02 2.059E-01 8.615E-04 9.041E-05 1.553E+03 6.007E-01 5.580E+00 2.000E+00
3.694E+08 4.928E+02 2.243E-01 8.615E-04 1.493E-04 1.738E+03 6.042E-01 5.582E+00 2.000E+00
1.610E+08 7.280E+02 1.983E-01 8.615E-04 2.573E-04 1.487E+03 6.107E-01 5.584E+00 2.000E+00
6.577E+07 6.106E+02 2.106E-01 8.615E-04 4.551E-04 1.586E+03 6.226E-01 5.589E+00 2.000E+00
3.103E+07 7.663E+02 1.954E-01 8.615E-04 8.178E-04 1.534E+03 6.443E-01 5.597E+00 2.000E+00
8.351E+07 7.964E+02 1.934E-01 8.615E-04 1.483E-03 1.722E+03 6.809E-01 5.612E+00 2.000E+00
9.932E+07 4.771E+02 2.313E-01 8.615E-04 2.701E-03 1.930E+03 7.406E-01 5.640E+00 2.000E+00
1.109E+07 3.402E+02 2.602E-01 8.615E-04 4.935E-03 2.629E+03 8.229E-01 5.692E+00 2.000E+00
3.857E+07 3.657E+02 2.417E-01 1.090E-03 1.975E-05 2.134E+03 5.974E-01 5.579E+00 2.000E+00
2.415E+09 7.144E+02 1.994E-01 1.090E-03 1.979E-05 1.479E+03 5.974E-01 5.579E+00 2.000E+00
1.728E+08 4.454E+02 2.303E-01 1.090E-03 1.987E-05 1.838E+03 5.974E-01 5.579E+00 2.000E+00
2.164E+07 5.068E+02 2.223E-01 1.090E-03 2.001E-05 1.704E+03 5.974E-01 5.579E+00 2.000E+00
4.657E+07 6.001E+02 2.112E-01 1.090E-03 2.026E-05 1.573E+03 5.974E-01 5.579E+00 2.000E+00
8.319E+07 3.004E+02 2.516E-01 1.090E-03 2.072E-05 2.629E+03 5.975E-01 5.579E+00 2.000E+00
6.679E+07 6.515E+02 2.056E-01 1.090E-03 2.157E-05 1.525E+03 5.975E-01 5.579E+00 2.000E+00
6.765E+07 7.195E+02 1.989E-01 1.090E-03 2.312E-05 1.477E+03 5.976E-01 5.579E+00 2.000E+00
9.839E+07 3.240E+02 2.480E-01 1.090E-03 2.597E-05 2.401E+03 5.978E-01 5.579E+00 2.000E+00
1.534E+07 2.624E+02 2.573E-01 1.090E-03 3.119E-05 3.255E+03 5.981E-01 5.579E+00 2.000E+00
1.258E+07 2.695E+02 2.563E-01 1.090E-03 4.075E-05 3.095E+03 5.988E-01 5.579E+00 2.000E+00
2.605E+07 9.117E+02 1.827E-01 1.090E-03 5.828E-05 1.414E+03 5.999E-01 5.580E+00 2.000E+00
5.288E+07 9.116E+02 1.828E-01 1.090E-03 9.041E-05 1.418E+03 6.019E-01 5.580E+00 2.000E+00
8.982E+06 4.790E+02 2.261E-01 1.090E-03 1.493E-04 1.760E+03 6.054E-01 5.582E+00 2.000E+00
1.682E+08 7.804E+02 1.936E-01 1.090E-03 2.573E-04 1.466E+03 6.119E-01 5.584E+00 2.000E+00
9.167E+07 9.227E+02 1.822E-01 1.090E-03 4.551E-04 1.476E+03 6.237E-01 5.589E+00 2.000E+00
2.659E+07 3.944E+02 2.395E-01 1.090E-03 8.178E-04 1.989E+03 6.455E-01 5.597E+00 2.000E+00
1.672E+07 2.884E+02 2.587E-01 1.090E-03 1.483E-03 2.570E+03 6.821E-01 5.612E+00 2.000E+00
1.401E+08 6.093E+02 2.139E-01 1.090E-03 2.701E-03 2.096E+03 7.417E-01 5.640E+00 2.000E+00
2.008E+07 2.307E+02 2.845E-01 1.090E-03 4.935E-03 2.883E+03 8.239E-01 5.692E+00 2.000E+00
4.716E+07 7.783E+02 1.935E-01 1.378E-03 1.975E-05 1.449E+03 5.988E-01 5.579E+00 2.000E+00
7.671E+07 7.783E+02 1.935E-01 1.378E-03 1.979E-05 1.448E+03 5.988E-01 5.579E+00 2.000E+00
6.476E+07 7.743E+02 1.939E-01 1.378E-03 1.987E-05 1.450E+03 5.989E-01 5.579E+00 2.000E+00
2.891E+08 7.691E+02 1.943E-01 1.378E-03 2.001E-05 1.452E+03 5.989E-01 5.579E+00 2.000E+00
6.493E+07 8.628E+02 1.865E-01 1.378E-03 2.026E-05 1.430E+03 5.989E-01 5.579E+00 2.000E+00
4.508E+07 6.276E+02 2.082E-01 1.378E-03 2.072E-05 1.547E+03 5.989E-01 5.579E+00 2.000E+00
5.183E+07 8.829E+02 1.849E-01 1.378E-03 2.157E-05 1.416E+03 5.990E-01 5.579E+00 2.000E+00
4.509E+08 6.148E+02 2.095E-01 1.378E-03 2.312E-05 1.560E+03 5.991E-01 5.579E+00 2.000E+00
1.687E+08 4.148E+02 2.346E-01 1.378E-03 2.597E-05 1.930E+03 5.992E-01 5.579E+00 2.000E+00
1.249E+09 7.916E+02 1.924E-01 1.378E-03 3.119E-05 1.446E+03 5.996E-01 5.579E+00 2.000E+00
1.649E+07 7.245E+02 1.984E-01 1.378E-03 4.075E-05 1.477E+03 6.002E-01 5.579E+00 2.000E+00
7.640E+07 6.405E+02 2.068E-01 1.378E-03 5.828E-05 1.601E+03 6.014E-01 5.580E+00 2.000E+00
6.819E+07 6.477E+02 2.061E-01 1.378E-03 9.041E-05 1.532E+03 6.033E-01 5.580E+00 2.000E+00
2.196E+07 7.133E+02 1.996E-01 1.378E-03 1.493E-04 1.491E+03 6.068E-01 5.582E+00 2.000E+00
3.654E+07 4.643E+02 2.283E-01 1.378E-03 2.573E-04 1.793E+03 6.133E-01 5.584E+00 2.000E+00
1.055E+08 8.016E+02 1.919E-01 1.378E-03 4.551E-04 1.483E+03 6.252E-01 5.589E+00 2.000E+00
2.784E+07 5.391E+02 2.196E-01 1.378E-03 8.178E-04 1.681E+03 6.469E-01 5.597E+00 2.000E+00
1.092E+08 6.668E+02 2.059E-01 1.378E-03 1.483E-03 1.670E+03 6.835E-01 5.612E+00 2.000E+00
3.587E+08 3.782E+02 2.469E-01 1.378E-03 2.701E-03 2.084E+03 7.431E-01 5.640E+00 2.000E+00
1.583E+07 2.297E+02 2.847E-01 1.378E-03 4.935E-03 2.896E+03 8.251E-01 5.692E+00 2.000E+00
3.738E+07 8.942E+02 1.840E-01 1.743E-03 1.975E-05 1.416E+03 6.007E-01 5.579E+00 2.000E+00
5.786E+07 4.719E+02 2.268E-01 1.743E-03 1.979E-05 1.776E+03 6.007E-01 5.579E+00 2.000E+00
2.421E+07 4.668E+02 2.274E-01 1.743E-03 1.987E-05 1.787E+03 6.007E-01 5.579E+00 2.000E+00
8.250E+07 6.813E+02 2.026E-01 1.743E-03 2.001E-05 1.504E+03 6.007E-01 5.579E+00 2.000E+00
9.989E+07 2.764E+02 2.552E-01 1.743E-03 2.026E-05 2.970E+03 6.007E-01 5.579E+00 2.000E+00
4.814E+07 5.298E+02 2.194E-01 1.743E-03 2.072E-05 1.668E+03 6.007E-01 5.579E+00 2.000E+00
8.600E+07 5.794E+02 2.135E-01 1.743E-03 2.157E-05 1.600E+03 6.008E-01 5.579E+00 2.000E+00
7.514E+07 9.421E+02 1.805E-01 1.743E-03 2.312E-05 1.411E+03 6.009E-01 5.579E+00 2.000E+00
2.578E+07 8.590E+02 1.868E-01 1.743E-03 2.597E-05 1.424E+03 6.011E-01 5.579E+00 2.000E+00
8.841E+07 7.690E+02 1.943E-01 1.743E-03 3.119E-05 1.458E+03 6.014E-01 5.579E+00 2.000E+00
2.434E+07 5.670E+02 2.150E-01 1.743E-03 4.075E-05 1.616E+03 6.020E-01 5.579E+00 2.000E+00
5.441E+07 7.525E+02 1.959E-01 1.743E-03 5.828E-05 1.465E+03 6.032E-01 5.580E+00 2.000E+00
5.467E+07 8.784E+02 1.853E-01 1.743E-03 9.041E-05 1.428E+03 6.051E-01 5.580E+00 2.000E+00
1.154E+08 7.886E+02 1.927E-01 1.743E-03 1.493E-04 1.458E+03 6.086E-01 5.582E+00 2.000E+00
1.038E+08 8.770E+02 1.855E-01 1.743E-03 2.573E-04 1.449E+03 6.151E-01 5.584E+00 2.000E+00
1.044E+08 6.440E+02 2.070E-01 1.743E-03 4.551E-04 1.558E+03 6.270E-01 5.589E+00 2.000E+00
3.590E+07 5.669E+02 2.162E-01 1.743E-03 8.178E-04 1.651E+03 6.487E-01 5.597E+00 2.000E+00
4.525E+07 5.845E+02 2.151E-01 1.743E-03 1.483E-03 1.694E+03 6.853E-01 5.612E+00 2.000E+00
4.500E+07 5.986E+02 2.152E-01 1.743E-03 2.701E-03 2.089E+03 7.448E-01 5.640E+00 2.000E+00
3.936E+07 3.234E+02 2.636E-01 1.743E-03 4.935E-03 2.615E+03 8.267E-01 5.692E+00 2.000E+00
3.446E+07 5.749E+02 2.140E-01 2.205E-03 1.975E-05 1.609E+03 6.030E-01 5.579E+00 2.000E+00
1.002E+08 5.749E+02 2.140E-01 2.205E-03 1.979E-05 1.607E+03 6.030E-01 5.579E+00 2.000E+00
3.878E+07 5.827E+02 2.131E-01 2.205E-03 1.987E-05 1.597E+03 6.030E-01 5.579E+00 2.000E+00
2.479E+08 9.421E+02 1.805E-01 2.205E-03 2.001E-05 1.415E+03 6.030E-01 5.579E+00 2.000E+00
3.156E+08 9.546E+02 1.796E-01 2.205E-03 2.026E-05 1.415E+03 6.030E-01 5.579E+00 2.000E+00
2.960E+07 9.361E+02 1.809E-01 2.205E-03 2.072E-05 1.415E+03 6.030E-01 5.579E+00 2.000E+00
3.647E+07 3.536E+02 2.436E-01 2.205E-03 2.157E-05 2.201E+03 6.031E-01 5.579E+00 2.000E+00
1.081E+08 7.126E+02 1.995E-01 2.205E-03 2.312E-05 1.486E+03 6.032E-01 5.579E+00 2.000E+00
4.617E+07 7.894E+02 1.925E-01 2.205E-03 2.597E-05 1.453E+03 6.034E-01 5.579E+00 2.000E+00
1.262E+08 6.229E+02 2.087E-01 2.205E-03 3.119E-05 1.555E+03 6.037E-01 5.579E+00 2.000E+00
1.926E+08 7.997E+02 1.917E-01 2.205E-03 4.075E-05 1.447E+03 6.043E-01 5.579E+00 2.000E+00
1.422E+07 5.745E+02 2.141E-01 2.205E-03 5.828E-05 1.609E+03 6.055E-01 5.580E+00 2.000E+00
9.133E+07 4.533E+02 2.294E-01 2.205E-03 9.041E-05 1.821E+03 6.074E-01 5.580E+00 2.000E+00
8.033E+07 9.540E+02 1.797E-01 2.205E-03 1.493E-04 1.435E+03 6.110E-01 5.582E+00 2.000E+00
3.343E+07 4.357E+02 2.322E-01 2.205E-03 2.573E-04 1.867E+03 6.174E-01 5.584E+00 2.000E+00
2.626E+07 3.201E+02 2.500E-01 2.205E-03 4.551E-04 2.395E+03 6.293E-01 5.589E+00 2.000E+00
7.095E+07 5.591E+02 2.171E-01 2.205E-03 8.178E-04 1.662E+03 6.510E-01 5.597E+00 2.000E+00
3.722E+08 7.486E+02 1.977E-01 2.205E-03 1.483E-03 1.706E+03 6.876E-01 5.612E+00 2.000E+00
2.207E+07 4.530E+02 2.349E-01 2.205E-03 2.701E-03 1.967E+03 7.470E-01 5.640E+00 2.000E+00
2.979E+07 2.806E+02 2.729E-01 2.205E-03 4.935E-03 2.634E+03 8.287E-01 5.692E+00 2.000E+00
3.747E+07 9.588E+02 1.793E-01 2.789E-03 1.975E-05 1.420E+03 6.059E-01 5.579E+00 2.000E+00
3.917E+07 9.588E+02 1.793E-01 2.789E-03 1.979E-05 1.420E+03 6.059E-01 5.579E+00 2.000E+00
4.278E+07 9.588E+02 1.793E-01 2.789E-03 1.987E-05 1.420E+03 6.059E-01 5.579E+00 2.000E+00
2.677E+08 4.894E+02 2.245E-01 2.789E-03 2.001E-05 1.742E+03 6.059E-01 5.579E+00 2.000E+00
3.794E+07 6.313E+02 2.078E-01 2.789E-03 2.026E-05 1.549E+03 6.059E-01 5.579E+00 2.000E+00
3.535E+07 6.834E+02 2.024E-01 2.789E-03 2.072E-05 1.509E+03 6.060E-01 5.579E+00 2.000E+00
1.018E+08 7.960E+02 1.920E-01 2.789E-03 2.157E-05 1.449E+03 6.060E-01 5.579E+00 2.000E+00
1.649E+08 6.656E+02 2.042E-01 2.789E-03 2.312E-05 1.522E+03 6.061E-01 5.579E+00 2.000E+00
9.456E+07 8.262E+02 1.894E-01 2.789E-03 2.597E-05 1.440E+03 6.063E-01 5.579E+00 2.000E+00
6.750E+07 4.987E+02 2.233E-01 2.789E-03 3.119E-05 1.725E+03 6.067E-01 5.579E+00 2.000E+00
2.208E+07 6.311E+02 2.078E-01 2.789E-03 4.075E-05 1.551E+03 6.073E-01 5.579E+00 2.000E+00
2.888E+07 8.130E+02 1.906E-01 2.789E-03 5.828E-05 1.452E+03 6.084E-01 5.580E+00 2.000E+00
7.294E+07 9.703E+02 1.785E-01 2.789E-03 9.041E-05 1.432E+03 6.103E-01 5.580E+00 2.000E+00
6.449E+07 8.278E+02 1.894E-01 2.789E-03 1.493E-04 1.452E+03 6.139E-01 5.582E+00 2.000E+00
3.423E+07 6.813E+02 2.029E-01 2.789E-03 2.573E-04 1.525E+03 6.203E-01 5.584E+00 2.000E+00
6.145E+07 3.259E+02 2.491E-01 2.789E-03 4.551E-04 2.354E+03 6.322E-01 5.589E+00 2.000E+00
1.729E+07 6.949E+02 2.022E-01 2.789E-03 8.178E-04 1.570E+03 6.539E-01 5.597E+00 2.000E+00
9.969E+07 2.780E+02 2.605E-01 2.789E-03 1.483E-03 2.682E+03 6.905E-01 5.612E+00 2.000E+00
1.538E+08 5.494E+02 2.214E-01 2.789E-03 2.701E-03 2.001E+03 7.498E-01 5.640E+00 2.000E+00
1.086E+07 3.031E+02 2.680E-01 2.789E-03 4.935E-03 2.629E+03 8.312E-01 5.692E+00 2.000E+00
2.789E+07 4.210E+02 2.337E-01 3.528E-03 1.975E-05 1.916E+03 6.096E-01 5.579E+00 2.000E+00
1.297E+08 4.210E+02 2.337E-01 3.528E-03 1.979E-05 1.916E+03 6.096E-01 5.579E+00 2.000E+00
4.619E+07 5.224E+02 2.203E-01 3.528E-03 1.987E-05 1.686E+03 6.096E-01 5.579E+00 2.000E+00
5.043E+07 8.285E+02 1.892E-01 3.528E-03 2.001E-05 1.445E+03 6.096E-01 5.579E+00 2.000E+00
7.805E+07 3.416E+02 2.454E-01 3.528E-03 2.026E-05 2.278E+03 6.096E-01 5.579E+00 2.000E+00
1.114E+08 6.880E+02 2.019E-01 3.528E-03 2.072E-05 1.508E+03 6.097E-01 5.579E+00 2.000E+00
2.086E+08 6.744E+02 2.033E-01 3.528E-03 2.157E-05 1.529E+03 6.097E-01 5.579E+00 2.000E+00
3.016E+07 5.624E+02 2.155E-01 3.528E-03 2.312E-05 1.628E+03 6.098E-01 5.579E+00 2.000E+00
2.439E+07 3.238E+02 2.481E-01 3.528E-03 2.597E-05 2.407E+03 6.100E-01 5.579E+00 2.000E+00
5.348E+07 6.228E+02 2.087E-01 3.528E-03 3.119E-05 1.561E+03 6.103E-01 5.579E+00 2.000E+00
5.640E+07 3.533E+02 2.437E-01 3.528E-03 4.075E-05 2.204E+03 6.110E-01 5.579E+00 2.000E+00
2.020E+08 5.822E+02 2.132E-01 3.528E-03 5.828E-05 1.604E+03 6.121E-01 5.580E+00 2.000E+00
3.416E+07 4.932E+02 2.241E-01 3.528E-03 9.041E-05 1.738E+03 6.140E-01 5.580E+00 2.000E+00
1.329E+08 7.232E+02 1.987E-01 3.528E-03 1.493E-04 1.497E+03 6.176E-01 5.582E+00 2.000E+00
1.270E+10 9.081E+02 1.832E-01 3.528E-03 2.573E-04 1.466E+03 6.240E-01 5.584E+00 2.000E+00
2.411E+08 7.954E+02 1.925E-01 3.528E-03 4.551E-04 1.503E+03 6.359E-01 5.589E+00 2.000E+00
6.197E+07 9.723E+02 1.789E-01 3.528E-03 8.178E-04 1.711E+03 6.576E-01 5.597E+00 2.000E+00
2.833E+07 6.835E+02 2.042E-01 3.528E-03 1.483E-03 1.697E+03 6.941E-01 5.612E+00 2.000E+00
1.080E+07 2.561E+02 2.693E-01 3.528E-03 2.701E-03 2.790E+03 7.533E-01 5.640E+00 2.000E+00
2.540E+07 2.743E+02 2.743E-01 3.528E-03 4.935E-03 2.685E+03 8.344E-01 5.692E+00 2.000E+00
1.485E+08 8.881E+02 1.845E-01 4.462E-03 1.975E-05 1.439E+03 6.143E-01 5.579E+00 2.000E+00
3.650E+08 8.881E+02 1.845E-01 4.462E-03 1.979E-05 1.526E+03 6.143E-01 5.579E+00 2.000E+00
7.701E+07 4.830E+02 2.253E-01 4.462E-03 1.987E-05 1.761E+03 6.143E-01 5.579E+00 2.000E+00
3.161E+07 4.384E+02 2.313E-01 4.462E-03 2.001E-05 1.867E+03 6.143E-01 5.579E+00 2.000E+00
2.829E+07 3.634E+02 2.421E-01 4.462E-03 2.026E-05 2.153E+03 6.143E-01 5.579E+00 2.000E+00
9.395E+07 2.942E+02 2.526E-01 4.462E-03 2.072E-05 2.708E+03 6.143E-01 5.579E+00 2.000E+00
1.539E+09 5.780E+02 2.137E-01 4.462E-03 2.157E-05 1.612E+03 6.144E-01 5.579E+00 2.000E+00
5.826E+07 8.474E+02 1.877E-01 4.462E-03 2.312E-05 1.446E+03 6.145E-01 5.579E+00 2.000E+00
4.710E+09 3.414E+02 2.454E-01 4.462E-03 2.597E-05 2.280E+03 6.147E-01 5.579E+00 2.000E+00
1.375E+08 5.174E+02 2.209E-01 4.462E-03 3.119E-05 1.697E+03 6.150E-01 5.579E+00 2.000E+00
2.416E+07 3.652E+02 2.419E-01 4.462E-03 4.075E-05 2.161E+03 6.156E-01 5.579E+00 2.000E+00
2.998E+09 7.819E+02 1.932E-01 4.462E-03 5.828E-05 1.469E+03 6.168E-01 5.580E+00 2.000E+00
4.753E+07 9.789E+02 1.779E-01 4.462E-03 9.041E-05 1.452E+03 6.187E-01 5.581E+00 2.000E+00
1.228E+08 9.609E+02 1.792E-01 4.462E-03 1.493E-04 1.462E+03 6.222E-01 5.582E+00 2.000E+00
4.079E+07 3.334E+02 2.474E-01 4.462E-03 2.573E-04 2.318E+03 6.287E-01 5.584E+00 2.000E+00
1.421E+08 3.732E+02 2.418E-01 4.462E-03 4.551E-04 2.089E+03 6.406E-01 5.589E+00 2.000E+00
4.026E+07 7.002E+02 2.017E-01 4.462E-03 8.178E-04 1.583E+03 6.623E-01 5.597E+00 2.000E+00
1.716E+07 2.779E+02 2.605E-01 4.462E-03 1.483E-03 2.688E+03 6.988E-01 5.612E+00 2.000E+00
4.003E+07 2.240E+02 2.754E-01 4.462E-03 2.701E-03 3.300E+03 7.577E-01 5.640E+00 2.000E+00
1.807E+07 2.814E+02 2.728E-01 4.462E-03 4.935E-03 2.699E+03 8.385E-01 5.692E+00 2.000E+00
3.563E+07 4.450E+02 2.304E-01 5.644E-03 1.975E-05 1.854E+03 6.202E-01 5.579E+00 2.000E+00
1.545E+09 4.450E+02 2.304E-01 5.644E-03 1.979E-05 1.853E+03 6.202E-01 5.579E+00 2.000E+00
1.017E+09 4.336E+02 2.320E-01 5.644E-03 1.987E-05 1.897E+03 6.202E-01 5.579E+00 2.000E+00
4.750E+08 5.669E+02 2.150E-01 5.644E-03 2.001E-05 1.631E+03 6.202E-01 5.579E+00 2.000E+00
4.702E+07 7.172E+02 1.991E-01 5.644E-03 2.026E-05 1.502E+03 6.202E-01 5.579E+00 2.000E+00
6.085E+07 7.965E+02 1.919E-01 5.644E-03 2.072E-05 1.468E+03 6.203E-01 5.579E+00 2.000E+00
1.821E+08 7.472E+02 1.963E-01 5.644E-03 2.157E-05 1.487E+03 6.203E-01 5.579E+00 2.000E+00
8.978E+07 2.761E+02 2.553E-01 5.644E-03 2.312E-05 2.977E+03 6.204E-01 5.579E+00 2.000E+00
3.004E+08 9.117E+02 1.827E-01 5.644E-03 2.597E-05 1.449E+03 6.206E-01 5.579E+00 2.000E+00
5.378E+08 5.221E+02 2.204E-01 5.644E-03 3.119E-05 1.694E+03 6.209E-01 5.579E+00 2.000E+00
7.100E+07 6.032E+02 2.109E-01 5.644E-03 4.075E-05 1.590E+03 6.216E-01 5.579E+00 2.000E+00
5.965E+07 2.938E+02 2.528E-01 5.644E-03 5.828E-05 2.709E+03 6.227E-01 5.580E+00 2.000E+00
5.538E+07 9.785E+02 1.779E-01 5.644E-03 9.041E-05 1.468E+03 6.246E-01 5.581E+00 2.000E+00
2.097E+07 5.811E+02 2.135E-01 5.644E-03 1.493E-04 1.632E+03 6.281E-01 5.582E+00 2.000E+00
8.834E+08 8.374E+02 1.887E-01 5.644E-03 2.573E-04 1.489E+03 6.346E-01 5.584E+00 2.000E+00
5.491E+09 6.885E+02 2.024E-01 5.644E-03 4.551E-04 1.555E+03 6.465E-01 5.589E+00 2.000E+00
3.301E+07 9.300E+02 1.820E-01 5.644E-03 8.178E-04 1.717E+03 6.682E-01 5.597E+00 2.000E+00
1.776E+08 5.086E+02 2.247E-01 5.644E-03 1.483E-03 1.818E+03 7.046E-01 5.612E+00 2.000E+00
2.529E+07 5.369E+02 2.230E-01 5.644E-03 2.701E-03 2.080E+03 7.633E-01 5.640E+00 2.000E+00
5.284E+07 3.025E+02 2.681E-01 5.644E-03 4.935E-03 2.756E+03 8.436E-01 5.692E+00 2.000E+00
4.686E+08 8.143E+02 1.904E-01 7.139E-03 1.975E-05 1.474E+03 6.277E-01 5.579E+00 2.000E+00
1.177E+08 7.977E+02 1.918E-01 7.139E-03 1.979E-05 1.478E+03 6.277E-01 5.579E+00 2.000E+00
2.668E+07 7.996E+02 1.917E-01 7.139E-03 1.987E-05 1.477E+03 6.277E-01 5.579E+00 2.000E+00
6.819E+07 7.996E+02 1.917E-01 7.139E-03 2.001E-05 1.478E+03 6.277E-01 5.579E+00 2.000E+00
8.370E+07 2.901E+02 2.532E-01 7.139E-03 2.026E-05 2.765E+03 6.277E-01 5.579E+00 2.000E+00
2.165E+07 7.618E+02 1.950E-01 7.139E-03 2.072E-05 1.491E+03 6.277E-01 5.579E+00 2.000E+00
2.773E+08 6.952E+02 2.012E-01 7.139E-03 2.157E-05 1.523E+03 6.278E-01 5.579E+00 2.000E+00
4.657E+07 4.399E+02 2.311E-01 7.139E-03 2.312E-05 1.871E+03 6.279E-01 5.579E+00 2.000E+00
1.205E+08 8.880E+02 1.845E-01 7.139E-03 2.597E-05 1.465E+03 6.281E-01 5.579E+00 2.000E+00
3.796E+07 4.658E+02 2.276E-01 7.139E-03 3.119E-05 1.809E+03 6.284E-01 5.579E+00 2.000E+00
1.043E+08 8.375E+02 1.885E-01 7.139E-03 4.075E-05 1.472E+03 6.290E-01 5.579E+00 2.000E+00
2.911E+07 9.703E+02 1.785E-01 7.139E-03 5.828E-05 1.479E+03 6.301E-01 5.580E+00 2.000E+00
2.271E+07 4.457E+02 2.305E-01 7.139E-03 9.041E-05 1.857E+03 6.321E-01 5.581E+00 2.000E+00
4.216E+07 6.381E+02 2.072E-01 7.139E-03 1.493E-04 1.572E+03 6.356E-01 5.582E+00 2.000E+00
5.044E+08 7.711E+02 1.944E-01 7.139E-03 2.573E-04 1.513E+03 6.421E-01 5.584E+00 2.000E+00
2.744E+07 5.317E+02 2.199E-01 7.139E-03 4.551E-04 1.702E+03 6.539E-01 5.589E+00 2.000E+00
4.782E+07 3.026E+02 2.541E-01 7.139E-03 8.178E-04 2.522E+03 6.757E-01 5.597E+00 2.000E+00
3.120E+07 6.347E+02 2.094E-01 7.139E-03 1.483E-03 1.746E+03 7.120E-01 5.613E+00 2.000E+00
1.685E+07 4.254E+02 2.392E-01 7.139E-03 2.701E-03 2.066E+03 7.704E-01 5.640E+00 2.000E+00
4.362E+06 3.100E+02 2.665E-01 7.139E-03 4.935E-03 2.888E+03 8.500E-01 5.692E+00 2.000E+00
3.017E+07 7.611E+02 1.950E-01 9.029E-03 1.975E-05 1.504E+03 6.371E-01 5.579E+00 2.000E+00
9.955E+07 4.897E+02 2.245E-01 9.029E-03 1.979E-05 1.763E+03 6.371E-01 5.579E+00 2.000E+00
4.593E+07 4.851E+02 2.251E-01 9.029E-03 1.987E-05 1.772E+03 6.371E-01 5.579E+00 2.000E+00
3.267E+08 4.296E+02 2.326E-01 9.029E-03 2.001E-05 1.906E+03 6.372E-01 5.579E+00 2.000E+00
5.295E+07 7.488E+02 1.962E-01 9.029E-03 2.026E-05 1.508E+03 6.372E-01 5.579E+00 2.000E+00
2.497E+07 3.161E+02 2.493E-01 9.029E-03 2.072E-05 2.485E+03 6.372E-01 5.579E+00 2.000E+00
4.660E+07 8.030E+02 1.914E-01 9.029E-03 2.157E-05 1.491E+03 6.373E-01 5.579E+00 2.000E+00
1.620E+08 5.539E+02 2.165E-01 9.029E-03 2.312E-05 1.690E+03 6.374E-01 5.579E+00 2.000E+00
1.314E+08 9.051E+02 1.832E-01 9.029E-03 2.597E-05 1.485E+03 6.375E-01 5.579E+00 2.000E+00
1.546E+08 7.729E+02 1.940E-01 9.029E-03 3.119E-05 1.501E+03 6.379E-01 5.579E+00 2.000E+00
1.927E+07 6.725E+02 2.035E-01 9.029E-03 4.075E-05 1.554E+03 6.385E-01 5.579E+00 2.000E+00
5.094E+08 9.374E+02 1.808E-01 9.029E-03 5.828E-05 1.497E+03 6.396E-01 5.580E+00 2.000E+00
1.141E+07 6.529E+02 2.056E-01 9.029E-03 9.041E-05 1.567E+03 6.415E-01 5.581E+00 2.000E+00
4.210E+07 4.921E+02 2.244E-01 9.029E-03 1.493E-04 1.762E+03 6.450E-01 5.582E+00 2.000E+00
3.735E+07 3.930E+02 2.384E-01 9.029E-03 2.573E-04 2.026E+03 6.515E-01 5.584E+00 2.000E+00
1.675E+07 3.668E+02 2.428E-01 9.029E-03 4.551E-04 2.133E+03 6.634E-01 5.589E+00 2.000E+00
2.241E+07 9.010E+02 1.842E-01 9.029E-03 8.178E-04 1.807E+03 6.851E-01 5.597E+00 2.000E+00
6.793E+07 6.523E+02 2.075E-01 9.029E-03 1.483E-03 1.787E+03 7.214E-01 5.613E+00 2.000E+00
1.149E+07 3.999E+02 2.433E-01 9.029E-03 2.701E-03 2.126E+03 7.794E-01 5.641E+00 2.000E+00
2.564E+06 2.587E+02 2.780E-01 9.029E-03 4.935E-03 2.896E+03 8.582E-01 5.692E+00 2.000E+00
3.365E+09 7.994E+02 1.917E-01 1.142E-02 1.975E-05 1.512E+03 6.491E-01 5.579E+00 2.000E+00
2.328E+07 9.047E+02 1.832E-01 1.142E-02 1.979E-05 1.513E+03 6.491E-01 5.579E+00 2.000E+00
4.272E+07 3.302E+02 2.472E-01 1.142E-02 1.987E-05 2.375E+03 6.491E-01 5.579E+00 2.000E+00
5.725E+07 4.157E+02 2.345E-01 1.142E-02 2.001E-05 1.957E+03 6.491E-01 5.579E+00 2.000E+00
7.590E+07 6.466E+02 2.062E-01 1.142E-02 2.026E-05 1.588E+03 6.491E-01 5.579E+00 2.000E+00
2.197E+08 2.996E+02 2.518E-01 1.142E-02 2.072E-05 2.654E+03 6.492E-01 5.579E+00 2.000E+00
8.890E+07 6.276E+02 2.082E-01 1.142E-02 2.157E-05 1.602E+03 6.492E-01 5.579E+00 2.000E+00
1.055E+08 9.746E+02 1.782E-01 1.142E-02 2.312E-05 1.541E+03 6.493E-01 5.579E+00 2.000E+00
2.016E+07 4.122E+02 2.350E-01 1.142E-02 2.597E-05 1.968E+03 6.495E-01 5.579E+00 2.000E+00
8.529E+07 9.880E+02 1.773E-01 1.142E-02 3.119E-05 1.551E+03 6.498E-01 5.579E+00 2.000E+00
5.064E+08 7.213E+02 1.987E-01 1.142E-02 4.075E-05 1.538E+03 6.505E-01 5.580E+00 2.000E+00
2.212E+08 2.494E+02 2.594E-01 1.142E-02 5.828E-05 3.609E+03 6.515E-01 5.580E+00 2.000E+00
3.571E+07 4.703E+02 2.272E-01 1.142E-02 9.041E-05 1.813E+03 6.534E-01 5.581E+00 2.000E+00
2.650E+07 3.712E+02 2.414E-01 1.142E-02 1.493E-04 2.128E+03 6.570E-01 5.582E+00 2.000E+00
4.147E+07 6.195E+02 2.094E-01 1.142E-02 2.573E-04 1.618E+03 6.634E-01 5.585E+00 2.000E+00
7.711E+07 8.073E+02 1.914E-01 1.142E-02 4.551E-04 1.595E+03 6.753E-01 5.589E+00 2.000E+00
9.713E+07 5.431E+02 2.191E-01 1.142E-02 8.178E-04 1.737E+03 6.970E-01 5.597E+00 2.000E+00
3.206E+07 5.838E+02 2.152E-01 1.142E-02 1.483E-03 1.818E+03 7.332E-01 5.613E+00 2.000E+00
6.429E+06 5.063E+02 2.272E-01 1.142E-02 2.701E-03 2.249E+03 7.908E-01 5.641E+00 2.000E+00
2.093E+07 2.765E+02 2.739E-01 1.142E-02 4.935E-03 3.004E+03 8.678E-01 5.692E+00 2.000E+00
1.419E+08 9.738E+02 1.782E-01 1.445E-02 1.975E-05 1.604E+03 6.643E-01 5.579E+00 2.000E+00
1.613E+08 9.738E+02 1.782E-01 1.445E-02 1.979E-05 1.604E+03 6.643E-01 5.579E+00 2.000E+00
2.160E+08 9.738E+02 1.782E-01 1.445E-02 1.987E-05 1.604E+03 6.643E-01 5.579E+00 2.000E+00
5.894E+08 9.738E+02 1.782E-01 1.445E-02 2.001E-05 1.604E+03 6.643E-01 5.579E+00 2.000E+00
4.631E+07 4.947E+02 2.238E-01 1.445E-02 2.026E-05 1.775E+03 6.643E-01 5.579E+00 2.000E+00
4.961E+07 4.297E+02 2.326E-01 1.445E-02 2.072E-05 1.924E+03 6.643E-01 5.579E+00 2.000E+00
4.328E+07 6.648E+02 2.043E-01 1.445E-02 2.157E-05 1.585E+03 6.644E-01 5.579E+00 2.000E+00
1.034E+08 9.835E+02 1.776E-01 1.445E-02 2.312E-05 1.617E+03 6.645E-01 5.579E+00 2.000E+00
7.395E+07 9.115E+02 1.827E-01 1.445E-02 2.597E-05 1.563E+03 6.647E-01 5.579E+00 2.000E+00
1.048E+08 2.591E+02 2.580E-01 1.445E-02 3.119E-05 3.335E+03 6.650E-01 5.579E+00 2.000E+00
6.963E+07 9.366E+02 1.809E-01 1.445E-02 4.075E-05 1.583E+03 6.656E-01 5.580E+00 2.000E+00
3.356E+07 7.575E+02 1.954E-01 1.445E-02 5.828E-05 1.553E+03 6.667E-01 5.580E+00 2.000E+00
2.249E+07 7.759E+02 1.938E-01 1.445E-02 9.041E-05 1.558E+03 6.686E-01 5.581E+00 2.000E+00
3.100E+08 4.139E+02 2.351E-01 1.445E-02 1.493E-04 1.973E+03 6.721E-01 5.582E+00 2.000E+00
1.356E+09 4.924E+02 2.246E-01 1.445E-02 2.573E-04 1.788E+03 6.786E-01 5.585E+00 2.000E+00
1.200E+07 2.821E+02 2.561E-01 1.445E-02 4.551E-04 2.810E+03 6.904E-01 5.589E+00 2.000E+00
4.647E+07 8.050E+02 1.920E-01 1.445E-02 8.178E-04 1.817E+03 7.120E-01 5.597E+00 2.000E+00
3.354E+07 2.432E+02 2.666E-01 1.445E-02 1.483E-03 3.244E+03 7.482E-01 5.613E+00 2.000E+00
9.673E+06 2.945E+02 2.621E-01 1.445E-02 2.701E-03 2.541E+03 8.052E-01 5.641E+00 2.000E+00
3.125E+06 2.799E+02 2.732E-01 1.445E-02 4.935E-03 3.275E+03 8.800E-01 5.692E+00 2.000E+00
2.471E+07 4.789E+02 2.259E-01 1.827E-02 1.975E-05 1.821E+03 6.834E-01 5.579E+00 2.000E+00
6.165E+07 4.789E+02 2.259E-01 1.827E-02 1.979E-05 1.821E+03 6.834E-01 5.579E+00 2.000E+00
1.522E+07 6.218E+02 2.088E-01 1.827E-02 1.987E-05 1.639E+03 6.834E-01 5.579E+00 2.000E+00
6.101E+07 6.218E+02 2.088E-01 1.827E-02 2.001E-05 1.639E+03 6.834E-01 5.579E+00 2.000E+00
7.976E+07 5.973E+02 2.115E-01 1.827E-02 2.026E-05 1.659E+03 6.834E-01 5.579E+00 2.000E+00
3.424E+07 7.385E+02 1.971E-01 1.827E-02 2.072E-05 1.586E+03 6.835E-01 5.579E+00 2.000E+00
4.262E+07 5.284E+02 2.196E-01 1.827E-02 2.157E-05 1.737E+03 6.835E-01 5.579E+00 2.000E+00
4.160E+07 7.216E+02 1.987E-01 1.827E-02 2.312E-05 1.590E+03 6.836E-01 5.579E+00 2.000E+00
1.925E+08 2.812E+02 2.547E-01 1.827E-02 2.597E-05 2.906E+03 6.838E-01 5.579E+00 2.000E+00
3.225E+07 6.698E+02 2.038E-01 1.827E-02 3.119E-05 1.610E+03 6.841E-01 5.579E+00 2.000E+00
5.146E+07 3.924E+02 2.380E-01 1.827E-02 4.075E-05 2.062E+03 6.847E-01 5.580E+00 2.000E+00
2.025E+07 3.254E+02 2.481E-01 1.827E-02 5.828E-05 2.426E+03 6.857E-01 5.580E+00 2.000E+00
7.267E+07 7.720E+02 1.942E-01 1.827E-02 9.041E-05 1.597E+03 6.877E-01 5.581E+00 2.000E+00
3.621E+07 8.599E+02 1.868E-01 1.827E-02 1.493E-04 1.649E+03 6.912E-01 5.582E+00 2.000E+00
3.957E+08 9.229E+02 1.821E-01 1.827E-02 2.573E-04 1.816E+03 6.977E-01 5.585E+00 2.000E+00
3.067E+07 4.216E+02 2.347E-01 1.827E-02 4.551E-04 1.971E+03 7.095E-01 5.589E+00 2.000E+00
6.855E+08 5.276E+02 2.211E-01 1.827E-02 8.178E-04 1.806E+03 7.309E-01 5.598E+00 2.000E+00
2.889E+07 3.511E+02 2.482E-01 1.827E-02 1.483E-03 2.244E+03 7.671E-01 5.613E+00 2.000E+00
1.497E+07 2.051E+02 2.792E-01 1.827E-02 2.701E-03 3.858E+03 8.233E-01 5.641E+00 2.000E+00
2.964E+06 2.233E+02 2.866E-01 1.827E-02 4.935E-03 3.371E+03 8.953E-01 5.692E+00 2.000E+00
3.821E+07 2.889E+02 2.536E-01 2.311E-02 1.975E-05 2.809E+03 7.076E-01 5.579E+00 2.000E+00
2.964E+07 2.928E+02 2.530E-01 2.311E-02 1.979E-05 2.757E+03 7.076E-01 5.579E+00 2.000E+00
2.212E+08 2.786E+02 2.552E-01 2.311E-02 1.987E-05 2.956E+03 7.076E-01 5.579E+00 2.000E+00
5.571E+07 6.544E+02 2.054E-01 2.311E-02 2.001E-05 1.655E+03 7.076E-01 5.579E+00 2.000E+00
2.897E+07 8.518E+02 1.874E-01 2.311E-02 2.026E-05 1.699E+03 7.076E-01 5.579E+00 2.000E+00
7.730E+07 7.480E+02 1.963E-01 2.311E-02 2.072E-05 1.640E+03 7.077E-01 5.579E+00 2.000E+00
3.308E+07 7.579E+02 1.954E-01 2.311E-02 2.157E-05 1.642E+03 7.077E-01 5.579E+00 2.000E+00
6.657E+07 7.382E+02 1.972E-01 2.311E-02 2.312E-05 1.640E+03 7.078E-01 5.579E+00 2.000E+00
5.380E+08 8.586E+02 1.868E-01 2.311E-02 2.597E-05 1.709E+03 7.080E-01 5.579E+00 2.000E+00
3.381E+08 3.104E+02 2.504E-01 2.311E-02 3.119E-05 2.567E+03 7.083E-01 5.580E+00 2.000E+00
1.382E+08 7.319E+02 1.978E-01 2.311E-02 4.075E-05 1.648E+03 7.089E-01 5.580E+00 2.000E+00
5.175E+07 6.983E+02 2.010E-01 2.311E-02 5.828E-05 1.648E+03 7.099E-01 5.580E+00 2.000E+00
2.687E+07 6.548E+02 2.054E-01 2.311E-02 9.041E-05 1.665E+03 7.118E-01 5.581E+00 2.000E+00
2.764E+07 6.139E+02 2.099E-01 2.311E-02 1.493E-04 1.694E+03 7.154E-01 5.582E+00 2.000E+00
1.719E+08 8.520E+02 1.876E-01 2.311E-02 2.573E-04 1.857E+03 7.218E-01 5.585E+00 2.000E+00
6.325E+07 7.319E+02 1.982E-01 2.311E-02 4.551E-04 1.771E+03 7.337E-01 5.589E+00 2.000E+00
5.106E+07 2.457E+02 2.634E-01 2.311E-02 8.178E-04 3.399E+03 7.549E-01 5.598E+00 2.000E+00
2.108E+07 4.504E+02 2.328E-01 2.311E-02 1.483E-03 2.037E+03 7.906E-01 5.613E+00 2.000E+00
8.509E+07 2.191E+02 2.767E-01 2.311E-02 2.701E-03 3.497E+03 8.463E-01 5.641E+00 2.000E+00
7.300E+06 2.139E+02 2.890E-01 2.311E-02 4.935E-03 3.647E+03 9.147E-01 5.692E+00 2.000E+00
3.454E+07 7.806E+02 1.933E-01 2.923E-02 1.975E-05 1.772E+03 7.382E-01 5.579E+00 2.000E+00
4.684E+07 7.806E+02 1.933E-01 2.923E-02 1.979E-05 1.776E+03 7.382E-01 5.579E+00 2.000E+00
5.544E+07 5.275E+02 2.198E-01 2.923E-02 1.987E-05 1.801E+03 7.382E-01 5.579E+00 2.000E+00
5.749E+07 7.778E+02 1.936E-01 2.923E-02 2.001E-05 1.769E+03 7.382E-01 5.579E+00 2.000E+00
9.841E+06 3.999E+02 2.369E-01 2.923E-02 2.026E-05 2.076E+03 7.382E-01 5.579E+00 2.000E+00
3.503E+07 6.065E+02 2.105E-01 2.923E-02 2.072E-05 1.733E+03 7.382E-01 5.579E+00 2.000E+00
1.193E+09 4.848E+02 2.252E-01 2.923E-02 2.157E-05 1.864E+03 7.383E-01 5.580E+00 2.000E+00
3.204E+08 7.092E+02 1.999E-01 2.923E-02 2.312E-05 1.720E+03 7.384E-01 5.580E+00 2.000E+00
1.365E+08 3.335E+02 2.469E-01 2.923E-02 2.597E-05 2.401E+03 7.385E-01 5.580E+00 2.000E+00
1.887E+08 4.250E+02 2.333E-01 2.923E-02 3.119E-05 1.998E+03 7.388E-01 5.580E+00 2.000E+00
5.959E+08 4.220E+02 2.338E-01 2.923E-02 4.075E-05 2.006E+03 7.394E-01 5.580E+00 2.000E+00
9.428E+07 6.613E+02 2.047E-01 2.923E-02 5.828E-05 1.723E+03 7.405E-01 5.580E+00 2.000E+00
7.682E+07 4.117E+02 2.354E-01 2.923E-02 9.041E-05 2.039E+03 7.424E-01 5.581E+00 2.000E+00
2.745E+07 3.986E+02 2.374E-01 2.923E-02 1.493E-04 2.083E+03 7.459E-01 5.582E+00 2.000E+00
5.725E+07 6.895E+02 2.021E-01 2.923E-02 2.573E-04 1.788E+03 7.524E-01 5.585E+00 2.000E+00
4.574E+07 6.270E+02 2.089E-01 2.923E-02 4.551E-04 1.824E+03 7.642E-01 5.589E+00 2.000E+00
1.405E+07 3.036E+02 2.541E-01 2.923E-02 8.178E-04 2.590E+03 7.852E-01 5.598E+00 2.000E+00
1.376E+09 3.503E+02 2.485E-01 2.923E-02 1.483E-03 2.334E+03 8.205E-01 5.613E+00 2.000E+00
7.664E+06 3.825E+02 2.464E-01 2.923E-02 2.701E-03 2.671E+03 8.746E-01 5.641E+00 2.000E+00
1.760E+08 2.085E+02 2.904E-01 2.923E-02 4.935E-03 4.110E+03 9.374E-01 5.692E+00 2.000E+00
3.432E+07 6.204E+02 2.090E-01 3.697E-02 1.975E-05 1.816E+03 7.768E-01 5.580E+00 2.000E+00
7.582E+07 6.204E+02 2.090E-01 3.697E-02 1.979E-05 1.816E+03 7.768E-01 5.580E+00 2.000E+00
4.878E+07 3.856E+02 2.391E-01 3.697E-02 1.987E-05 2.163E+03 7.768E-01 5.580E+00 2.000E+00
2.549E+07 5.342E+02 2.190E-01 3.697E-02 2.001E-05 1.853E+03 7.768E-01 5.580E+00 2.000E+00
3.088E+07 3.747E+02 2.407E-01 3.697E-02 2.026E-05 2.207E+03 7.768E-01 5.580E+00 2.000E+00
3.866E+07 7.774E+02 1.936E-01 3.697E-02 2.072E-05 2.109E+03 7.769E-01 5.580E+00 2.000E+00
1.701E+07 7.746E+02 1.939E-01 3.697E-02 2.157E-05 2.094E+03 7.769E-01 5.580E+00 2.000E+00
9.451E+06 4.686E+02 2.274E-01 3.697E-02 2.312E-05 1.940E+03 7.770E-01 5.580E+00 2.000E+00
7.970E+07 2.477E+02 2.599E-01 3.697E-02 2.597E-05 3.656E+03 7.772E-01 5.580E+00 2.000E+00
6.932E+07 6.549E+02 2.054E-01 3.697E-02 3.119E-05 1.830E+03 7.775E-01 5.580E+00 2.000E+00
1.902E+07 7.570E+02 1.955E-01 3.697E-02 4.075E-05 2.032E+03 7.781E-01 5.580E+00 2.000E+00
9.670E+07 5.410E+02 2.182E-01 3.697E-02 5.828E-05 1.905E+03 7.791E-01 5.581E+00 2.000E+00
3.595E+07 5.086E+02 2.223E-01 3.697E-02 9.041E-05 1.890E+03 7.810E-01 5.581E+00 2.000E+00
6.587E+07 4.425E+02 2.312E-01 3.697E-02 1.493E-04 2.048E+03 7.846E-01 5.583E+00 2.000E+00
3.168E+08 4.775E+02 2.266E-01 3.697E-02 2.573E-04 1.952E+03 7.910E-01 5.585E+00 2.000E+00
1.659E+07 2.531E+02 2.610E-01 3.697E-02 4.551E-04 3.355E+03 8.029E-01 5.590E+00 2.000E+00
3.427E+07 4.039E+02 2.383E-01 3.697E-02 8.178E-04 2.163E+03 8.235E-01 5.598E+00 2.000E+00
7.401E+06 3.508E+02 2.485E-01 3.697E-02 1.483E-03 2.407E+03 8.582E-01 5.613E+00 2.000E+00
3.958E+08 2.165E+02 2.775E-01 3.697E-02 2.701E-03 3.662E+03 9.100E-01 5.641E+00 2.000E+00
NAN NAN NAN 3.697E-02 4.935E-03 NAN 9.646E-01 5.692E+00 2.000E+00
5.786E+07 4.236E+02 2.336E-01 4.677E-02 1.975E-05 2.102E+03 8.257E-01 5.580E+00 2.000E+00
1.095E+08 6.438E+02 2.065E-01 4.677E-02 1.979E-05 2.068E+03 8.258E-01 5.580E+00 2.000E+00
1.306E+07 4.432E+02 2.309E-01 4.677E-02 1.987E-05 2.065E+03 8.258E-01 5.580E+00 2.000E+00
3.034E+08 4.556E+02 2.292E-01 4.677E-02 2.001E-05 2.037E+03 8.258E-01 5.580E+00 2.000E+00
1.608E+08 3.984E+02 2.372E-01 4.677E-02 2.026E-05 2.195E+03 8.258E-01 5.580E+00 2.000E+00
7.846E+06 4.109E+02 2.354E-01 4.677E-02 2.072E-05 2.136E+03 8.258E-01 5.580E+00 2.000E+00
1.790E+07 3.669E+02 2.419E-01 4.677E-02 2.157E-05 2.293E+03 8.259E-01 5.580E+00 2.000E+00
4.221E+07 4.084E+02 2.358E-01 4.677E-02 2.312E-05 2.143E+03 8.260E-01 5.580E+00 2.000E+00
2.693E+07 5.943E+02 2.119E-01 4.677E-02 2.597E-05 1.985E+03 8.261E-01 5.580E+00 2.000E+00
6.263E+07 2.672E+02 2.572E-01 4.677E-02 3.119E-05 3.192E+03 8.264E-01 5.580E+00 2.000E+00
1.580E+07 2.795E+02 2.554E-01 4.677E-02 4.075E-05 2.991E+03 8.270E-01 5.580E+00 2.000E+00
1.477E+07 5.913E+02 2.123E-01 4.677E-02 5.828E-05 1.992E+03 8.281E-01 5.581E+00 2.000E+00
6.840E+07 5.515E+02 2.170E-01 4.677E-02 9.041E-05 1.980E+03 8.300E-01 5.581E+00 2.000E+00
4.010E+08 6.439E+02 2.067E-01 4.677E-02 1.493E-04 2.205E+03 8.335E-01 5.583E+00 2.000E+00
1.358E+07 6.429E+02 2.069E-01 4.677E-02 2.573E-04 2.377E+03 8.400E-01 5.585E+00 2.000E+00
3.213E+07 5.536E+02 2.173E-01 4.677E-02 4.551E-04 2.163E+03 8.518E-01 5.590E+00 2.000E+00
5.054E+07 5.285E+02 2.211E-01 4.677E-02 8.178E-04 2.411E+03 8.720E-01 5.598E+00 2.000E+00
1.112E+08 3.165E+02 2.544E-01 4.677E-02 1.483E-03 2.671E+03 9.059E-01 5.613E+00 2.000E+00
1.418E+07 2.720E+02 2.668E-01 4.677E-02 2.701E-03 3.331E+03 9.539E-01 5.641E+00 2.000E+00
NAN NAN NAN 4.677E-02 4.935E-03 NAN 9.926E-01 5.693E+00 2.000E+00
3.923E+07 4.945E+02 2.240E-01 5.915E-02 1.975E-05 2.161E+03 8.876E-01 5.580E+00 3.000E+00
6.229E+08 4.945E+02 2.240E-01 5.915E-02 1.979E-05 2.161E+03 8.876E-01 5.580E+00 3.000E+00
6.876E+06 4.962E+02 2.238E-01 5.915E-02 1.987E-05 2.162E+03 8.876E-01 5.580E+00 3.000E+00
1.611E+07 4.962E+02 2.238E-01 5.915E-02 2.001E-05 2.162E+03 8.876E-01 5.580E+00 3.000E+00
2.324E+07 5.464E+02 2.175E-01 5.915E-02 2.026E-05 2.243E+03 8.876E-01 5.580E+00 3.000E+00
4.054E+07 3.548E+02 2.438E-01 5.915E-02 2.072E-05 2.423E+03 8.876E-01 5.580E+00 3.000E+00
1.086E+08 5.929E+02 2.121E-01 5.915E-02 2.157E-05 2.549E+03 8.877E-01 5.580E+00 3.000E+00
1.640E+08 2.419E+02 2.612E-01 5.915E-02 2.312E-05 3.849E+03 8.878E-01 5.580E+00 3.000E+00
1.086E+07 3.497E+02 2.446E-01 5.915E-02 2.597E-05 2.448E+03 8.879E-01 5.580E+00 3.000E+00
1.968E+07 3.849E+02 2.393E-01 5.915E-02 3.119E-05 2.309E+03 8.883E-01 5.580E+00 3.000E+00
9.410E+07 4.455E+02 2.306E-01 5.915E-02 4.075E-05 2.207E+03 8.888E-01 5.581E+00 3.000E+00
2.082E+07 2.945E+02 2.533E-01 5.915E-02 5.828E-05 2.851E+03 8.899E-01 5.581E+00 3.000E+00
1.660E+07 3.095E+02 2.511E-01 5.915E-02 9.041E-05 2.720E+03 8.918E-01 5.582E+00 3.000E+00
7.681E+07 3.364E+02 2.471E-01 5.915E-02 1.493E-04 2.527E+03 8.953E-01 5.583E+00 3.000E+00
1.209E+08 4.409E+02 2.317E-01 5.915E-02 2.573E-04 2.255E+03 9.018E-01 5.586E+00 3.000E+00
4.456E+07 3.209E+02 2.505E-01 5.915E-02 4.551E-04 2.641E+03 9.136E-01 5.590E+00 3.000E+00
4.253E+07 3.535E+02 2.463E-01 5.915E-02 8.178E-04 2.556E+03 9.333E-01 5.598E+00 3.000E+00
7.669E+06 3.915E+02 2.420E-01 5.915E-02 1.483E-03 3.323E+03 9.654E-01 5.614E+00 3.000E+00
3.413E+07 2.329E+02 2.748E-01 5.915E-02 2.701E-03 3.937E+03 1.000E+00 5.642E+00 3.000E+00
NAN NAN NAN 5.915E-02 4.935E-03 NAN 1.000E+00 5.693E+00 0.000E+00
1.554E+08 4.406E+02 2.314E-01 7.482E-02 1.975E-05 2.484E+03 9.658E-01 5.581E+00 3.000E+00
2.641E+07 2.340E+02 2.626E-01 7.482E-02 1.979E-05 4.154E+03 9.658E-01 5.581E+00 3.000E+00
4.895E+07 2.356E+02 2.623E-01 7.482E-02 1.987E-05 4.092E+03 9.658E-01 5.581E+00 3.000E+00
4.796E+07 3.299E+02 2.478E-01 7.482E-02 2.001E-05 2.679E+03 9.658E-01 5.581E+00 3.000E+00
2.226E+07 4.609E+02 2.286E-01 7.482E-02 2.026E-05 2.551E+03 9.659E-01 5.581E+00 3.000E+00
2.505E+07 4.394E+02 2.315E-01 7.482E-02 2.072E-05 2.483E+03 9.659E-01 5.581E+00 3.000E+00
1.791E+07 3.915E+02 2.384E-01 7.482E-02 2.157E-05 2.479E+03 9.659E-01 5.581E+00 3.000E+00
1.011E+07 4.889E+02 2.248E-01 7.482E-02 2.312E-05 2.780E+03 9.660E-01 5.581E+00 3.000E+00
1.127E+07 2.848E+02 2.549E-01 7.482E-02 2.597E-05 3.050E+03 9.662E-01 5.581E+00 3.000E+00
1.094E+07 4.084E+02 2.360E-01 7.482E-02 3.119E-05 2.465E+03 9.665E-01 5.581E+00 3.000E+00
1.697E+07 2.175E+02 2.649E-01 7.482E-02 4.075E-05 5.101E+03 9.671E-01 5.581E+00 3.000E+00
2.068E+09 4.648E+02 2.281E-01 7.482E-02 5.828E-05 2.618E+03 9.681E-01 5.581E+00 3.000E+00
3.947E+07 2.060E+02 2.667E-01 7.482E-02 9.041E-05 3.391E+03 9.701E-01 5.582E+00 3.000E+00
1.850E+07 2.959E+02 2.536E-01 7.482E-02 1.493E-04 2.937E+03 9.736E-01 5.583E+00 3.000E+00
9.496E+06 3.417E+02 2.467E-01 7.482E-02 2.573E-04 2.670E+03 9.801E-01 5.586E+00 3.000E+00
2.141E+07 3.952E+02 2.390E-01 7.482E-02 4.551E-04 2.724E+03 9.912E-01 5.590E+00 3.000E+00
7.941E+07 3.612E+02 2.452E-01 7.482E-02 8.178E-04 2.963E+03 1.000E+00 5.599E+00 3.000E+00
1.026E+07 2.134E+02 2.728E-01 7.482E-02 1.483E-03 4.351E+03 1.000E+00 5.614E+00 3.000E+00
9.384E+07 2.202E+02 2.776E-01 7.482E-02 2.701E-03 5.412E+03 1.000E+00 5.642E+00 0.000E+00
NAN NAN NAN 7.482E-02 4.935E-03 NAN 1.000E+00 5.693E+00 0.000E+00
7.141E+07 2.445E+02 2.614E-01 9.464E-02 1.975E-05 3.882E+03 1.000E+00 5.581E+00 3.000E+00
2.814E+07 3.666E+02 2.423E-01 9.464E-02 1.979E-05 2.972E+03 1.000E+00 5.581E+00 3.000E+00
5.896E+06 2.008E+02 2.675E-01 9.464E-02 1.987E-05 NAN 1.000E+00 5.581E+00 3.000E+00
3.486E+07 2.467E+02 2.611E-01 9.464E-02 2.001E-05 3.827E+03 1.000E+00 5.581E+00 3.000E+00
1.830E+07 2.520E+02 2.603E-01 9.464E-02 2.026E-05 3.706E+03 1.000E+00 5.581E+00 3.000E+00
5.230E+06 3.287E+02 2.482E-01 9.464E-02 2.072E-05 2.963E+03 1.000E+00 5.581E+00 3.000E+00
1.245E+07 3.195E+02 2.496E-01 9.464E-02 2.157E-05 2.994E+03 1.000E+00 5.581E+00 3.000E+00
3.487E+07 3.761E+02 2.409E-01 9.464E-02 2.312E-05 3.035E+03 1.000E+00 5.581E+00 3.000E+00
7.702E+06 2.240E+02 2.644E-01 9.464E-02 2.597E-05 4.630E+03 1.000E+00 5.581E+00 3.000E+00
2.349E+07 3.166E+02 2.501E-01 9.464E-02 3.119E-05 3.014E+03 1.000E+00 5.581E+00 3.000E+00
1.494E+07 2.018E+02 2.675E-01 9.464E-02 4.075E-05 3.015E+03 1.000E+00 5.581E+00 3.000E+00
1.072E+07 2.428E+02 2.618E-01 9.464E-02 5.828E-05 3.932E+03 1.000E+00 5.582E+00 3.000E+00
1.419E+07 3.875E+02 2.393E-01 9.464E-02 9.041E-05 3.286E+03 1.000E+00 5.583E+00 3.000E+00
1.046E+07 2.292E+02 2.643E-01 9.464E-02 1.493E-04 4.330E+03 1.000E+00 5.584E+00 3.000E+00
2.960E+07 3.439E+02 2.465E-01 9.464E-02 2.573E-04 3.150E+03 1.000E+00 5.586E+00 3.000E+00
6.220E+06 2.838E+02 2.569E-01 9.464E-02 4.551E-04 3.365E+03 1.000E+00 5.591E+00 3.000E+00
3.311E+07 2.378E+02 2.660E-01 9.464E-02 8.178E-04 4.015E+03 1.000E+00 5.599E+00 0.000E+00
4.201E+06 2.353E+02 2.694E-01 9.464E-02 1.483E-03 4.500E+03 1.000E+00 5.615E+00 0.000E+00
NAN NAN NAN 9.464E-02 2.701E-03 NAN 1.000E+00 5.642E+00 0.000E+00
NAN NAN NAN 9.464E-02 4.935E-03 NAN 1.000E+00 5.694E+00 0.000E+00
2.102E+07 2.760E+02 2.569E-01 1.197E-01 1.975E-05 3.810E+03 1.000E+00 5.582E+00 3.000E+00
5.404E+07 2.760E+02 2.569E-01 1.197E-01 1.979E-05 3.810E+03 1.000E+00 5.582E+00 3.000E+00
1.773E+07 2.244E+02 2.649E-01 1.197E-01 1.987E-05 4.749E+03 1.000E+00 5.582E+00 3.000E+00
2.222E+07 2.802E+02 2.562E-01 1.197E-01 2.001E-05 3.799E+03 1.000E+00 5.582E+00 3.000E+00
1.164E+08 2.975E+02 2.534E-01 1.197E-01 2.026E-05 3.856E+03 1.000E+00 5.582E+00 3.000E+00
4.280E+06 2.471E+02 2.615E-01 1.197E-01 2.072E-05 4.125E+03 1.000E+00 5.582E+00 3.000E+00
3.783E+08 2.658E+02 2.585E-01 1.197E-01 2.157E-05 3.873E+03 1.000E+00 5.582E+00 3.000E+00
3.570E+07 2.064E+02 2.674E-01 1.197E-01 2.312E-05 5.892E+03 1.000E+00 5.582E+00 3.000E+00
1.952E+07 2.690E+02 2.580E-01 1.197E-01 2.597E-05 3.853E+03 1.000E+00 5.582E+00 3.000E+00
8.738E+06 3.023E+02 2.527E-01 1.197E-01 3.119E-05 3.939E+03 1.000E+00 5.582E+00 3.000E+00
1.151E+08 2.351E+02 2.634E-01 1.197E-01 4.075E-05 4.385E+03 1.000E+00 5.582E+00 3.000E+00
8.659E+06 2.626E+02 2.592E-01 1.197E-01 5.828E-05 3.925E+03 1.000E+00 5.582E+00 3.000E+00
8.552E+06 2.116E+02 2.671E-01 1.197E-01 9.041E-05 5.388E+03 1.000E+00 5.583E+00 0.000E+00
2.938E+07 2.247E+02 2.654E-01 1.197E-01 1.493E-04 4.709E+03 1.000E+00 5.585E+00 0.000E+00
1.799E+07 2.729E+02 2.583E-01 1.197E-01 2.573E-04 4.120E+03 1.000E+00 5.587E+00 0.000E+00
2.769E+08 2.702E+02 2.595E-01 1.197E-01 4.551E-04 4.602E+03 1.000E+00 5.592E+00 0.000E+00
2.124E+07 2.330E+02 2.673E-01 1.197E-01 8.178E-04 5.097E+03 1.000E+00 5.600E+00 0.000E+00
NAN NAN NAN 1.197E-01 1.483E-03 NAN 1.000E+00 5.615E+00 0.000E+00
NAN NAN NAN 1.197E-01 2.701E-03 NAN 1.000E+00 5.643E+00 0.000E+00
NAN NAN NAN 1.197E-01 4.935E-03 NAN 1.000E+00 5.694E+00 0.000E+00
1.564E+08 2.317E+02 2.644E-01 1.514E-01 1.975E-05 6.042E+03 1.000E+00 5.582E+00 0.000E+00
1.224E+07 2.234E+02 2.657E-01 1.514E-01 1.979E-05 5.770E+03 1.000E+00 5.582E+00 0.000E+00
1.989E+07 2.316E+02 2.644E-01 1.514E-01 1.987E-05 5.844E+03 1.000E+00 5.582E+00 0.000E+00
1.742E+07 2.263E+02 2.653E-01 1.514E-01 2.001E-05 5.770E+03 1.000E+00 5.582E+00 0.000E+00
5.683E+06 2.196E+02 2.663E-01 1.514E-01 2.026E-05 5.810E+03 1.000E+00 5.582E+00 0.000E+00
2.966E+07 2.196E+02 2.663E-01 1.514E-01 2.072E-05 5.810E+03 1.000E+00 5.582E+00 0.000E+00
4.538E+06 2.298E+02 2.647E-01 1.514E-01 2.157E-05 5.812E+03 1.000E+00 5.582E+00 0.000E+00
2.066E+07 2.221E+02 2.659E-01 1.514E-01 2.312E-05 5.787E+03 1.000E+00 5.582E+00 0.000E+00
1.243E+07 2.088E+02 2.679E-01 1.514E-01 2.597E-05 6.145E+03 1.000E+00 5.582E+00 0.000E+00
1.362E+07 2.035E+02 2.687E-01 1.514E-01 3.119E-05 6.460E+03 1.000E+00 5.583E+00 0.000E+00
1.493E+07 2.296E+02 2.649E-01 1.514E-01 4.075E-05 6.037E+03 1.000E+00 5.583E+00 0.000E+00
7.998E+08 2.100E+02 2.679E-01 1.514E-01 5.828E-05 6.126E+03 1.000E+00 5.583E+00 0.000E+00
8.416E+06 2.246E+02 2.659E-01 1.514E-01 9.041E-05 6.008E+03 1.000E+00 5.584E+00 0.000E+00
8.624E+06 2.106E+02 2.683E-01 1.514E-01 1.493E-04 6.248E+03 1.000E+00 5.585E+00 0.000E+00
6.820E+06 2.076E+02 2.693E-01 1.514E-01 2.573E-04 6.574E+03 1.000E+00 5.588E+00 0.000E+00
NAN NAN NAN 1.514E-01 4.551E-04 NAN 1.000E+00 5.592E+00 0.000E+00
NAN NAN NAN 1.514E-01 8.178E-04 NAN 1.000E+00 5.601E+00 0.000E+00
NAN NAN NAN 1.514E-01 1.483E-03 NAN 1.000E+00 5.616E+00 0.000E+00
NAN NAN NAN 1.514E-01 2.701E-03 NAN 1.000E+00 5.644E+00 0.000E+00
NAN NAN NAN 1.514E-01 4.935E-03 NAN 1.000E+00 5.695E+00 0.000E+00
NAN NAN NAN 1.915E-01 1.975E-05 NAN 1.000E+00 5.583E+00 0.000E+00
NAN NAN NAN 1.915E-01 1.979E-05 NAN 1.000E+00 5.583E+00 0.000E+00
NAN NAN NAN 1.915E-01 1.987E-05 NAN 1.000E+00 5.583E+00 0.000E+00
NAN NAN NAN 1.915E-01 2.001E-05 NAN 1.000E+00 5.583E+00 0.000E+00
NAN NAN NAN 1.915E-01 2.026E-05 NAN 1.000E+00 5.583E+00 0.000E+00
NAN NAN NAN 1.915E-01 2.072E-05 NAN 1.000E+00 5.583E+00 0.000E+00
NAN NAN NAN 1.915E-01 2.157E-05 NAN 1.000E+00 5.583E+00 0.000E+00
NAN NAN NAN 1.915E-01 2.312E-05 NAN 1.000E+00 5.583E+00 0.000E+00
NAN NAN NAN 1.915E-01 2.597E-05 NAN 1.000E+00 5.583E+00 0.000E+00
NAN NAN NAN 1.915E-01 3.119E-05 NAN 1.000E+00 5.583E+00 0.000E+00
NAN NAN NAN 1.915E-01 4.075E-05 NAN 1.000E+00 5.584E+00 0.000E+00
NAN NAN NAN 1.915E-01 5.828E-05 NAN 1.000E+00 5.584E+00 0.000E+00
NAN NAN NAN 1.915E-01 9.041E-05 NAN 1.000E+00 5.585E+00 0.000E+00
NAN NAN NAN 1.915E-01 1.493E-04 NAN 1.000E+00 5.586E+00 0.000E+00
NAN NAN NAN 1.915E-01 2.573E-04 NAN 1.000E+00 5.589E+00 0.000E+00
NAN NAN NAN 1.915E-01 4.551E-04 NAN 1.000E+00 5.593E+00 0.000E+00
NAN NAN NAN 1.915E-01 8.178E-04 NAN 1.000E+00 5.601E+00 0.000E+00
NAN NAN NAN 1.915E-01 1.483E-03 NAN 1.000E+00 5.617E+00 0.000E+00
NAN NAN NAN 1.915E-01 2.701E-03 NAN 1.000E+00 5.645E+00 0.000E+00
NAN NAN NAN 1.915E-01 4.935E-03 NAN 1.000E+00 5.696E+00 0.000E+00
NAN NAN NAN 2.422E-01 1.975E-05 NAN 1.000E+00 5.584E+00 3.000E+00
NAN NAN NAN 2.422E-01 1.979E-05 NAN 1.000E+00 5.584E+00 3.000E+00
NAN NAN NAN 2.422E-01 1.987E-05 NAN 1.000E+00 5.584E+00 3.000E+00
NAN NAN NAN 2.422E-01 2.001E-05 NAN 1.000E+00 5.584E+00 3.000E+00
NAN NAN NAN 2.422E-01 2.026E-05 NAN 1.000E+00 5.584E+00 3.000E+00
NAN NAN NAN 2.422E-01 2.072E-05 NAN 1.000E+00 5.584E+00 3.000E+00
NAN NAN NAN 2.422E-01 2.157E-05 NAN 1.000E+00 5.584E+00 3.000E+00
NAN NAN NAN 2.422E-01 2.312E-05 NAN 1.000E+00 5.584E+00 3.000E+00
NAN NAN NAN 2.422E-01 2.597E-05 NAN 1.000E+00 5.584E+00 3.000E+00
NAN NAN NAN 2.422E-01 3.119E-05 NAN 1.000E+00 5.585E+00 3.000E+00
NAN NAN NAN 2.422E-01 4.075E-05 NAN 1.000E+00 5.585E+00 3.000E+00
NAN NAN NAN 2.422E-01 5.828E-05 NAN 1.000E+00 5.585E+00 3.000E+00
NAN NAN NAN 2.422E-01 9.041E-05 NAN 1.000E+00 5.586E+00 3.000E+00
NAN NAN NAN 2.422E-01 1.493E-04 NAN 1.000E+00 5.587E+00 3.000E+00
NAN NAN NAN 2.422E-01 2.573E-04 NAN 1.000E+00 5.590E+00 3.000E+00
NAN NAN NAN 2.422E-01 4.551E-04 NAN 1.000E+00 5.594E+00 0.000E+00
NAN NAN NAN 2.422E-01 8.178E-04 NAN 1.000E+00 5.603E+00 0.000E+00
NAN NAN NAN 2.422E-01 1.483E-03 NAN 1.000E+00 5.618E+00 0.000E+00
NAN NAN NAN 2.422E-01 2.701E-03 NAN 1.000E+00 5.646E+00 0.000E+00
NAN NAN NAN 2.422E-01 4.935E-03 NAN 1.000E+00 5.697E+00 0.000E+00
NAN NAN NAN 3.064E-01 1.975E-05 NAN 1.000E+00 5.586E+00 3.000E+00
NAN NAN NAN 3.064E-01 1.979E-05 NAN 1.000E+00 5.586E+00 3.000E+00
NAN NAN NAN 3.064E-01 1.987E-05 NAN 1.000E+00 5.586E+00 3.000E+00
NAN NAN NAN 3.064E-01 2.001E-05 NAN 1.000E+00 5.586E+00 3.000E+00
NAN NAN NAN 3.064E-01 2.026E-05 NAN 1.000E+00 5.586E+00 3.000E+00
NAN NAN NAN 3.064E-01 2.072E-05 NAN 1.000E+00 5.586E+00 3.000E+00
NAN NAN NAN 3.064E-01 2.157E-05 NAN 1.000E+00 5.586E+00 3.000E+00
NAN NAN NAN 3.064E-01 2.312E-05 NAN 1.000E+00 5.586E+00 3.000E+00
NAN NAN NAN 3.064E-01 2.597E-05 NAN 1.000E+00 5.586E+00 3.000E+00
NAN NAN NAN 3.064E-01 3.119E-05 NAN 1.000E+00 5.586E+00 3.000E+00
NAN NAN NAN 3.064E-01 4.075E-05 NAN 1.000E+00 5.586E+00 3.000E+00
NAN NAN NAN 3.064E-01 5.828E-05 NAN 1.000E+00 5.587E+00 3.000E+00
NAN NAN NAN 3.064E-01 9.041E-05 NAN 1.000E+00 5.587E+00 3.000E+00
NAN NAN NAN 3.064E-01 1.493E-04 NAN 1.000E+00 5.589E+00 3.000E+00
NAN NAN NAN 3.064E-01 2.573E-04 NAN 1.000E+00 5.591E+00 3.000E+00
NAN NAN NAN 3.064E-01 4.551E-04 NAN 1.000E+00 5.596E+00 3.000E+00
NAN NAN NAN 3.064E-01 8.178E-04 NAN 1.000E+00 5.604E+00 3.000E+00
NAN NAN NAN 3.064E-01 1.483E-03 NAN 1.000E+00 5.619E+00 3.000E+00
NAN NAN NAN 3.064E-01 2.701E-03 NAN 1.000E+00 5.647E+00 0.000E+00
NAN NAN NAN 3.064E-01 4.935E-03 NAN 1.000E+00 5.699E+00 0.000E+00
NAN NAN NAN 3.875E-01 1.975E-05 NAN 1.000E+00 5.588E+00 3.000E+00
NAN NAN NAN 3.875E-01 1.979E-05 NAN 1.000E+00 5.588E+00 3.000E+00
NAN NAN NAN 3.875E-01 1.987E-05 NAN 1.000E+00 5.588E+00 3.000E+00
NAN NAN NAN 3.875E-01 2.001E-05 NAN 1.000E+00 5.588E+00 3.000E+00
NAN NAN NAN 3.875E-01 2.026E-05 NAN 1.000E+00 5.588E+00 3.000E+00
NAN NAN NAN 3.875E-01 2.072E-05 NAN 1.000E+00 5.588E+00 3.000E+00
NAN NAN NAN 3.875E-01 2.157E-05 NAN 1.000E+00 5.588E+00 3.000E+00
NAN NAN NAN 3.875E-01 2.312E-05 NAN 1.000E+00 5.588E+00 3.000E+00
NAN NAN NAN 3.875E-01 2.597E-05 NAN 1.000E+00 5.588E+00 3.000E+00
NAN NAN NAN 3.875E-01 3.119E-05 NAN 1.000E+00 5.588E+00 3.000E+00
NAN NAN NAN 3.875E-01 4.075E-05 NAN 1.000E+00 5.588E+00 3.000E+00
NAN NAN NAN 3.875E-01 5.828E-05 NAN 1.000E+00 5.589E+00 3.000E+00
NAN NAN NAN 3.875E-01 9.041E-05 NAN 1.000E+00 5.589E+00 3.000E+00
NAN NAN NAN 3.875E-01 1.493E-04 NAN 1.000E+00 5.591E+00 3.000E+00
NAN NAN NAN 3.875E-01 2.573E-04 NAN 1.000E+00 5.593E+00 3.000E+00
NAN NAN NAN 3.875E-01 4.551E-04 NAN 1.000E+00 5.598E+00 3.000E+00
NAN NAN NAN 3.875E-01 8.178E-04 NAN 1.000E+00 5.606E+00 3.000E+00
NAN NAN NAN 3.875E-01 1.483E-03 NAN 1.000E+00 5.621E+00 3.000E+00
NAN NAN NAN 3.875E-01 2.701E-03 NAN 1.000E+00 5.649E+00 3.000E+00
NAN NAN NAN 3.875E-01 4.935E-03 NAN 1.000E+00 5.700E+00 3.000E+00
NAN NAN NAN 4.902E-01 1.975E-05 NAN 1.000E+00 5.590E+00 3.000E+00
NAN NAN NAN 4.902E-01 1.979E-05 NAN 1.000E+00 5.590E+00 3.000E+00
NAN NAN NAN 4.902E-01 1.987E-05 NAN 1.000E+00 5.590E+00 3.000E+00
NAN NAN NAN 4.902E-01 2.001E-05 NAN 1.000E+00 5.590E+00 3.000E+00
NAN NAN NAN 4.902E-01 2.026E-05 NAN 1.000E+00 5.590E+00 3.000E+00
NAN NAN NAN 4.902E-01 2.072E-05 NAN 1.000E+00 5.590E+00 3.000E+00
NAN NAN NAN 4.902E-01 2.157E-05 NAN 1.000E+00 5.590E+00 3.000E+00
NAN NAN NAN 4.902E-01 2.312E-05 NAN 1.000E+00 5.590E+00 3.000E+00
NAN NAN NAN 4.902E-01 2.597E-05 NAN 1.000E+00 5.590E+00 3.000E+00
NAN NAN NAN 4.902E-01 3.119E-05 NAN 1.000E+00 5.590E+00 3.000E+00
NAN NAN NAN 4.902E-01 4.075E-05 NAN 1.000E+00 5.591E+00 3.000E+00
NAN NAN NAN 4.902E-01 5.828E-05 NAN 1.000E+00 5.591E+00 3.000E+00
NAN NAN NAN 4.902E-01 9.041E-05 NAN 1.000E+00 5.592E+00 3.000E+00
NAN NAN NAN 4.902E-01 1.493E-04 NAN 1.000E+00 5.593E+00 3.000E+00
NAN NAN NAN 4.902E-01 2.573E-04 NAN 1.000E+00 5.595E+00 3.000E+00
NAN NAN NAN 4.902E-01 4.551E-04 NAN 1.000E+00 5.600E+00 3.000E+00
NAN NAN NAN 4.902E-01 8.178E-04 NAN 1.000E+00 5.608E+00 3.000E+00
NAN NAN NAN 4.902E-01 1.483E-03 NAN 1.000E+00 5.624E+00 3.000E+00
NAN NAN NAN 4.902E-01 2.701E-03 NAN 1.000E+00 5.652E+00 3.000E+00
NAN NAN NAN 4.902E-01 4.935E-03 NAN 1.000E+00 5.703E+00 3.000E+00
NAN NAN NAN 6.200E-01 1.975E-05 NAN 1.000E+00 5.593E+00 3.000E+00
NAN NAN NAN 6.200E-01 1.979E-05 NAN 1.000E+00 5.593E+00 3.000E+00
NAN NAN NAN 6.200E-01 1.987E-05 NAN 1.000E+00 5.593E+00 3.000E+00
NAN NAN NAN 6.200E-01 2.001E-05 NAN 1.000E+00 5.593E+00 3.000E+00
NAN NAN NAN 6.200E-01 2.026E-05 NAN 1.000E+00 5.593E+00 3.000E+00
NAN NAN NAN 6.200E-01 2.072E-05 NAN 1.000E+00 5.593E+00 3.000E+00
NAN NAN NAN 6.200E-01 2.157E-05 NAN 1.000E+00 5.593E+00 3.000E+00
NAN NAN NAN 6.200E-01 2.312E-05 NAN 1.000E+00 5.593E+00 3.000E+00
NAN NAN NAN 6.200E-01 2.597E-05 NAN 1.000E+00 5.593E+00 3.000E+00
NAN NAN NAN 6.200E-01 3.119E-05 NAN 1.000E+00 5.593E+00 3.000E+00
NAN NAN NAN 6.200E-01 4.075E-05 NAN 1.000E+00 5.594E+00 3.000E+00
NAN NAN NAN 6.200E-01 5.828E-05 NAN 1.000E+00 5.594E+00 3.000E+00
NAN NAN NAN 6.200E-01 9.041E-05 NAN 1.000E+00 5.595E+00 3.000E+00
NAN NAN NAN 6.200E-01 1.493E-04 NAN 1.000E+00 5.596E+00 3.000E+00
NAN NAN NAN 6.200E-01 2.573E-04 NAN 1.000E+00 5.598E+00 3.000E+00
NAN NAN NAN 6.200E-01 4.551E-04 NAN 1.000E+00 5.603E+00 3.000E+00
NAN NAN NAN 6.200E-01 8.178E-04 NAN 1.000E+00 5.611E+00 3.000E+00
NAN NAN NAN 6.200E-01 1.483E-03 NAN 1.000E+00 5.627E+00 3.000E+00
NAN NAN NAN 6.200E-01 2.701E-03 NAN 1.000E+00 5.655E+00 3.000E+00
NAN NAN NAN 6.200E-01 4.935E-03 NAN 1.000E+00 5.706E+00 3.000E+00
NAN NAN NAN 7.842E-01 1.975E-05 NAN 1.000E+00 5.597E+00 3.000E+00
NAN NAN NAN 7.842E-01 1.979E-05 NAN 1.000E+00 5.597E+00 3.000E+00
NAN NAN NAN 7.842E-01 1.987E-05 NAN 1.000E+00 5.597E+00 3.000E+00
NAN NAN NAN 7.842E-01 2.001E-05 NAN 1.000E+00 5.597E+00 3.000E+00
NAN NAN NAN 7.842E-01 2.026E-05 NAN 1.000E+00 5.597E+00 3.000E+00
NAN NAN NAN 7.842E-01 2.072E-05 NAN 1.000E+00 5.597E+00 3.000E+00
NAN NAN NAN 7.842E-01 2.157E-05 NAN 1.000E+00 5.597E+00 3.000E+00
NAN NAN NAN 7.842E-01 2.312E-05 NAN 1.000E+00 5.597E+00 3.000E+00
NAN NAN NAN 7.842E-01 2.597E-05 NAN 1.000E+00 5.597E+00 3.000E+00
NAN NAN NAN 7.842E-01 3.119E-05 NAN 1.000E+00 5.597E+00 3.000E+00
NAN NAN NAN 7.842E-01 4.075E-05 NAN 1.000E+00 5.597E+00 3.000E+00
NAN NAN NAN 7.842E-01 5.828E-05 NAN 1.000E+00 5.598E+00 3.000E+00
NAN NAN NAN 7.842E-01 9.041E-05 NAN 1.000E+00 5.598E+00 3.000E+00
NAN NAN NAN 7.842E-01 1.493E-04 NAN 1.000E+00 5.600E+00 3.000E+00
NAN NAN NAN 7.842E-01 2.573E-04 NAN 1.000E+00 5.602E+00 3.000E+00
NAN NAN NAN 7.842E-01 4.551E-04 NAN 1.000E+00 5.607E+00 3.000E+00
NAN NAN NAN 7.842E-01 8.178E-04 NAN 1.000E+00 5.615E+00 3.000E+00
NAN NAN NAN 7.842E-01 1.483E-03 NAN 1.000E+00 5.630E+00 3.000E+00
NAN NAN NAN 7.842E-01 2.701E-03 NAN 1.000E+00 5.658E+00 3.000E+00
NAN NAN NAN 7.842E-01 4.935E-03 NAN 1.000E+00 5.710E+00 3.000E+00
NAN NAN NAN 9.919E-01 1.975E-05 NAN 1.000E+00 5.602E+00 3.000E+00
NAN NAN NAN 9.919E-01 1.979E-05 NAN 1.000E+00 5.602E+00 3.000E+00
NAN NAN NAN 9.919E-01 1.987E-05 NAN 1.000E+00 5.602E+00 3.000E+00
NAN NAN NAN 9.919E-01 2.001E-05 NAN 1.000E+00 5.602E+00 3.000E+00
NAN NAN NAN 9.919E-01 2.026E-05 NAN 1.000E+00 5.602E+00 3.000E+00
NAN NAN NAN 9.919E-01 2.072E-05 NAN 1.000E+00 5.602E+00 3.000E+00
NAN NAN NAN 9.919E-01 2.157E-05 NAN 1.000E+00 5.602E+00 3.000E+00
NAN NAN NAN 9.919E-01 2.312E-05 NAN 1.000E+00 5.602E+00 3.000E+00
NAN NAN NAN 9.919E-01 2.597E-05 NAN 1.000E+00 5.602E+00 3.000E+00
NAN NAN NAN 9.919E-01 3.119E-05 NAN 1.000E+00 5.602E+00 3.000E+00
NAN NAN NAN 9.919E-01 4.075E-05 NAN 1.000E+00 5.602E+00 3.000E+00
NAN NAN NAN 9.919E-01 5.828E-05 NAN 1.000E+00 5.602E+00 3.000E+00
NAN NAN NAN 9.919E-01 9.041E-05 NAN 1.000E+00 5.603E+00 3.000E+00
NAN NAN NAN 9.919E-01 1.493E-04 NAN 1.000E+00 5.605E+00 3.000E+00
NAN NAN NAN 9.919E-01 2.573E-04 NAN 1.000E+00 5.607E+00 3.000E+00
NAN NAN NAN 9.919E-01 4.551E-04 NAN 1.000E+00 5.612E+00 3.000E+00
NAN NAN NAN 9.919E-01 8.178E-04 NAN 1.000E+00 5.620E+00 3.000E+00
NAN NAN NAN 9.919E-01 1.483E-03 NAN 1.000E+00 5.652E+00 3.000E+00
NAN NAN NAN 9.919E-01 2.701E-03 NAN 1.000E+00 5.734E+00 3.000E+00
NAN NAN NAN 9.919E-01 4.935E-03 NAN 1.000E+00 5.890E+00 3.000E+00
NAN NAN NAN 1.255E+00 1.975E-05 NAN 1.000E+00 6.873E+00 3.000E+00
NAN NAN NAN 1.255E+00 1.979E-05 NAN 1.000E+00 6.873E+00 3.000E+00
NAN NAN NAN 1.255E+00 1.987E-05 NAN 1.000E+00 6.873E+00 3.000E+00
NAN NAN NAN 1.255E+00 2.001E-05 NAN 1.000E+00 6.873E+00 3.000E+00
NAN NAN NAN 1.255E+00 2.026E-05 NAN 1.000E+00 6.873E+00 3.000E+00
NAN NAN NAN 1.255E+00 2.072E-05 NAN 1.000E+00 6.873E+00 3.000E+00
NAN NAN NAN 1.255E+00 2.157E-05 NAN 1.000E+00 6.874E+00 3.000E+00
NAN NAN NAN 1.255E+00 2.312E-05 NAN 1.000E+00 6.874E+00 3.000E+00
NAN NAN NAN 1.255E+00 2.597E-05 NAN 1.000E+00 6.874E+00 3.000E+00
NAN NAN NAN 1.255E+00 3.119E-05 NAN 1.000E+00 6.874E+00 3.000E+00
NAN NAN NAN 1.255E+00 4.075E-05 NAN 1.000E+00 6.875E+00 3.000E+00
NAN NAN NAN 1.255E+00 5.828E-05 NAN 1.000E+00 6.876E+00 3.000E+00
NAN NAN NAN 1.255E+00 9.041E-05 NAN 1.000E+00 6.878E+00 3.000E+00
NAN NAN NAN 1.255E+00 1.493E-04 NAN 1.000E+00 6.882E+00 3.000E+00
NAN NAN NAN 1.255E+00 2.573E-04 NAN 1.000E+00 6.889E+00 3.000E+00
NAN NAN NAN 1.255E+00 4.551E-04 NAN 1.000E+00 6.902E+00 3.000E+00
NAN NAN NAN 1.255E+00 8.178E-04 NAN 1.000E+00 6.925E+00 3.000E+00
NAN NAN NAN 1.255E+00 1.483E-03 NAN 1.000E+00 6.969E+00 3.000E+00
NAN NAN NAN 1.255E+00 2.701E-03 NAN 1.000E+00 7.048E+00 3.000E+00
NAN NAN NAN 1.255E+00 4.935E-03 NAN 1.000E+00 7.204E+00 3.000E+00
NAN NAN NAN 1.587E+00 1.975E-05 NAN 1.000E+00 8.535E+00 3.000E+00
NAN NAN NAN 1.587E+00 1.979E-05 NAN 1.000E+00 8.535E+00 3.000E+00
NAN NAN NAN 1.587E+00 1.987E-05 NAN 1.000E+00 8.535E+00 3.000E+00
NAN NAN NAN 1.587E+00 2.001E-05 NAN 1.000E+00 8.535E+00 3.000E+00
NAN NAN NAN 1.587E+00 2.026E-05 NAN 1.000E+00 8.535E+00 3.000E+00
NAN NAN NAN 1.587E+00 2.072E-05 NAN 1.000E+00 8.535E+00 3.000E+00
NAN NAN NAN 1.587E+00 2.157E-05 NAN 1.000E+00 8.535E+00 3.000E+00
NAN NAN NAN 1.587E+00 2.312E-05 NAN 1.000E+00 8.535E+00 3.000E+00
NAN NAN NAN 1.587E+00 2.597E-05 NAN 1.000E+00 8.536E+00 3.000E+00
NAN NAN NAN 1.587E+00 3.119E-05 NAN 1.000E+00 8.536E+00 3.000E+00
NAN NAN NAN 1.587E+00 4.075E-05 NAN 1.000E+00 8.536E+00 3.000E+00
NAN NAN NAN 1.587E+00 5.828E-05 NAN 1.000E+00 8.538E+00 3.000E+00
NAN NAN NAN 1.587E+00 9.041E-05 NAN 1.000E+00 8.540E+00 3.000E+00
NAN NAN NAN 1.587E+00 1.493E-04 NAN 1.000E+00 8.544E+00 3.000E+00
NAN NAN NAN 1.587E+00 2.573E-04 NAN 1.000E+00 8.551E+00 3.000E+00
NAN NAN NAN 1.587E+00 4.551E-04 NAN 1.000E+00 8.563E+00 3.000E+00
NAN NAN NAN 1.587E+00 8.178E-04 NAN 1.000E+00 8.587E+00 3.000E+00
NAN NAN NAN 1.587E+00 1.483E-03 NAN 1.000E+00 8.630E+00 3.000E+00
NAN NAN NAN 1.587E+00 2.701E-03 NAN 1.000E+00 8.710E+00 3.000E+00
NAN NAN NAN 1.587E+00 4.935E-03 NAN 1.000E+00 8.861E+00 3.000E+00
NAN NAN NAN 2.007E+00 1.975E-05 NAN 1.000E+00 1.064E+01 3.000E+00
NAN NAN NAN 2.007E+00 1.979E-05 NAN 1.000E+00 1.064E+01 3.000E+00
NAN NAN NAN 2.007E+00 1.987E-05 NAN 1.000E+00 1.064E+01 3.000E+00
NAN NAN NAN 2.007E+00 2.001E-05 NAN 1.000E+00 1.064E+01 3.000E+00
NAN NAN NAN 2.007E+00 2.026E-05 NAN 1.000E+00 1.064E+01 3.000E+00
NAN NAN NAN 2.007E+00 2.072E-05 NAN 1.000E+00 1.064E+01 3.000E+00
NAN NAN NAN 2.007E+00 2.157E-05 NAN 1.000E+00 1.064E+01 3.000E+00
NAN NAN NAN 2.007E+00 2.312E-05 NAN 1.000E+00 1.064E+01 3.000E+00
NAN NAN NAN 2.007E+00 2.597E-05 NAN 1.000E+00 1.064E+01 3.000E+00
NAN NAN NAN 2.007E+00 3.119E-05 NAN 1.000E+00 1.064E+01 3.000E+00
NAN NAN NAN 2.007E+00 4.075E-05 NAN 1.000E+00 1.064E+01 3.000E+00
NAN NAN NAN 2.007E+00 5.828E-05 NAN 1.000E+00 1.064E+01 3.000E+00
NAN NAN NAN 2.007E+00 9.041E-05 NAN 1.000E+00 1.064E+01 3.000E+00
NAN NAN NAN 2.007E+00 1.493E-04 NAN 1.000E+00 1.065E+01 3.000E+00
NAN NAN NAN 2.007E+00 2.573E-04 NAN 1.000E+00 1.065E+01 3.000E+00
NAN NAN NAN 2.007E+00 4.551E-04 NAN 1.000E+00 1.067E+01 3.000E+00
NAN NAN NAN 2.007E+00 8.178E-04 NAN 1.000E+00 1.069E+01 3.000E+00
NAN NAN NAN 2.007E+00 1.483E-03 NAN 1.000E+00 1.073E+01 3.000E+00
NAN NAN NAN 2.007E+00 2.701E-03 NAN 1.000E+00 1.081E+01 3.000E+00
NAN NAN NAN 2.007E+00 4.935E-03 NAN 1.000E+00 1.096E+01 3.000E+00
NAN NAN NAN 2.539E+00 1.975E-05 NAN 1.000E+00 1.330E+01 3.000E+00
NAN NAN NAN 2.539E+00 1.979E-05 NAN 1.000E+00 1.330E+01 3.000E+00
NAN NAN NAN 2.539E+00 1.987E-05 NAN 1.000E+00 1.330E+01 3.000E+00
NAN NAN NAN 2.539E+00 2.001E-05 NAN 1.000E+00 1.330E+01 3.000E+00
NAN NAN NAN 2.539E+00 2.026E-05 NAN 1.000E+00 1.330E+01 3.000E+00
NAN NAN NAN 2.539E+00 2.072E-05 NAN 1.000E+00 1.330E+01 3.000E+00
NAN NAN NAN 2.539E+00 2.157E-05 NAN 1.000E+00 1.330E+01 3.000E+00
NAN NAN NAN 2.539E+00 2.312E-05 NAN 1.000E+00 1.330E+01 3.000E+00
NAN NAN NAN 2.539E+00 2.597E-05 NAN 1.000E+00 1.330E+01 3.000E+00
NAN NAN NAN 2.539E+00 3.119E-05 NAN 1.000E+00 1.330E+01 3.000E+00
NAN NAN NAN 2.539E+00 4.075E-05 NAN 1.000E+00 1.330E+01 3.000E+00
NAN NAN NAN 2.539E+00 5.828E-05 NAN 1.000E+00 1.330E+01 3.000E+00
NAN NAN NAN 2.539E+00 9.041E-05 NAN 1.000E+00 1.330E+01 3.000E+00
NAN NAN NAN 2.539E+00 1.493E-04 NAN 1.000E+00 1.331E+01 3.000E+00
NAN NAN NAN 2.539E+00 2.573E-04 NAN 1.000E+00 1.332E+01 3.000E+00
NAN NAN NAN 2.539E+00 4.551E-04 NAN 1.000E+00 1.333E+01 3.000E+00
NAN NAN NAN 2.539E+00 8.178E-04 NAN 1.000E+00 1.335E+01 3.000E+00
NAN NAN NAN 2.539E+00 1.483E-03 NAN 1.000E+00 1.340E+01 3.000E+00
NAN NAN NAN 2.539E+00 2.701E-03 NAN 1.000E+00 1.347E+01 3.000E+00
NAN NAN NAN 2.539E+00 4.935E-03 NAN 1.000E+00 1.362E+01 3.000E+00
NAN NAN NAN 3.211E+00 1.975E-05 NAN 1.000E+00 1.666E+01 3.000E+00
NAN NAN NAN 3.211E+00 1.979E-05 NAN 1.000E+00 1.666E+01 3.000E+00
NAN NAN NAN 3.211E+00 1.987E-05 NAN 1.000E+00 1.666E+01 3.000E+00
NAN NAN NAN 3.211E+00 2.001E-05 NAN 1.000E+00 1.666E+01 3.000E+00
NAN NAN NAN 3.211E+00 2.026E-05 NAN 1.000E+00 1.666E+01 3.000E+00
NAN NAN NAN 3.211E+00 2.072E-05 NAN 1.000E+00 1.666E+01 3.000E+00
NAN NAN NAN 3.211E+00 2.157E-05 NAN 1.000E+00 1.666E+01 3.000E+00
NAN NAN NAN 3.211E+00 2.312E-05 NAN 1.000E+00 1.666E+01 3.000E+00
NAN NAN NAN 3.211E+00 2.597E-05 NAN 1.000E+00 1.666E+01 3.000E+00
NAN NAN NAN 3.211E+00 3.119E-05 NAN 1.000E+00 1.666E+01 3.000E+00
NAN NAN NAN 3.211E+00 4.075E-05 NAN 1.000E+00 1.666E+01 3.000E+00
NAN NAN NAN 3.211E+00 5.828E-05 NAN 1.000E+00 1.667E+01 3.000E+00
NAN NAN NAN 3.211E+00 9.041E-05 NAN 1.000E+00 1.667E+01 3.000E+00
NAN NAN NAN 3.211E+00 1.493E-04 NAN 1.000E+00 1.667E+01 3.000E+00
NAN NAN NAN 3.211E+00 2.573E-04 NAN 1.000E+00 1.668E+01 3.000E+00
NAN NAN NAN 3.211E+00 4.551E-04 NAN 1.000E+00 1.669E+01 3.000E+00
NAN NAN NAN 3.211E+00 8.178E-04 NAN 1.000E+00 1.672E+01 3.000E+00
NAN NAN NAN 3.211E+00 1.483E-03 NAN 1.000E+00 1.676E+01 3.000E+00
NAN NAN NAN 3.211E+00 2.701E-03 NAN 1.000E+00 1.684E+01 3.000E+00
NAN NAN NAN 3.211E+00 4.935E-03 NAN 1.000E+00 1.698E+01 3.000E+00
NAN NAN NAN 4.062E+00 1.975E-05 NAN 1.000E+00 2.092E+01 3.000E+00
NAN NAN NAN 4.062E+00 1.979E-05 NAN 1.000E+00 2.092E+01 3.000E+00
NAN NAN NAN 4.062E+00 1.987E-05 NAN 1.000E+00 2.092E+01 3.000E+00
NAN NAN NAN 4.062E+00 2.001E-05 NAN 1.000E+00 2.092E+01 3.000E+00
NAN NAN NAN 4.062E+00 2.026E-05 NAN 1.000E+00 2.092E+01 3.000E+00
NAN NAN NAN 4.062E+00 2.072E-05 NAN 1.000E+00 2.092E+01 3.000E+00
NAN NAN NAN 4.062E+00 2.157E-05 NAN 1.000E+00 2.092E+01 3.000E+00
NAN NAN NAN 4.062E+00 2.312E-05 NAN 1.000E+00 2.092E+01 3.000E+00
NAN NAN NAN 4.062E+00 2.597E-05 NAN 1.000E+00 2.092E+01 3.000E+00
NAN NAN NAN 4.062E+00 3.119E-05 NAN 1.000E+00 2.092E+01 3.000E+00
NAN NAN NAN 4.062E+00 4.075E-05 NAN 1.000E+00 2.092E+01 3.000E+00
NAN NAN NAN 4.062E+00 5.828E-05 NAN 1.000E+00 2.093E+01 3.000E+00
NAN NAN NAN 4.062E+00 9.041E-05 NAN 1.000E+00 2.093E+01 3.000E+00
NAN NAN NAN 4.062E+00 1.493E-04 NAN 1.000E+00 2.093E+01 3.000E+00
NAN NAN NAN 4.062E+00 2.573E-04 NAN 1.000E+00 2.094E+01 3.000E+00
NAN NAN NAN 4.062E+00 4.551E-04 NAN 1.000E+00 2.095E+01 3.000E+00
NAN NAN NAN 4.062E+00 8.178E-04 NAN 1.000E+00 2.097E+01 3.000E+00
NAN NAN NAN 4.062E+00 1.483E-03 NAN 1.000E+00 2.102E+01 3.000E+00
NAN NAN NAN 4.062E+00 2.701E-03 NAN 1.000E+00 2.110E+01 3.000E+00
NAN NAN NAN 4.062E+00 4.935E-03 NAN 1.000E+00 2.124E+01 3.000E+00
NAN NAN NAN 5.138E+00 1.975E-05 NAN 1.000E+00 2.631E+01 3.000E+00
NAN NAN NAN 5.138E+00 1.979E-05 NAN 1.000E+00 2.631E+01 3.000E+00
NAN NAN NAN 5.138E+00 1.987E-05 NAN 1.000E+00 2.631E+01 3.000E+00
NAN NAN NAN 5.138E+00 2.001E-05 NAN 1.000E+00 2.631E+01 3.000E+00
NAN NAN NAN 5.138E+00 2.026E-05 NAN 1.000E+00 2.631E+01 3.000E+00
NAN NAN NAN 5.138E+00 2.072E-05 NAN 1.000E+00 2.631E+01 3.000E+00
NAN NAN NAN 5.138E+00 2.157E-05 NAN 1.000E+00 2.631E+01 3.000E+00
NAN NAN NAN 5.138E+00 2.312E-05 NAN 1.000E+00 2.631E+01 3.000E+00
NAN NAN NAN 5.138E+00 2.597E-05 NAN 1.000E+00 2.631E+01 3.000E+00
NAN NAN NAN 5.138E+00 3.119E-05 NAN 1.000E+00 2.631E+01 3.000E+00
NAN NAN NAN 5.138E+00 4.075E-05 NAN 1.000E+00 2.631E+01 3.000E+00
NAN NAN NAN 5.138E+00 5.828E-05 NAN 1.000E+00 2.631E+01 3.000E+00
NAN NAN NAN 5.138E+00 9.041E-05 NAN 1.000E+00 2.631E+01 3.000E+00
NAN NAN NAN 5.138E+00 1.493E-04 NAN 1.000E+00 2.632E+01 3.000E+00
NAN NAN NAN 5.138E+00 2.573E-04 NAN 1.000E+00 2.632E+01 3.000E+00
NAN NAN NAN 5.138E+00 4.551E-04 NAN 1.000E+00 2.634E+01 3.000E+00
NAN NAN NAN 5.138E+00 8.178E-04 NAN 1.000E+00 2.636E+01 3.000E+00
NAN NAN NAN 5.138E+00 1.483E-03 NAN 1.000E+00 2.640E+01 3.000E+00
NAN NAN NAN 5.138E+00 2.701E-03 NAN 1.000E+00 2.648E+01 3.000E+00
NAN NAN NAN 5.138E+00 4.935E-03 NAN 1.000E+00 2.663E+01 3.000E+00
