1.253E+07 4.061E+02 1.185E+00 5.137E-05 1.565E-03 1.895E+03 8.566E-01 2.799E+01 2.000E+00
1.978E+07 4.061E+02 1.185E+00 5.137E-05 1.565E-03 1.892E+03 8.566E-01 2.799E+01 2.000E+00
3.758E+06 6.813E+02 1.017E+00 5.137E-05 1.565E-03 1.406E+03 8.566E-01 2.799E+01 2.000E+00
4.364E+06 6.813E+02 1.017E+00 5.137E-05 1.566E-03 1.407E+03 8.566E-01 2.799E+01 2.000E+00
6.339E+06 6.813E+02 1.017E+00 5.137E-05 1.566E-03 1.406E+03 8.566E-01 2.799E+01 2.000E+00
7.752E+07 6.813E+02 1.017E+00 5.137E-05 1.566E-03 1.406E+03 8.566E-01 2.799E+01 2.000E+00
6.217E+06 7.775E+02 9.717E-01 5.137E-05 1.567E-03 1.334E+03 8.566E-01 2.799E+01 2.000E+00
3.568E+06 5.654E+02 1.080E+00 5.137E-05 1.569E-03 1.536E+03 8.566E-01 2.799E+01 2.000E+00
3.200E+07 8.219E+02 9.525E-01 5.137E-05 1.571E-03 1.307E+03 8.567E-01 2.799E+01 2.000E+00
6.828E+06 8.599E+02 9.369E-01 5.137E-05 1.577E-03 1.287E+03 8.567E-01 2.799E+01 2.000E+00
4.197E+07 8.328E+02 9.480E-01 5.137E-05 1.586E-03 1.315E+03 8.568E-01 2.799E+01 2.000E+00
1.401E+07 4.064E+02 1.185E+00 5.137E-05 1.604E-03 1.890E+03 8.571E-01 2.799E+01 2.000E+00
1.950E+07 9.465E+02 9.040E-01 5.137E-05 1.636E-03 1.247E+03 8.575E-01 2.800E+01 2.000E+00
3.520E+06 4.775E+02 1.136E+00 5.137E-05 1.695E-03 1.691E+03 8.582E-01 2.800E+01 2.000E+00
4.812E+06 9.871E+02 8.898E-01 5.137E-05 1.803E-03 1.232E+03 8.595E-01 2.800E+01 2.000E+00
1.602E+07 8.035E+02 9.607E-01 5.137E-05 2.001E-03 1.318E+03 8.620E-01 2.800E+01 2.000E+00
6.976E+06 8.380E+02 9.466E-01 5.137E-05 2.363E-03 1.300E+03 8.665E-01 2.801E+01 2.000E+00
4.507E+06 3.194E+02 1.256E+00 5.137E-05 3.028E-03 2.328E+03 8.748E-01 2.803E+01 2.000E+00
2.109E+06 3.116E+02 1.266E+00 5.137E-05 4.247E-03 2.363E+03 8.899E-01 2.806E+01 2.000E+00
1.304E+08 8.386E+02 9.501E-01 5.137E-05 6.481E-03 1.307E+03 9.094E-01 2.811E+01 2.000E+00
3.710E+06 6.813E+02 1.017E+00 6.498E-05 1.565E-03 1.407E+03 8.566E-01 2.799E+01 2.000E+00
3.865E+06 6.813E+02 1.017E+00 6.498E-05 1.565E-03 1.406E+03 8.566E-01 2.799E+01 2.000E+00
4.191E+06 6.813E+02 1.017E+00 6.498E-05 1.565E-03 1.406E+03 8.566E-01 2.799E+01 2.000E+00
4.985E+06 6.813E+02 1.017E+00 6.498E-05 1.566E-03 1.407E+03 8.566E-01 2.799E+01 2.000E+00
7.865E+06 6.813E+02 1.017E+00 6.498E-05 1.566E-03 1.406E+03 8.566E-01 2.799E+01 2.000E+00
5.550E+06 5.420E+02 1.094E+00 6.498E-05 1.566E-03 1.571E+03 8.566E-01 2.799E+01 2.000E+00
7.023E+06 7.775E+02 9.717E-01 6.498E-05 1.567E-03 1.334E+03 8.566E-01 2.799E+01 2.000E+00
4.247E+06 5.654E+02 1.080E+00 6.498E-05 1.569E-03 1.537E+03 8.567E-01 2.799E+01 2.000E+00
6.684E+07 8.219E+02 9.525E-01 6.498E-05 1.571E-03 1.307E+03 8.567E-01 2.799E+01 2.000E+00
7.354E+06 8.599E+02 9.369E-01 6.498E-05 1.577E-03 1.287E+03 8.568E-01 2.799E+01 2.000E+00
6.279E+06 4.934E+02 1.125E+00 6.498E-05 1.586E-03 1.658E+03 8.569E-01 2.799E+01 2.000E+00
2.670E+08 4.030E+02 1.188E+00 6.498E-05 1.604E-03 1.929E+03 8.571E-01 2.799E+01 2.000E+00
2.120E+07 9.465E+02 9.040E-01 6.498E-05 1.636E-03 1.247E+03 8.575E-01 2.800E+01 2.000E+00
4.470E+06 4.775E+02 1.136E+00 6.498E-05 1.695E-03 1.691E+03 8.582E-01 2.800E+01 2.000E+00
4.829E+06 9.871E+02 8.898E-01 6.498E-05 1.803E-03 1.232E+03 8.596E-01 2.800E+01 2.000E+00
3.002E+06 2.768E+02 1.286E+00 6.498E-05 2.001E-03 2.831E+03 8.620E-01 2.800E+01 2.000E+00
6.830E+06 5.256E+02 1.106E+00 6.498E-05 2.363E-03 1.596E+03 8.665E-01 2.801E+01 2.000E+00
7.561E+06 3.194E+02 1.256E+00 6.498E-05 3.028E-03 2.328E+03 8.748E-01 2.803E+01 2.000E+00
2.540E+06 3.116E+02 1.266E+00 6.498E-05 4.247E-03 2.363E+03 8.899E-01 2.806E+01 2.000E+00
6.412E+07 8.293E+02 9.540E-01 6.498E-05 6.481E-03 1.311E+03 9.094E-01 2.811E+01 2.000E+00
4.260E+06 6.813E+02 1.017E+00 8.219E-05 1.565E-03 1.406E+03 8.567E-01 2.799E+01 2.000E+00
4.473E+06 6.813E+02 1.017E+00 8.219E-05 1.565E-03 1.407E+03 8.567E-01 2.799E+01 2.000E+00
4.934E+06 6.813E+02 1.017E+00 8.219E-05 1.565E-03 1.406E+03 8.567E-01 2.799E+01 2.000E+00
6.122E+06 6.813E+02 1.017E+00 8.219E-05 1.566E-03 1.407E+03 8.567E-01 2.799E+01 2.000E+00
1.148E+07 6.813E+02 1.017E+00 8.219E-05 1.566E-03 1.406E+03 8.567E-01 2.799E+01 2.000E+00
8.770E+06 5.420E+02 1.094E+00 8.219E-05 1.566E-03 1.572E+03 8.567E-01 2.799E+01 2.000E+00
1.115E+07 7.759E+02 9.724E-01 8.219E-05 1.567E-03 1.338E+03 8.567E-01 2.799E+01 2.000E+00
5.664E+06 5.654E+02 1.080E+00 8.219E-05 1.569E-03 1.536E+03 8.567E-01 2.799E+01 2.000E+00
2.984E+06 8.134E+02 9.561E-01 8.219E-05 1.571E-03 1.312E+03 8.568E-01 2.799E+01 2.000E+00
8.163E+06 8.599E+02 9.369E-01 8.219E-05 1.577E-03 1.286E+03 8.568E-01 2.799E+01 2.000E+00
1.258E+07 4.934E+02 1.125E+00 8.219E-05 1.586E-03 1.658E+03 8.569E-01 2.799E+01 2.000E+00
1.681E+07 3.998E+02 1.190E+00 8.219E-05 1.604E-03 1.919E+03 8.572E-01 2.799E+01 2.000E+00
2.384E+07 9.465E+02 9.040E-01 8.219E-05 1.636E-03 1.247E+03 8.576E-01 2.800E+01 2.000E+00
6.956E+06 4.775E+02 1.136E+00 8.219E-05 1.695E-03 1.691E+03 8.583E-01 2.800E+01 2.000E+00
4.850E+06 9.871E+02 8.898E-01 8.219E-05 1.803E-03 1.232E+03 8.596E-01 2.800E+01 2.000E+00
4.640E+06 2.768E+02 1.286E+00 8.219E-05 2.001E-03 2.835E+03 8.621E-01 2.800E+01 2.000E+00
1.346E+07 5.256E+02 1.106E+00 8.219E-05 2.363E-03 1.596E+03 8.666E-01 2.801E+01 2.000E+00
7.122E+07 3.194E+02 1.256E+00 8.219E-05 3.028E-03 2.327E+03 8.749E-01 2.803E+01 2.000E+00
3.478E+06 3.116E+02 1.266E+00 8.219E-05 4.247E-03 2.363E+03 8.900E-01 2.806E+01 2.000E+00
3.202E+07 8.235E+02 9.565E-01 8.219E-05 6.481E-03 1.314E+03 9.094E-01 2.811E+01 2.000E+00
5.292E+06 6.813E+02 1.017E+00 1.040E-04 1.565E-03 1.407E+03 8.567E-01 2.799E+01 2.000E+00
5.642E+06 6.813E+02 1.017E+00 1.040E-04 1.565E-03 1.407E+03 8.567E-01 2.799E+01 2.000E+00
6.434E+06 6.813E+02 1.017E+00 1.040E-04 1.565E-03 1.406E+03 8.567E-01 2.799E+01 2.000E+00
8.756E+06 6.813E+02 1.017E+00 1.040E-04 1.566E-03 1.407E+03 8.568E-01 2.799E+01 2.000E+00
1.120E+08 5.128E+02 1.113E+00 1.040E-04 1.566E-03 1.621E+03 8.568E-01 2.799E+01 2.000E+00
3.971E+07 5.420E+02 1.094E+00 1.040E-04 1.566E-03 1.571E+03 8.568E-01 2.799E+01 2.000E+00
1.154E+07 7.744E+02 9.730E-01 1.040E-04 1.567E-03 1.336E+03 8.568E-01 2.799E+01 2.000E+00
1.019E+07 5.654E+02 1.080E+00 1.040E-04 1.569E-03 1.536E+03 8.568E-01 2.799E+01 2.000E+00
8.289E+06 4.123E+02 1.181E+00 1.040E-04 1.571E-03 1.870E+03 8.568E-01 2.799E+01 2.000E+00
9.515E+06 8.599E+02 9.369E-01 1.040E-04 1.577E-03 1.286E+03 8.569E-01 2.799E+01 2.000E+00
6.542E+06 4.850E+02 1.131E+00 1.040E-04 1.586E-03 1.675E+03 8.570E-01 2.799E+01 2.000E+00
3.929E+07 4.993E+02 1.121E+00 1.040E-04 1.604E-03 1.646E+03 8.572E-01 2.799E+01 2.000E+00
2.836E+07 9.465E+02 9.041E-01 1.040E-04 1.636E-03 1.247E+03 8.576E-01 2.800E+01 2.000E+00
2.742E+07 4.775E+02 1.136E+00 1.040E-04 1.695E-03 1.691E+03 8.584E-01 2.800E+01 2.000E+00
4.877E+06 9.871E+02 8.898E-01 1.040E-04 1.803E-03 1.232E+03 8.597E-01 2.800E+01 2.000E+00
1.855E+07 2.768E+02 1.286E+00 1.040E-04 2.001E-03 2.831E+03 8.622E-01 2.800E+01 2.000E+00
1.026E+07 4.529E+02 1.154E+00 1.040E-04 2.363E-03 1.748E+03 8.667E-01 2.801E+01 2.000E+00
4.126E+06 5.740E+02 1.078E+00 1.040E-04 3.028E-03 1.523E+03 8.749E-01 2.803E+01 2.000E+00
6.881E+06 3.116E+02 1.266E+00 1.040E-04 4.247E-03 2.363E+03 8.901E-01 2.806E+01 2.000E+00
1.593E+08 8.235E+02 9.565E-01 1.040E-04 6.481E-03 1.314E+03 9.095E-01 2.811E+01 2.000E+00
7.815E+06 6.813E+02 1.017E+00 1.315E-04 1.565E-03 1.406E+03 8.568E-01 2.799E+01 2.000E+00
8.655E+06 6.813E+02 1.017E+00 1.315E-04 1.565E-03 1.411E+03 8.568E-01 2.799E+01 2.000E+00
1.082E+07 6.813E+02 1.017E+00 1.315E-04 1.565E-03 1.406E+03 8.568E-01 2.799E+01 2.000E+00
3.614E+07 5.128E+02 1.113E+00 1.315E-04 1.566E-03 1.621E+03 8.568E-01 2.799E+01 2.000E+00
6.658E+06 5.420E+02 1.094E+00 1.315E-04 1.566E-03 1.571E+03 8.568E-01 2.799E+01 2.000E+00
2.810E+07 7.970E+02 9.631E-01 1.315E-04 1.566E-03 1.321E+03 8.568E-01 2.799E+01 2.000E+00
2.238E+07 7.744E+02 9.730E-01 1.315E-04 1.567E-03 1.336E+03 8.569E-01 2.799E+01 2.000E+00
6.994E+07 5.661E+02 1.080E+00 1.315E-04 1.569E-03 1.535E+03 8.569E-01 2.799E+01 2.000E+00
2.005E+07 4.759E+02 1.137E+00 1.315E-04 1.571E-03 1.695E+03 8.569E-01 2.799E+01 2.000E+00
1.213E+07 8.599E+02 9.369E-01 1.315E-04 1.577E-03 1.286E+03 8.570E-01 2.799E+01 2.000E+00
5.184E+07 4.850E+02 1.131E+00 1.315E-04 1.586E-03 1.675E+03 8.571E-01 2.799E+01 2.000E+00
4.187E+06 9.019E+02 9.206E-01 1.315E-04 1.604E-03 1.266E+03 8.573E-01 2.799E+01 2.000E+00
3.744E+07 9.465E+02 9.041E-01 1.315E-04 1.636E-03 1.247E+03 8.577E-01 2.800E+01 2.000E+00
3.218E+06 9.553E+02 9.009E-01 1.315E-04 1.695E-03 1.243E+03 8.584E-01 2.800E+01 2.000E+00
2.942E+07 6.692E+02 1.024E+00 1.315E-04 1.803E-03 1.419E+03 8.598E-01 2.800E+01 2.000E+00
2.109E+07 3.990E+02 1.192E+00 1.315E-04 2.001E-03 1.914E+03 8.622E-01 2.800E+01 2.000E+00
1.500E+07 8.380E+02 9.466E-01 1.315E-04 2.363E-03 1.299E+03 8.667E-01 2.801E+01 2.000E+00
6.617E+06 5.740E+02 1.078E+00 1.315E-04 3.028E-03 1.523E+03 8.750E-01 2.803E+01 2.000E+00
6.401E+06 2.781E+02 1.293E+00 1.315E-04 4.247E-03 2.716E+03 8.901E-01 2.806E+01 2.000E+00
3.541E+07 8.317E+02 9.530E-01 1.315E-04 6.481E-03 1.310E+03 9.096E-01 2.811E+01 2.000E+00
7.486E+07 5.128E+02 1.113E+00 1.663E-04 1.565E-03 1.621E+03 8.569E-01 2.799E+01 2.000E+00
3.120E+07 6.813E+02 1.017E+00 1.663E-04 1.565E-03 1.407E+03 8.569E-01 2.799E+01 2.000E+00
1.418E+08 6.813E+02 1.017E+00 1.663E-04 1.565E-03 1.407E+03 8.569E-01 2.799E+01 2.000E+00
7.192E+06 5.420E+02 1.094E+00 1.663E-04 1.566E-03 1.571E+03 8.569E-01 2.799E+01 2.000E+00
1.115E+08 5.420E+02 1.094E+00 1.663E-04 1.566E-03 1.571E+03 8.569E-01 2.799E+01 2.000E+00
6.241E+06 7.775E+02 9.717E-01 1.663E-04 1.566E-03 1.334E+03 8.569E-01 2.799E+01 2.000E+00
3.670E+06 5.589E+02 1.084E+00 1.663E-04 1.567E-03 1.546E+03 8.570E-01 2.799E+01 2.000E+00
6.436E+08 5.647E+02 1.081E+00 1.663E-04 1.569E-03 1.537E+03 8.570E-01 2.799E+01 2.000E+00
3.841E+06 8.134E+02 9.561E-01 1.663E-04 1.571E-03 1.316E+03 8.570E-01 2.799E+01 2.000E+00
1.894E+07 8.599E+02 9.369E-01 1.663E-04 1.577E-03 1.286E+03 8.571E-01 2.799E+01 2.000E+00
5.474E+06 4.915E+02 1.126E+00 1.663E-04 1.586E-03 1.662E+03 8.572E-01 2.799E+01 2.000E+00
4.475E+06 9.019E+02 9.206E-01 1.663E-04 1.604E-03 1.266E+03 8.574E-01 2.799E+01 2.000E+00
1.102E+07 2.806E+02 1.281E+00 1.663E-04 1.636E-03 2.790E+03 8.578E-01 2.800E+01 2.000E+00
1.660E+07 4.571E+02 1.150E+00 1.663E-04 1.695E-03 1.739E+03 8.586E-01 2.800E+01 2.000E+00
1.387E+07 6.719E+02 1.022E+00 1.663E-04 1.803E-03 1.416E+03 8.599E-01 2.800E+01 2.000E+00
4.086E+06 3.685E+02 1.215E+00 1.663E-04 2.001E-03 2.043E+03 8.624E-01 2.800E+01 2.000E+00
1.413E+08 2.676E+02 1.294E+00 1.663E-04 2.363E-03 2.970E+03 8.669E-01 2.801E+01 2.000E+00
3.792E+07 5.740E+02 1.078E+00 1.663E-04 3.028E-03 1.523E+03 8.751E-01 2.803E+01 2.000E+00
1.267E+07 5.728E+02 1.080E+00 1.663E-04 4.247E-03 1.523E+03 8.903E-01 2.806E+01 2.000E+00
7.793E+06 8.252E+02 9.558E-01 1.663E-04 6.481E-03 1.313E+03 9.097E-01 2.811E+01 2.000E+00
1.089E+07 5.420E+02 1.094E+00 2.104E-04 1.565E-03 1.571E+03 8.571E-01 2.799E+01 2.000E+00
1.413E+07 5.420E+02 1.094E+00 2.104E-04 1.565E-03 1.571E+03 8.571E-01 2.799E+01 2.000E+00
3.182E+07 5.420E+02 1.094E+00 2.104E-04 1.565E-03 1.571E+03 8.571E-01 2.799E+01 2.000E+00
1.933E+08 7.828E+02 9.693E-01 2.104E-04 1.566E-03 1.336E+03 8.571E-01 2.799E+01 2.000E+00
7.737E+07 7.970E+02 9.631E-01 2.104E-04 1.566E-03 1.321E+03 8.571E-01 2.799E+01 2.000E+00
3.502E+08 2.685E+02 1.290E+00 2.104E-04 1.566E-03 2.998E+03 8.571E-01 2.799E+01 2.000E+00
8.586E+06 5.589E+02 1.084E+00 2.104E-04 1.567E-03 1.546E+03 8.571E-01 2.799E+01 2.000E+00
2.783E+07 2.816E+02 1.280E+00 2.104E-04 1.569E-03 2.777E+03 8.571E-01 2.799E+01 2.000E+00
4.589E+06 8.134E+02 9.561E-01 2.104E-04 1.571E-03 1.312E+03 8.571E-01 2.799E+01 2.000E+00
7.386E+07 8.599E+02 9.369E-01 2.104E-04 1.577E-03 1.291E+03 8.572E-01 2.799E+01 2.000E+00
5.405E+06 4.695E+02 1.141E+00 2.104E-04 1.586E-03 1.710E+03 8.573E-01 2.799E+01 2.000E+00
4.915E+06 9.019E+02 9.206E-01 2.104E-04 1.604E-03 1.266E+03 8.576E-01 2.799E+01 2.000E+00
6.335E+08 9.465E+02 9.041E-01 2.104E-04 1.636E-03 1.248E+03 8.580E-01 2.800E+01 2.000E+00
1.082E+07 4.656E+02 1.144E+00 2.104E-04 1.695E-03 1.718E+03 8.587E-01 2.800E+01 2.000E+00
1.387E+07 4.439E+02 1.159E+00 2.104E-04 1.803E-03 1.773E+03 8.600E-01 2.800E+01 2.000E+00
3.982E+06 5.357E+02 1.099E+00 2.104E-04 2.001E-03 1.580E+03 8.625E-01 2.800E+01 2.000E+00
2.486E+07 8.407E+02 9.454E-01 2.104E-04 2.363E-03 1.300E+03 8.670E-01 2.801E+01 2.000E+00
1.634E+07 9.168E+02 9.161E-01 2.104E-04 3.028E-03 1.263E+03 8.752E-01 2.803E+01 2.000E+00
1.280E+07 5.671E+02 1.084E+00 2.104E-04 4.247E-03 1.531E+03 8.904E-01 2.806E+01 2.000E+00
1.424E+07 2.625E+02 1.314E+00 2.104E-04 6.481E-03 2.849E+03 9.098E-01 2.811E+01 2.000E+00
3.224E+07 7.970E+02 9.631E-01 2.661E-04 1.565E-03 1.321E+03 8.572E-01 2.799E+01 2.000E+00
4.299E+07 7.970E+02 9.631E-01 2.661E-04 1.565E-03 1.321E+03 8.572E-01 2.799E+01 2.000E+00
1.128E+08 7.970E+02 9.631E-01 2.661E-04 1.565E-03 1.322E+03 8.572E-01 2.799E+01 2.000E+00
7.967E+06 2.674E+02 1.291E+00 2.661E-04 1.566E-03 3.021E+03 8.573E-01 2.799E+01 2.000E+00
9.235E+06 7.744E+02 9.730E-01 2.661E-04 1.566E-03 1.336E+03 8.573E-01 2.799E+01 2.000E+00
7.932E+07 7.744E+02 9.730E-01 2.661E-04 1.566E-03 1.336E+03 8.573E-01 2.799E+01 2.000E+00
2.698E+07 8.759E+02 9.306E-01 2.661E-04 1.567E-03 1.278E+03 8.573E-01 2.799E+01 2.000E+00
4.675E+06 8.219E+02 9.525E-01 2.661E-04 1.569E-03 1.307E+03 8.573E-01 2.799E+01 2.000E+00
6.229E+06 8.134E+02 9.561E-01 2.661E-04 1.571E-03 1.312E+03 8.573E-01 2.799E+01 2.000E+00
9.369E+06 8.527E+02 9.398E-01 2.661E-04 1.577E-03 1.290E+03 8.574E-01 2.799E+01 2.000E+00
6.695E+06 4.642E+02 1.145E+00 2.661E-04 1.586E-03 1.722E+03 8.575E-01 2.799E+01 2.000E+00
5.643E+06 9.019E+02 9.206E-01 2.661E-04 1.604E-03 1.266E+03 8.577E-01 2.799E+01 2.000E+00
2.598E+07 9.389E+02 9.068E-01 2.661E-04 1.636E-03 1.250E+03 8.581E-01 2.800E+01 2.000E+00
3.459E+06 9.553E+02 9.009E-01 2.661E-04 1.695E-03 1.244E+03 8.589E-01 2.800E+01 2.000E+00
1.305E+07 7.443E+02 9.870E-01 2.661E-04 1.803E-03 1.360E+03 8.602E-01 2.800E+01 2.000E+00
3.236E+07 5.357E+02 1.099E+00 2.661E-04 2.001E-03 1.580E+03 8.627E-01 2.800E+01 2.000E+00
6.412E+06 6.275E+02 1.046E+00 2.661E-04 2.363E-03 1.459E+03 8.672E-01 2.801E+01 2.000E+00
3.387E+07 3.964E+02 1.196E+00 2.661E-04 3.028E-03 1.914E+03 8.754E-01 2.803E+01 2.000E+00
5.135E+06 7.534E+02 9.854E-01 2.661E-04 4.247E-03 1.353E+03 8.906E-01 2.806E+01 2.000E+00
8.730E+07 6.548E+02 1.037E+00 2.661E-04 6.481E-03 1.432E+03 9.099E-01 2.811E+01 2.000E+00
9.514E+06 7.744E+02 9.730E-01 3.366E-04 1.565E-03 1.336E+03 8.575E-01 2.799E+01 2.000E+00
1.031E+07 7.744E+02 9.730E-01 3.366E-04 1.565E-03 1.336E+03 8.575E-01 2.799E+01 2.000E+00
1.220E+07 7.744E+02 9.730E-01 3.366E-04 1.565E-03 1.336E+03 8.575E-01 2.799E+01 2.000E+00
1.862E+07 7.744E+02 9.730E-01 3.366E-04 1.566E-03 1.336E+03 8.575E-01 2.799E+01 2.000E+00
5.492E+08 7.775E+02 9.717E-01 3.366E-04 1.566E-03 1.334E+03 8.575E-01 2.799E+01 2.000E+00
2.150E+07 5.589E+02 1.084E+00 3.366E-04 1.566E-03 1.548E+03 8.575E-01 2.799E+01 2.000E+00
1.044E+07 5.755E+02 1.074E+00 3.366E-04 1.567E-03 1.523E+03 8.575E-01 2.799E+01 2.000E+00
6.913E+06 8.219E+02 9.525E-01 3.366E-04 1.569E-03 1.323E+03 8.575E-01 2.799E+01 2.000E+00
1.229E+07 8.134E+02 9.561E-01 3.366E-04 1.571E-03 1.312E+03 8.575E-01 2.799E+01 2.000E+00
2.286E+07 8.527E+02 9.398E-01 3.366E-04 1.577E-03 1.291E+03 8.576E-01 2.799E+01 2.000E+00
1.180E+07 5.961E+02 1.063E+00 3.366E-04 1.586E-03 1.496E+03 8.577E-01 2.799E+01 2.000E+00
3.405E+06 3.336E+02 1.240E+00 3.366E-04 1.604E-03 2.251E+03 8.580E-01 2.799E+01 2.000E+00
1.170E+07 6.459E+02 1.036E+00 3.366E-04 1.636E-03 1.440E+03 8.583E-01 2.800E+01 2.000E+00
3.605E+06 9.553E+02 9.009E-01 3.366E-04 1.695E-03 1.244E+03 8.591E-01 2.800E+01 2.000E+00
2.564E+07 7.275E+02 9.948E-01 3.366E-04 1.803E-03 1.369E+03 8.604E-01 2.800E+01 2.000E+00
5.864E+07 7.794E+02 9.713E-01 3.366E-04 2.001E-03 1.333E+03 8.629E-01 2.800E+01 2.000E+00
4.689E+07 3.440E+02 1.234E+00 3.366E-04 2.363E-03 2.171E+03 8.674E-01 2.801E+01 2.000E+00
3.361E+06 7.859E+02 9.694E-01 3.366E-04 3.028E-03 1.330E+03 8.756E-01 2.803E+01 2.000E+00
1.165E+07 7.534E+02 9.854E-01 3.366E-04 4.247E-03 1.353E+03 8.908E-01 2.806E+01 2.000E+00
3.878E+06 5.322E+02 1.109E+00 3.366E-04 6.481E-03 1.577E+03 9.101E-01 2.811E+01 2.000E+00
2.852E+06 3.175E+02 1.253E+00 4.257E-04 1.565E-03 2.377E+03 8.577E-01 2.799E+01 2.000E+00
6.401E+06 5.589E+02 1.084E+00 4.257E-04 1.565E-03 1.546E+03 8.577E-01 2.799E+01 2.000E+00
7.206E+06 4.179E+02 1.177E+00 4.257E-04 1.565E-03 1.852E+03 8.577E-01 2.799E+01 2.000E+00
1.854E+07 5.589E+02 1.084E+00 4.257E-04 1.566E-03 1.546E+03 8.578E-01 2.799E+01 2.000E+00
3.971E+06 5.654E+02 1.080E+00 4.257E-04 1.566E-03 1.536E+03 8.578E-01 2.799E+01 2.000E+00
2.452E+07 5.654E+02 1.080E+00 4.257E-04 1.566E-03 1.536E+03 8.578E-01 2.799E+01 2.000E+00
9.432E+07 7.346E+02 9.912E-01 4.257E-04 1.567E-03 1.363E+03 8.578E-01 2.799E+01 2.000E+00
2.119E+07 8.219E+02 9.525E-01 4.257E-04 1.569E-03 1.307E+03 8.578E-01 2.799E+01 2.000E+00
2.519E+07 8.242E+02 9.515E-01 4.257E-04 1.571E-03 1.306E+03 8.578E-01 2.799E+01 2.000E+00
1.153E+08 7.673E+02 9.762E-01 4.257E-04 1.577E-03 1.340E+03 8.579E-01 2.799E+01 2.000E+00
1.817E+07 8.358E+02 9.467E-01 4.257E-04 1.586E-03 1.299E+03 8.580E-01 2.799E+01 2.000E+00
3.022E+07 6.533E+02 1.032E+00 4.257E-04 1.604E-03 1.435E+03 8.582E-01 2.799E+01 2.000E+00
1.099E+07 5.960E+02 1.063E+00 4.257E-04 1.636E-03 1.496E+03 8.586E-01 2.800E+01 2.000E+00
3.935E+06 9.626E+02 8.983E-01 4.257E-04 1.695E-03 1.258E+03 8.594E-01 2.800E+01 2.000E+00
5.324E+06 9.871E+02 8.898E-01 4.257E-04 1.803E-03 1.232E+03 8.607E-01 2.800E+01 2.000E+00
5.926E+06 7.667E+02 9.769E-01 4.257E-04 2.001E-03 1.341E+03 8.632E-01 2.800E+01 2.000E+00
4.546E+07 4.761E+02 1.138E+00 4.257E-04 2.363E-03 1.691E+03 8.677E-01 2.801E+01 2.000E+00
5.094E+06 7.859E+02 9.694E-01 4.257E-04 3.028E-03 1.330E+03 8.759E-01 2.803E+01 2.000E+00
9.168E+06 5.047E+02 1.123E+00 4.257E-04 4.247E-03 1.628E+03 8.911E-01 2.806E+01 2.000E+00
6.057E+08 4.611E+02 1.157E+00 4.257E-04 6.481E-03 1.708E+03 9.103E-01 2.811E+01 2.000E+00
1.217E+07 5.654E+02 1.080E+00 5.385E-04 1.565E-03 1.536E+03 8.581E-01 2.799E+01 2.000E+00
1.602E+07 5.654E+02 1.080E+00 5.385E-04 1.565E-03 1.536E+03 8.581E-01 2.799E+01 2.000E+00
3.919E+07 5.654E+02 1.080E+00 5.385E-04 1.565E-03 1.536E+03 8.581E-01 2.799E+01 2.000E+00
1.117E+07 5.755E+02 1.074E+00 5.385E-04 1.566E-03 1.523E+03 8.581E-01 2.799E+01 2.000E+00
3.197E+07 2.807E+02 1.281E+00 5.385E-04 1.566E-03 2.791E+03 8.581E-01 2.799E+01 2.000E+00
4.160E+07 8.285E+02 9.497E-01 5.385E-04 1.566E-03 1.303E+03 8.581E-01 2.799E+01 2.000E+00
6.468E+06 8.219E+02 9.525E-01 5.385E-04 1.567E-03 1.307E+03 8.581E-01 2.799E+01 2.000E+00
3.644E+06 8.134E+02 9.561E-01 5.385E-04 1.569E-03 1.480E+03 8.581E-01 2.799E+01 2.000E+00
3.804E+07 8.696E+02 9.331E-01 5.385E-04 1.571E-03 1.282E+03 8.582E-01 2.799E+01 2.000E+00
1.334E+07 8.872E+02 9.262E-01 5.385E-04 1.577E-03 1.273E+03 8.582E-01 2.799E+01 2.000E+00
1.057E+07 2.564E+02 1.299E+00 5.385E-04 1.586E-03 3.268E+03 8.584E-01 2.799E+01 2.000E+00
3.205E+07 9.019E+02 9.206E-01 5.385E-04 1.604E-03 1.266E+03 8.586E-01 2.799E+01 2.000E+00
7.157E+06 9.355E+02 9.081E-01 5.385E-04 1.636E-03 1.252E+03 8.590E-01 2.800E+01 2.000E+00
2.222E+07 4.707E+02 1.140E+00 5.385E-04 1.695E-03 1.707E+03 8.597E-01 2.800E+01 2.000E+00
1.825E+07 7.085E+02 1.004E+00 5.385E-04 1.803E-03 1.384E+03 8.610E-01 2.800E+01 2.000E+00
2.611E+06 8.191E+02 9.541E-01 5.385E-04 2.001E-03 1.310E+03 8.635E-01 2.800E+01 2.000E+00
3.919E+07 6.709E+02 1.023E+00 5.385E-04 2.363E-03 1.416E+03 8.680E-01 2.801E+01 2.000E+00
2.106E+07 7.859E+02 9.694E-01 5.385E-04 3.028E-03 1.331E+03 8.763E-01 2.803E+01 2.000E+00
1.285E+08 9.424E+02 9.076E-01 5.385E-04 4.247E-03 1.256E+03 8.914E-01 2.806E+01 2.000E+00
4.253E+07 3.722E+02 1.224E+00 5.385E-04 6.481E-03 1.977E+03 9.106E-01 2.811E+01 2.000E+00
8.409E+07 8.285E+02 9.497E-01 6.811E-04 1.565E-03 1.303E+03 8.585E-01 2.799E+01 2.000E+00
1.857E+08 8.285E+02 9.497E-01 6.811E-04 1.565E-03 1.303E+03 8.585E-01 2.799E+01 2.000E+00
4.168E+06 8.219E+02 9.525E-01 6.811E-04 1.565E-03 1.307E+03 8.585E-01 2.799E+01 2.000E+00
4.490E+06 8.219E+02 9.525E-01 6.811E-04 1.566E-03 1.308E+03 8.585E-01 2.799E+01 2.000E+00
5.259E+06 8.219E+02 9.525E-01 6.811E-04 1.566E-03 1.307E+03 8.585E-01 2.799E+01 2.000E+00
7.903E+06 8.219E+02 9.525E-01 6.811E-04 1.566E-03 1.310E+03 8.585E-01 2.799E+01 2.000E+00
2.986E+06 8.134E+02 9.561E-01 6.811E-04 1.567E-03 1.312E+03 8.586E-01 2.799E+01 2.000E+00
7.834E+06 8.134E+02 9.561E-01 6.811E-04 1.569E-03 1.312E+03 8.586E-01 2.799E+01 2.000E+00
1.488E+07 6.290E+02 1.044E+00 6.811E-04 1.571E-03 1.458E+03 8.586E-01 2.799E+01 2.000E+00
3.943E+07 7.856E+02 9.681E-01 6.811E-04 1.577E-03 1.332E+03 8.587E-01 2.799E+01 2.000E+00
9.313E+06 3.814E+02 1.204E+00 6.811E-04 1.586E-03 1.989E+03 8.588E-01 2.799E+01 2.000E+00
5.917E+06 5.444E+02 1.093E+00 6.811E-04 1.604E-03 1.568E+03 8.590E-01 2.799E+01 2.000E+00
1.196E+07 7.774E+02 9.718E-01 6.811E-04 1.636E-03 1.334E+03 8.594E-01 2.800E+01 2.000E+00
9.462E+06 6.280E+02 1.045E+00 6.811E-04 1.695E-03 1.462E+03 8.602E-01 2.800E+01 2.000E+00
5.761E+06 9.871E+02 8.898E-01 6.811E-04 1.803E-03 1.232E+03 8.615E-01 2.800E+01 2.000E+00
5.567E+08 3.153E+02 1.256E+00 6.811E-04 2.001E-03 2.385E+03 8.640E-01 2.800E+01 2.000E+00
1.305E+07 7.561E+02 9.821E-01 6.811E-04 2.363E-03 1.349E+03 8.684E-01 2.801E+01 2.000E+00
4.004E+06 4.157E+02 1.182E+00 6.811E-04 3.028E-03 1.848E+03 8.767E-01 2.803E+01 2.000E+00
1.520E+07 3.892E+02 1.205E+00 6.811E-04 4.247E-03 1.934E+03 8.919E-01 2.806E+01 2.000E+00
5.258E+06 9.879E+02 8.930E-01 6.811E-04 6.481E-03 1.245E+03 9.109E-01 2.811E+01 2.000E+00
1.355E+07 8.219E+02 9.525E-01 8.615E-04 1.565E-03 1.307E+03 8.591E-01 2.799E+01 2.000E+00
1.482E+07 8.219E+02 9.525E-01 8.615E-04 1.565E-03 1.308E+03 8.591E-01 2.799E+01 2.000E+00
1.792E+07 8.219E+02 9.525E-01 8.615E-04 1.565E-03 1.307E+03 8.591E-01 2.799E+01 2.000E+00
2.946E+07 8.219E+02 9.525E-01 8.615E-04 1.566E-03 1.307E+03 8.591E-01 2.799E+01 2.000E+00
3.019E+06 8.134E+02 9.561E-01 8.615E-04 1.566E-03 1.312E+03 8.591E-01 2.799E+01 2.000E+00
3.615E+06 8.134E+02 9.561E-01 8.615E-04 1.566E-03 1.312E+03 8.591E-01 2.799E+01 2.000E+00
6.109E+06 8.134E+02 9.561E-01 8.615E-04 1.567E-03 1.312E+03 8.591E-01 2.799E+01 2.000E+00
1.510E+08 8.196E+02 9.535E-01 8.615E-04 1.569E-03 1.308E+03 8.591E-01 2.799E+01 2.000E+00
1.418E+07 8.599E+02 9.369E-01 8.615E-04 1.571E-03 1.287E+03 8.592E-01 2.799E+01 2.000E+00
1.965E+07 7.140E+02 1.001E+00 8.615E-04 1.577E-03 1.379E+03 8.592E-01 2.799E+01 2.000E+00
1.862E+07 8.415E+02 9.444E-01 8.615E-04 1.586E-03 1.296E+03 8.594E-01 2.799E+01 2.000E+00
6.971E+06 9.048E+02 9.195E-01 8.615E-04 1.604E-03 1.265E+03 8.596E-01 2.799E+01 2.000E+00
3.707E+07 9.355E+02 9.081E-01 8.615E-04 1.636E-03 1.252E+03 8.600E-01 2.800E+01 2.000E+00
5.524E+06 9.553E+02 9.009E-01 8.615E-04 1.695E-03 1.244E+03 8.607E-01 2.800E+01 2.000E+00
9.211E+06 7.875E+02 9.675E-01 8.615E-04 1.803E-03 1.328E+03 8.621E-01 2.800E+01 2.000E+00
1.164E+07 8.191E+02 9.541E-01 8.615E-04 2.001E-03 1.310E+03 8.645E-01 2.800E+01 2.000E+00
9.676E+06 4.559E+02 1.152E+00 8.615E-04 2.363E-03 1.739E+03 8.690E-01 2.801E+01 2.000E+00
1.441E+07 8.120E+02 9.581E-01 8.615E-04 3.028E-03 1.315E+03 8.773E-01 2.803E+01 2.000E+00
5.253E+06 6.676E+02 1.027E+00 8.615E-04 4.247E-03 1.421E+03 8.924E-01 2.806E+01 2.000E+00
7.644E+06 6.875E+02 1.020E+00 8.615E-04 6.481E-03 1.404E+03 9.114E-01 2.811E+01 2.000E+00
5.447E+06 8.134E+02 9.561E-01 1.090E-03 1.565E-03 1.312E+03 8.598E-01 2.799E+01 2.000E+00
5.624E+06 8.134E+02 9.561E-01 1.090E-03 1.565E-03 1.329E+03 8.598E-01 2.799E+01 2.000E+00
5.985E+06 8.134E+02 9.561E-01 1.090E-03 1.565E-03 1.313E+03 8.598E-01 2.799E+01 2.000E+00
6.802E+06 8.134E+02 9.561E-01 1.090E-03 1.566E-03 1.312E+03 8.598E-01 2.799E+01 2.000E+00
9.187E+06 8.134E+02 9.561E-01 1.090E-03 1.566E-03 1.312E+03 8.598E-01 2.799E+01 2.000E+00
2.958E+07 8.134E+02 9.561E-01 1.090E-03 1.566E-03 1.312E+03 8.598E-01 2.799E+01 2.000E+00
1.444E+07 8.696E+02 9.331E-01 1.090E-03 1.567E-03 1.282E+03 8.598E-01 2.799E+01 2.000E+00
5.084E+06 8.599E+02 9.369E-01 1.090E-03 1.569E-03 1.287E+03 8.599E-01 2.799E+01 2.000E+00
1.359E+08 8.527E+02 9.398E-01 1.090E-03 1.571E-03 1.291E+03 8.599E-01 2.799E+01 2.000E+00
3.408E+07 6.460E+02 1.035E+00 1.090E-03 1.577E-03 1.441E+03 8.600E-01 2.799E+01 2.000E+00
2.350E+07 5.570E+02 1.085E+00 1.090E-03 1.586E-03 1.549E+03 8.601E-01 2.799E+01 2.000E+00
5.979E+06 7.572E+02 9.808E-01 1.090E-03 1.604E-03 1.348E+03 8.603E-01 2.799E+01 2.000E+00
2.326E+07 7.263E+02 9.952E-01 1.090E-03 1.636E-03 1.370E+03 8.607E-01 2.800E+01 2.000E+00
7.500E+06 9.553E+02 9.009E-01 1.090E-03 1.695E-03 1.244E+03 8.614E-01 2.800E+01 2.000E+00
2.839E+08 4.092E+02 1.184E+00 1.090E-03 1.803E-03 1.880E+03 8.628E-01 2.800E+01 2.000E+00
2.253E+07 4.052E+02 1.187E+00 1.090E-03 2.001E-03 1.892E+03 8.652E-01 2.800E+01 2.000E+00
8.449E+06 5.040E+02 1.120E+00 1.090E-03 2.363E-03 1.635E+03 8.697E-01 2.801E+01 2.000E+00
7.803E+06 9.224E+02 9.140E-01 1.090E-03 3.028E-03 1.261E+03 8.780E-01 2.803E+01 2.000E+00
5.968E+06 2.283E+02 1.331E+00 1.090E-03 4.247E-03 3.984E+03 8.931E-01 2.806E+01 2.000E+00
1.706E+07 5.628E+02 1.090E+00 1.090E-03 6.481E-03 1.534E+03 9.120E-01 2.811E+01 2.000E+00
1.146E+07 6.354E+02 1.041E+00 1.378E-03 1.565E-03 1.451E+03 8.607E-01 2.799E+01 2.000E+00
1.393E+07 6.354E+02 1.041E+00 1.378E-03 1.565E-03 1.451E+03 8.607E-01 2.799E+01 2.000E+00
2.330E+07 6.354E+02 1.041E+00 1.378E-03 1.565E-03 1.451E+03 8.607E-01 2.799E+01 2.000E+00
6.797E+06 6.403E+02 1.038E+00 1.378E-03 1.566E-03 1.446E+03 8.607E-01 2.799E+01 2.000E+00
1.805E+07 6.403E+02 1.038E+00 1.378E-03 1.566E-03 1.447E+03 8.607E-01 2.799E+01 2.000E+00
3.709E+07 6.290E+02 1.044E+00 1.378E-03 1.566E-03 1.458E+03 8.607E-01 2.799E+01 2.000E+00
1.224E+07 3.287E+02 1.244E+00 1.378E-03 1.567E-03 2.293E+03 8.607E-01 2.799E+01 2.000E+00
9.945E+06 8.527E+02 9.398E-01 1.378E-03 1.569E-03 1.291E+03 8.607E-01 2.799E+01 2.000E+00
2.581E+07 7.856E+02 9.681E-01 1.378E-03 1.571E-03 1.329E+03 8.608E-01 2.799E+01 2.000E+00
1.576E+07 4.915E+02 1.126E+00 1.378E-03 1.577E-03 1.662E+03 8.608E-01 2.799E+01 2.000E+00
3.188E+07 3.573E+02 1.222E+00 1.378E-03 1.586E-03 2.106E+03 8.610E-01 2.799E+01 2.000E+00
3.644E+07 9.110E+02 9.171E-01 1.378E-03 1.604E-03 1.263E+03 8.612E-01 2.799E+01 2.000E+00
3.569E+06 4.743E+02 1.138E+00 1.378E-03 1.636E-03 1.699E+03 8.616E-01 2.800E+01 2.000E+00
1.755E+07 5.343E+02 1.099E+00 1.378E-03 1.695E-03 1.584E+03 8.623E-01 2.800E+01 2.000E+00
7.572E+06 9.863E+02 8.901E-01 1.378E-03 1.803E-03 1.233E+03 8.637E-01 2.800E+01 2.000E+00
3.638E+06 5.645E+02 1.082E+00 1.378E-03 2.001E-03 1.538E+03 8.661E-01 2.800E+01 2.000E+00
1.259E+07 7.789E+02 9.719E-01 1.378E-03 2.363E-03 1.347E+03 8.706E-01 2.801E+01 2.000E+00
3.183E+08 9.224E+02 9.140E-01 1.378E-03 3.028E-03 1.261E+03 8.789E-01 2.803E+01 2.000E+00
5.889E+06 7.045E+02 1.009E+00 1.378E-03 4.247E-03 1.389E+03 8.940E-01 2.806E+01 2.000E+00
2.892E+08 8.473E+02 9.465E-01 1.378E-03 6.481E-03 1.305E+03 9.127E-01 2.811E+01 2.000E+00
5.220E+08 6.042E+02 1.058E+00 1.743E-03 1.565E-03 1.487E+03 8.618E-01 2.799E+01 2.000E+00
2.477E+07 8.599E+02 9.369E-01 1.743E-03 1.565E-03 1.290E+03 8.618E-01 2.799E+01 2.000E+00
3.203E+07 8.599E+02 9.369E-01 1.743E-03 1.565E-03 1.287E+03 8.618E-01 2.799E+01 2.000E+00
7.059E+07 8.599E+02 9.369E-01 1.743E-03 1.566E-03 1.287E+03 8.618E-01 2.799E+01 2.000E+00
8.085E+06 8.527E+02 9.398E-01 1.743E-03 1.566E-03 1.310E+03 8.618E-01 2.799E+01 2.000E+00
1.522E+07 4.985E+02 1.122E+00 1.743E-03 1.566E-03 1.648E+03 8.618E-01 2.799E+01 2.000E+00
2.583E+07 3.043E+02 1.263E+00 1.743E-03 1.567E-03 2.502E+03 8.619E-01 2.799E+01 2.000E+00
9.355E+07 8.872E+02 9.262E-01 1.743E-03 1.569E-03 1.274E+03 8.619E-01 2.799E+01 2.000E+00
1.662E+07 3.633E+02 1.217E+00 1.743E-03 1.571E-03 2.075E+03 8.619E-01 2.799E+01 2.000E+00
2.300E+07 8.358E+02 9.467E-01 1.743E-03 1.577E-03 1.300E+03 8.620E-01 2.799E+01 2.000E+00
1.441E+07 4.777E+02 1.135E+00 1.743E-03 1.586E-03 1.692E+03 8.621E-01 2.799E+01 2.000E+00
1.244E+07 6.546E+02 1.031E+00 1.743E-03 1.604E-03 1.433E+03 8.623E-01 2.799E+01 2.000E+00
1.107E+07 7.777E+02 9.716E-01 1.743E-03 1.636E-03 1.334E+03 8.627E-01 2.800E+01 2.000E+00
7.346E+07 8.087E+02 9.582E-01 1.743E-03 1.695E-03 1.315E+03 8.634E-01 2.800E+01 2.000E+00
9.240E+06 9.863E+02 8.901E-01 1.743E-03 1.803E-03 1.233E+03 8.648E-01 2.800E+01 2.000E+00
5.997E+06 6.544E+02 1.032E+00 1.743E-03 2.001E-03 1.432E+03 8.673E-01 2.800E+01 2.000E+00
3.170E+06 3.738E+02 1.211E+00 1.743E-03 2.363E-03 2.015E+03 8.717E-01 2.801E+01 2.000E+00
8.848E+06 9.425E+02 9.066E-01 1.743E-03 3.028E-03 1.260E+03 8.800E-01 2.803E+01 2.000E+00
1.288E+07 8.109E+02 9.597E-01 1.743E-03 4.247E-03 1.318E+03 8.952E-01 2.806E+01 2.000E+00
3.168E+08 6.230E+02 1.054E+00 1.743E-03 6.481E-03 1.464E+03 9.136E-01 2.811E+01 2.000E+00
8.050E+07 8.872E+02 9.262E-01 2.205E-03 1.565E-03 1.274E+03 8.633E-01 2.799E+01 2.000E+00
1.195E+08 8.872E+02 9.262E-01 2.205E-03 1.565E-03 1.274E+03 8.633E-01 2.799E+01 2.000E+00
1.134E+09 8.872E+02 9.262E-01 2.205E-03 1.565E-03 1.274E+03 8.633E-01 2.799E+01 2.000E+00
1.134E+08 7.856E+02 9.681E-01 2.205E-03 1.566E-03 1.364E+03 8.633E-01 2.799E+01 2.000E+00
1.354E+07 7.337E+02 9.917E-01 2.205E-03 1.566E-03 1.370E+03 8.633E-01 2.799E+01 2.000E+00
6.514E+06 7.140E+02 1.001E+00 2.205E-03 1.566E-03 1.380E+03 8.633E-01 2.799E+01 2.000E+00
1.018E+07 7.120E+02 1.002E+00 2.205E-03 1.567E-03 1.382E+03 8.633E-01 2.799E+01 2.000E+00
8.347E+06 8.568E+02 9.382E-01 2.205E-03 1.569E-03 1.289E+03 8.633E-01 2.799E+01 2.000E+00
3.012E+07 6.064E+02 1.057E+00 2.205E-03 1.571E-03 1.484E+03 8.633E-01 2.799E+01 2.000E+00
5.839E+07 8.415E+02 9.444E-01 2.205E-03 1.577E-03 1.297E+03 8.634E-01 2.799E+01 2.000E+00
1.217E+07 5.041E+02 1.118E+00 2.205E-03 1.586E-03 1.638E+03 8.635E-01 2.799E+01 2.000E+00
2.496E+06 3.513E+02 1.227E+00 2.205E-03 1.604E-03 2.140E+03 8.638E-01 2.799E+01 2.000E+00
6.693E+07 8.304E+02 9.490E-01 2.205E-03 1.636E-03 1.304E+03 8.642E-01 2.800E+01 2.000E+00
6.061E+07 8.871E+02 9.263E-01 2.205E-03 1.695E-03 1.275E+03 8.649E-01 2.800E+01 2.000E+00
1.307E+07 9.863E+02 8.901E-01 2.205E-03 1.803E-03 1.233E+03 8.662E-01 2.800E+01 2.000E+00
6.237E+06 4.727E+02 1.140E+00 2.205E-03 2.001E-03 1.701E+03 8.687E-01 2.800E+01 2.000E+00
5.081E+07 3.205E+02 1.253E+00 2.205E-03 2.363E-03 2.334E+03 8.732E-01 2.801E+01 2.000E+00
1.013E+07 8.400E+02 9.463E-01 2.205E-03 3.028E-03 1.301E+03 8.814E-01 2.803E+01 2.000E+00
1.044E+07 8.701E+02 9.352E-01 2.205E-03 4.247E-03 1.288E+03 8.966E-01 2.806E+01 2.000E+00
1.565E+07 5.685E+02 1.086E+00 2.205E-03 6.481E-03 1.528E+03 9.148E-01 2.811E+01 2.000E+00
1.017E+07 4.915E+02 1.126E+00 2.789E-03 1.565E-03 1.663E+03 8.651E-01 2.799E+01 2.000E+00
1.349E+07 4.915E+02 1.126E+00 2.789E-03 1.565E-03 1.663E+03 8.651E-01 2.799E+01 2.000E+00
3.452E+07 4.915E+02 1.126E+00 2.789E-03 1.565E-03 1.663E+03 8.651E-01 2.799E+01 2.000E+00
3.281E+07 3.693E+02 1.213E+00 2.789E-03 1.566E-03 2.055E+03 8.651E-01 2.799E+01 2.000E+00
1.251E+07 4.642E+02 1.145E+00 2.789E-03 1.566E-03 1.723E+03 8.651E-01 2.799E+01 2.000E+00
2.963E+06 3.875E+02 1.199E+00 2.789E-03 1.566E-03 1.964E+03 8.651E-01 2.799E+01 2.000E+00
2.375E+07 5.927E+02 1.065E+00 2.789E-03 1.567E-03 1.501E+03 8.651E-01 2.799E+01 2.000E+00
9.936E+06 8.358E+02 9.467E-01 2.789E-03 1.569E-03 1.300E+03 8.651E-01 2.799E+01 2.000E+00
7.017E+06 8.415E+02 9.444E-01 2.789E-03 1.571E-03 1.297E+03 8.652E-01 2.799E+01 2.000E+00
5.774E+07 7.539E+02 9.823E-01 2.789E-03 1.577E-03 1.351E+03 8.652E-01 2.799E+01 2.000E+00
7.920E+06 9.019E+02 9.206E-01 2.789E-03 1.586E-03 1.268E+03 8.653E-01 2.799E+01 2.000E+00
4.801E+07 8.741E+02 9.313E-01 2.789E-03 1.604E-03 1.376E+03 8.656E-01 2.799E+01 2.000E+00
5.443E+07 8.020E+02 9.610E-01 2.789E-03 1.636E-03 1.320E+03 8.660E-01 2.800E+01 2.000E+00
1.589E+07 5.651E+02 1.081E+00 2.789E-03 1.695E-03 1.538E+03 8.667E-01 2.800E+01 2.000E+00
2.957E+07 9.863E+02 8.901E-01 2.789E-03 1.803E-03 1.233E+03 8.680E-01 2.800E+01 2.000E+00
5.303E+08 8.145E+02 9.560E-01 2.789E-03 2.001E-03 1.313E+03 8.705E-01 2.800E+01 2.000E+00
1.657E+07 8.724E+02 9.327E-01 2.789E-03 2.363E-03 1.283E+03 8.750E-01 2.801E+01 2.000E+00
3.910E+07 2.435E+02 1.315E+00 2.789E-03 3.028E-03 3.515E+03 8.833E-01 2.803E+01 2.000E+00
1.498E+07 9.533E+02 9.036E-01 2.789E-03 4.247E-03 1.255E+03 8.984E-01 2.806E+01 2.000E+00
1.156E+07 7.524E+02 9.882E-01 2.789E-03 6.481E-03 1.358E+03 9.162E-01 2.811E+01 2.000E+00
6.524E+08 5.869E+02 1.068E+00 3.528E-03 1.565E-03 1.509E+03 8.674E-01 2.799E+01 2.000E+00
2.615E+07 5.845E+02 1.069E+00 3.528E-03 1.565E-03 1.519E+03 8.674E-01 2.799E+01 2.000E+00
3.464E+08 5.845E+02 1.069E+00 3.528E-03 1.565E-03 1.514E+03 8.674E-01 2.799E+01 2.000E+00
5.445E+07 5.764E+02 1.074E+00 3.528E-03 1.566E-03 1.523E+03 8.674E-01 2.799E+01 2.000E+00
1.086E+07 2.984E+02 1.267E+00 3.528E-03 1.566E-03 2.570E+03 8.674E-01 2.799E+01 2.000E+00
8.106E+06 8.415E+02 9.444E-01 3.528E-03 1.566E-03 1.298E+03 8.674E-01 2.799E+01 2.000E+00
1.090E+08 8.415E+02 9.444E-01 3.528E-03 1.567E-03 1.304E+03 8.674E-01 2.799E+01 2.000E+00
2.704E+07 7.479E+02 9.851E-01 3.528E-03 1.569E-03 1.356E+03 8.674E-01 2.799E+01 2.000E+00
7.790E+06 7.467E+02 9.856E-01 3.528E-03 1.571E-03 1.356E+03 8.675E-01 2.799E+01 2.000E+00
2.917E+06 3.454E+02 1.231E+00 3.528E-03 1.577E-03 2.176E+03 8.675E-01 2.799E+01 2.000E+00
2.479E+07 7.572E+02 9.808E-01 3.528E-03 1.586E-03 1.351E+03 8.676E-01 2.799E+01 2.000E+00
2.646E+06 2.747E+02 1.286E+00 3.528E-03 1.604E-03 2.896E+03 8.679E-01 2.799E+01 2.000E+00
3.263E+07 7.475E+02 9.853E-01 3.528E-03 1.636E-03 1.356E+03 8.683E-01 2.800E+01 2.000E+00
5.030E+07 2.864E+02 1.277E+00 3.528E-03 1.695E-03 2.705E+03 8.690E-01 2.800E+01 2.000E+00
5.719E+06 7.096E+02 1.003E+00 3.528E-03 1.803E-03 1.389E+03 8.703E-01 2.800E+01 2.000E+00
2.414E+07 6.871E+02 1.015E+00 3.528E-03 2.001E-03 1.403E+03 8.728E-01 2.800E+01 2.000E+00
8.146E+06 5.729E+02 1.077E+00 3.528E-03 2.363E-03 1.527E+03 8.773E-01 2.801E+01 2.000E+00
4.548E+07 3.802E+02 1.208E+00 3.528E-03 3.028E-03 1.982E+03 8.856E-01 2.803E+01 2.000E+00
1.441E+07 4.587E+02 1.154E+00 3.528E-03 4.247E-03 1.725E+03 9.007E-01 2.806E+01 2.000E+00
3.402E+07 9.879E+02 8.930E-01 3.528E-03 6.481E-03 1.247E+03 9.181E-01 2.811E+01 2.000E+00
1.590E+08 7.542E+02 9.822E-01 4.462E-03 1.565E-03 1.352E+03 8.703E-01 2.799E+01 2.000E+00
3.149E+09 7.375E+02 9.899E-01 4.462E-03 1.565E-03 1.363E+03 8.703E-01 2.799E+01 2.000E+00
2.038E+07 9.059E+02 9.190E-01 4.462E-03 1.565E-03 1.267E+03 8.703E-01 2.799E+01 2.000E+00
2.604E+07 9.059E+02 9.190E-01 4.462E-03 1.566E-03 1.267E+03 8.703E-01 2.799E+01 2.000E+00
2.496E+07 3.983E+02 1.191E+00 4.462E-03 1.566E-03 1.922E+03 8.703E-01 2.799E+01 2.000E+00
3.541E+06 4.064E+02 1.185E+00 4.462E-03 1.566E-03 1.892E+03 8.703E-01 2.799E+01 2.000E+00
3.230E+06 3.336E+02 1.240E+00 4.462E-03 1.567E-03 2.254E+03 8.703E-01 2.799E+01 2.000E+00
9.162E+06 4.993E+02 1.121E+00 4.462E-03 1.569E-03 1.648E+03 8.703E-01 2.799E+01 2.000E+00
3.134E+06 4.451E+02 1.158E+00 4.462E-03 1.571E-03 1.773E+03 8.704E-01 2.799E+01 2.000E+00
6.641E+06 2.570E+02 1.299E+00 4.462E-03 1.577E-03 3.254E+03 8.704E-01 2.799E+01 2.000E+00
2.249E+08 8.990E+02 9.217E-01 4.462E-03 1.586E-03 1.271E+03 8.705E-01 2.799E+01 2.000E+00
6.030E+07 9.239E+02 9.123E-01 4.462E-03 1.604E-03 1.259E+03 8.708E-01 2.799E+01 2.000E+00
1.158E+07 6.614E+02 1.027E+00 4.462E-03 1.636E-03 1.427E+03 8.712E-01 2.800E+01 2.000E+00
2.810E+07 4.692E+02 1.141E+00 4.462E-03 1.695E-03 1.712E+03 8.719E-01 2.800E+01 2.000E+00
2.891E+07 3.330E+02 1.241E+00 4.462E-03 1.803E-03 2.253E+03 8.732E-01 2.800E+01 2.000E+00
4.117E+06 4.580E+02 1.150E+00 4.462E-03 2.001E-03 1.738E+03 8.757E-01 2.800E+01 2.000E+00
4.537E+06 7.467E+02 9.865E-01 4.462E-03 2.363E-03 1.358E+03 8.802E-01 2.801E+01 2.000E+00
6.285E+06 5.097E+02 1.117E+00 4.462E-03 3.028E-03 1.624E+03 8.885E-01 2.803E+01 2.000E+00
1.141E+07 2.410E+02 1.322E+00 4.462E-03 4.247E-03 3.478E+03 9.036E-01 2.806E+01 2.000E+00
2.212E+07 3.368E+02 1.252E+00 4.462E-03 6.481E-03 2.152E+03 9.204E-01 2.811E+01 2.000E+00
3.030E+08 2.588E+02 1.297E+00 5.644E-03 1.565E-03 3.292E+03 8.739E-01 2.799E+01 2.000E+00
7.302E+06 2.570E+02 1.299E+00 5.644E-03 1.565E-03 3.255E+03 8.739E-01 2.799E+01 2.000E+00
1.226E+07 2.570E+02 1.299E+00 5.644E-03 1.565E-03 3.255E+03 8.739E-01 2.799E+01 2.000E+00
2.363E+07 2.501E+02 1.304E+00 5.644E-03 1.566E-03 3.447E+03 8.740E-01 2.799E+01 2.000E+00
2.918E+07 5.494E+02 1.090E+00 5.644E-03 1.566E-03 1.562E+03 8.740E-01 2.799E+01 2.000E+00
4.252E+06 3.936E+02 1.195E+00 5.644E-03 1.566E-03 1.943E+03 8.740E-01 2.799E+01 2.000E+00
5.502E+06 4.060E+02 1.186E+00 5.644E-03 1.567E-03 1.921E+03 8.740E-01 2.799E+01 2.000E+00
1.225E+08 9.228E+02 9.127E-01 5.644E-03 1.569E-03 1.260E+03 8.740E-01 2.799E+01 2.000E+00
3.725E+07 6.274E+02 1.045E+00 5.644E-03 1.571E-03 1.462E+03 8.740E-01 2.799E+01 2.000E+00
4.261E+07 9.099E+02 9.175E-01 5.644E-03 1.577E-03 1.266E+03 8.741E-01 2.799E+01 2.000E+00
3.443E+07 8.755E+02 9.308E-01 5.644E-03 1.586E-03 1.282E+03 8.742E-01 2.799E+01 2.000E+00
3.212E+07 6.200E+02 1.049E+00 5.644E-03 1.604E-03 1.470E+03 8.744E-01 2.799E+01 2.000E+00
4.508E+06 7.277E+02 9.946E-01 5.644E-03 1.636E-03 1.371E+03 8.748E-01 2.800E+01 2.000E+00
5.679E+07 6.810E+02 1.017E+00 5.644E-03 1.695E-03 1.410E+03 8.756E-01 2.800E+01 2.000E+00
1.553E+07 8.638E+02 9.356E-01 5.644E-03 1.803E-03 1.367E+03 8.769E-01 2.800E+01 2.000E+00
6.115E+06 6.023E+02 1.060E+00 5.644E-03 2.001E-03 1.491E+03 8.794E-01 2.800E+01 2.000E+00
1.773E+07 4.233E+02 1.175E+00 5.644E-03 2.363E-03 1.831E+03 8.839E-01 2.801E+01 2.000E+00
2.213E+07 7.451E+02 9.879E-01 5.644E-03 3.028E-03 1.360E+03 8.921E-01 2.803E+01 2.000E+00
1.351E+07 8.616E+02 9.386E-01 5.644E-03 4.247E-03 1.294E+03 9.066E-01 2.806E+01 2.000E+00
4.650E+06 9.080E+02 9.223E-01 5.644E-03 6.481E-03 1.278E+03 9.233E-01 2.811E+01 2.000E+00
1.444E+07 9.099E+02 9.175E-01 7.139E-03 1.565E-03 1.267E+03 8.786E-01 2.799E+01 2.000E+00
1.508E+07 9.099E+02 9.175E-01 7.139E-03 1.565E-03 1.266E+03 8.786E-01 2.799E+01 2.000E+00
1.641E+07 9.099E+02 9.175E-01 7.139E-03 1.565E-03 1.266E+03 8.786E-01 2.799E+01 2.000E+00
1.962E+07 9.099E+02 9.175E-01 7.139E-03 1.566E-03 1.266E+03 8.786E-01 2.799E+01 2.000E+00
3.098E+07 9.099E+02 9.175E-01 7.139E-03 1.566E-03 1.267E+03 8.786E-01 2.799E+01 2.000E+00
1.700E+07 8.990E+02 9.216E-01 7.139E-03 1.566E-03 1.272E+03 8.786E-01 2.799E+01 2.000E+00
3.382E+06 8.822E+02 9.281E-01 7.139E-03 1.567E-03 1.279E+03 8.786E-01 2.799E+01 2.000E+00
9.186E+06 4.820E+02 1.133E+00 7.139E-03 1.569E-03 1.685E+03 8.786E-01 2.799E+01 2.000E+00
3.299E+07 8.734E+02 9.316E-01 7.139E-03 1.571E-03 1.283E+03 8.787E-01 2.799E+01 2.000E+00
1.131E+08 9.534E+02 9.015E-01 7.139E-03 1.577E-03 1.248E+03 8.787E-01 2.799E+01 2.000E+00
5.917E+07 4.122E+02 1.181E+00 7.139E-03 1.586E-03 1.873E+03 8.789E-01 2.799E+01 2.000E+00
1.260E+07 4.059E+02 1.186E+00 7.139E-03 1.604E-03 1.895E+03 8.791E-01 2.799E+01 2.000E+00
1.655E+07 8.441E+02 9.434E-01 7.139E-03 1.636E-03 1.299E+03 8.795E-01 2.800E+01 2.000E+00
1.109E+07 8.194E+02 9.537E-01 7.139E-03 1.695E-03 1.313E+03 8.802E-01 2.800E+01 2.000E+00
1.697E+07 9.249E+02 9.121E-01 7.139E-03 1.803E-03 1.265E+03 8.815E-01 2.800E+01 2.000E+00
9.563E+07 4.975E+02 1.123E+00 7.139E-03 2.001E-03 1.651E+03 8.840E-01 2.800E+01 2.000E+00
6.131E+06 6.274E+02 1.046E+00 7.139E-03 2.363E-03 1.463E+03 8.885E-01 2.801E+01 2.000E+00
1.335E+08 6.993E+02 1.010E+00 7.139E-03 3.028E-03 1.396E+03 8.968E-01 2.803E+01 2.000E+00
2.210E+07 7.757E+02 9.752E-01 7.139E-03 4.247E-03 1.343E+03 9.103E-01 2.806E+01 2.000E+00
9.292E+06 2.449E+02 1.329E+00 7.139E-03 6.481E-03 3.188E+03 9.271E-01 2.811E+01 2.000E+00
1.826E+07 3.813E+02 1.204E+00 9.029E-03 1.565E-03 1.993E+03 8.845E-01 2.799E+01 2.000E+00
4.117E+07 3.813E+02 1.204E+00 9.029E-03 1.565E-03 1.999E+03 8.845E-01 2.799E+01 2.000E+00
4.026E+06 6.288E+02 1.045E+00 9.029E-03 1.565E-03 1.462E+03 8.845E-01 2.799E+01 2.000E+00
1.015E+07 9.400E+02 9.063E-01 9.029E-03 1.566E-03 1.255E+03 8.845E-01 2.799E+01 2.000E+00
8.438E+06 9.588E+02 8.996E-01 9.029E-03 1.566E-03 1.247E+03 8.845E-01 2.799E+01 2.000E+00
9.881E+07 6.864E+02 1.015E+00 9.029E-03 1.566E-03 1.408E+03 8.845E-01 2.799E+01 2.000E+00
3.551E+07 4.534E+02 1.152E+00 9.029E-03 1.567E-03 1.754E+03 8.845E-01 2.799E+01 2.000E+00
7.214E+06 5.926E+02 1.065E+00 9.029E-03 1.569E-03 1.562E+03 8.845E-01 2.799E+01 2.000E+00
2.195E+07 9.465E+02 9.040E-01 9.029E-03 1.571E-03 1.252E+03 8.845E-01 2.799E+01 2.000E+00
2.143E+07 9.355E+02 9.080E-01 9.029E-03 1.577E-03 1.257E+03 8.846E-01 2.799E+01 2.000E+00
5.357E+06 5.443E+02 1.093E+00 9.029E-03 1.586E-03 1.572E+03 8.847E-01 2.799E+01 2.000E+00
5.287E+06 4.362E+02 1.164E+00 9.029E-03 1.604E-03 1.799E+03 8.849E-01 2.799E+01 2.000E+00
1.288E+07 3.452E+02 1.231E+00 9.029E-03 1.636E-03 2.180E+03 8.853E-01 2.800E+01 2.000E+00
9.328E+06 9.179E+02 9.146E-01 9.029E-03 1.695E-03 1.264E+03 8.861E-01 2.800E+01 2.000E+00
5.547E+06 3.331E+02 1.241E+00 9.029E-03 1.803E-03 2.254E+03 8.874E-01 2.800E+01 2.000E+00
8.238E+06 9.471E+02 9.041E-01 9.029E-03 2.001E-03 1.253E+03 8.899E-01 2.800E+01 2.000E+00
7.422E+06 6.889E+02 1.014E+00 9.029E-03 2.363E-03 1.405E+03 8.944E-01 2.801E+01 2.000E+00
6.777E+06 5.025E+02 1.122E+00 9.029E-03 3.028E-03 2.780E+03 9.026E-01 2.803E+01 2.000E+00
8.753E+07 7.093E+02 1.006E+00 9.029E-03 4.247E-03 1.390E+03 9.151E-01 2.806E+01 2.000E+00
1.477E+07 7.856E+02 9.731E-01 9.029E-03 6.481E-03 1.342E+03 9.318E-01 2.811E+01 2.000E+00
8.025E+06 7.672E+02 9.763E-01 1.142E-02 1.565E-03 1.347E+03 8.919E-01 2.799E+01 2.000E+00
8.593E+06 7.672E+02 9.763E-01 1.142E-02 1.565E-03 1.346E+03 8.919E-01 2.799E+01 2.000E+00
9.894E+06 7.672E+02 9.763E-01 1.142E-02 1.565E-03 1.347E+03 8.919E-01 2.799E+01 2.000E+00
9.046E+07 6.776E+02 1.019E+00 1.142E-02 1.566E-03 1.416E+03 8.919E-01 2.799E+01 2.000E+00
5.834E+07 7.672E+02 9.763E-01 1.142E-02 1.566E-03 1.355E+03 8.919E-01 2.799E+01 2.000E+00
3.873E+06 5.198E+02 1.108E+00 1.142E-02 1.566E-03 1.614E+03 8.919E-01 2.799E+01 2.000E+00
1.532E+07 5.344E+02 1.099E+00 1.142E-02 1.567E-03 1.589E+03 8.919E-01 2.799E+01 2.000E+00
8.984E+06 5.493E+02 1.090E+00 1.142E-02 1.569E-03 1.566E+03 8.919E-01 2.799E+01 2.000E+00
6.094E+06 8.020E+02 9.610E-01 1.142E-02 1.571E-03 1.325E+03 8.920E-01 2.799E+01 2.000E+00
7.807E+06 8.195E+02 9.535E-01 1.142E-02 1.577E-03 1.314E+03 8.920E-01 2.799E+01 2.000E+00
2.784E+06 6.927E+02 1.011E+00 1.142E-02 1.586E-03 1.403E+03 8.921E-01 2.799E+01 2.000E+00
6.125E+06 8.441E+02 9.434E-01 1.142E-02 1.604E-03 1.310E+03 8.924E-01 2.799E+01 2.000E+00
7.543E+06 7.671E+02 9.764E-01 1.142E-02 1.636E-03 1.350E+03 8.928E-01 2.800E+01 2.000E+00
3.847E+06 3.600E+02 1.220E+00 1.142E-02 1.695E-03 2.094E+03 8.935E-01 2.800E+01 2.000E+00
8.660E+06 8.524E+02 9.402E-01 1.142E-02 1.803E-03 1.297E+03 8.948E-01 2.800E+01 2.000E+00
4.711E+06 5.888E+02 1.067E+00 1.142E-02 2.001E-03 1.510E+03 8.973E-01 2.800E+01 2.000E+00
2.226E+07 4.296E+02 1.170E+00 1.142E-02 2.363E-03 1.815E+03 9.018E-01 2.801E+01 2.000E+00
6.662E+06 4.814E+02 1.136E+00 1.142E-02 3.028E-03 1.683E+03 9.101E-01 2.803E+01 2.000E+00
3.439E+07 8.851E+02 9.293E-01 1.142E-02 4.247E-03 1.287E+03 9.210E-01 2.806E+01 2.000E+00
7.453E+07 6.820E+02 1.023E+00 1.142E-02 6.481E-03 1.416E+03 9.378E-01 2.811E+01 2.000E+00
9.030E+06 6.902E+02 1.013E+00 1.445E-02 1.565E-03 1.406E+03 9.013E-01 2.799E+01 2.000E+00
1.014E+07 6.902E+02 1.013E+00 1.445E-02 1.565E-03 1.406E+03 9.013E-01 2.799E+01 2.000E+00
1.316E+07 6.902E+02 1.013E+00 1.445E-02 1.565E-03 1.420E+03 9.013E-01 2.799E+01 2.000E+00
3.007E+07 6.902E+02 1.013E+00 1.445E-02 1.566E-03 1.406E+03 9.013E-01 2.799E+01 2.000E+00
2.316E+07 4.693E+02 1.141E+00 1.445E-02 1.566E-03 1.716E+03 9.013E-01 2.799E+01 2.000E+00
4.709E+06 4.913E+02 1.127E+00 1.445E-02 1.566E-03 1.669E+03 9.013E-01 2.799E+01 2.000E+00
4.670E+07 6.994E+02 1.008E+00 1.445E-02 1.567E-03 1.398E+03 9.013E-01 2.799E+01 2.000E+00
5.392E+07 6.040E+02 1.058E+00 1.445E-02 1.569E-03 1.493E+03 9.013E-01 2.799E+01 2.000E+00
1.029E+07 7.568E+02 9.810E-01 1.445E-02 1.571E-03 1.355E+03 9.014E-01 2.799E+01 2.000E+00
4.762E+07 7.190E+02 9.987E-01 1.445E-02 1.577E-03 1.383E+03 9.014E-01 2.799E+01 2.000E+00
1.363E+07 9.650E+02 8.974E-01 1.445E-02 1.586E-03 1.248E+03 9.016E-01 2.799E+01 2.000E+00
5.207E+07 5.644E+02 1.081E+00 1.445E-02 1.604E-03 1.545E+03 9.018E-01 2.799E+01 2.000E+00
2.082E+07 9.231E+02 9.126E-01 1.445E-02 1.636E-03 1.265E+03 9.022E-01 2.800E+01 2.000E+00
1.576E+07 9.681E+02 8.964E-01 1.445E-02 1.695E-03 1.247E+03 9.029E-01 2.800E+01 2.000E+00
4.664E+06 6.948E+02 1.011E+00 1.445E-02 1.803E-03 1.403E+03 9.043E-01 2.800E+01 2.000E+00
1.163E+07 7.140E+02 1.002E+00 1.445E-02 2.001E-03 1.387E+03 9.067E-01 2.800E+01 2.000E+00
2.575E+07 4.425E+02 1.161E+00 1.445E-02 2.363E-03 1.780E+03 9.112E-01 2.801E+01 2.000E+00
5.821E+08 8.109E+02 9.586E-01 1.445E-02 3.028E-03 1.324E+03 9.195E-01 2.803E+01 2.000E+00
7.257E+06 2.767E+02 1.294E+00 1.445E-02 4.247E-03 2.740E+03 9.286E-01 2.806E+01 2.000E+00
1.138E+08 6.004E+02 1.067E+00 1.445E-02 6.481E-03 1.496E+03 9.454E-01 2.811E+01 2.000E+00
9.428E+07 7.689E+02 9.755E-01 1.827E-02 1.565E-03 1.349E+03 9.132E-01 2.799E+01 2.000E+00
3.423E+06 9.553E+02 9.008E-01 1.827E-02 1.565E-03 1.255E+03 9.132E-01 2.799E+01 2.000E+00
3.443E+06 9.553E+02 9.008E-01 1.827E-02 1.565E-03 1.254E+03 9.132E-01 2.799E+01 2.000E+00
3.481E+06 9.553E+02 9.008E-01 1.827E-02 1.566E-03 1.255E+03 9.132E-01 2.799E+01 2.000E+00
3.553E+06 9.553E+02 9.008E-01 1.827E-02 1.566E-03 1.254E+03 9.132E-01 2.799E+01 2.000E+00
3.695E+06 9.553E+02 9.008E-01 1.827E-02 1.566E-03 1.254E+03 9.132E-01 2.799E+01 2.000E+00
6.460E+06 3.275E+02 1.245E+00 1.827E-02 1.567E-03 2.302E+03 9.132E-01 2.799E+01 2.000E+00
2.445E+07 6.600E+02 1.028E+00 1.827E-02 1.569E-03 1.436E+03 9.132E-01 2.799E+01 2.000E+00
7.286E+06 8.029E+02 9.606E-01 1.827E-02 1.571E-03 1.328E+03 9.132E-01 2.799E+01 2.000E+00
2.769E+07 6.171E+02 1.051E+00 1.827E-02 1.577E-03 1.480E+03 9.133E-01 2.799E+01 2.000E+00
1.510E+08 6.621E+02 1.027E+00 1.827E-02 1.586E-03 1.434E+03 9.134E-01 2.799E+01 2.000E+00
1.012E+07 9.381E+02 9.071E-01 1.827E-02 1.604E-03 1.262E+03 9.136E-01 2.800E+01 2.000E+00
5.282E+06 6.719E+02 1.022E+00 1.827E-02 1.636E-03 1.425E+03 9.140E-01 2.800E+01 2.000E+00
1.156E+07 5.503E+02 1.090E+00 1.827E-02 1.695E-03 1.567E+03 9.148E-01 2.800E+01 2.000E+00
2.517E+07 9.178E+02 9.147E-01 1.827E-02 1.803E-03 1.271E+03 9.161E-01 2.800E+01 2.000E+00
2.087E+07 7.020E+02 1.007E+00 1.827E-02 2.001E-03 1.399E+03 9.186E-01 2.800E+01 2.000E+00
3.855E+06 3.918E+02 1.198E+00 1.827E-02 2.363E-03 1.946E+03 9.231E-01 2.801E+01 2.000E+00
1.160E+07 6.910E+02 1.014E+00 1.827E-02 3.028E-03 1.410E+03 9.290E-01 2.803E+01 2.000E+00
4.598E+07 7.737E+02 9.761E-01 1.827E-02 4.247E-03 1.351E+03 9.382E-01 2.806E+01 2.000E+00
5.297E+06 9.395E+02 9.104E-01 1.827E-02 6.481E-03 1.276E+03 9.547E-01 2.811E+01 2.000E+00
1.052E+07 8.639E+02 9.354E-01 2.311E-02 1.565E-03 1.298E+03 9.282E-01 2.799E+01 2.000E+00
1.103E+07 8.639E+02 9.354E-01 2.311E-02 1.565E-03 1.298E+03 9.282E-01 2.799E+01 2.000E+00
1.214E+07 8.639E+02 9.354E-01 2.311E-02 1.565E-03 1.298E+03 9.282E-01 2.799E+01 2.000E+00
1.493E+07 8.639E+02 9.354E-01 2.311E-02 1.566E-03 1.298E+03 9.282E-01 2.799E+01 2.000E+00
2.635E+07 8.639E+02 9.354E-01 2.311E-02 1.566E-03 1.298E+03 9.282E-01 2.799E+01 2.000E+00
4.756E+06 9.381E+02 9.071E-01 2.311E-02 1.566E-03 1.267E+03 9.282E-01 2.799E+01 2.000E+00
1.036E+07 4.040E+02 1.187E+00 2.311E-02 1.567E-03 1.909E+03 9.282E-01 2.799E+01 2.000E+00
7.825E+07 7.361E+02 9.906E-01 2.311E-02 1.569E-03 1.375E+03 9.282E-01 2.799E+01 2.000E+00
6.442E+06 9.231E+02 9.126E-01 2.311E-02 1.571E-03 1.270E+03 9.283E-01 2.799E+01 2.000E+00
3.775E+07 8.698E+02 9.330E-01 2.311E-02 1.577E-03 1.295E+03 9.283E-01 2.799E+01 2.000E+00
2.308E+07 6.623E+02 1.027E+00 2.311E-02 1.586E-03 1.436E+03 9.285E-01 2.799E+01 2.000E+00
4.920E+06 6.612E+02 1.027E+00 2.311E-02 1.604E-03 1.437E+03 9.287E-01 2.800E+01 2.000E+00
3.689E+07 9.736E+02 8.944E-01 2.311E-02 1.636E-03 1.254E+03 9.291E-01 2.800E+01 2.000E+00
5.567E+06 8.683E+02 9.337E-01 2.311E-02 1.695E-03 1.296E+03 9.298E-01 2.800E+01 2.000E+00
6.180E+06 9.556E+02 9.009E-01 2.311E-02 1.803E-03 1.258E+03 9.312E-01 2.800E+01 2.000E+00
8.045E+06 8.559E+02 9.390E-01 2.311E-02 2.001E-03 1.303E+03 9.334E-01 2.800E+01 2.000E+00
7.682E+07 3.795E+02 1.207E+00 2.311E-02 2.363E-03 1.998E+03 9.361E-01 2.801E+01 2.000E+00
1.439E+07 4.410E+02 1.164E+00 2.311E-02 3.028E-03 1.785E+03 9.411E-01 2.803E+01 2.000E+00
8.121E+07 7.407E+02 9.913E-01 2.311E-02 4.247E-03 1.377E+03 9.503E-01 2.806E+01 2.000E+00
9.477E+06 6.657E+02 1.031E+00 2.311E-02 6.481E-03 1.441E+03 9.633E-01 2.811E+01 2.000E+00
5.863E+08 3.896E+02 1.198E+00 2.923E-02 1.565E-03 2.225E+03 9.454E-01 2.799E+01 2.000E+00
7.427E+07 3.932E+02 1.195E+00 2.923E-02 1.565E-03 1.952E+03 9.454E-01 2.799E+01 2.000E+00
8.360E+06 3.450E+02 1.232E+00 2.923E-02 1.565E-03 2.188E+03 9.454E-01 2.799E+01 2.000E+00
5.988E+07 3.450E+02 1.232E+00 2.923E-02 1.566E-03 2.190E+03 9.454E-01 2.799E+01 2.000E+00
3.322E+06 9.794E+02 8.923E-01 2.923E-02 1.566E-03 1.254E+03 9.454E-01 2.799E+01 2.000E+00
3.202E+06 5.877E+02 1.068E+00 2.923E-02 1.566E-03 1.522E+03 9.454E-01 2.799E+01 2.000E+00
9.175E+06 3.185E+02 1.252E+00 2.923E-02 1.567E-03 2.385E+03 9.455E-01 2.799E+01 2.000E+00
4.945E+07 7.980E+02 9.627E-01 2.923E-02 1.569E-03 1.338E+03 9.455E-01 2.799E+01 2.000E+00
3.743E+07 8.413E+02 9.445E-01 2.923E-02 1.571E-03 1.313E+03 9.455E-01 2.799E+01 2.000E+00
3.542E+06 9.736E+02 8.944E-01 2.923E-02 1.577E-03 1.254E+03 9.455E-01 2.799E+01 2.000E+00
9.403E+06 7.275E+02 9.946E-01 2.923E-02 1.586E-03 1.385E+03 9.456E-01 2.799E+01 2.000E+00
7.762E+06 9.863E+02 8.900E-01 2.923E-02 1.604E-03 1.250E+03 9.457E-01 2.800E+01 2.000E+00
5.541E+06 4.689E+02 1.142E+00 2.923E-02 1.636E-03 1.728E+03 9.460E-01 2.800E+01 2.000E+00
1.723E+06 5.325E+02 1.101E+00 2.923E-02 1.695E-03 1.601E+03 9.464E-01 2.800E+01 2.000E+00
2.248E+07 8.080E+02 9.587E-01 2.923E-02 1.803E-03 1.332E+03 9.472E-01 2.800E+01 2.000E+00
1.053E+08 3.326E+02 1.242E+00 2.923E-02 2.001E-03 2.261E+03 9.487E-01 2.800E+01 2.000E+00
4.706E+06 5.866E+02 1.069E+00 2.923E-02 2.363E-03 1.522E+03 9.514E-01 2.801E+01 2.000E+00
3.316E+06 3.933E+02 1.199E+00 2.923E-02 3.028E-03 1.939E+03 9.564E-01 2.803E+01 2.000E+00
1.586E+07 9.059E+02 9.213E-01 2.923E-02 4.247E-03 1.292E+03 9.656E-01 2.806E+01 2.000E+00
1.600E+07 2.564E+02 1.320E+00 2.923E-02 6.481E-03 2.957E+03 9.742E-01 2.811E+01 2.000E+00
1.187E+07 4.308E+02 1.168E+00 3.697E-02 1.565E-03 1.828E+03 9.648E-01 2.799E+01 2.000E+00
1.773E+07 4.308E+02 1.168E+00 3.697E-02 1.565E-03 1.828E+03 9.648E-01 2.799E+01 2.000E+00
2.330E+08 4.308E+02 1.168E+00 3.697E-02 1.565E-03 1.828E+03 9.648E-01 2.799E+01 2.000E+00
8.537E+07 4.943E+02 1.125E+00 3.697E-02 1.566E-03 1.674E+03 9.648E-01 2.799E+01 2.000E+00
1.473E+07 8.792E+02 9.293E-01 3.697E-02 1.566E-03 1.303E+03 9.648E-01 2.799E+01 2.000E+00
4.252E+06 2.979E+02 1.268E+00 3.697E-02 1.566E-03 2.576E+03 9.648E-01 2.799E+01 2.000E+00
2.724E+07 9.083E+02 9.181E-01 3.697E-02 1.567E-03 1.286E+03 9.648E-01 2.799E+01 2.000E+00
4.100E+06 4.979E+02 1.122E+00 3.697E-02 1.569E-03 1.666E+03 9.648E-01 2.799E+01 2.000E+00
3.913E+07 8.938E+02 9.237E-01 3.697E-02 1.571E-03 1.292E+03 9.648E-01 2.799E+01 2.000E+00
1.310E+07 4.527E+02 1.153E+00 3.697E-02 1.577E-03 1.768E+03 9.649E-01 2.799E+01 2.000E+00
4.630E+07 4.771E+02 1.136E+00 3.697E-02 1.586E-03 1.710E+03 9.649E-01 2.800E+01 2.000E+00
2.898E+06 5.999E+02 1.061E+00 3.697E-02 1.604E-03 1.510E+03 9.651E-01 2.800E+01 2.000E+00
2.795E+07 6.717E+02 1.022E+00 3.697E-02 1.636E-03 1.457E+03 9.653E-01 2.800E+01 2.000E+00
1.306E+07 5.683E+02 1.079E+00 3.697E-02 1.695E-03 1.554E+03 9.658E-01 2.800E+01 2.000E+00
7.355E+06 8.471E+02 9.424E-01 3.697E-02 1.803E-03 1.316E+03 9.666E-01 2.800E+01 2.000E+00
4.955E+06 5.480E+02 1.092E+00 3.697E-02 2.001E-03 1.581E+03 9.681E-01 2.800E+01 2.000E+00
1.477E+06 5.719E+02 1.078E+00 3.697E-02 2.363E-03 1.551E+03 9.708E-01 2.801E+01 2.000E+00
1.770E+09 3.072E+02 1.266E+00 3.697E-02 3.028E-03 2.443E+03 9.757E-01 2.803E+01 2.000E+00
7.223E+06 7.271E+02 9.978E-01 3.697E-02 4.247E-03 1.395E+03 9.801E-01 2.806E+01 2.000E+00
9.469E+07 7.948E+02 9.690E-01 3.697E-02 6.481E-03 1.358E+03 9.880E-01 2.811E+01 2.000E+00
8.509E+07 4.053E+02 1.186E+00 4.677E-02 1.565E-03 1.915E+03 9.880E-01 2.799E+01 2.000E+00
1.947E+07 5.717E+02 1.077E+00 4.677E-02 1.565E-03 1.552E+03 9.880E-01 2.799E+01 2.000E+00
6.654E+07 5.717E+02 1.077E+00 4.677E-02 1.565E-03 1.552E+03 9.880E-01 2.799E+01 2.000E+00
1.387E+07 8.988E+02 9.218E-01 4.677E-02 1.566E-03 1.297E+03 9.880E-01 2.799E+01 2.000E+00
1.940E+07 8.988E+02 9.218E-01 4.677E-02 1.566E-03 1.297E+03 9.880E-01 2.799E+01 2.000E+00
8.164E+07 8.988E+02 9.218E-01 4.677E-02 1.566E-03 1.297E+03 9.880E-01 2.799E+01 2.000E+00
4.988E+06 6.368E+02 1.040E+00 4.677E-02 1.567E-03 1.477E+03 9.880E-01 2.799E+01 2.000E+00
6.851E+06 5.684E+02 1.079E+00 4.677E-02 1.569E-03 1.556E+03 9.880E-01 2.799E+01 2.000E+00
2.490E+06 7.370E+02 9.902E-01 4.677E-02 1.571E-03 1.389E+03 9.880E-01 2.799E+01 2.000E+00
3.139E+07 8.248E+02 9.514E-01 4.677E-02 1.577E-03 1.333E+03 9.880E-01 2.800E+01 2.000E+00
1.540E+07 7.668E+02 9.765E-01 4.677E-02 1.586E-03 1.368E+03 9.880E-01 2.800E+01 2.000E+00
1.925E+09 6.453E+02 1.036E+00 4.677E-02 1.604E-03 1.466E+03 9.881E-01 2.800E+01 2.000E+00
3.676E+07 8.411E+02 9.447E-01 4.677E-02 1.636E-03 1.325E+03 9.882E-01 2.800E+01 2.000E+00
1.047E+07 4.113E+02 1.182E+00 4.677E-02 1.695E-03 1.898E+03 9.884E-01 2.800E+01 2.000E+00
2.648E+06 2.617E+02 1.297E+00 4.677E-02 1.803E-03 3.123E+03 9.888E-01 2.800E+01 2.000E+00
2.072E+07 8.749E+02 9.314E-01 4.677E-02 2.001E-03 1.309E+03 9.895E-01 2.800E+01 2.000E+00
1.350E+07 4.037E+02 1.189E+00 4.677E-02 2.363E-03 1.915E+03 9.908E-01 2.801E+01 2.000E+00
8.551E+06 8.080E+02 9.599E-01 4.677E-02 3.028E-03 1.348E+03 9.932E-01 2.803E+01 2.000E+00
7.830E+06 9.599E+02 9.013E-01 4.677E-02 4.247E-03 1.284E+03 9.960E-01 2.806E+01 2.000E+00
2.795E+07 9.781E+02 8.965E-01 4.677E-02 6.481E-03 1.288E+03 9.982E-01 2.811E+01 2.000E+00
4.902E+07 7.618E+02 9.788E-01 5.915E-02 1.565E-03 1.385E+03 1.000E+00 2.800E+01 0.000E+00
9.153E+07 7.618E+02 9.788E-01 5.915E-02 1.565E-03 1.393E+03 1.000E+00 2.800E+01 0.000E+00
8.417E+07 7.667E+02 9.766E-01 5.915E-02 1.565E-03 1.376E+03 1.000E+00 2.800E+01 0.000E+00
2.851E+07 7.863E+02 9.679E-01 5.915E-02 1.566E-03 1.364E+03 1.000E+00 2.800E+01 0.000E+00
4.770E+06 7.819E+02 9.698E-01 5.915E-02 1.566E-03 1.367E+03 1.000E+00 2.800E+01 0.000E+00
7.742E+06 7.819E+02 9.698E-01 5.915E-02 1.566E-03 1.375E+03 1.000E+00 2.800E+01 0.000E+00
1.090E+07 5.668E+02 1.080E+00 5.915E-02 1.567E-03 1.565E+03 1.000E+00 2.800E+01 0.000E+00
6.975E+06 7.769E+02 9.720E-01 5.915E-02 1.569E-03 1.370E+03 1.000E+00 2.800E+01 0.000E+00
1.433E+07 3.445E+02 1.232E+00 5.915E-02 1.571E-03 2.203E+03 1.000E+00 2.800E+01 0.000E+00
3.983E+06 4.836E+02 1.132E+00 5.915E-02 1.577E-03 1.707E+03 1.000E+00 2.800E+01 0.000E+00
3.733E+07 7.565E+02 9.812E-01 5.915E-02 1.586E-03 1.383E+03 1.000E+00 2.800E+01 0.000E+00
1.117E+07 7.081E+02 1.004E+00 5.915E-02 1.604E-03 1.418E+03 1.000E+00 2.800E+01 0.000E+00
1.178E+07 7.666E+02 9.767E-01 5.915E-02 1.636E-03 1.376E+03 1.000E+00 2.800E+01 0.000E+00
1.353E+08 7.299E+02 9.937E-01 5.915E-02 1.695E-03 1.402E+03 1.000E+00 2.800E+01 0.000E+00
1.820E+07 6.823E+02 1.017E+00 5.915E-02 1.803E-03 1.440E+03 1.000E+00 2.800E+01 0.000E+00
9.046E+06 7.362E+02 9.911E-01 5.915E-02 2.001E-03 1.398E+03 1.000E+00 2.801E+01 0.000E+00
5.102E+08 3.789E+02 1.208E+00 5.915E-02 2.363E-03 2.025E+03 1.000E+00 2.801E+01 0.000E+00
3.466E+06 6.391E+02 1.041E+00 5.915E-02 3.028E-03 1.482E+03 1.000E+00 2.803E+01 0.000E+00
9.306E+06 9.469E+02 9.060E-01 5.915E-02 4.247E-03 1.299E+03 1.000E+00 2.806E+01 0.000E+00
1.780E+07 8.413E+02 9.490E-01 5.915E-02 6.481E-03 1.354E+03 1.000E+00 2.811E+01 0.000E+00
7.243E+07 6.364E+02 1.041E+00 7.482E-02 1.565E-03 1.492E+03 1.000E+00 2.800E+01 0.000E+00
6.004E+07 9.425E+02 9.055E-01 7.482E-02 1.565E-03 1.300E+03 1.000E+00 2.800E+01 0.000E+00
9.061E+06 2.710E+02 1.289E+00 7.482E-02 1.565E-03 2.958E+03 1.000E+00 2.800E+01 0.000E+00
6.557E+06 4.765E+02 1.137E+00 7.482E-02 1.566E-03 1.731E+03 1.000E+00 2.800E+01 0.000E+00
1.657E+07 9.129E+02 9.164E-01 7.482E-02 1.566E-03 1.316E+03 1.000E+00 2.800E+01 0.000E+00
3.621E+07 9.129E+02 9.164E-01 7.482E-02 1.566E-03 1.312E+03 1.000E+00 2.800E+01 0.000E+00
3.629E+07 9.368E+02 9.076E-01 7.482E-02 1.567E-03 1.303E+03 1.000E+00 2.800E+01 0.000E+00
1.411E+07 9.229E+02 9.127E-01 7.482E-02 1.569E-03 1.311E+03 1.000E+00 2.800E+01 0.000E+00
9.636E+07 7.486E+02 9.848E-01 7.482E-02 1.571E-03 1.399E+03 1.000E+00 2.800E+01 0.000E+00
3.096E+07 9.606E+02 8.990E-01 7.482E-02 1.577E-03 1.294E+03 1.000E+00 2.800E+01 0.000E+00
3.941E+06 7.836E+02 9.691E-01 7.482E-02 1.586E-03 1.377E+03 1.000E+00 2.800E+01 0.000E+00
7.413E+07 8.046E+02 9.600E-01 7.482E-02 1.604E-03 1.364E+03 1.000E+00 2.800E+01 0.000E+00
8.939E+07 8.065E+02 9.592E-01 7.482E-02 1.636E-03 1.364E+03 1.000E+00 2.800E+01 0.000E+00
3.932E+06 4.627E+02 1.146E+00 7.482E-02 1.695E-03 1.765E+03 1.000E+00 2.800E+01 0.000E+00
6.784E+07 6.556E+02 1.031E+00 7.482E-02 1.803E-03 1.474E+03 1.000E+00 2.800E+01 0.000E+00
3.302E+06 6.361E+02 1.041E+00 7.482E-02 2.001E-03 1.494E+03 1.000E+00 2.801E+01 0.000E+00
3.969E+07 9.139E+02 9.167E-01 7.482E-02 2.363E-03 1.316E+03 1.000E+00 2.801E+01 0.000E+00
4.314E+06 4.307E+02 1.171E+00 7.482E-02 3.028E-03 1.841E+03 1.000E+00 2.803E+01 0.000E+00
1.592E+08 5.610E+02 1.087E+00 7.482E-02 4.247E-03 1.585E+03 1.000E+00 2.806E+01 0.000E+00
8.060E+06 9.669E+02 9.005E-01 7.482E-02 6.481E-03 1.323E+03 1.000E+00 2.811E+01 0.000E+00
2.789E+08 9.478E+02 9.036E-01 9.464E-02 1.565E-03 1.316E+03 1.000E+00 2.800E+01 0.000E+00
5.562E+08 9.478E+02 9.036E-01 9.464E-02 1.565E-03 1.316E+03 1.000E+00 2.800E+01 0.000E+00
1.927E+07 5.632E+02 1.082E+00 9.464E-02 1.565E-03 1.592E+03 1.000E+00 2.800E+01 0.000E+00
1.383E+07 7.907E+02 9.660E-01 9.464E-02 1.566E-03 1.388E+03 1.000E+00 2.800E+01 0.000E+00
4.105E+07 7.907E+02 9.660E-01 9.464E-02 1.566E-03 1.388E+03 1.000E+00 2.800E+01 0.000E+00
5.979E+07 7.869E+02 9.676E-01 9.464E-02 1.566E-03 1.390E+03 1.000E+00 2.800E+01 0.000E+00
9.184E+06 9.084E+02 9.182E-01 9.464E-02 1.567E-03 1.331E+03 1.000E+00 2.800E+01 0.000E+00
1.481E+07 9.073E+02 9.186E-01 9.464E-02 1.569E-03 1.331E+03 1.000E+00 2.800E+01 0.000E+00
5.414E+07 8.264E+02 9.507E-01 9.464E-02 1.571E-03 1.368E+03 1.000E+00 2.800E+01 0.000E+00
4.100E+06 4.830E+02 1.132E+00 9.464E-02 1.577E-03 1.729E+03 1.000E+00 2.800E+01 0.000E+00
1.962E+09 8.201E+02 9.534E-01 9.464E-02 1.586E-03 1.372E+03 1.000E+00 2.800E+01 0.000E+00
4.167E+06 6.645E+02 1.026E+00 9.464E-02 1.604E-03 1.482E+03 1.000E+00 2.800E+01 0.000E+00
1.220E+07 9.735E+02 8.945E-01 9.464E-02 1.636E-03 1.307E+03 1.000E+00 2.800E+01 0.000E+00
2.208E+06 4.433E+02 1.160E+00 9.464E-02 1.695E-03 1.822E+03 1.000E+00 2.800E+01 0.000E+00
3.931E+07 8.865E+02 9.267E-01 9.464E-02 1.803E-03 1.342E+03 1.000E+00 2.800E+01 0.000E+00
2.455E+07 6.353E+02 1.042E+00 9.464E-02 2.001E-03 1.509E+03 1.000E+00 2.801E+01 0.000E+00
3.160E+08 4.481E+02 1.158E+00 9.464E-02 2.363E-03 1.808E+03 1.000E+00 2.801E+01 0.000E+00
1.949E+07 9.060E+02 9.203E-01 9.464E-02 3.028E-03 1.342E+03 1.000E+00 2.803E+01 0.000E+00
6.768E+06 7.626E+02 9.813E-01 9.464E-02 4.247E-03 1.419E+03 1.000E+00 2.806E+01 0.000E+00
1.307E+07 5.614E+02 1.091E+00 9.464E-02 6.481E-03 1.605E+03 1.000E+00 2.811E+01 0.000E+00
2.260E+09 5.997E+02 1.061E+00 1.197E-01 1.565E-03 1.565E+03 1.000E+00 2.800E+01 0.000E+00
3.084E+07 5.970E+02 1.062E+00 1.197E-01 1.565E-03 1.571E+03 1.000E+00 2.800E+01 0.000E+00
2.758E+06 5.863E+02 1.069E+00 1.197E-01 1.565E-03 1.580E+03 1.000E+00 2.800E+01 0.000E+00
3.201E+06 5.863E+02 1.069E+00 1.197E-01 1.566E-03 1.582E+03 1.000E+00 2.800E+01 0.000E+00
2.493E+07 4.870E+02 1.130E+00 1.197E-01 1.566E-03 1.736E+03 1.000E+00 2.800E+01 0.000E+00
6.521E+07 5.863E+02 1.069E+00 1.197E-01 1.566E-03 1.581E+03 1.000E+00 2.800E+01 0.000E+00
4.139E+07 8.262E+02 9.508E-01 1.197E-01 1.567E-03 1.391E+03 1.000E+00 2.800E+01 0.000E+00
1.705E+07 5.108E+02 1.114E+00 1.197E-01 1.569E-03 1.691E+03 1.000E+00 2.800E+01 0.000E+00
1.122E+07 2.488E+02 1.307E+00 1.197E-01 1.571E-03 3.459E+03 1.000E+00 2.800E+01 0.000E+00
4.908E+06 6.451E+02 1.036E+00 1.197E-01 1.577E-03 1.516E+03 1.000E+00 2.800E+01 0.000E+00
2.605E+08 8.826E+02 9.281E-01 1.197E-01 1.586E-03 1.366E+03 1.000E+00 2.800E+01 0.000E+00
2.867E+07 6.980E+02 1.009E+00 1.197E-01 1.604E-03 1.471E+03 1.000E+00 2.800E+01 0.000E+00
7.965E+06 3.434E+02 1.234E+00 1.197E-01 1.636E-03 2.236E+03 1.000E+00 2.800E+01 0.000E+00
3.577E+08 4.038E+02 1.188E+00 1.197E-01 1.695E-03 1.958E+03 1.000E+00 2.800E+01 0.000E+00
3.475E+06 2.658E+02 1.295E+00 1.197E-01 1.803E-03 3.048E+03 1.000E+00 2.800E+01 0.000E+00
8.220E+06 4.326E+02 1.168E+00 1.197E-01 2.001E-03 1.866E+03 1.000E+00 2.801E+01 0.000E+00
1.332E+07 4.710E+02 1.142E+00 1.197E-01 2.363E-03 1.771E+03 1.000E+00 2.801E+01 0.000E+00
1.207E+07 5.522E+02 1.091E+00 1.197E-01 3.028E-03 1.629E+03 1.000E+00 2.803E+01 0.000E+00
4.343E+06 8.988E+02 9.241E-01 1.197E-01 4.247E-03 1.412E+03 1.000E+00 2.806E+01 0.000E+00
1.227E+07 9.094E+02 9.219E-01 1.197E-01 6.481E-03 1.401E+03 1.000E+00 2.811E+01 0.000E+00
7.977E+07 9.256E+02 9.118E-01 1.514E-01 1.565E-03 1.386E+03 1.000E+00 2.800E+01 0.000E+00
1.002E+08 9.256E+02 9.118E-01 1.514E-01 1.565E-03 1.386E+03 1.000E+00 2.800E+01 0.000E+00
1.894E+08 9.256E+02 9.118E-01 1.514E-01 1.565E-03 1.429E+03 1.000E+00 2.800E+01 0.000E+00
1.686E+07 3.363E+02 1.239E+00 1.514E-01 1.566E-03 2.299E+03 1.000E+00 2.800E+01 0.000E+00
1.543E+07 3.254E+02 1.248E+00 1.514E-01 1.566E-03 2.373E+03 1.000E+00 2.800E+01 0.000E+00
4.661E+06 9.271E+02 9.112E-01 1.514E-01 1.566E-03 1.386E+03 1.000E+00 2.800E+01 0.000E+00
5.689E+06 9.271E+02 9.112E-01 1.514E-01 1.567E-03 1.386E+03 1.000E+00 2.800E+01 0.000E+00
1.025E+07 9.271E+02 9.112E-01 1.514E-01 1.569E-03 1.386E+03 1.000E+00 2.800E+01 0.000E+00
4.619E+07 7.358E+02 9.909E-01 1.514E-01 1.571E-03 1.473E+03 1.000E+00 2.800E+01 0.000E+00
1.795E+07 7.090E+02 1.004E+00 1.514E-01 1.577E-03 1.492E+03 1.000E+00 2.800E+01 0.000E+00
1.690E+07 4.224E+02 1.175E+00 1.514E-01 1.586E-03 1.917E+03 1.000E+00 2.800E+01 0.000E+00
3.070E+07 5.089E+02 1.116E+00 1.514E-01 1.604E-03 1.717E+03 1.000E+00 2.800E+01 0.000E+00
3.061E+07 8.464E+02 9.426E-01 1.514E-01 1.636E-03 1.417E+03 1.000E+00 2.800E+01 0.000E+00
1.416E+07 2.291E+02 1.322E+00 1.514E-01 1.695E-03 4.223E+03 1.000E+00 2.800E+01 0.000E+00
8.872E+08 7.435E+02 9.876E-01 1.514E-01 1.803E-03 1.588E+03 1.000E+00 2.800E+01 0.000E+00
1.345E+07 8.218E+02 9.531E-01 1.514E-01 2.001E-03 1.432E+03 1.000E+00 2.801E+01 0.000E+00
2.815E+07 5.579E+02 1.087E+00 1.514E-01 2.363E-03 1.645E+03 1.000E+00 2.802E+01 0.000E+00
2.186E+07 7.781E+02 9.731E-01 1.514E-01 3.028E-03 1.463E+03 1.000E+00 2.803E+01 0.000E+00
1.722E+07 8.836E+02 9.300E-01 1.514E-01 4.247E-03 1.433E+03 1.000E+00 2.806E+01 0.000E+00
7.531E+06 6.343E+02 1.049E+00 1.514E-01 6.481E-03 1.595E+03 1.000E+00 2.811E+01 0.000E+00
2.681E+07 9.549E+02 9.011E-01 1.915E-01 1.565E-03 1.442E+03 1.000E+00 2.800E+01 0.000E+00
2.789E+07 9.549E+02 9.011E-01 1.915E-01 1.565E-03 1.442E+03 1.000E+00 2.800E+01 0.000E+00
3.012E+07 9.549E+02 9.011E-01 1.915E-01 1.565E-03 1.442E+03 1.000E+00 2.800E+01 0.000E+00
8.805E+06 5.464E+02 1.092E+00 1.915E-01 1.566E-03 1.693E+03 1.000E+00 2.800E+01 0.000E+00
5.206E+07 9.549E+02 9.011E-01 1.915E-01 1.566E-03 1.442E+03 1.000E+00 2.800E+01 0.000E+00
4.513E+08 9.549E+02 9.011E-01 1.915E-01 1.566E-03 1.442E+03 1.000E+00 2.800E+01 0.000E+00
1.422E+07 9.349E+02 9.084E-01 1.915E-01 1.567E-03 1.446E+03 1.000E+00 2.800E+01 0.000E+00
5.408E+06 7.558E+02 9.817E-01 1.915E-01 1.569E-03 1.511E+03 1.000E+00 2.800E+01 0.000E+00
6.451E+06 2.354E+02 1.318E+00 1.915E-01 1.571E-03 3.907E+03 1.000E+00 2.800E+01 0.000E+00
3.162E+07 7.653E+02 9.774E-01 1.915E-01 1.577E-03 1.505E+03 1.000E+00 2.800E+01 0.000E+00
1.086E+08 2.597E+02 1.300E+00 1.915E-01 1.586E-03 3.192E+03 1.000E+00 2.800E+01 0.000E+00
6.672E+06 3.601E+02 1.221E+00 1.915E-01 1.604E-03 2.186E+03 1.000E+00 2.800E+01 0.000E+00
7.422E+06 2.897E+02 1.277E+00 1.915E-01 1.636E-03 2.722E+03 1.000E+00 2.800E+01 0.000E+00
1.389E+07 3.304E+02 1.245E+00 1.915E-01 1.695E-03 2.450E+03 1.000E+00 2.800E+01 0.000E+00
5.989E+07 6.875E+02 1.015E+00 1.915E-01 1.803E-03 1.853E+03 1.000E+00 2.800E+01 0.000E+00
1.834E+07 9.256E+02 9.122E-01 1.915E-01 2.001E-03 1.457E+03 1.000E+00 2.801E+01 0.000E+00
4.823E+06 4.729E+02 1.141E+00 1.915E-01 2.363E-03 1.823E+03 1.000E+00 2.802E+01 0.000E+00
8.272E+06 7.863E+02 9.695E-01 1.915E-01 3.028E-03 1.517E+03 1.000E+00 2.803E+01 0.000E+00
1.952E+07 2.974E+02 1.280E+00 1.915E-01 4.247E-03 2.581E+03 1.000E+00 2.806E+01 0.000E+00
4.468E+06 2.614E+02 1.318E+00 1.915E-01 6.481E-03 2.938E+03 1.000E+00 2.811E+01 0.000E+00
2.118E+07 6.781E+02 1.019E+00 2.422E-01 1.565E-03 1.631E+03 1.000E+00 2.800E+01 0.000E+00
2.949E+07 6.781E+02 1.019E+00 2.422E-01 1.565E-03 1.631E+03 1.000E+00 2.800E+01 0.000E+00
1.098E+08 6.781E+02 1.019E+00 2.422E-01 1.565E-03 1.630E+03 1.000E+00 2.800E+01 0.000E+00
5.090E+08 9.447E+02 9.048E-01 2.422E-01 1.566E-03 1.571E+03 1.000E+00 2.800E+01 0.000E+00
4.310E+06 9.397E+02 9.067E-01 2.422E-01 1.566E-03 1.570E+03 1.000E+00 2.800E+01 0.000E+00
4.635E+06 9.397E+02 9.067E-01 2.422E-01 1.566E-03 1.571E+03 1.000E+00 2.800E+01 0.000E+00
5.414E+06 9.397E+02 9.067E-01 2.422E-01 1.567E-03 1.570E+03 1.000E+00 2.800E+01 0.000E+00
1.092E+07 6.426E+02 1.038E+00 2.422E-01 1.569E-03 1.654E+03 1.000E+00 2.800E+01 0.000E+00
2.098E+07 9.505E+02 9.028E-01 2.422E-01 1.571E-03 1.571E+03 1.000E+00 2.800E+01 0.000E+00
1.039E+07 8.103E+02 9.577E-01 2.422E-01 1.577E-03 1.629E+03 1.000E+00 2.800E+01 0.000E+00
1.315E+08 8.978E+02 9.223E-01 2.422E-01 1.586E-03 1.570E+03 1.000E+00 2.800E+01 0.000E+00
1.602E+07 9.737E+02 8.945E-01 2.422E-01 1.604E-03 1.576E+03 1.000E+00 2.800E+01 0.000E+00
3.219E+07 9.532E+02 9.018E-01 2.422E-01 1.636E-03 1.574E+03 1.000E+00 2.800E+01 0.000E+00
3.887E+06 7.853E+02 9.687E-01 2.422E-01 1.695E-03 1.588E+03 1.000E+00 2.800E+01 0.000E+00
2.547E+07 3.709E+02 1.214E+00 2.422E-01 1.803E-03 2.174E+03 1.000E+00 2.800E+01 0.000E+00
1.736E+07 6.683E+02 1.025E+00 2.422E-01 2.001E-03 1.645E+03 1.000E+00 2.801E+01 0.000E+00
1.691E+07 2.503E+02 1.311E+00 2.422E-01 2.363E-03 3.635E+03 1.000E+00 2.802E+01 0.000E+00
6.324E+06 7.981E+02 9.644E-01 2.422E-01 3.028E-03 1.622E+03 1.000E+00 2.803E+01 0.000E+00
1.184E+07 4.213E+02 1.182E+00 2.422E-01 4.247E-03 2.009E+03 1.000E+00 2.806E+01 0.000E+00
1.038E+07 4.919E+02 1.136E+00 2.422E-01 6.481E-03 1.894E+03 1.000E+00 2.811E+01 0.000E+00
1.425E+07 5.996E+02 1.061E+00 3.064E-01 1.565E-03 1.806E+03 1.000E+00 2.800E+01 0.000E+00
1.894E+07 5.996E+02 1.061E+00 3.064E-01 1.565E-03 1.806E+03 1.000E+00 2.800E+01 0.000E+00
4.913E+07 5.996E+02 1.061E+00 3.064E-01 1.565E-03 1.807E+03 1.000E+00 2.800E+01 0.000E+00
8.388E+06 8.855E+02 9.271E-01 3.064E-01 1.566E-03 1.873E+03 1.000E+00 2.800E+01 0.000E+00
1.019E+07 8.855E+02 9.271E-01 3.064E-01 1.566E-03 1.872E+03 1.000E+00 2.800E+01 0.000E+00
1.753E+07 8.855E+02 9.271E-01 3.064E-01 1.566E-03 1.871E+03 1.000E+00 2.800E+01 0.000E+00
5.724E+06 6.448E+02 1.037E+00 3.064E-01 1.567E-03 1.785E+03 1.000E+00 2.800E+01 0.000E+00
2.133E+06 2.998E+02 1.270E+00 3.064E-01 1.569E-03 2.688E+03 1.000E+00 2.800E+01 0.000E+00
7.595E+06 4.864E+02 1.131E+00 3.064E-01 1.571E-03 1.928E+03 1.000E+00 2.800E+01 0.000E+00
1.524E+07 7.744E+02 9.735E-01 3.064E-01 1.577E-03 1.787E+03 1.000E+00 2.800E+01 0.000E+00
7.309E+06 7.954E+02 9.642E-01 3.064E-01 1.586E-03 1.797E+03 1.000E+00 2.800E+01 0.000E+00
1.583E+07 4.794E+02 1.136E+00 3.064E-01 1.604E-03 1.940E+03 1.000E+00 2.800E+01 0.000E+00
6.380E+06 9.989E+02 8.859E-01 3.064E-01 1.636E-03 2.125E+03 1.000E+00 2.800E+01 0.000E+00
1.921E+08 4.459E+02 1.159E+00 3.064E-01 1.695E-03 2.007E+03 1.000E+00 2.800E+01 0.000E+00
4.366E+06 6.610E+02 1.028E+00 3.064E-01 1.803E-03 1.789E+03 1.000E+00 2.801E+01 0.000E+00
1.323E+07 9.604E+02 8.996E-01 3.064E-01 2.001E-03 2.078E+03 1.000E+00 2.801E+01 0.000E+00
1.359E+07 6.490E+02 1.035E+00 3.064E-01 2.363E-03 1.814E+03 1.000E+00 2.802E+01 0.000E+00
3.072E+07 5.726E+02 1.079E+00 3.064E-01 3.028E-03 1.872E+03 1.000E+00 2.803E+01 0.000E+00
4.830E+07 5.393E+02 1.102E+00 3.064E-01 4.247E-03 1.934E+03 1.000E+00 2.806E+01 0.000E+00
4.273E+06 7.070E+02 1.011E+00 3.064E-01 6.481E-03 2.115E+03 1.000E+00 2.811E+01 0.000E+00
2.248E+06 3.902E+02 1.200E+00 3.875E-01 1.565E-03 2.282E+03 1.000E+00 2.800E+01 0.000E+00
2.377E+06 3.902E+02 1.200E+00 3.875E-01 1.565E-03 2.283E+03 1.000E+00 2.800E+01 0.000E+00
2.664E+06 3.902E+02 1.200E+00 3.875E-01 1.565E-03 2.282E+03 1.000E+00 2.800E+01 0.000E+00
3.450E+06 3.902E+02 1.200E+00 3.875E-01 1.566E-03 2.283E+03 1.000E+00 2.800E+01 0.000E+00
8.105E+06 3.902E+02 1.200E+00 3.875E-01 1.566E-03 2.283E+03 1.000E+00 2.800E+01 0.000E+00
4.457E+06 3.276E+02 1.248E+00 3.875E-01 1.566E-03 2.584E+03 1.000E+00 2.800E+01 0.000E+00
1.034E+07 5.064E+02 1.118E+00 3.875E-01 1.567E-03 2.091E+03 1.000E+00 2.800E+01 0.000E+00
5.912E+06 7.119E+02 1.003E+00 3.875E-01 1.569E-03 2.422E+03 1.000E+00 2.800E+01 0.000E+00
7.998E+07 6.493E+02 1.034E+00 3.875E-01 1.571E-03 2.190E+03 1.000E+00 2.800E+01 0.000E+00
1.876E+07 7.233E+02 9.972E-01 3.875E-01 1.577E-03 2.502E+03 1.000E+00 2.800E+01 0.000E+00
7.474E+06 7.427E+02 9.880E-01 3.875E-01 1.586E-03 2.664E+03 1.000E+00 2.800E+01 0.000E+00
2.044E+06 4.980E+02 1.124E+00 3.875E-01 1.604E-03 2.097E+03 1.000E+00 2.800E+01 0.000E+00
1.660E+07 7.375E+02 9.905E-01 3.875E-01 1.636E-03 2.640E+03 1.000E+00 2.800E+01 0.000E+00
4.463E+06 7.659E+02 9.775E-01 3.875E-01 1.695E-03 3.064E+03 1.000E+00 2.801E+01 0.000E+00
9.957E+06 2.272E+02 1.329E+00 3.875E-01 1.803E-03 4.168E+03 1.000E+00 2.801E+01 0.000E+00
1.382E+07 3.864E+02 1.204E+00 3.875E-01 2.001E-03 2.305E+03 1.000E+00 2.801E+01 0.000E+00
1.073E+06 7.346E+02 9.927E-01 3.875E-01 2.363E-03 3.058E+03 1.000E+00 2.802E+01 0.000E+00
7.085E+06 6.575E+02 1.032E+00 3.875E-01 3.028E-03 2.515E+03 1.000E+00 2.804E+01 0.000E+00
6.176E+06 2.256E+02 1.342E+00 3.875E-01 4.247E-03 3.977E+03 1.000E+00 2.806E+01 0.000E+00
8.526E+06 3.797E+02 1.220E+00 3.875E-01 6.481E-03 2.518E+03 1.000E+00 2.812E+01 0.000E+00
5.545E+06 4.977E+02 1.124E+00 4.902E-01 1.565E-03 2.887E+03 1.000E+00 2.800E+01 0.000E+00
6.305E+06 4.977E+02 1.124E+00 4.902E-01 1.565E-03 2.887E+03 1.000E+00 2.800E+01 0.000E+00
8.474E+06 4.977E+02 1.124E+00 4.902E-01 1.565E-03 2.887E+03 1.000E+00 2.800E+01 0.000E+00
2.443E+07 4.977E+02 1.124E+00 4.902E-01 1.566E-03 2.887E+03 1.000E+00 2.801E+01 0.000E+00
9.383E+06 4.949E+02 1.126E+00 4.902E-01 1.566E-03 2.860E+03 1.000E+00 2.801E+01 0.000E+00
3.637E+06 4.904E+02 1.129E+00 4.902E-01 1.566E-03 2.825E+03 1.000E+00 2.801E+01 0.000E+00
3.492E+06 3.996E+02 1.193E+00 4.902E-01 1.567E-03 2.569E+03 1.000E+00 2.801E+01 0.000E+00
2.548E+07 3.917E+02 1.199E+00 4.902E-01 1.569E-03 2.575E+03 1.000E+00 2.801E+01 0.000E+00
6.472E+06 5.341E+02 1.101E+00 4.902E-01 1.571E-03 3.595E+03 1.000E+00 2.801E+01 0.000E+00
3.892E+06 3.073E+02 1.266E+00 4.902E-01 1.577E-03 2.877E+03 1.000E+00 2.801E+01 0.000E+00
3.331E+06 3.737E+02 1.213E+00 4.902E-01 1.586E-03 2.603E+03 1.000E+00 2.801E+01 0.000E+00
1.692E+06 2.684E+02 1.298E+00 4.902E-01 1.604E-03 3.262E+03 1.000E+00 2.801E+01 0.000E+00
8.452E+08 2.117E+02 1.341E+00 4.902E-01 1.636E-03 5.038E+03 1.000E+00 2.801E+01 0.000E+00
2.832E+06 2.915E+02 1.279E+00 4.902E-01 1.695E-03 3.005E+03 1.000E+00 2.801E+01 0.000E+00
3.275E+07 4.001E+02 1.193E+00 4.902E-01 1.803E-03 2.592E+03 1.000E+00 2.801E+01 0.000E+00
9.503E+06 5.193E+02 1.111E+00 4.902E-01 2.001E-03 3.577E+03 1.000E+00 2.801E+01 0.000E+00
3.387E+06 4.972E+02 1.126E+00 4.902E-01 2.363E-03 3.315E+03 1.000E+00 2.802E+01 0.000E+00
5.023E+08 2.755E+02 1.297E+00 4.902E-01 3.028E-03 3.185E+03 1.000E+00 2.804E+01 0.000E+00
4.987E+06 3.050E+02 1.277E+00 4.902E-01 4.247E-03 3.005E+03 1.000E+00 2.807E+01 0.000E+00
1.870E+06 3.152E+02 1.275E+00 4.902E-01 6.481E-03 3.186E+03 1.000E+00 2.812E+01 0.000E+00
6.153E+06 2.512E+02 1.313E+00 6.200E-01 1.565E-03 3.828E+03 1.000E+00 2.801E+01 0.000E+00
7.323E+06 2.512E+02 1.313E+00 6.200E-01 1.565E-03 3.828E+03 1.000E+00 2.801E+01 0.000E+00
1.133E+07 2.512E+02 1.313E+00 6.200E-01 1.565E-03 3.828E+03 1.000E+00 2.801E+01 0.000E+00
9.489E+05 2.603E+02 1.306E+00 6.200E-01 1.566E-03 3.704E+03 1.000E+00 2.801E+01 0.000E+00
1.074E+06 2.603E+02 1.306E+00 6.200E-01 1.566E-03 3.700E+03 1.000E+00 2.801E+01 0.000E+00
2.540E+06 2.211E+02 1.337E+00 6.200E-01 1.566E-03 4.591E+03 1.000E+00 2.801E+01 0.000E+00
6.270E+06 2.603E+02 1.306E+00 6.200E-01 1.567E-03 3.700E+03 1.000E+00 2.801E+01 0.000E+00
3.256E+06 2.452E+02 1.318E+00 6.200E-01 1.569E-03 3.933E+03 1.000E+00 2.801E+01 0.000E+00
1.710E+06 3.622E+02 1.223E+00 6.200E-01 1.571E-03 4.149E+03 1.000E+00 2.801E+01 0.000E+00
2.324E+06 3.240E+02 1.254E+00 6.200E-01 1.577E-03 3.469E+03 1.000E+00 2.801E+01 0.000E+00
1.414E+08 3.315E+02 1.247E+00 6.200E-01 1.586E-03 3.521E+03 1.000E+00 2.801E+01 0.000E+00
1.496E+06 2.726E+02 1.296E+00 6.200E-01 1.604E-03 3.577E+03 1.000E+00 2.801E+01 0.000E+00
2.370E+07 2.611E+02 1.306E+00 6.200E-01 1.636E-03 3.695E+03 1.000E+00 2.801E+01 0.000E+00
6.324E+08 3.067E+02 1.268E+00 6.200E-01 1.695E-03 3.453E+03 1.000E+00 2.801E+01 0.000E+00
1.171E+06 2.251E+02 1.335E+00 6.200E-01 1.803E-03 4.451E+03 1.000E+00 2.801E+01 0.000E+00
2.608E+06 2.882E+02 1.285E+00 6.200E-01 2.001E-03 3.550E+03 1.000E+00 2.802E+01 0.000E+00
3.351E+06 3.075E+02 1.270E+00 6.200E-01 2.363E-03 3.615E+03 1.000E+00 2.803E+01 0.000E+00
8.333E+06 2.487E+02 1.322E+00 6.200E-01 3.028E-03 3.954E+03 1.000E+00 2.804E+01 0.000E+00
3.821E+06 2.309E+02 1.342E+00 6.200E-01 4.247E-03 4.333E+03 1.000E+00 2.807E+01 0.000E+00
4.033E+06 2.322E+02 1.351E+00 6.200E-01 6.481E-03 4.713E+03 1.000E+00 2.812E+01 0.000E+00
2.812E+06 2.189E+02 1.342E+00 7.842E-01 1.565E-03 5.488E+03 1.000E+00 2.801E+01 0.000E+00
7.438E+06 2.157E+02 1.345E+00 7.842E-01 1.565E-03 5.553E+03 1.000E+00 2.801E+01 0.000E+00
3.159E+06 2.189E+02 1.342E+00 7.842E-01 1.565E-03 5.488E+03 1.000E+00 2.801E+01 0.000E+00
3.711E+06 2.189E+02 1.342E+00 7.842E-01 1.566E-03 5.488E+03 1.000E+00 2.801E+01 0.000E+00
2.730E+06 2.109E+02 1.349E+00 7.842E-01 1.566E-03 5.690E+03 1.000E+00 2.801E+01 0.000E+00
3.797E+06 2.109E+02 1.349E+00 7.842E-01 1.566E-03 5.720E+03 1.000E+00 2.801E+01 0.000E+00
1.553E+07 2.108E+02 1.349E+00 7.842E-01 1.567E-03 5.696E+03 1.000E+00 2.801E+01 0.000E+00
1.350E+06 2.136E+02 1.347E+00 7.842E-01 1.569E-03 5.609E+03 1.000E+00 2.801E+01 0.000E+00
3.436E+06 2.164E+02 1.345E+00 7.842E-01 1.571E-03 5.541E+03 1.000E+00 2.801E+01 0.000E+00
2.689E+06 2.388E+02 1.327E+00 7.842E-01 1.577E-03 5.545E+03 1.000E+00 2.801E+01 0.000E+00
2.119E+06 2.152E+02 1.345E+00 7.842E-01 1.586E-03 5.571E+03 1.000E+00 2.801E+01 0.000E+00
2.259E+06 2.344E+02 1.330E+00 7.842E-01 1.604E-03 5.472E+03 1.000E+00 2.801E+01 0.000E+00
4.750E+06 2.075E+02 1.352E+00 7.842E-01 1.636E-03 5.824E+03 1.000E+00 2.801E+01 0.000E+00
1.261E+06 2.063E+02 1.353E+00 7.842E-01 1.695E-03 5.882E+03 1.000E+00 2.801E+01 0.000E+00
2.905E+06 2.311E+02 1.334E+00 7.842E-01 1.803E-03 5.569E+03 1.000E+00 2.802E+01 0.000E+00
8.500E+05 2.035E+02 1.357E+00 7.842E-01 2.001E-03 6.048E+03 1.000E+00 2.802E+01 0.000E+00
3.430E+06 2.102E+02 1.353E+00 7.842E-01 2.363E-03 5.918E+03 1.000E+00 2.803E+01 0.000E+00
2.321E+06 2.096E+02 1.357E+00 7.842E-01 3.028E-03 6.256E+03 1.000E+00 2.805E+01 0.000E+00
NAN NAN NAN 7.842E-01 4.247E-03 NAN 1.000E+00 2.807E+01 0.000E+00
NAN NAN NAN 7.842E-01 6.481E-03 NAN 1.000E+00 2.812E+01 0.000E+00
NAN NAN NAN 9.919E-01 1.565E-03 NAN 1.000E+00 2.802E+01 0.000E+00
NAN NAN NAN 9.919E-01 1.565E-03 NAN 1.000E+00 2.802E+01 0.000E+00
NAN NAN NAN 9.919E-01 1.565E-03 NAN 1.000E+00 2.802E+01 0.000E+00
NAN NAN NAN 9.919E-01 1.566E-03 NAN 1.000E+00 2.802E+01 0.000E+00
NAN NAN NAN 9.919E-01 1.566E-03 NAN 1.000E+00 2.802E+01 0.000E+00
NAN NAN NAN 9.919E-01 1.566E-03 NAN 1.000E+00 2.802E+01 0.000E+00
NAN NAN NAN 9.919E-01 1.567E-03 NAN 1.000E+00 2.802E+01 0.000E+00
NAN NAN NAN 9.919E-01 1.569E-03 NAN 1.000E+00 2.802E+01 0.000E+00
NAN NAN NAN 9.919E-01 1.571E-03 NAN 1.000E+00 2.802E+01 0.000E+00
NAN NAN NAN 9.919E-01 1.577E-03 NAN 1.000E+00 2.802E+01 0.000E+00
NAN NAN NAN 9.919E-01 1.586E-03 NAN 1.000E+00 2.802E+01 0.000E+00
NAN NAN NAN 9.919E-01 1.604E-03 NAN 1.000E+00 2.802E+01 0.000E+00
NAN NAN NAN 9.919E-01 1.636E-03 NAN 1.000E+00 2.802E+01 0.000E+00
NAN NAN NAN 9.919E-01 1.695E-03 NAN 1.000E+00 2.802E+01 0.000E+00
NAN NAN NAN 9.919E-01 1.803E-03 NAN 1.000E+00 2.802E+01 0.000E+00
NAN NAN NAN 9.919E-01 2.001E-03 NAN 1.000E+00 2.803E+01 0.000E+00
NAN NAN NAN 9.919E-01 2.363E-03 NAN 1.000E+00 2.803E+01 0.000E+00
NAN NAN NAN 9.919E-01 3.028E-03 NAN 1.000E+00 2.805E+01 0.000E+00
NAN NAN NAN 9.919E-01 4.247E-03 NAN 1.000E+00 2.808E+01 0.000E+00
NAN NAN NAN 9.919E-01 6.481E-03 NAN 1.000E+00 2.813E+01 0.000E+00
NAN NAN NAN 1.255E+00 1.565E-03 NAN 1.000E+00 2.802E+01 0.000E+00
NAN NAN NAN 1.255E+00 1.565E-03 NAN 1.000E+00 2.802E+01 0.000E+00
NAN NAN NAN 1.255E+00 1.565E-03 NAN 1.000E+00 2.802E+01 0.000E+00
NAN NAN NAN 1.255E+00 1.566E-03 NAN 1.000E+00 2.802E+01 0.000E+00
NAN NAN NAN 1.255E+00 1.566E-03 NAN 1.000E+00 2.802E+01 0.000E+00
NAN NAN NAN 1.255E+00 1.566E-03 NAN 1.000E+00 2.802E+01 0.000E+00
NAN NAN NAN 1.255E+00 1.567E-03 NAN 1.000E+00 2.802E+01 0.000E+00
NAN NAN NAN 1.255E+00 1.569E-03 NAN 1.000E+00 2.802E+01 0.000E+00
NAN NAN NAN 1.255E+00 1.571E-03 NAN 1.000E+00 2.802E+01 0.000E+00
NAN NAN NAN 1.255E+00 1.577E-03 NAN 1.000E+00 2.802E+01 0.000E+00
NAN NAN NAN 1.255E+00 1.586E-03 NAN 1.000E+00 2.802E+01 0.000E+00
NAN NAN NAN 1.255E+00 1.604E-03 NAN 1.000E+00 2.802E+01 0.000E+00
NAN NAN NAN 1.255E+00 1.636E-03 NAN 1.000E+00 2.802E+01 0.000E+00
NAN NAN NAN 1.255E+00 1.695E-03 NAN 1.000E+00 2.803E+01 0.000E+00
NAN NAN NAN 1.255E+00 1.803E-03 NAN 1.000E+00 2.803E+01 0.000E+00
NAN NAN NAN 1.255E+00 2.001E-03 NAN 1.000E+00 2.803E+01 0.000E+00
NAN NAN NAN 1.255E+00 2.363E-03 NAN 1.000E+00 2.804E+01 0.000E+00
NAN NAN NAN 1.255E+00 3.028E-03 NAN 1.000E+00 2.806E+01 0.000E+00
NAN NAN NAN 1.255E+00 4.247E-03 NAN 1.000E+00 2.808E+01 0.000E+00
NAN NAN NAN 1.255E+00 6.481E-03 NAN 1.000E+00 2.814E+01 0.000E+00
NAN NAN NAN 1.587E+00 1.565E-03 NAN 1.000E+00 2.803E+01 0.000E+00
NAN NAN NAN 1.587E+00 1.565E-03 NAN 1.000E+00 2.803E+01 0.000E+00
NAN NAN NAN 1.587E+00 1.565E-03 NAN 1.000E+00 2.803E+01 0.000E+00
NAN NAN NAN 1.587E+00 1.566E-03 NAN 1.000E+00 2.803E+01 0.000E+00
NAN NAN NAN 1.587E+00 1.566E-03 NAN 1.000E+00 2.803E+01 0.000E+00
NAN NAN NAN 1.587E+00 1.566E-03 NAN 1.000E+00 2.803E+01 0.000E+00
NAN NAN NAN 1.587E+00 1.567E-03 NAN 1.000E+00 2.803E+01 0.000E+00
NAN NAN NAN 1.587E+00 1.569E-03 NAN 1.000E+00 2.803E+01 0.000E+00
NAN NAN NAN 1.587E+00 1.571E-03 NAN 1.000E+00 2.803E+01 0.000E+00
NAN NAN NAN 1.587E+00 1.577E-03 NAN 1.000E+00 2.803E+01 0.000E+00
NAN NAN NAN 1.587E+00 1.586E-03 NAN 1.000E+00 2.803E+01 0.000E+00
NAN NAN NAN 1.587E+00 1.604E-03 NAN 1.000E+00 2.803E+01 0.000E+00
NAN NAN NAN 1.587E+00 1.636E-03 NAN 1.000E+00 2.803E+01 0.000E+00
NAN NAN NAN 1.587E+00 1.695E-03 NAN 1.000E+00 2.803E+01 0.000E+00
NAN NAN NAN 1.587E+00 1.803E-03 NAN 1.000E+00 2.804E+01 0.000E+00
NAN NAN NAN 1.587E+00 2.001E-03 NAN 1.000E+00 2.804E+01 0.000E+00
NAN NAN NAN 1.587E+00 2.363E-03 NAN 1.000E+00 2.805E+01 0.000E+00
NAN NAN NAN 1.587E+00 3.028E-03 NAN 1.000E+00 2.806E+01 0.000E+00
NAN NAN NAN 1.587E+00 4.247E-03 NAN 1.000E+00 2.809E+01 0.000E+00
NAN NAN NAN 1.587E+00 6.481E-03 NAN 1.000E+00 2.814E+01 0.000E+00
NAN NAN NAN 2.007E+00 1.565E-03 NAN 1.000E+00 2.804E+01 3.000E+00
NAN NAN NAN 2.007E+00 1.565E-03 NAN 1.000E+00 2.804E+01 3.000E+00
NAN NAN NAN 2.007E+00 1.565E-03 NAN 1.000E+00 2.804E+01 3.000E+00
NAN NAN NAN 2.007E+00 1.566E-03 NAN 1.000E+00 2.804E+01 3.000E+00
NAN NAN NAN 2.007E+00 1.566E-03 NAN 1.000E+00 2.804E+01 3.000E+00
NAN NAN NAN 2.007E+00 1.566E-03 NAN 1.000E+00 2.804E+01 3.000E+00
NAN NAN NAN 2.007E+00 1.567E-03 NAN 1.000E+00 2.804E+01 3.000E+00
NAN NAN NAN 2.007E+00 1.569E-03 NAN 1.000E+00 2.804E+01 3.000E+00
NAN NAN NAN 2.007E+00 1.571E-03 NAN 1.000E+00 2.804E+01 3.000E+00
NAN NAN NAN 2.007E+00 1.577E-03 NAN 1.000E+00 2.804E+01 3.000E+00
NAN NAN NAN 2.007E+00 1.586E-03 NAN 1.000E+00 2.804E+01 3.000E+00
NAN NAN NAN 2.007E+00 1.604E-03 NAN 1.000E+00 2.804E+01 3.000E+00
NAN NAN NAN 2.007E+00 1.636E-03 NAN 1.000E+00 2.804E+01 3.000E+00
NAN NAN NAN 2.007E+00 1.695E-03 NAN 1.000E+00 2.804E+01 3.000E+00
NAN NAN NAN 2.007E+00 1.803E-03 NAN 1.000E+00 2.805E+01 3.000E+00
NAN NAN NAN 2.007E+00 2.001E-03 NAN 1.000E+00 2.805E+01 3.000E+00
NAN NAN NAN 2.007E+00 2.363E-03 NAN 1.000E+00 2.806E+01 3.000E+00
NAN NAN NAN 2.007E+00 3.028E-03 NAN 1.000E+00 2.807E+01 3.000E+00
NAN NAN NAN 2.007E+00 4.247E-03 NAN 1.000E+00 2.810E+01 3.000E+00
NAN NAN NAN 2.007E+00 6.481E-03 NAN 1.000E+00 2.815E+01 0.000E+00
NAN NAN NAN 2.539E+00 1.565E-03 NAN 1.000E+00 2.805E+01 3.000E+00
NAN NAN NAN 2.539E+00 1.565E-03 NAN 1.000E+00 2.805E+01 3.000E+00
NAN NAN NAN 2.539E+00 1.565E-03 NAN 1.000E+00 2.805E+01 3.000E+00
NAN NAN NAN 2.539E+00 1.566E-03 NAN 1.000E+00 2.805E+01 3.000E+00
NAN NAN NAN 2.539E+00 1.566E-03 NAN 1.000E+00 2.805E+01 3.000E+00
NAN NAN NAN 2.539E+00 1.566E-03 NAN 1.000E+00 2.805E+01 3.000E+00
NAN NAN NAN 2.539E+00 1.567E-03 NAN 1.000E+00 2.805E+01 3.000E+00
NAN NAN NAN 2.539E+00 1.569E-03 NAN 1.000E+00 2.805E+01 3.000E+00
NAN NAN NAN 2.539E+00 1.571E-03 NAN 1.000E+00 2.805E+01 3.000E+00
NAN NAN NAN 2.539E+00 1.577E-03 NAN 1.000E+00 2.805E+01 3.000E+00
NAN NAN NAN 2.539E+00 1.586E-03 NAN 1.000E+00 2.805E+01 3.000E+00
NAN NAN NAN 2.539E+00 1.604E-03 NAN 1.000E+00 2.805E+01 3.000E+00
NAN NAN NAN 2.539E+00 1.636E-03 NAN 1.000E+00 2.805E+01 3.000E+00
NAN NAN NAN 2.539E+00 1.695E-03 NAN 1.000E+00 2.805E+01 3.000E+00
NAN NAN NAN 2.539E+00 1.803E-03 NAN 1.000E+00 2.806E+01 3.000E+00
NAN NAN NAN 2.539E+00 2.001E-03 NAN 1.000E+00 2.806E+01 3.000E+00
NAN NAN NAN 2.539E+00 2.363E-03 NAN 1.000E+00 2.807E+01 3.000E+00
NAN NAN NAN 2.539E+00 3.028E-03 NAN 1.000E+00 2.809E+01 3.000E+00
NAN NAN NAN 2.539E+00 4.247E-03 NAN 1.000E+00 2.811E+01 3.000E+00
NAN NAN NAN 2.539E+00 6.481E-03 NAN 1.000E+00 2.816E+01 3.000E+00
NAN NAN NAN 3.211E+00 1.565E-03 NAN 1.000E+00 2.807E+01 3.000E+00
NAN NAN NAN 3.211E+00 1.565E-03 NAN 1.000E+00 2.807E+01 3.000E+00
NAN NAN NAN 3.211E+00 1.565E-03 NAN 1.000E+00 2.807E+01 3.000E+00
NAN NAN NAN 3.211E+00 1.566E-03 NAN 1.000E+00 2.807E+01 3.000E+00
NAN NAN NAN 3.211E+00 1.566E-03 NAN 1.000E+00 2.807E+01 3.000E+00
NAN NAN NAN 3.211E+00 1.566E-03 NAN 1.000E+00 2.807E+01 3.000E+00
NAN NAN NAN 3.211E+00 1.567E-03 NAN 1.000E+00 2.807E+01 3.000E+00
NAN NAN NAN 3.211E+00 1.569E-03 NAN 1.000E+00 2.807E+01 3.000E+00
NAN NAN NAN 3.211E+00 1.571E-03 NAN 1.000E+00 2.807E+01 3.000E+00
NAN NAN NAN 3.211E+00 1.577E-03 NAN 1.000E+00 2.807E+01 3.000E+00
NAN NAN NAN 3.211E+00 1.586E-03 NAN 1.000E+00 2.807E+01 3.000E+00
NAN NAN NAN 3.211E+00 1.604E-03 NAN 1.000E+00 2.807E+01 3.000E+00
NAN NAN NAN 3.211E+00 1.636E-03 NAN 1.000E+00 2.807E+01 3.000E+00
NAN NAN NAN 3.211E+00 1.695E-03 NAN 1.000E+00 2.807E+01 3.000E+00
NAN NAN NAN 3.211E+00 1.803E-03 NAN 1.000E+00 2.807E+01 3.000E+00
NAN NAN NAN 3.211E+00 2.001E-03 NAN 1.000E+00 2.808E+01 3.000E+00
NAN NAN NAN 3.211E+00 2.363E-03 NAN 1.000E+00 2.809E+01 3.000E+00
NAN NAN NAN 3.211E+00 3.028E-03 NAN 1.000E+00 2.810E+01 3.000E+00
NAN NAN NAN 3.211E+00 4.247E-03 NAN 1.000E+00 2.813E+01 3.000E+00
NAN NAN NAN 3.211E+00 6.481E-03 NAN 1.000E+00 2.818E+01 3.000E+00
NAN NAN NAN 4.062E+00 1.565E-03 NAN 1.000E+00 2.809E+01 3.000E+00
NAN NAN NAN 4.062E+00 1.565E-03 NAN 1.000E+00 2.809E+01 3.000E+00
NAN NAN NAN 4.062E+00 1.565E-03 NAN 1.000E+00 2.809E+01 3.000E+00
NAN NAN NAN 4.062E+00 1.566E-03 NAN 1.000E+00 2.809E+01 3.000E+00
NAN NAN NAN 4.062E+00 1.566E-03 NAN 1.000E+00 2.809E+01 3.000E+00
NAN NAN NAN 4.062E+00 1.566E-03 NAN 1.000E+00 2.809E+01 3.000E+00
NAN NAN NAN 4.062E+00 1.567E-03 NAN 1.000E+00 2.809E+01 3.000E+00
NAN NAN NAN 4.062E+00 1.569E-03 NAN 1.000E+00 2.809E+01 3.000E+00
NAN NAN NAN 4.062E+00 1.571E-03 NAN 1.000E+00 2.809E+01 3.000E+00
NAN NAN NAN 4.062E+00 1.577E-03 NAN 1.000E+00 2.809E+01 3.000E+00
NAN NAN NAN 4.062E+00 1.586E-03 NAN 1.000E+00 2.809E+01 3.000E+00
NAN NAN NAN 4.062E+00 1.604E-03 NAN 1.000E+00 2.809E+01 3.000E+00
NAN NAN NAN 4.062E+00 1.636E-03 NAN 1.000E+00 2.809E+01 3.000E+00
NAN NAN NAN 4.062E+00 1.695E-03 NAN 1.000E+00 2.809E+01 3.000E+00
NAN NAN NAN 4.062E+00 1.803E-03 NAN 1.000E+00 2.809E+01 3.000E+00
NAN NAN NAN 4.062E+00 2.001E-03 NAN 1.000E+00 2.810E+01 3.000E+00
NAN NAN NAN 4.062E+00 2.363E-03 NAN 1.000E+00 2.811E+01 3.000E+00
NAN NAN NAN 4.062E+00 3.028E-03 NAN 1.000E+00 2.812E+01 3.000E+00
NAN NAN NAN 4.062E+00 4.247E-03 NAN 1.000E+00 2.815E+01 3.000E+00
NAN NAN NAN 4.062E+00 6.481E-03 NAN 1.000E+00 2.820E+01 3.000E+00
NAN NAN NAN 5.138E+00 1.565E-03 NAN 1.000E+00 2.811E+01 3.000E+00
NAN NAN NAN 5.138E+00 1.565E-03 NAN 1.000E+00 2.811E+01 3.000E+00
NAN NAN NAN 5.138E+00 1.565E-03 NAN 1.000E+00 2.811E+01 3.000E+00
NAN NAN NAN 5.138E+00 1.566E-03 NAN 1.000E+00 2.811E+01 3.000E+00
NAN NAN NAN 5.138E+00 1.566E-03 NAN 1.000E+00 2.811E+01 3.000E+00
NAN NAN NAN 5.138E+00 1.566E-03 NAN 1.000E+00 2.811E+01 3.000E+00
NAN NAN NAN 5.138E+00 1.567E-03 NAN 1.000E+00 2.811E+01 3.000E+00
NAN NAN NAN 5.138E+00 1.569E-03 NAN 1.000E+00 2.811E+01 3.000E+00
NAN NAN NAN 5.138E+00 1.571E-03 NAN 1.000E+00 2.811E+01 3.000E+00
NAN NAN NAN 5.138E+00 1.577E-03 NAN 1.000E+00 2.811E+01 3.000E+00
NAN NAN NAN 5.138E+00 1.586E-03 NAN 1.000E+00 2.811E+01 3.000E+00
NAN NAN NAN 5.138E+00 1.604E-03 NAN 1.000E+00 2.811E+01 3.000E+00
NAN NAN NAN 5.138E+00 1.636E-03 NAN 1.000E+00 2.811E+01 3.000E+00
NAN NAN NAN 5.138E+00 1.695E-03 NAN 1.000E+00 2.811E+01 3.000E+00
NAN NAN NAN 5.138E+00 1.803E-03 NAN 1.000E+00 2.812E+01 3.000E+00
NAN NAN NAN 5.138E+00 2.001E-03 NAN 1.000E+00 2.812E+01 3.000E+00
NAN NAN NAN 5.138E+00 2.363E-03 NAN 1.000E+00 2.813E+01 3.000E+00
NAN NAN NAN 5.138E+00 3.028E-03 NAN 1.000E+00 2.815E+01 3.000E+00
NAN NAN NAN 5.138E+00 4.247E-03 NAN 1.000E+00 2.817E+01 3.000E+00
NAN NAN NAN 5.138E+00 6.481E-03 NAN 1.000E+00 2.822E+01 3.000E+00
