3.415E+07 2.788E+02 1.608E-01 5.137E-05 1.570E-05 2.957E+03 5.010E-01 3.520E+00 2.000E+00
5.458E+07 2.762E+02 1.610E-01 5.137E-05 1.574E-05 3.000E+03 5.010E-01 3.520E+00 2.000E+00
4.467E+07 4.020E+02 1.492E-01 5.137E-05 1.582E-05 2.019E+03 5.011E-01 3.520E+00 2.000E+00
1.042E+08 4.939E+02 1.413E-01 5.137E-05 1.595E-05 1.789E+03 5.011E-01 3.520E+00 2.000E+00
2.253E+08 2.701E+02 1.616E-01 5.137E-05 1.621E-05 3.123E+03 5.011E-01 3.520E+00 2.000E+00
4.598E+07 3.536E+02 1.537E-01 5.137E-05 1.667E-05 2.237E+03 5.011E-01 3.520E+00 2.000E+00
3.840E+07 8.881E+02 1.164E-01 5.137E-05 1.752E-05 1.800E+03 5.012E-01 3.520E+00 2.000E+00
3.923E+07 8.562E+02 1.180E-01 5.137E-05 1.907E-05 1.722E+03 5.013E-01 3.520E+00 2.000E+00
9.939E+07 4.724E+02 1.431E-01 5.137E-05 2.192E-05 1.830E+03 5.015E-01 3.520E+00 2.000E+00
3.496E+07 6.527E+02 1.297E-01 5.137E-05 2.713E-05 1.633E+03 5.019E-01 3.520E+00 2.000E+00
3.090E+07 5.865E+02 1.342E-01 5.137E-05 3.670E-05 1.676E+03 5.027E-01 3.521E+00 2.000E+00
6.777E+07 7.120E+02 1.260E-01 5.137E-05 5.423E-05 1.631E+03 5.041E-01 3.521E+00 2.000E+00
4.878E+08 8.646E+02 1.176E-01 5.137E-05 8.636E-05 1.839E+03 5.066E-01 3.522E+00 2.000E+00
1.235E+09 4.970E+02 1.413E-01 5.137E-05 1.453E-04 1.797E+03 5.112E-01 3.523E+00 2.000E+00
2.464E+08 7.737E+02 1.226E-01 5.137E-05 2.532E-04 1.814E+03 5.197E-01 3.526E+00 2.000E+00
1.018E+08 3.024E+02 1.601E-01 5.137E-05 4.511E-04 2.566E+03 5.352E-01 3.530E+00 2.000E+00
1.392E+08 4.471E+02 1.469E-01 5.137E-05 8.138E-04 1.977E+03 5.624E-01 3.538E+00 2.000E+00
2.663E+08 2.621E+02 1.682E-01 5.137E-05 1.479E-03 2.852E+03 6.102E-01 3.554E+00 2.000E+00
6.948E+06 2.087E+02 1.806E-01 5.137E-05 2.697E-03 3.528E+03 6.884E-01 3.582E+00 2.000E+00
NAN NAN NAN 5.137E-05 4.931E-03 NAN 7.966E-01 3.633E+00 2.000E+00
2.680E+08 7.300E+02 1.249E-01 6.498E-05 1.570E-05 1.621E+03 5.011E-01 3.520E+00 2.000E+00
6.583E+07 7.182E+02 1.256E-01 6.498E-05 1.574E-05 1.618E+03 5.011E-01 3.520E+00 2.000E+00
6.482E+07 2.987E+02 1.589E-01 6.498E-05 1.582E-05 2.682E+03 5.011E-01 3.520E+00 2.000E+00
1.548E+08 4.725E+02 1.430E-01 6.498E-05 1.595E-05 1.830E+03 5.011E-01 3.520E+00 2.000E+00
1.804E+08 6.312E+02 1.311E-01 6.498E-05 1.621E-05 1.641E+03 5.012E-01 3.520E+00 2.000E+00
3.059E+08 8.874E+02 1.164E-01 6.498E-05 1.667E-05 1.797E+03 5.012E-01 3.520E+00 2.000E+00
5.472E+07 8.881E+02 1.164E-01 6.498E-05 1.752E-05 2.706E+03 5.013E-01 3.520E+00 2.000E+00
2.272E+07 5.258E+02 1.387E-01 6.498E-05 1.907E-05 1.740E+03 5.014E-01 3.520E+00 2.000E+00
4.642E+07 8.661E+02 1.175E-01 6.498E-05 2.192E-05 1.747E+03 5.016E-01 3.520E+00 2.000E+00
1.979E+07 4.019E+02 1.492E-01 6.498E-05 2.713E-05 2.020E+03 5.020E-01 3.520E+00 2.000E+00
3.097E+07 5.744E+02 1.351E-01 6.498E-05 3.670E-05 1.723E+03 5.028E-01 3.521E+00 2.000E+00
7.606E+08 5.437E+02 1.374E-01 6.498E-05 5.423E-05 1.725E+03 5.041E-01 3.521E+00 2.000E+00
1.455E+08 8.125E+02 1.203E-01 6.498E-05 8.636E-05 1.715E+03 5.067E-01 3.522E+00 2.000E+00
5.982E+07 5.656E+02 1.359E-01 6.498E-05 1.453E-04 1.712E+03 5.113E-01 3.523E+00 2.000E+00
1.547E+08 6.573E+02 1.297E-01 6.498E-05 2.532E-04 1.701E+03 5.198E-01 3.526E+00 2.000E+00
3.957E+08 3.648E+02 1.538E-01 6.498E-05 4.511E-04 2.168E+03 5.353E-01 3.530E+00 2.000E+00
8.094E+07 3.837E+02 1.529E-01 6.498E-05 8.138E-04 2.117E+03 5.625E-01 3.538E+00 2.000E+00
7.259E+07 2.487E+02 1.698E-01 6.498E-05 1.479E-03 3.019E+03 6.103E-01 3.554E+00 2.000E+00
2.227E+07 2.069E+02 1.809E-01 6.498E-05 2.697E-03 3.555E+03 6.884E-01 3.582E+00 2.000E+00
NAN NAN NAN 6.498E-05 4.931E-03 NAN 7.966E-01 3.633E+00 2.000E+00
7.515E+07 4.939E+02 1.413E-01 8.219E-05 1.570E-05 1.789E+03 5.012E-01 3.520E+00 2.000E+00
2.101E+08 3.836E+02 1.509E-01 8.219E-05 1.574E-05 2.091E+03 5.012E-01 3.520E+00 2.000E+00
5.672E+07 3.356E+02 1.554E-01 8.219E-05 1.582E-05 2.350E+03 5.012E-01 3.520E+00 2.000E+00
6.486E+07 5.296E+02 1.384E-01 8.219E-05 1.595E-05 1.734E+03 5.012E-01 3.520E+00 2.000E+00
3.920E+07 3.775E+02 1.514E-01 8.219E-05 1.621E-05 2.117E+03 5.012E-01 3.520E+00 2.000E+00
1.450E+09 3.707E+02 1.521E-01 8.219E-05 1.667E-05 2.148E+03 5.013E-01 3.520E+00 2.000E+00
1.333E+08 8.881E+02 1.164E-01 8.219E-05 1.752E-05 1.802E+03 5.013E-01 3.520E+00 2.000E+00
4.667E+07 8.545E+02 1.181E-01 8.219E-05 1.907E-05 1.721E+03 5.015E-01 3.520E+00 2.000E+00
2.014E+08 3.835E+02 1.509E-01 8.219E-05 2.192E-05 2.091E+03 5.017E-01 3.520E+00 2.000E+00
7.118E+07 6.480E+02 1.300E-01 8.219E-05 2.713E-05 1.643E+03 5.021E-01 3.520E+00 2.000E+00
6.236E+07 5.094E+02 1.401E-01 8.219E-05 3.670E-05 1.766E+03 5.028E-01 3.521E+00 2.000E+00
1.458E+08 8.451E+02 1.186E-01 8.219E-05 5.423E-05 1.745E+03 5.042E-01 3.521E+00 2.000E+00
3.275E+07 8.003E+02 1.210E-01 8.219E-05 8.636E-05 1.699E+03 5.067E-01 3.522E+00 2.000E+00
3.673E+09 3.738E+02 1.521E-01 8.219E-05 1.453E-04 2.131E+03 5.114E-01 3.523E+00 2.000E+00
2.785E+08 4.916E+02 1.419E-01 8.219E-05 2.532E-04 1.816E+03 5.198E-01 3.526E+00 2.000E+00
7.527E+07 6.748E+02 1.288E-01 8.219E-05 4.511E-04 1.826E+03 5.354E-01 3.530E+00 2.000E+00
2.592E+09 4.880E+02 1.433E-01 8.219E-05 8.138E-04 1.935E+03 5.626E-01 3.538E+00 2.000E+00
7.019E+07 2.493E+02 1.697E-01 8.219E-05 1.479E-03 3.010E+03 6.104E-01 3.554E+00 2.000E+00
1.849E+07 2.175E+02 1.794E-01 8.219E-05 2.697E-03 3.419E+03 6.885E-01 3.582E+00 2.000E+00
NAN NAN NAN 8.219E-05 4.931E-03 NAN 7.967E-01 3.633E+00 2.000E+00
8.909E+07 2.701E+02 1.616E-01 1.040E-04 1.570E-05 3.115E+03 5.013E-01 3.520E+00 2.000E+00
1.089E+09 4.273E+02 1.469E-01 1.040E-04 1.574E-05 1.939E+03 5.013E-01 3.520E+00 2.000E+00
1.450E+08 6.666E+02 1.288E-01 1.040E-04 1.582E-05 1.627E+03 5.013E-01 3.520E+00 2.000E+00
3.928E+07 6.045E+02 1.329E-01 1.040E-04 1.595E-05 1.659E+03 5.013E-01 3.520E+00 2.000E+00
8.782E+08 7.297E+02 1.249E-01 1.040E-04 1.621E-05 1.620E+03 5.013E-01 3.520E+00 2.000E+00
6.366E+07 4.801E+02 1.424E-01 1.040E-04 1.667E-05 1.814E+03 5.014E-01 3.520E+00 2.000E+00
3.128E+07 5.892E+02 1.340E-01 1.040E-04 1.752E-05 1.671E+03 5.014E-01 3.520E+00 2.000E+00
4.839E+07 2.639E+02 1.622E-01 1.040E-04 1.907E-05 3.247E+03 5.016E-01 3.520E+00 2.000E+00
1.424E+08 4.086E+02 1.486E-01 1.040E-04 2.192E-05 1.997E+03 5.018E-01 3.520E+00 2.000E+00
1.346E+07 3.059E+02 1.583E-01 1.040E-04 2.713E-05 2.600E+03 5.022E-01 3.520E+00 2.000E+00
2.488E+07 5.822E+02 1.345E-01 1.040E-04 3.670E-05 1.680E+03 5.030E-01 3.521E+00 2.000E+00
9.918E+07 5.091E+02 1.401E-01 1.040E-04 5.423E-05 1.768E+03 5.043E-01 3.521E+00 2.000E+00
2.227E+08 8.003E+02 1.210E-01 1.040E-04 8.636E-05 1.701E+03 5.069E-01 3.522E+00 2.000E+00
5.839E+07 4.852E+02 1.422E-01 1.040E-04 1.453E-04 1.816E+03 5.115E-01 3.523E+00 2.000E+00
8.579E+07 6.621E+02 1.294E-01 1.040E-04 2.532E-04 1.704E+03 5.200E-01 3.526E+00 2.000E+00
3.268E+07 5.997E+02 1.339E-01 1.040E-04 4.511E-04 1.775E+03 5.355E-01 3.530E+00 2.000E+00
8.509E+08 5.095E+02 1.415E-01 1.040E-04 8.138E-04 1.953E+03 5.627E-01 3.538E+00 2.000E+00
9.500E+08 4.663E+02 1.465E-01 1.040E-04 1.479E-03 2.479E+03 6.105E-01 3.554E+00 2.000E+00
1.760E+07 2.087E+02 1.806E-01 1.040E-04 2.697E-03 3.530E+03 6.886E-01 3.582E+00 2.000E+00
NAN NAN NAN 1.040E-04 4.931E-03 NAN 7.968E-01 3.633E+00 2.000E+00
4.900E+10 4.467E+02 1.452E-01 1.315E-04 1.570E-05 1.887E+03 5.014E-01 3.520E+00 2.000E+00
3.820E+07 4.146E+02 1.481E-01 1.315E-04 1.574E-05 1.978E+03 5.014E-01 3.520E+00 2.000E+00
5.356E+08 3.775E+02 1.514E-01 1.315E-04 1.582E-05 2.117E+03 5.014E-01 3.520E+00 2.000E+00
7.417E+07 7.297E+02 1.249E-01 1.315E-04 1.595E-05 1.621E+03 5.015E-01 3.520E+00 2.000E+00
7.260E+08 8.874E+02 1.164E-01 1.315E-04 1.621E-05 1.802E+03 5.015E-01 3.520E+00 2.000E+00
3.719E+07 5.670E+02 1.356E-01 1.315E-04 1.667E-05 1.691E+03 5.015E-01 3.520E+00 2.000E+00
1.443E+08 5.080E+02 1.401E-01 1.315E-04 1.752E-05 1.767E+03 5.016E-01 3.520E+00 2.000E+00
1.411E+08 8.397E+02 1.188E-01 1.315E-04 1.907E-05 1.698E+03 5.017E-01 3.520E+00 2.000E+00
7.270E+07 6.022E+02 1.331E-01 1.315E-04 2.192E-05 1.662E+03 5.019E-01 3.520E+00 2.000E+00
1.522E+08 4.723E+02 1.431E-01 1.315E-04 2.713E-05 1.831E+03 5.023E-01 3.520E+00 2.000E+00
3.923E+08 7.678E+02 1.227E-01 1.315E-04 3.670E-05 1.666E+03 5.031E-01 3.521E+00 2.000E+00
8.639E+08 7.582E+02 1.233E-01 1.315E-04 5.423E-05 1.645E+03 5.045E-01 3.521E+00 2.000E+00
6.127E+07 5.068E+02 1.404E-01 1.315E-04 8.636E-05 1.775E+03 5.070E-01 3.522E+00 2.000E+00
4.833E+07 3.278E+02 1.565E-01 1.315E-04 1.453E-04 2.395E+03 5.116E-01 3.523E+00 2.000E+00
2.366E+07 6.192E+02 1.322E-01 1.315E-04 2.532E-04 1.705E+03 5.201E-01 3.526E+00 2.000E+00
2.458E+07 2.802E+02 1.623E-01 1.315E-04 4.511E-04 2.809E+03 5.356E-01 3.530E+00 2.000E+00
8.559E+07 6.003E+02 1.344E-01 1.315E-04 8.138E-04 2.036E+03 5.628E-01 3.538E+00 2.000E+00
1.805E+07 3.021E+02 1.636E-01 1.315E-04 1.479E-03 2.530E+03 6.106E-01 3.554E+00 2.000E+00
2.234E+08 2.087E+02 1.806E-01 1.315E-04 2.697E-03 3.531E+03 6.888E-01 3.582E+00 2.000E+00
NAN NAN NAN 1.315E-04 4.931E-03 NAN 7.969E-01 3.633E+00 2.000E+00
3.424E+09 3.594E+02 1.531E-01 1.663E-04 1.570E-05 2.207E+03 5.016E-01 3.520E+00 2.000E+00
8.873E+08 7.297E+02 1.249E-01 1.663E-04 1.574E-05 1.621E+03 5.016E-01 3.520E+00 2.000E+00
4.922E+07 7.108E+02 1.260E-01 1.663E-04 1.582E-05 1.620E+03 5.016E-01 3.520E+00 2.000E+00
2.312E+07 3.654E+02 1.526E-01 1.663E-04 1.595E-05 2.175E+03 5.016E-01 3.520E+00 2.000E+00
6.777E+07 4.300E+02 1.467E-01 1.663E-04 1.621E-05 1.932E+03 5.016E-01 3.520E+00 2.000E+00
3.679E+07 8.881E+02 1.164E-01 1.663E-04 1.667E-05 1.807E+03 5.017E-01 3.520E+00 2.000E+00
3.930E+07 5.407E+02 1.376E-01 1.663E-04 1.752E-05 1.721E+03 5.018E-01 3.520E+00 2.000E+00
7.888E+07 2.513E+02 1.633E-01 1.663E-04 1.907E-05 3.596E+03 5.019E-01 3.520E+00 2.000E+00
2.062E+08 6.311E+02 1.311E-01 1.663E-04 2.192E-05 1.644E+03 5.021E-01 3.520E+00 2.000E+00
7.632E+07 5.294E+02 1.385E-01 1.663E-04 2.713E-05 1.737E+03 5.025E-01 3.520E+00 2.000E+00
5.919E+09 3.484E+02 1.542E-01 1.663E-04 3.670E-05 2.266E+03 5.033E-01 3.521E+00 2.000E+00
9.582E+07 5.874E+02 1.342E-01 1.663E-04 5.423E-05 1.679E+03 5.046E-01 3.521E+00 2.000E+00
1.401E+08 7.233E+02 1.253E-01 1.663E-04 8.636E-05 1.648E+03 5.072E-01 3.522E+00 2.000E+00
7.154E+07 3.464E+02 1.547E-01 1.663E-04 1.453E-04 2.271E+03 5.118E-01 3.523E+00 2.000E+00
1.636E+08 4.918E+02 1.419E-01 1.663E-04 2.532E-04 1.827E+03 5.203E-01 3.526E+00 2.000E+00
5.546E+07 4.729E+02 1.439E-01 1.663E-04 4.511E-04 1.875E+03 5.358E-01 3.530E+00 2.000E+00
5.990E+07 4.829E+02 1.437E-01 1.663E-04 8.138E-04 1.940E+03 5.630E-01 3.538E+00 2.000E+00
1.022E+07 4.310E+02 1.498E-01 1.663E-04 1.479E-03 2.305E+03 6.108E-01 3.554E+00 2.000E+00
9.589E+06 2.123E+02 1.801E-01 1.663E-04 2.697E-03 3.486E+03 6.889E-01 3.582E+00 2.000E+00
NAN NAN NAN 1.663E-04 4.931E-03 NAN 7.971E-01 3.633E+00 2.000E+00
5.544E+07 8.920E+02 1.162E-01 2.104E-04 1.570E-05 1.823E+03 5.018E-01 3.520E+00 2.000E+00
6.409E+07 4.855E+02 1.420E-01 2.104E-04 1.574E-05 1.805E+03 5.018E-01 3.520E+00 2.000E+00
8.892E+07 4.801E+02 1.424E-01 2.104E-04 1.582E-05 1.815E+03 5.018E-01 3.520E+00 2.000E+00
1.931E+07 8.881E+02 1.164E-01 2.104E-04 1.595E-05 1.809E+03 5.018E-01 3.520E+00 2.000E+00
7.357E+07 3.953E+02 1.498E-01 2.104E-04 1.621E-05 2.045E+03 5.019E-01 3.520E+00 2.000E+00
8.649E+08 8.651E+02 1.175E-01 2.104E-04 1.667E-05 1.746E+03 5.019E-01 3.520E+00 2.000E+00
6.705E+07 5.825E+02 1.345E-01 2.104E-04 1.752E-05 1.678E+03 5.020E-01 3.520E+00 2.000E+00
1.030E+08 8.596E+02 1.178E-01 2.104E-04 1.907E-05 1.780E+03 5.021E-01 3.520E+00 2.000E+00
5.936E+07 3.750E+02 1.517E-01 2.104E-04 2.192E-05 2.149E+03 5.023E-01 3.520E+00 2.000E+00
7.326E+07 6.922E+02 1.272E-01 2.104E-04 2.713E-05 1.626E+03 5.027E-01 3.520E+00 2.000E+00
5.290E+08 7.518E+02 1.236E-01 2.104E-04 3.670E-05 1.637E+03 5.035E-01 3.521E+00 2.000E+00
4.822E+07 6.220E+02 1.318E-01 2.104E-04 5.423E-05 1.656E+03 5.049E-01 3.521E+00 2.000E+00
4.836E+07 7.987E+02 1.210E-01 2.104E-04 8.636E-05 1.702E+03 5.074E-01 3.522E+00 2.000E+00
6.274E+07 7.298E+02 1.250E-01 2.104E-04 1.453E-04 1.685E+03 5.120E-01 3.523E+00 2.000E+00
1.621E+07 6.645E+02 1.292E-01 2.104E-04 2.532E-04 1.705E+03 5.205E-01 3.526E+00 2.000E+00
3.894E+07 6.152E+02 1.328E-01 2.104E-04 4.511E-04 1.780E+03 5.360E-01 3.530E+00 2.000E+00
1.774E+07 2.845E+02 1.632E-01 2.104E-04 8.138E-04 2.692E+03 5.632E-01 3.538E+00 2.000E+00
7.577E+07 3.934E+02 1.536E-01 2.104E-04 1.479E-03 2.273E+03 6.110E-01 3.554E+00 2.000E+00
2.663E+07 2.099E+02 1.805E-01 2.104E-04 2.697E-03 3.516E+03 6.892E-01 3.582E+00 2.000E+00
NAN NAN NAN 2.104E-04 4.931E-03 NAN 7.973E-01 3.633E+00 2.000E+00
6.009E+07 6.289E+02 1.313E-01 2.661E-04 1.570E-05 1.645E+03 5.021E-01 3.520E+00 2.000E+00
2.067E+09 6.289E+02 1.313E-01 2.661E-04 1.574E-05 1.646E+03 5.021E-01 3.520E+00 2.000E+00
2.765E+07 8.881E+02 1.164E-01 2.661E-04 1.582E-05 1.813E+03 5.021E-01 3.520E+00 2.000E+00
1.147E+09 4.627E+02 1.439E-01 2.661E-04 1.595E-05 1.851E+03 5.021E-01 3.520E+00 2.000E+00
1.816E+08 8.881E+02 1.164E-01 2.661E-04 1.621E-05 1.814E+03 5.021E-01 3.520E+00 2.000E+00
1.108E+08 5.416E+02 1.375E-01 2.661E-04 1.667E-05 1.721E+03 5.022E-01 3.520E+00 2.000E+00
3.739E+07 2.639E+02 1.622E-01 2.661E-04 1.752E-05 3.248E+03 5.022E-01 3.520E+00 2.000E+00
6.741E+08 7.893E+02 1.215E-01 2.661E-04 1.907E-05 1.648E+03 5.024E-01 3.520E+00 2.000E+00
2.914E+07 7.299E+02 1.249E-01 2.661E-04 2.192E-05 1.625E+03 5.026E-01 3.520E+00 2.000E+00
6.435E+07 6.021E+02 1.331E-01 2.661E-04 2.713E-05 1.664E+03 5.030E-01 3.520E+00 2.000E+00
2.049E+08 4.662E+02 1.436E-01 2.661E-04 3.670E-05 1.845E+03 5.037E-01 3.521E+00 2.000E+00
2.671E+08 7.292E+02 1.250E-01 2.661E-04 5.423E-05 1.638E+03 5.051E-01 3.521E+00 2.000E+00
3.000E+08 4.315E+02 1.467E-01 2.661E-04 8.636E-05 1.931E+03 5.076E-01 3.522E+00 2.000E+00
7.226E+07 6.044E+02 1.331E-01 2.661E-04 1.453E-04 1.686E+03 5.123E-01 3.523E+00 2.000E+00
4.285E+07 3.439E+02 1.553E-01 2.661E-04 2.532E-04 2.280E+03 5.208E-01 3.526E+00 2.000E+00
6.833E+07 4.266E+02 1.480E-01 2.661E-04 4.511E-04 1.966E+03 5.363E-01 3.530E+00 2.000E+00
1.697E+08 4.084E+02 1.505E-01 2.661E-04 8.138E-04 2.054E+03 5.635E-01 3.538E+00 2.000E+00
1.474E+08 2.722E+02 1.671E-01 2.661E-04 1.479E-03 2.753E+03 6.113E-01 3.554E+00 2.000E+00
6.765E+06 2.627E+02 1.731E-01 2.661E-04 2.697E-03 3.430E+03 6.894E-01 3.582E+00 2.000E+00
NAN NAN NAN 2.661E-04 4.931E-03 NAN 7.976E-01 3.633E+00 2.000E+00
1.959E+08 8.881E+02 1.164E-01 3.366E-04 1.570E-05 1.818E+03 5.024E-01 3.520E+00 2.000E+00
8.936E+08 8.881E+02 1.164E-01 3.366E-04 1.574E-05 1.819E+03 5.024E-01 3.520E+00 2.000E+00
1.591E+08 5.904E+02 1.339E-01 3.366E-04 1.582E-05 1.672E+03 5.025E-01 3.520E+00 2.000E+00
1.457E+08 7.176E+02 1.256E-01 3.366E-04 1.595E-05 1.623E+03 5.025E-01 3.520E+00 2.000E+00
1.012E+08 5.407E+02 1.376E-01 3.366E-04 1.621E-05 1.722E+03 5.025E-01 3.520E+00 2.000E+00
1.339E+11 7.393E+02 1.243E-01 3.366E-04 1.667E-05 1.626E+03 5.025E-01 3.520E+00 2.000E+00
6.771E+07 8.397E+02 1.188E-01 3.366E-04 1.752E-05 1.705E+03 5.026E-01 3.520E+00 2.000E+00
8.966E+07 6.743E+02 1.283E-01 3.366E-04 1.907E-05 1.628E+03 5.027E-01 3.520E+00 2.000E+00
1.190E+08 8.420E+02 1.187E-01 3.366E-04 2.192E-05 1.714E+03 5.029E-01 3.520E+00 2.000E+00
5.809E+07 5.516E+02 1.368E-01 3.366E-04 2.713E-05 1.711E+03 5.033E-01 3.520E+00 2.000E+00
1.131E+08 7.245E+02 1.252E-01 3.366E-04 3.670E-05 1.634E+03 5.041E-01 3.521E+00 2.000E+00
4.728E+08 8.424E+02 1.187E-01 3.366E-04 5.423E-05 1.750E+03 5.055E-01 3.521E+00 2.000E+00
5.795E+07 4.178E+02 1.479E-01 3.366E-04 8.636E-05 1.970E+03 5.080E-01 3.522E+00 2.000E+00
2.143E+08 7.638E+02 1.230E-01 3.366E-04 1.453E-04 1.710E+03 5.126E-01 3.523E+00 2.000E+00
5.267E+08 4.730E+02 1.435E-01 3.366E-04 2.532E-04 1.860E+03 5.211E-01 3.526E+00 2.000E+00
9.196E+08 5.422E+02 1.382E-01 3.366E-04 4.511E-04 1.798E+03 5.366E-01 3.530E+00 2.000E+00
7.629E+08 5.391E+02 1.390E-01 3.366E-04 8.138E-04 1.939E+03 5.639E-01 3.538E+00 2.000E+00
1.624E+07 4.245E+02 1.505E-01 3.366E-04 1.479E-03 2.300E+03 6.117E-01 3.554E+00 2.000E+00
5.795E+07 2.417E+02 1.760E-01 3.366E-04 2.697E-03 3.274E+03 6.898E-01 3.582E+00 2.000E+00
NAN NAN NAN 3.366E-04 4.931E-03 NAN 7.979E-01 3.633E+00 2.000E+00
9.635E+07 7.015E+02 1.266E-01 4.257E-04 1.570E-05 1.630E+03 5.029E-01 3.520E+00 2.000E+00
2.278E+09 6.738E+02 1.283E-01 4.257E-04 1.574E-05 1.629E+03 5.029E-01 3.520E+00 2.000E+00
3.692E+07 5.825E+02 1.345E-01 4.257E-04 1.582E-05 1.679E+03 5.029E-01 3.520E+00 2.000E+00
9.321E+07 7.574E+02 1.233E-01 4.257E-04 1.595E-05 1.633E+03 5.029E-01 3.520E+00 2.000E+00
2.149E+07 5.258E+02 1.387E-01 4.257E-04 1.621E-05 1.742E+03 5.029E-01 3.520E+00 2.000E+00
9.893E+07 8.545E+02 1.181E-01 4.257E-04 1.667E-05 1.735E+03 5.030E-01 3.520E+00 2.000E+00
1.215E+08 8.596E+02 1.178E-01 4.257E-04 1.752E-05 1.747E+03 5.030E-01 3.520E+00 2.000E+00
7.015E+07 8.209E+02 1.198E-01 4.257E-04 1.907E-05 1.684E+03 5.031E-01 3.520E+00 2.000E+00
2.421E+07 5.824E+02 1.345E-01 4.257E-04 2.192E-05 1.680E+03 5.034E-01 3.520E+00 2.000E+00
3.210E+07 6.144E+02 1.323E-01 4.257E-04 2.713E-05 1.657E+03 5.038E-01 3.520E+00 2.000E+00
6.511E+07 7.891E+02 1.215E-01 4.257E-04 3.670E-05 1.663E+03 5.045E-01 3.521E+00 2.000E+00
4.143E+07 5.564E+02 1.365E-01 4.257E-04 5.423E-05 1.714E+03 5.059E-01 3.521E+00 2.000E+00
2.171E+08 7.399E+02 1.244E-01 4.257E-04 8.636E-05 1.659E+03 5.084E-01 3.522E+00 2.000E+00
8.185E+07 5.963E+02 1.337E-01 4.257E-04 1.453E-04 1.693E+03 5.131E-01 3.523E+00 2.000E+00
8.444E+07 6.446E+02 1.305E-01 4.257E-04 2.532E-04 1.707E+03 5.215E-01 3.526E+00 2.000E+00
6.701E+08 6.892E+02 1.279E-01 4.257E-04 4.511E-04 1.863E+03 5.371E-01 3.530E+00 2.000E+00
1.458E+08 5.537E+02 1.379E-01 4.257E-04 8.138E-04 1.954E+03 5.643E-01 3.538E+00 2.000E+00
2.949E+07 4.022E+02 1.527E-01 4.257E-04 1.479E-03 2.280E+03 6.121E-01 3.554E+00 2.000E+00
1.950E+07 2.646E+02 1.728E-01 4.257E-04 2.697E-03 3.342E+03 6.902E-01 3.582E+00 2.000E+00
NAN NAN NAN 4.257E-04 4.931E-03 NAN 7.983E-01 3.633E+00 2.000E+00
1.715E+08 8.562E+02 1.180E-01 5.385E-04 1.570E-05 1.744E+03 5.034E-01 3.520E+00 2.000E+00
1.786E+09 8.562E+02 1.180E-01 5.385E-04 1.574E-05 1.747E+03 5.034E-01 3.520E+00 2.000E+00
7.209E+07 8.545E+02 1.181E-01 5.385E-04 1.582E-05 1.741E+03 5.034E-01 3.520E+00 2.000E+00
2.720E+07 3.060E+02 1.582E-01 5.385E-04 1.595E-05 2.602E+03 5.035E-01 3.520E+00 2.000E+00
1.526E+09 8.407E+02 1.188E-01 5.385E-04 1.621E-05 1.714E+03 5.035E-01 3.520E+00 2.000E+00
1.852E+08 3.119E+02 1.577E-01 5.385E-04 1.667E-05 2.544E+03 5.035E-01 3.520E+00 2.000E+00
1.396E+08 6.770E+02 1.281E-01 5.385E-04 1.752E-05 1.634E+03 5.036E-01 3.520E+00 2.000E+00
1.755E+08 6.311E+02 1.311E-01 5.385E-04 1.907E-05 1.909E+03 5.037E-01 3.520E+00 2.000E+00
1.085E+08 7.138E+02 1.258E-01 5.385E-04 2.192E-05 1.632E+03 5.039E-01 3.520E+00 2.000E+00
2.812E+07 5.095E+02 1.400E-01 5.385E-04 2.713E-05 1.768E+03 5.043E-01 3.520E+00 2.000E+00
3.023E+07 4.729E+02 1.430E-01 5.385E-04 3.670E-05 1.833E+03 5.051E-01 3.521E+00 2.000E+00
4.027E+07 6.465E+02 1.301E-01 5.385E-04 5.423E-05 1.649E+03 5.065E-01 3.521E+00 2.000E+00
7.108E+07 5.126E+02 1.399E-01 5.385E-04 8.636E-05 1.770E+03 5.090E-01 3.522E+00 2.000E+00
9.154E+07 8.316E+02 1.194E-01 5.385E-04 1.453E-04 1.863E+03 5.136E-01 3.523E+00 2.000E+00
3.172E+07 4.080E+02 1.492E-01 5.385E-04 2.532E-04 2.037E+03 5.221E-01 3.526E+00 2.000E+00
4.939E+07 4.347E+02 1.472E-01 5.385E-04 4.511E-04 1.952E+03 5.376E-01 3.530E+00 2.000E+00
7.429E+07 5.005E+02 1.422E-01 5.385E-04 8.138E-04 1.939E+03 5.649E-01 3.538E+00 2.000E+00
1.165E+09 4.508E+02 1.479E-01 5.385E-04 1.479E-03 2.408E+03 6.127E-01 3.554E+00 2.000E+00
8.795E+06 2.607E+02 1.734E-01 5.385E-04 2.697E-03 3.324E+03 6.908E-01 3.582E+00 2.000E+00
NAN NAN NAN 5.385E-04 4.931E-03 NAN 7.988E-01 3.633E+00 2.000E+00
3.132E+08 8.596E+02 1.178E-01 6.811E-04 1.570E-05 1.760E+03 5.041E-01 3.520E+00 2.000E+00
6.942E+07 7.978E+02 1.210E-01 6.811E-04 1.574E-05 1.666E+03 5.041E-01 3.520E+00 2.000E+00
7.135E+07 3.237E+02 1.565E-01 6.811E-04 1.582E-05 2.441E+03 5.041E-01 3.520E+00 2.000E+00
4.372E+08 4.020E+02 1.492E-01 6.811E-04 1.595E-05 2.047E+03 5.042E-01 3.520E+00 2.000E+00
1.307E+08 8.835E+02 1.166E-01 6.811E-04 1.621E-05 1.832E+03 5.042E-01 3.520E+00 2.000E+00
5.171E+07 4.993E+02 1.408E-01 6.811E-04 1.667E-05 1.784E+03 5.042E-01 3.520E+00 2.000E+00
7.157E+07 8.661E+02 1.175E-01 6.811E-04 1.752E-05 1.778E+03 5.043E-01 3.520E+00 2.000E+00
8.508E+07 5.368E+02 1.379E-01 6.811E-04 1.907E-05 1.730E+03 5.044E-01 3.520E+00 2.000E+00
2.649E+08 4.400E+02 1.458E-01 6.811E-04 2.192E-05 1.908E+03 5.046E-01 3.520E+00 2.000E+00
1.449E+09 4.842E+02 1.421E-01 6.811E-04 2.713E-05 1.811E+03 5.050E-01 3.520E+00 2.000E+00
1.044E+08 3.293E+02 1.561E-01 6.811E-04 3.670E-05 2.396E+03 5.058E-01 3.521E+00 2.000E+00
2.898E+08 8.576E+02 1.179E-01 6.811E-04 5.423E-05 1.809E+03 5.072E-01 3.521E+00 2.000E+00
1.951E+08 2.813E+02 1.608E-01 6.811E-04 8.636E-05 2.896E+03 5.097E-01 3.522E+00 2.000E+00
8.478E+07 5.496E+02 1.371E-01 6.811E-04 1.453E-04 1.733E+03 5.143E-01 3.523E+00 2.000E+00
4.308E+08 5.318E+02 1.387E-01 6.811E-04 2.532E-04 1.770E+03 5.228E-01 3.526E+00 2.000E+00
2.561E+08 4.983E+02 1.417E-01 6.811E-04 4.511E-04 1.843E+03 5.383E-01 3.530E+00 2.000E+00
8.614E+07 6.025E+02 1.342E-01 6.811E-04 8.138E-04 2.081E+03 5.656E-01 3.538E+00 2.000E+00
5.979E+07 4.439E+02 1.486E-01 6.811E-04 1.479E-03 2.383E+03 6.134E-01 3.554E+00 2.000E+00
4.860E+06 2.746E+02 1.715E-01 6.811E-04 2.697E-03 3.537E+03 6.915E-01 3.582E+00 2.000E+00
NAN NAN NAN 6.811E-04 4.931E-03 NAN 7.995E-01 3.633E+00 2.000E+00
5.064E+07 5.295E+02 1.385E-01 8.615E-04 1.570E-05 1.741E+03 5.050E-01 3.520E+00 2.000E+00
2.218E+07 2.854E+02 1.602E-01 8.615E-04 1.574E-05 2.855E+03 5.050E-01 3.520E+00 2.000E+00
4.430E+07 3.653E+02 1.526E-01 8.615E-04 1.582E-05 2.178E+03 5.050E-01 3.520E+00 2.000E+00
4.022E+08 8.209E+02 1.198E-01 8.615E-04 1.595E-05 1.698E+03 5.050E-01 3.520E+00 2.000E+00
7.188E+07 8.661E+02 1.175E-01 8.615E-04 1.621E-05 1.789E+03 5.051E-01 3.520E+00 2.000E+00
1.819E+08 7.493E+02 1.237E-01 8.615E-04 1.667E-05 1.641E+03 5.051E-01 3.520E+00 2.000E+00
3.855E+07 7.299E+02 1.249E-01 8.615E-04 1.752E-05 1.635E+03 5.052E-01 3.520E+00 2.000E+00
1.483E+08 2.881E+02 1.600E-01 8.615E-04 1.907E-05 2.819E+03 5.053E-01 3.520E+00 2.000E+00
5.340E+07 6.878E+02 1.274E-01 8.615E-04 2.192E-05 1.635E+03 5.055E-01 3.520E+00 2.000E+00
2.160E+09 7.013E+02 1.266E-01 8.615E-04 2.713E-05 1.636E+03 5.059E-01 3.520E+00 2.000E+00
2.318E+07 3.530E+02 1.538E-01 8.615E-04 3.670E-05 2.243E+03 5.067E-01 3.521E+00 2.000E+00
3.385E+07 7.786E+02 1.221E-01 8.615E-04 5.423E-05 1.679E+03 5.080E-01 3.521E+00 2.000E+00
2.587E+08 8.311E+02 1.193E-01 8.615E-04 8.636E-05 1.792E+03 5.106E-01 3.522E+00 2.000E+00
3.788E+08 7.042E+02 1.266E-01 8.615E-04 1.453E-04 1.683E+03 5.152E-01 3.523E+00 2.000E+00
1.304E+07 4.504E+02 1.454E-01 8.615E-04 2.532E-04 1.899E+03 5.237E-01 3.526E+00 2.000E+00
7.088E+07 5.351E+02 1.388E-01 8.615E-04 4.511E-04 1.810E+03 5.392E-01 3.530E+00 2.000E+00
4.033E+07 4.969E+02 1.425E-01 8.615E-04 8.138E-04 1.947E+03 5.665E-01 3.538E+00 2.000E+00
3.986E+07 2.948E+02 1.645E-01 8.615E-04 1.479E-03 2.585E+03 6.143E-01 3.554E+00 2.000E+00
7.428E+07 2.490E+02 1.750E-01 8.615E-04 2.697E-03 3.330E+03 6.924E-01 3.582E+00 2.000E+00
NAN NAN NAN 8.615E-04 4.931E-03 NAN 8.003E-01 3.633E+00 2.000E+00
3.992E+07 6.145E+02 1.322E-01 1.090E-03 1.570E-05 1.663E+03 5.061E-01 3.520E+00 2.000E+00
1.118E+08 6.145E+02 1.322E-01 1.090E-03 1.574E-05 1.662E+03 5.061E-01 3.520E+00 2.000E+00
3.913E+07 7.299E+02 1.249E-01 1.090E-03 1.582E-05 1.639E+03 5.062E-01 3.520E+00 2.000E+00
2.472E+08 7.821E+02 1.219E-01 1.090E-03 1.595E-05 1.665E+03 5.062E-01 3.520E+00 2.000E+00
1.609E+08 7.965E+02 1.211E-01 1.090E-03 1.621E-05 1.679E+03 5.062E-01 3.520E+00 2.000E+00
8.389E+08 7.472E+02 1.239E-01 1.090E-03 1.667E-05 1.766E+03 5.062E-01 3.520E+00 2.000E+00
4.325E+08 6.670E+02 1.287E-01 1.090E-03 1.752E-05 1.675E+03 5.063E-01 3.520E+00 2.000E+00
1.018E+08 7.392E+02 1.243E-01 1.090E-03 1.907E-05 1.643E+03 5.064E-01 3.520E+00 2.000E+00
8.877E+07 4.867E+02 1.419E-01 1.090E-03 2.192E-05 1.809E+03 5.066E-01 3.520E+00 2.000E+00
1.949E+08 7.391E+02 1.243E-01 1.090E-03 2.713E-05 1.646E+03 5.070E-01 3.520E+00 2.000E+00
1.572E+08 8.425E+02 1.187E-01 1.090E-03 3.670E-05 1.769E+03 5.078E-01 3.521E+00 2.000E+00
1.597E+08 7.196E+02 1.255E-01 1.090E-03 5.423E-05 1.652E+03 5.092E-01 3.521E+00 2.000E+00
2.657E+08 6.431E+02 1.304E-01 1.090E-03 8.636E-05 1.666E+03 5.117E-01 3.522E+00 2.000E+00
6.123E+09 5.273E+02 1.388E-01 1.090E-03 1.453E-04 1.763E+03 5.163E-01 3.523E+00 2.000E+00
1.296E+08 5.786E+02 1.351E-01 1.090E-03 2.532E-04 1.736E+03 5.248E-01 3.526E+00 2.000E+00
5.317E+08 6.078E+02 1.333E-01 1.090E-03 4.511E-04 1.805E+03 5.403E-01 3.530E+00 2.000E+00
2.164E+07 4.264E+02 1.488E-01 1.090E-03 8.138E-04 2.025E+03 5.676E-01 3.538E+00 2.000E+00
5.408E+07 3.738E+02 1.557E-01 1.090E-03 1.479E-03 2.313E+03 6.154E-01 3.554E+00 2.000E+00
1.094E+07 2.681E+02 1.724E-01 1.090E-03 2.697E-03 3.534E+03 6.935E-01 3.582E+00 2.000E+00
NAN NAN NAN 1.090E-03 4.931E-03 NAN 8.013E-01 3.633E+00 2.000E+00
4.383E+07 4.868E+02 1.419E-01 1.378E-03 1.570E-05 1.811E+03 5.076E-01 3.520E+00 2.000E+00
1.216E+08 6.975E+02 1.268E-01 1.378E-03 1.574E-05 1.641E+03 5.076E-01 3.520E+00 2.000E+00
9.324E+07 7.195E+02 1.255E-01 1.378E-03 1.582E-05 1.642E+03 5.076E-01 3.520E+00 2.000E+00
8.314E+07 2.638E+02 1.622E-01 1.378E-03 1.595E-05 3.251E+03 5.076E-01 3.520E+00 2.000E+00
5.167E+07 3.118E+02 1.577E-01 1.378E-03 1.621E-05 2.548E+03 5.076E-01 3.520E+00 2.000E+00
1.885E+07 7.351E+02 1.246E-01 1.378E-03 1.667E-05 1.646E+03 5.076E-01 3.520E+00 2.000E+00
3.448E+07 5.294E+02 1.385E-01 1.378E-03 1.752E-05 1.746E+03 5.077E-01 3.520E+00 2.000E+00
6.868E+07 5.703E+02 1.354E-01 1.378E-03 1.907E-05 1.700E+03 5.078E-01 3.520E+00 2.000E+00
4.822E+07 2.907E+02 1.597E-01 1.378E-03 2.192E-05 2.781E+03 5.080E-01 3.520E+00 2.000E+00
1.389E+07 4.658E+02 1.436E-01 1.378E-03 2.713E-05 1.852E+03 5.085E-01 3.520E+00 2.000E+00
4.037E+08 7.244E+02 1.252E-01 1.378E-03 3.670E-05 1.654E+03 5.092E-01 3.521E+00 2.000E+00
5.373E+09 6.176E+02 1.321E-01 1.378E-03 5.423E-05 1.672E+03 5.106E-01 3.521E+00 2.000E+00
4.750E+08 8.050E+02 1.207E-01 1.378E-03 8.636E-05 1.761E+03 5.131E-01 3.522E+00 2.000E+00
3.370E+07 2.624E+02 1.629E-01 1.378E-03 1.453E-04 3.218E+03 5.177E-01 3.523E+00 2.000E+00
8.816E+07 3.614E+02 1.536E-01 1.378E-03 2.532E-04 2.193E+03 5.262E-01 3.526E+00 2.000E+00
1.723E+08 3.950E+02 1.509E-01 1.378E-03 4.511E-04 2.208E+03 5.418E-01 3.530E+00 2.000E+00
1.915E+07 4.603E+02 1.457E-01 1.378E-03 8.138E-04 1.982E+03 5.690E-01 3.538E+00 2.000E+00
1.533E+07 2.838E+02 1.657E-01 1.378E-03 1.479E-03 2.669E+03 6.168E-01 3.554E+00 2.000E+00
7.881E+06 2.220E+02 1.788E-01 1.378E-03 2.697E-03 3.447E+03 6.950E-01 3.582E+00 2.000E+00
NAN NAN NAN 1.378E-03 4.931E-03 NAN 8.026E-01 3.633E+00 2.000E+00
3.135E+07 6.021E+02 1.331E-01 1.743E-03 1.570E-05 1.686E+03 5.093E-01 3.520E+00 2.000E+00
3.407E+07 4.207E+02 1.475E-01 1.743E-03 1.574E-05 1.968E+03 5.094E-01 3.520E+00 2.000E+00
9.537E+07 5.982E+02 1.334E-01 1.743E-03 1.582E-05 1.680E+03 5.094E-01 3.520E+00 2.000E+00
9.382E+07 5.532E+02 1.366E-01 1.743E-03 1.595E-05 1.726E+03 5.094E-01 3.520E+00 2.000E+00
1.733E+08 3.413E+02 1.549E-01 1.743E-03 1.621E-05 2.319E+03 5.094E-01 3.520E+00 2.000E+00
4.517E+08 7.528E+02 1.235E-01 1.743E-03 1.667E-05 1.663E+03 5.094E-01 3.520E+00 2.000E+00
1.779E+08 7.811E+02 1.219E-01 1.743E-03 1.752E-05 1.684E+03 5.095E-01 3.520E+00 2.000E+00
1.266E+08 4.399E+02 1.458E-01 1.743E-03 1.907E-05 1.915E+03 5.096E-01 3.520E+00 2.000E+00
1.546E+08 8.270E+02 1.195E-01 1.743E-03 2.192E-05 1.753E+03 5.098E-01 3.520E+00 2.000E+00
2.909E+07 3.175E+02 1.572E-01 1.743E-03 2.713E-05 2.496E+03 5.102E-01 3.520E+00 2.000E+00
1.897E+08 5.036E+02 1.405E-01 1.743E-03 3.670E-05 1.787E+03 5.110E-01 3.521E+00 2.000E+00
6.776E+07 5.829E+02 1.345E-01 1.743E-03 5.423E-05 1.699E+03 5.124E-01 3.521E+00 2.000E+00
5.989E+07 5.722E+02 1.354E-01 1.743E-03 8.636E-05 1.721E+03 5.149E-01 3.522E+00 2.000E+00
3.046E+07 4.443E+02 1.457E-01 1.743E-03 1.453E-04 2.039E+03 5.195E-01 3.523E+00 2.000E+00
1.464E+08 4.555E+02 1.450E-01 1.743E-03 2.532E-04 1.895E+03 5.280E-01 3.526E+00 2.000E+00
2.600E+07 2.593E+02 1.644E-01 1.743E-03 4.511E-04 3.148E+03 5.435E-01 3.530E+00 2.000E+00
5.292E+07 3.045E+02 1.611E-01 1.743E-03 8.138E-04 2.523E+03 5.708E-01 3.538E+00 2.000E+00
2.378E+08 2.724E+02 1.671E-01 1.743E-03 1.479E-03 2.769E+03 6.187E-01 3.554E+00 2.000E+00
1.525E+07 2.442E+02 1.757E-01 1.743E-03 2.697E-03 3.373E+03 6.968E-01 3.582E+00 2.000E+00
NAN NAN NAN 1.743E-03 4.931E-03 NAN 8.043E-01 3.633E+00 2.000E+00
1.866E+07 6.592E+02 1.292E-01 2.205E-03 1.570E-05 1.658E+03 5.116E-01 3.520E+00 2.000E+00
2.331E+07 6.592E+02 1.292E-01 2.205E-03 1.574E-05 1.658E+03 5.116E-01 3.520E+00 2.000E+00
4.845E+07 6.592E+02 1.292E-01 2.205E-03 1.582E-05 1.663E+03 5.116E-01 3.520E+00 2.000E+00
3.806E+07 3.176E+02 1.571E-01 2.205E-03 1.595E-05 2.498E+03 5.116E-01 3.520E+00 2.000E+00
2.039E+08 7.295E+02 1.249E-01 2.205E-03 1.621E-05 1.662E+03 5.117E-01 3.520E+00 2.000E+00
1.748E+08 8.356E+02 1.190E-01 2.205E-03 1.667E-05 1.792E+03 5.117E-01 3.520E+00 2.000E+00
1.836E+08 2.756E+02 1.611E-01 2.205E-03 1.752E-05 3.014E+03 5.118E-01 3.520E+00 2.000E+00
1.870E+08 8.554E+02 1.180E-01 2.205E-03 1.907E-05 1.858E+03 5.119E-01 3.520E+00 2.000E+00
2.032E+08 7.587E+02 1.232E-01 2.205E-03 2.192E-05 1.683E+03 5.121E-01 3.520E+00 2.000E+00
6.331E+07 8.181E+02 1.200E-01 2.205E-03 2.713E-05 1.765E+03 5.125E-01 3.520E+00 2.000E+00
1.673E+07 5.363E+02 1.380E-01 2.205E-03 3.670E-05 1.746E+03 5.133E-01 3.521E+00 2.000E+00
3.412E+08 3.466E+02 1.545E-01 2.205E-03 5.423E-05 2.285E+03 5.146E-01 3.521E+00 2.000E+00
7.534E+07 7.421E+02 1.242E-01 2.205E-03 8.636E-05 1.712E+03 5.172E-01 3.522E+00 2.000E+00
3.946E+07 5.623E+02 1.362E-01 2.205E-03 1.453E-04 1.738E+03 5.218E-01 3.523E+00 2.000E+00
9.337E+07 6.444E+02 1.305E-01 2.205E-03 2.532E-04 1.743E+03 5.303E-01 3.526E+00 2.000E+00
1.398E+08 5.884E+02 1.347E-01 2.205E-03 4.511E-04 1.819E+03 5.458E-01 3.530E+00 2.000E+00
4.036E+07 5.896E+02 1.352E-01 2.205E-03 8.138E-04 2.165E+03 5.731E-01 3.538E+00 2.000E+00
1.583E+09 3.057E+02 1.632E-01 2.205E-03 1.479E-03 2.542E+03 6.210E-01 3.554E+00 2.000E+00
5.448E+07 2.197E+02 1.792E-01 2.205E-03 2.697E-03 3.491E+03 6.991E-01 3.582E+00 2.000E+00
NAN NAN NAN 2.205E-03 4.931E-03 NAN 8.064E-01 3.633E+00 2.000E+00
6.743E+07 4.499E+02 1.450E-01 2.789E-03 1.570E-05 1.899E+03 5.145E-01 3.520E+00 2.000E+00
1.221E+08 4.531E+02 1.447E-01 2.789E-03 1.574E-05 1.890E+03 5.145E-01 3.520E+00 2.000E+00
6.733E+07 5.853E+02 1.343E-01 2.789E-03 1.582E-05 1.701E+03 5.145E-01 3.520E+00 2.000E+00
7.908E+08 5.004E+02 1.408E-01 2.789E-03 1.595E-05 1.798E+03 5.145E-01 3.520E+00 2.000E+00
1.051E+08 3.471E+02 1.543E-01 2.789E-03 1.621E-05 2.288E+03 5.145E-01 3.520E+00 2.000E+00
5.053E+07 5.006E+02 1.407E-01 2.789E-03 1.667E-05 1.800E+03 5.146E-01 3.520E+00 2.000E+00
6.560E+07 2.574E+02 1.628E-01 2.789E-03 1.752E-05 3.411E+03 5.146E-01 3.520E+00 2.000E+00
7.080E+07 7.488E+02 1.238E-01 2.789E-03 1.907E-05 1.689E+03 5.147E-01 3.520E+00 2.000E+00
2.307E+08 7.788E+02 1.221E-01 2.789E-03 2.192E-05 1.720E+03 5.150E-01 3.520E+00 2.000E+00
8.858E+07 7.686E+02 1.227E-01 2.789E-03 2.713E-05 1.712E+03 5.154E-01 3.520E+00 2.000E+00
2.866E+07 3.768E+02 1.516E-01 2.789E-03 3.670E-05 2.181E+03 5.161E-01 3.521E+00 2.000E+00
3.767E+07 7.389E+02 1.244E-01 2.789E-03 5.423E-05 1.705E+03 5.175E-01 3.521E+00 2.000E+00
3.772E+08 7.096E+02 1.262E-01 2.789E-03 8.636E-05 1.703E+03 5.200E-01 3.522E+00 2.000E+00
4.755E+07 6.903E+02 1.274E-01 2.789E-03 1.453E-04 1.722E+03 5.247E-01 3.523E+00 2.000E+00
4.017E+08 7.137E+02 1.261E-01 2.789E-03 2.532E-04 1.823E+03 5.331E-01 3.526E+00 2.000E+00
9.949E+07 6.061E+02 1.334E-01 2.789E-03 4.511E-04 1.841E+03 5.487E-01 3.530E+00 2.000E+00
1.433E+08 3.795E+02 1.533E-01 2.789E-03 8.138E-04 2.160E+03 5.760E-01 3.538E+00 2.000E+00
2.009E+07 3.294E+02 1.605E-01 2.789E-03 1.479E-03 2.451E+03 6.239E-01 3.554E+00 2.000E+00
9.640E+06 2.306E+02 1.776E-01 2.789E-03 2.697E-03 3.463E+03 7.020E-01 3.582E+00 2.000E+00
NAN NAN NAN 2.789E-03 4.931E-03 NAN 8.091E-01 3.633E+00 2.000E+00
9.045E+07 6.697E+02 1.286E-01 3.528E-03 1.570E-05 1.679E+03 5.181E-01 3.520E+00 2.000E+00
6.623E+07 6.805E+02 1.279E-01 3.528E-03 1.574E-05 1.678E+03 5.181E-01 3.520E+00 2.000E+00
1.286E+08 6.740E+02 1.283E-01 3.528E-03 1.582E-05 1.679E+03 5.181E-01 3.520E+00 2.000E+00
1.467E+08 3.123E+02 1.577E-01 3.528E-03 1.595E-05 2.551E+03 5.181E-01 3.520E+00 2.000E+00
6.885E+08 4.397E+02 1.459E-01 3.528E-03 1.621E-05 1.927E+03 5.182E-01 3.520E+00 2.000E+00
1.121E+08 2.566E+02 1.629E-01 3.528E-03 1.667E-05 3.433E+03 5.182E-01 3.520E+00 2.000E+00
2.281E+08 8.181E+02 1.199E-01 3.528E-03 1.752E-05 1.828E+03 5.183E-01 3.520E+00 2.000E+00
1.167E+08 8.302E+02 1.193E-01 3.528E-03 1.907E-05 1.871E+03 5.184E-01 3.520E+00 2.000E+00
4.902E+09 7.487E+02 1.238E-01 3.528E-03 2.192E-05 1.712E+03 5.186E-01 3.520E+00 2.000E+00
5.055E+07 4.809E+02 1.424E-01 3.528E-03 2.713E-05 1.857E+03 5.190E-01 3.520E+00 2.000E+00
1.081E+08 6.737E+02 1.283E-01 3.528E-03 3.670E-05 1.686E+03 5.198E-01 3.521E+00 2.000E+00
1.079E+08 6.446E+02 1.303E-01 3.528E-03 5.423E-05 1.715E+03 5.211E-01 3.521E+00 2.000E+00
5.688E+07 5.518E+02 1.369E-01 3.528E-03 8.636E-05 1.751E+03 5.237E-01 3.522E+00 2.000E+00
1.075E+08 7.852E+02 1.219E-01 3.528E-03 1.453E-04 1.925E+03 5.283E-01 3.523E+00 2.000E+00
5.440E+10 3.613E+02 1.536E-01 3.528E-03 2.532E-04 2.207E+03 5.368E-01 3.526E+00 2.000E+00
1.470E+08 6.592E+02 1.298E-01 3.528E-03 4.511E-04 1.954E+03 5.523E-01 3.530E+00 2.000E+00
1.601E+07 5.738E+02 1.364E-01 3.528E-03 8.138E-04 2.169E+03 5.797E-01 3.538E+00 2.000E+00
7.566E+07 2.455E+02 1.702E-01 3.528E-03 1.479E-03 3.098E+03 6.276E-01 3.554E+00 2.000E+00
7.239E+07 2.501E+02 1.749E-01 3.528E-03 2.697E-03 3.603E+03 7.057E-01 3.582E+00 2.000E+00
NAN NAN NAN 3.528E-03 4.931E-03 NAN 8.125E-01 3.633E+00 2.000E+00
8.988E+07 6.739E+02 1.283E-01 4.462E-03 1.570E-05 1.695E+03 5.227E-01 3.520E+00 2.000E+00
8.648E+07 4.933E+02 1.413E-01 4.462E-03 1.574E-05 1.823E+03 5.227E-01 3.520E+00 2.000E+00
1.461E+08 5.339E+02 1.381E-01 4.462E-03 1.582E-05 1.767E+03 5.227E-01 3.520E+00 2.000E+00
8.558E+07 8.090E+02 1.204E-01 4.462E-03 1.595E-05 1.861E+03 5.227E-01 3.520E+00 2.000E+00
2.167E+07 7.890E+02 1.215E-01 4.462E-03 1.621E-05 1.805E+03 5.227E-01 3.520E+00 2.000E+00
8.742E+07 4.849E+02 1.420E-01 4.462E-03 1.667E-05 1.838E+03 5.228E-01 3.520E+00 2.000E+00
8.806E+07 7.915E+02 1.214E-01 4.462E-03 1.752E-05 1.813E+03 5.228E-01 3.520E+00 2.000E+00
8.361E+08 5.283E+02 1.386E-01 4.462E-03 1.907E-05 1.774E+03 5.230E-01 3.520E+00 2.000E+00
2.087E+07 7.174E+02 1.256E-01 4.462E-03 2.192E-05 1.714E+03 5.232E-01 3.520E+00 2.000E+00
4.521E+07 4.591E+02 1.442E-01 4.462E-03 2.713E-05 1.889E+03 5.236E-01 3.520E+00 2.000E+00
2.816E+08 7.195E+02 1.255E-01 4.462E-03 3.670E-05 1.724E+03 5.243E-01 3.521E+00 2.000E+00
5.828E+07 8.003E+02 1.209E-01 4.462E-03 5.423E-05 1.894E+03 5.257E-01 3.521E+00 2.000E+00
1.259E+08 5.653E+02 1.359E-01 4.462E-03 8.636E-05 1.750E+03 5.282E-01 3.522E+00 2.000E+00
1.333E+08 4.155E+02 1.483E-01 4.462E-03 1.453E-04 2.044E+03 5.329E-01 3.523E+00 2.000E+00
2.441E+09 5.758E+02 1.353E-01 4.462E-03 2.532E-04 1.789E+03 5.413E-01 3.526E+00 2.000E+00
2.344E+07 5.007E+02 1.415E-01 4.462E-03 4.511E-04 1.893E+03 5.569E-01 3.530E+00 2.000E+00
6.127E+08 2.616E+02 1.657E-01 4.462E-03 8.138E-04 3.002E+03 5.843E-01 3.538E+00 2.000E+00
1.229E+07 4.305E+02 1.499E-01 4.462E-03 1.479E-03 2.663E+03 6.322E-01 3.554E+00 2.000E+00
7.476E+06 2.494E+02 1.750E-01 4.462E-03 2.697E-03 3.748E+03 7.104E-01 3.582E+00 2.000E+00
NAN NAN NAN 4.462E-03 4.931E-03 NAN 8.167E-01 3.633E+00 2.000E+00
1.020E+08 6.354E+02 1.308E-01 5.644E-03 1.570E-05 1.717E+03 5.285E-01 3.520E+00 2.000E+00
1.652E+07 6.222E+02 1.317E-01 5.644E-03 1.574E-05 1.720E+03 5.285E-01 3.520E+00 2.000E+00
2.655E+07 6.222E+02 1.317E-01 5.644E-03 1.582E-05 1.719E+03 5.285E-01 3.520E+00 2.000E+00
1.077E+08 4.527E+02 1.447E-01 5.644E-03 1.595E-05 1.911E+03 5.285E-01 3.520E+00 2.000E+00
3.315E+07 5.391E+02 1.377E-01 5.644E-03 1.621E-05 1.773E+03 5.285E-01 3.520E+00 2.000E+00
5.841E+07 4.064E+02 1.488E-01 5.644E-03 1.667E-05 2.037E+03 5.286E-01 3.520E+00 2.000E+00
7.243E+09 4.591E+02 1.442E-01 5.644E-03 1.752E-05 1.897E+03 5.286E-01 3.520E+00 2.000E+00
2.165E+09 7.786E+02 1.221E-01 5.644E-03 1.907E-05 1.850E+03 5.288E-01 3.520E+00 2.000E+00
1.971E+08 7.213E+02 1.254E-01 5.644E-03 2.192E-05 1.752E+03 5.290E-01 3.520E+00 2.000E+00
4.271E+07 5.816E+02 1.346E-01 5.644E-03 2.713E-05 1.740E+03 5.294E-01 3.520E+00 2.000E+00
1.000E+08 7.063E+02 1.263E-01 5.644E-03 3.670E-05 1.748E+03 5.301E-01 3.521E+00 2.000E+00
4.172E+07 4.787E+02 1.426E-01 5.644E-03 5.423E-05 1.862E+03 5.315E-01 3.521E+00 2.000E+00
7.303E+07 2.576E+02 1.631E-01 5.644E-03 8.636E-05 3.366E+03 5.340E-01 3.522E+00 2.000E+00
2.263E+08 5.267E+02 1.389E-01 5.644E-03 1.453E-04 1.811E+03 5.387E-01 3.523E+00 2.000E+00
1.787E+08 5.397E+02 1.381E-01 5.644E-03 2.532E-04 1.826E+03 5.472E-01 3.526E+00 2.000E+00
2.693E+08 2.942E+02 1.610E-01 5.644E-03 4.511E-04 2.673E+03 5.627E-01 3.530E+00 2.000E+00
9.301E+07 4.976E+02 1.425E-01 5.644E-03 8.138E-04 2.078E+03 5.902E-01 3.539E+00 2.000E+00
1.533E+08 3.939E+02 1.536E-01 5.644E-03 1.479E-03 2.516E+03 6.381E-01 3.554E+00 2.000E+00
5.966E+06 2.239E+02 1.786E-01 5.644E-03 2.697E-03 3.698E+03 7.163E-01 3.582E+00 2.000E+00
NAN NAN NAN 5.644E-03 4.931E-03 NAN 8.221E-01 3.633E+00 2.000E+00
3.078E+07 5.459E+02 1.372E-01 7.139E-03 1.570E-05 1.784E+03 5.358E-01 3.520E+00 2.000E+00
8.112E+07 5.311E+02 1.383E-01 7.139E-03 1.574E-05 1.798E+03 5.358E-01 3.520E+00 2.000E+00
1.595E+08 5.509E+02 1.368E-01 7.139E-03 1.582E-05 1.779E+03 5.358E-01 3.520E+00 2.000E+00
7.492E+07 5.129E+02 1.398E-01 7.139E-03 1.595E-05 1.819E+03 5.359E-01 3.520E+00 2.000E+00
6.446E+07 4.011E+02 1.493E-01 7.139E-03 1.621E-05 2.064E+03 5.359E-01 3.520E+00 2.000E+00
1.863E+08 7.135E+02 1.259E-01 7.139E-03 1.667E-05 1.789E+03 5.359E-01 3.520E+00 2.000E+00
1.395E+08 3.826E+02 1.510E-01 7.139E-03 1.752E-05 2.134E+03 5.360E-01 3.520E+00 2.000E+00
1.533E+08 5.816E+02 1.346E-01 7.139E-03 1.907E-05 1.759E+03 5.361E-01 3.520E+00 2.000E+00
3.560E+08 5.141E+02 1.397E-01 7.139E-03 2.192E-05 1.820E+03 5.363E-01 3.520E+00 2.000E+00
2.642E+07 3.258E+02 1.564E-01 7.139E-03 2.713E-05 2.452E+03 5.367E-01 3.520E+00 2.000E+00
1.470E+08 6.557E+02 1.295E-01 7.139E-03 3.670E-05 1.782E+03 5.375E-01 3.521E+00 2.000E+00
7.011E+07 6.961E+02 1.270E-01 7.139E-03 5.423E-05 1.798E+03 5.389E-01 3.521E+00 2.000E+00
6.028E+07 7.476E+02 1.239E-01 7.139E-03 8.636E-05 1.957E+03 5.414E-01 3.522E+00 2.000E+00
4.656E+10 5.760E+02 1.352E-01 7.139E-03 1.453E-04 1.798E+03 5.460E-01 3.523E+00 2.000E+00
1.627E+07 3.789E+02 1.520E-01 7.139E-03 2.532E-04 2.155E+03 5.545E-01 3.526E+00 2.000E+00
6.478E+07 5.762E+02 1.356E-01 7.139E-03 4.511E-04 1.954E+03 5.700E-01 3.530E+00 2.000E+00
1.682E+07 4.272E+02 1.488E-01 7.139E-03 8.138E-04 2.126E+03 5.976E-01 3.539E+00 2.000E+00
1.319E+08 2.291E+02 1.722E-01 7.139E-03 1.479E-03 3.417E+03 6.456E-01 3.554E+00 2.000E+00
1.335E+07 2.325E+02 1.774E-01 7.139E-03 2.697E-03 3.933E+03 7.238E-01 3.582E+00 2.000E+00
NAN NAN NAN 7.139E-03 4.931E-03 NAN 8.290E-01 3.633E+00 2.000E+00
7.130E+07 6.071E+02 1.328E-01 9.029E-03 1.570E-05 1.779E+03 5.451E-01 3.520E+00 2.000E+00
7.753E+07 3.642E+02 1.528E-01 9.029E-03 1.574E-05 2.227E+03 5.451E-01 3.520E+00 2.000E+00
2.457E+08 6.386E+02 1.306E-01 9.029E-03 1.582E-05 1.788E+03 5.451E-01 3.520E+00 2.000E+00
1.935E+08 2.630E+02 1.624E-01 9.029E-03 1.595E-05 3.275E+03 5.451E-01 3.520E+00 2.000E+00
6.537E+07 7.341E+02 1.246E-01 9.029E-03 1.621E-05 1.922E+03 5.451E-01 3.520E+00 2.000E+00
4.313E+07 5.814E+02 1.346E-01 9.029E-03 1.667E-05 1.786E+03 5.451E-01 3.520E+00 2.000E+00
3.215E+07 3.522E+02 1.539E-01 9.029E-03 1.752E-05 2.290E+03 5.452E-01 3.520E+00 2.000E+00
4.656E+09 6.645E+02 1.289E-01 9.029E-03 1.907E-05 1.800E+03 5.453E-01 3.520E+00 2.000E+00
6.616E+07 5.837E+02 1.344E-01 9.029E-03 2.192E-05 1.786E+03 5.456E-01 3.520E+00 2.000E+00
2.324E+07 3.761E+02 1.517E-01 9.029E-03 2.713E-05 2.173E+03 5.460E-01 3.521E+00 2.000E+00
1.669E+08 5.354E+02 1.381E-01 9.029E-03 3.670E-05 1.820E+03 5.468E-01 3.521E+00 2.000E+00
5.022E+07 4.851E+02 1.421E-01 9.029E-03 5.423E-05 1.884E+03 5.481E-01 3.521E+00 2.000E+00
5.233E+07 4.262E+02 1.472E-01 9.029E-03 8.636E-05 2.018E+03 5.507E-01 3.522E+00 2.000E+00
2.515E+07 5.336E+02 1.384E-01 9.029E-03 1.453E-04 1.850E+03 5.553E-01 3.523E+00 2.000E+00
2.193E+07 4.493E+02 1.455E-01 9.029E-03 2.532E-04 1.977E+03 5.638E-01 3.526E+00 2.000E+00
4.850E+08 3.577E+02 1.546E-01 9.029E-03 4.511E-04 2.288E+03 5.793E-01 3.530E+00 2.000E+00
1.471E+07 3.887E+02 1.525E-01 9.029E-03 8.138E-04 2.223E+03 6.069E-01 3.539E+00 2.000E+00
1.566E+07 3.813E+02 1.549E-01 9.029E-03 1.479E-03 2.711E+03 6.550E-01 3.554E+00 2.000E+00
8.246E+06 2.243E+02 1.787E-01 9.029E-03 2.697E-03 4.138E+03 7.332E-01 3.582E+00 2.000E+00
NAN NAN NAN 9.029E-03 4.931E-03 NAN 8.376E-01 3.633E+00 2.000E+00
4.658E+07 5.182E+02 1.394E-01 1.142E-02 1.570E-05 1.862E+03 5.566E-01 3.520E+00 2.000E+00
2.803E+07 5.093E+02 1.401E-01 1.142E-02 1.574E-05 1.871E+03 5.566E-01 3.520E+00 2.000E+00
5.074E+07 5.158E+02 1.396E-01 1.142E-02 1.582E-05 1.864E+03 5.567E-01 3.520E+00 2.000E+00
4.342E+07 4.517E+02 1.448E-01 1.142E-02 1.595E-05 1.961E+03 5.567E-01 3.520E+00 2.000E+00
1.483E+07 3.519E+02 1.539E-01 1.142E-02 1.621E-05 2.305E+03 5.567E-01 3.520E+00 2.000E+00
3.257E+08 6.215E+02 1.318E-01 1.142E-02 1.667E-05 1.838E+03 5.567E-01 3.520E+00 2.000E+00
9.347E+07 6.600E+02 1.292E-01 1.142E-02 1.752E-05 1.872E+03 5.568E-01 3.520E+00 2.000E+00
1.562E+08 6.192E+02 1.319E-01 1.142E-02 1.907E-05 1.835E+03 5.569E-01 3.520E+00 2.000E+00
7.917E+07 4.516E+02 1.449E-01 1.142E-02 2.192E-05 1.963E+03 5.572E-01 3.520E+00 2.000E+00
3.444E+08 2.808E+02 1.608E-01 1.142E-02 2.713E-05 2.949E+03 5.576E-01 3.521E+00 2.000E+00
1.003E+08 5.371E+02 1.379E-01 1.142E-02 3.670E-05 1.851E+03 5.584E-01 3.521E+00 2.000E+00
2.839E+07 4.124E+02 1.484E-01 1.142E-02 5.423E-05 2.062E+03 5.598E-01 3.521E+00 2.000E+00
3.518E+07 3.688E+02 1.525E-01 1.142E-02 8.636E-05 2.222E+03 5.624E-01 3.522E+00 2.000E+00
3.382E+07 6.732E+02 1.285E-01 1.142E-02 1.453E-04 2.073E+03 5.670E-01 3.523E+00 2.000E+00
1.302E+08 5.096E+02 1.405E-01 1.142E-02 2.532E-04 1.939E+03 5.755E-01 3.526E+00 2.000E+00
4.725E+08 3.049E+02 1.599E-01 1.142E-02 4.511E-04 2.610E+03 5.910E-01 3.530E+00 2.000E+00
5.046E+07 5.092E+02 1.415E-01 1.142E-02 8.138E-04 2.503E+03 6.188E-01 3.539E+00 2.000E+00
1.102E+07 2.266E+02 1.726E-01 1.142E-02 1.479E-03 3.516E+03 6.670E-01 3.554E+00 2.000E+00
6.143E+06 2.034E+02 1.817E-01 1.142E-02 2.697E-03 4.309E+03 7.451E-01 3.582E+00 2.000E+00
NAN NAN NAN 1.142E-02 4.931E-03 NAN 8.485E-01 3.633E+00 2.000E+00
6.156E+07 4.646E+02 1.438E-01 1.445E-02 1.570E-05 1.969E+03 5.713E-01 3.520E+00 2.000E+00
3.243E+07 4.001E+02 1.494E-01 1.445E-02 1.574E-05 2.122E+03 5.713E-01 3.520E+00 2.000E+00
1.812E+07 3.911E+02 1.503E-01 1.445E-02 1.582E-05 2.153E+03 5.713E-01 3.520E+00 2.000E+00
6.794E+07 3.954E+02 1.499E-01 1.445E-02 1.595E-05 2.138E+03 5.713E-01 3.520E+00 2.000E+00
4.165E+07 4.197E+02 1.477E-01 1.445E-02 1.621E-05 2.064E+03 5.714E-01 3.520E+00 2.000E+00
1.430E+08 4.126E+02 1.483E-01 1.445E-02 1.667E-05 2.084E+03 5.714E-01 3.520E+00 2.000E+00
4.894E+07 3.792E+02 1.514E-01 1.445E-02 1.752E-05 2.197E+03 5.715E-01 3.520E+00 2.000E+00
2.635E+07 6.631E+02 1.290E-01 1.445E-02 1.907E-05 2.031E+03 5.716E-01 3.520E+00 2.000E+00
4.467E+07 4.000E+02 1.495E-01 1.445E-02 2.192E-05 2.134E+03 5.718E-01 3.521E+00 2.000E+00
2.440E+07 5.275E+02 1.387E-01 1.445E-02 2.713E-05 1.902E+03 5.723E-01 3.521E+00 2.000E+00
1.914E+09 6.034E+02 1.331E-01 1.445E-02 3.670E-05 1.920E+03 5.731E-01 3.521E+00 2.000E+00
3.395E+07 6.193E+02 1.320E-01 1.445E-02 5.423E-05 1.957E+03 5.745E-01 3.521E+00 2.000E+00
3.213E+07 3.673E+02 1.527E-01 1.445E-02 8.636E-05 2.251E+03 5.772E-01 3.522E+00 2.000E+00
1.426E+07 6.433E+02 1.305E-01 1.445E-02 1.453E-04 2.176E+03 5.819E-01 3.523E+00 2.000E+00
5.614E+07 4.982E+02 1.414E-01 1.445E-02 2.532E-04 2.004E+03 5.904E-01 3.526E+00 2.000E+00
2.165E+07 2.522E+02 1.653E-01 1.445E-02 4.511E-04 3.345E+03 6.059E-01 3.530E+00 2.000E+00
6.720E+07 4.304E+02 1.485E-01 1.445E-02 8.138E-04 2.337E+03 6.338E-01 3.539E+00 2.000E+00
2.056E+08 3.229E+02 1.614E-01 1.445E-02 1.479E-03 2.854E+03 6.821E-01 3.554E+00 2.000E+00
1.939E+07 2.002E+02 1.822E-01 1.445E-02 2.697E-03 4.803E+03 7.603E-01 3.582E+00 2.000E+00
NAN NAN NAN 1.445E-02 4.931E-03 NAN 8.624E-01 3.633E+00 2.000E+00
3.390E+08 6.306E+02 1.312E-01 1.827E-02 1.570E-05 2.160E+03 5.898E-01 3.520E+00 2.000E+00
9.889E+07 6.207E+02 1.318E-01 1.827E-02 1.574E-05 2.113E+03 5.898E-01 3.520E+00 2.000E+00
1.023E+08 5.073E+02 1.403E-01 1.827E-02 1.582E-05 1.976E+03 5.899E-01 3.520E+00 2.000E+00
1.164E+07 5.088E+02 1.401E-01 1.827E-02 1.595E-05 1.976E+03 5.899E-01 3.520E+00 2.000E+00
3.742E+08 5.221E+02 1.391E-01 1.827E-02 1.621E-05 1.973E+03 5.899E-01 3.520E+00 2.000E+00
2.873E+07 4.950E+02 1.412E-01 1.827E-02 1.667E-05 1.988E+03 5.899E-01 3.521E+00 2.000E+00
1.009E+08 3.332E+02 1.558E-01 1.827E-02 1.752E-05 2.462E+03 5.900E-01 3.521E+00 2.000E+00
8.756E+08 5.802E+02 1.347E-01 1.827E-02 1.907E-05 2.008E+03 5.901E-01 3.521E+00 2.000E+00
3.795E+07 6.201E+02 1.319E-01 1.827E-02 2.192E-05 2.121E+03 5.904E-01 3.521E+00 2.000E+00
2.179E+07 5.713E+02 1.354E-01 1.827E-02 2.713E-05 2.003E+03 5.908E-01 3.521E+00 2.000E+00
2.761E+09 6.131E+02 1.324E-01 1.827E-02 3.670E-05 2.115E+03 5.916E-01 3.521E+00 2.000E+00
1.670E+08 5.664E+02 1.358E-01 1.827E-02 5.423E-05 2.018E+03 5.930E-01 3.521E+00 2.000E+00
7.526E+07 5.044E+02 1.406E-01 1.827E-02 8.636E-05 2.007E+03 5.957E-01 3.522E+00 2.000E+00
2.994E+08 5.878E+02 1.343E-01 1.827E-02 1.453E-04 2.188E+03 6.005E-01 3.523E+00 2.000E+00
3.753E+07 4.669E+02 1.441E-01 1.827E-02 2.532E-04 2.098E+03 6.091E-01 3.526E+00 2.000E+00
1.283E+08 3.717E+02 1.533E-01 1.827E-02 4.511E-04 2.321E+03 6.247E-01 3.530E+00 2.000E+00
2.459E+08 3.647E+02 1.550E-01 1.827E-02 8.138E-04 2.467E+03 6.528E-01 3.539E+00 2.000E+00
3.080E+07 2.018E+02 1.755E-01 1.827E-02 1.479E-03 4.311E+03 7.012E-01 3.554E+00 2.000E+00
NAN NAN NAN 1.827E-02 2.697E-03 NAN 7.793E-01 3.582E+00 2.000E+00
NAN NAN NAN 1.827E-02 4.931E-03 NAN 8.791E-01 3.633E+00 2.000E+00
7.072E+07 4.475E+02 1.453E-01 2.311E-02 1.570E-05 2.117E+03 6.133E-01 3.521E+00 2.000E+00
8.076E+07 4.473E+02 1.453E-01 2.311E-02 1.574E-05 2.113E+03 6.133E-01 3.521E+00 2.000E+00
3.572E+08 4.319E+02 1.466E-01 2.311E-02 1.582E-05 2.137E+03 6.133E-01 3.521E+00 2.000E+00
9.739E+07 3.326E+02 1.559E-01 2.311E-02 1.595E-05 2.502E+03 6.133E-01 3.521E+00 2.000E+00
4.474E+08 5.615E+02 1.361E-01 2.311E-02 1.621E-05 2.185E+03 6.133E-01 3.521E+00 2.000E+00
4.368E+07 4.274E+02 1.470E-01 2.311E-02 1.667E-05 2.146E+03 6.134E-01 3.521E+00 2.000E+00
1.311E+07 4.788E+02 1.426E-01 2.311E-02 1.752E-05 2.087E+03 6.135E-01 3.521E+00 2.000E+00
2.589E+07 3.831E+02 1.511E-01 2.311E-02 1.907E-05 2.262E+03 6.136E-01 3.521E+00 2.000E+00
8.956E+07 5.570E+02 1.364E-01 2.311E-02 2.192E-05 2.179E+03 6.138E-01 3.521E+00 2.000E+00
5.624E+07 5.459E+02 1.373E-01 2.311E-02 2.713E-05 2.150E+03 6.142E-01 3.521E+00 2.000E+00
9.847E+06 3.366E+02 1.556E-01 2.311E-02 3.670E-05 2.479E+03 6.150E-01 3.521E+00 2.000E+00
9.665E+07 4.413E+02 1.459E-01 2.311E-02 5.423E-05 2.143E+03 6.165E-01 3.521E+00 2.000E+00
1.305E+08 4.166E+02 1.482E-01 2.311E-02 8.636E-05 2.186E+03 6.191E-01 3.522E+00 2.000E+00
3.628E+07 5.458E+02 1.375E-01 2.311E-02 1.453E-04 2.336E+03 6.240E-01 3.524E+00 2.000E+00
3.282E+07 3.435E+02 1.555E-01 2.311E-02 2.532E-04 2.459E+03 6.329E-01 3.526E+00 2.000E+00
4.976E+07 4.907E+02 1.424E-01 2.311E-02 4.511E-04 2.683E+03 6.484E-01 3.531E+00 2.000E+00
1.251E+08 3.491E+02 1.566E-01 2.311E-02 8.138E-04 2.633E+03 6.768E-01 3.539E+00 2.000E+00
3.616E+07 2.604E+02 1.688E-01 2.311E-02 1.479E-03 3.370E+03 7.253E-01 3.554E+00 2.000E+00
NAN NAN NAN 2.311E-02 2.697E-03 NAN 8.035E-01 3.582E+00 2.000E+00
NAN NAN NAN 2.311E-02 4.931E-03 NAN 9.000E-01 3.633E+00 2.000E+00
1.048E+07 3.066E+02 1.585E-01 2.923E-02 1.570E-05 2.749E+03 6.430E-01 3.521E+00 2.000E+00
1.419E+07 3.066E+02 1.585E-01 2.923E-02 1.574E-05 2.749E+03 6.430E-01 3.521E+00 2.000E+00
5.522E+07 3.066E+02 1.585E-01 2.923E-02 1.582E-05 2.751E+03 6.430E-01 3.521E+00 2.000E+00
6.515E+07 3.025E+02 1.589E-01 2.923E-02 1.595E-05 2.787E+03 6.430E-01 3.521E+00 2.000E+00
3.385E+07 4.980E+02 1.410E-01 2.923E-02 1.621E-05 2.431E+03 6.430E-01 3.521E+00 2.000E+00
4.827E+07 2.718E+02 1.619E-01 2.923E-02 1.667E-05 3.181E+03 6.430E-01 3.521E+00 2.000E+00
5.507E+07 3.436E+02 1.549E-01 2.923E-02 1.752E-05 2.496E+03 6.431E-01 3.521E+00 2.000E+00
4.835E+07 5.195E+02 1.393E-01 2.923E-02 1.907E-05 2.408E+03 6.432E-01 3.521E+00 2.000E+00
2.381E+08 4.962E+02 1.412E-01 2.923E-02 2.192E-05 2.305E+03 6.435E-01 3.521E+00 2.000E+00
3.132E+08 4.047E+02 1.491E-01 2.923E-02 2.713E-05 2.290E+03 6.439E-01 3.521E+00 2.000E+00
2.477E+07 5.109E+02 1.400E-01 2.923E-02 3.670E-05 2.390E+03 6.447E-01 3.521E+00 2.000E+00
8.846E+07 2.764E+02 1.616E-01 2.923E-02 5.423E-05 3.091E+03 6.461E-01 3.522E+00 2.000E+00
2.875E+07 3.426E+02 1.552E-01 2.923E-02 8.636E-05 2.512E+03 6.488E-01 3.522E+00 2.000E+00
2.055E+08 4.740E+02 1.433E-01 2.923E-02 1.453E-04 2.399E+03 6.536E-01 3.524E+00 2.000E+00
5.080E+08 3.141E+02 1.585E-01 2.923E-02 2.532E-04 2.703E+03 6.625E-01 3.526E+00 2.000E+00
3.541E+08 3.450E+02 1.560E-01 2.923E-02 4.511E-04 2.606E+03 6.785E-01 3.531E+00 2.000E+00
1.136E+08 2.173E+02 1.707E-01 2.923E-02 8.138E-04 4.227E+03 7.070E-01 3.539E+00 2.000E+00
8.030E+07 2.650E+02 1.684E-01 2.923E-02 1.479E-03 3.846E+03 7.559E-01 3.554E+00 2.000E+00
NAN NAN NAN 2.923E-02 2.697E-03 NAN 8.338E-01 3.582E+00 2.000E+00
NAN NAN NAN 2.923E-02 4.931E-03 NAN 9.262E-01 3.634E+00 2.000E+00
1.020E+07 3.583E+02 1.535E-01 3.697E-02 1.570E-05 2.551E+03 6.805E-01 3.521E+00 2.000E+00
1.309E+07 3.583E+02 1.535E-01 3.697E-02 1.574E-05 2.544E+03 6.805E-01 3.521E+00 2.000E+00
3.298E+07 3.583E+02 1.535E-01 3.697E-02 1.582E-05 2.866E+03 6.805E-01 3.521E+00 2.000E+00
3.896E+07 4.601E+02 1.442E-01 3.697E-02 1.595E-05 2.626E+03 6.805E-01 3.521E+00 2.000E+00
9.887E+07 4.462E+02 1.454E-01 3.697E-02 1.621E-05 2.542E+03 6.805E-01 3.521E+00 2.000E+00
7.287E+07 2.860E+02 1.606E-01 3.697E-02 1.667E-05 3.030E+03 6.806E-01 3.521E+00 2.000E+00
1.184E+08 4.418E+02 1.458E-01 3.697E-02 1.752E-05 2.525E+03 6.806E-01 3.521E+00 2.000E+00
2.135E+07 2.353E+02 1.654E-01 3.697E-02 1.907E-05 4.146E+03 6.808E-01 3.521E+00 2.000E+00
1.199E+07 4.600E+02 1.443E-01 3.697E-02 2.192E-05 2.639E+03 6.810E-01 3.521E+00 2.000E+00
3.633E+07 4.749E+02 1.430E-01 3.697E-02 2.713E-05 2.838E+03 6.814E-01 3.521E+00 2.000E+00
1.952E+08 4.330E+02 1.467E-01 3.697E-02 3.670E-05 2.523E+03 6.822E-01 3.521E+00 2.000E+00
2.101E+07 3.895E+02 1.507E-01 3.697E-02 5.423E-05 2.498E+03 6.837E-01 3.522E+00 2.000E+00
1.987E+07 4.320E+02 1.469E-01 3.697E-02 8.636E-05 2.593E+03 6.863E-01 3.523E+00 2.000E+00
1.166E+07 2.214E+02 1.672E-01 3.697E-02 1.453E-04 4.724E+03 6.912E-01 3.524E+00 2.000E+00
1.567E+07 3.102E+02 1.590E-01 3.697E-02 2.532E-04 2.844E+03 7.001E-01 3.526E+00 2.000E+00
2.465E+07 2.555E+02 1.654E-01 3.697E-02 4.511E-04 3.441E+03 7.164E-01 3.531E+00 2.000E+00
5.889E+08 2.891E+02 1.632E-01 3.697E-02 8.138E-04 3.282E+03 7.450E-01 3.539E+00 2.000E+00
7.006E+06 2.191E+02 1.740E-01 3.697E-02 1.479E-03 4.519E+03 7.945E-01 3.554E+00 2.000E+00
NAN NAN NAN 3.697E-02 2.697E-03 NAN 8.721E-01 3.582E+00 2.000E+00
NAN NAN NAN 3.697E-02 4.931E-03 NAN 9.572E-01 3.634E+00 2.000E+00
3.241E+08 3.554E+02 1.539E-01 4.677E-02 1.570E-05 2.814E+03 7.274E-01 3.521E+00 2.000E+00
3.787E+07 3.592E+02 1.535E-01 4.677E-02 1.574E-05 2.802E+03 7.274E-01 3.521E+00 2.000E+00
2.191E+08 4.086E+02 1.489E-01 4.677E-02 1.582E-05 3.112E+03 7.274E-01 3.521E+00 2.000E+00
4.395E+07 4.046E+02 1.492E-01 4.677E-02 1.595E-05 3.054E+03 7.274E-01 3.521E+00 2.000E+00
1.400E+08 2.153E+02 1.673E-01 4.677E-02 1.621E-05 5.345E+03 7.274E-01 3.521E+00 2.000E+00
1.041E+08 3.314E+02 1.562E-01 4.677E-02 1.667E-05 2.934E+03 7.275E-01 3.521E+00 2.000E+00
6.193E+07 3.830E+02 1.512E-01 4.677E-02 1.752E-05 2.858E+03 7.275E-01 3.521E+00 2.000E+00
2.989E+07 2.213E+02 1.668E-01 4.677E-02 1.907E-05 4.870E+03 7.277E-01 3.521E+00 2.000E+00
2.970E+07 3.354E+02 1.559E-01 4.677E-02 2.192E-05 2.840E+03 7.279E-01 3.521E+00 2.000E+00
2.185E+08 2.357E+02 1.656E-01 4.677E-02 2.713E-05 4.225E+03 7.284E-01 3.521E+00 2.000E+00
4.746E+07 2.827E+02 1.611E-01 4.677E-02 3.670E-05 3.187E+03 7.292E-01 3.522E+00 2.000E+00
5.959E+07 2.931E+02 1.602E-01 4.677E-02 5.423E-05 3.089E+03 7.307E-01 3.522E+00 2.000E+00
1.444E+08 2.857E+02 1.610E-01 4.677E-02 8.636E-05 3.166E+03 7.335E-01 3.523E+00 2.000E+00
8.658E+08 2.328E+02 1.664E-01 4.677E-02 1.453E-04 4.178E+03 7.385E-01 3.524E+00 2.000E+00
1.961E+07 2.414E+02 1.661E-01 4.677E-02 2.532E-04 3.876E+03 7.476E-01 3.527E+00 2.000E+00
2.263E+07 2.972E+02 1.611E-01 4.677E-02 4.511E-04 3.321E+03 7.639E-01 3.531E+00 2.000E+00
2.222E+07 2.110E+02 1.718E-01 4.677E-02 8.138E-04 4.690E+03 7.931E-01 3.539E+00 2.000E+00
3.518E+06 2.002E+02 1.765E-01 4.677E-02 1.479E-03 5.971E+03 8.434E-01 3.555E+00 2.000E+00
NAN NAN NAN 4.677E-02 2.697E-03 NAN 9.206E-01 3.583E+00 2.000E+00
NAN NAN NAN 4.677E-02 4.931E-03 NAN 9.906E-01 3.634E+00 2.000E+00
4.104E+07 2.480E+02 1.646E-01 5.915E-02 1.570E-05 3.925E+03 7.865E-01 3.521E+00 3.000E+00
9.154E+08 2.480E+02 1.646E-01 5.915E-02 1.574E-05 3.927E+03 7.865E-01 3.521E+00 3.000E+00
1.739E+07 2.381E+02 1.656E-01 5.915E-02 1.582E-05 4.177E+03 7.865E-01 3.521E+00 3.000E+00
3.632E+07 2.476E+02 1.647E-01 5.915E-02 1.595E-05 3.934E+03 7.865E-01 3.521E+00 3.000E+00
1.255E+08 2.472E+02 1.647E-01 5.915E-02 1.621E-05 3.942E+03 7.866E-01 3.521E+00 3.000E+00
8.641E+07 2.461E+02 1.648E-01 5.915E-02 1.667E-05 3.967E+03 7.866E-01 3.521E+00 3.000E+00
9.537E+07 2.950E+02 1.600E-01 5.915E-02 1.752E-05 3.381E+03 7.867E-01 3.521E+00 3.000E+00
1.132E+07 2.319E+02 1.662E-01 5.915E-02 1.907E-05 4.387E+03 7.868E-01 3.521E+00 3.000E+00
2.826E+07 2.079E+02 1.683E-01 5.915E-02 2.192E-05 5.926E+03 7.870E-01 3.522E+00 3.000E+00
2.040E+07 3.221E+02 1.573E-01 5.915E-02 2.713E-05 3.414E+03 7.875E-01 3.522E+00 3.000E+00
1.623E+07 2.273E+02 1.667E-01 5.915E-02 3.670E-05 4.564E+03 7.883E-01 3.522E+00 3.000E+00
4.592E+08 2.231E+02 1.671E-01 5.915E-02 5.423E-05 4.734E+03 7.898E-01 3.522E+00 3.000E+00
9.009E+06 2.280E+02 1.668E-01 5.915E-02 8.636E-05 4.497E+03 7.926E-01 3.523E+00 3.000E+00
2.506E+07 2.571E+02 1.643E-01 5.915E-02 1.453E-04 3.794E+03 7.976E-01 3.524E+00 3.000E+00
2.223E+07 2.627E+02 1.642E-01 5.915E-02 2.532E-04 3.813E+03 8.069E-01 3.527E+00 3.000E+00
1.586E+07 2.250E+02 1.689E-01 5.915E-02 4.511E-04 4.558E+03 8.239E-01 3.531E+00 3.000E+00
2.104E+07 2.201E+02 1.711E-01 5.915E-02 8.138E-04 5.146E+03 8.538E-01 3.540E+00 3.000E+00
NAN NAN NAN 5.915E-02 1.479E-03 NAN 9.049E-01 3.555E+00 3.000E+00
NAN NAN NAN 5.915E-02 2.697E-03 NAN 9.817E-01 3.583E+00 3.000E+00
NAN NAN NAN 5.915E-02 4.931E-03 NAN 1.000E+00 3.634E+00 0.000E+00
7.342E+06 2.716E+02 1.625E-01 7.482E-02 1.570E-05 4.485E+03 8.602E-01 3.522E+00 3.000E+00
7.685E+06 2.716E+02 1.625E-01 7.482E-02 1.574E-05 4.496E+03 8.602E-01 3.522E+00 3.000E+00
9.958E+06 2.716E+02 1.625E-01 7.482E-02 1.582E-05 4.487E+03 8.602E-01 3.522E+00 3.000E+00
1.184E+08 2.763E+02 1.621E-01 7.482E-02 1.595E-05 4.608E+03 8.602E-01 3.522E+00 3.000E+00
7.984E+07 2.560E+02 1.641E-01 7.482E-02 1.621E-05 4.379E+03 8.602E-01 3.522E+00 3.000E+00
4.317E+07 2.555E+02 1.642E-01 7.482E-02 1.667E-05 4.381E+03 8.603E-01 3.522E+00 3.000E+00
8.490E+07 2.318E+02 1.665E-01 7.482E-02 1.752E-05 4.716E+03 8.603E-01 3.522E+00 3.000E+00
6.356E+06 2.352E+02 1.662E-01 7.482E-02 1.907E-05 4.636E+03 8.605E-01 3.522E+00 3.000E+00
1.434E+07 2.490E+02 1.648E-01 7.482E-02 2.192E-05 4.446E+03 8.607E-01 3.522E+00 3.000E+00
1.637E+09 2.511E+02 1.646E-01 7.482E-02 2.713E-05 4.423E+03 8.612E-01 3.522E+00 3.000E+00
2.146E+07 2.535E+02 1.644E-01 7.482E-02 3.670E-05 4.432E+03 8.621E-01 3.522E+00 3.000E+00
1.781E+07 2.491E+02 1.650E-01 7.482E-02 5.423E-05 4.490E+03 8.636E-01 3.523E+00 3.000E+00
1.096E+07 2.611E+02 1.639E-01 7.482E-02 8.636E-05 4.637E+03 8.665E-01 3.523E+00 3.000E+00
2.671E+07 2.181E+02 1.684E-01 7.482E-02 1.453E-04 5.218E+03 8.717E-01 3.525E+00 3.000E+00
3.659E+08 2.439E+02 1.663E-01 7.482E-02 2.532E-04 5.197E+03 8.814E-01 3.527E+00 3.000E+00
2.166E+07 2.176E+02 1.699E-01 7.482E-02 4.511E-04 5.893E+03 8.988E-01 3.532E+00 3.000E+00
NAN NAN NAN 7.482E-02 8.138E-04 NAN 9.297E-01 3.540E+00 3.000E+00
NAN NAN NAN 7.482E-02 1.479E-03 NAN 9.826E-01 3.555E+00 3.000E+00
NAN NAN NAN 7.482E-02 2.697E-03 NAN 1.000E+00 3.583E+00 0.000E+00
NAN NAN NAN 7.482E-02 4.931E-03 NAN 1.000E+00 3.635E+00 0.000E+00
2.542E+07 2.054E+02 1.694E-01 9.464E-02 1.570E-05 6.988E+03 9.515E-01 3.522E+00 3.000E+00
2.645E+07 2.054E+02 1.694E-01 9.464E-02 1.574E-05 6.988E+03 9.515E-01 3.522E+00 3.000E+00
3.324E+07 2.064E+02 1.693E-01 9.464E-02 1.582E-05 6.961E+03 9.515E-01 3.522E+00 3.000E+00
9.021E+07 2.064E+02 1.693E-01 9.464E-02 1.595E-05 6.962E+03 9.515E-01 3.522E+00 3.000E+00
3.887E+07 2.036E+02 1.695E-01 9.464E-02 1.621E-05 7.058E+03 9.515E-01 3.522E+00 3.000E+00
3.115E+07 2.042E+02 1.695E-01 9.464E-02 1.667E-05 7.037E+03 9.516E-01 3.522E+00 3.000E+00
1.078E+07 2.028E+02 1.696E-01 9.464E-02 1.752E-05 7.093E+03 9.516E-01 3.522E+00 3.000E+00
6.596E+07 2.028E+02 1.696E-01 9.464E-02 1.907E-05 7.103E+03 9.518E-01 3.522E+00 3.000E+00
6.198E+06 2.046E+02 1.695E-01 9.464E-02 2.192E-05 7.039E+03 9.521E-01 3.522E+00 3.000E+00
2.968E+07 2.024E+02 1.697E-01 9.464E-02 2.713E-05 7.144E+03 9.526E-01 3.522E+00 3.000E+00
7.692E+07 2.026E+02 1.697E-01 9.464E-02 3.670E-05 7.174E+03 9.535E-01 3.523E+00 3.000E+00
3.612E+07 2.015E+02 1.699E-01 9.464E-02 5.423E-05 7.289E+03 9.551E-01 3.523E+00 3.000E+00
NAN NAN NAN 9.464E-02 8.636E-05 NAN 9.582E-01 3.524E+00 3.000E+00
NAN NAN NAN 9.464E-02 1.453E-04 NAN 9.637E-01 3.525E+00 3.000E+00
NAN NAN NAN 9.464E-02 2.532E-04 NAN 9.737E-01 3.528E+00 3.000E+00
NAN NAN NAN 9.464E-02 4.511E-04 NAN 9.920E-01 3.532E+00 3.000E+00
NAN NAN NAN 9.464E-02 8.138E-04 NAN 1.000E+00 3.541E+00 3.000E+00
NAN NAN NAN 9.464E-02 1.479E-03 NAN 1.000E+00 3.556E+00 3.000E+00
NAN NAN NAN 9.464E-02 2.697E-03 NAN 1.000E+00 3.584E+00 0.000E+00
NAN NAN NAN 9.464E-02 4.931E-03 NAN 1.000E+00 3.635E+00 0.000E+00
NAN NAN NAN 1.197E-01 1.570E-05 NAN 1.000E+00 3.523E+00 3.000E+00
NAN NAN NAN 1.197E-01 1.574E-05 NAN 1.000E+00 3.523E+00 3.000E+00
NAN NAN NAN 1.197E-01 1.582E-05 NAN 1.000E+00 3.523E+00 3.000E+00
NAN NAN NAN 1.197E-01 1.595E-05 NAN 1.000E+00 3.523E+00 3.000E+00
NAN NAN NAN 1.197E-01 1.621E-05 NAN 1.000E+00 3.523E+00 3.000E+00
NAN NAN NAN 1.197E-01 1.667E-05 NAN 1.000E+00 3.523E+00 3.000E+00
NAN NAN NAN 1.197E-01 1.752E-05 NAN 1.000E+00 3.523E+00 3.000E+00
NAN NAN NAN 1.197E-01 1.907E-05 NAN 1.000E+00 3.523E+00 3.000E+00
NAN NAN NAN 1.197E-01 2.192E-05 NAN 1.000E+00 3.523E+00 3.000E+00
NAN NAN NAN 1.197E-01 2.713E-05 NAN 1.000E+00 3.523E+00 3.000E+00
NAN NAN NAN 1.197E-01 3.670E-05 NAN 1.000E+00 3.523E+00 3.000E+00
NAN NAN NAN 1.197E-01 5.423E-05 NAN 1.000E+00 3.524E+00 3.000E+00
NAN NAN NAN 1.197E-01 8.636E-05 NAN 1.000E+00 3.524E+00 3.000E+00
NAN NAN NAN 1.197E-01 1.453E-04 NAN 1.000E+00 3.526E+00 3.000E+00
NAN NAN NAN 1.197E-01 2.532E-04 NAN 1.000E+00 3.528E+00 3.000E+00
NAN NAN NAN 1.197E-01 4.511E-04 NAN 1.000E+00 3.533E+00 3.000E+00
NAN NAN NAN 1.197E-01 8.138E-04 NAN 1.000E+00 3.541E+00 3.000E+00
NAN NAN NAN 1.197E-01 1.479E-03 NAN 1.000E+00 3.556E+00 3.000E+00
NAN NAN NAN 1.197E-01 2.697E-03 NAN 1.000E+00 3.584E+00 0.000E+00
NAN NAN NAN 1.197E-01 4.931E-03 NAN 1.000E+00 3.636E+00 0.000E+00
NAN NAN NAN 1.514E-01 1.570E-05 NAN 1.000E+00 3.524E+00 3.000E+00
NAN NAN NAN 1.514E-01 1.574E-05 NAN 1.000E+00 3.524E+00 3.000E+00
NAN NAN NAN 1.514E-01 1.582E-05 NAN 1.000E+00 3.524E+00 3.000E+00
NAN NAN NAN 1.514E-01 1.595E-05 NAN 1.000E+00 3.524E+00 3.000E+00
NAN NAN NAN 1.514E-01 1.621E-05 NAN 1.000E+00 3.524E+00 3.000E+00
NAN NAN NAN 1.514E-01 1.667E-05 NAN 1.000E+00 3.524E+00 3.000E+00
NAN NAN NAN 1.514E-01 1.752E-05 NAN 1.000E+00 3.524E+00 3.000E+00
NAN NAN NAN 1.514E-01 1.907E-05 NAN 1.000E+00 3.524E+00 3.000E+00
NAN NAN NAN 1.514E-01 2.192E-05 NAN 1.000E+00 3.524E+00 3.000E+00
NAN NAN NAN 1.514E-01 2.713E-05 NAN 1.000E+00 3.524E+00 3.000E+00
NAN NAN NAN 1.514E-01 3.670E-05 NAN 1.000E+00 3.524E+00 3.000E+00
NAN NAN NAN 1.514E-01 5.423E-05 NAN 1.000E+00 3.524E+00 3.000E+00
NAN NAN NAN 1.514E-01 8.636E-05 NAN 1.000E+00 3.525E+00 3.000E+00
NAN NAN NAN 1.514E-01 1.453E-04 NAN 1.000E+00 3.527E+00 3.000E+00
NAN NAN NAN 1.514E-01 2.532E-04 NAN 1.000E+00 3.529E+00 3.000E+00
NAN NAN NAN 1.514E-01 4.511E-04 NAN 1.000E+00 3.534E+00 3.000E+00
NAN NAN NAN 1.514E-01 8.138E-04 NAN 1.000E+00 3.542E+00 3.000E+00
NAN NAN NAN 1.514E-01 1.479E-03 NAN 1.000E+00 3.557E+00 3.000E+00
NAN NAN NAN 1.514E-01 2.697E-03 NAN 1.000E+00 3.585E+00 0.000E+00
NAN NAN NAN 1.514E-01 4.931E-03 NAN 1.000E+00 3.636E+00 0.000E+00
NAN NAN NAN 1.915E-01 1.570E-05 NAN 1.000E+00 3.524E+00 3.000E+00
NAN NAN NAN 1.915E-01 1.574E-05 NAN 1.000E+00 3.524E+00 3.000E+00
NAN NAN NAN 1.915E-01 1.582E-05 NAN 1.000E+00 3.524E+00 3.000E+00
NAN NAN NAN 1.915E-01 1.595E-05 NAN 1.000E+00 3.524E+00 3.000E+00
NAN NAN NAN 1.915E-01 1.621E-05 NAN 1.000E+00 3.524E+00 3.000E+00
NAN NAN NAN 1.915E-01 1.667E-05 NAN 1.000E+00 3.524E+00 3.000E+00
NAN NAN NAN 1.915E-01 1.752E-05 NAN 1.000E+00 3.524E+00 3.000E+00
NAN NAN NAN 1.915E-01 1.907E-05 NAN 1.000E+00 3.525E+00 3.000E+00
NAN NAN NAN 1.915E-01 2.192E-05 NAN 1.000E+00 3.525E+00 3.000E+00
NAN NAN NAN 1.915E-01 2.713E-05 NAN 1.000E+00 3.525E+00 3.000E+00
NAN NAN NAN 1.915E-01 3.670E-05 NAN 1.000E+00 3.525E+00 3.000E+00
NAN NAN NAN 1.915E-01 5.423E-05 NAN 1.000E+00 3.525E+00 3.000E+00
NAN NAN NAN 1.915E-01 8.636E-05 NAN 1.000E+00 3.526E+00 3.000E+00
NAN NAN NAN 1.915E-01 1.453E-04 NAN 1.000E+00 3.527E+00 3.000E+00
NAN NAN NAN 1.915E-01 2.532E-04 NAN 1.000E+00 3.530E+00 3.000E+00
NAN NAN NAN 1.915E-01 4.511E-04 NAN 1.000E+00 3.534E+00 3.000E+00
NAN NAN NAN 1.915E-01 8.138E-04 NAN 1.000E+00 3.543E+00 3.000E+00
NAN NAN NAN 1.915E-01 1.479E-03 NAN 1.000E+00 3.558E+00 3.000E+00
NAN NAN NAN 1.915E-01 2.697E-03 NAN 1.000E+00 3.586E+00 3.000E+00
NAN NAN NAN 1.915E-01 4.931E-03 NAN 1.000E+00 3.637E+00 0.000E+00
NAN NAN NAN 2.422E-01 1.570E-05 NAN 1.000E+00 3.526E+00 3.000E+00
NAN NAN NAN 2.422E-01 1.574E-05 NAN 1.000E+00 3.526E+00 3.000E+00
NAN NAN NAN 2.422E-01 1.582E-05 NAN 1.000E+00 3.526E+00 3.000E+00
NAN NAN NAN 2.422E-01 1.595E-05 NAN 1.000E+00 3.526E+00 3.000E+00
NAN NAN NAN 2.422E-01 1.621E-05 NAN 1.000E+00 3.526E+00 3.000E+00
NAN NAN NAN 2.422E-01 1.667E-05 NAN 1.000E+00 3.526E+00 3.000E+00
NAN NAN NAN 2.422E-01 1.752E-05 NAN 1.000E+00 3.526E+00 3.000E+00
NAN NAN NAN 2.422E-01 1.907E-05 NAN 1.000E+00 3.526E+00 3.000E+00
NAN NAN NAN 2.422E-01 2.192E-05 NAN 1.000E+00 3.526E+00 3.000E+00
NAN NAN NAN 2.422E-01 2.713E-05 NAN 1.000E+00 3.526E+00 3.000E+00
NAN NAN NAN 2.422E-01 3.670E-05 NAN 1.000E+00 3.526E+00 3.000E+00
NAN NAN NAN 2.422E-01 5.423E-05 NAN 1.000E+00 3.527E+00 3.000E+00
NAN NAN NAN 2.422E-01 8.636E-05 NAN 1.000E+00 3.527E+00 3.000E+00
NAN NAN NAN 2.422E-01 1.453E-04 NAN 1.000E+00 3.529E+00 3.000E+00
NAN NAN NAN 2.422E-01 2.532E-04 NAN 1.000E+00 3.531E+00 3.000E+00
NAN NAN NAN 2.422E-01 4.511E-04 NAN 1.000E+00 3.536E+00 3.000E+00
NAN NAN NAN 2.422E-01 8.138E-04 NAN 1.000E+00 3.544E+00 3.000E+00
NAN NAN NAN 2.422E-01 1.479E-03 NAN 1.000E+00 3.559E+00 3.000E+00
NAN NAN NAN 2.422E-01 2.697E-03 NAN 1.000E+00 3.587E+00 3.000E+00
NAN NAN NAN 2.422E-01 4.931E-03 NAN 1.000E+00 3.638E+00 3.000E+00
NAN NAN NAN 3.064E-01 1.570E-05 NAN 1.000E+00 3.527E+00 3.000E+00
NAN NAN NAN 3.064E-01 1.574E-05 NAN 1.000E+00 3.527E+00 3.000E+00
NAN NAN NAN 3.064E-01 1.582E-05 NAN 1.000E+00 3.527E+00 3.000E+00
NAN NAN NAN 3.064E-01 1.595E-05 NAN 1.000E+00 3.527E+00 3.000E+00
NAN NAN NAN 3.064E-01 1.621E-05 NAN 1.000E+00 3.527E+00 3.000E+00
NAN NAN NAN 3.064E-01 1.667E-05 NAN 1.000E+00 3.527E+00 3.000E+00
NAN NAN NAN 3.064E-01 1.752E-05 NAN 1.000E+00 3.527E+00 3.000E+00
NAN NAN NAN 3.064E-01 1.907E-05 NAN 1.000E+00 3.527E+00 3.000E+00
NAN NAN NAN 3.064E-01 2.192E-05 NAN 1.000E+00 3.527E+00 3.000E+00
NAN NAN NAN 3.064E-01 2.713E-05 NAN 1.000E+00 3.527E+00 3.000E+00
NAN NAN NAN 3.064E-01 3.670E-05 NAN 1.000E+00 3.528E+00 3.000E+00
NAN NAN NAN 3.064E-01 5.423E-05 NAN 1.000E+00 3.528E+00 3.000E+00
NAN NAN NAN 3.064E-01 8.636E-05 NAN 1.000E+00 3.529E+00 3.000E+00
NAN NAN NAN 3.064E-01 1.453E-04 NAN 1.000E+00 3.530E+00 3.000E+00
NAN NAN NAN 3.064E-01 2.532E-04 NAN 1.000E+00 3.533E+00 3.000E+00
NAN NAN NAN 3.064E-01 4.511E-04 NAN 1.000E+00 3.537E+00 3.000E+00
NAN NAN NAN 3.064E-01 8.138E-04 NAN 1.000E+00 3.545E+00 3.000E+00
NAN NAN NAN 3.064E-01 1.479E-03 NAN 1.000E+00 3.561E+00 3.000E+00
NAN NAN NAN 3.064E-01 2.697E-03 NAN 1.000E+00 3.589E+00 3.000E+00
NAN NAN NAN 3.064E-01 4.931E-03 NAN 1.000E+00 3.640E+00 3.000E+00
NAN NAN NAN 3.875E-01 1.570E-05 NAN 1.000E+00 3.529E+00 3.000E+00
NAN NAN NAN 3.875E-01 1.574E-05 NAN 1.000E+00 3.529E+00 3.000E+00
NAN NAN NAN 3.875E-01 1.582E-05 NAN 1.000E+00 3.529E+00 3.000E+00
NAN NAN NAN 3.875E-01 1.595E-05 NAN 1.000E+00 3.529E+00 3.000E+00
NAN NAN NAN 3.875E-01 1.621E-05 NAN 1.000E+00 3.529E+00 3.000E+00
NAN NAN NAN 3.875E-01 1.667E-05 NAN 1.000E+00 3.529E+00 3.000E+00
NAN NAN NAN 3.875E-01 1.752E-05 NAN 1.000E+00 3.529E+00 3.000E+00
NAN NAN NAN 3.875E-01 1.907E-05 NAN 1.000E+00 3.529E+00 3.000E+00
NAN NAN NAN 3.875E-01 2.192E-05 NAN 1.000E+00 3.529E+00 3.000E+00
NAN NAN NAN 3.875E-01 2.713E-05 NAN 1.000E+00 3.529E+00 3.000E+00
NAN NAN NAN 3.875E-01 3.670E-05 NAN 1.000E+00 3.529E+00 3.000E+00
NAN NAN NAN 3.875E-01 5.423E-05 NAN 1.000E+00 3.530E+00 3.000E+00
NAN NAN NAN 3.875E-01 8.636E-05 NAN 1.000E+00 3.531E+00 3.000E+00
NAN NAN NAN 3.875E-01 1.453E-04 NAN 1.000E+00 3.532E+00 3.000E+00
NAN NAN NAN 3.875E-01 2.532E-04 NAN 1.000E+00 3.534E+00 3.000E+00
NAN NAN NAN 3.875E-01 4.511E-04 NAN 1.000E+00 3.539E+00 3.000E+00
NAN NAN NAN 3.875E-01 8.138E-04 NAN 1.000E+00 3.547E+00 3.000E+00
NAN NAN NAN 3.875E-01 1.479E-03 NAN 1.000E+00 3.563E+00 3.000E+00
NAN NAN NAN 3.875E-01 2.697E-03 NAN 1.000E+00 3.590E+00 3.000E+00
NAN NAN NAN 3.875E-01 4.931E-03 NAN 1.000E+00 3.642E+00 3.000E+00
NAN NAN NAN 4.902E-01 1.570E-05 NAN 1.000E+00 3.531E+00 3.000E+00
NAN NAN NAN 4.902E-01 1.574E-05 NAN 1.000E+00 3.531E+00 3.000E+00
NAN NAN NAN 4.902E-01 1.582E-05 NAN 1.000E+00 3.531E+00 3.000E+00
NAN NAN NAN 4.902E-01 1.595E-05 NAN 1.000E+00 3.531E+00 3.000E+00
NAN NAN NAN 4.902E-01 1.621E-05 NAN 1.000E+00 3.531E+00 3.000E+00
NAN NAN NAN 4.902E-01 1.667E-05 NAN 1.000E+00 3.531E+00 3.000E+00
NAN NAN NAN 4.902E-01 1.752E-05 NAN 1.000E+00 3.531E+00 3.000E+00
NAN NAN NAN 4.902E-01 1.907E-05 NAN 1.000E+00 3.531E+00 3.000E+00
NAN NAN NAN 4.902E-01 2.192E-05 NAN 1.000E+00 3.531E+00 3.000E+00
NAN NAN NAN 4.902E-01 2.713E-05 NAN 1.000E+00 3.532E+00 3.000E+00
NAN NAN NAN 4.902E-01 3.670E-05 NAN 1.000E+00 3.532E+00 3.000E+00
NAN NAN NAN 4.902E-01 5.423E-05 NAN 1.000E+00 3.532E+00 3.000E+00
NAN NAN NAN 4.902E-01 8.636E-05 NAN 1.000E+00 3.533E+00 3.000E+00
NAN NAN NAN 4.902E-01 1.453E-04 NAN 1.000E+00 3.534E+00 3.000E+00
NAN NAN NAN 4.902E-01 2.532E-04 NAN 1.000E+00 3.537E+00 3.000E+00
NAN NAN NAN 4.902E-01 4.511E-04 NAN 1.000E+00 3.541E+00 3.000E+00
NAN NAN NAN 4.902E-01 8.138E-04 NAN 1.000E+00 3.550E+00 3.000E+00
NAN NAN NAN 4.902E-01 1.479E-03 NAN 1.000E+00 3.565E+00 3.000E+00
NAN NAN NAN 4.902E-01 2.697E-03 NAN 1.000E+00 3.593E+00 3.000E+00
NAN NAN NAN 4.902E-01 4.931E-03 NAN 1.000E+00 3.644E+00 3.000E+00
NAN NAN NAN 6.200E-01 1.570E-05 NAN 1.000E+00 3.624E+00 3.000E+00
NAN NAN NAN 6.200E-01 1.574E-05 NAN 1.000E+00 3.624E+00 3.000E+00
NAN NAN NAN 6.200E-01 1.582E-05 NAN 1.000E+00 3.624E+00 3.000E+00
NAN NAN NAN 6.200E-01 1.595E-05 NAN 1.000E+00 3.624E+00 3.000E+00
NAN NAN NAN 6.200E-01 1.621E-05 NAN 1.000E+00 3.624E+00 3.000E+00
NAN NAN NAN 6.200E-01 1.667E-05 NAN 1.000E+00 3.624E+00 3.000E+00
NAN NAN NAN 6.200E-01 1.752E-05 NAN 1.000E+00 3.624E+00 3.000E+00
NAN NAN NAN 6.200E-01 1.907E-05 NAN 1.000E+00 3.624E+00 3.000E+00
NAN NAN NAN 6.200E-01 2.192E-05 NAN 1.000E+00 3.624E+00 3.000E+00
NAN NAN NAN 6.200E-01 2.713E-05 NAN 1.000E+00 3.624E+00 3.000E+00
NAN NAN NAN 6.200E-01 3.670E-05 NAN 1.000E+00 3.625E+00 3.000E+00
NAN NAN NAN 6.200E-01 5.423E-05 NAN 1.000E+00 3.626E+00 3.000E+00
NAN NAN NAN 6.200E-01 8.636E-05 NAN 1.000E+00 3.628E+00 3.000E+00
NAN NAN NAN 6.200E-01 1.453E-04 NAN 1.000E+00 3.631E+00 3.000E+00
NAN NAN NAN 6.200E-01 2.532E-04 NAN 1.000E+00 3.638E+00 3.000E+00
NAN NAN NAN 6.200E-01 4.511E-04 NAN 1.000E+00 3.650E+00 3.000E+00
NAN NAN NAN 6.200E-01 8.138E-04 NAN 1.000E+00 3.671E+00 3.000E+00
NAN NAN NAN 6.200E-01 1.479E-03 NAN 1.000E+00 3.714E+00 3.000E+00
NAN NAN NAN 6.200E-01 2.697E-03 NAN 1.000E+00 3.793E+00 3.000E+00
NAN NAN NAN 6.200E-01 4.931E-03 NAN 1.000E+00 3.946E+00 3.000E+00
NAN NAN NAN 7.842E-01 1.570E-05 NAN 1.000E+00 4.444E+00 3.000E+00
NAN NAN NAN 7.842E-01 1.574E-05 NAN 1.000E+00 4.444E+00 3.000E+00
NAN NAN NAN 7.842E-01 1.582E-05 NAN 1.000E+00 4.444E+00 3.000E+00
NAN NAN NAN 7.842E-01 1.595E-05 NAN 1.000E+00 4.444E+00 3.000E+00
NAN NAN NAN 7.842E-01 1.621E-05 NAN 1.000E+00 4.444E+00 3.000E+00
NAN NAN NAN 7.842E-01 1.667E-05 NAN 1.000E+00 4.444E+00 3.000E+00
NAN NAN NAN 7.842E-01 1.752E-05 NAN 1.000E+00 4.444E+00 3.000E+00
NAN NAN NAN 7.842E-01 1.907E-05 NAN 1.000E+00 4.444E+00 3.000E+00
NAN NAN NAN 7.842E-01 2.192E-05 NAN 1.000E+00 4.444E+00 3.000E+00
NAN NAN NAN 7.842E-01 2.713E-05 NAN 1.000E+00 4.444E+00 3.000E+00
NAN NAN NAN 7.842E-01 3.670E-05 NAN 1.000E+00 4.445E+00 3.000E+00
NAN NAN NAN 7.842E-01 5.423E-05 NAN 1.000E+00 4.446E+00 3.000E+00
NAN NAN NAN 7.842E-01 8.636E-05 NAN 1.000E+00 4.448E+00 3.000E+00
NAN NAN NAN 7.842E-01 1.453E-04 NAN 1.000E+00 4.451E+00 3.000E+00
NAN NAN NAN 7.842E-01 2.532E-04 NAN 1.000E+00 4.458E+00 3.000E+00
NAN NAN NAN 7.842E-01 4.511E-04 NAN 1.000E+00 4.470E+00 3.000E+00
NAN NAN NAN 7.842E-01 8.138E-04 NAN 1.000E+00 4.493E+00 3.000E+00
NAN NAN NAN 7.842E-01 1.479E-03 NAN 1.000E+00 4.536E+00 3.000E+00
NAN NAN NAN 7.842E-01 2.697E-03 NAN 1.000E+00 4.615E+00 3.000E+00
NAN NAN NAN 7.842E-01 4.931E-03 NAN 1.000E+00 4.766E+00 3.000E+00
NAN NAN NAN 9.919E-01 1.570E-05 NAN 1.000E+00 5.481E+00 3.000E+00
NAN NAN NAN 9.919E-01 1.574E-05 NAN 1.000E+00 5.481E+00 3.000E+00
NAN NAN NAN 9.919E-01 1.582E-05 NAN 1.000E+00 5.481E+00 3.000E+00
NAN NAN NAN 9.919E-01 1.595E-05 NAN 1.000E+00 5.481E+00 3.000E+00
NAN NAN NAN 9.919E-01 1.621E-05 NAN 1.000E+00 5.481E+00 3.000E+00
NAN NAN NAN 9.919E-01 1.667E-05 NAN 1.000E+00 5.481E+00 3.000E+00
NAN NAN NAN 9.919E-01 1.752E-05 NAN 1.000E+00 5.481E+00 3.000E+00
NAN NAN NAN 9.919E-01 1.907E-05 NAN 1.000E+00 5.481E+00 3.000E+00
NAN NAN NAN 9.919E-01 2.192E-05 NAN 1.000E+00 5.481E+00 3.000E+00
NAN NAN NAN 9.919E-01 2.713E-05 NAN 1.000E+00 5.482E+00 3.000E+00
NAN NAN NAN 9.919E-01 3.670E-05 NAN 1.000E+00 5.482E+00 3.000E+00
NAN NAN NAN 9.919E-01 5.423E-05 NAN 1.000E+00 5.483E+00 3.000E+00
NAN NAN NAN 9.919E-01 8.636E-05 NAN 1.000E+00 5.485E+00 3.000E+00
NAN NAN NAN 9.919E-01 1.453E-04 NAN 1.000E+00 5.489E+00 3.000E+00
NAN NAN NAN 9.919E-01 2.532E-04 NAN 1.000E+00 5.496E+00 3.000E+00
NAN NAN NAN 9.919E-01 4.511E-04 NAN 1.000E+00 5.509E+00 3.000E+00
NAN NAN NAN 9.919E-01 8.138E-04 NAN 1.000E+00 5.532E+00 3.000E+00
NAN NAN NAN 9.919E-01 1.479E-03 NAN 1.000E+00 5.576E+00 3.000E+00
NAN NAN NAN 9.919E-01 2.697E-03 NAN 1.000E+00 5.655E+00 3.000E+00
NAN NAN NAN 9.919E-01 4.931E-03 NAN 1.000E+00 5.802E+00 3.000E+00
NAN NAN NAN 1.255E+00 1.570E-05 NAN 1.000E+00 6.797E+00 3.000E+00
NAN NAN NAN 1.255E+00 1.574E-05 NAN 1.000E+00 6.797E+00 3.000E+00
NAN NAN NAN 1.255E+00 1.582E-05 NAN 1.000E+00 6.797E+00 3.000E+00
NAN NAN NAN 1.255E+00 1.595E-05 NAN 1.000E+00 6.797E+00 3.000E+00
NAN NAN NAN 1.255E+00 1.621E-05 NAN 1.000E+00 6.797E+00 3.000E+00
NAN NAN NAN 1.255E+00 1.667E-05 NAN 1.000E+00 6.797E+00 3.000E+00
NAN NAN NAN 1.255E+00 1.752E-05 NAN 1.000E+00 6.797E+00 3.000E+00
NAN NAN NAN 1.255E+00 1.907E-05 NAN 1.000E+00 6.797E+00 3.000E+00
NAN NAN NAN 1.255E+00 2.192E-05 NAN 1.000E+00 6.798E+00 3.000E+00
NAN NAN NAN 1.255E+00 2.713E-05 NAN 1.000E+00 6.798E+00 3.000E+00
NAN NAN NAN 1.255E+00 3.670E-05 NAN 1.000E+00 6.799E+00 3.000E+00
NAN NAN NAN 1.255E+00 5.423E-05 NAN 1.000E+00 6.800E+00 3.000E+00
NAN NAN NAN 1.255E+00 8.636E-05 NAN 1.000E+00 6.802E+00 3.000E+00
NAN NAN NAN 1.255E+00 1.453E-04 NAN 1.000E+00 6.806E+00 3.000E+00
NAN NAN NAN 1.255E+00 2.532E-04 NAN 1.000E+00 6.813E+00 3.000E+00
NAN NAN NAN 1.255E+00 4.511E-04 NAN 1.000E+00 6.826E+00 3.000E+00
NAN NAN NAN 1.255E+00 8.138E-04 NAN 1.000E+00 6.849E+00 3.000E+00
NAN NAN NAN 1.255E+00 1.479E-03 NAN 1.000E+00 6.892E+00 3.000E+00
NAN NAN NAN 1.255E+00 2.697E-03 NAN 1.000E+00 6.972E+00 3.000E+00
NAN NAN NAN 1.255E+00 4.931E-03 NAN 1.000E+00 7.117E+00 3.000E+00
NAN NAN NAN 1.587E+00 1.570E-05 NAN 1.000E+00 8.459E+00 3.000E+00
NAN NAN NAN 1.587E+00 1.574E-05 NAN 1.000E+00 8.459E+00 3.000E+00
NAN NAN NAN 1.587E+00 1.582E-05 NAN 1.000E+00 8.459E+00 3.000E+00
NAN NAN NAN 1.587E+00 1.595E-05 NAN 1.000E+00 8.459E+00 3.000E+00
NAN NAN NAN 1.587E+00 1.621E-05 NAN 1.000E+00 8.459E+00 3.000E+00
NAN NAN NAN 1.587E+00 1.667E-05 NAN 1.000E+00 8.459E+00 3.000E+00
NAN NAN NAN 1.587E+00 1.752E-05 NAN 1.000E+00 8.459E+00 3.000E+00
NAN NAN NAN 1.587E+00 1.907E-05 NAN 1.000E+00 8.459E+00 3.000E+00
NAN NAN NAN 1.587E+00 2.192E-05 NAN 1.000E+00 8.459E+00 3.000E+00
NAN NAN NAN 1.587E+00 2.713E-05 NAN 1.000E+00 8.460E+00 3.000E+00
NAN NAN NAN 1.587E+00 3.670E-05 NAN 1.000E+00 8.460E+00 3.000E+00
NAN NAN NAN 1.587E+00 5.423E-05 NAN 1.000E+00 8.461E+00 3.000E+00
NAN NAN NAN 1.587E+00 8.636E-05 NAN 1.000E+00 8.464E+00 3.000E+00
NAN NAN NAN 1.587E+00 1.453E-04 NAN 1.000E+00 8.467E+00 3.000E+00
NAN NAN NAN 1.587E+00 2.532E-04 NAN 1.000E+00 8.474E+00 3.000E+00
NAN NAN NAN 1.587E+00 4.511E-04 NAN 1.000E+00 8.487E+00 3.000E+00
NAN NAN NAN 1.587E+00 8.138E-04 NAN 1.000E+00 8.511E+00 3.000E+00
NAN NAN NAN 1.587E+00 1.479E-03 NAN 1.000E+00 8.554E+00 3.000E+00
NAN NAN NAN 1.587E+00 2.697E-03 NAN 1.000E+00 8.633E+00 3.000E+00
NAN NAN NAN 1.587E+00 4.931E-03 NAN 1.000E+00 8.779E+00 3.000E+00
NAN NAN NAN 2.007E+00 1.570E-05 NAN 1.000E+00 1.056E+01 3.000E+00
NAN NAN NAN 2.007E+00 1.574E-05 NAN 1.000E+00 1.056E+01 3.000E+00
NAN NAN NAN 2.007E+00 1.582E-05 NAN 1.000E+00 1.056E+01 3.000E+00
NAN NAN NAN 2.007E+00 1.595E-05 NAN 1.000E+00 1.056E+01 3.000E+00
NAN NAN NAN 2.007E+00 1.621E-05 NAN 1.000E+00 1.056E+01 3.000E+00
NAN NAN NAN 2.007E+00 1.667E-05 NAN 1.000E+00 1.056E+01 3.000E+00
NAN NAN NAN 2.007E+00 1.752E-05 NAN 1.000E+00 1.056E+01 3.000E+00
NAN NAN NAN 2.007E+00 1.907E-05 NAN 1.000E+00 1.056E+01 3.000E+00
NAN NAN NAN 2.007E+00 2.192E-05 NAN 1.000E+00 1.056E+01 3.000E+00
NAN NAN NAN 2.007E+00 2.713E-05 NAN 1.000E+00 1.056E+01 3.000E+00
NAN NAN NAN 2.007E+00 3.670E-05 NAN 1.000E+00 1.056E+01 3.000E+00
NAN NAN NAN 2.007E+00 5.423E-05 NAN 1.000E+00 1.056E+01 3.000E+00
NAN NAN NAN 2.007E+00 8.636E-05 NAN 1.000E+00 1.057E+01 3.000E+00
NAN NAN NAN 2.007E+00 1.453E-04 NAN 1.000E+00 1.057E+01 3.000E+00
NAN NAN NAN 2.007E+00 2.532E-04 NAN 1.000E+00 1.058E+01 3.000E+00
NAN NAN NAN 2.007E+00 4.511E-04 NAN 1.000E+00 1.059E+01 3.000E+00
NAN NAN NAN 2.007E+00 8.138E-04 NAN 1.000E+00 1.061E+01 3.000E+00
NAN NAN NAN 2.007E+00 1.479E-03 NAN 1.000E+00 1.066E+01 3.000E+00
NAN NAN NAN 2.007E+00 2.697E-03 NAN 1.000E+00 1.074E+01 3.000E+00
NAN NAN NAN 2.007E+00 4.931E-03 NAN 1.000E+00 1.088E+01 3.000E+00
NAN NAN NAN 2.539E+00 1.570E-05 NAN 1.000E+00 1.322E+01 3.000E+00
NAN NAN NAN 2.539E+00 1.574E-05 NAN 1.000E+00 1.322E+01 3.000E+00
NAN NAN NAN 2.539E+00 1.582E-05 NAN 1.000E+00 1.322E+01 3.000E+00
NAN NAN NAN 2.539E+00 1.595E-05 NAN 1.000E+00 1.322E+01 3.000E+00
NAN NAN NAN 2.539E+00 1.621E-05 NAN 1.000E+00 1.322E+01 3.000E+00
NAN NAN NAN 2.539E+00 1.667E-05 NAN 1.000E+00 1.322E+01 3.000E+00
NAN NAN NAN 2.539E+00 1.752E-05 NAN 1.000E+00 1.322E+01 3.000E+00
NAN NAN NAN 2.539E+00 1.907E-05 NAN 1.000E+00 1.322E+01 3.000E+00
NAN NAN NAN 2.539E+00 2.192E-05 NAN 1.000E+00 1.322E+01 3.000E+00
NAN NAN NAN 2.539E+00 2.713E-05 NAN 1.000E+00 1.322E+01 3.000E+00
NAN NAN NAN 2.539E+00 3.670E-05 NAN 1.000E+00 1.323E+01 3.000E+00
NAN NAN NAN 2.539E+00 5.423E-05 NAN 1.000E+00 1.323E+01 3.000E+00
NAN NAN NAN 2.539E+00 8.636E-05 NAN 1.000E+00 1.323E+01 3.000E+00
NAN NAN NAN 2.539E+00 1.453E-04 NAN 1.000E+00 1.323E+01 3.000E+00
NAN NAN NAN 2.539E+00 2.532E-04 NAN 1.000E+00 1.324E+01 3.000E+00
NAN NAN NAN 2.539E+00 4.511E-04 NAN 1.000E+00 1.325E+01 3.000E+00
NAN NAN NAN 2.539E+00 8.138E-04 NAN 1.000E+00 1.328E+01 3.000E+00
NAN NAN NAN 2.539E+00 1.479E-03 NAN 1.000E+00 1.332E+01 3.000E+00
NAN NAN NAN 2.539E+00 2.697E-03 NAN 1.000E+00 1.340E+01 3.000E+00
NAN NAN NAN 2.539E+00 4.931E-03 NAN 1.000E+00 1.354E+01 3.000E+00
NAN NAN NAN 3.211E+00 1.570E-05 NAN 1.000E+00 1.659E+01 3.000E+00
NAN NAN NAN 3.211E+00 1.574E-05 NAN 1.000E+00 1.659E+01 3.000E+00
NAN NAN NAN 3.211E+00 1.582E-05 NAN 1.000E+00 1.659E+01 3.000E+00
NAN NAN NAN 3.211E+00 1.595E-05 NAN 1.000E+00 1.659E+01 3.000E+00
NAN NAN NAN 3.211E+00 1.621E-05 NAN 1.000E+00 1.659E+01 3.000E+00
NAN NAN NAN 3.211E+00 1.667E-05 NAN 1.000E+00 1.659E+01 3.000E+00
NAN NAN NAN 3.211E+00 1.752E-05 NAN 1.000E+00 1.659E+01 3.000E+00
NAN NAN NAN 3.211E+00 1.907E-05 NAN 1.000E+00 1.659E+01 3.000E+00
NAN NAN NAN 3.211E+00 2.192E-05 NAN 1.000E+00 1.659E+01 3.000E+00
NAN NAN NAN 3.211E+00 2.713E-05 NAN 1.000E+00 1.659E+01 3.000E+00
NAN NAN NAN 3.211E+00 3.670E-05 NAN 1.000E+00 1.659E+01 3.000E+00
NAN NAN NAN 3.211E+00 5.423E-05 NAN 1.000E+00 1.659E+01 3.000E+00
NAN NAN NAN 3.211E+00 8.636E-05 NAN 1.000E+00 1.659E+01 3.000E+00
NAN NAN NAN 3.211E+00 1.453E-04 NAN 1.000E+00 1.660E+01 3.000E+00
NAN NAN NAN 3.211E+00 2.532E-04 NAN 1.000E+00 1.660E+01 3.000E+00
NAN NAN NAN 3.211E+00 4.511E-04 NAN 1.000E+00 1.662E+01 3.000E+00
NAN NAN NAN 3.211E+00 8.138E-04 NAN 1.000E+00 1.664E+01 3.000E+00
NAN NAN NAN 3.211E+00 1.479E-03 NAN 1.000E+00 1.668E+01 3.000E+00
NAN NAN NAN 3.211E+00 2.697E-03 NAN 1.000E+00 1.676E+01 3.000E+00
NAN NAN NAN 3.211E+00 4.931E-03 NAN 1.000E+00 1.691E+01 3.000E+00
NAN NAN NAN 4.062E+00 1.570E-05 NAN 1.000E+00 2.085E+01 3.000E+00
NAN NAN NAN 4.062E+00 1.574E-05 NAN 1.000E+00 2.085E+01 3.000E+00
NAN NAN NAN 4.062E+00 1.582E-05 NAN 1.000E+00 2.085E+01 3.000E+00
NAN NAN NAN 4.062E+00 1.595E-05 NAN 1.000E+00 2.085E+01 3.000E+00
NAN NAN NAN 4.062E+00 1.621E-05 NAN 1.000E+00 2.085E+01 3.000E+00
NAN NAN NAN 4.062E+00 1.667E-05 NAN 1.000E+00 2.085E+01 3.000E+00
NAN NAN NAN 4.062E+00 1.752E-05 NAN 1.000E+00 2.085E+01 3.000E+00
NAN NAN NAN 4.062E+00 1.907E-05 NAN 1.000E+00 2.085E+01 3.000E+00
NAN NAN NAN 4.062E+00 2.192E-05 NAN 1.000E+00 2.085E+01 3.000E+00
NAN NAN NAN 4.062E+00 2.713E-05 NAN 1.000E+00 2.085E+01 3.000E+00
NAN NAN NAN 4.062E+00 3.670E-05 NAN 1.000E+00 2.085E+01 3.000E+00
NAN NAN NAN 4.062E+00 5.423E-05 NAN 1.000E+00 2.085E+01 3.000E+00
NAN NAN NAN 4.062E+00 8.636E-05 NAN 1.000E+00 2.085E+01 3.000E+00
NAN NAN NAN 4.062E+00 1.453E-04 NAN 1.000E+00 2.086E+01 3.000E+00
NAN NAN NAN 4.062E+00 2.532E-04 NAN 1.000E+00 2.086E+01 3.000E+00
NAN NAN NAN 4.062E+00 4.511E-04 NAN 1.000E+00 2.088E+01 3.000E+00
NAN NAN NAN 4.062E+00 8.138E-04 NAN 1.000E+00 2.090E+01 3.000E+00
NAN NAN NAN 4.062E+00 1.479E-03 NAN 1.000E+00 2.094E+01 3.000E+00
NAN NAN NAN 4.062E+00 2.697E-03 NAN 1.000E+00 2.102E+01 3.000E+00
NAN NAN NAN 4.062E+00 4.931E-03 NAN 1.000E+00 2.117E+01 3.000E+00
NAN NAN NAN 5.138E+00 1.570E-05 NAN 1.000E+00 2.623E+01 3.000E+00
NAN NAN NAN 5.138E+00 1.574E-05 NAN 1.000E+00 2.623E+01 3.000E+00
NAN NAN NAN 5.138E+00 1.582E-05 NAN 1.000E+00 2.623E+01 3.000E+00
NAN NAN NAN 5.138E+00 1.595E-05 NAN 1.000E+00 2.623E+01 3.000E+00
NAN NAN NAN 5.138E+00 1.621E-05 NAN 1.000E+00 2.623E+01 3.000E+00
NAN NAN NAN 5.138E+00 1.667E-05 NAN 1.000E+00 2.623E+01 3.000E+00
NAN NAN NAN 5.138E+00 1.752E-05 NAN 1.000E+00 2.623E+01 3.000E+00
NAN NAN NAN 5.138E+00 1.907E-05 NAN 1.000E+00 2.623E+01 3.000E+00
NAN NAN NAN 5.138E+00 2.192E-05 NAN 1.000E+00 2.623E+01 3.000E+00
NAN NAN NAN 5.138E+00 2.713E-05 NAN 1.000E+00 2.623E+01 3.000E+00
NAN NAN NAN 5.138E+00 3.670E-05 NAN 1.000E+00 2.623E+01 3.000E+00
NAN NAN NAN 5.138E+00 5.423E-05 NAN 1.000E+00 2.623E+01 3.000E+00
NAN NAN NAN 5.138E+00 8.636E-05 NAN 1.000E+00 2.624E+01 3.000E+00
NAN NAN NAN 5.138E+00 1.453E-04 NAN 1.000E+00 2.624E+01 3.000E+00
NAN NAN NAN 5.138E+00 2.532E-04 NAN 1.000E+00 2.625E+01 3.000E+00
NAN NAN NAN 5.138E+00 4.511E-04 NAN 1.000E+00 2.626E+01 3.000E+00
NAN NAN NAN 5.138E+00 8.138E-04 NAN 1.000E+00 2.628E+01 3.000E+00
NAN NAN NAN 5.138E+00 1.479E-03 NAN 1.000E+00 2.633E+01 3.000E+00
NAN NAN NAN 5.138E+00 2.697E-03 NAN 1.000E+00 2.641E+01 3.000E+00
NAN NAN NAN 5.138E+00 4.931E-03 NAN 1.000E+00 2.655E+01 3.000E+00
