3.855E+07 3.895E+02 1.894E+00 5.137E-05 9.876E-04 2.014E+03 8.842E-01 4.433E+01 2.000E+00
1.744E+07 5.777E+02 1.699E+00 5.137E-05 9.877E-04 1.515E+03 8.842E-01 4.433E+01 2.000E+00
4.774E+07 5.777E+02 1.699E+00 5.137E-05 9.877E-04 1.515E+03 8.842E-01 4.433E+01 2.000E+00
3.614E+07 5.744E+02 1.702E+00 5.137E-05 9.879E-04 1.519E+03 8.842E-01 4.433E+01 2.000E+00
1.205E+07 6.393E+02 1.645E+00 5.137E-05 9.881E-04 1.441E+03 8.842E-01 4.433E+01 2.000E+00
1.732E+08 5.366E+02 1.737E+00 5.137E-05 9.886E-04 1.598E+03 8.842E-01 4.433E+01 2.000E+00
2.568E+07 3.473E+02 1.944E+00 5.137E-05 9.894E-04 2.175E+03 8.842E-01 4.433E+01 2.000E+00
3.209E+06 5.440E+02 1.730E+00 5.137E-05 9.910E-04 1.565E+03 8.842E-01 4.433E+01 2.000E+00
5.408E+06 4.480E+02 1.828E+00 5.137E-05 9.938E-04 1.764E+03 8.843E-01 4.433E+01 2.000E+00
1.560E+07 9.051E+02 1.456E+00 5.137E-05 9.991E-04 1.257E+03 8.843E-01 4.433E+01 2.000E+00
1.855E+07 6.061E+02 1.673E+00 5.137E-05 1.009E-03 1.478E+03 8.844E-01 4.433E+01 2.000E+00
1.160E+07 7.314E+02 1.572E+00 5.137E-05 1.026E-03 1.358E+03 8.845E-01 4.433E+01 2.000E+00
9.020E+06 8.455E+02 1.493E+00 5.137E-05 1.058E-03 1.284E+03 8.847E-01 4.433E+01 2.000E+00
4.003E+06 4.205E+02 1.859E+00 5.137E-05 1.117E-03 1.845E+03 8.852E-01 4.434E+01 2.000E+00
2.984E+06 2.669E+02 2.042E+00 5.137E-05 1.225E-03 3.077E+03 8.860E-01 4.434E+01 2.000E+00
5.176E+06 8.263E+02 1.506E+00 5.137E-05 1.423E-03 1.295E+03 8.875E-01 4.434E+01 2.000E+00
5.699E+06 8.420E+02 1.496E+00 5.137E-05 1.786E-03 1.287E+03 8.902E-01 4.435E+01 2.000E+00
1.081E+07 6.422E+02 1.644E+00 5.137E-05 2.451E-03 1.437E+03 8.952E-01 4.437E+01 2.000E+00
2.369E+06 7.737E+02 1.544E+00 5.137E-05 3.669E-03 1.329E+03 9.043E-01 4.439E+01 2.000E+00
3.593E+07 7.746E+02 1.546E+00 5.137E-05 5.903E-03 1.329E+03 9.211E-01 4.445E+01 2.000E+00
3.941E+07 4.596E+02 1.816E+00 6.498E-05 9.876E-04 1.756E+03 8.842E-01 4.433E+01 2.000E+00
1.702E+08 5.777E+02 1.699E+00 6.498E-05 9.877E-04 1.516E+03 8.842E-01 4.433E+01 2.000E+00
2.314E+07 5.744E+02 1.702E+00 6.498E-05 9.877E-04 1.519E+03 8.842E-01 4.433E+01 2.000E+00
7.184E+06 6.393E+02 1.645E+00 6.498E-05 9.879E-04 1.441E+03 8.842E-01 4.433E+01 2.000E+00
2.343E+07 6.393E+02 1.645E+00 6.498E-05 9.881E-04 1.441E+03 8.842E-01 4.433E+01 2.000E+00
2.250E+06 5.822E+02 1.695E+00 6.498E-05 9.886E-04 1.509E+03 8.842E-01 4.433E+01 2.000E+00
1.245E+07 5.822E+02 1.695E+00 6.498E-05 9.894E-04 1.509E+03 8.843E-01 4.433E+01 2.000E+00
3.847E+06 5.440E+02 1.730E+00 6.498E-05 9.910E-04 1.565E+03 8.843E-01 4.433E+01 2.000E+00
8.971E+06 4.480E+02 1.828E+00 6.498E-05 9.938E-04 1.764E+03 8.843E-01 4.433E+01 2.000E+00
1.776E+07 9.051E+02 1.456E+00 6.498E-05 9.991E-04 1.255E+03 8.843E-01 4.433E+01 2.000E+00
1.348E+08 6.061E+02 1.673E+00 6.498E-05 1.009E-03 1.479E+03 8.844E-01 4.433E+01 2.000E+00
1.683E+07 7.314E+02 1.572E+00 6.498E-05 1.026E-03 1.358E+03 8.845E-01 4.433E+01 2.000E+00
1.023E+07 8.455E+02 1.493E+00 6.498E-05 1.058E-03 1.284E+03 8.848E-01 4.433E+01 2.000E+00
5.790E+06 4.205E+02 1.859E+00 6.498E-05 1.117E-03 1.848E+03 8.852E-01 4.434E+01 2.000E+00
2.377E+08 8.889E+02 1.466E+00 6.498E-05 1.225E-03 1.262E+03 8.860E-01 4.434E+01 2.000E+00
2.684E+06 6.749E+02 1.616E+00 6.498E-05 1.423E-03 1.406E+03 8.875E-01 4.434E+01 2.000E+00
6.145E+06 8.420E+02 1.496E+00 6.498E-05 1.786E-03 1.309E+03 8.902E-01 4.435E+01 2.000E+00
1.884E+07 6.422E+02 1.644E+00 6.498E-05 2.451E-03 1.437E+03 8.952E-01 4.437E+01 2.000E+00
2.465E+06 7.737E+02 1.544E+00 6.498E-05 3.669E-03 1.329E+03 9.043E-01 4.439E+01 2.000E+00
1.620E+08 7.746E+02 1.546E+00 6.498E-05 5.903E-03 1.329E+03 9.211E-01 4.445E+01 2.000E+00
2.905E+07 5.744E+02 1.702E+00 8.219E-05 9.876E-04 1.525E+03 8.843E-01 4.433E+01 2.000E+00
7.027E+07 5.744E+02 1.702E+00 8.219E-05 9.877E-04 1.519E+03 8.843E-01 4.433E+01 2.000E+00
7.065E+06 6.393E+02 1.645E+00 8.219E-05 9.877E-04 1.441E+03 8.843E-01 4.433E+01 2.000E+00
1.117E+07 6.393E+02 1.645E+00 8.219E-05 9.879E-04 1.441E+03 8.843E-01 4.433E+01 2.000E+00
8.027E+06 5.366E+02 1.737E+00 8.219E-05 9.881E-04 1.576E+03 8.843E-01 4.433E+01 2.000E+00
2.557E+06 5.822E+02 1.695E+00 8.219E-05 9.886E-04 1.509E+03 8.843E-01 4.433E+01 2.000E+00
5.977E+07 5.822E+02 1.695E+00 8.219E-05 9.894E-04 1.509E+03 8.843E-01 4.433E+01 2.000E+00
5.185E+06 5.440E+02 1.730E+00 8.219E-05 9.910E-04 1.565E+03 8.843E-01 4.433E+01 2.000E+00
6.292E+07 4.480E+02 1.828E+00 8.219E-05 9.938E-04 1.764E+03 8.843E-01 4.433E+01 2.000E+00
2.159E+07 9.051E+02 1.456E+00 8.219E-05 9.991E-04 1.254E+03 8.844E-01 4.433E+01 2.000E+00
4.149E+06 7.941E+02 1.527E+00 8.219E-05 1.009E-03 1.315E+03 8.844E-01 4.433E+01 2.000E+00
4.019E+07 7.314E+02 1.572E+00 8.219E-05 1.026E-03 1.382E+03 8.846E-01 4.433E+01 2.000E+00
1.236E+07 8.455E+02 1.493E+00 8.219E-05 1.058E-03 1.284E+03 8.848E-01 4.433E+01 2.000E+00
1.381E+07 4.205E+02 1.859E+00 8.219E-05 1.117E-03 1.845E+03 8.853E-01 4.434E+01 2.000E+00
2.331E+07 9.032E+02 1.457E+00 8.219E-05 1.225E-03 1.255E+03 8.861E-01 4.434E+01 2.000E+00
2.981E+06 6.749E+02 1.616E+00 8.219E-05 1.423E-03 1.405E+03 8.875E-01 4.434E+01 2.000E+00
6.829E+06 8.420E+02 1.496E+00 8.219E-05 1.786E-03 1.288E+03 8.903E-01 4.435E+01 2.000E+00
4.827E+08 6.422E+02 1.644E+00 8.219E-05 2.451E-03 1.437E+03 8.953E-01 4.437E+01 2.000E+00
2.601E+06 7.737E+02 1.544E+00 8.219E-05 3.669E-03 1.329E+03 9.044E-01 4.439E+01 2.000E+00
6.059E+06 3.416E+02 1.966E+00 8.219E-05 5.903E-03 2.159E+03 9.211E-01 4.445E+01 2.000E+00
8.143E+06 6.393E+02 1.645E+00 1.040E-04 9.876E-04 1.441E+03 8.843E-01 4.433E+01 2.000E+00
9.318E+06 6.393E+02 1.645E+00 1.040E-04 9.877E-04 1.441E+03 8.843E-01 4.433E+01 2.000E+00
1.272E+07 6.393E+02 1.645E+00 1.040E-04 9.877E-04 1.441E+03 8.843E-01 4.433E+01 2.000E+00
4.024E+07 6.393E+02 1.645E+00 1.040E-04 9.879E-04 1.442E+03 8.843E-01 4.433E+01 2.000E+00
3.130E+07 5.366E+02 1.737E+00 1.040E-04 9.881E-04 1.577E+03 8.843E-01 4.433E+01 2.000E+00
3.110E+06 5.822E+02 1.695E+00 1.040E-04 9.886E-04 1.515E+03 8.843E-01 4.433E+01 2.000E+00
3.495E+07 7.479E+02 1.560E+00 1.040E-04 9.894E-04 1.350E+03 8.844E-01 4.433E+01 2.000E+00
9.515E+06 5.440E+02 1.730E+00 1.040E-04 9.910E-04 1.564E+03 8.844E-01 4.433E+01 2.000E+00
2.982E+06 4.399E+02 1.837E+00 1.040E-04 9.938E-04 1.786E+03 8.844E-01 4.433E+01 2.000E+00
2.979E+07 9.051E+02 1.456E+00 1.040E-04 9.991E-04 1.254E+03 8.844E-01 4.433E+01 2.000E+00
4.676E+06 7.941E+02 1.527E+00 1.040E-04 1.009E-03 1.315E+03 8.845E-01 4.433E+01 2.000E+00
8.618E+06 7.390E+02 1.566E+00 1.040E-04 1.026E-03 1.423E+03 8.846E-01 4.433E+01 2.000E+00
1.685E+07 8.455E+02 1.493E+00 1.040E-04 1.058E-03 1.284E+03 8.849E-01 4.433E+01 2.000E+00
1.858E+06 3.314E+02 1.964E+00 1.040E-04 1.117E-03 2.281E+03 8.853E-01 4.434E+01 2.000E+00
3.350E+07 9.032E+02 1.457E+00 1.040E-04 1.225E-03 1.255E+03 8.861E-01 4.434E+01 2.000E+00
3.480E+06 6.749E+02 1.616E+00 1.040E-04 1.423E-03 1.409E+03 8.876E-01 4.434E+01 2.000E+00
7.969E+06 8.420E+02 1.496E+00 1.040E-04 1.786E-03 1.287E+03 8.903E-01 4.435E+01 2.000E+00
2.322E+06 6.461E+02 1.641E+00 1.040E-04 2.451E-03 1.433E+03 8.953E-01 4.437E+01 2.000E+00
2.799E+06 7.737E+02 1.544E+00 1.040E-04 3.669E-03 1.329E+03 9.044E-01 4.439E+01 2.000E+00
4.361E+07 3.416E+02 1.966E+00 1.040E-04 5.903E-03 2.158E+03 9.212E-01 4.445E+01 2.000E+00
2.379E+07 6.393E+02 1.645E+00 1.315E-04 9.876E-04 1.441E+03 8.844E-01 4.433E+01 2.000E+00
3.865E+07 6.393E+02 1.645E+00 1.315E-04 9.877E-04 1.441E+03 8.844E-01 4.433E+01 2.000E+00
8.001E+06 5.366E+02 1.737E+00 1.315E-04 9.877E-04 1.578E+03 8.844E-01 4.433E+01 2.000E+00
1.958E+07 5.366E+02 1.737E+00 1.315E-04 9.879E-04 1.577E+03 8.844E-01 4.433E+01 2.000E+00
2.364E+06 5.822E+02 1.695E+00 1.315E-04 9.881E-04 1.509E+03 8.844E-01 4.433E+01 2.000E+00
6.698E+06 3.473E+02 1.944E+00 1.315E-04 9.886E-04 2.175E+03 8.844E-01 4.433E+01 2.000E+00
1.260E+07 5.422E+02 1.732E+00 1.315E-04 9.894E-04 1.568E+03 8.844E-01 4.433E+01 2.000E+00
3.862E+06 6.660E+02 1.623E+00 1.315E-04 9.910E-04 1.415E+03 8.844E-01 4.433E+01 2.000E+00
5.221E+06 4.399E+02 1.837E+00 1.315E-04 9.938E-04 1.786E+03 8.845E-01 4.433E+01 2.000E+00
5.801E+07 9.051E+02 1.456E+00 1.315E-04 9.991E-04 1.254E+03 8.845E-01 4.433E+01 2.000E+00
1.074E+07 5.233E+02 1.750E+00 1.315E-04 1.009E-03 1.599E+03 8.846E-01 4.433E+01 2.000E+00
1.559E+07 7.390E+02 1.566E+00 1.315E-04 1.026E-03 1.352E+03 8.847E-01 4.433E+01 2.000E+00
3.178E+07 8.455E+02 1.493E+00 1.315E-04 1.058E-03 1.288E+03 8.849E-01 4.433E+01 2.000E+00
2.731E+06 3.314E+02 1.964E+00 1.315E-04 1.117E-03 2.281E+03 8.854E-01 4.434E+01 2.000E+00
7.623E+07 9.032E+02 1.457E+00 1.315E-04 1.225E-03 1.255E+03 8.862E-01 4.434E+01 2.000E+00
4.456E+06 6.749E+02 1.616E+00 1.315E-04 1.423E-03 1.405E+03 8.877E-01 4.434E+01 2.000E+00
1.015E+07 8.420E+02 1.496E+00 1.315E-04 1.786E-03 1.287E+03 8.904E-01 4.435E+01 2.000E+00
2.740E+06 6.461E+02 1.641E+00 1.315E-04 2.451E-03 1.433E+03 8.954E-01 4.437E+01 2.000E+00
3.594E+06 4.970E+02 1.782E+00 1.315E-04 3.669E-03 1.645E+03 9.045E-01 4.439E+01 2.000E+00
5.692E+06 6.960E+02 1.605E+00 1.315E-04 5.903E-03 1.387E+03 9.213E-01 4.445E+01 2.000E+00
2.532E+07 5.366E+02 1.737E+00 1.663E-04 9.876E-04 1.581E+03 8.845E-01 4.433E+01 2.000E+00
5.902E+07 5.366E+02 1.737E+00 1.663E-04 9.877E-04 1.577E+03 8.845E-01 4.433E+01 2.000E+00
2.128E+06 5.822E+02 1.695E+00 1.663E-04 9.877E-04 1.518E+03 8.845E-01 4.433E+01 2.000E+00
2.406E+06 5.822E+02 1.695E+00 1.663E-04 9.879E-04 1.509E+03 8.845E-01 4.433E+01 2.000E+00
3.779E+06 3.473E+02 1.944E+00 1.663E-04 9.881E-04 2.175E+03 8.845E-01 4.433E+01 2.000E+00
9.214E+06 5.822E+02 1.695E+00 1.663E-04 9.886E-04 1.509E+03 8.845E-01 4.433E+01 2.000E+00
1.280E+07 5.431E+02 1.731E+00 1.663E-04 9.894E-04 1.566E+03 8.845E-01 4.433E+01 2.000E+00
5.745E+06 6.660E+02 1.623E+00 1.663E-04 9.910E-04 1.414E+03 8.845E-01 4.433E+01 2.000E+00
2.798E+06 4.921E+02 1.782E+00 1.663E-04 9.938E-04 1.659E+03 8.845E-01 4.433E+01 2.000E+00
3.689E+06 4.730E+02 1.802E+00 1.663E-04 9.991E-04 1.701E+03 8.846E-01 4.433E+01 2.000E+00
1.382E+07 5.148E+02 1.759E+00 1.663E-04 1.009E-03 1.614E+03 8.847E-01 4.433E+01 2.000E+00
5.755E+06 8.625E+02 1.482E+00 1.663E-04 1.026E-03 1.275E+03 8.848E-01 4.433E+01 2.000E+00
2.068E+06 8.315E+02 1.502E+00 1.663E-04 1.058E-03 1.292E+03 8.850E-01 4.433E+01 2.000E+00
7.371E+06 3.314E+02 1.964E+00 1.663E-04 1.117E-03 2.281E+03 8.855E-01 4.434E+01 2.000E+00
4.938E+07 9.079E+02 1.454E+00 1.663E-04 1.225E-03 1.253E+03 8.863E-01 4.434E+01 2.000E+00
7.075E+06 6.749E+02 1.616E+00 1.663E-04 1.423E-03 1.406E+03 8.878E-01 4.434E+01 2.000E+00
1.576E+07 8.420E+02 1.496E+00 1.663E-04 1.786E-03 1.287E+03 8.905E-01 4.435E+01 2.000E+00
3.592E+06 6.461E+02 1.641E+00 1.663E-04 2.451E-03 1.433E+03 8.955E-01 4.437E+01 2.000E+00
8.325E+06 4.970E+02 1.782E+00 1.663E-04 3.669E-03 1.642E+03 9.046E-01 4.439E+01 2.000E+00
1.760E+07 5.820E+02 1.702E+00 1.663E-04 5.903E-03 1.504E+03 9.214E-01 4.445E+01 2.000E+00
2.857E+06 3.473E+02 1.944E+00 2.104E-04 9.876E-04 2.175E+03 8.846E-01 4.433E+01 2.000E+00
3.114E+06 3.473E+02 1.944E+00 2.104E-04 9.877E-04 2.175E+03 8.846E-01 4.433E+01 2.000E+00
3.739E+06 3.473E+02 1.944E+00 2.104E-04 9.877E-04 2.175E+03 8.846E-01 4.433E+01 2.000E+00
5.995E+06 3.473E+02 1.944E+00 2.104E-04 9.879E-04 2.175E+03 8.846E-01 4.433E+01 2.000E+00
6.117E+06 5.822E+02 1.695E+00 2.104E-04 9.881E-04 1.509E+03 8.846E-01 4.433E+01 2.000E+00
2.336E+07 7.479E+02 1.560E+00 2.104E-04 9.886E-04 1.346E+03 8.846E-01 4.433E+01 2.000E+00
9.027E+08 5.572E+02 1.718E+00 2.104E-04 9.894E-04 1.544E+03 8.846E-01 4.433E+01 2.000E+00
1.653E+07 6.660E+02 1.623E+00 2.104E-04 9.910E-04 1.414E+03 8.846E-01 4.433E+01 2.000E+00
6.368E+06 4.921E+02 1.782E+00 2.104E-04 9.938E-04 1.659E+03 8.847E-01 4.433E+01 2.000E+00
1.988E+07 4.730E+02 1.802E+00 2.104E-04 9.991E-04 1.701E+03 8.847E-01 4.433E+01 2.000E+00
6.245E+07 2.941E+02 2.009E+00 2.104E-04 1.009E-03 2.641E+03 8.848E-01 4.433E+01 2.000E+00
7.231E+06 8.625E+02 1.482E+00 2.104E-04 1.026E-03 1.275E+03 8.849E-01 4.433E+01 2.000E+00
2.227E+06 8.315E+02 1.502E+00 2.104E-04 1.058E-03 1.293E+03 8.851E-01 4.433E+01 2.000E+00
5.671E+06 7.050E+02 1.592E+00 2.104E-04 1.117E-03 1.385E+03 8.856E-01 4.434E+01 2.000E+00
2.956E+06 8.996E+02 1.459E+00 2.104E-04 1.225E-03 1.257E+03 8.864E-01 4.434E+01 2.000E+00
3.309E+07 6.749E+02 1.616E+00 2.104E-04 1.423E-03 1.405E+03 8.879E-01 4.434E+01 2.000E+00
5.664E+07 8.420E+02 1.496E+00 2.104E-04 1.786E-03 1.287E+03 8.906E-01 4.435E+01 2.000E+00
6.153E+06 6.461E+02 1.641E+00 2.104E-04 2.451E-03 1.433E+03 8.956E-01 4.437E+01 2.000E+00
4.641E+06 7.737E+02 1.544E+00 2.104E-04 3.669E-03 1.329E+03 9.047E-01 4.439E+01 2.000E+00
5.781E+06 6.680E+02 1.627E+00 2.104E-04 5.903E-03 1.411E+03 9.215E-01 4.445E+01 2.000E+00
5.095E+06 5.822E+02 1.695E+00 2.661E-04 9.876E-04 1.509E+03 8.847E-01 4.433E+01 2.000E+00
5.618E+06 5.822E+02 1.695E+00 2.661E-04 9.877E-04 1.509E+03 8.847E-01 4.433E+01 2.000E+00
6.939E+06 5.822E+02 1.695E+00 2.661E-04 9.877E-04 1.509E+03 8.847E-01 4.433E+01 2.000E+00
1.242E+07 5.822E+02 1.695E+00 2.661E-04 9.879E-04 1.509E+03 8.847E-01 4.433E+01 2.000E+00
1.265E+08 7.242E+02 1.577E+00 2.661E-04 9.881E-04 1.364E+03 8.847E-01 4.433E+01 2.000E+00
9.030E+06 5.431E+02 1.731E+00 2.661E-04 9.886E-04 1.566E+03 8.848E-01 4.433E+01 2.000E+00
4.071E+06 5.440E+02 1.730E+00 2.661E-04 9.894E-04 1.565E+03 8.848E-01 4.433E+01 2.000E+00
1.882E+07 6.591E+02 1.628E+00 2.661E-04 9.910E-04 1.421E+03 8.848E-01 4.433E+01 2.000E+00
2.578E+07 4.798E+02 1.794E+00 2.661E-04 9.938E-04 1.685E+03 8.848E-01 4.433E+01 2.000E+00
5.912E+06 9.215E+02 1.446E+00 2.661E-04 9.991E-04 1.248E+03 8.848E-01 4.433E+01 2.000E+00
1.039E+07 7.788E+02 1.538E+00 2.661E-04 1.009E-03 1.324E+03 8.849E-01 4.433E+01 2.000E+00
1.192E+07 3.295E+02 1.966E+00 2.661E-04 1.026E-03 2.297E+03 8.850E-01 4.433E+01 2.000E+00
2.477E+06 8.315E+02 1.502E+00 2.661E-04 1.058E-03 1.292E+03 8.853E-01 4.433E+01 2.000E+00
5.676E+07 9.797E+02 1.413E+00 2.661E-04 1.117E-03 1.223E+03 8.857E-01 4.434E+01 2.000E+00
4.421E+06 3.649E+02 1.924E+00 2.661E-04 1.225E-03 2.073E+03 8.865E-01 4.434E+01 2.000E+00
4.597E+06 6.647E+02 1.624E+00 2.661E-04 1.423E-03 1.415E+03 8.880E-01 4.434E+01 2.000E+00
6.162E+06 6.821E+02 1.611E+00 2.661E-04 1.786E-03 1.399E+03 8.907E-01 4.435E+01 2.000E+00
2.125E+08 6.461E+02 1.641E+00 2.661E-04 2.451E-03 1.433E+03 8.957E-01 4.437E+01 2.000E+00
7.415E+06 7.737E+02 1.544E+00 2.661E-04 3.669E-03 1.329E+03 9.049E-01 4.439E+01 2.000E+00
3.069E+07 6.680E+02 1.627E+00 2.661E-04 5.903E-03 1.420E+03 9.216E-01 4.445E+01 2.000E+00
9.348E+06 2.835E+02 2.021E+00 3.366E-04 9.876E-04 2.788E+03 8.849E-01 4.433E+01 2.000E+00
2.446E+07 2.805E+02 2.025E+00 3.366E-04 9.877E-04 2.833E+03 8.849E-01 4.433E+01 2.000E+00
8.074E+06 5.422E+02 1.732E+00 3.366E-04 9.877E-04 1.569E+03 8.849E-01 4.433E+01 2.000E+00
1.956E+07 5.422E+02 1.732E+00 3.366E-04 9.879E-04 1.567E+03 8.849E-01 4.433E+01 2.000E+00
1.612E+07 5.431E+02 1.731E+00 3.366E-04 9.881E-04 1.566E+03 8.849E-01 4.433E+01 2.000E+00
2.596E+06 5.440E+02 1.730E+00 3.366E-04 9.886E-04 1.565E+03 8.849E-01 4.433E+01 2.000E+00
3.862E+06 6.660E+02 1.623E+00 3.366E-04 9.894E-04 1.414E+03 8.849E-01 4.433E+01 2.000E+00
1.502E+07 7.294E+02 1.573E+00 3.366E-04 9.910E-04 1.360E+03 8.849E-01 4.433E+01 2.000E+00
9.651E+06 9.160E+02 1.449E+00 3.366E-04 9.938E-04 1.249E+03 8.850E-01 4.433E+01 2.000E+00
7.192E+06 9.215E+02 1.446E+00 3.366E-04 9.991E-04 1.247E+03 8.850E-01 4.433E+01 2.000E+00
3.968E+07 2.660E+02 2.042E+00 3.366E-04 1.009E-03 3.106E+03 8.851E-01 4.433E+01 2.000E+00
3.295E+07 8.625E+02 1.482E+00 3.366E-04 1.026E-03 1.275E+03 8.852E-01 4.433E+01 2.000E+00
2.910E+06 8.315E+02 1.502E+00 3.366E-04 1.058E-03 1.292E+03 8.854E-01 4.433E+01 2.000E+00
1.082E+08 9.797E+02 1.413E+00 3.366E-04 1.117E-03 1.223E+03 8.859E-01 4.434E+01 2.000E+00
4.055E+06 4.461E+02 1.831E+00 3.366E-04 1.225E-03 1.768E+03 8.867E-01 4.434E+01 2.000E+00
2.709E+07 6.647E+02 1.624E+00 3.366E-04 1.423E-03 1.415E+03 8.882E-01 4.434E+01 2.000E+00
5.161E+06 3.051E+02 1.998E+00 3.366E-04 1.786E-03 2.500E+03 8.909E-01 4.435E+01 2.000E+00
1.128E+07 7.549E+02 1.556E+00 3.366E-04 2.451E-03 1.341E+03 8.959E-01 4.437E+01 2.000E+00
3.878E+07 7.737E+02 1.544E+00 3.366E-04 3.669E-03 1.330E+03 9.050E-01 4.439E+01 2.000E+00
6.587E+07 6.508E+02 1.641E+00 3.366E-04 5.903E-03 1.428E+03 9.218E-01 4.445E+01 2.000E+00
1.472E+07 5.572E+02 1.718E+00 4.257E-04 9.876E-04 1.544E+03 8.851E-01 4.433E+01 2.000E+00
2.129E+07 5.572E+02 1.718E+00 4.257E-04 9.877E-04 1.544E+03 8.851E-01 4.433E+01 2.000E+00
1.246E+08 5.572E+02 1.718E+00 4.257E-04 9.877E-04 1.545E+03 8.851E-01 4.433E+01 2.000E+00
2.556E+06 5.440E+02 1.730E+00 4.257E-04 9.879E-04 1.565E+03 8.851E-01 4.433E+01 2.000E+00
3.678E+06 5.440E+02 1.730E+00 4.257E-04 9.881E-04 1.565E+03 8.851E-01 4.433E+01 2.000E+00
2.807E+07 5.440E+02 1.730E+00 4.257E-04 9.886E-04 1.565E+03 8.851E-01 4.433E+01 2.000E+00
3.039E+07 6.660E+02 1.623E+00 4.257E-04 9.894E-04 1.414E+03 8.852E-01 4.433E+01 2.000E+00
2.891E+07 4.480E+02 1.828E+00 4.257E-04 9.910E-04 1.764E+03 8.852E-01 4.433E+01 2.000E+00
5.179E+06 5.062E+02 1.767E+00 4.257E-04 9.938E-04 1.637E+03 8.852E-01 4.433E+01 2.000E+00
1.003E+07 9.215E+02 1.446E+00 4.257E-04 9.991E-04 1.247E+03 8.852E-01 4.433E+01 2.000E+00
1.284E+06 2.724E+02 2.034E+00 4.257E-04 1.009E-03 2.974E+03 8.853E-01 4.433E+01 2.000E+00
2.077E+07 8.425E+02 1.495E+00 4.257E-04 1.026E-03 1.287E+03 8.854E-01 4.433E+01 2.000E+00
3.805E+06 8.315E+02 1.502E+00 4.257E-04 1.058E-03 1.292E+03 8.857E-01 4.433E+01 2.000E+00
1.884E+06 9.499E+02 1.430E+00 4.257E-04 1.117E-03 1.235E+03 8.861E-01 4.434E+01 2.000E+00
4.315E+06 8.996E+02 1.459E+00 4.257E-04 1.225E-03 1.257E+03 8.869E-01 4.434E+01 2.000E+00
9.081E+06 8.240E+02 1.507E+00 4.257E-04 1.423E-03 1.383E+03 8.884E-01 4.434E+01 2.000E+00
8.132E+06 2.754E+02 2.034E+00 4.257E-04 1.786E-03 2.894E+03 8.911E-01 4.435E+01 2.000E+00
1.652E+07 7.465E+02 1.562E+00 4.257E-04 2.451E-03 1.348E+03 8.961E-01 4.437E+01 2.000E+00
2.235E+06 9.735E+02 1.418E+00 4.257E-04 3.669E-03 1.228E+03 9.053E-01 4.439E+01 2.000E+00
1.156E+09 5.604E+02 1.722E+00 4.257E-04 5.903E-03 1.533E+03 9.220E-01 4.445E+01 2.000E+00
1.270E+07 5.440E+02 1.730E+00 5.385E-04 9.876E-04 1.565E+03 8.854E-01 4.433E+01 2.000E+00
1.754E+07 5.440E+02 1.730E+00 5.385E-04 9.877E-04 1.565E+03 8.854E-01 4.433E+01 2.000E+00
5.997E+07 5.440E+02 1.730E+00 5.385E-04 9.877E-04 1.565E+03 8.854E-01 4.433E+01 2.000E+00
3.716E+06 6.660E+02 1.623E+00 5.385E-04 9.879E-04 1.414E+03 8.854E-01 4.433E+01 2.000E+00
5.303E+06 6.660E+02 1.623E+00 5.385E-04 9.881E-04 1.414E+03 8.854E-01 4.433E+01 2.000E+00
3.276E+07 6.660E+02 1.623E+00 5.385E-04 9.886E-04 1.419E+03 8.854E-01 4.433E+01 2.000E+00
1.263E+07 7.294E+02 1.573E+00 5.385E-04 9.894E-04 1.360E+03 8.854E-01 4.433E+01 2.000E+00
3.594E+06 4.921E+02 1.782E+00 5.385E-04 9.910E-04 1.659E+03 8.854E-01 4.433E+01 2.000E+00
6.967E+08 9.160E+02 1.449E+00 5.385E-04 9.938E-04 1.255E+03 8.855E-01 4.433E+01 2.000E+00
2.145E+07 8.883E+02 1.466E+00 5.385E-04 9.991E-04 1.262E+03 8.855E-01 4.433E+01 2.000E+00
5.405E+06 9.341E+02 1.439E+00 5.385E-04 1.009E-03 1.241E+03 8.856E-01 4.433E+01 2.000E+00
3.465E+06 9.237E+02 1.445E+00 5.385E-04 1.026E-03 1.246E+03 8.857E-01 4.433E+01 2.000E+00
6.580E+06 8.315E+02 1.502E+00 5.385E-04 1.058E-03 1.292E+03 8.860E-01 4.433E+01 2.000E+00
1.204E+07 2.735E+02 2.034E+00 5.385E-04 1.117E-03 2.951E+03 8.864E-01 4.434E+01 2.000E+00
5.840E+06 8.996E+02 1.459E+00 5.385E-04 1.225E-03 1.258E+03 8.872E-01 4.434E+01 2.000E+00
4.434E+06 8.097E+02 1.517E+00 5.385E-04 1.423E-03 1.305E+03 8.887E-01 4.434E+01 2.000E+00
3.146E+06 4.154E+02 1.866E+00 5.385E-04 1.786E-03 1.859E+03 8.914E-01 4.435E+01 2.000E+00
4.540E+06 4.847E+02 1.792E+00 5.385E-04 2.451E-03 1.671E+03 8.964E-01 4.437E+01 2.000E+00
2.291E+06 9.735E+02 1.418E+00 5.385E-04 3.669E-03 1.228E+03 9.055E-01 4.439E+01 2.000E+00
7.264E+06 9.243E+02 1.448E+00 5.385E-04 5.903E-03 1.251E+03 9.223E-01 4.445E+01 2.000E+00
7.030E+06 4.596E+02 1.816E+00 6.811E-04 9.876E-04 1.734E+03 8.858E-01 4.433E+01 2.000E+00
8.632E+06 4.596E+02 1.816E+00 6.811E-04 9.877E-04 1.733E+03 8.858E-01 4.433E+01 2.000E+00
1.497E+07 4.596E+02 1.816E+00 6.811E-04 9.877E-04 1.733E+03 8.858E-01 4.433E+01 2.000E+00
2.451E+07 6.591E+02 1.628E+00 6.811E-04 9.879E-04 1.421E+03 8.858E-01 4.433E+01 2.000E+00
2.630E+07 7.476E+02 1.560E+00 6.811E-04 9.881E-04 1.346E+03 8.858E-01 4.433E+01 2.000E+00
4.840E+07 7.294E+02 1.573E+00 6.811E-04 9.886E-04 1.360E+03 8.858E-01 4.433E+01 2.000E+00
9.514E+06 4.399E+02 1.837E+00 6.811E-04 9.894E-04 1.786E+03 8.858E-01 4.433E+01 2.000E+00
7.832E+06 9.160E+02 1.449E+00 6.811E-04 9.910E-04 1.250E+03 8.858E-01 4.433E+01 2.000E+00
1.935E+07 5.220E+02 1.752E+00 6.811E-04 9.938E-04 1.602E+03 8.858E-01 4.433E+01 2.000E+00
2.676E+07 7.012E+02 1.595E+00 6.811E-04 9.991E-04 1.382E+03 8.859E-01 4.433E+01 2.000E+00
4.782E+07 4.386E+02 1.839E+00 6.811E-04 1.009E-03 1.790E+03 8.859E-01 4.433E+01 2.000E+00
4.245E+06 9.237E+02 1.445E+00 6.811E-04 1.026E-03 1.290E+03 8.861E-01 4.433E+01 2.000E+00
4.348E+06 5.365E+02 1.738E+00 6.811E-04 1.058E-03 1.577E+03 8.863E-01 4.433E+01 2.000E+00
7.747E+06 6.443E+02 1.641E+00 6.811E-04 1.117E-03 1.436E+03 8.868E-01 4.434E+01 2.000E+00
1.118E+07 8.996E+02 1.459E+00 6.811E-04 1.225E-03 1.263E+03 8.876E-01 4.434E+01 2.000E+00
1.858E+07 8.097E+02 1.517E+00 6.811E-04 1.423E-03 1.305E+03 8.890E-01 4.434E+01 2.000E+00
3.518E+06 5.371E+02 1.738E+00 6.811E-04 1.786E-03 1.575E+03 8.918E-01 4.435E+01 2.000E+00
1.938E+06 4.986E+02 1.778E+00 6.811E-04 2.451E-03 1.644E+03 8.968E-01 4.437E+01 2.000E+00
2.366E+06 9.735E+02 1.418E+00 6.811E-04 3.669E-03 1.228E+03 9.059E-01 4.439E+01 2.000E+00
1.174E+08 4.207E+02 1.870E+00 6.811E-04 5.903E-03 1.822E+03 9.226E-01 4.445E+01 2.000E+00
3.130E+06 4.399E+02 1.837E+00 8.615E-04 9.876E-04 1.787E+03 8.862E-01 4.433E+01 2.000E+00
3.406E+06 4.399E+02 1.837E+00 8.615E-04 9.877E-04 1.787E+03 8.862E-01 4.433E+01 2.000E+00
4.072E+06 4.399E+02 1.837E+00 8.615E-04 9.877E-04 1.787E+03 8.862E-01 4.433E+01 2.000E+00
6.436E+06 4.399E+02 1.837E+00 8.615E-04 9.879E-04 1.786E+03 8.862E-01 4.433E+01 2.000E+00
1.866E+07 4.877E+02 1.786E+00 8.615E-04 9.881E-04 1.668E+03 8.862E-01 4.433E+01 2.000E+00
6.020E+06 4.921E+02 1.782E+00 8.615E-04 9.886E-04 1.660E+03 8.862E-01 4.433E+01 2.000E+00
6.940E+06 9.160E+02 1.449E+00 8.615E-04 9.894E-04 1.250E+03 8.862E-01 4.433E+01 2.000E+00
7.642E+06 5.077E+02 1.766E+00 8.615E-04 9.910E-04 1.628E+03 8.863E-01 4.433E+01 2.000E+00
8.692E+07 4.730E+02 1.802E+00 8.615E-04 9.938E-04 1.702E+03 8.863E-01 4.433E+01 2.000E+00
2.795E+07 8.997E+02 1.459E+00 8.615E-04 9.991E-04 1.257E+03 8.863E-01 4.433E+01 2.000E+00
7.274E+07 6.525E+02 1.634E+00 8.615E-04 1.009E-03 1.431E+03 8.864E-01 4.433E+01 2.000E+00
6.090E+06 9.237E+02 1.445E+00 8.615E-04 1.026E-03 1.246E+03 8.865E-01 4.433E+01 2.000E+00
1.412E+07 3.894E+02 1.895E+00 8.615E-04 1.058E-03 1.961E+03 8.868E-01 4.433E+01 2.000E+00
1.269E+07 4.079E+02 1.873E+00 8.615E-04 1.117E-03 1.888E+03 8.872E-01 4.434E+01 2.000E+00
5.707E+06 8.535E+02 1.488E+00 8.615E-04 1.225E-03 1.280E+03 8.880E-01 4.434E+01 2.000E+00
1.155E+07 6.960E+02 1.599E+00 8.615E-04 1.423E-03 1.391E+03 8.895E-01 4.434E+01 2.000E+00
3.814E+06 5.282E+02 1.747E+00 8.615E-04 1.786E-03 1.589E+03 8.922E-01 4.435E+01 2.000E+00
4.455E+07 4.251E+02 1.857E+00 8.615E-04 2.451E-03 1.824E+03 8.972E-01 4.437E+01 2.000E+00
2.470E+06 9.735E+02 1.418E+00 8.615E-04 3.669E-03 1.228E+03 9.063E-01 4.439E+01 2.000E+00
4.301E+06 9.296E+02 1.445E+00 8.615E-04 5.903E-03 1.249E+03 9.231E-01 4.445E+01 2.000E+00
6.450E+06 9.160E+02 1.449E+00 1.090E-03 9.876E-04 1.250E+03 8.868E-01 4.433E+01 2.000E+00
6.561E+06 9.160E+02 1.449E+00 1.090E-03 9.877E-04 1.341E+03 8.868E-01 4.433E+01 2.000E+00
6.775E+06 9.160E+02 1.449E+00 1.090E-03 9.877E-04 1.250E+03 8.868E-01 4.433E+01 2.000E+00
7.208E+06 9.160E+02 1.449E+00 1.090E-03 9.879E-04 1.249E+03 8.868E-01 4.433E+01 2.000E+00
8.179E+06 9.160E+02 1.449E+00 1.090E-03 9.881E-04 1.250E+03 8.868E-01 4.433E+01 2.000E+00
6.181E+06 5.062E+02 1.767E+00 1.090E-03 9.886E-04 1.631E+03 8.868E-01 4.433E+01 2.000E+00
3.088E+07 9.160E+02 1.449E+00 1.090E-03 9.894E-04 1.250E+03 8.868E-01 4.433E+01 2.000E+00
9.237E+06 9.051E+02 1.456E+00 1.090E-03 9.910E-04 1.257E+03 8.868E-01 4.433E+01 2.000E+00
7.902E+06 9.215E+02 1.446E+00 1.090E-03 9.938E-04 1.247E+03 8.868E-01 4.433E+01 2.000E+00
1.267E+07 3.592E+02 1.930E+00 1.090E-03 9.991E-04 2.106E+03 8.869E-01 4.433E+01 2.000E+00
5.273E+06 6.478E+02 1.637E+00 1.090E-03 1.009E-03 1.432E+03 8.870E-01 4.433E+01 2.000E+00
1.511E+07 9.237E+02 1.445E+00 1.090E-03 1.026E-03 1.247E+03 8.871E-01 4.433E+01 2.000E+00
7.377E+06 5.571E+02 1.718E+00 1.090E-03 1.058E-03 1.544E+03 8.873E-01 4.433E+01 2.000E+00
2.481E+07 7.959E+02 1.526E+00 1.090E-03 1.117E-03 1.314E+03 8.878E-01 4.434E+01 2.000E+00
4.815E+06 9.664E+02 1.421E+00 1.090E-03 1.225E-03 1.228E+03 8.886E-01 4.434E+01 2.000E+00
3.725E+06 5.509E+02 1.724E+00 1.090E-03 1.423E-03 1.553E+03 8.901E-01 4.434E+01 2.000E+00
7.018E+08 4.705E+02 1.806E+00 1.090E-03 1.786E-03 1.705E+03 8.928E-01 4.435E+01 2.000E+00
1.372E+06 5.827E+02 1.696E+00 1.090E-03 2.451E-03 1.507E+03 8.978E-01 4.437E+01 2.000E+00
2.620E+06 9.735E+02 1.418E+00 1.090E-03 3.669E-03 1.228E+03 9.069E-01 4.439E+01 2.000E+00
6.619E+06 9.296E+02 1.445E+00 1.090E-03 5.903E-03 1.248E+03 9.237E-01 4.445E+01 2.000E+00
2.428E+06 5.220E+02 1.752E+00 1.378E-03 9.876E-04 1.602E+03 8.875E-01 4.433E+01 2.000E+00
2.553E+06 5.220E+02 1.752E+00 1.378E-03 9.877E-04 1.602E+03 8.875E-01 4.433E+01 2.000E+00
2.822E+06 5.220E+02 1.752E+00 1.378E-03 9.877E-04 1.602E+03 8.875E-01 4.433E+01 2.000E+00
3.517E+06 5.220E+02 1.752E+00 1.378E-03 9.879E-04 1.603E+03 8.875E-01 4.433E+01 2.000E+00
6.647E+06 5.220E+02 1.752E+00 1.378E-03 9.881E-04 1.602E+03 8.875E-01 4.433E+01 2.000E+00
7.569E+06 9.051E+02 1.456E+00 1.378E-03 9.886E-04 1.255E+03 8.875E-01 4.433E+01 2.000E+00
6.859E+06 4.730E+02 1.802E+00 1.378E-03 9.894E-04 1.701E+03 8.875E-01 4.433E+01 2.000E+00
5.804E+06 9.215E+02 1.446E+00 1.378E-03 9.910E-04 1.253E+03 8.875E-01 4.433E+01 2.000E+00
3.069E+07 7.012E+02 1.595E+00 1.378E-03 9.938E-04 1.383E+03 8.876E-01 4.433E+01 2.000E+00
3.888E+07 5.148E+02 1.759E+00 1.378E-03 9.991E-04 1.615E+03 8.876E-01 4.433E+01 2.000E+00
8.841E+06 8.405E+02 1.496E+00 1.378E-03 1.009E-03 1.289E+03 8.877E-01 4.433E+01 2.000E+00
4.486E+06 8.649E+02 1.480E+00 1.378E-03 1.026E-03 1.274E+03 8.878E-01 4.433E+01 2.000E+00
5.313E+06 4.398E+02 1.838E+00 1.378E-03 1.058E-03 1.786E+03 8.881E-01 4.433E+01 2.000E+00
3.668E+07 5.454E+02 1.729E+00 1.378E-03 1.117E-03 1.563E+03 8.885E-01 4.434E+01 2.000E+00
6.274E+06 9.664E+02 1.421E+00 1.378E-03 1.225E-03 1.230E+03 8.893E-01 4.434E+01 2.000E+00
5.357E+06 7.386E+02 1.567E+00 1.378E-03 1.423E-03 1.356E+03 8.908E-01 4.434E+01 2.000E+00
1.013E+07 9.305E+02 1.441E+00 1.378E-03 1.786E-03 1.244E+03 8.935E-01 4.435E+01 2.000E+00
1.467E+07 8.102E+02 1.517E+00 1.378E-03 2.451E-03 1.307E+03 8.985E-01 4.437E+01 2.000E+00
2.846E+06 9.735E+02 1.418E+00 1.378E-03 3.669E-03 1.228E+03 9.076E-01 4.439E+01 2.000E+00
2.635E+07 9.296E+02 1.445E+00 1.378E-03 5.903E-03 1.248E+03 9.244E-01 4.445E+01 2.000E+00
6.879E+09 9.051E+02 1.456E+00 1.743E-03 9.876E-04 1.255E+03 8.884E-01 4.433E+01 2.000E+00
4.713E+06 9.215E+02 1.446E+00 1.743E-03 9.877E-04 1.247E+03 8.884E-01 4.433E+01 2.000E+00
4.808E+06 9.215E+02 1.446E+00 1.743E-03 9.877E-04 1.250E+03 8.884E-01 4.433E+01 2.000E+00
4.995E+06 9.215E+02 1.446E+00 1.743E-03 9.879E-04 1.247E+03 8.884E-01 4.433E+01 2.000E+00
5.382E+06 9.215E+02 1.446E+00 1.743E-03 9.881E-04 1.247E+03 8.884E-01 4.433E+01 2.000E+00
9.366E+06 2.784E+02 2.027E+00 1.743E-03 9.886E-04 2.870E+03 8.884E-01 4.433E+01 2.000E+00
9.294E+06 9.215E+02 1.446E+00 1.743E-03 9.894E-04 1.247E+03 8.884E-01 4.433E+01 2.000E+00
1.534E+07 7.012E+02 1.595E+00 1.743E-03 9.910E-04 1.383E+03 8.885E-01 4.433E+01 2.000E+00
2.226E+06 6.225E+02 1.659E+00 1.743E-03 9.938E-04 1.460E+03 8.885E-01 4.433E+01 2.000E+00
4.404E+06 9.341E+02 1.439E+00 1.743E-03 9.991E-04 1.242E+03 8.885E-01 4.433E+01 2.000E+00
4.623E+06 3.712E+02 1.916E+00 1.743E-03 1.009E-03 2.043E+03 8.886E-01 4.433E+01 2.000E+00
8.856E+06 8.100E+02 1.516E+00 1.743E-03 1.026E-03 1.305E+03 8.887E-01 4.433E+01 2.000E+00
7.200E+07 6.392E+02 1.645E+00 1.743E-03 1.058E-03 1.442E+03 8.890E-01 4.433E+01 2.000E+00
2.506E+07 6.720E+02 1.618E+00 1.743E-03 1.117E-03 1.409E+03 8.894E-01 4.434E+01 2.000E+00
1.058E+07 9.664E+02 1.421E+00 1.743E-03 1.225E-03 1.230E+03 8.902E-01 4.434E+01 2.000E+00
1.297E+07 6.607E+02 1.627E+00 1.743E-03 1.423E-03 1.419E+03 8.917E-01 4.434E+01 2.000E+00
4.185E+07 4.521E+02 1.826E+00 1.743E-03 1.786E-03 1.750E+03 8.944E-01 4.435E+01 2.000E+00
4.238E+06 5.928E+02 1.687E+00 1.743E-03 2.451E-03 1.494E+03 8.994E-01 4.437E+01 2.000E+00
2.953E+07 3.800E+02 1.912E+00 1.743E-03 3.669E-03 1.983E+03 9.085E-01 4.439E+01 2.000E+00
6.924E+06 9.315E+02 1.444E+00 1.743E-03 5.903E-03 1.248E+03 9.253E-01 4.445E+01 2.000E+00
2.840E+07 7.012E+02 1.595E+00 2.205E-03 9.876E-04 1.383E+03 8.896E-01 4.433E+01 2.000E+00
4.443E+07 7.012E+02 1.595E+00 2.205E-03 9.877E-04 1.383E+03 8.896E-01 4.433E+01 2.000E+00
6.112E+08 9.215E+02 1.446E+00 2.205E-03 9.877E-04 1.248E+03 8.896E-01 4.433E+01 2.000E+00
6.406E+06 8.997E+02 1.459E+00 2.205E-03 9.879E-04 1.257E+03 8.896E-01 4.433E+01 2.000E+00
7.332E+06 8.997E+02 1.459E+00 2.205E-03 9.881E-04 1.258E+03 8.896E-01 4.433E+01 2.000E+00
1.007E+07 8.997E+02 1.459E+00 2.205E-03 9.886E-04 1.258E+03 8.896E-01 4.433E+01 2.000E+00
3.590E+07 8.997E+02 1.459E+00 2.205E-03 9.894E-04 1.257E+03 8.896E-01 4.433E+01 2.000E+00
3.453E+07 2.639E+02 2.044E+00 2.205E-03 9.910E-04 3.155E+03 8.896E-01 4.433E+01 2.000E+00
1.086E+07 7.941E+02 1.527E+00 2.205E-03 9.938E-04 1.315E+03 8.896E-01 4.433E+01 2.000E+00
9.264E+07 6.567E+02 1.630E+00 2.205E-03 9.991E-04 1.424E+03 8.897E-01 4.433E+01 2.000E+00
5.835E+06 3.333E+02 1.961E+00 2.205E-03 1.009E-03 2.269E+03 8.898E-01 4.433E+01 2.000E+00
3.346E+06 9.484E+02 1.431E+00 2.205E-03 1.026E-03 1.236E+03 8.899E-01 4.433E+01 2.000E+00
6.842E+06 7.270E+02 1.575E+00 2.205E-03 1.058E-03 1.362E+03 8.901E-01 4.433E+01 2.000E+00
3.297E+06 3.023E+02 1.999E+00 2.205E-03 1.117E-03 2.546E+03 8.906E-01 4.434E+01 2.000E+00
1.691E+08 9.664E+02 1.421E+00 2.205E-03 1.225E-03 1.229E+03 8.914E-01 4.434E+01 2.000E+00
3.300E+06 4.792E+02 1.796E+00 2.205E-03 1.423E-03 1.732E+03 8.929E-01 4.434E+01 2.000E+00
6.239E+06 4.055E+02 1.878E+00 2.205E-03 1.786E-03 1.894E+03 8.956E-01 4.435E+01 2.000E+00
1.121E+07 3.694E+02 1.922E+00 2.205E-03 2.451E-03 2.042E+03 9.006E-01 4.437E+01 2.000E+00
3.874E+06 9.735E+02 1.418E+00 2.205E-03 3.669E-03 1.229E+03 9.097E-01 4.439E+01 2.000E+00
1.030E+07 9.097E+02 1.457E+00 2.205E-03 5.903E-03 1.257E+03 9.265E-01 4.445E+01 2.000E+00
7.812E+07 6.061E+02 1.673E+00 2.789E-03 9.876E-04 1.481E+03 8.910E-01 4.433E+01 2.000E+00
3.956E+07 5.233E+02 1.750E+00 2.789E-03 9.877E-04 1.606E+03 8.911E-01 4.433E+01 2.000E+00
1.287E+07 5.148E+02 1.759E+00 2.789E-03 9.877E-04 1.615E+03 8.911E-01 4.433E+01 2.000E+00
3.435E+07 7.897E+02 1.530E+00 2.789E-03 9.879E-04 1.319E+03 8.911E-01 4.433E+01 2.000E+00
3.405E+07 7.751E+02 1.540E+00 2.789E-03 9.881E-04 1.328E+03 8.911E-01 4.433E+01 2.000E+00
3.857E+06 7.941E+02 1.527E+00 2.789E-03 9.886E-04 1.316E+03 8.911E-01 4.433E+01 2.000E+00
9.001E+06 7.941E+02 1.527E+00 2.789E-03 9.894E-04 1.315E+03 8.911E-01 4.433E+01 2.000E+00
3.080E+07 4.385E+02 1.839E+00 2.789E-03 9.910E-04 1.791E+03 8.911E-01 4.433E+01 2.000E+00
1.590E+07 6.525E+02 1.634E+00 2.789E-03 9.938E-04 1.430E+03 8.911E-01 4.433E+01 2.000E+00
7.219E+06 5.590E+02 1.716E+00 2.789E-03 9.991E-04 1.542E+03 8.911E-01 4.433E+01 2.000E+00
1.126E+07 8.425E+02 1.495E+00 2.789E-03 1.009E-03 1.287E+03 8.912E-01 4.433E+01 2.000E+00
6.581E+06 9.484E+02 1.431E+00 2.789E-03 1.026E-03 1.236E+03 8.913E-01 4.433E+01 2.000E+00
1.586E+07 6.667E+02 1.622E+00 2.789E-03 1.058E-03 1.414E+03 8.916E-01 4.433E+01 2.000E+00
4.556E+07 5.364E+02 1.738E+00 2.789E-03 1.117E-03 1.577E+03 8.920E-01 4.434E+01 2.000E+00
7.699E+06 9.789E+02 1.414E+00 2.789E-03 1.225E-03 1.224E+03 8.928E-01 4.434E+01 2.000E+00
1.159E+07 5.434E+02 1.732E+00 2.789E-03 1.423E-03 1.565E+03 8.943E-01 4.434E+01 2.000E+00
1.111E+07 9.124E+02 1.452E+00 2.789E-03 1.786E-03 1.252E+03 8.970E-01 4.435E+01 2.000E+00
1.181E+07 7.573E+02 1.554E+00 2.789E-03 2.451E-03 1.340E+03 9.020E-01 4.437E+01 2.000E+00
2.204E+07 7.308E+02 1.575E+00 2.789E-03 3.669E-03 1.362E+03 9.112E-01 4.439E+01 2.000E+00
6.197E+07 7.204E+02 1.586E+00 2.789E-03 5.903E-03 1.368E+03 9.279E-01 4.445E+01 2.000E+00
3.672E+06 6.525E+02 1.634E+00 3.528E-03 9.876E-04 1.428E+03 8.929E-01 4.433E+01 2.000E+00
3.864E+06 6.525E+02 1.634E+00 3.528E-03 9.877E-04 1.428E+03 8.929E-01 4.433E+01 2.000E+00
4.279E+06 6.525E+02 1.634E+00 3.528E-03 9.877E-04 1.428E+03 8.929E-01 4.433E+01 2.000E+00
5.354E+06 6.525E+02 1.634E+00 3.528E-03 9.879E-04 1.428E+03 8.929E-01 4.433E+01 2.000E+00
1.026E+07 6.525E+02 1.634E+00 3.528E-03 9.881E-04 1.428E+03 8.929E-01 4.433E+01 2.000E+00
6.153E+06 6.567E+02 1.630E+00 3.528E-03 9.886E-04 1.424E+03 8.929E-01 4.433E+01 2.000E+00
5.718E+06 6.421E+02 1.642E+00 3.528E-03 9.894E-04 1.439E+03 8.929E-01 4.433E+01 2.000E+00
5.577E+07 8.385E+02 1.497E+00 3.528E-03 9.910E-04 1.292E+03 8.929E-01 4.433E+01 2.000E+00
1.005E+07 4.018E+02 1.880E+00 3.528E-03 9.938E-04 1.914E+03 8.929E-01 4.433E+01 2.000E+00
2.262E+07 4.143E+02 1.866E+00 3.528E-03 9.991E-04 1.867E+03 8.930E-01 4.433E+01 2.000E+00
1.547E+07 9.237E+02 1.445E+00 3.528E-03 1.009E-03 1.666E+03 8.931E-01 4.433E+01 2.000E+00
7.244E+06 9.058E+02 1.455E+00 3.528E-03 1.026E-03 1.256E+03 8.932E-01 4.433E+01 2.000E+00
2.475E+06 7.487E+02 1.559E+00 3.528E-03 1.058E-03 1.346E+03 8.934E-01 4.433E+01 2.000E+00
3.431E+06 5.820E+02 1.695E+00 3.528E-03 1.117E-03 1.510E+03 8.939E-01 4.434E+01 2.000E+00
3.774E+07 9.738E+02 1.416E+00 3.528E-03 1.225E-03 1.226E+03 8.947E-01 4.434E+01 2.000E+00
3.313E+06 5.738E+02 1.703E+00 3.528E-03 1.423E-03 1.521E+03 8.962E-01 4.434E+01 2.000E+00
2.062E+07 7.884E+02 1.532E+00 3.528E-03 1.786E-03 1.320E+03 8.989E-01 4.435E+01 2.000E+00
8.944E+06 9.195E+02 1.448E+00 3.528E-03 2.451E-03 1.250E+03 9.039E-01 4.437E+01 2.000E+00
1.172E+07 9.735E+02 1.418E+00 3.528E-03 3.669E-03 1.229E+03 9.130E-01 4.439E+01 2.000E+00
4.297E+06 7.850E+02 1.538E+00 3.528E-03 5.903E-03 1.324E+03 9.298E-01 4.445E+01 2.000E+00
7.503E+06 8.207E+02 1.509E+00 4.462E-03 9.876E-04 1.300E+03 8.952E-01 4.433E+01 2.000E+00
7.876E+06 8.207E+02 1.509E+00 4.462E-03 9.877E-04 1.300E+03 8.952E-01 4.433E+01 2.000E+00
8.673E+06 8.207E+02 1.509E+00 4.462E-03 9.877E-04 1.300E+03 8.952E-01 4.433E+01 2.000E+00
1.068E+07 8.207E+02 1.509E+00 4.462E-03 9.879E-04 1.300E+03 8.952E-01 4.433E+01 2.000E+00
1.888E+07 8.207E+02 1.509E+00 4.462E-03 9.881E-04 1.300E+03 8.952E-01 4.433E+01 2.000E+00
5.219E+06 3.333E+02 1.961E+00 4.462E-03 9.886E-04 2.272E+03 8.952E-01 4.433E+01 2.000E+00
3.447E+07 9.300E+02 1.441E+00 4.462E-03 9.894E-04 1.244E+03 8.952E-01 4.433E+01 2.000E+00
4.532E+06 4.143E+02 1.866E+00 4.462E-03 9.910E-04 1.867E+03 8.953E-01 4.433E+01 2.000E+00
1.171E+07 7.390E+02 1.566E+00 4.462E-03 9.938E-04 1.354E+03 8.953E-01 4.433E+01 2.000E+00
4.374E+06 9.237E+02 1.445E+00 4.462E-03 9.991E-04 1.248E+03 8.953E-01 4.433E+01 2.000E+00
2.930E+06 9.484E+02 1.431E+00 4.462E-03 1.009E-03 1.237E+03 8.954E-01 4.433E+01 2.000E+00
2.267E+08 4.333E+02 1.845E+00 4.462E-03 1.026E-03 1.806E+03 8.955E-01 4.433E+01 2.000E+00
2.404E+07 7.481E+02 1.560E+00 4.462E-03 1.058E-03 1.347E+03 8.958E-01 4.433E+01 2.000E+00
1.130E+07 9.703E+02 1.418E+00 4.462E-03 1.117E-03 1.228E+03 8.962E-01 4.434E+01 2.000E+00
8.355E+06 9.872E+02 1.409E+00 4.462E-03 1.225E-03 1.221E+03 8.970E-01 4.434E+01 2.000E+00
1.161E+07 8.927E+02 1.464E+00 4.462E-03 1.423E-03 1.262E+03 8.985E-01 4.434E+01 2.000E+00
6.078E+07 8.997E+02 1.460E+00 4.462E-03 1.786E-03 1.259E+03 9.012E-01 4.435E+01 2.000E+00
2.524E+06 7.279E+02 1.576E+00 4.462E-03 2.451E-03 1.362E+03 9.062E-01 4.437E+01 2.000E+00
4.508E+07 8.967E+02 1.463E+00 4.462E-03 3.669E-03 1.268E+03 9.153E-01 4.439E+01 2.000E+00
9.251E+06 5.490E+02 1.733E+00 4.462E-03 5.903E-03 1.551E+03 9.321E-01 4.445E+01 2.000E+00
4.238E+07 8.625E+02 1.482E+00 5.644E-03 9.876E-04 1.277E+03 8.982E-01 4.433E+01 2.000E+00
5.401E+07 8.625E+02 1.482E+00 5.644E-03 9.877E-04 1.277E+03 8.982E-01 4.433E+01 2.000E+00
1.093E+08 8.625E+02 1.482E+00 5.644E-03 9.877E-04 1.277E+03 8.982E-01 4.433E+01 2.000E+00
1.288E+07 8.425E+02 1.495E+00 5.644E-03 9.879E-04 1.288E+03 8.982E-01 4.433E+01 2.000E+00
2.365E+07 8.425E+02 1.495E+00 5.644E-03 9.881E-04 1.288E+03 8.982E-01 4.433E+01 2.000E+00
3.051E+06 9.237E+02 1.445E+00 5.644E-03 9.886E-04 1.248E+03 8.982E-01 4.433E+01 2.000E+00
3.496E+06 9.237E+02 1.445E+00 5.644E-03 9.894E-04 1.248E+03 8.982E-01 4.433E+01 2.000E+00
1.185E+07 4.866E+02 1.787E+00 5.644E-03 9.910E-04 1.672E+03 8.982E-01 4.433E+01 2.000E+00
2.798E+07 9.237E+02 1.445E+00 5.644E-03 9.938E-04 1.248E+03 8.982E-01 4.433E+01 2.000E+00
2.672E+06 9.484E+02 1.430E+00 5.644E-03 9.991E-04 1.238E+03 8.983E-01 4.433E+01 2.000E+00
3.009E+07 9.484E+02 1.431E+00 5.644E-03 1.009E-03 1.238E+03 8.983E-01 4.433E+01 2.000E+00
3.238E+07 7.586E+02 1.552E+00 5.644E-03 1.026E-03 1.340E+03 8.985E-01 4.433E+01 2.000E+00
1.727E+07 6.477E+02 1.638E+00 5.644E-03 1.058E-03 1.461E+03 8.987E-01 4.433E+01 2.000E+00
4.656E+07 3.650E+02 1.924E+00 5.644E-03 1.117E-03 2.074E+03 8.992E-01 4.434E+01 2.000E+00
5.132E+06 2.870E+02 2.018E+00 5.644E-03 1.225E-03 2.731E+03 9.000E-01 4.434E+01 2.000E+00
6.342E+06 9.652E+02 1.421E+00 5.644E-03 1.423E-03 1.230E+03 9.015E-01 4.434E+01 2.000E+00
1.481E+07 2.805E+02 2.028E+00 5.644E-03 1.786E-03 2.812E+03 9.042E-01 4.435E+01 2.000E+00
6.485E+06 3.754E+02 1.915E+00 5.644E-03 2.451E-03 2.013E+03 9.092E-01 4.437E+01 2.000E+00
1.044E+07 7.125E+02 1.589E+00 5.644E-03 3.669E-03 1.375E+03 9.183E-01 4.439E+01 2.000E+00
2.289E+07 6.015E+02 1.684E+00 5.644E-03 5.903E-03 1.483E+03 9.350E-01 4.445E+01 2.000E+00
2.531E+06 9.484E+02 1.430E+00 7.139E-03 9.876E-04 1.237E+03 9.019E-01 4.433E+01 2.000E+00
2.539E+06 9.484E+02 1.430E+00 7.139E-03 9.877E-04 1.239E+03 9.019E-01 4.433E+01 2.000E+00
2.553E+06 9.484E+02 1.430E+00 7.139E-03 9.877E-04 1.238E+03 9.019E-01 4.433E+01 2.000E+00
3.284E+06 4.080E+02 1.873E+00 7.139E-03 9.879E-04 1.890E+03 9.019E-01 4.433E+01 2.000E+00
7.661E+06 4.080E+02 1.873E+00 7.139E-03 9.881E-04 1.891E+03 9.019E-01 4.433E+01 2.000E+00
2.729E+06 9.484E+02 1.430E+00 7.139E-03 9.886E-04 1.237E+03 9.019E-01 4.433E+01 2.000E+00
2.936E+06 9.484E+02 1.430E+00 7.139E-03 9.894E-04 1.237E+03 9.019E-01 4.433E+01 2.000E+00
7.458E+06 3.774E+02 1.909E+00 7.139E-03 9.910E-04 2.015E+03 9.019E-01 4.433E+01 2.000E+00
5.192E+06 9.484E+02 1.430E+00 7.139E-03 9.938E-04 1.238E+03 9.020E-01 4.433E+01 2.000E+00
2.768E+07 2.700E+02 2.037E+00 7.139E-03 9.991E-04 3.021E+03 9.020E-01 4.433E+01 2.000E+00
2.962E+06 8.315E+02 1.502E+00 7.139E-03 1.009E-03 1.299E+03 9.021E-01 4.433E+01 2.000E+00
1.277E+07 7.686E+02 1.545E+00 7.139E-03 1.026E-03 1.333E+03 9.022E-01 4.433E+01 2.000E+00
7.387E+06 4.205E+02 1.859E+00 7.139E-03 1.058E-03 1.847E+03 9.025E-01 4.433E+01 2.000E+00
8.322E+06 5.618E+02 1.714E+00 7.139E-03 1.117E-03 1.539E+03 9.029E-01 4.434E+01 2.000E+00
1.930E+07 9.835E+02 1.411E+00 7.139E-03 1.225E-03 1.224E+03 9.037E-01 4.434E+01 2.000E+00
9.577E+06 8.775E+02 1.473E+00 7.139E-03 1.423E-03 1.271E+03 9.052E-01 4.434E+01 2.000E+00
8.397E+06 3.884E+02 1.898E+00 7.139E-03 1.786E-03 1.962E+03 9.079E-01 4.435E+01 2.000E+00
2.203E+06 7.215E+02 1.581E+00 7.139E-03 2.451E-03 1.369E+03 9.129E-01 4.437E+01 2.000E+00
9.026E+06 9.025E+02 1.460E+00 7.139E-03 3.669E-03 1.260E+03 9.220E-01 4.439E+01 2.000E+00
4.333E+06 6.000E+02 1.686E+00 7.139E-03 5.903E-03 1.484E+03 9.379E-01 4.445E+01 2.000E+00
2.835E+07 3.772E+02 1.909E+00 9.029E-03 9.876E-04 2.017E+03 9.066E-01 4.433E+01 2.000E+00
2.501E+08 3.772E+02 1.909E+00 9.029E-03 9.877E-04 2.016E+03 9.066E-01 4.433E+01 2.000E+00
3.804E+07 5.888E+02 1.689E+00 9.029E-03 9.877E-04 1.503E+03 9.066E-01 4.433E+01 2.000E+00
4.698E+06 5.900E+02 1.687E+00 9.029E-03 9.879E-04 1.501E+03 9.067E-01 4.433E+01 2.000E+00
9.825E+06 5.900E+02 1.687E+00 9.029E-03 9.881E-04 1.501E+03 9.067E-01 4.433E+01 2.000E+00
4.228E+06 9.248E+02 1.444E+00 9.029E-03 9.886E-04 1.249E+03 9.067E-01 4.433E+01 2.000E+00
5.226E+06 9.248E+02 1.444E+00 9.029E-03 9.894E-04 1.250E+03 9.067E-01 4.433E+01 2.000E+00
9.715E+06 9.248E+02 1.444E+00 9.029E-03 9.910E-04 1.248E+03 9.067E-01 4.433E+01 2.000E+00
6.352E+08 4.676E+02 1.807E+00 9.029E-03 9.938E-04 1.718E+03 9.067E-01 4.433E+01 2.000E+00
6.255E+06 7.583E+02 1.552E+00 9.029E-03 9.991E-04 1.341E+03 9.067E-01 4.433E+01 2.000E+00
1.267E+07 7.244E+02 1.577E+00 9.029E-03 1.009E-03 1.366E+03 9.068E-01 4.433E+01 2.000E+00
1.245E+07 5.619E+02 1.713E+00 9.029E-03 1.026E-03 1.540E+03 9.069E-01 4.433E+01 2.000E+00
2.155E+07 7.846E+02 1.534E+00 9.029E-03 1.058E-03 1.323E+03 9.072E-01 4.433E+01 2.000E+00
1.347E+06 4.204E+02 1.859E+00 9.029E-03 1.117E-03 1.847E+03 9.076E-01 4.434E+01 2.000E+00
4.506E+06 8.205E+02 1.509E+00 9.029E-03 1.225E-03 1.301E+03 9.084E-01 4.434E+01 2.000E+00
9.882E+07 8.279E+02 1.505E+00 9.029E-03 1.423E-03 1.297E+03 9.099E-01 4.434E+01 2.000E+00
1.629E+07 8.759E+02 1.474E+00 9.029E-03 1.786E-03 1.272E+03 9.126E-01 4.435E+01 2.000E+00
2.902E+06 8.134E+02 1.515E+00 9.029E-03 2.451E-03 1.306E+03 9.176E-01 4.437E+01 2.000E+00
4.494E+06 7.941E+02 1.530E+00 9.029E-03 3.669E-03 1.319E+03 9.268E-01 4.439E+01 2.000E+00
9.377E+06 5.120E+02 1.770E+00 9.029E-03 5.903E-03 1.613E+03 9.413E-01 4.445E+01 2.000E+00
8.782E+06 8.536E+02 1.488E+00 1.142E-02 9.876E-04 1.283E+03 9.126E-01 4.433E+01 2.000E+00
9.190E+06 8.536E+02 1.488E+00 1.142E-02 9.877E-04 1.283E+03 9.126E-01 4.433E+01 2.000E+00
1.005E+07 8.536E+02 1.488E+00 1.142E-02 9.877E-04 1.283E+03 9.126E-01 4.433E+01 2.000E+00
1.217E+07 8.536E+02 1.488E+00 1.142E-02 9.879E-04 1.283E+03 9.126E-01 4.433E+01 2.000E+00
2.008E+07 8.536E+02 1.488E+00 1.142E-02 9.881E-04 1.283E+03 9.126E-01 4.433E+01 2.000E+00
9.207E+06 7.331E+02 1.570E+00 1.142E-02 9.886E-04 1.361E+03 9.126E-01 4.433E+01 2.000E+00
6.109E+06 7.270E+02 1.575E+00 1.142E-02 9.894E-04 1.365E+03 9.126E-01 4.433E+01 2.000E+00
6.488E+07 7.244E+02 1.577E+00 1.142E-02 9.910E-04 1.367E+03 9.127E-01 4.433E+01 2.000E+00
4.736E+06 7.686E+02 1.545E+00 1.142E-02 9.938E-04 1.335E+03 9.127E-01 4.433E+01 2.000E+00
7.793E+06 7.610E+02 1.550E+00 1.142E-02 9.991E-04 1.340E+03 9.127E-01 4.433E+01 2.000E+00
4.042E+06 4.142E+02 1.866E+00 1.142E-02 1.009E-03 1.870E+03 9.128E-01 4.433E+01 2.000E+00
1.758E+07 5.291E+02 1.745E+00 1.142E-02 1.026E-03 1.592E+03 9.129E-01 4.433E+01 2.000E+00
3.626E+06 9.703E+02 1.418E+00 1.142E-02 1.058E-03 1.230E+03 9.132E-01 4.433E+01 2.000E+00
4.863E+06 6.411E+02 1.643E+00 1.142E-02 1.117E-03 1.442E+03 9.136E-01 4.434E+01 2.000E+00
5.307E+06 9.785E+02 1.414E+00 1.142E-02 1.225E-03 1.227E+03 9.144E-01 4.434E+01 2.000E+00
4.842E+06 5.957E+02 1.683E+00 1.142E-02 1.423E-03 1.494E+03 9.159E-01 4.434E+01 2.000E+00
9.832E+06 3.344E+02 1.962E+00 1.142E-02 1.786E-03 2.261E+03 9.186E-01 4.435E+01 2.000E+00
6.751E+06 2.685E+02 2.045E+00 1.142E-02 2.451E-03 3.121E+03 9.236E-01 4.437E+01 2.000E+00
3.525E+06 4.626E+02 1.818E+00 1.142E-02 3.669E-03 1.720E+03 9.327E-01 4.439E+01 2.000E+00
3.731E+06 8.281E+02 1.509E+00 1.142E-02 5.903E-03 1.307E+03 9.455E-01 4.445E+01 2.000E+00
1.822E+08 7.025E+02 1.594E+00 1.445E-02 9.876E-04 1.386E+03 9.202E-01 4.433E+01 2.000E+00
7.631E+06 7.101E+02 1.588E+00 1.445E-02 9.877E-04 1.379E+03 9.202E-01 4.433E+01 2.000E+00
9.101E+06 7.101E+02 1.588E+00 1.445E-02 9.877E-04 1.379E+03 9.202E-01 4.433E+01 2.000E+00
1.422E+07 7.101E+02 1.588E+00 1.445E-02 9.879E-04 1.413E+03 9.202E-01 4.433E+01 2.000E+00
1.014E+07 7.011E+02 1.595E+00 1.445E-02 9.881E-04 1.387E+03 9.202E-01 4.433E+01 2.000E+00
2.141E+10 7.934E+02 1.527E+00 1.445E-02 9.886E-04 1.320E+03 9.202E-01 4.433E+01 2.000E+00
5.283E+06 3.353E+02 1.959E+00 1.445E-02 9.894E-04 2.257E+03 9.202E-01 4.433E+01 2.000E+00
9.046E+06 6.566E+02 1.630E+00 1.445E-02 9.910E-04 1.427E+03 9.202E-01 4.433E+01 2.000E+00
3.611E+06 4.840E+02 1.790E+00 1.445E-02 9.938E-04 1.680E+03 9.202E-01 4.433E+01 2.000E+00
1.391E+07 8.077E+02 1.518E+00 1.445E-02 9.991E-04 1.311E+03 9.203E-01 4.433E+01 2.000E+00
1.209E+07 4.538E+02 1.822E+00 1.445E-02 1.009E-03 1.753E+03 9.204E-01 4.433E+01 2.000E+00
9.765E+06 5.664E+02 1.709E+00 1.445E-02 1.026E-03 1.535E+03 9.205E-01 4.433E+01 2.000E+00
2.134E+07 9.610E+02 1.423E+00 1.445E-02 1.058E-03 1.235E+03 9.207E-01 4.433E+01 2.000E+00
4.785E+07 9.876E+02 1.409E+00 1.445E-02 1.117E-03 1.224E+03 9.212E-01 4.434E+01 2.000E+00
4.208E+06 8.423E+02 1.495E+00 1.445E-02 1.225E-03 1.291E+03 9.220E-01 4.434E+01 2.000E+00
4.589E+07 6.302E+02 1.653E+00 1.445E-02 1.423E-03 1.455E+03 9.235E-01 4.434E+01 2.000E+00
2.586E+07 3.761E+02 1.912E+00 1.445E-02 1.786E-03 2.017E+03 9.262E-01 4.435E+01 2.000E+00
3.773E+06 4.030E+02 1.882E+00 1.445E-02 2.451E-03 1.902E+03 9.312E-01 4.437E+01 2.000E+00
2.657E+06 7.561E+02 1.557E+00 1.445E-02 3.669E-03 1.346E+03 9.403E-01 4.439E+01 2.000E+00
1.039E+06 2.530E+02 2.078E+00 1.445E-02 5.903E-03 3.187E+03 9.509E-01 4.445E+01 2.000E+00
4.374E+07 3.880E+02 1.896E+00 1.827E-02 9.876E-04 1.971E+03 9.297E-01 4.433E+01 2.000E+00
3.020E+06 3.893E+02 1.895E+00 1.827E-02 9.877E-04 1.965E+03 9.297E-01 4.433E+01 2.000E+00
3.580E+06 3.893E+02 1.895E+00 1.827E-02 9.877E-04 1.970E+03 9.297E-01 4.433E+01 2.000E+00
5.490E+06 3.893E+02 1.895E+00 1.827E-02 9.879E-04 1.965E+03 9.297E-01 4.433E+01 2.000E+00
5.599E+06 7.707E+02 1.543E+00 1.827E-02 9.881E-04 1.337E+03 9.298E-01 4.433E+01 2.000E+00
1.213E+07 7.707E+02 1.543E+00 1.827E-02 9.886E-04 1.335E+03 9.298E-01 4.433E+01 2.000E+00
9.500E+06 7.978E+02 1.524E+00 1.827E-02 9.894E-04 1.318E+03 9.298E-01 4.433E+01 2.000E+00
4.867E+06 6.089E+02 1.671E+00 1.827E-02 9.910E-04 1.480E+03 9.298E-01 4.433E+01 2.000E+00
6.779E+06 4.397E+02 1.838E+00 1.827E-02 9.938E-04 1.791E+03 9.298E-01 4.433E+01 2.000E+00
2.078E+06 5.742E+02 1.702E+00 1.827E-02 9.991E-04 1.539E+03 9.298E-01 4.433E+01 2.000E+00
8.244E+06 9.664E+02 1.420E+00 1.827E-02 1.009E-03 1.234E+03 9.299E-01 4.433E+01 2.000E+00
8.271E+07 9.518E+02 1.429E+00 1.827E-02 1.026E-03 1.240E+03 9.300E-01 4.433E+01 2.000E+00
3.166E+07 2.998E+02 2.002E+00 1.827E-02 1.058E-03 2.574E+03 9.303E-01 4.433E+01 2.000E+00
1.274E+07 9.738E+02 1.416E+00 1.827E-02 1.117E-03 1.231E+03 9.307E-01 4.434E+01 2.000E+00
2.862E+07 5.503E+02 1.725E+00 1.827E-02 1.225E-03 1.559E+03 9.315E-01 4.434E+01 2.000E+00
2.691E+07 4.928E+02 1.782E+00 1.827E-02 1.423E-03 1.661E+03 9.330E-01 4.434E+01 2.000E+00
1.680E+07 7.482E+02 1.560E+00 1.827E-02 1.786E-03 1.351E+03 9.357E-01 4.435E+01 2.000E+00
1.041E+07 8.954E+02 1.463E+00 1.827E-02 2.451E-03 1.267E+03 9.407E-01 4.437E+01 2.000E+00
8.062E+07 6.113E+02 1.672E+00 1.827E-02 3.669E-03 1.476E+03 9.498E-01 4.439E+01 2.000E+00
1.698E+06 4.209E+02 1.870E+00 1.827E-02 5.903E-03 1.826E+03 9.577E-01 4.445E+01 2.000E+00
6.412E+06 9.518E+02 1.429E+00 2.311E-02 9.876E-04 1.244E+03 9.418E-01 4.433E+01 2.000E+00
6.472E+06 9.518E+02 1.429E+00 2.311E-02 9.877E-04 1.241E+03 9.418E-01 4.433E+01 2.000E+00
6.584E+06 9.518E+02 1.429E+00 2.311E-02 9.877E-04 1.272E+03 9.418E-01 4.433E+01 2.000E+00
6.802E+06 9.518E+02 1.429E+00 2.311E-02 9.879E-04 1.241E+03 9.418E-01 4.433E+01 2.000E+00
7.244E+06 9.518E+02 1.429E+00 2.311E-02 9.881E-04 1.242E+03 9.418E-01 4.433E+01 2.000E+00
1.431E+08 3.954E+02 1.888E+00 2.311E-02 9.886E-04 1.942E+03 9.419E-01 4.433E+01 2.000E+00
1.391E+07 6.153E+02 1.665E+00 2.311E-02 9.894E-04 1.474E+03 9.419E-01 4.433E+01 2.000E+00
3.328E+07 9.518E+02 1.429E+00 2.311E-02 9.910E-04 1.243E+03 9.419E-01 4.433E+01 2.000E+00
8.428E+06 9.610E+02 1.423E+00 2.311E-02 9.938E-04 1.239E+03 9.419E-01 4.433E+01 2.000E+00
1.363E+07 8.099E+02 1.516E+00 2.311E-02 9.991E-04 1.312E+03 9.419E-01 4.433E+01 2.000E+00
2.188E+08 5.290E+02 1.745E+00 2.311E-02 1.009E-03 1.598E+03 9.420E-01 4.433E+01 2.000E+00
6.491E+06 6.375E+02 1.646E+00 2.311E-02 1.026E-03 1.449E+03 9.421E-01 4.433E+01 2.000E+00
1.731E+07 7.388E+02 1.566E+00 2.311E-02 1.058E-03 1.359E+03 9.424E-01 4.433E+01 2.000E+00
4.598E+06 6.832E+02 1.609E+00 2.311E-02 1.117E-03 1.405E+03 9.428E-01 4.434E+01 2.000E+00
6.852E+07 8.744E+02 1.475E+00 2.311E-02 1.225E-03 1.277E+03 9.436E-01 4.434E+01 2.000E+00
2.220E+07 5.140E+02 1.760E+00 2.311E-02 1.423E-03 1.623E+03 9.451E-01 4.434E+01 2.000E+00
8.021E+06 3.580E+02 1.934E+00 2.311E-02 1.786E-03 2.111E+03 9.478E-01 4.435E+01 2.000E+00
1.548E+07 9.465E+02 1.433E+00 2.311E-02 2.451E-03 1.246E+03 9.528E-01 4.437E+01 2.000E+00
6.050E+06 9.179E+02 1.450E+00 2.311E-02 3.669E-03 1.260E+03 9.584E-01 4.439E+01 2.000E+00
3.307E+06 4.596E+02 1.826E+00 2.311E-02 5.903E-03 1.724E+03 9.664E-01 4.445E+01 2.000E+00
2.928E+07 6.140E+02 1.666E+00 2.923E-02 9.876E-04 1.478E+03 9.571E-01 4.433E+01 2.000E+00
6.081E+07 6.140E+02 1.666E+00 2.923E-02 9.877E-04 1.478E+03 9.571E-01 4.433E+01 2.000E+00
5.303E+06 4.461E+02 1.831E+00 2.923E-02 9.877E-04 1.776E+03 9.571E-01 4.433E+01 2.000E+00
1.023E+07 4.461E+02 1.831E+00 2.923E-02 9.879E-04 1.780E+03 9.571E-01 4.433E+01 2.000E+00
1.211E+08 5.874E+02 1.690E+00 2.923E-02 9.881E-04 1.510E+03 9.571E-01 4.433E+01 2.000E+00
4.766E+06 8.525E+02 1.488E+00 2.923E-02 9.886E-04 1.290E+03 9.572E-01 4.433E+01 2.000E+00
9.219E+06 8.525E+02 1.488E+00 2.923E-02 9.894E-04 1.290E+03 9.572E-01 4.433E+01 2.000E+00
5.969E+06 5.217E+02 1.752E+00 2.923E-02 9.910E-04 1.610E+03 9.572E-01 4.433E+01 2.000E+00
4.561E+06 5.530E+02 1.722E+00 2.923E-02 9.938E-04 1.559E+03 9.572E-01 4.433E+01 2.000E+00
1.135E+07 7.889E+02 1.531E+00 2.923E-02 9.991E-04 1.327E+03 9.572E-01 4.433E+01 2.000E+00
6.089E+06 2.648E+02 2.044E+00 2.923E-02 1.009E-03 3.130E+03 9.573E-01 4.433E+01 2.000E+00
6.698E+06 9.664E+02 1.420E+00 2.923E-02 1.026E-03 1.238E+03 9.574E-01 4.433E+01 2.000E+00
3.100E+06 5.362E+02 1.738E+00 2.923E-02 1.058E-03 1.607E+03 9.577E-01 4.434E+01 2.000E+00
8.636E+06 6.656E+02 1.623E+00 2.923E-02 1.117E-03 1.423E+03 9.581E-01 4.434E+01 2.000E+00
6.146E+06 3.044E+02 1.997E+00 2.923E-02 1.225E-03 2.524E+03 9.589E-01 4.434E+01 2.000E+00
9.103E+06 6.698E+02 1.620E+00 2.923E-02 1.423E-03 1.437E+03 9.604E-01 4.434E+01 2.000E+00
1.424E+07 5.577E+02 1.719E+00 2.923E-02 1.786E-03 1.551E+03 9.626E-01 4.435E+01 2.000E+00
2.135E+07 6.630E+02 1.627E+00 2.923E-02 2.451E-03 1.426E+03 9.650E-01 4.437E+01 2.000E+00
4.693E+06 7.621E+02 1.552E+00 2.923E-02 3.669E-03 1.346E+03 9.693E-01 4.440E+01 2.000E+00
4.102E+06 9.989E+02 1.406E+00 2.923E-02 5.903E-03 1.232E+03 9.773E-01 4.445E+01 2.000E+00
1.822E+07 6.462E+02 1.639E+00 3.697E-02 9.876E-04 1.445E+03 9.735E-01 4.433E+01 2.000E+00
2.546E+07 6.462E+02 1.639E+00 3.697E-02 9.877E-04 1.445E+03 9.735E-01 4.433E+01 2.000E+00
9.683E+07 6.462E+02 1.639E+00 3.697E-02 9.877E-04 1.445E+03 9.735E-01 4.433E+01 2.000E+00
3.322E+07 6.522E+02 1.634E+00 3.697E-02 9.879E-04 1.438E+03 9.735E-01 4.433E+01 2.000E+00
3.453E+06 6.107E+02 1.669E+00 3.697E-02 9.881E-04 1.484E+03 9.735E-01 4.433E+01 2.000E+00
5.898E+06 4.592E+02 1.816E+00 3.697E-02 9.886E-04 1.745E+03 9.735E-01 4.433E+01 2.000E+00
2.106E+07 4.395E+02 1.838E+00 3.697E-02 9.894E-04 1.797E+03 9.735E-01 4.433E+01 2.000E+00
1.018E+07 5.752E+02 1.701E+00 3.697E-02 9.910E-04 1.529E+03 9.736E-01 4.433E+01 2.000E+00
2.417E+07 7.370E+02 1.568E+00 3.697E-02 9.938E-04 1.365E+03 9.736E-01 4.433E+01 2.000E+00
1.209E+08 4.460E+02 1.831E+00 3.697E-02 9.991E-04 1.779E+03 9.736E-01 4.433E+01 2.000E+00
2.332E+07 5.740E+02 1.702E+00 3.697E-02 1.009E-03 1.531E+03 9.736E-01 4.433E+01 2.000E+00
5.333E+06 8.098E+02 1.516E+00 3.697E-02 1.026E-03 1.317E+03 9.737E-01 4.433E+01 2.000E+00
2.242E+07 9.236E+02 1.445E+00 3.697E-02 1.058E-03 1.258E+03 9.738E-01 4.434E+01 2.000E+00
2.835E+06 2.635E+02 2.046E+00 3.697E-02 1.117E-03 3.154E+03 9.740E-01 4.434E+01 2.000E+00
1.301E+07 6.109E+02 1.669E+00 3.697E-02 1.225E-03 1.486E+03 9.744E-01 4.434E+01 2.000E+00
1.993E+07 9.836E+02 1.411E+00 3.697E-02 1.423E-03 1.240E+03 9.751E-01 4.434E+01 2.000E+00
8.676E+06 9.620E+02 1.423E+00 3.697E-02 1.786E-03 1.243E+03 9.764E-01 4.435E+01 2.000E+00
1.226E+08 6.632E+02 1.627E+00 3.697E-02 2.451E-03 1.428E+03 9.788E-01 4.437E+01 2.000E+00
5.780E+06 8.450E+02 1.496E+00 3.697E-02 3.669E-03 1.302E+03 9.831E-01 4.440E+01 2.000E+00
1.857E+08 9.601E+02 1.428E+00 3.697E-02 5.903E-03 1.251E+03 9.890E-01 4.445E+01 2.000E+00
1.925E+07 9.236E+02 1.445E+00 4.677E-02 9.876E-04 1.262E+03 9.910E-01 4.433E+01 2.000E+00
2.026E+07 9.236E+02 1.445E+00 4.677E-02 9.877E-04 1.262E+03 9.910E-01 4.433E+01 2.000E+00
2.243E+07 9.236E+02 1.445E+00 4.677E-02 9.877E-04 1.262E+03 9.910E-01 4.433E+01 2.000E+00
2.795E+07 9.236E+02 1.445E+00 4.677E-02 9.879E-04 1.262E+03 9.910E-01 4.433E+01 2.000E+00
5.144E+07 9.236E+02 1.445E+00 4.677E-02 9.881E-04 1.262E+03 9.910E-01 4.433E+01 2.000E+00
9.851E+06 4.793E+02 1.795E+00 4.677E-02 9.886E-04 1.699E+03 9.910E-01 4.433E+01 2.000E+00
1.536E+08 7.888E+02 1.531E+00 4.677E-02 9.894E-04 1.334E+03 9.910E-01 4.433E+01 2.000E+00
1.252E+08 8.423E+02 1.495E+00 4.677E-02 9.910E-04 1.302E+03 9.910E-01 4.433E+01 2.000E+00
3.336E+06 3.477E+02 1.944E+00 4.677E-02 9.938E-04 2.182E+03 9.910E-01 4.433E+01 2.000E+00
4.485E+06 8.433E+02 1.494E+00 4.677E-02 9.991E-04 1.301E+03 9.910E-01 4.433E+01 2.000E+00
1.135E+07 5.896E+02 1.688E+00 4.677E-02 1.009E-03 1.514E+03 9.911E-01 4.433E+01 2.000E+00
3.588E+06 6.736E+02 1.617E+00 4.677E-02 1.026E-03 1.421E+03 9.911E-01 4.433E+01 2.000E+00
4.072E+06 4.393E+02 1.838E+00 4.677E-02 1.058E-03 1.800E+03 9.912E-01 4.434E+01 2.000E+00
1.967E+07 8.927E+02 1.463E+00 4.677E-02 1.117E-03 1.276E+03 9.915E-01 4.434E+01 2.000E+00
8.266E+06 9.114E+02 1.452E+00 4.677E-02 1.225E-03 1.268E+03 9.918E-01 4.434E+01 2.000E+00
1.896E+06 8.400E+02 1.497E+00 4.677E-02 1.423E-03 1.303E+03 9.925E-01 4.434E+01 2.000E+00
4.599E+06 8.906E+02 1.465E+00 4.677E-02 1.786E-03 1.278E+03 9.938E-01 4.435E+01 2.000E+00
1.969E+07 8.754E+02 1.475E+00 4.677E-02 2.451E-03 1.286E+03 9.950E-01 4.437E+01 2.000E+00
1.205E+07 9.351E+02 1.440E+00 4.677E-02 3.669E-03 1.261E+03 9.962E-01 4.440E+01 2.000E+00
2.884E+06 8.912E+02 1.468E+00 4.677E-02 5.903E-03 1.284E+03 9.983E-01 4.445E+01 2.000E+00
5.072E+06 8.191E+02 1.510E+00 5.915E-02 9.876E-04 1.319E+03 1.000E+00 4.433E+01 0.000E+00
5.232E+06 8.191E+02 1.510E+00 5.915E-02 9.877E-04 1.319E+03 1.000E+00 4.433E+01 0.000E+00
5.557E+06 8.191E+02 1.510E+00 5.915E-02 9.877E-04 1.319E+03 1.000E+00 4.433E+01 0.000E+00
6.282E+06 8.191E+02 1.510E+00 5.915E-02 9.879E-04 1.319E+03 1.000E+00 4.433E+01 0.000E+00
8.318E+06 8.191E+02 1.510E+00 5.915E-02 9.881E-04 1.319E+03 1.000E+00 4.433E+01 0.000E+00
5.507E+06 5.828E+02 1.694E+00 5.915E-02 9.886E-04 1.525E+03 1.000E+00 4.433E+01 0.000E+00
4.442E+06 4.137E+02 1.867E+00 5.915E-02 9.894E-04 1.884E+03 1.000E+00 4.433E+01 0.000E+00
1.664E+07 5.895E+02 1.688E+00 5.915E-02 9.910E-04 1.517E+03 1.000E+00 4.433E+01 0.000E+00
2.812E+07 8.097E+02 1.516E+00 5.915E-02 9.938E-04 1.324E+03 1.000E+00 4.433E+01 0.000E+00
8.777E+07 9.366E+02 1.437E+00 5.915E-02 9.991E-04 1.261E+03 1.000E+00 4.433E+01 0.000E+00
5.665E+06 4.023E+02 1.880E+00 5.915E-02 1.009E-03 1.924E+03 1.000E+00 4.433E+01 0.000E+00
2.272E+06 3.179E+02 1.981E+00 5.915E-02 1.026E-03 2.402E+03 1.000E+00 4.434E+01 0.000E+00
4.707E+06 8.530E+02 1.488E+00 5.915E-02 1.058E-03 1.300E+03 1.000E+00 4.434E+01 0.000E+00
6.066E+06 6.550E+02 1.632E+00 5.915E-02 1.117E-03 1.443E+03 1.000E+00 4.434E+01 0.000E+00
4.956E+06 6.913E+02 1.603E+00 5.915E-02 1.225E-03 1.409E+03 1.000E+00 4.434E+01 0.000E+00
2.977E+06 5.611E+02 1.715E+00 5.915E-02 1.423E-03 1.555E+03 1.000E+00 4.434E+01 0.000E+00
6.529E+06 4.382E+02 1.841E+00 5.915E-02 1.786E-03 1.804E+03 1.000E+00 4.435E+01 0.000E+00
1.637E+07 9.681E+02 1.421E+00 5.915E-02 2.451E-03 1.251E+03 1.000E+00 4.437E+01 0.000E+00
3.911E+06 7.954E+02 1.529E+00 5.915E-02 3.669E-03 1.339E+03 1.000E+00 4.440E+01 0.000E+00
8.773E+06 4.967E+02 1.786E+00 5.915E-02 5.903E-03 1.658E+03 1.000E+00 4.445E+01 0.000E+00
4.778E+06 4.722E+02 1.803E+00 7.482E-02 9.876E-04 1.724E+03 1.000E+00 4.433E+01 0.000E+00
5.424E+06 4.722E+02 1.803E+00 7.482E-02 9.877E-04 1.723E+03 1.000E+00 4.433E+01 0.000E+00
7.245E+06 4.722E+02 1.803E+00 7.482E-02 9.877E-04 1.724E+03 1.000E+00 4.433E+01 0.000E+00
1.958E+07 4.722E+02 1.803E+00 7.482E-02 9.879E-04 1.723E+03 1.000E+00 4.433E+01 0.000E+00
2.570E+06 6.027E+02 1.676E+00 7.482E-02 9.881E-04 1.505E+03 1.000E+00 4.433E+01 0.000E+00
4.699E+06 6.027E+02 1.676E+00 7.482E-02 9.886E-04 1.505E+03 1.000E+00 4.433E+01 0.000E+00
5.481E+07 3.170E+02 1.982E+00 7.482E-02 9.894E-04 2.413E+03 1.000E+00 4.433E+01 0.000E+00
1.631E+09 7.051E+02 1.592E+00 7.482E-02 9.910E-04 1.403E+03 1.000E+00 4.433E+01 0.000E+00
5.515E+06 7.082E+02 1.589E+00 7.482E-02 9.938E-04 1.401E+03 1.000E+00 4.433E+01 0.000E+00
1.837E+06 5.358E+02 1.738E+00 7.482E-02 9.991E-04 1.599E+03 1.000E+00 4.433E+01 0.000E+00
1.210E+08 8.096E+02 1.517E+00 7.482E-02 1.009E-03 1.330E+03 1.000E+00 4.434E+01 0.000E+00
8.512E+06 5.893E+02 1.688E+00 7.482E-02 1.026E-03 1.522E+03 1.000E+00 4.434E+01 0.000E+00
1.719E+06 4.789E+02 1.796E+00 7.482E-02 1.058E-03 1.708E+03 1.000E+00 4.434E+01 0.000E+00
9.452E+06 4.926E+02 1.782E+00 7.482E-02 1.117E-03 1.678E+03 1.000E+00 4.434E+01 0.000E+00
1.400E+06 5.355E+02 1.739E+00 7.482E-02 1.225E-03 1.600E+03 1.000E+00 4.434E+01 0.000E+00
3.744E+06 8.200E+02 1.510E+00 7.482E-02 1.423E-03 1.325E+03 1.000E+00 4.434E+01 0.000E+00
5.230E+07 9.111E+02 1.453E+00 7.482E-02 1.786E-03 1.281E+03 1.000E+00 4.435E+01 0.000E+00
8.090E+06 5.617E+02 1.716E+00 7.482E-02 2.451E-03 1.559E+03 1.000E+00 4.437E+01 0.000E+00
2.043E+06 7.091E+02 1.592E+00 7.482E-02 3.669E-03 1.402E+03 1.000E+00 4.440E+01 0.000E+00
1.034E+07 9.344E+02 1.443E+00 7.482E-02 5.903E-03 1.277E+03 1.000E+00 4.445E+01 0.000E+00
4.014E+07 9.099E+02 1.453E+00 9.464E-02 9.876E-04 1.286E+03 1.000E+00 4.434E+01 0.000E+00
4.600E+07 9.099E+02 1.453E+00 9.464E-02 9.877E-04 1.286E+03 1.000E+00 4.434E+01 0.000E+00
6.288E+07 9.099E+02 1.453E+00 9.464E-02 9.877E-04 1.290E+03 1.000E+00 4.434E+01 0.000E+00
1.952E+08 9.099E+02 1.453E+00 9.464E-02 9.879E-04 1.286E+03 1.000E+00 4.434E+01 0.000E+00
2.396E+06 9.220E+02 1.446E+00 9.464E-02 9.881E-04 1.281E+03 1.000E+00 4.434E+01 0.000E+00
5.198E+06 8.248E+02 1.506E+00 9.464E-02 9.886E-04 1.329E+03 1.000E+00 4.434E+01 0.000E+00
1.524E+07 8.248E+02 1.506E+00 9.464E-02 9.894E-04 1.330E+03 1.000E+00 4.434E+01 0.000E+00
7.768E+06 8.163E+02 1.512E+00 9.464E-02 9.910E-04 1.334E+03 1.000E+00 4.434E+01 0.000E+00
7.652E+06 7.885E+02 1.531E+00 9.464E-02 9.938E-04 1.350E+03 1.000E+00 4.434E+01 0.000E+00
7.931E+06 3.631E+02 1.926E+00 9.464E-02 9.991E-04 2.106E+03 1.000E+00 4.434E+01 0.000E+00
1.065E+07 3.211E+02 1.977E+00 9.464E-02 1.009E-03 2.382E+03 1.000E+00 4.434E+01 0.000E+00
7.463E+06 8.697E+02 1.478E+00 9.464E-02 1.026E-03 1.305E+03 1.000E+00 4.434E+01 0.000E+00
1.241E+06 4.259E+02 1.853E+00 9.464E-02 1.058E-03 1.853E+03 1.000E+00 4.434E+01 0.000E+00
1.962E+06 5.281E+02 1.746E+00 9.464E-02 1.117E-03 1.618E+03 1.000E+00 4.434E+01 0.000E+00
4.531E+06 8.932E+02 1.463E+00 9.464E-02 1.225E-03 1.294E+03 1.000E+00 4.434E+01 0.000E+00
1.741E+06 9.079E+02 1.455E+00 9.464E-02 1.423E-03 1.288E+03 1.000E+00 4.434E+01 0.000E+00
3.538E+07 3.856E+02 1.902E+00 9.464E-02 1.786E-03 1.998E+03 1.000E+00 4.435E+01 0.000E+00
3.927E+07 3.152E+02 1.989E+00 9.464E-02 2.451E-03 2.411E+03 1.000E+00 4.437E+01 0.000E+00
8.043E+06 9.350E+02 1.440E+00 9.464E-02 3.669E-03 1.281E+03 1.000E+00 4.440E+01 0.000E+00
5.564E+06 7.637E+02 1.553E+00 9.464E-02 5.903E-03 1.374E+03 1.000E+00 4.445E+01 0.000E+00
8.824E+06 6.364E+02 1.647E+00 1.197E-01 9.876E-04 1.483E+03 1.000E+00 4.434E+01 0.000E+00
1.024E+07 6.364E+02 1.647E+00 1.197E-01 9.877E-04 1.483E+03 1.000E+00 4.434E+01 0.000E+00
1.455E+07 6.364E+02 1.647E+00 1.197E-01 9.877E-04 1.483E+03 1.000E+00 4.434E+01 0.000E+00
6.930E+07 6.364E+02 1.647E+00 1.197E-01 9.879E-04 1.483E+03 1.000E+00 4.434E+01 0.000E+00
4.376E+06 6.382E+02 1.646E+00 1.197E-01 9.881E-04 1.481E+03 1.000E+00 4.434E+01 0.000E+00
4.029E+07 6.509E+02 1.635E+00 1.197E-01 9.886E-04 1.468E+03 1.000E+00 4.434E+01 0.000E+00
2.480E+06 6.554E+02 1.631E+00 1.197E-01 9.894E-04 1.463E+03 1.000E+00 4.434E+01 0.000E+00
6.482E+06 7.361E+02 1.568E+00 1.197E-01 9.910E-04 1.395E+03 1.000E+00 4.434E+01 0.000E+00
4.645E+06 4.785E+02 1.796E+00 1.197E-01 9.938E-04 1.723E+03 1.000E+00 4.434E+01 0.000E+00
3.219E+06 5.578E+02 1.717E+00 1.197E-01 9.991E-04 1.581E+03 1.000E+00 4.434E+01 0.000E+00
2.447E+07 9.376E+02 1.437E+00 1.197E-01 1.009E-03 1.299E+03 1.000E+00 4.434E+01 0.000E+00
4.559E+06 9.482E+02 1.431E+00 1.197E-01 1.026E-03 1.284E+03 1.000E+00 4.434E+01 0.000E+00
5.187E+07 4.385E+02 1.840E+00 1.197E-01 1.058E-03 1.823E+03 1.000E+00 4.434E+01 0.000E+00
1.537E+06 4.648E+02 1.811E+00 1.197E-01 1.117E-03 1.755E+03 1.000E+00 4.434E+01 0.000E+00
7.324E+08 7.076E+02 1.590E+00 1.197E-01 1.225E-03 1.418E+03 1.000E+00 4.434E+01 0.000E+00
1.415E+07 9.462E+02 1.432E+00 1.197E-01 1.423E-03 1.283E+03 1.000E+00 4.435E+01 0.000E+00
3.661E+07 7.442E+02 1.563E+00 1.197E-01 1.786E-03 1.391E+03 1.000E+00 4.435E+01 0.000E+00
1.367E+07 7.565E+02 1.555E+00 1.197E-01 2.451E-03 1.389E+03 1.000E+00 4.437E+01 0.000E+00
5.145E+07 6.611E+02 1.630E+00 1.197E-01 3.669E-03 1.486E+03 1.000E+00 4.440E+01 0.000E+00
5.897E+06 6.766E+02 1.620E+00 1.197E-01 5.903E-03 1.450E+03 1.000E+00 4.445E+01 0.000E+00
1.210E+07 7.093E+02 1.589E+00 1.514E-01 9.876E-04 1.429E+03 1.000E+00 4.434E+01 0.000E+00
1.412E+07 7.093E+02 1.589E+00 1.514E-01 9.877E-04 1.429E+03 1.000E+00 4.434E+01 0.000E+00
2.043E+07 7.093E+02 1.589E+00 1.514E-01 9.877E-04 1.429E+03 1.000E+00 4.434E+01 0.000E+00
1.245E+08 7.093E+02 1.589E+00 1.514E-01 9.879E-04 1.429E+03 1.000E+00 4.434E+01 0.000E+00
1.106E+08 5.060E+02 1.768E+00 1.514E-01 9.881E-04 1.677E+03 1.000E+00 4.434E+01 0.000E+00
5.677E+06 3.912E+02 1.893E+00 1.514E-01 9.886E-04 1.993E+03 1.000E+00 4.434E+01 0.000E+00
4.883E+06 8.222E+02 1.508E+00 1.514E-01 9.894E-04 1.354E+03 1.000E+00 4.434E+01 0.000E+00
8.921E+07 8.351E+02 1.500E+00 1.514E-01 9.910E-04 1.347E+03 1.000E+00 4.434E+01 0.000E+00
1.769E+06 4.190E+02 1.861E+00 1.514E-01 9.938E-04 1.892E+03 1.000E+00 4.434E+01 0.000E+00
2.417E+07 8.199E+02 1.510E+00 1.514E-01 9.991E-04 1.356E+03 1.000E+00 4.434E+01 0.000E+00
1.267E+07 4.697E+02 1.806E+00 1.514E-01 1.009E-03 1.753E+03 1.000E+00 4.434E+01 0.000E+00
3.072E+06 6.814E+02 1.610E+00 1.514E-01 1.026E-03 1.453E+03 1.000E+00 4.434E+01 0.000E+00
9.075E+06 5.873E+02 1.690E+00 1.514E-01 1.058E-03 1.551E+03 1.000E+00 4.434E+01 0.000E+00
2.294E+07 6.045E+02 1.675E+00 1.514E-01 1.117E-03 1.530E+03 1.000E+00 4.434E+01 0.000E+00
1.442E+08 9.481E+02 1.431E+00 1.514E-01 1.225E-03 1.297E+03 1.000E+00 4.434E+01 0.000E+00
3.129E+06 5.271E+02 1.748E+00 1.514E-01 1.423E-03 1.640E+03 1.000E+00 4.435E+01 0.000E+00
7.497E+06 9.681E+02 1.420E+00 1.514E-01 1.786E-03 1.291E+03 1.000E+00 4.435E+01 0.000E+00
1.977E+08 4.516E+02 1.828E+00 1.514E-01 2.451E-03 1.795E+03 1.000E+00 4.437E+01 0.000E+00
3.504E+06 5.773E+02 1.703E+00 1.514E-01 3.669E-03 1.566E+03 1.000E+00 4.440E+01 0.000E+00
1.215E+07 9.731E+02 1.420E+00 1.514E-01 5.903E-03 1.304E+03 1.000E+00 4.445E+01 0.000E+00
7.336E+06 6.646E+02 1.624E+00 1.915E-01 9.876E-04 1.484E+03 1.000E+00 4.434E+01 0.000E+00
8.162E+06 6.646E+02 1.624E+00 1.915E-01 9.877E-04 1.484E+03 1.000E+00 4.434E+01 0.000E+00
1.031E+07 6.646E+02 1.624E+00 1.915E-01 9.877E-04 1.484E+03 1.000E+00 4.434E+01 0.000E+00
2.036E+07 6.646E+02 1.624E+00 1.915E-01 9.879E-04 1.484E+03 1.000E+00 4.434E+01 0.000E+00
3.266E+06 6.724E+02 1.618E+00 1.915E-01 9.881E-04 1.477E+03 1.000E+00 4.434E+01 0.000E+00
6.081E+06 6.724E+02 1.618E+00 1.915E-01 9.886E-04 1.478E+03 1.000E+00 4.434E+01 0.000E+00
1.091E+07 6.590E+02 1.629E+00 1.915E-01 9.894E-04 1.489E+03 1.000E+00 4.434E+01 0.000E+00
2.278E+08 8.443E+02 1.494E+00 1.915E-01 9.910E-04 1.362E+03 1.000E+00 4.434E+01 0.000E+00
1.031E+08 4.461E+02 1.831E+00 1.915E-01 9.938E-04 1.826E+03 1.000E+00 4.434E+01 0.000E+00
2.236E+06 7.338E+02 1.570E+00 1.915E-01 9.991E-04 1.428E+03 1.000E+00 4.434E+01 0.000E+00
4.829E+06 8.919E+02 1.464E+00 1.915E-01 1.009E-03 1.342E+03 1.000E+00 4.434E+01 0.000E+00
1.087E+08 7.468E+02 1.561E+00 1.915E-01 1.026E-03 1.419E+03 1.000E+00 4.434E+01 0.000E+00
1.142E+08 8.249E+02 1.506E+00 1.915E-01 1.058E-03 1.374E+03 1.000E+00 4.434E+01 0.000E+00
4.177E+06 3.994E+02 1.884E+00 1.915E-01 1.117E-03 1.992E+03 1.000E+00 4.434E+01 0.000E+00
3.624E+06 3.332E+02 1.964E+00 1.915E-01 1.225E-03 2.316E+03 1.000E+00 4.434E+01 0.000E+00
5.389E+06 9.068E+02 1.455E+00 1.915E-01 1.423E-03 1.335E+03 1.000E+00 4.435E+01 0.000E+00
6.632E+06 2.974E+02 2.010E+00 1.915E-01 1.786E-03 2.616E+03 1.000E+00 4.436E+01 0.000E+00
6.868E+06 3.201E+02 1.984E+00 1.915E-01 2.451E-03 2.394E+03 1.000E+00 4.437E+01 0.000E+00
1.395E+07 7.416E+02 1.567E+00 1.915E-01 3.669E-03 1.431E+03 1.000E+00 4.440E+01 0.000E+00
3.725E+06 9.599E+02 1.428E+00 1.915E-01 5.903E-03 1.335E+03 1.000E+00 4.445E+01 0.000E+00
6.131E+06 9.366E+02 1.437E+00 2.422E-01 9.876E-04 1.353E+03 1.000E+00 4.434E+01 0.000E+00
6.203E+06 9.366E+02 1.437E+00 2.422E-01 9.877E-04 1.353E+03 1.000E+00 4.434E+01 0.000E+00
6.340E+06 9.366E+02 1.437E+00 2.422E-01 9.877E-04 1.353E+03 1.000E+00 4.434E+01 0.000E+00
6.608E+06 9.366E+02 1.437E+00 2.422E-01 9.879E-04 1.353E+03 1.000E+00 4.434E+01 0.000E+00
7.170E+06 9.366E+02 1.437E+00 2.422E-01 9.881E-04 1.353E+03 1.000E+00 4.434E+01 0.000E+00
8.518E+06 9.366E+02 1.437E+00 2.422E-01 9.886E-04 1.354E+03 1.000E+00 4.434E+01 0.000E+00
1.322E+07 9.366E+02 1.437E+00 2.422E-01 9.894E-04 1.353E+03 1.000E+00 4.434E+01 0.000E+00
7.779E+06 9.480E+02 1.431E+00 2.422E-01 9.910E-04 1.349E+03 1.000E+00 4.434E+01 0.000E+00
8.420E+07 9.480E+02 1.431E+00 2.422E-01 9.938E-04 1.349E+03 1.000E+00 4.434E+01 0.000E+00
2.465E+06 6.514E+02 1.635E+00 2.422E-01 9.991E-04 1.521E+03 1.000E+00 4.434E+01 0.000E+00
4.008E+07 2.669E+02 2.044E+00 2.422E-01 1.009E-03 3.089E+03 1.000E+00 4.434E+01 0.000E+00
3.160E+06 8.754E+02 1.474E+00 2.422E-01 1.026E-03 1.377E+03 1.000E+00 4.434E+01 0.000E+00
6.985E+06 8.892E+02 1.466E+00 2.422E-01 1.058E-03 1.372E+03 1.000E+00 4.434E+01 0.000E+00
3.162E+06 3.806E+02 1.907E+00 2.422E-01 1.117E-03 2.067E+03 1.000E+00 4.434E+01 0.000E+00
4.410E+08 9.354E+02 1.438E+00 2.422E-01 1.225E-03 1.355E+03 1.000E+00 4.434E+01 0.000E+00
3.487E+07 8.367E+02 1.499E+00 2.422E-01 1.423E-03 1.402E+03 1.000E+00 4.435E+01 0.000E+00
3.286E+06 3.557E+02 1.938E+00 2.422E-01 1.786E-03 2.183E+03 1.000E+00 4.436E+01 0.000E+00
1.175E+07 5.701E+02 1.709E+00 2.422E-01 2.451E-03 1.615E+03 1.000E+00 4.437E+01 0.000E+00
4.617E+06 7.153E+02 1.587E+00 2.422E-01 3.669E-03 1.479E+03 1.000E+00 4.440E+01 0.000E+00
9.228E+06 4.777E+02 1.807E+00 2.422E-01 5.903E-03 1.772E+03 1.000E+00 4.445E+01 0.000E+00
7.952E+06 7.368E+02 1.568E+00 3.064E-01 9.876E-04 1.492E+03 1.000E+00 4.434E+01 0.000E+00
8.643E+06 7.368E+02 1.568E+00 3.064E-01 9.877E-04 1.492E+03 1.000E+00 4.434E+01 0.000E+00
1.030E+07 7.368E+02 1.568E+00 3.064E-01 9.877E-04 1.496E+03 1.000E+00 4.434E+01 0.000E+00
1.603E+07 7.368E+02 1.568E+00 3.064E-01 9.879E-04 1.492E+03 1.000E+00 4.434E+01 0.000E+00
2.503E+07 7.872E+02 1.532E+00 3.064E-01 9.881E-04 1.465E+03 1.000E+00 4.434E+01 0.000E+00
6.729E+06 3.441E+02 1.951E+00 3.064E-01 9.886E-04 2.278E+03 1.000E+00 4.434E+01 0.000E+00
2.841E+06 7.312E+02 1.572E+00 3.064E-01 9.894E-04 1.496E+03 1.000E+00 4.434E+01 0.000E+00
8.846E+06 3.323E+02 1.965E+00 3.064E-01 9.910E-04 2.354E+03 1.000E+00 4.434E+01 0.000E+00
6.227E+06 4.131E+02 1.869E+00 3.064E-01 9.938E-04 1.978E+03 1.000E+00 4.434E+01 0.000E+00
1.297E+07 6.909E+02 1.603E+00 3.064E-01 9.991E-04 1.524E+03 1.000E+00 4.434E+01 0.000E+00
3.157E+07 6.895E+02 1.604E+00 3.064E-01 1.009E-03 1.525E+03 1.000E+00 4.434E+01 0.000E+00
8.077E+07 6.931E+02 1.602E+00 3.064E-01 1.026E-03 1.523E+03 1.000E+00 4.434E+01 0.000E+00
6.313E+06 8.560E+02 1.486E+00 3.064E-01 1.058E-03 1.432E+03 1.000E+00 4.434E+01 0.000E+00
3.731E+07 8.965E+02 1.461E+00 3.064E-01 1.117E-03 1.418E+03 1.000E+00 4.434E+01 0.000E+00
2.714E+06 8.117E+02 1.516E+00 3.064E-01 1.225E-03 1.453E+03 1.000E+00 4.435E+01 0.000E+00
2.573E+06 8.520E+02 1.489E+00 3.064E-01 1.423E-03 1.447E+03 1.000E+00 4.435E+01 0.000E+00
7.379E+07 4.163E+02 1.867E+00 3.064E-01 1.786E-03 1.965E+03 1.000E+00 4.436E+01 0.000E+00
4.192E+07 2.289E+02 2.096E+00 3.064E-01 2.451E-03 4.219E+03 1.000E+00 4.437E+01 0.000E+00
2.248E+07 6.061E+02 1.678E+00 3.064E-01 3.669E-03 1.615E+03 1.000E+00 4.440E+01 0.000E+00
3.469E+06 8.845E+02 1.473E+00 3.064E-01 5.903E-03 1.463E+03 1.000E+00 4.445E+01 0.000E+00
1.372E+07 5.475E+02 1.728E+00 3.875E-01 9.876E-04 1.726E+03 1.000E+00 4.434E+01 0.000E+00
1.932E+07 5.475E+02 1.728E+00 3.875E-01 9.877E-04 1.725E+03 1.000E+00 4.434E+01 0.000E+00
7.959E+07 5.475E+02 1.728E+00 3.875E-01 9.877E-04 1.725E+03 1.000E+00 4.434E+01 0.000E+00
4.802E+06 7.886E+02 1.531E+00 3.875E-01 9.879E-04 1.535E+03 1.000E+00 4.434E+01 0.000E+00
6.117E+06 7.886E+02 1.531E+00 3.875E-01 9.881E-04 1.535E+03 1.000E+00 4.434E+01 0.000E+00
1.292E+07 7.886E+02 1.531E+00 3.875E-01 9.886E-04 1.535E+03 1.000E+00 4.434E+01 0.000E+00
1.489E+07 7.867E+02 1.533E+00 3.875E-01 9.894E-04 1.536E+03 1.000E+00 4.434E+01 0.000E+00
2.555E+07 8.581E+02 1.485E+00 3.875E-01 9.910E-04 1.511E+03 1.000E+00 4.434E+01 0.000E+00
1.141E+07 7.972E+02 1.525E+00 3.875E-01 9.938E-04 1.532E+03 1.000E+00 4.434E+01 0.000E+00
2.371E+06 7.560E+02 1.554E+00 3.875E-01 9.991E-04 1.549E+03 1.000E+00 4.434E+01 0.000E+00
8.847E+06 5.212E+02 1.754E+00 3.875E-01 1.009E-03 1.764E+03 1.000E+00 4.434E+01 0.000E+00
1.346E+07 5.783E+02 1.699E+00 3.875E-01 1.026E-03 1.686E+03 1.000E+00 4.434E+01 0.000E+00
1.994E+08 5.497E+02 1.726E+00 3.875E-01 1.058E-03 1.722E+03 1.000E+00 4.434E+01 0.000E+00
1.597E+07 6.455E+02 1.640E+00 3.875E-01 1.117E-03 1.621E+03 1.000E+00 4.434E+01 0.000E+00
1.224E+06 2.683E+02 2.046E+00 3.875E-01 1.225E-03 3.077E+03 1.000E+00 4.435E+01 0.000E+00
4.297E+06 3.310E+02 1.969E+00 3.875E-01 1.423E-03 2.391E+03 1.000E+00 4.435E+01 0.000E+00
7.424E+07 2.926E+02 2.018E+00 3.875E-01 1.786E-03 2.723E+03 1.000E+00 4.436E+01 0.000E+00
2.048E+06 3.182E+02 1.988E+00 3.875E-01 2.451E-03 2.476E+03 1.000E+00 4.438E+01 0.000E+00
2.201E+07 8.328E+02 1.504E+00 3.875E-01 3.669E-03 1.565E+03 1.000E+00 4.440E+01 0.000E+00
9.150E+06 3.032E+02 2.019E+00 3.875E-01 5.903E-03 2.567E+03 1.000E+00 4.445E+01 0.000E+00
5.212E+06 9.734E+02 1.417E+00 4.902E-01 9.876E-04 1.736E+03 1.000E+00 4.434E+01 0.000E+00
5.232E+06 9.734E+02 1.417E+00 4.902E-01 9.877E-04 1.735E+03 1.000E+00 4.434E+01 0.000E+00
5.269E+06 9.734E+02 1.417E+00 4.902E-01 9.877E-04 1.735E+03 1.000E+00 4.434E+01 0.000E+00
5.338E+06 9.734E+02 1.417E+00 4.902E-01 9.879E-04 1.735E+03 1.000E+00 4.434E+01 0.000E+00
5.470E+06 9.734E+02 1.417E+00 4.902E-01 9.881E-04 1.735E+03 1.000E+00 4.434E+01 0.000E+00
9.661E+06 7.966E+02 1.526E+00 4.902E-01 9.886E-04 1.684E+03 1.000E+00 4.434E+01 0.000E+00
2.455E+07 5.315E+02 1.744E+00 4.902E-01 9.894E-04 1.829E+03 1.000E+00 4.434E+01 0.000E+00
7.699E+06 9.734E+02 1.417E+00 4.902E-01 9.910E-04 1.736E+03 1.000E+00 4.434E+01 0.000E+00
1.349E+07 9.734E+02 1.417E+00 4.902E-01 9.938E-04 1.736E+03 1.000E+00 4.434E+01 0.000E+00
1.652E+07 2.660E+02 2.049E+00 4.902E-01 9.991E-04 3.149E+03 1.000E+00 4.434E+01 0.000E+00
2.299E+06 9.870E+02 1.409E+00 4.902E-01 1.009E-03 1.745E+03 1.000E+00 4.434E+01 0.000E+00
1.941E+06 5.540E+02 1.722E+00 4.902E-01 1.026E-03 1.803E+03 1.000E+00 4.434E+01 0.000E+00
9.974E+06 8.716E+02 1.477E+00 4.902E-01 1.058E-03 1.695E+03 1.000E+00 4.435E+01 0.000E+00
2.849E+07 7.446E+02 1.563E+00 4.902E-01 1.117E-03 1.691E+03 1.000E+00 4.435E+01 0.000E+00
7.402E+06 3.302E+02 1.970E+00 4.902E-01 1.225E-03 2.446E+03 1.000E+00 4.435E+01 0.000E+00
9.131E+06 6.762E+02 1.616E+00 4.902E-01 1.423E-03 1.721E+03 1.000E+00 4.435E+01 0.000E+00
4.475E+07 4.236E+02 1.860E+00 4.902E-01 1.786E-03 2.044E+03 1.000E+00 4.436E+01 0.000E+00
1.114E+07 9.008E+02 1.460E+00 4.902E-01 2.451E-03 1.755E+03 1.000E+00 4.438E+01 0.000E+00
1.641E+07 7.890E+02 1.534E+00 4.902E-01 3.669E-03 1.757E+03 1.000E+00 4.441E+01 0.000E+00
5.433E+06 4.760E+02 1.810E+00 4.902E-01 5.903E-03 1.968E+03 1.000E+00 4.446E+01 0.000E+00
1.079E+07 5.286E+02 1.747E+00 6.200E-01 9.876E-04 2.000E+03 1.000E+00 4.435E+01 0.000E+00
1.411E+07 5.286E+02 1.747E+00 6.200E-01 9.877E-04 2.000E+03 1.000E+00 4.435E+01 0.000E+00
3.296E+07 5.286E+02 1.747E+00 6.200E-01 9.877E-04 2.000E+03 1.000E+00 4.435E+01 0.000E+00
1.894E+06 5.228E+02 1.753E+00 6.200E-01 9.879E-04 2.005E+03 1.000E+00 4.435E+01 0.000E+00
2.429E+06 5.228E+02 1.753E+00 6.200E-01 9.881E-04 2.005E+03 1.000E+00 4.435E+01 0.000E+00
5.483E+06 5.228E+02 1.753E+00 6.200E-01 9.886E-04 2.005E+03 1.000E+00 4.435E+01 0.000E+00
1.538E+07 5.763E+02 1.702E+00 6.200E-01 9.894E-04 1.983E+03 1.000E+00 4.435E+01 0.000E+00
2.074E+07 5.682E+02 1.709E+00 6.200E-01 9.910E-04 1.980E+03 1.000E+00 4.435E+01 0.000E+00
2.205E+06 3.587E+02 1.935E+00 6.200E-01 9.938E-04 2.375E+03 1.000E+00 4.435E+01 0.000E+00
2.894E+07 5.376E+02 1.738E+00 6.200E-01 9.991E-04 1.994E+03 1.000E+00 4.435E+01 0.000E+00
4.642E+07 7.056E+02 1.592E+00 6.200E-01 1.009E-03 2.064E+03 1.000E+00 4.435E+01 0.000E+00
1.775E+07 4.827E+02 1.794E+00 6.200E-01 1.026E-03 2.048E+03 1.000E+00 4.435E+01 0.000E+00
1.489E+07 5.082E+02 1.768E+00 6.200E-01 1.058E-03 2.019E+03 1.000E+00 4.435E+01 0.000E+00
3.335E+07 7.344E+02 1.571E+00 6.200E-01 1.117E-03 2.105E+03 1.000E+00 4.435E+01 0.000E+00
1.915E+07 9.308E+02 1.441E+00 6.200E-01 1.225E-03 4.132E+03 1.000E+00 4.435E+01 0.000E+00
9.135E+06 7.350E+02 1.570E+00 6.200E-01 1.423E-03 2.133E+03 1.000E+00 4.436E+01 0.000E+00
1.779E+07 7.537E+02 1.557E+00 6.200E-01 1.786E-03 2.217E+03 1.000E+00 4.437E+01 0.000E+00
6.835E+06 2.502E+02 2.077E+00 6.200E-01 2.451E-03 3.469E+03 1.000E+00 4.438E+01 0.000E+00
1.702E+06 5.194E+02 1.761E+00 6.200E-01 3.669E-03 2.086E+03 1.000E+00 4.441E+01 0.000E+00
1.299E+07 3.067E+02 2.017E+00 6.200E-01 5.903E-03 2.704E+03 1.000E+00 4.446E+01 0.000E+00
2.031E+06 5.511E+02 1.726E+00 7.842E-01 9.876E-04 2.790E+03 1.000E+00 4.435E+01 0.000E+00
2.104E+06 5.511E+02 1.726E+00 7.842E-01 9.877E-04 2.790E+03 1.000E+00 4.435E+01 0.000E+00
2.253E+06 5.511E+02 1.726E+00 7.842E-01 9.877E-04 2.790E+03 1.000E+00 4.435E+01 0.000E+00
2.598E+06 5.511E+02 1.726E+00 7.842E-01 9.879E-04 2.790E+03 1.000E+00 4.435E+01 0.000E+00
3.667E+06 5.511E+02 1.726E+00 7.842E-01 9.881E-04 2.802E+03 1.000E+00 4.435E+01 0.000E+00
1.945E+07 5.511E+02 1.726E+00 7.842E-01 9.886E-04 2.790E+03 1.000E+00 4.435E+01 0.000E+00
2.212E+07 2.986E+02 2.012E+00 7.842E-01 9.894E-04 2.916E+03 1.000E+00 4.435E+01 0.000E+00
1.342E+06 4.603E+02 1.819E+00 7.842E-01 9.910E-04 2.441E+03 1.000E+00 4.435E+01 0.000E+00
4.331E+06 4.762E+02 1.801E+00 7.842E-01 9.938E-04 2.460E+03 1.000E+00 4.435E+01 0.000E+00
1.530E+06 5.138E+02 1.763E+00 7.842E-01 9.991E-04 2.562E+03 1.000E+00 4.435E+01 0.000E+00
5.440E+06 4.059E+02 1.880E+00 7.842E-01 1.009E-03 2.458E+03 1.000E+00 4.435E+01 0.000E+00
4.299E+06 5.359E+02 1.741E+00 7.842E-01 1.026E-03 2.680E+03 1.000E+00 4.435E+01 0.000E+00
2.221E+07 5.065E+02 1.770E+00 7.842E-01 1.058E-03 2.542E+03 1.000E+00 4.435E+01 0.000E+00
1.021E+07 2.724E+02 2.046E+00 7.842E-01 1.117E-03 3.205E+03 1.000E+00 4.435E+01 0.000E+00
9.115E+07 5.515E+02 1.726E+00 7.842E-01 1.225E-03 2.853E+03 1.000E+00 4.436E+01 0.000E+00
5.161E+06 2.456E+02 2.081E+00 7.842E-01 1.423E-03 3.686E+03 1.000E+00 4.436E+01 0.000E+00
3.066E+06 3.987E+02 1.890E+00 7.842E-01 1.786E-03 2.502E+03 1.000E+00 4.437E+01 0.000E+00
1.990E+06 4.836E+02 1.796E+00 7.842E-01 2.451E-03 2.632E+03 1.000E+00 4.438E+01 0.000E+00
2.641E+06 5.326E+02 1.748E+00 7.842E-01 3.669E-03 3.487E+03 1.000E+00 4.441E+01 0.000E+00
1.268E+07 3.226E+02 1.997E+00 7.842E-01 5.903E-03 2.866E+03 1.000E+00 4.446E+01 0.000E+00
1.511E+07 2.082E+02 2.127E+00 9.919E-01 9.876E-04 5.447E+03 1.000E+00 4.436E+01 0.000E+00
1.694E+07 2.082E+02 2.127E+00 9.919E-01 9.877E-04 5.450E+03 1.000E+00 4.436E+01 0.000E+00
2.203E+07 2.082E+02 2.127E+00 9.919E-01 9.877E-04 5.447E+03 1.000E+00 4.436E+01 0.000E+00
5.121E+07 2.082E+02 2.127E+00 9.919E-01 9.879E-04 5.447E+03 1.000E+00 4.436E+01 0.000E+00
2.596E+06 2.085E+02 2.126E+00 9.919E-01 9.881E-04 5.414E+03 1.000E+00 4.436E+01 0.000E+00
5.725E+05 2.690E+02 2.053E+00 9.919E-01 9.886E-04 3.532E+03 1.000E+00 4.436E+01 0.000E+00
1.292E+06 2.042E+02 2.131E+00 9.919E-01 9.894E-04 5.810E+03 1.000E+00 4.436E+01 0.000E+00
6.949E+05 2.189E+02 2.115E+00 9.919E-01 9.910E-04 4.796E+03 1.000E+00 4.436E+01 0.000E+00
7.574E+05 2.286E+02 2.103E+00 9.919E-01 9.938E-04 4.357E+03 1.000E+00 4.436E+01 0.000E+00
1.716E+07 2.603E+02 2.064E+00 9.919E-01 9.991E-04 3.646E+03 1.000E+00 4.436E+01 0.000E+00
1.246E+06 2.680E+02 2.054E+00 9.919E-01 1.009E-03 3.548E+03 1.000E+00 4.436E+01 0.000E+00
4.049E+07 2.914E+02 2.024E+00 9.919E-01 1.026E-03 3.338E+03 1.000E+00 4.436E+01 0.000E+00
1.981E+08 2.098E+02 2.125E+00 9.919E-01 1.058E-03 5.310E+03 1.000E+00 4.436E+01 0.000E+00
6.637E+06 2.526E+02 2.074E+00 9.919E-01 1.117E-03 3.768E+03 1.000E+00 4.436E+01 0.000E+00
6.215E+06 2.750E+02 2.046E+00 9.919E-01 1.225E-03 3.477E+03 1.000E+00 4.436E+01 0.000E+00
2.904E+06 2.619E+02 2.064E+00 9.919E-01 1.423E-03 3.633E+03 1.000E+00 4.437E+01 0.000E+00
8.392E+05 2.580E+02 2.070E+00 9.919E-01 1.786E-03 3.748E+03 1.000E+00 4.437E+01 0.000E+00
9.040E+05 2.638E+02 2.065E+00 9.919E-01 2.451E-03 3.649E+03 1.000E+00 4.439E+01 0.000E+00
3.676E+06 2.602E+02 2.075E+00 9.919E-01 3.669E-03 3.739E+03 1.000E+00 4.442E+01 0.000E+00
6.348E+05 2.407E+02 2.110E+00 9.919E-01 5.903E-03 4.111E+03 1.000E+00 4.447E+01 0.000E+00
8.013E+06 2.229E+02 2.116E+00 1.255E+00 9.876E-04 5.174E+03 1.000E+00 4.436E+01 0.000E+00
9.361E+06 2.229E+02 2.116E+00 1.255E+00 9.877E-04 5.209E+03 1.000E+00 4.436E+01 0.000E+00
1.358E+07 2.229E+02 2.116E+00 1.255E+00 9.877E-04 5.174E+03 1.000E+00 4.436E+01 0.000E+00
8.313E+07 2.229E+02 2.116E+00 1.255E+00 9.879E-04 5.178E+03 1.000E+00 4.436E+01 0.000E+00
1.640E+07 2.316E+02 2.105E+00 1.255E+00 9.881E-04 5.016E+03 1.000E+00 4.436E+01 0.000E+00
2.906E+06 2.347E+02 2.101E+00 1.255E+00 9.886E-04 4.985E+03 1.000E+00 4.436E+01 0.000E+00
7.666E+05 2.210E+02 2.118E+00 1.255E+00 9.894E-04 5.221E+03 1.000E+00 4.436E+01 0.000E+00
1.288E+07 2.343E+02 2.101E+00 1.255E+00 9.910E-04 4.988E+03 1.000E+00 4.436E+01 0.000E+00
1.233E+06 2.188E+02 2.121E+00 1.255E+00 9.938E-04 5.284E+03 1.000E+00 4.436E+01 0.000E+00
2.300E+06 2.137E+02 2.127E+00 1.255E+00 9.991E-04 5.461E+03 1.000E+00 4.436E+01 0.000E+00
1.290E+07 2.576E+02 2.072E+00 1.255E+00 1.009E-03 5.196E+03 1.000E+00 4.436E+01 0.000E+00
8.653E+05 2.571E+02 2.072E+00 1.255E+00 1.026E-03 5.198E+03 1.000E+00 4.436E+01 0.000E+00
5.447E+06 2.529E+02 2.078E+00 1.255E+00 1.058E-03 5.092E+03 1.000E+00 4.436E+01 0.000E+00
8.382E+05 2.330E+02 2.104E+00 1.255E+00 1.117E-03 5.025E+03 1.000E+00 4.436E+01 0.000E+00
3.931E+07 2.142E+02 2.127E+00 1.255E+00 1.225E-03 5.453E+03 1.000E+00 4.437E+01 0.000E+00
1.947E+06 2.231E+02 2.118E+00 1.255E+00 1.423E-03 5.222E+03 1.000E+00 4.437E+01 0.000E+00
8.855E+06 2.295E+02 2.111E+00 1.255E+00 1.786E-03 5.195E+03 1.000E+00 4.438E+01 0.000E+00
1.697E+06 2.171E+02 2.130E+00 1.255E+00 2.451E-03 5.504E+03 1.000E+00 4.440E+01 0.000E+00
5.485E+05 2.246E+02 2.126E+00 1.255E+00 3.669E-03 5.823E+03 1.000E+00 4.442E+01 0.000E+00
NAN NAN NAN 1.255E+00 5.903E-03 NAN 1.000E+00 4.447E+01 0.000E+00
NAN NAN NAN 1.587E+00 9.876E-04 NAN 1.000E+00 4.437E+01 0.000E+00
NAN NAN NAN 1.587E+00 9.877E-04 NAN 1.000E+00 4.437E+01 0.000E+00
NAN NAN NAN 1.587E+00 9.877E-04 NAN 1.000E+00 4.437E+01 0.000E+00
NAN NAN NAN 1.587E+00 9.879E-04 NAN 1.000E+00 4.437E+01 0.000E+00
NAN NAN NAN 1.587E+00 9.881E-04 NAN 1.000E+00 4.437E+01 0.000E+00
NAN NAN NAN 1.587E+00 9.886E-04 NAN 1.000E+00 4.437E+01 0.000E+00
NAN NAN NAN 1.587E+00 9.894E-04 NAN 1.000E+00 4.437E+01 0.000E+00
NAN NAN NAN 1.587E+00 9.910E-04 NAN 1.000E+00 4.437E+01 0.000E+00
NAN NAN NAN 1.587E+00 9.938E-04 NAN 1.000E+00 4.437E+01 0.000E+00
NAN NAN NAN 1.587E+00 9.991E-04 NAN 1.000E+00 4.437E+01 0.000E+00
NAN NAN NAN 1.587E+00 1.009E-03 NAN 1.000E+00 4.437E+01 0.000E+00
NAN NAN NAN 1.587E+00 1.026E-03 NAN 1.000E+00 4.437E+01 0.000E+00
NAN NAN NAN 1.587E+00 1.058E-03 NAN 1.000E+00 4.437E+01 0.000E+00
NAN NAN NAN 1.587E+00 1.117E-03 NAN 1.000E+00 4.437E+01 0.000E+00
NAN NAN NAN 1.587E+00 1.225E-03 NAN 1.000E+00 4.437E+01 0.000E+00
NAN NAN NAN 1.587E+00 1.423E-03 NAN 1.000E+00 4.438E+01 0.000E+00
NAN NAN NAN 1.587E+00 1.786E-03 NAN 1.000E+00 4.439E+01 0.000E+00
NAN NAN NAN 1.587E+00 2.451E-03 NAN 1.000E+00 4.440E+01 0.000E+00
NAN NAN NAN 1.587E+00 3.669E-03 NAN 1.000E+00 4.443E+01 0.000E+00
NAN NAN NAN 1.587E+00 5.903E-03 NAN 1.000E+00 4.448E+01 0.000E+00
NAN NAN NAN 2.007E+00 9.876E-04 NAN 1.000E+00 4.438E+01 0.000E+00
NAN NAN NAN 2.007E+00 9.877E-04 NAN 1.000E+00 4.438E+01 0.000E+00
NAN NAN NAN 2.007E+00 9.877E-04 NAN 1.000E+00 4.438E+01 0.000E+00
NAN NAN NAN 2.007E+00 9.879E-04 NAN 1.000E+00 4.438E+01 0.000E+00
NAN NAN NAN 2.007E+00 9.881E-04 NAN 1.000E+00 4.438E+01 0.000E+00
NAN NAN NAN 2.007E+00 9.886E-04 NAN 1.000E+00 4.438E+01 0.000E+00
NAN NAN NAN 2.007E+00 9.894E-04 NAN 1.000E+00 4.438E+01 0.000E+00
NAN NAN NAN 2.007E+00 9.910E-04 NAN 1.000E+00 4.438E+01 0.000E+00
NAN NAN NAN 2.007E+00 9.938E-04 NAN 1.000E+00 4.438E+01 0.000E+00
NAN NAN NAN 2.007E+00 9.991E-04 NAN 1.000E+00 4.438E+01 0.000E+00
NAN NAN NAN 2.007E+00 1.009E-03 NAN 1.000E+00 4.438E+01 0.000E+00
NAN NAN NAN 2.007E+00 1.026E-03 NAN 1.000E+00 4.438E+01 0.000E+00
NAN NAN NAN 2.007E+00 1.058E-03 NAN 1.000E+00 4.438E+01 0.000E+00
NAN NAN NAN 2.007E+00 1.117E-03 NAN 1.000E+00 4.438E+01 0.000E+00
NAN NAN NAN 2.007E+00 1.225E-03 NAN 1.000E+00 4.438E+01 0.000E+00
NAN NAN NAN 2.007E+00 1.423E-03 NAN 1.000E+00 4.439E+01 0.000E+00
NAN NAN NAN 2.007E+00 1.786E-03 NAN 1.000E+00 4.440E+01 0.000E+00
NAN NAN NAN 2.007E+00 2.451E-03 NAN 1.000E+00 4.441E+01 0.000E+00
NAN NAN NAN 2.007E+00 3.669E-03 NAN 1.000E+00 4.444E+01 0.000E+00
NAN NAN NAN 2.007E+00 5.903E-03 NAN 1.000E+00 4.449E+01 0.000E+00
NAN NAN NAN 2.539E+00 9.876E-04 NAN 1.000E+00 4.439E+01 0.000E+00
NAN NAN NAN 2.539E+00 9.877E-04 NAN 1.000E+00 4.439E+01 0.000E+00
NAN NAN NAN 2.539E+00 9.877E-04 NAN 1.000E+00 4.439E+01 0.000E+00
NAN NAN NAN 2.539E+00 9.879E-04 NAN 1.000E+00 4.439E+01 0.000E+00
NAN NAN NAN 2.539E+00 9.881E-04 NAN 1.000E+00 4.439E+01 0.000E+00
NAN NAN NAN 2.539E+00 9.886E-04 NAN 1.000E+00 4.439E+01 0.000E+00
NAN NAN NAN 2.539E+00 9.894E-04 NAN 1.000E+00 4.439E+01 0.000E+00
NAN NAN NAN 2.539E+00 9.910E-04 NAN 1.000E+00 4.439E+01 0.000E+00
NAN NAN NAN 2.539E+00 9.938E-04 NAN 1.000E+00 4.439E+01 0.000E+00
NAN NAN NAN 2.539E+00 9.991E-04 NAN 1.000E+00 4.439E+01 0.000E+00
NAN NAN NAN 2.539E+00 1.009E-03 NAN 1.000E+00 4.439E+01 0.000E+00
NAN NAN NAN 2.539E+00 1.026E-03 NAN 1.000E+00 4.439E+01 0.000E+00
NAN NAN NAN 2.539E+00 1.058E-03 NAN 1.000E+00 4.439E+01 0.000E+00
NAN NAN NAN 2.539E+00 1.117E-03 NAN 1.000E+00 4.439E+01 0.000E+00
NAN NAN NAN 2.539E+00 1.225E-03 NAN 1.000E+00 4.440E+01 0.000E+00
NAN NAN NAN 2.539E+00 1.423E-03 NAN 1.000E+00 4.440E+01 0.000E+00
NAN NAN NAN 2.539E+00 1.786E-03 NAN 1.000E+00 4.441E+01 0.000E+00
NAN NAN NAN 2.539E+00 2.451E-03 NAN 1.000E+00 4.442E+01 0.000E+00
NAN NAN NAN 2.539E+00 3.669E-03 NAN 1.000E+00 4.445E+01 0.000E+00
NAN NAN NAN 2.539E+00 5.903E-03 NAN 1.000E+00 4.450E+01 0.000E+00
NAN NAN NAN 3.211E+00 9.876E-04 NAN 1.000E+00 4.441E+01 3.000E+00
NAN NAN NAN 3.211E+00 9.877E-04 NAN 1.000E+00 4.441E+01 3.000E+00
NAN NAN NAN 3.211E+00 9.877E-04 NAN 1.000E+00 4.441E+01 3.000E+00
NAN NAN NAN 3.211E+00 9.879E-04 NAN 1.000E+00 4.441E+01 3.000E+00
NAN NAN NAN 3.211E+00 9.881E-04 NAN 1.000E+00 4.441E+01 3.000E+00
NAN NAN NAN 3.211E+00 9.886E-04 NAN 1.000E+00 4.441E+01 3.000E+00
NAN NAN NAN 3.211E+00 9.894E-04 NAN 1.000E+00 4.441E+01 3.000E+00
NAN NAN NAN 3.211E+00 9.910E-04 NAN 1.000E+00 4.441E+01 3.000E+00
NAN NAN NAN 3.211E+00 9.938E-04 NAN 1.000E+00 4.441E+01 3.000E+00
NAN NAN NAN 3.211E+00 9.991E-04 NAN 1.000E+00 4.441E+01 3.000E+00
NAN NAN NAN 3.211E+00 1.009E-03 NAN 1.000E+00 4.441E+01 3.000E+00
NAN NAN NAN 3.211E+00 1.026E-03 NAN 1.000E+00 4.441E+01 3.000E+00
NAN NAN NAN 3.211E+00 1.058E-03 NAN 1.000E+00 4.441E+01 3.000E+00
NAN NAN NAN 3.211E+00 1.117E-03 NAN 1.000E+00 4.441E+01 3.000E+00
NAN NAN NAN 3.211E+00 1.225E-03 NAN 1.000E+00 4.441E+01 3.000E+00
NAN NAN NAN 3.211E+00 1.423E-03 NAN 1.000E+00 4.442E+01 3.000E+00
NAN NAN NAN 3.211E+00 1.786E-03 NAN 1.000E+00 4.442E+01 3.000E+00
NAN NAN NAN 3.211E+00 2.451E-03 NAN 1.000E+00 4.444E+01 3.000E+00
NAN NAN NAN 3.211E+00 3.669E-03 NAN 1.000E+00 4.447E+01 3.000E+00
NAN NAN NAN 3.211E+00 5.903E-03 NAN 1.000E+00 4.452E+01 3.000E+00
NAN NAN NAN 4.062E+00 9.876E-04 NAN 1.000E+00 4.443E+01 3.000E+00
NAN NAN NAN 4.062E+00 9.877E-04 NAN 1.000E+00 4.443E+01 3.000E+00
NAN NAN NAN 4.062E+00 9.877E-04 NAN 1.000E+00 4.443E+01 3.000E+00
NAN NAN NAN 4.062E+00 9.879E-04 NAN 1.000E+00 4.443E+01 3.000E+00
NAN NAN NAN 4.062E+00 9.881E-04 NAN 1.000E+00 4.443E+01 3.000E+00
NAN NAN NAN 4.062E+00 9.886E-04 NAN 1.000E+00 4.443E+01 3.000E+00
NAN NAN NAN 4.062E+00 9.894E-04 NAN 1.000E+00 4.443E+01 3.000E+00
NAN NAN NAN 4.062E+00 9.910E-04 NAN 1.000E+00 4.443E+01 3.000E+00
NAN NAN NAN 4.062E+00 9.938E-04 NAN 1.000E+00 4.443E+01 3.000E+00
NAN NAN NAN 4.062E+00 9.991E-04 NAN 1.000E+00 4.443E+01 3.000E+00
NAN NAN NAN 4.062E+00 1.009E-03 NAN 1.000E+00 4.443E+01 3.000E+00
NAN NAN NAN 4.062E+00 1.026E-03 NAN 1.000E+00 4.443E+01 3.000E+00
NAN NAN NAN 4.062E+00 1.058E-03 NAN 1.000E+00 4.443E+01 3.000E+00
NAN NAN NAN 4.062E+00 1.117E-03 NAN 1.000E+00 4.443E+01 3.000E+00
NAN NAN NAN 4.062E+00 1.225E-03 NAN 1.000E+00 4.443E+01 3.000E+00
NAN NAN NAN 4.062E+00 1.423E-03 NAN 1.000E+00 4.444E+01 3.000E+00
NAN NAN NAN 4.062E+00 1.786E-03 NAN 1.000E+00 4.444E+01 3.000E+00
NAN NAN NAN 4.062E+00 2.451E-03 NAN 1.000E+00 4.446E+01 3.000E+00
NAN NAN NAN 4.062E+00 3.669E-03 NAN 1.000E+00 4.449E+01 3.000E+00
NAN NAN NAN 4.062E+00 5.903E-03 NAN 1.000E+00 4.454E+01 3.000E+00
NAN NAN NAN 5.138E+00 9.876E-04 NAN 1.000E+00 4.445E+01 3.000E+00
NAN NAN NAN 5.138E+00 9.877E-04 NAN 1.000E+00 4.445E+01 3.000E+00
NAN NAN NAN 5.138E+00 9.877E-04 NAN 1.000E+00 4.445E+01 3.000E+00
NAN NAN NAN 5.138E+00 9.879E-04 NAN 1.000E+00 4.445E+01 3.000E+00
NAN NAN NAN 5.138E+00 9.881E-04 NAN 1.000E+00 4.445E+01 3.000E+00
NAN NAN NAN 5.138E+00 9.886E-04 NAN 1.000E+00 4.445E+01 3.000E+00
NAN NAN NAN 5.138E+00 9.894E-04 NAN 1.000E+00 4.445E+01 3.000E+00
NAN NAN NAN 5.138E+00 9.910E-04 NAN 1.000E+00 4.445E+01 3.000E+00
NAN NAN NAN 5.138E+00 9.938E-04 NAN 1.000E+00 4.445E+01 3.000E+00
NAN NAN NAN 5.138E+00 9.991E-04 NAN 1.000E+00 4.445E+01 3.000E+00
NAN NAN NAN 5.138E+00 1.009E-03 NAN 1.000E+00 4.445E+01 3.000E+00
NAN NAN NAN 5.138E+00 1.026E-03 NAN 1.000E+00 4.445E+01 3.000E+00
NAN NAN NAN 5.138E+00 1.058E-03 NAN 1.000E+00 4.445E+01 3.000E+00
NAN NAN NAN 5.138E+00 1.117E-03 NAN 1.000E+00 4.445E+01 3.000E+00
NAN NAN NAN 5.138E+00 1.225E-03 NAN 1.000E+00 4.446E+01 3.000E+00
NAN NAN NAN 5.138E+00 1.423E-03 NAN 1.000E+00 4.446E+01 3.000E+00
NAN NAN NAN 5.138E+00 1.786E-03 NAN 1.000E+00 4.447E+01 3.000E+00
NAN NAN NAN 5.138E+00 2.451E-03 NAN 1.000E+00 4.448E+01 3.000E+00
NAN NAN NAN 5.138E+00 3.669E-03 NAN 1.000E+00 4.451E+01 3.000E+00
NAN NAN NAN 5.138E+00 5.903E-03 NAN 1.000E+00 4.456E+01 3.000E+00
