4.291E+07 4.661E+02 9.059E-02 5.137E-05 9.925E-06 1.987E+03 4.099E-01 2.221E+00 2.000E+00
1.407E+08 3.831E+02 9.523E-02 5.137E-05 9.966E-06 2.190E+03 4.099E-01 2.221E+00 2.000E+00
1.211E+09 4.909E+02 8.929E-02 5.137E-05 1.004E-05 1.962E+03 4.099E-01 2.221E+00 2.000E+00
1.517E+07 3.770E+02 9.559E-02 5.137E-05 1.018E-05 2.213E+03 4.099E-01 2.221E+00 2.000E+00
3.297E+08 5.743E+02 8.523E-02 5.137E-05 1.043E-05 1.992E+03 4.099E-01 2.221E+00 2.000E+00
2.413E+07 2.512E+02 1.031E-01 5.137E-05 1.089E-05 3.645E+03 4.099E-01 2.221E+00 2.000E+00
5.462E+07 5.291E+02 8.738E-02 5.137E-05 1.174E-05 1.951E+03 4.100E-01 2.221E+00 2.000E+00
1.967E+08 4.527E+02 9.132E-02 5.137E-05 1.329E-05 2.008E+03 4.102E-01 2.221E+00 2.000E+00
3.524E+07 6.096E+02 8.366E-02 5.137E-05 1.614E-05 2.122E+03 4.104E-01 2.221E+00 2.000E+00
2.738E+07 5.960E+02 8.427E-02 5.137E-05 2.136E-05 2.073E+03 4.109E-01 2.221E+00 2.000E+00
5.045E+07 5.187E+02 8.793E-02 5.137E-05 3.092E-05 1.965E+03 4.119E-01 2.222E+00 2.000E+00
5.758E+08 4.200E+02 9.320E-02 5.137E-05 4.845E-05 2.084E+03 4.135E-01 2.222E+00 2.000E+00
8.532E+07 5.571E+02 8.615E-02 5.137E-05 8.058E-05 2.069E+03 4.166E-01 2.223E+00 2.000E+00
4.534E+07 5.439E+02 8.687E-02 5.137E-05 1.395E-04 2.150E+03 4.222E-01 2.224E+00 2.000E+00
6.919E+07 4.532E+02 9.178E-02 5.137E-05 2.474E-04 2.147E+03 4.323E-01 2.226E+00 2.000E+00
3.326E+07 3.112E+02 1.010E-01 5.137E-05 4.453E-04 2.611E+03 4.506E-01 2.231E+00 2.000E+00
9.353E+07 3.221E+02 1.014E-01 5.137E-05 8.080E-04 2.805E+03 4.837E-01 2.239E+00 2.000E+00
8.051E+07 2.113E+02 1.126E-01 5.137E-05 1.473E-03 4.337E+03 5.419E-01 2.255E+00 2.000E+00
NAN NAN NAN 5.137E-05 2.691E-03 NAN 6.389E-01 2.283E+00 2.000E+00
NAN NAN NAN 5.137E-05 4.925E-03 NAN 7.747E-01 2.334E+00 2.000E+00
2.052E+08 4.909E+02 8.929E-02 6.498E-05 9.925E-06 1.962E+03 4.099E-01 2.221E+00 2.000E+00
7.655E+08 4.865E+02 8.952E-02 6.498E-05 9.966E-06 1.965E+03 4.099E-01 2.221E+00 2.000E+00
1.054E+08 3.818E+02 9.531E-02 6.498E-05 1.004E-05 2.200E+03 4.099E-01 2.221E+00 2.000E+00
1.127E+08 4.268E+02 9.273E-02 6.498E-05 1.018E-05 2.058E+03 4.099E-01 2.221E+00 2.000E+00
2.793E+08 4.951E+02 8.908E-02 6.498E-05 1.043E-05 1.959E+03 4.100E-01 2.221E+00 2.000E+00
1.670E+08 4.379E+02 9.212E-02 6.498E-05 1.089E-05 2.035E+03 4.100E-01 2.221E+00 2.000E+00
1.294E+08 6.016E+02 8.400E-02 6.498E-05 1.174E-05 2.074E+03 4.101E-01 2.221E+00 2.000E+00
4.642E+07 5.133E+02 8.817E-02 6.498E-05 1.329E-05 1.953E+03 4.102E-01 2.221E+00 2.000E+00
4.718E+07 2.936E+02 1.006E-01 6.498E-05 1.614E-05 2.805E+03 4.105E-01 2.221E+00 2.000E+00
3.425E+08 5.977E+02 8.419E-02 6.498E-05 2.136E-05 2.087E+03 4.110E-01 2.221E+00 2.000E+00
4.637E+07 5.163E+02 8.805E-02 6.498E-05 3.092E-05 1.966E+03 4.119E-01 2.222E+00 2.000E+00
1.462E+07 2.910E+02 1.009E-01 6.498E-05 4.845E-05 2.828E+03 4.136E-01 2.222E+00 2.000E+00
2.391E+08 2.752E+02 1.020E-01 6.498E-05 8.058E-05 3.042E+03 4.166E-01 2.223E+00 2.000E+00
5.676E+07 3.087E+02 1.001E-01 6.498E-05 1.395E-04 2.624E+03 4.222E-01 2.224E+00 2.000E+00
5.636E+08 4.018E+02 9.472E-02 6.498E-05 2.474E-04 2.199E+03 4.324E-01 2.226E+00 2.000E+00
2.024E+10 2.392E+02 1.057E-01 6.498E-05 4.453E-04 3.580E+03 4.507E-01 2.231E+00 2.000E+00
6.272E+07 3.188E+02 1.016E-01 6.498E-05 8.080E-04 2.806E+03 4.838E-01 2.239E+00 2.000E+00
1.510E+08 2.176E+02 1.121E-01 6.498E-05 1.473E-03 4.400E+03 5.420E-01 2.255E+00 2.000E+00
NAN NAN NAN 6.498E-05 2.691E-03 NAN 6.390E-01 2.283E+00 2.000E+00
NAN NAN NAN 6.498E-05 4.925E-03 NAN 7.748E-01 2.334E+00 2.000E+00
2.476E+07 3.790E+02 9.547E-02 8.219E-05 9.925E-06 2.205E+03 4.100E-01 2.221E+00 2.000E+00
2.714E+07 3.351E+02 9.809E-02 8.219E-05 9.966E-06 2.431E+03 4.100E-01 2.221E+00 2.000E+00
1.928E+08 4.268E+02 9.273E-02 8.219E-05 1.004E-05 2.058E+03 4.100E-01 2.221E+00 2.000E+00
1.279E+09 3.589E+02 9.666E-02 8.219E-05 1.018E-05 2.294E+03 4.100E-01 2.221E+00 2.000E+00
2.207E+08 6.142E+02 8.345E-02 8.219E-05 1.043E-05 2.134E+03 4.100E-01 2.221E+00 2.000E+00
1.329E+08 3.627E+02 9.644E-02 8.219E-05 1.089E-05 2.276E+03 4.101E-01 2.221E+00 2.000E+00
1.129E+08 6.102E+02 8.363E-02 8.219E-05 1.174E-05 2.115E+03 4.102E-01 2.221E+00 2.000E+00
2.061E+08 6.072E+02 8.376E-02 8.219E-05 1.329E-05 2.104E+03 4.103E-01 2.221E+00 2.000E+00
2.347E+07 2.636E+02 1.024E-01 8.219E-05 1.614E-05 3.303E+03 4.106E-01 2.221E+00 2.000E+00
1.265E+08 5.215E+02 8.777E-02 8.219E-05 2.136E-05 1.959E+03 4.111E-01 2.221E+00 2.000E+00
3.523E+07 5.070E+02 8.851E-02 8.219E-05 3.092E-05 1.969E+03 4.120E-01 2.222E+00 2.000E+00
8.004E+07 3.255E+02 9.879E-02 8.219E-05 4.845E-05 2.497E+03 4.137E-01 2.222E+00 2.000E+00
1.516E+09 4.517E+02 9.151E-02 8.219E-05 8.058E-05 2.038E+03 4.167E-01 2.223E+00 2.000E+00
4.730E+07 2.582E+02 1.032E-01 8.219E-05 1.395E-04 3.336E+03 4.223E-01 2.224E+00 2.000E+00
4.033E+07 5.245E+02 8.801E-02 8.219E-05 2.474E-04 2.360E+03 4.325E-01 2.226E+00 2.000E+00
3.929E+08 2.563E+02 1.046E-01 8.219E-05 4.453E-04 3.206E+03 4.507E-01 2.231E+00 2.000E+00
1.795E+08 2.353E+02 1.076E-01 8.219E-05 8.080E-04 3.472E+03 4.838E-01 2.239E+00 2.000E+00
6.539E+07 2.102E+02 1.127E-01 8.219E-05 1.473E-03 4.338E+03 5.421E-01 2.255E+00 2.000E+00
NAN NAN NAN 8.219E-05 2.691E-03 NAN 6.390E-01 2.283E+00 2.000E+00
NAN NAN NAN 8.219E-05 4.925E-03 NAN 7.748E-01 2.334E+00 2.000E+00
9.077E+07 4.141E+02 9.345E-02 1.040E-04 9.925E-06 2.106E+03 4.101E-01 2.221E+00 2.000E+00
5.519E+07 3.589E+02 9.666E-02 1.040E-04 9.966E-06 2.297E+03 4.101E-01 2.221E+00 2.000E+00
1.927E+08 5.900E+02 8.452E-02 1.040E-04 1.004E-05 2.032E+03 4.101E-01 2.221E+00 2.000E+00
2.875E+08 6.090E+02 8.368E-02 1.040E-04 1.018E-05 2.110E+03 4.101E-01 2.221E+00 2.000E+00
2.369E+07 5.054E+02 8.856E-02 1.040E-04 1.043E-05 1.954E+03 4.101E-01 2.221E+00 2.000E+00
4.226E+07 4.204E+02 9.309E-02 1.040E-04 1.089E-05 2.074E+03 4.102E-01 2.221E+00 2.000E+00
3.387E+07 6.097E+02 8.365E-02 1.040E-04 1.174E-05 2.115E+03 4.103E-01 2.221E+00 2.000E+00
5.398E+07 4.908E+02 8.930E-02 1.040E-04 1.329E-05 1.967E+03 4.104E-01 2.221E+00 2.000E+00
4.701E+08 6.148E+02 8.343E-02 1.040E-04 1.614E-05 2.160E+03 4.107E-01 2.221E+00 2.000E+00
1.980E+08 4.459E+02 9.170E-02 1.040E-04 2.136E-05 2.024E+03 4.112E-01 2.221E+00 2.000E+00
5.144E+07 3.321E+02 9.834E-02 1.040E-04 3.092E-05 2.451E+03 4.121E-01 2.222E+00 2.000E+00
1.610E+08 5.847E+02 8.482E-02 1.040E-04 4.845E-05 2.098E+03 4.138E-01 2.222E+00 2.000E+00
6.799E+07 3.876E+02 9.515E-02 1.040E-04 8.058E-05 2.185E+03 4.168E-01 2.223E+00 2.000E+00
2.627E+08 2.490E+02 1.038E-01 1.040E-04 1.395E-04 3.574E+03 4.224E-01 2.224E+00 2.000E+00
3.170E+07 2.263E+02 1.055E-01 1.040E-04 2.474E-04 4.344E+03 4.326E-01 2.226E+00 2.000E+00
2.686E+07 3.997E+02 9.533E-02 1.040E-04 4.453E-04 2.345E+03 4.508E-01 2.231E+00 2.000E+00
3.073E+07 2.298E+02 1.080E-01 1.040E-04 8.080E-04 3.588E+03 4.839E-01 2.239E+00 2.000E+00
3.325E+07 2.142E+02 1.124E-01 1.040E-04 1.473E-03 4.367E+03 5.422E-01 2.255E+00 2.000E+00
NAN NAN NAN 1.040E-04 2.691E-03 NAN 6.392E-01 2.283E+00 2.000E+00
NAN NAN NAN 1.040E-04 4.925E-03 NAN 7.750E-01 2.334E+00 2.000E+00
5.641E+08 3.649E+02 9.631E-02 1.315E-04 9.925E-06 2.281E+03 4.102E-01 2.221E+00 2.000E+00
2.650E+08 6.090E+02 8.368E-02 1.315E-04 9.966E-06 2.109E+03 4.102E-01 2.221E+00 2.000E+00
1.417E+08 2.635E+02 1.024E-01 1.315E-04 1.004E-05 3.311E+03 4.102E-01 2.221E+00 2.000E+00
6.986E+08 4.892E+02 8.938E-02 1.315E-04 1.018E-05 1.965E+03 4.102E-01 2.221E+00 2.000E+00
4.989E+07 3.827E+02 9.526E-02 1.315E-04 1.043E-05 2.191E+03 4.103E-01 2.221E+00 2.000E+00
4.095E+07 5.738E+02 8.526E-02 1.315E-04 1.089E-05 1.996E+03 4.103E-01 2.221E+00 2.000E+00
5.671E+07 2.724E+02 1.019E-01 1.315E-04 1.174E-05 3.125E+03 4.104E-01 2.221E+00 2.000E+00
3.713E+07 3.291E+02 9.846E-02 1.315E-04 1.329E-05 2.473E+03 4.105E-01 2.221E+00 2.000E+00
1.868E+08 5.544E+02 8.617E-02 1.315E-04 1.614E-05 1.978E+03 4.108E-01 2.221E+00 2.000E+00
1.135E+08 5.740E+02 8.527E-02 1.315E-04 2.136E-05 2.013E+03 4.113E-01 2.221E+00 2.000E+00
2.435E+07 3.228E+02 9.890E-02 1.315E-04 3.092E-05 2.519E+03 4.122E-01 2.222E+00 2.000E+00
1.465E+09 5.733E+02 8.534E-02 1.315E-04 4.845E-05 2.060E+03 4.139E-01 2.222E+00 2.000E+00
7.736E+08 5.436E+02 8.679E-02 1.315E-04 8.058E-05 2.043E+03 4.169E-01 2.223E+00 2.000E+00
1.740E+09 4.236E+02 9.321E-02 1.315E-04 1.395E-04 2.111E+03 4.225E-01 2.224E+00 2.000E+00
1.044E+08 3.592E+02 9.730E-02 1.315E-04 2.474E-04 2.327E+03 4.327E-01 2.226E+00 2.000E+00
4.406E+08 3.607E+02 9.776E-02 1.315E-04 4.453E-04 2.397E+03 4.510E-01 2.231E+00 2.000E+00
5.968E+07 2.931E+02 1.035E-01 1.315E-04 8.080E-04 2.868E+03 4.841E-01 2.239E+00 2.000E+00
2.898E+07 2.204E+02 1.119E-01 1.315E-04 1.473E-03 4.477E+03 5.423E-01 2.255E+00 2.000E+00
NAN NAN NAN 1.315E-04 2.691E-03 NAN 6.393E-01 2.283E+00 2.000E+00
NAN NAN NAN 1.315E-04 4.925E-03 NAN 7.751E-01 2.334E+00 2.000E+00
3.553E+07 3.963E+02 9.447E-02 1.663E-04 9.925E-06 2.144E+03 4.104E-01 2.221E+00 2.000E+00
8.013E+07 4.452E+02 9.172E-02 1.663E-04 9.966E-06 2.022E+03 4.104E-01 2.221E+00 2.000E+00
1.437E+09 4.953E+02 8.907E-02 1.663E-04 1.004E-05 1.961E+03 4.104E-01 2.221E+00 2.000E+00
7.744E+07 3.587E+02 9.667E-02 1.663E-04 1.018E-05 2.296E+03 4.104E-01 2.221E+00 2.000E+00
5.021E+07 5.859E+02 8.471E-02 1.663E-04 1.043E-05 2.027E+03 4.104E-01 2.221E+00 2.000E+00
1.683E+08 2.778E+02 1.015E-01 1.663E-04 1.089E-05 3.033E+03 4.105E-01 2.221E+00 2.000E+00
3.734E+08 6.144E+02 8.344E-02 1.663E-04 1.174E-05 2.151E+03 4.106E-01 2.221E+00 2.000E+00
2.128E+08 5.036E+02 8.865E-02 1.663E-04 1.329E-05 1.959E+03 4.107E-01 2.221E+00 2.000E+00
4.065E+07 5.678E+02 8.554E-02 1.663E-04 1.614E-05 1.995E+03 4.110E-01 2.221E+00 2.000E+00
2.941E+07 5.909E+02 8.450E-02 1.663E-04 2.136E-05 2.064E+03 4.115E-01 2.221E+00 2.000E+00
9.649E+07 5.213E+02 8.780E-02 1.663E-04 3.092E-05 1.978E+03 4.124E-01 2.222E+00 2.000E+00
1.420E+08 3.065E+02 9.995E-02 1.663E-04 4.845E-05 2.658E+03 4.140E-01 2.222E+00 2.000E+00
6.632E+07 3.129E+02 9.966E-02 1.663E-04 8.058E-05 2.594E+03 4.171E-01 2.223E+00 2.000E+00
8.836E+07 4.300E+02 9.284E-02 1.663E-04 1.395E-04 2.100E+03 4.227E-01 2.224E+00 2.000E+00
3.209E+07 2.724E+02 1.028E-01 1.663E-04 2.474E-04 3.018E+03 4.329E-01 2.226E+00 2.000E+00
8.358E+07 2.741E+02 1.034E-01 1.663E-04 4.453E-04 2.945E+03 4.511E-01 2.231E+00 2.000E+00
5.195E+07 2.548E+02 1.062E-01 1.663E-04 8.080E-04 3.173E+03 4.842E-01 2.239E+00 2.000E+00
4.211E+07 2.122E+02 1.125E-01 1.663E-04 1.473E-03 4.363E+03 5.425E-01 2.255E+00 2.000E+00
NAN NAN NAN 1.663E-04 2.691E-03 NAN 6.395E-01 2.283E+00 2.000E+00
NAN NAN NAN 1.663E-04 4.925E-03 NAN 7.753E-01 2.334E+00 2.000E+00
1.853E+08 3.410E+02 9.774E-02 2.104E-04 9.925E-06 2.395E+03 4.106E-01 2.221E+00 2.000E+00
7.380E+07 2.937E+02 1.006E-01 2.104E-04 9.966E-06 2.806E+03 4.106E-01 2.221E+00 2.000E+00
1.163E+10 4.204E+02 9.309E-02 2.104E-04 1.004E-05 2.080E+03 4.106E-01 2.221E+00 2.000E+00
1.077E+08 4.728E+02 9.024E-02 2.104E-04 1.018E-05 1.982E+03 4.106E-01 2.221E+00 2.000E+00
2.742E+07 2.663E+02 1.022E-01 2.104E-04 1.043E-05 3.247E+03 4.106E-01 2.221E+00 2.000E+00
2.616E+07 6.097E+02 8.365E-02 2.104E-04 1.089E-05 2.124E+03 4.107E-01 2.221E+00 2.000E+00
1.591E+08 5.513E+02 8.631E-02 2.104E-04 1.174E-05 1.969E+03 4.107E-01 2.221E+00 2.000E+00
4.386E+08 5.749E+02 8.521E-02 2.104E-04 1.329E-05 2.007E+03 4.109E-01 2.221E+00 2.000E+00
4.610E+07 4.907E+02 8.931E-02 2.104E-04 1.614E-05 1.969E+03 4.112E-01 2.221E+00 2.000E+00
4.637E+07 4.201E+02 9.314E-02 2.104E-04 2.136E-05 2.085E+03 4.117E-01 2.221E+00 2.000E+00
3.584E+07 4.778E+02 9.001E-02 2.104E-04 3.092E-05 1.987E+03 4.126E-01 2.222E+00 2.000E+00
1.240E+08 2.785E+02 1.016E-01 2.104E-04 4.845E-05 3.004E+03 4.142E-01 2.222E+00 2.000E+00
8.975E+07 5.420E+02 8.687E-02 2.104E-04 8.058E-05 2.045E+03 4.173E-01 2.223E+00 2.000E+00
2.437E+07 2.911E+02 1.012E-01 2.104E-04 1.395E-04 2.804E+03 4.229E-01 2.224E+00 2.000E+00
2.781E+07 4.982E+02 8.936E-02 2.104E-04 2.474E-04 2.225E+03 4.331E-01 2.226E+00 2.000E+00
3.844E+08 3.256E+02 1.000E-01 2.104E-04 4.453E-04 2.531E+03 4.513E-01 2.231E+00 2.000E+00
4.910E+07 3.322E+02 1.007E-01 2.104E-04 8.080E-04 2.837E+03 4.844E-01 2.239E+00 2.000E+00
3.180E+07 2.166E+02 1.122E-01 2.104E-04 1.473E-03 4.420E+03 5.427E-01 2.255E+00 2.000E+00
NAN NAN NAN 2.104E-04 2.691E-03 NAN 6.397E-01 2.283E+00 2.000E+00
NAN NAN NAN 2.104E-04 4.925E-03 NAN 7.755E-01 2.334E+00 2.000E+00
1.177E+08 5.566E+02 8.606E-02 2.661E-04 9.925E-06 1.975E+03 4.108E-01 2.221E+00 2.000E+00
5.150E+07 3.720E+02 9.589E-02 2.661E-04 9.966E-06 2.249E+03 4.108E-01 2.221E+00 2.000E+00
5.481E+07 5.291E+02 8.738E-02 2.661E-04 1.004E-05 1.957E+03 4.108E-01 2.221E+00 2.000E+00
1.052E+08 5.543E+02 8.617E-02 2.661E-04 1.018E-05 1.974E+03 4.109E-01 2.221E+00 2.000E+00
2.096E+07 6.097E+02 8.365E-02 2.661E-04 1.043E-05 2.135E+03 4.109E-01 2.221E+00 2.000E+00
5.969E+07 2.565E+02 1.028E-01 2.661E-04 1.089E-05 3.489E+03 4.109E-01 2.221E+00 2.000E+00
5.320E+09 3.166E+02 9.922E-02 2.661E-04 1.174E-05 2.573E+03 4.110E-01 2.221E+00 2.000E+00
2.526E+07 4.203E+02 9.311E-02 2.661E-04 1.329E-05 2.078E+03 4.111E-01 2.221E+00 2.000E+00
3.912E+07 4.139E+02 9.347E-02 2.661E-04 1.614E-05 2.095E+03 4.114E-01 2.221E+00 2.000E+00
6.097E+07 5.586E+02 8.598E-02 2.661E-04 2.136E-05 1.993E+03 4.119E-01 2.221E+00 2.000E+00
2.261E+07 2.678E+02 1.022E-01 2.661E-04 3.092E-05 3.206E+03 4.128E-01 2.222E+00 2.000E+00
3.885E+07 3.024E+02 1.002E-01 2.661E-04 4.845E-05 2.703E+03 4.145E-01 2.222E+00 2.000E+00
2.114E+07 4.249E+02 9.300E-02 2.661E-04 8.058E-05 2.088E+03 4.175E-01 2.223E+00 2.000E+00
6.493E+07 5.632E+02 8.595E-02 2.661E-04 1.395E-04 2.274E+03 4.231E-01 2.224E+00 2.000E+00
2.989E+07 4.143E+02 9.399E-02 2.661E-04 2.474E-04 2.204E+03 4.333E-01 2.226E+00 2.000E+00
2.182E+07 3.377E+02 9.924E-02 2.661E-04 4.453E-04 2.477E+03 4.516E-01 2.231E+00 2.000E+00
5.508E+07 2.382E+02 1.074E-01 2.661E-04 8.080E-04 3.421E+03 4.847E-01 2.239E+00 2.000E+00
4.689E+07 2.139E+02 1.124E-01 2.661E-04 1.473E-03 4.398E+03 5.430E-01 2.255E+00 2.000E+00
NAN NAN NAN 2.661E-04 2.691E-03 NAN 6.400E-01 2.283E+00 2.000E+00
NAN NAN NAN 2.661E-04 4.925E-03 NAN 7.757E-01 2.334E+00 2.000E+00
1.115E+08 2.783E+02 1.015E-01 3.366E-04 9.925E-06 3.025E+03 4.111E-01 2.221E+00 2.000E+00
4.120E+07 6.097E+02 8.365E-02 3.366E-04 9.966E-06 2.136E+03 4.112E-01 2.221E+00 2.000E+00
4.648E+08 6.184E+02 8.327E-02 3.366E-04 1.004E-05 2.194E+03 4.112E-01 2.221E+00 2.000E+00
5.901E+08 2.618E+02 1.025E-01 3.366E-04 1.018E-05 3.350E+03 4.112E-01 2.221E+00 2.000E+00
1.538E+08 3.460E+02 9.744E-02 3.366E-04 1.043E-05 2.366E+03 4.112E-01 2.221E+00 2.000E+00
4.153E+07 2.877E+02 1.010E-01 3.366E-04 1.089E-05 2.884E+03 4.112E-01 2.221E+00 2.000E+00
4.060E+07 3.867E+02 9.503E-02 3.366E-04 1.174E-05 2.179E+03 4.113E-01 2.221E+00 2.000E+00
2.617E+07 3.655E+02 9.628E-02 3.366E-04 1.329E-05 2.266E+03 4.115E-01 2.221E+00 2.000E+00
2.443E+08 4.377E+02 9.214E-02 3.366E-04 1.614E-05 2.041E+03 4.117E-01 2.221E+00 2.000E+00
2.924E+07 3.488E+02 9.730E-02 3.366E-04 2.136E-05 2.351E+03 4.122E-01 2.221E+00 2.000E+00
3.879E+07 4.947E+02 8.914E-02 3.366E-04 3.092E-05 1.979E+03 4.131E-01 2.222E+00 2.000E+00
4.597E+08 3.047E+02 1.001E-01 3.366E-04 4.845E-05 2.677E+03 4.148E-01 2.222E+00 2.000E+00
3.843E+07 4.065E+02 9.405E-02 3.366E-04 8.058E-05 2.132E+03 4.179E-01 2.223E+00 2.000E+00
5.793E+08 4.509E+02 9.168E-02 3.366E-04 1.395E-04 2.077E+03 4.235E-01 2.224E+00 2.000E+00
8.631E+08 4.846E+02 9.007E-02 3.366E-04 2.474E-04 2.195E+03 4.337E-01 2.226E+00 2.000E+00
2.263E+09 2.248E+02 1.066E-01 3.366E-04 4.453E-04 4.069E+03 4.519E-01 2.231E+00 2.000E+00
2.409E+07 2.166E+02 1.089E-01 3.366E-04 8.080E-04 3.955E+03 4.850E-01 2.239E+00 2.000E+00
7.364E+07 2.106E+02 1.127E-01 3.366E-04 1.473E-03 4.388E+03 5.433E-01 2.255E+00 2.000E+00
NAN NAN NAN 3.366E-04 2.691E-03 NAN 6.403E-01 2.283E+00 2.000E+00
NAN NAN NAN 3.366E-04 4.925E-03 NAN 7.761E-01 2.334E+00 2.000E+00
6.684E+07 2.805E+02 1.014E-01 4.257E-04 9.925E-06 2.992E+03 4.116E-01 2.221E+00 2.000E+00
4.030E+08 2.635E+02 1.024E-01 4.257E-04 9.966E-06 3.311E+03 4.116E-01 2.221E+00 2.000E+00
3.373E+08 5.545E+02 8.616E-02 4.257E-04 1.004E-05 1.980E+03 4.116E-01 2.221E+00 2.000E+00
5.449E+08 5.218E+02 8.774E-02 4.257E-04 1.018E-05 2.011E+03 4.116E-01 2.221E+00 2.000E+00
6.280E+07 5.133E+02 8.816E-02 4.257E-04 1.043E-05 2.004E+03 4.116E-01 2.221E+00 2.000E+00
2.495E+07 4.267E+02 9.274E-02 4.257E-04 1.089E-05 2.064E+03 4.116E-01 2.221E+00 2.000E+00
3.675E+07 6.141E+02 8.346E-02 4.257E-04 1.174E-05 2.182E+03 4.117E-01 2.221E+00 2.000E+00
4.797E+07 5.074E+02 8.846E-02 4.257E-04 1.329E-05 1.965E+03 4.119E-01 2.221E+00 2.000E+00
2.739E+07 3.527E+02 9.705E-02 4.257E-04 1.614E-05 2.330E+03 4.121E-01 2.221E+00 2.000E+00
2.140E+08 6.030E+02 8.396E-02 4.257E-04 2.136E-05 2.149E+03 4.126E-01 2.221E+00 2.000E+00
2.974E+07 4.198E+02 9.318E-02 4.257E-04 3.092E-05 2.086E+03 4.135E-01 2.222E+00 2.000E+00
2.882E+08 5.056E+02 8.862E-02 4.257E-04 4.845E-05 1.991E+03 4.152E-01 2.222E+00 2.000E+00
4.928E+07 3.275E+02 9.877E-02 4.257E-04 8.058E-05 2.485E+03 4.183E-01 2.223E+00 2.000E+00
1.421E+08 5.461E+02 8.677E-02 4.257E-04 1.395E-04 2.188E+03 4.239E-01 2.224E+00 2.000E+00
5.006E+08 4.806E+02 9.029E-02 4.257E-04 2.474E-04 2.193E+03 4.341E-01 2.226E+00 2.000E+00
1.304E+08 2.947E+02 1.021E-01 4.257E-04 4.453E-04 2.740E+03 4.523E-01 2.231E+00 2.000E+00
3.121E+07 2.783E+02 1.045E-01 4.257E-04 8.080E-04 2.962E+03 4.855E-01 2.239E+00 2.000E+00
1.385E+08 2.184E+02 1.120E-01 4.257E-04 1.473E-03 4.526E+03 5.437E-01 2.255E+00 2.000E+00
NAN NAN NAN 4.257E-04 2.691E-03 NAN 6.407E-01 2.283E+00 2.000E+00
NAN NAN NAN 4.257E-04 4.925E-03 NAN 7.765E-01 2.334E+00 2.000E+00
8.519E+07 4.238E+02 9.290E-02 5.385E-04 9.925E-06 2.073E+03 4.121E-01 2.221E+00 2.000E+00
2.853E+07 4.267E+02 9.274E-02 5.385E-04 9.966E-06 2.066E+03 4.121E-01 2.221E+00 2.000E+00
1.285E+08 3.769E+02 9.560E-02 5.385E-04 1.004E-05 2.219E+03 4.121E-01 2.221E+00 2.000E+00
6.752E+07 3.307E+02 9.836E-02 5.385E-04 1.018E-05 2.466E+03 4.121E-01 2.221E+00 2.000E+00
5.792E+07 5.832E+02 8.483E-02 5.385E-04 1.043E-05 2.045E+03 4.121E-01 2.221E+00 2.000E+00
4.878E+07 6.141E+02 8.346E-02 5.385E-04 1.089E-05 2.195E+03 4.122E-01 2.221E+00 2.000E+00
3.759E+07 2.979E+02 1.003E-01 5.385E-04 1.174E-05 2.759E+03 4.122E-01 2.221E+00 2.000E+00
2.346E+09 5.145E+02 8.811E-02 5.385E-04 1.329E-05 1.968E+03 4.124E-01 2.221E+00 2.000E+00
1.624E+08 5.073E+02 8.847E-02 5.385E-04 1.614E-05 1.972E+03 4.127E-01 2.221E+00 2.000E+00
2.333E+08 4.586E+02 9.102E-02 5.385E-04 2.136E-05 2.012E+03 4.131E-01 2.221E+00 2.000E+00
3.000E+07 4.936E+02 8.919E-02 5.385E-04 3.092E-05 1.986E+03 4.141E-01 2.222E+00 2.000E+00
7.127E+07 4.672E+02 9.061E-02 5.385E-04 4.845E-05 2.015E+03 4.157E-01 2.222E+00 2.000E+00
2.909E+09 2.981E+02 1.006E-01 5.385E-04 8.058E-05 2.740E+03 4.188E-01 2.223E+00 2.000E+00
3.124E+07 5.438E+02 8.688E-02 5.385E-04 1.395E-04 2.222E+03 4.244E-01 2.224E+00 2.000E+00
2.328E+08 3.985E+02 9.492E-02 5.385E-04 2.474E-04 2.218E+03 4.346E-01 2.226E+00 2.000E+00
4.639E+07 2.990E+02 1.018E-01 5.385E-04 4.453E-04 2.706E+03 4.528E-01 2.231E+00 2.000E+00
2.128E+07 3.131E+02 1.020E-01 5.385E-04 8.080E-04 2.838E+03 4.860E-01 2.239E+00 2.000E+00
2.342E+07 2.162E+02 1.122E-01 5.385E-04 1.473E-03 4.500E+03 5.443E-01 2.255E+00 2.000E+00
NAN NAN NAN 5.385E-04 2.691E-03 NAN 6.413E-01 2.283E+00 2.000E+00
NAN NAN NAN 5.385E-04 4.925E-03 NAN 7.771E-01 2.334E+00 2.000E+00
9.408E+07 3.262E+02 9.863E-02 6.811E-04 9.925E-06 2.500E+03 4.127E-01 2.221E+00 2.000E+00
3.109E+08 3.472E+02 9.737E-02 6.811E-04 9.966E-06 2.363E+03 4.127E-01 2.221E+00 2.000E+00
1.154E+08 4.682E+02 9.048E-02 6.811E-04 1.004E-05 2.010E+03 4.127E-01 2.221E+00 2.000E+00
3.257E+07 3.499E+02 9.721E-02 6.811E-04 1.018E-05 2.348E+03 4.127E-01 2.221E+00 2.000E+00
1.255E+08 2.959E+02 1.005E-01 6.811E-04 1.043E-05 2.783E+03 4.128E-01 2.221E+00 2.000E+00
6.837E+08 5.777E+02 8.508E-02 6.811E-04 1.089E-05 2.047E+03 4.128E-01 2.221E+00 2.000E+00
5.539E+07 5.528E+02 8.624E-02 6.811E-04 1.174E-05 1.993E+03 4.129E-01 2.221E+00 2.000E+00
1.912E+08 4.377E+02 9.214E-02 6.811E-04 1.329E-05 2.046E+03 4.130E-01 2.221E+00 2.000E+00
6.516E+07 2.666E+02 1.022E-01 6.811E-04 1.614E-05 3.237E+03 4.133E-01 2.221E+00 2.000E+00
1.194E+08 5.908E+02 8.450E-02 6.811E-04 2.136E-05 2.109E+03 4.138E-01 2.221E+00 2.000E+00
3.314E+07 4.902E+02 8.937E-02 6.811E-04 3.092E-05 1.990E+03 4.147E-01 2.222E+00 2.000E+00
1.149E+08 3.794E+02 9.555E-02 6.811E-04 4.845E-05 2.216E+03 4.164E-01 2.222E+00 2.000E+00
3.134E+07 2.547E+02 1.032E-01 6.811E-04 8.058E-05 3.469E+03 4.194E-01 2.223E+00 2.000E+00
3.606E+08 5.296E+02 8.758E-02 6.811E-04 1.395E-04 2.146E+03 4.250E-01 2.224E+00 2.000E+00
1.217E+08 5.025E+02 8.914E-02 6.811E-04 2.474E-04 2.300E+03 4.352E-01 2.226E+00 2.000E+00
7.241E+08 2.580E+02 1.045E-01 6.811E-04 4.453E-04 3.183E+03 4.535E-01 2.231E+00 2.000E+00
2.762E+08 2.070E+02 1.095E-01 6.811E-04 8.080E-04 4.344E+03 4.867E-01 2.239E+00 2.000E+00
2.308E+08 2.063E+02 1.131E-01 6.811E-04 1.473E-03 4.439E+03 5.450E-01 2.255E+00 2.000E+00
NAN NAN NAN 6.811E-04 2.691E-03 NAN 6.420E-01 2.283E+00 2.000E+00
NAN NAN NAN 6.811E-04 4.925E-03 NAN 7.778E-01 2.334E+00 2.000E+00
4.716E+07 6.096E+02 8.365E-02 8.615E-04 9.925E-06 2.203E+03 4.135E-01 2.221E+00 2.000E+00
1.323E+09 4.395E+02 9.203E-02 8.615E-04 9.966E-06 2.045E+03 4.135E-01 2.221E+00 2.000E+00
8.925E+07 6.059E+02 8.381E-02 8.615E-04 1.004E-05 2.177E+03 4.135E-01 2.221E+00 2.000E+00
3.696E+07 2.723E+02 1.019E-01 8.615E-04 1.018E-05 3.131E+03 4.135E-01 2.221E+00 2.000E+00
7.267E+07 5.217E+02 8.775E-02 8.615E-04 1.043E-05 1.979E+03 4.136E-01 2.221E+00 2.000E+00
1.416E+08 5.437E+02 8.668E-02 8.615E-04 1.089E-05 1.990E+03 4.136E-01 2.221E+00 2.000E+00
2.573E+07 5.741E+02 8.525E-02 8.615E-04 1.174E-05 2.044E+03 4.137E-01 2.221E+00 2.000E+00
1.870E+08 5.190E+02 8.788E-02 8.615E-04 1.329E-05 1.983E+03 4.138E-01 2.221E+00 2.000E+00
6.499E+07 6.006E+02 8.406E-02 8.615E-04 1.614E-05 2.165E+03 4.141E-01 2.221E+00 2.000E+00
1.957E+07 4.648E+02 9.069E-02 8.615E-04 2.136E-05 2.011E+03 4.146E-01 2.221E+00 2.000E+00
6.262E+07 4.789E+02 8.996E-02 8.615E-04 3.092E-05 2.002E+03 4.155E-01 2.222E+00 2.000E+00
1.144E+08 5.502E+02 8.643E-02 8.615E-04 4.845E-05 2.049E+03 4.172E-01 2.222E+00 2.000E+00
1.513E+08 3.333E+02 9.842E-02 8.615E-04 8.058E-05 2.450E+03 4.202E-01 2.223E+00 2.000E+00
4.832E+07 4.951E+02 8.932E-02 8.615E-04 1.395E-04 2.090E+03 4.258E-01 2.224E+00 2.000E+00
1.840E+07 4.650E+02 9.113E-02 8.615E-04 2.474E-04 2.192E+03 4.361E-01 2.226E+00 2.000E+00
1.086E+08 3.266E+02 9.997E-02 8.615E-04 4.453E-04 2.541E+03 4.543E-01 2.231E+00 2.000E+00
4.481E+07 3.338E+02 1.006E-01 8.615E-04 8.080E-04 2.909E+03 4.875E-01 2.239E+00 2.000E+00
1.481E+08 2.060E+02 1.131E-01 8.615E-04 1.473E-03 4.472E+03 5.458E-01 2.255E+00 2.000E+00
NAN NAN NAN 8.615E-04 2.691E-03 NAN 6.429E-01 2.283E+00 2.000E+00
NAN NAN NAN 8.615E-04 4.925E-03 NAN 7.786E-01 2.334E+00 2.000E+00
2.202E+08 3.890E+02 9.490E-02 1.090E-03 9.925E-06 2.181E+03 4.146E-01 2.221E+00 2.000E+00
4.584E+08 4.076E+02 9.382E-02 1.090E-03 9.966E-06 2.123E+03 4.146E-01 2.221E+00 2.000E+00
1.228E+08 5.741E+02 8.525E-02 1.090E-03 1.004E-05 2.057E+03 4.146E-01 2.221E+00 2.000E+00
4.367E+07 4.202E+02 9.311E-02 1.090E-03 1.018E-05 2.090E+03 4.146E-01 2.221E+00 2.000E+00
3.409E+08 5.819E+02 8.489E-02 1.090E-03 1.043E-05 2.082E+03 4.146E-01 2.221E+00 2.000E+00
3.155E+07 2.531E+02 1.030E-01 1.090E-03 1.089E-05 3.583E+03 4.146E-01 2.221E+00 2.000E+00
2.222E+08 5.073E+02 8.847E-02 1.090E-03 1.174E-05 1.984E+03 4.147E-01 2.221E+00 2.000E+00
1.051E+08 6.043E+02 8.389E-02 1.090E-03 1.329E-05 2.210E+03 4.149E-01 2.221E+00 2.000E+00
6.452E+08 3.965E+02 9.448E-02 1.090E-03 1.614E-05 2.157E+03 4.151E-01 2.221E+00 2.000E+00
4.408E+07 4.132E+02 9.353E-02 1.090E-03 2.136E-05 2.111E+03 4.156E-01 2.221E+00 2.000E+00
8.848E+07 3.310E+02 9.841E-02 1.090E-03 3.092E-05 2.468E+03 4.166E-01 2.222E+00 2.000E+00
7.036E+07 2.520E+02 1.032E-01 1.090E-03 4.845E-05 3.578E+03 4.182E-01 2.222E+00 2.000E+00
1.871E+08 5.275E+02 8.758E-02 1.090E-03 8.058E-05 2.070E+03 4.213E-01 2.223E+00 2.000E+00
6.044E+07 4.263E+02 9.306E-02 1.090E-03 1.395E-04 2.127E+03 4.269E-01 2.224E+00 2.000E+00
1.119E+08 3.121E+02 1.003E-01 1.090E-03 2.474E-04 2.602E+03 4.371E-01 2.226E+00 2.000E+00
2.796E+07 3.058E+02 1.013E-01 1.090E-03 4.453E-04 2.666E+03 4.554E-01 2.231E+00 2.000E+00
6.692E+07 2.524E+02 1.064E-01 1.090E-03 8.080E-04 3.228E+03 4.886E-01 2.239E+00 2.000E+00
1.402E+07 2.140E+02 1.124E-01 1.090E-03 1.473E-03 4.616E+03 5.469E-01 2.255E+00 2.000E+00
NAN NAN NAN 1.090E-03 2.691E-03 NAN 6.440E-01 2.283E+00 2.000E+00
NAN NAN NAN 1.090E-03 4.925E-03 NAN 7.798E-01 2.334E+00 2.000E+00
4.406E+07 6.009E+02 8.404E-02 1.378E-03 9.925E-06 2.211E+03 4.159E-01 2.221E+00 2.000E+00
1.527E+08 6.009E+02 8.404E-02 1.378E-03 9.966E-06 2.211E+03 4.159E-01 2.221E+00 2.000E+00
1.931E+08 6.031E+02 8.394E-02 1.378E-03 1.004E-05 2.228E+03 4.159E-01 2.221E+00 2.000E+00
9.393E+07 4.707E+02 9.035E-02 1.378E-03 1.018E-05 2.011E+03 4.159E-01 2.221E+00 2.000E+00
2.943E+07 4.906E+02 8.931E-02 1.378E-03 1.043E-05 1.996E+03 4.159E-01 2.221E+00 2.000E+00
1.718E+08 4.591E+02 9.097E-02 1.378E-03 1.089E-05 2.025E+03 4.160E-01 2.221E+00 2.000E+00
2.564E+08 4.820E+02 8.976E-02 1.378E-03 1.174E-05 2.002E+03 4.160E-01 2.221E+00 2.000E+00
1.670E+07 4.647E+02 9.068E-02 1.378E-03 1.329E-05 2.019E+03 4.162E-01 2.221E+00 2.000E+00
2.168E+07 2.865E+02 1.011E-01 1.378E-03 1.614E-05 2.905E+03 4.165E-01 2.221E+00 2.000E+00
6.424E+07 4.340E+02 9.236E-02 1.378E-03 2.136E-05 2.070E+03 4.169E-01 2.221E+00 2.000E+00
5.442E+07 5.972E+02 8.423E-02 1.378E-03 3.092E-05 2.273E+03 4.179E-01 2.222E+00 2.000E+00
1.878E+08 4.226E+02 9.306E-02 1.378E-03 4.845E-05 2.102E+03 4.195E-01 2.222E+00 2.000E+00
3.062E+07 5.171E+02 8.810E-02 1.378E-03 8.058E-05 2.067E+03 4.226E-01 2.223E+00 2.000E+00
6.712E+07 2.791E+02 1.020E-01 1.378E-03 1.395E-04 2.966E+03 4.282E-01 2.224E+00 2.000E+00
2.648E+08 2.638E+02 1.033E-01 1.378E-03 2.474E-04 3.169E+03 4.384E-01 2.226E+00 2.000E+00
2.360E+07 4.337E+02 9.331E-02 1.378E-03 4.453E-04 2.527E+03 4.567E-01 2.231E+00 2.000E+00
1.015E+08 3.055E+02 1.026E-01 1.378E-03 8.080E-04 2.897E+03 4.899E-01 2.239E+00 2.000E+00
1.275E+08 2.108E+02 1.127E-01 1.378E-03 1.473E-03 4.632E+03 5.483E-01 2.255E+00 2.000E+00
NAN NAN NAN 1.378E-03 2.691E-03 NAN 6.455E-01 2.283E+00 2.000E+00
NAN NAN NAN 1.378E-03 4.925E-03 NAN 7.812E-01 2.334E+00 2.000E+00
1.759E+08 4.264E+02 9.276E-02 1.743E-03 9.925E-06 2.091E+03 4.175E-01 2.221E+00 2.000E+00
3.468E+08 5.152E+02 8.807E-02 1.743E-03 9.966E-06 2.006E+03 4.175E-01 2.221E+00 2.000E+00
5.402E+07 5.010E+02 8.879E-02 1.743E-03 1.004E-05 2.003E+03 4.175E-01 2.221E+00 2.000E+00
1.778E+09 5.042E+02 8.862E-02 1.743E-03 1.018E-05 2.003E+03 4.175E-01 2.221E+00 2.000E+00
5.897E+08 4.647E+02 9.067E-02 1.743E-03 1.043E-05 2.026E+03 4.176E-01 2.221E+00 2.000E+00
5.415E+07 5.215E+02 8.776E-02 1.743E-03 1.089E-05 2.009E+03 4.176E-01 2.221E+00 2.000E+00
6.658E+08 2.938E+02 1.006E-01 1.743E-03 1.174E-05 2.816E+03 4.177E-01 2.221E+00 2.000E+00
1.926E+08 5.394E+02 8.689E-02 1.743E-03 1.329E-05 2.058E+03 4.178E-01 2.221E+00 2.000E+00
6.004E+07 4.323E+02 9.245E-02 1.743E-03 1.614E-05 2.077E+03 4.181E-01 2.221E+00 2.000E+00
5.567E+07 3.172E+02 9.923E-02 1.743E-03 2.136E-05 2.580E+03 4.186E-01 2.221E+00 2.000E+00
3.445E+08 3.048E+02 1.000E-01 1.743E-03 3.092E-05 2.690E+03 4.195E-01 2.222E+00 2.000E+00
1.318E+08 5.205E+02 8.787E-02 1.743E-03 4.845E-05 2.050E+03 4.212E-01 2.222E+00 2.000E+00
2.167E+07 5.705E+02 8.552E-02 1.743E-03 8.058E-05 2.311E+03 4.242E-01 2.223E+00 2.000E+00
3.707E+07 3.614E+02 9.688E-02 1.743E-03 1.395E-04 2.320E+03 4.298E-01 2.224E+00 2.000E+00
6.436E+09 4.881E+02 8.989E-02 1.743E-03 2.474E-04 2.316E+03 4.401E-01 2.227E+00 2.000E+00
9.910E+08 2.017E+02 1.079E-01 1.743E-03 4.453E-04 5.369E+03 4.584E-01 2.231E+00 2.000E+00
9.976E+07 3.434E+02 9.995E-02 1.743E-03 8.080E-04 3.142E+03 4.916E-01 2.239E+00 2.000E+00
5.487E+07 2.037E+02 1.133E-01 1.743E-03 1.473E-03 4.639E+03 5.500E-01 2.255E+00 2.000E+00
NAN NAN NAN 1.743E-03 2.691E-03 NAN 6.473E-01 2.283E+00 2.000E+00
NAN NAN NAN 1.743E-03 4.925E-03 NAN 7.829E-01 2.334E+00 2.000E+00
3.508E+08 5.622E+02 8.580E-02 2.205E-03 9.925E-06 2.101E+03 4.196E-01 2.221E+00 2.000E+00
6.643E+07 5.727E+02 8.531E-02 2.205E-03 9.966E-06 2.141E+03 4.196E-01 2.221E+00 2.000E+00
1.850E+08 5.112E+02 8.827E-02 2.205E-03 1.004E-05 2.022E+03 4.196E-01 2.221E+00 2.000E+00
1.732E+08 5.056E+02 8.855E-02 2.205E-03 1.018E-05 2.019E+03 4.196E-01 2.221E+00 2.000E+00
6.615E+07 3.804E+02 9.541E-02 2.205E-03 1.043E-05 2.227E+03 4.197E-01 2.221E+00 2.000E+00
9.593E+07 5.269E+02 8.749E-02 2.205E-03 1.089E-05 2.059E+03 4.197E-01 2.221E+00 2.000E+00
4.008E+07 5.675E+02 8.556E-02 2.205E-03 1.174E-05 2.124E+03 4.198E-01 2.221E+00 2.000E+00
1.197E+08 5.859E+02 8.472E-02 2.205E-03 1.329E-05 2.227E+03 4.199E-01 2.221E+00 2.000E+00
1.272E+08 4.757E+02 9.010E-02 2.205E-03 1.614E-05 2.032E+03 4.202E-01 2.221E+00 2.000E+00
5.489E+07 3.167E+02 9.926E-02 2.205E-03 2.136E-05 2.588E+03 4.207E-01 2.221E+00 2.000E+00
1.039E+08 4.223E+02 9.304E-02 2.205E-03 3.092E-05 2.112E+03 4.216E-01 2.222E+00 2.000E+00
9.398E+07 4.473E+02 9.169E-02 2.205E-03 4.845E-05 2.077E+03 4.233E-01 2.222E+00 2.000E+00
5.887E+07 2.503E+02 1.035E-01 2.205E-03 8.058E-05 3.595E+03 4.263E-01 2.223E+00 2.000E+00
5.105E+07 2.968E+02 1.009E-01 2.205E-03 1.395E-04 2.758E+03 4.319E-01 2.224E+00 2.000E+00
6.032E+07 4.116E+02 9.416E-02 2.205E-03 2.474E-04 2.242E+03 4.422E-01 2.227E+00 2.000E+00
2.977E+07 3.326E+02 9.959E-02 2.205E-03 4.453E-04 2.546E+03 4.605E-01 2.231E+00 2.000E+00
3.990E+08 2.264E+02 1.082E-01 2.205E-03 8.080E-04 3.706E+03 4.938E-01 2.239E+00 2.000E+00
4.723E+07 2.080E+02 1.130E-01 2.205E-03 1.473E-03 4.824E+03 5.522E-01 2.255E+00 2.000E+00
NAN NAN NAN 2.205E-03 2.691E-03 NAN 6.496E-01 2.283E+00 2.000E+00
NAN NAN NAN 2.205E-03 4.925E-03 NAN 7.852E-01 2.334E+00 2.000E+00
3.895E+07 4.655E+02 9.063E-02 2.789E-03 9.925E-06 2.050E+03 4.222E-01 2.221E+00 2.000E+00
1.015E+09 4.655E+02 9.063E-02 2.789E-03 9.966E-06 2.050E+03 4.223E-01 2.221E+00 2.000E+00
3.178E+07 5.213E+02 8.777E-02 2.789E-03 1.004E-05 2.052E+03 4.223E-01 2.221E+00 2.000E+00
6.113E+08 4.974E+02 8.896E-02 2.789E-03 1.018E-05 2.048E+03 4.223E-01 2.221E+00 2.000E+00
5.159E+07 5.508E+02 8.634E-02 2.789E-03 1.043E-05 2.109E+03 4.223E-01 2.221E+00 2.000E+00
3.567E+08 4.444E+02 9.178E-02 2.789E-03 1.089E-05 2.076E+03 4.223E-01 2.221E+00 2.000E+00
2.022E+08 3.215E+02 9.895E-02 2.789E-03 1.174E-05 2.556E+03 4.224E-01 2.221E+00 2.000E+00
3.501E+07 4.009E+02 9.423E-02 2.789E-03 1.329E-05 2.169E+03 4.226E-01 2.221E+00 2.000E+00
9.224E+07 3.724E+02 9.590E-02 2.789E-03 1.614E-05 2.267E+03 4.228E-01 2.221E+00 2.000E+00
4.840E+07 3.048E+02 9.999E-02 2.789E-03 2.136E-05 2.701E+03 4.233E-01 2.221E+00 2.000E+00
3.901E+07 2.550E+02 1.030E-01 2.789E-03 3.092E-05 3.509E+03 4.242E-01 2.222E+00 2.000E+00
4.110E+08 3.435E+02 9.772E-02 2.789E-03 4.845E-05 2.410E+03 4.259E-01 2.222E+00 2.000E+00
5.750E+07 4.132E+02 9.368E-02 2.789E-03 8.058E-05 2.162E+03 4.290E-01 2.223E+00 2.000E+00
3.826E+07 4.981E+02 8.917E-02 2.789E-03 1.395E-04 2.205E+03 4.346E-01 2.224E+00 2.000E+00
2.272E+07 2.611E+02 1.035E-01 2.789E-03 2.474E-04 3.228E+03 4.448E-01 2.227E+00 2.000E+00
2.590E+07 3.367E+02 9.933E-02 2.789E-03 4.453E-04 2.547E+03 4.632E-01 2.231E+00 2.000E+00
4.237E+07 2.907E+02 1.037E-01 2.789E-03 8.080E-04 3.010E+03 4.966E-01 2.239E+00 2.000E+00
7.899E+06 2.047E+02 1.132E-01 2.789E-03 1.473E-03 4.935E+03 5.550E-01 2.255E+00 2.000E+00
NAN NAN NAN 2.789E-03 2.691E-03 NAN 6.525E-01 2.283E+00 2.000E+00
NAN NAN NAN 2.789E-03 4.925E-03 NAN 7.880E-01 2.334E+00 2.000E+00
3.487E+07 3.049E+02 9.995E-02 3.528E-03 9.925E-06 2.748E+03 4.256E-01 2.221E+00 2.000E+00
4.492E+08 3.049E+02 9.995E-02 3.528E-03 9.966E-06 2.708E+03 4.256E-01 2.221E+00 2.000E+00
2.602E+08 3.351E+02 9.812E-02 3.528E-03 1.004E-05 2.467E+03 4.256E-01 2.221E+00 2.000E+00
2.541E+08 5.762E+02 8.516E-02 3.528E-03 1.018E-05 2.329E+03 4.256E-01 2.221E+00 2.000E+00
3.100E+07 5.284E+02 8.742E-02 3.528E-03 1.043E-05 2.101E+03 4.256E-01 2.221E+00 2.000E+00
5.063E+08 5.068E+02 8.850E-02 3.528E-03 1.089E-05 2.072E+03 4.257E-01 2.221E+00 2.000E+00
1.748E+08 4.857E+02 8.958E-02 3.528E-03 1.174E-05 2.065E+03 4.258E-01 2.221E+00 2.000E+00
1.928E+07 3.403E+02 9.782E-02 3.528E-03 1.329E-05 2.442E+03 4.259E-01 2.221E+00 2.000E+00
2.913E+08 4.978E+02 8.896E-02 3.528E-03 1.614E-05 2.232E+03 4.262E-01 2.221E+00 2.000E+00
1.136E+08 2.929E+02 1.007E-01 3.528E-03 2.136E-05 2.838E+03 4.267E-01 2.221E+00 2.000E+00
2.912E+07 2.562E+02 1.029E-01 3.528E-03 3.092E-05 3.478E+03 4.276E-01 2.222E+00 2.000E+00
8.181E+07 4.637E+02 9.081E-02 3.528E-03 4.845E-05 2.099E+03 4.293E-01 2.222E+00 2.000E+00
1.750E+08 4.702E+02 9.053E-02 3.528E-03 8.058E-05 2.126E+03 4.323E-01 2.223E+00 2.000E+00
1.502E+08 2.755E+02 1.022E-01 3.528E-03 1.395E-04 3.036E+03 4.379E-01 2.224E+00 2.000E+00
4.603E+07 4.328E+02 9.294E-02 3.528E-03 2.474E-04 2.293E+03 4.482E-01 2.227E+00 2.000E+00
4.376E+07 4.026E+02 9.517E-02 3.528E-03 4.453E-04 2.572E+03 4.666E-01 2.231E+00 2.000E+00
1.682E+08 2.574E+02 1.061E-01 3.528E-03 8.080E-04 3.247E+03 5.000E-01 2.239E+00 2.000E+00
6.469E+06 2.005E+02 1.136E-01 3.528E-03 1.473E-03 5.081E+03 5.586E-01 2.255E+00 2.000E+00
NAN NAN NAN 3.528E-03 2.691E-03 NAN 6.561E-01 2.283E+00 2.000E+00
NAN NAN NAN 3.528E-03 4.925E-03 NAN 7.916E-01 2.334E+00 2.000E+00
4.681E+08 3.106E+02 9.962E-02 4.462E-03 9.925E-06 2.694E+03 4.298E-01 2.221E+00 2.000E+00
7.014E+07 3.210E+02 9.899E-02 4.462E-03 9.966E-06 2.577E+03 4.298E-01 2.221E+00 2.000E+00
4.694E+07 5.291E+02 8.739E-02 4.462E-03 1.004E-05 2.164E+03 4.298E-01 2.221E+00 2.000E+00
1.657E+08 3.419E+02 9.772E-02 4.462E-03 1.018E-05 2.471E+03 4.298E-01 2.221E+00 2.000E+00
5.526E+08 3.128E+02 9.949E-02 4.462E-03 1.043E-05 2.644E+03 4.299E-01 2.221E+00 2.000E+00
2.981E+09 5.066E+02 8.851E-02 4.462E-03 1.089E-05 2.115E+03 4.299E-01 2.221E+00 2.000E+00
3.324E+10 3.460E+02 9.748E-02 4.462E-03 1.174E-05 2.414E+03 4.300E-01 2.221E+00 2.000E+00
7.553E+07 3.756E+02 9.571E-02 4.462E-03 1.329E-05 2.473E+03 4.301E-01 2.221E+00 2.000E+00
1.111E+08 5.056E+02 8.857E-02 4.462E-03 1.614E-05 2.121E+03 4.304E-01 2.221E+00 2.000E+00
7.589E+07 2.669E+02 1.023E-01 4.462E-03 2.136E-05 3.245E+03 4.309E-01 2.221E+00 2.000E+00
6.264E+07 5.301E+02 8.738E-02 4.462E-03 3.092E-05 2.211E+03 4.318E-01 2.222E+00 2.000E+00
9.147E+08 3.367E+02 9.815E-02 4.462E-03 4.845E-05 2.506E+03 4.335E-01 2.222E+00 2.000E+00
5.636E+07 5.337E+02 8.729E-02 4.462E-03 8.058E-05 2.403E+03 4.365E-01 2.223E+00 2.000E+00
1.683E+09 3.137E+02 9.985E-02 4.462E-03 1.395E-04 2.831E+03 4.421E-01 2.224E+00 2.000E+00
3.572E+07 4.395E+02 9.256E-02 4.462E-03 2.474E-04 2.356E+03 4.524E-01 2.227E+00 2.000E+00
7.402E+07 4.027E+02 9.517E-02 4.462E-03 4.453E-04 2.672E+03 4.709E-01 2.231E+00 2.000E+00
4.130E+07 2.226E+02 1.086E-01 4.462E-03 8.080E-04 3.845E+03 5.044E-01 2.239E+00 2.000E+00
NAN NAN NAN 4.462E-03 1.473E-03 NAN 5.630E-01 2.255E+00 2.000E+00
NAN NAN NAN 4.462E-03 2.691E-03 NAN 6.608E-01 2.283E+00 2.000E+00
NAN NAN NAN 4.462E-03 4.925E-03 NAN 7.962E-01 2.334E+00 2.000E+00
2.385E+08 5.122E+02 8.823E-02 5.644E-03 9.925E-06 2.194E+03 4.352E-01 2.221E+00 2.000E+00
2.405E+08 5.109E+02 8.830E-02 5.644E-03 9.966E-06 2.191E+03 4.352E-01 2.221E+00 2.000E+00
2.113E+07 2.478E+02 1.034E-01 5.644E-03 1.004E-05 3.750E+03 4.352E-01 2.221E+00 2.000E+00
2.997E+07 2.437E+02 1.036E-01 5.644E-03 1.018E-05 3.899E+03 4.352E-01 2.221E+00 2.000E+00
4.353E+08 2.501E+02 1.032E-01 5.644E-03 1.043E-05 3.676E+03 4.352E-01 2.221E+00 2.000E+00
2.776E+08 2.626E+02 1.025E-01 5.644E-03 1.089E-05 3.348E+03 4.353E-01 2.221E+00 2.000E+00
9.383E+07 4.300E+02 9.259E-02 5.644E-03 1.174E-05 2.169E+03 4.353E-01 2.221E+00 2.000E+00
9.993E+07 4.852E+02 8.961E-02 5.644E-03 1.329E-05 2.150E+03 4.355E-01 2.221E+00 2.000E+00
6.290E+07 3.592E+02 9.670E-02 5.644E-03 1.614E-05 2.365E+03 4.358E-01 2.221E+00 2.000E+00
6.067E+07 2.668E+02 1.023E-01 5.644E-03 2.136E-05 3.251E+03 4.363E-01 2.221E+00 2.000E+00
3.353E+07 3.738E+02 9.587E-02 5.644E-03 3.092E-05 2.310E+03 4.372E-01 2.222E+00 2.000E+00
6.729E+07 2.919E+02 1.009E-01 5.644E-03 4.845E-05 2.865E+03 4.388E-01 2.222E+00 2.000E+00
8.803E+07 4.679E+02 9.066E-02 5.644E-03 8.058E-05 2.217E+03 4.419E-01 2.223E+00 2.000E+00
1.185E+08 4.802E+02 9.012E-02 5.644E-03 1.395E-04 2.364E+03 4.475E-01 2.224E+00 2.000E+00
3.200E+07 4.679E+02 9.099E-02 5.644E-03 2.474E-04 2.683E+03 4.577E-01 2.227E+00 2.000E+00
1.557E+08 3.885E+02 9.605E-02 5.644E-03 4.453E-04 2.709E+03 4.764E-01 2.231E+00 2.000E+00
1.443E+07 2.282E+02 1.082E-01 5.644E-03 8.080E-04 3.745E+03 5.099E-01 2.239E+00 2.000E+00
NAN NAN NAN 5.644E-03 1.473E-03 NAN 5.687E-01 2.255E+00 2.000E+00
NAN NAN NAN 5.644E-03 2.691E-03 NAN 6.666E-01 2.283E+00 2.000E+00
NAN NAN NAN 5.644E-03 4.925E-03 NAN 8.019E-01 2.334E+00 2.000E+00
1.079E+08 4.750E+02 9.015E-02 7.139E-03 9.925E-06 2.206E+03 4.419E-01 2.221E+00 2.000E+00
3.418E+07 3.574E+02 9.681E-02 7.139E-03 9.966E-06 2.395E+03 4.419E-01 2.221E+00 2.000E+00
1.347E+08 2.998E+02 1.003E-01 7.139E-03 1.004E-05 2.796E+03 4.419E-01 2.221E+00 2.000E+00
5.664E+07 2.696E+02 1.021E-01 7.139E-03 1.018E-05 3.214E+03 4.420E-01 2.221E+00 2.000E+00
6.538E+07 3.399E+02 9.786E-02 7.139E-03 1.043E-05 2.484E+03 4.420E-01 2.221E+00 2.000E+00
1.828E+07 4.631E+02 9.078E-02 7.139E-03 1.089E-05 2.196E+03 4.420E-01 2.221E+00 2.000E+00
6.727E+07 3.277E+02 9.861E-02 7.139E-03 1.174E-05 2.561E+03 4.421E-01 2.221E+00 2.000E+00
4.949E+07 2.684E+02 1.022E-01 7.139E-03 1.329E-05 3.234E+03 4.423E-01 2.221E+00 2.000E+00
1.814E+08 3.335E+02 9.827E-02 7.139E-03 1.614E-05 2.523E+03 4.425E-01 2.221E+00 2.000E+00
3.237E+08 3.564E+02 9.690E-02 7.139E-03 2.136E-05 2.403E+03 4.430E-01 2.221E+00 2.000E+00
3.129E+07 2.620E+02 1.027E-01 7.139E-03 3.092E-05 3.354E+03 4.439E-01 2.222E+00 2.000E+00
4.711E+07 2.610E+02 1.028E-01 7.139E-03 4.845E-05 3.366E+03 4.456E-01 2.222E+00 2.000E+00
7.121E+07 3.900E+02 9.505E-02 7.139E-03 8.058E-05 2.313E+03 4.486E-01 2.223E+00 2.000E+00
9.176E+07 2.957E+02 1.010E-01 7.139E-03 1.395E-04 2.827E+03 4.542E-01 2.224E+00 2.000E+00
2.339E+08 4.295E+02 9.315E-02 7.139E-03 2.474E-04 2.534E+03 4.645E-01 2.227E+00 2.000E+00
6.608E+07 2.184E+02 1.071E-01 7.139E-03 4.453E-04 4.365E+03 4.833E-01 2.231E+00 2.000E+00
2.102E+07 2.731E+02 1.050E-01 7.139E-03 8.080E-04 3.352E+03 5.168E-01 2.239E+00 2.000E+00
NAN NAN NAN 7.139E-03 1.473E-03 NAN 5.758E-01 2.255E+00 2.000E+00
NAN NAN NAN 7.139E-03 2.691E-03 NAN 6.740E-01 2.283E+00 2.000E+00
NAN NAN NAN 7.139E-03 4.925E-03 NAN 8.092E-01 2.334E+00 2.000E+00
2.134E+09 3.650E+02 9.637E-02 9.029E-03 9.925E-06 2.398E+03 4.504E-01 2.221E+00 2.000E+00
1.558E+08 2.654E+02 1.024E-01 9.029E-03 9.966E-06 3.307E+03 4.504E-01 2.221E+00 2.000E+00
2.575E+07 4.619E+02 9.085E-02 9.029E-03 1.004E-05 2.308E+03 4.504E-01 2.221E+00 2.000E+00
2.256E+08 2.917E+02 1.008E-01 9.029E-03 1.018E-05 2.904E+03 4.504E-01 2.221E+00 2.000E+00
5.155E+07 4.256E+02 9.285E-02 9.029E-03 1.043E-05 2.269E+03 4.505E-01 2.221E+00 2.000E+00
2.616E+09 2.807E+02 1.015E-01 9.029E-03 1.089E-05 3.047E+03 4.505E-01 2.221E+00 2.000E+00
1.232E+08 2.318E+02 1.043E-01 9.029E-03 1.174E-05 4.441E+03 4.506E-01 2.221E+00 2.000E+00
5.694E+07 4.914E+02 8.931E-02 9.029E-03 1.329E-05 2.403E+03 4.507E-01 2.221E+00 2.000E+00
8.660E+07 4.116E+02 9.365E-02 9.029E-03 1.614E-05 2.298E+03 4.510E-01 2.221E+00 2.000E+00
2.302E+07 3.589E+02 9.676E-02 9.029E-03 2.136E-05 2.426E+03 4.515E-01 2.221E+00 2.000E+00
1.330E+08 4.116E+02 9.369E-02 9.029E-03 3.092E-05 2.298E+03 4.525E-01 2.222E+00 2.000E+00
5.386E+08 2.854E+02 1.013E-01 9.029E-03 4.845E-05 2.975E+03 4.541E-01 2.222E+00 2.000E+00
4.308E+07 4.203E+02 9.331E-02 9.029E-03 8.058E-05 2.341E+03 4.572E-01 2.223E+00 2.000E+00
1.934E+07 3.570E+02 9.721E-02 9.029E-03 1.395E-04 2.484E+03 4.628E-01 2.224E+00 2.000E+00
1.609E+07 2.453E+02 1.046E-01 9.029E-03 2.474E-04 3.623E+03 4.731E-01 2.227E+00 2.000E+00
2.045E+08 3.240E+02 1.002E-01 9.029E-03 4.453E-04 2.828E+03 4.919E-01 2.231E+00 2.000E+00
2.966E+07 2.841E+02 1.042E-01 9.029E-03 8.080E-04 3.648E+03 5.255E-01 2.240E+00 2.000E+00
NAN NAN NAN 9.029E-03 1.473E-03 NAN 5.848E-01 2.255E+00 2.000E+00
NAN NAN NAN 9.029E-03 2.691E-03 NAN 6.834E-01 2.283E+00 2.000E+00
NAN NAN NAN 9.029E-03 4.925E-03 NAN 8.182E-01 2.334E+00 2.000E+00
4.849E+07 2.916E+02 1.009E-01 1.142E-02 9.925E-06 2.933E+03 4.610E-01 2.221E+00 2.000E+00
3.141E+07 4.501E+02 9.150E-02 1.142E-02 9.966E-06 2.413E+03 4.610E-01 2.221E+00 2.000E+00
2.514E+08 4.489E+02 9.157E-02 1.142E-02 1.004E-05 2.484E+03 4.610E-01 2.221E+00 2.000E+00
5.934E+07 4.042E+02 9.408E-02 1.142E-02 1.018E-05 2.369E+03 4.610E-01 2.221E+00 2.000E+00
3.204E+07 3.929E+02 9.474E-02 1.142E-02 1.043E-05 2.383E+03 4.611E-01 2.221E+00 2.000E+00
1.903E+08 4.439E+02 9.184E-02 1.142E-02 1.089E-05 2.397E+03 4.611E-01 2.221E+00 2.000E+00
1.318E+08 2.419E+02 1.038E-01 1.142E-02 1.174E-05 3.958E+03 4.612E-01 2.221E+00 2.000E+00
2.244E+07 3.035E+02 1.001E-01 1.142E-02 1.329E-05 2.811E+03 4.614E-01 2.221E+00 2.000E+00
7.029E+07 4.795E+02 8.994E-02 1.142E-02 1.614E-05 2.637E+03 4.616E-01 2.221E+00 2.000E+00
4.360E+07 4.498E+02 9.154E-02 1.142E-02 2.136E-05 2.437E+03 4.621E-01 2.222E+00 2.000E+00
2.617E+07 4.128E+02 9.363E-02 1.142E-02 3.092E-05 2.388E+03 4.631E-01 2.222E+00 2.000E+00
4.655E+07 4.624E+02 9.092E-02 1.142E-02 4.845E-05 2.804E+03 4.648E-01 2.222E+00 2.000E+00
8.924E+07 4.254E+02 9.303E-02 1.142E-02 8.058E-05 2.481E+03 4.679E-01 2.223E+00 2.000E+00
5.468E+07 2.591E+02 1.033E-01 1.142E-02 1.395E-04 3.391E+03 4.736E-01 2.224E+00 2.000E+00
5.229E+07 3.600E+02 9.734E-02 1.142E-02 2.474E-04 2.663E+03 4.839E-01 2.227E+00 2.000E+00
1.900E+07 2.100E+02 1.077E-01 1.142E-02 4.453E-04 4.831E+03 5.027E-01 2.231E+00 2.000E+00
2.018E+07 2.601E+02 1.060E-01 1.142E-02 8.080E-04 3.802E+03 5.365E-01 2.240E+00 2.000E+00
NAN NAN NAN 1.142E-02 1.473E-03 NAN 5.962E-01 2.255E+00 2.000E+00
NAN NAN NAN 1.142E-02 2.691E-03 NAN 6.953E-01 2.283E+00 2.000E+00
NAN NAN NAN 1.142E-02 4.925E-03 NAN 8.295E-01 2.334E+00 2.000E+00
5.899E+07 3.584E+02 9.680E-02 1.445E-02 9.925E-06 2.552E+03 4.745E-01 2.221E+00 2.000E+00
2.519E+09 3.491E+02 9.736E-02 1.445E-02 9.966E-06 2.582E+03 4.745E-01 2.221E+00 2.000E+00
1.002E+08 3.499E+02 9.732E-02 1.445E-02 1.004E-05 2.580E+03 4.745E-01 2.221E+00 2.000E+00
6.286E+07 3.902E+02 9.491E-02 1.445E-02 1.018E-05 2.498E+03 4.745E-01 2.221E+00 2.000E+00
1.054E+08 3.695E+02 9.614E-02 1.445E-02 1.043E-05 2.524E+03 4.745E-01 2.221E+00 2.000E+00
2.578E+07 2.605E+02 1.028E-01 1.445E-02 1.089E-05 3.471E+03 4.746E-01 2.221E+00 2.000E+00
1.805E+08 4.474E+02 9.167E-02 1.445E-02 1.174E-05 2.727E+03 4.746E-01 2.221E+00 2.000E+00
3.637E+07 2.347E+02 1.043E-01 1.445E-02 1.329E-05 4.260E+03 4.748E-01 2.221E+00 2.000E+00
3.077E+07 3.617E+02 9.662E-02 1.445E-02 1.614E-05 2.547E+03 4.751E-01 2.221E+00 2.000E+00
2.149E+07 2.720E+02 1.021E-01 1.445E-02 2.136E-05 3.234E+03 4.756E-01 2.222E+00 2.000E+00
1.493E+08 4.461E+02 9.178E-02 1.445E-02 3.092E-05 3.179E+03 4.765E-01 2.222E+00 2.000E+00
9.814E+07 4.283E+02 9.281E-02 1.445E-02 4.845E-05 2.691E+03 4.782E-01 2.222E+00 2.000E+00
2.595E+07 4.012E+02 9.444E-02 1.445E-02 8.058E-05 2.642E+03 4.814E-01 2.223E+00 2.000E+00
1.143E+07 4.140E+02 9.384E-02 1.445E-02 1.395E-04 2.967E+03 4.871E-01 2.224E+00 2.000E+00
1.698E+07 2.357E+02 1.053E-01 1.445E-02 2.474E-04 3.942E+03 4.976E-01 2.227E+00 2.000E+00
3.337E+07 2.248E+02 1.069E-01 1.445E-02 4.453E-04 4.150E+03 5.164E-01 2.231E+00 2.000E+00
4.532E+07 2.279E+02 1.084E-01 1.445E-02 8.080E-04 4.207E+03 5.505E-01 2.240E+00 2.000E+00
NAN NAN NAN 1.445E-02 1.473E-03 NAN 6.107E-01 2.255E+00 2.000E+00
NAN NAN NAN 1.445E-02 2.691E-03 NAN 7.103E-01 2.283E+00 2.000E+00
NAN NAN NAN 1.445E-02 4.925E-03 NAN 8.439E-01 2.334E+00 2.000E+00
1.011E+08 3.286E+02 9.866E-02 1.827E-02 9.925E-06 2.777E+03 4.914E-01 2.221E+00 2.000E+00
3.110E+07 3.316E+02 9.847E-02 1.827E-02 9.966E-06 2.763E+03 4.914E-01 2.221E+00 2.000E+00
3.078E+07 3.286E+02 9.866E-02 1.827E-02 1.004E-05 2.777E+03 4.914E-01 2.221E+00 2.000E+00
1.081E+08 2.553E+02 1.031E-01 1.827E-02 1.018E-05 3.603E+03 4.914E-01 2.221E+00 2.000E+00
2.427E+07 2.836E+02 1.014E-01 1.827E-02 1.043E-05 3.193E+03 4.915E-01 2.221E+00 2.000E+00
3.192E+07 2.426E+02 1.039E-01 1.827E-02 1.089E-05 3.953E+03 4.915E-01 2.221E+00 2.000E+00
2.322E+07 3.581E+02 9.686E-02 1.827E-02 1.174E-05 2.694E+03 4.916E-01 2.221E+00 2.000E+00
9.087E+07 2.884E+02 1.012E-01 1.827E-02 1.329E-05 3.076E+03 4.917E-01 2.222E+00 2.000E+00
5.460E+08 3.609E+02 9.670E-02 1.827E-02 1.614E-05 2.697E+03 4.920E-01 2.222E+00 2.000E+00
1.073E+08 3.166E+02 9.943E-02 1.827E-02 2.136E-05 2.847E+03 4.925E-01 2.222E+00 2.000E+00
8.298E+07 2.260E+02 1.049E-01 1.827E-02 3.092E-05 4.678E+03 4.935E-01 2.222E+00 2.000E+00
3.735E+07 3.585E+02 9.693E-02 1.827E-02 4.845E-05 2.743E+03 4.952E-01 2.222E+00 2.000E+00
2.146E+07 2.895E+02 1.013E-01 1.827E-02 8.058E-05 3.078E+03 4.983E-01 2.223E+00 2.000E+00
6.038E+07 2.821E+02 1.020E-01 1.827E-02 1.395E-04 3.171E+03 5.040E-01 2.224E+00 2.000E+00
9.444E+06 2.210E+02 1.062E-01 1.827E-02 2.474E-04 4.556E+03 5.146E-01 2.227E+00 2.000E+00
6.159E+07 2.687E+02 1.040E-01 1.827E-02 4.453E-04 3.543E+03 5.337E-01 2.231E+00 2.000E+00
5.263E+07 2.276E+02 1.085E-01 1.827E-02 8.080E-04 4.768E+03 5.681E-01 2.240E+00 2.000E+00
NAN NAN NAN 1.827E-02 1.473E-03 NAN 6.286E-01 2.255E+00 2.000E+00
NAN NAN NAN 1.827E-02 2.691E-03 NAN 7.292E-01 2.283E+00 2.000E+00
NAN NAN NAN 1.827E-02 4.925E-03 NAN 8.621E-01 2.334E+00 2.000E+00
4.127E+07 2.414E+02 1.040E-01 2.311E-02 9.925E-06 4.032E+03 5.127E-01 2.222E+00 2.000E+00
1.954E+07 2.863E+02 1.013E-01 2.311E-02 9.966E-06 3.210E+03 5.127E-01 2.222E+00 2.000E+00
3.414E+08 2.549E+02 1.032E-01 2.311E-02 1.004E-05 3.676E+03 5.127E-01 2.222E+00 2.000E+00
1.800E+07 2.874E+02 1.013E-01 2.311E-02 1.018E-05 3.197E+03 5.127E-01 2.222E+00 2.000E+00
1.365E+09 3.070E+02 1.000E-01 2.311E-02 1.043E-05 3.050E+03 5.127E-01 2.222E+00 2.000E+00
3.428E+07 2.194E+02 1.053E-01 2.311E-02 1.089E-05 5.152E+03 5.128E-01 2.222E+00 2.000E+00
2.490E+07 2.269E+02 1.049E-01 2.311E-02 1.174E-05 4.643E+03 5.128E-01 2.222E+00 2.000E+00
2.827E+07 3.767E+02 9.577E-02 2.311E-02 1.329E-05 3.250E+03 5.130E-01 2.222E+00 2.000E+00
4.688E+07 2.855E+02 1.014E-01 2.311E-02 1.614E-05 3.219E+03 5.133E-01 2.222E+00 2.000E+00
1.312E+07 2.705E+02 1.023E-01 2.311E-02 2.136E-05 3.400E+03 5.138E-01 2.222E+00 2.000E+00
3.614E+07 2.947E+02 1.009E-01 2.311E-02 3.092E-05 3.145E+03 5.148E-01 2.222E+00 2.000E+00
8.476E+07 2.962E+02 1.008E-01 2.311E-02 4.845E-05 3.148E+03 5.165E-01 2.222E+00 2.000E+00
5.251E+07 3.284E+02 9.893E-02 2.311E-02 8.058E-05 3.095E+03 5.197E-01 2.223E+00 2.000E+00
1.978E+07 3.338E+02 9.877E-02 2.311E-02 1.395E-04 3.313E+03 5.255E-01 2.225E+00 2.000E+00
9.337E+07 2.489E+02 1.046E-01 2.311E-02 2.474E-04 3.801E+03 5.360E-01 2.227E+00 2.000E+00
1.253E+08 2.340E+02 1.065E-01 2.311E-02 4.453E-04 4.205E+03 5.554E-01 2.232E+00 2.000E+00
2.859E+07 2.056E+02 1.102E-01 2.311E-02 8.080E-04 5.756E+03 5.901E-01 2.240E+00 2.000E+00
NAN NAN NAN 2.311E-02 1.473E-03 NAN 6.514E-01 2.255E+00 2.000E+00
NAN NAN NAN 2.311E-02 2.691E-03 NAN 7.532E-01 2.283E+00 2.000E+00
NAN NAN NAN 2.311E-02 4.925E-03 NAN 8.850E-01 2.334E+00 2.000E+00
3.108E+07 2.849E+02 1.015E-01 2.923E-02 9.925E-06 3.448E+03 5.392E-01 2.222E+00 2.000E+00
2.357E+08 3.301E+02 9.866E-02 2.923E-02 9.966E-06 3.567E+03 5.392E-01 2.222E+00 2.000E+00
5.674E+07 2.626E+02 1.029E-01 2.923E-02 1.004E-05 3.684E+03 5.393E-01 2.222E+00 2.000E+00
2.496E+07 3.276E+02 9.882E-02 2.923E-02 1.018E-05 3.527E+03 5.393E-01 2.222E+00 2.000E+00
1.563E+08 3.145E+02 9.964E-02 2.923E-02 1.043E-05 3.407E+03 5.393E-01 2.222E+00 2.000E+00
5.706E+07 2.717E+02 1.023E-01 2.923E-02 1.089E-05 3.565E+03 5.393E-01 2.222E+00 2.000E+00
6.493E+07 2.573E+02 1.032E-01 2.923E-02 1.174E-05 3.768E+03 5.394E-01 2.222E+00 2.000E+00
4.818E+07 2.444E+02 1.040E-01 2.923E-02 1.329E-05 4.043E+03 5.396E-01 2.222E+00 2.000E+00
7.459E+07 2.145E+02 1.057E-01 2.923E-02 1.614E-05 5.478E+03 5.399E-01 2.222E+00 2.000E+00
2.363E+07 2.482E+02 1.038E-01 2.923E-02 2.136E-05 3.951E+03 5.404E-01 2.222E+00 2.000E+00
4.498E+07 3.199E+02 9.937E-02 2.923E-02 3.092E-05 3.535E+03 5.413E-01 2.222E+00 2.000E+00
9.363E+07 2.901E+02 1.013E-01 2.923E-02 4.845E-05 3.486E+03 5.431E-01 2.223E+00 2.000E+00
4.033E+07 2.346E+02 1.049E-01 2.923E-02 8.058E-05 4.308E+03 5.463E-01 2.223E+00 2.000E+00
4.163E+08 2.325E+02 1.053E-01 2.923E-02 1.395E-04 4.360E+03 5.522E-01 2.225E+00 2.000E+00
5.792E+07 2.309E+02 1.059E-01 2.923E-02 2.474E-04 4.432E+03 5.630E-01 2.227E+00 2.000E+00
4.249E+08 2.102E+02 1.081E-01 2.923E-02 4.453E-04 5.203E+03 5.825E-01 2.232E+00 2.000E+00
NAN NAN NAN 2.923E-02 8.080E-04 NAN 6.178E-01 2.240E+00 2.000E+00
NAN NAN NAN 2.923E-02 1.473E-03 NAN 6.800E-01 2.255E+00 2.000E+00
NAN NAN NAN 2.923E-02 2.691E-03 NAN 7.833E-01 2.283E+00 2.000E+00
NAN NAN NAN 2.923E-02 4.925E-03 NAN 9.131E-01 2.334E+00 2.000E+00
1.372E+07 2.841E+02 1.016E-01 3.697E-02 9.925E-06 4.241E+03 5.724E-01 2.222E+00 2.000E+00
5.624E+07 2.212E+02 1.055E-01 3.697E-02 9.966E-06 5.077E+03 5.724E-01 2.222E+00 2.000E+00
5.782E+08 2.341E+02 1.047E-01 3.697E-02 1.004E-05 4.567E+03 5.724E-01 2.222E+00 2.000E+00
1.288E+09 2.619E+02 1.030E-01 3.697E-02 1.018E-05 4.114E+03 5.724E-01 2.222E+00 2.000E+00
2.414E+08 2.616E+02 1.031E-01 3.697E-02 1.043E-05 4.117E+03 5.724E-01 2.222E+00 2.000E+00
1.800E+08 2.596E+02 1.032E-01 3.697E-02 1.089E-05 4.130E+03 5.725E-01 2.222E+00 2.000E+00
2.202E+07 2.793E+02 1.020E-01 3.697E-02 1.174E-05 4.171E+03 5.726E-01 2.222E+00 2.000E+00
1.258E+09 2.145E+02 1.059E-01 3.697E-02 1.329E-05 5.482E+03 5.727E-01 2.222E+00 2.000E+00
4.135E+07 2.635E+02 1.030E-01 3.697E-02 1.614E-05 4.125E+03 5.730E-01 2.222E+00 2.000E+00
2.152E+07 2.809E+02 1.019E-01 3.697E-02 2.136E-05 4.265E+03 5.735E-01 2.222E+00 2.000E+00
3.240E+07 2.378E+02 1.046E-01 3.697E-02 3.092E-05 4.483E+03 5.745E-01 2.222E+00 2.000E+00
5.430E+08 2.197E+02 1.057E-01 3.697E-02 4.845E-05 5.121E+03 5.763E-01 2.223E+00 2.000E+00
7.135E+07 2.351E+02 1.050E-01 3.697E-02 8.058E-05 4.598E+03 5.796E-01 2.223E+00 2.000E+00
8.217E+07 2.162E+02 1.064E-01 3.697E-02 1.395E-04 5.257E+03 5.856E-01 2.225E+00 2.000E+00
3.168E+07 2.110E+02 1.072E-01 3.697E-02 2.474E-04 5.540E+03 5.966E-01 2.227E+00 2.000E+00
3.427E+06 2.002E+02 1.089E-01 3.697E-02 4.453E-04 6.601E+03 6.164E-01 2.232E+00 2.000E+00
NAN NAN NAN 3.697E-02 8.080E-04 NAN 6.522E-01 2.240E+00 2.000E+00
NAN NAN NAN 3.697E-02 1.473E-03 NAN 7.157E-01 2.255E+00 2.000E+00
NAN NAN NAN 3.697E-02 2.691E-03 NAN 8.212E-01 2.283E+00 2.000E+00
NAN NAN NAN 3.697E-02 4.925E-03 NAN 9.478E-01 2.335E+00 2.000E+00
6.933E+07 2.292E+02 1.052E-01 4.677E-02 9.925E-06 5.525E+03 6.135E-01 2.222E+00 2.000E+00
2.825E+07 2.275E+02 1.053E-01 4.677E-02 9.966E-06 5.536E+03 6.135E-01 2.222E+00 2.000E+00
9.533E+08 2.285E+02 1.052E-01 4.677E-02 1.004E-05 5.528E+03 6.135E-01 2.222E+00 2.000E+00
2.618E+07 2.140E+02 1.061E-01 4.677E-02 1.018E-05 5.911E+03 6.136E-01 2.222E+00 2.000E+00
1.931E+07 2.342E+02 1.049E-01 4.677E-02 1.043E-05 5.549E+03 6.136E-01 2.222E+00 2.000E+00
2.366E+07 2.308E+02 1.051E-01 4.677E-02 1.089E-05 5.529E+03 6.136E-01 2.222E+00 2.000E+00
7.962E+07 2.242E+02 1.055E-01 4.677E-02 1.174E-05 5.585E+03 6.137E-01 2.222E+00 2.000E+00
1.108E+07 2.273E+02 1.053E-01 4.677E-02 1.329E-05 5.556E+03 6.139E-01 2.222E+00 2.000E+00
1.720E+07 2.112E+02 1.063E-01 4.677E-02 1.614E-05 6.053E+03 6.142E-01 2.222E+00 2.000E+00
2.563E+07 2.324E+02 1.051E-01 4.677E-02 2.136E-05 5.622E+03 6.147E-01 2.222E+00 2.000E+00
1.320E+08 2.110E+02 1.064E-01 4.677E-02 3.092E-05 6.075E+03 6.157E-01 2.223E+00 2.000E+00
8.950E+06 2.245E+02 1.057E-01 4.677E-02 4.845E-05 5.823E+03 6.175E-01 2.223E+00 2.000E+00
2.248E+07 2.008E+02 1.072E-01 4.677E-02 8.058E-05 6.807E+03 6.209E-01 2.224E+00 2.000E+00
2.648E+07 2.042E+02 1.073E-01 4.677E-02 1.395E-04 6.699E+03 6.270E-01 2.225E+00 2.000E+00
NAN NAN NAN 4.677E-02 2.474E-04 NAN 6.382E-01 2.228E+00 2.000E+00
NAN NAN NAN 4.677E-02 4.453E-04 NAN 6.585E-01 2.232E+00 2.000E+00
NAN NAN NAN 4.677E-02 8.080E-04 NAN 6.952E-01 2.240E+00 2.000E+00
NAN NAN NAN 4.677E-02 1.473E-03 NAN 7.603E-01 2.256E+00 2.000E+00
NAN NAN NAN 4.677E-02 2.691E-03 NAN 8.691E-01 2.284E+00 2.000E+00
NAN NAN NAN 4.677E-02 4.925E-03 NAN 9.873E-01 2.335E+00 2.000E+00
NAN NAN NAN 5.915E-02 9.925E-06 NAN 6.642E-01 2.222E+00 3.000E+00
NAN NAN NAN 5.915E-02 9.966E-06 NAN 6.642E-01 2.222E+00 3.000E+00
NAN NAN NAN 5.915E-02 1.004E-05 NAN 6.642E-01 2.222E+00 3.000E+00
NAN NAN NAN 5.915E-02 1.018E-05 NAN 6.642E-01 2.222E+00 3.000E+00
NAN NAN NAN 5.915E-02 1.043E-05 NAN 6.642E-01 2.222E+00 3.000E+00
NAN NAN NAN 5.915E-02 1.089E-05 NAN 6.643E-01 2.222E+00 3.000E+00
NAN NAN NAN 5.915E-02 1.174E-05 NAN 6.643E-01 2.222E+00 3.000E+00
NAN NAN NAN 5.915E-02 1.329E-05 NAN 6.645E-01 2.222E+00 3.000E+00
NAN NAN NAN 5.915E-02 1.614E-05 NAN 6.648E-01 2.223E+00 3.000E+00
NAN NAN NAN 5.915E-02 2.136E-05 NAN 6.654E-01 2.223E+00 3.000E+00
NAN NAN NAN 5.915E-02 3.092E-05 NAN 6.664E-01 2.223E+00 3.000E+00
NAN NAN NAN 5.915E-02 4.845E-05 NAN 6.683E-01 2.223E+00 3.000E+00
NAN NAN NAN 5.915E-02 8.058E-05 NAN 6.717E-01 2.224E+00 3.000E+00
NAN NAN NAN 5.915E-02 1.395E-04 NAN 6.779E-01 2.225E+00 3.000E+00
NAN NAN NAN 5.915E-02 2.474E-04 NAN 6.893E-01 2.228E+00 3.000E+00
NAN NAN NAN 5.915E-02 4.453E-04 NAN 7.103E-01 2.232E+00 3.000E+00
NAN NAN NAN 5.915E-02 8.080E-04 NAN 7.480E-01 2.241E+00 3.000E+00
NAN NAN NAN 5.915E-02 1.473E-03 NAN 8.154E-01 2.256E+00 3.000E+00
NAN NAN NAN 5.915E-02 2.691E-03 NAN 9.289E-01 2.284E+00 3.000E+00
NAN NAN NAN 5.915E-02 4.925E-03 NAN 1.000E+00 2.335E+00 0.000E+00
NAN NAN NAN 7.482E-02 9.925E-06 NAN 7.256E-01 2.223E+00 3.000E+00
NAN NAN NAN 7.482E-02 9.966E-06 NAN 7.256E-01 2.223E+00 3.000E+00
NAN NAN NAN 7.482E-02 1.004E-05 NAN 7.256E-01 2.223E+00 3.000E+00
NAN NAN NAN 7.482E-02 1.018E-05 NAN 7.256E-01 2.223E+00 3.000E+00
NAN NAN NAN 7.482E-02 1.043E-05 NAN 7.256E-01 2.223E+00 3.000E+00
NAN NAN NAN 7.482E-02 1.089E-05 NAN 7.257E-01 2.223E+00 3.000E+00
NAN NAN NAN 7.482E-02 1.174E-05 NAN 7.258E-01 2.223E+00 3.000E+00
NAN NAN NAN 7.482E-02 1.329E-05 NAN 7.259E-01 2.223E+00 3.000E+00
NAN NAN NAN 7.482E-02 1.614E-05 NAN 7.263E-01 2.223E+00 3.000E+00
NAN NAN NAN 7.482E-02 2.136E-05 NAN 7.268E-01 2.223E+00 3.000E+00
NAN NAN NAN 7.482E-02 3.092E-05 NAN 7.279E-01 2.223E+00 3.000E+00
NAN NAN NAN 7.482E-02 4.845E-05 NAN 7.298E-01 2.224E+00 3.000E+00
NAN NAN NAN 7.482E-02 8.058E-05 NAN 7.334E-01 2.224E+00 3.000E+00
NAN NAN NAN 7.482E-02 1.395E-04 NAN 7.398E-01 2.226E+00 3.000E+00
NAN NAN NAN 7.482E-02 2.474E-04 NAN 7.515E-01 2.228E+00 3.000E+00
NAN NAN NAN 7.482E-02 4.453E-04 NAN 7.731E-01 2.233E+00 3.000E+00
NAN NAN NAN 7.482E-02 8.080E-04 NAN 8.122E-01 2.241E+00 3.000E+00
NAN NAN NAN 7.482E-02 1.473E-03 NAN 8.823E-01 2.256E+00 3.000E+00
NAN NAN NAN 7.482E-02 2.691E-03 NAN 1.000E+00 2.284E+00 3.000E+00
NAN NAN NAN 7.482E-02 4.925E-03 NAN 1.000E+00 2.336E+00 0.000E+00
NAN NAN NAN 9.464E-02 9.925E-06 NAN 7.989E-01 2.223E+00 3.000E+00
NAN NAN NAN 9.464E-02 9.966E-06 NAN 7.989E-01 2.223E+00 3.000E+00
NAN NAN NAN 9.464E-02 1.004E-05 NAN 7.989E-01 2.223E+00 3.000E+00
NAN NAN NAN 9.464E-02 1.018E-05 NAN 7.989E-01 2.223E+00 3.000E+00
NAN NAN NAN 9.464E-02 1.043E-05 NAN 7.989E-01 2.223E+00 3.000E+00
NAN NAN NAN 9.464E-02 1.089E-05 NAN 7.990E-01 2.223E+00 3.000E+00
NAN NAN NAN 9.464E-02 1.174E-05 NAN 7.991E-01 2.223E+00 3.000E+00
NAN NAN NAN 9.464E-02 1.329E-05 NAN 7.993E-01 2.223E+00 3.000E+00
NAN NAN NAN 9.464E-02 1.614E-05 NAN 7.996E-01 2.223E+00 3.000E+00
NAN NAN NAN 9.464E-02 2.136E-05 NAN 8.002E-01 2.223E+00 3.000E+00
NAN NAN NAN 9.464E-02 3.092E-05 NAN 8.013E-01 2.224E+00 3.000E+00
NAN NAN NAN 9.464E-02 4.845E-05 NAN 8.033E-01 2.224E+00 3.000E+00
NAN NAN NAN 9.464E-02 8.058E-05 NAN 8.069E-01 2.225E+00 3.000E+00
NAN NAN NAN 9.464E-02 1.395E-04 NAN 8.136E-01 2.226E+00 3.000E+00
NAN NAN NAN 9.464E-02 2.474E-04 NAN 8.257E-01 2.229E+00 3.000E+00
NAN NAN NAN 9.464E-02 4.453E-04 NAN 8.480E-01 2.233E+00 3.000E+00
NAN NAN NAN 9.464E-02 8.080E-04 NAN 8.885E-01 2.242E+00 3.000E+00
NAN NAN NAN 9.464E-02 1.473E-03 NAN 9.620E-01 2.257E+00 3.000E+00
NAN NAN NAN 9.464E-02 2.691E-03 NAN 1.000E+00 2.285E+00 3.000E+00
NAN NAN NAN 9.464E-02 4.925E-03 NAN 1.000E+00 2.336E+00 0.000E+00
NAN NAN NAN 1.197E-01 9.925E-06 NAN 8.842E-01 2.224E+00 3.000E+00
NAN NAN NAN 1.197E-01 9.966E-06 NAN 8.842E-01 2.224E+00 3.000E+00
NAN NAN NAN 1.197E-01 1.004E-05 NAN 8.843E-01 2.224E+00 3.000E+00
NAN NAN NAN 1.197E-01 1.018E-05 NAN 8.843E-01 2.224E+00 3.000E+00
NAN NAN NAN 1.197E-01 1.043E-05 NAN 8.843E-01 2.224E+00 3.000E+00
NAN NAN NAN 1.197E-01 1.089E-05 NAN 8.844E-01 2.224E+00 3.000E+00
NAN NAN NAN 1.197E-01 1.174E-05 NAN 8.845E-01 2.224E+00 3.000E+00
NAN NAN NAN 1.197E-01 1.329E-05 NAN 8.846E-01 2.224E+00 3.000E+00
NAN NAN NAN 1.197E-01 1.614E-05 NAN 8.850E-01 2.224E+00 3.000E+00
NAN NAN NAN 1.197E-01 2.136E-05 NAN 8.856E-01 2.224E+00 3.000E+00
NAN NAN NAN 1.197E-01 3.092E-05 NAN 8.867E-01 2.224E+00 3.000E+00
NAN NAN NAN 1.197E-01 4.845E-05 NAN 8.887E-01 2.225E+00 3.000E+00
NAN NAN NAN 1.197E-01 8.058E-05 NAN 8.925E-01 2.225E+00 3.000E+00
NAN NAN NAN 1.197E-01 1.395E-04 NAN 8.993E-01 2.227E+00 3.000E+00
NAN NAN NAN 1.197E-01 2.474E-04 NAN 9.119E-01 2.229E+00 3.000E+00
NAN NAN NAN 1.197E-01 4.453E-04 NAN 9.348E-01 2.234E+00 3.000E+00
NAN NAN NAN 1.197E-01 8.080E-04 NAN 9.769E-01 2.242E+00 3.000E+00
NAN NAN NAN 1.197E-01 1.473E-03 NAN 1.000E+00 2.257E+00 3.000E+00
NAN NAN NAN 1.197E-01 2.691E-03 NAN 1.000E+00 2.285E+00 3.000E+00
NAN NAN NAN 1.197E-01 4.925E-03 NAN 1.000E+00 2.337E+00 0.000E+00
NAN NAN NAN 1.514E-01 9.925E-06 NAN 9.809E-01 2.224E+00 3.000E+00
NAN NAN NAN 1.514E-01 9.966E-06 NAN 9.809E-01 2.224E+00 3.000E+00
NAN NAN NAN 1.514E-01 1.004E-05 NAN 9.809E-01 2.224E+00 3.000E+00
NAN NAN NAN 1.514E-01 1.018E-05 NAN 9.809E-01 2.224E+00 3.000E+00
NAN NAN NAN 1.514E-01 1.043E-05 NAN 9.810E-01 2.225E+00 3.000E+00
NAN NAN NAN 1.514E-01 1.089E-05 NAN 9.810E-01 2.225E+00 3.000E+00
NAN NAN NAN 1.514E-01 1.174E-05 NAN 9.811E-01 2.225E+00 3.000E+00
NAN NAN NAN 1.514E-01 1.329E-05 NAN 9.813E-01 2.225E+00 3.000E+00
NAN NAN NAN 1.514E-01 1.614E-05 NAN 9.816E-01 2.225E+00 3.000E+00
NAN NAN NAN 1.514E-01 2.136E-05 NAN 9.823E-01 2.225E+00 3.000E+00
NAN NAN NAN 1.514E-01 3.092E-05 NAN 9.834E-01 2.225E+00 3.000E+00
NAN NAN NAN 1.514E-01 4.845E-05 NAN 9.855E-01 2.225E+00 3.000E+00
NAN NAN NAN 1.514E-01 8.058E-05 NAN 9.893E-01 2.226E+00 3.000E+00
NAN NAN NAN 1.514E-01 1.395E-04 NAN 9.963E-01 2.227E+00 3.000E+00
NAN NAN NAN 1.514E-01 2.474E-04 NAN 1.000E+00 2.230E+00 3.000E+00
NAN NAN NAN 1.514E-01 4.453E-04 NAN 1.000E+00 2.234E+00 3.000E+00
NAN NAN NAN 1.514E-01 8.080E-04 NAN 1.000E+00 2.243E+00 3.000E+00
NAN NAN NAN 1.514E-01 1.473E-03 NAN 1.000E+00 2.258E+00 3.000E+00
NAN NAN NAN 1.514E-01 2.691E-03 NAN 1.000E+00 2.286E+00 3.000E+00
NAN NAN NAN 1.514E-01 4.925E-03 NAN 1.000E+00 2.337E+00 3.000E+00
NAN NAN NAN 1.915E-01 9.925E-06 NAN 1.000E+00 2.225E+00 3.000E+00
NAN NAN NAN 1.915E-01 9.966E-06 NAN 1.000E+00 2.225E+00 3.000E+00
NAN NAN NAN 1.915E-01 1.004E-05 NAN 1.000E+00 2.225E+00 3.000E+00
NAN NAN NAN 1.915E-01 1.018E-05 NAN 1.000E+00 2.225E+00 3.000E+00
NAN NAN NAN 1.915E-01 1.043E-05 NAN 1.000E+00 2.225E+00 3.000E+00
NAN NAN NAN 1.915E-01 1.089E-05 NAN 1.000E+00 2.225E+00 3.000E+00
NAN NAN NAN 1.915E-01 1.174E-05 NAN 1.000E+00 2.225E+00 3.000E+00
NAN NAN NAN 1.915E-01 1.329E-05 NAN 1.000E+00 2.225E+00 3.000E+00
NAN NAN NAN 1.915E-01 1.614E-05 NAN 1.000E+00 2.226E+00 3.000E+00
NAN NAN NAN 1.915E-01 2.136E-05 NAN 1.000E+00 2.226E+00 3.000E+00
NAN NAN NAN 1.915E-01 3.092E-05 NAN 1.000E+00 2.226E+00 3.000E+00
NAN NAN NAN 1.915E-01 4.845E-05 NAN 1.000E+00 2.226E+00 3.000E+00
NAN NAN NAN 1.915E-01 8.058E-05 NAN 1.000E+00 2.227E+00 3.000E+00
NAN NAN NAN 1.915E-01 1.395E-04 NAN 1.000E+00 2.228E+00 3.000E+00
NAN NAN NAN 1.915E-01 2.474E-04 NAN 1.000E+00 2.231E+00 3.000E+00
NAN NAN NAN 1.915E-01 4.453E-04 NAN 1.000E+00 2.235E+00 3.000E+00
NAN NAN NAN 1.915E-01 8.080E-04 NAN 1.000E+00 2.244E+00 3.000E+00
NAN NAN NAN 1.915E-01 1.473E-03 NAN 1.000E+00 2.259E+00 3.000E+00
NAN NAN NAN 1.915E-01 2.691E-03 NAN 1.000E+00 2.287E+00 3.000E+00
NAN NAN NAN 1.915E-01 4.925E-03 NAN 1.000E+00 2.338E+00 3.000E+00
NAN NAN NAN 2.422E-01 9.925E-06 NAN 1.000E+00 2.227E+00 3.000E+00
NAN NAN NAN 2.422E-01 9.966E-06 NAN 1.000E+00 2.227E+00 3.000E+00
NAN NAN NAN 2.422E-01 1.004E-05 NAN 1.000E+00 2.227E+00 3.000E+00
NAN NAN NAN 2.422E-01 1.018E-05 NAN 1.000E+00 2.227E+00 3.000E+00
NAN NAN NAN 2.422E-01 1.043E-05 NAN 1.000E+00 2.227E+00 3.000E+00
NAN NAN NAN 2.422E-01 1.089E-05 NAN 1.000E+00 2.227E+00 3.000E+00
NAN NAN NAN 2.422E-01 1.174E-05 NAN 1.000E+00 2.227E+00 3.000E+00
NAN NAN NAN 2.422E-01 1.329E-05 NAN 1.000E+00 2.227E+00 3.000E+00
NAN NAN NAN 2.422E-01 1.614E-05 NAN 1.000E+00 2.227E+00 3.000E+00
NAN NAN NAN 2.422E-01 2.136E-05 NAN 1.000E+00 2.227E+00 3.000E+00
NAN NAN NAN 2.422E-01 3.092E-05 NAN 1.000E+00 2.227E+00 3.000E+00
NAN NAN NAN 2.422E-01 4.845E-05 NAN 1.000E+00 2.227E+00 3.000E+00
NAN NAN NAN 2.422E-01 8.058E-05 NAN 1.000E+00 2.228E+00 3.000E+00
NAN NAN NAN 2.422E-01 1.395E-04 NAN 1.000E+00 2.230E+00 3.000E+00
NAN NAN NAN 2.422E-01 2.474E-04 NAN 1.000E+00 2.232E+00 3.000E+00
NAN NAN NAN 2.422E-01 4.453E-04 NAN 1.000E+00 2.237E+00 3.000E+00
NAN NAN NAN 2.422E-01 8.080E-04 NAN 1.000E+00 2.245E+00 3.000E+00
NAN NAN NAN 2.422E-01 1.473E-03 NAN 1.000E+00 2.260E+00 3.000E+00
NAN NAN NAN 2.422E-01 2.691E-03 NAN 1.000E+00 2.288E+00 3.000E+00
NAN NAN NAN 2.422E-01 4.925E-03 NAN 1.000E+00 2.339E+00 3.000E+00
NAN NAN NAN 3.064E-01 9.925E-06 NAN 1.000E+00 2.228E+00 3.000E+00
NAN NAN NAN 3.064E-01 9.966E-06 NAN 1.000E+00 2.228E+00 3.000E+00
NAN NAN NAN 3.064E-01 1.004E-05 NAN 1.000E+00 2.228E+00 3.000E+00
NAN NAN NAN 3.064E-01 1.018E-05 NAN 1.000E+00 2.228E+00 3.000E+00
NAN NAN NAN 3.064E-01 1.043E-05 NAN 1.000E+00 2.228E+00 3.000E+00
NAN NAN NAN 3.064E-01 1.089E-05 NAN 1.000E+00 2.228E+00 3.000E+00
NAN NAN NAN 3.064E-01 1.174E-05 NAN 1.000E+00 2.228E+00 3.000E+00
NAN NAN NAN 3.064E-01 1.329E-05 NAN 1.000E+00 2.228E+00 3.000E+00
NAN NAN NAN 3.064E-01 1.614E-05 NAN 1.000E+00 2.228E+00 3.000E+00
NAN NAN NAN 3.064E-01 2.136E-05 NAN 1.000E+00 2.228E+00 3.000E+00
NAN NAN NAN 3.064E-01 3.092E-05 NAN 1.000E+00 2.229E+00 3.000E+00
NAN NAN NAN 3.064E-01 4.845E-05 NAN 1.000E+00 2.229E+00 3.000E+00
NAN NAN NAN 3.064E-01 8.058E-05 NAN 1.000E+00 2.230E+00 3.000E+00
NAN NAN NAN 3.064E-01 1.395E-04 NAN 1.000E+00 2.231E+00 3.000E+00
NAN NAN NAN 3.064E-01 2.474E-04 NAN 1.000E+00 2.233E+00 3.000E+00
NAN NAN NAN 3.064E-01 4.453E-04 NAN 1.000E+00 2.238E+00 3.000E+00
NAN NAN NAN 3.064E-01 8.080E-04 NAN 1.000E+00 2.246E+00 3.000E+00
NAN NAN NAN 3.064E-01 1.473E-03 NAN 1.000E+00 2.262E+00 3.000E+00
NAN NAN NAN 3.064E-01 2.691E-03 NAN 1.000E+00 2.290E+00 3.000E+00
NAN NAN NAN 3.064E-01 4.925E-03 NAN 1.000E+00 2.341E+00 3.000E+00
NAN NAN NAN 3.875E-01 9.925E-06 NAN 1.000E+00 2.428E+00 3.000E+00
NAN NAN NAN 3.875E-01 9.966E-06 NAN 1.000E+00 2.428E+00 3.000E+00
NAN NAN NAN 3.875E-01 1.004E-05 NAN 1.000E+00 2.428E+00 3.000E+00
NAN NAN NAN 3.875E-01 1.018E-05 NAN 1.000E+00 2.428E+00 3.000E+00
NAN NAN NAN 3.875E-01 1.043E-05 NAN 1.000E+00 2.428E+00 3.000E+00
NAN NAN NAN 3.875E-01 1.089E-05 NAN 1.000E+00 2.428E+00 3.000E+00
NAN NAN NAN 3.875E-01 1.174E-05 NAN 1.000E+00 2.428E+00 3.000E+00
NAN NAN NAN 3.875E-01 1.329E-05 NAN 1.000E+00 2.428E+00 3.000E+00
NAN NAN NAN 3.875E-01 1.614E-05 NAN 1.000E+00 2.428E+00 3.000E+00
NAN NAN NAN 3.875E-01 2.136E-05 NAN 1.000E+00 2.428E+00 3.000E+00
NAN NAN NAN 3.875E-01 3.092E-05 NAN 1.000E+00 2.429E+00 3.000E+00
NAN NAN NAN 3.875E-01 4.845E-05 NAN 1.000E+00 2.430E+00 3.000E+00
NAN NAN NAN 3.875E-01 8.058E-05 NAN 1.000E+00 2.432E+00 3.000E+00
NAN NAN NAN 3.875E-01 1.395E-04 NAN 1.000E+00 2.435E+00 3.000E+00
NAN NAN NAN 3.875E-01 2.474E-04 NAN 1.000E+00 2.441E+00 3.000E+00
NAN NAN NAN 3.875E-01 4.453E-04 NAN 1.000E+00 2.451E+00 3.000E+00
NAN NAN NAN 3.875E-01 8.080E-04 NAN 1.000E+00 2.471E+00 3.000E+00
NAN NAN NAN 3.875E-01 1.473E-03 NAN 1.000E+00 2.509E+00 3.000E+00
NAN NAN NAN 3.875E-01 2.691E-03 NAN 1.000E+00 2.582E+00 3.000E+00
NAN NAN NAN 3.875E-01 4.925E-03 NAN 1.000E+00 2.730E+00 3.000E+00
NAN NAN NAN 4.902E-01 9.925E-06 NAN 1.000E+00 2.936E+00 3.000E+00
NAN NAN NAN 4.902E-01 9.966E-06 NAN 1.000E+00 2.936E+00 3.000E+00
NAN NAN NAN 4.902E-01 1.004E-05 NAN 1.000E+00 2.936E+00 3.000E+00
NAN NAN NAN 4.902E-01 1.018E-05 NAN 1.000E+00 2.936E+00 3.000E+00
NAN NAN NAN 4.902E-01 1.043E-05 NAN 1.000E+00 2.936E+00 3.000E+00
NAN NAN NAN 4.902E-01 1.089E-05 NAN 1.000E+00 2.936E+00 3.000E+00
NAN NAN NAN 4.902E-01 1.174E-05 NAN 1.000E+00 2.936E+00 3.000E+00
NAN NAN NAN 4.902E-01 1.329E-05 NAN 1.000E+00 2.936E+00 3.000E+00
NAN NAN NAN 4.902E-01 1.614E-05 NAN 1.000E+00 2.937E+00 3.000E+00
NAN NAN NAN 4.902E-01 2.136E-05 NAN 1.000E+00 2.937E+00 3.000E+00
NAN NAN NAN 4.902E-01 3.092E-05 NAN 1.000E+00 2.937E+00 3.000E+00
NAN NAN NAN 4.902E-01 4.845E-05 NAN 1.000E+00 2.938E+00 3.000E+00
NAN NAN NAN 4.902E-01 8.058E-05 NAN 1.000E+00 2.940E+00 3.000E+00
NAN NAN NAN 4.902E-01 1.395E-04 NAN 1.000E+00 2.943E+00 3.000E+00
NAN NAN NAN 4.902E-01 2.474E-04 NAN 1.000E+00 2.949E+00 3.000E+00
NAN NAN NAN 4.902E-01 4.453E-04 NAN 1.000E+00 2.960E+00 3.000E+00
NAN NAN NAN 4.902E-01 8.080E-04 NAN 1.000E+00 2.982E+00 3.000E+00
NAN NAN NAN 4.902E-01 1.473E-03 NAN 1.000E+00 3.022E+00 3.000E+00
NAN NAN NAN 4.902E-01 2.691E-03 NAN 1.000E+00 3.096E+00 3.000E+00
NAN NAN NAN 4.902E-01 4.925E-03 NAN 1.000E+00 3.242E+00 3.000E+00
NAN NAN NAN 6.200E-01 9.925E-06 NAN 1.000E+00 3.583E+00 3.000E+00
NAN NAN NAN 6.200E-01 9.966E-06 NAN 1.000E+00 3.583E+00 3.000E+00
NAN NAN NAN 6.200E-01 1.004E-05 NAN 1.000E+00 3.583E+00 3.000E+00
NAN NAN NAN 6.200E-01 1.018E-05 NAN 1.000E+00 3.583E+00 3.000E+00
NAN NAN NAN 6.200E-01 1.043E-05 NAN 1.000E+00 3.583E+00 3.000E+00
NAN NAN NAN 6.200E-01 1.089E-05 NAN 1.000E+00 3.583E+00 3.000E+00
NAN NAN NAN 6.200E-01 1.174E-05 NAN 1.000E+00 3.583E+00 3.000E+00
NAN NAN NAN 6.200E-01 1.329E-05 NAN 1.000E+00 3.583E+00 3.000E+00
NAN NAN NAN 6.200E-01 1.614E-05 NAN 1.000E+00 3.583E+00 3.000E+00
NAN NAN NAN 6.200E-01 2.136E-05 NAN 1.000E+00 3.583E+00 3.000E+00
NAN NAN NAN 6.200E-01 3.092E-05 NAN 1.000E+00 3.584E+00 3.000E+00
NAN NAN NAN 6.200E-01 4.845E-05 NAN 1.000E+00 3.585E+00 3.000E+00
NAN NAN NAN 6.200E-01 8.058E-05 NAN 1.000E+00 3.587E+00 3.000E+00
NAN NAN NAN 6.200E-01 1.395E-04 NAN 1.000E+00 3.590E+00 3.000E+00
NAN NAN NAN 6.200E-01 2.474E-04 NAN 1.000E+00 3.597E+00 3.000E+00
NAN NAN NAN 6.200E-01 4.453E-04 NAN 1.000E+00 3.609E+00 3.000E+00
NAN NAN NAN 6.200E-01 8.080E-04 NAN 1.000E+00 3.630E+00 3.000E+00
NAN NAN NAN 6.200E-01 1.473E-03 NAN 1.000E+00 3.670E+00 3.000E+00
NAN NAN NAN 6.200E-01 2.691E-03 NAN 1.000E+00 3.745E+00 3.000E+00
NAN NAN NAN 6.200E-01 4.925E-03 NAN 1.000E+00 3.891E+00 3.000E+00
NAN NAN NAN 7.842E-01 9.925E-06 NAN 1.000E+00 4.403E+00 3.000E+00
NAN NAN NAN 7.842E-01 9.966E-06 NAN 1.000E+00 4.403E+00 3.000E+00
NAN NAN NAN 7.842E-01 1.004E-05 NAN 1.000E+00 4.403E+00 3.000E+00
NAN NAN NAN 7.842E-01 1.018E-05 NAN 1.000E+00 4.403E+00 3.000E+00
NAN NAN NAN 7.842E-01 1.043E-05 NAN 1.000E+00 4.403E+00 3.000E+00
NAN NAN NAN 7.842E-01 1.089E-05 NAN 1.000E+00 4.403E+00 3.000E+00
NAN NAN NAN 7.842E-01 1.174E-05 NAN 1.000E+00 4.403E+00 3.000E+00
NAN NAN NAN 7.842E-01 1.329E-05 NAN 1.000E+00 4.403E+00 3.000E+00
NAN NAN NAN 7.842E-01 1.614E-05 NAN 1.000E+00 4.403E+00 3.000E+00
NAN NAN NAN 7.842E-01 2.136E-05 NAN 1.000E+00 4.403E+00 3.000E+00
NAN NAN NAN 7.842E-01 3.092E-05 NAN 1.000E+00 4.404E+00 3.000E+00
NAN NAN NAN 7.842E-01 4.845E-05 NAN 1.000E+00 4.405E+00 3.000E+00
NAN NAN NAN 7.842E-01 8.058E-05 NAN 1.000E+00 4.407E+00 3.000E+00
NAN NAN NAN 7.842E-01 1.395E-04 NAN 1.000E+00 4.410E+00 3.000E+00
NAN NAN NAN 7.842E-01 2.474E-04 NAN 1.000E+00 4.417E+00 3.000E+00
NAN NAN NAN 7.842E-01 4.453E-04 NAN 1.000E+00 4.429E+00 3.000E+00
NAN NAN NAN 7.842E-01 8.080E-04 NAN 1.000E+00 4.450E+00 3.000E+00
NAN NAN NAN 7.842E-01 1.473E-03 NAN 1.000E+00 4.490E+00 3.000E+00
NAN NAN NAN 7.842E-01 2.691E-03 NAN 1.000E+00 4.567E+00 3.000E+00
NAN NAN NAN 7.842E-01 4.925E-03 NAN 1.000E+00 4.712E+00 3.000E+00
NAN NAN NAN 9.919E-01 9.925E-06 NAN 1.000E+00 5.440E+00 3.000E+00
NAN NAN NAN 9.919E-01 9.966E-06 NAN 1.000E+00 5.440E+00 3.000E+00
NAN NAN NAN 9.919E-01 1.004E-05 NAN 1.000E+00 5.440E+00 3.000E+00
NAN NAN NAN 9.919E-01 1.018E-05 NAN 1.000E+00 5.440E+00 3.000E+00
NAN NAN NAN 9.919E-01 1.043E-05 NAN 1.000E+00 5.440E+00 3.000E+00
NAN NAN NAN 9.919E-01 1.089E-05 NAN 1.000E+00 5.440E+00 3.000E+00
NAN NAN NAN 9.919E-01 1.174E-05 NAN 1.000E+00 5.440E+00 3.000E+00
NAN NAN NAN 9.919E-01 1.329E-05 NAN 1.000E+00 5.440E+00 3.000E+00
NAN NAN NAN 9.919E-01 1.614E-05 NAN 1.000E+00 5.440E+00 3.000E+00
NAN NAN NAN 9.919E-01 2.136E-05 NAN 1.000E+00 5.441E+00 3.000E+00
NAN NAN NAN 9.919E-01 3.092E-05 NAN 1.000E+00 5.441E+00 3.000E+00
NAN NAN NAN 9.919E-01 4.845E-05 NAN 1.000E+00 5.442E+00 3.000E+00
NAN NAN NAN 9.919E-01 8.058E-05 NAN 1.000E+00 5.444E+00 3.000E+00
NAN NAN NAN 9.919E-01 1.395E-04 NAN 1.000E+00 5.448E+00 3.000E+00
NAN NAN NAN 9.919E-01 2.474E-04 NAN 1.000E+00 5.454E+00 3.000E+00
NAN NAN NAN 9.919E-01 4.453E-04 NAN 1.000E+00 5.466E+00 3.000E+00
NAN NAN NAN 9.919E-01 8.080E-04 NAN 1.000E+00 5.488E+00 3.000E+00
NAN NAN NAN 9.919E-01 1.473E-03 NAN 1.000E+00 5.528E+00 3.000E+00
NAN NAN NAN 9.919E-01 2.691E-03 NAN 1.000E+00 5.607E+00 3.000E+00
NAN NAN NAN 9.919E-01 4.925E-03 NAN 1.000E+00 5.752E+00 3.000E+00
NAN NAN NAN 1.255E+00 9.925E-06 NAN 1.000E+00 6.754E+00 3.000E+00
NAN NAN NAN 1.255E+00 9.966E-06 NAN 1.000E+00 6.754E+00 3.000E+00
NAN NAN NAN 1.255E+00 1.004E-05 NAN 1.000E+00 6.754E+00 3.000E+00
NAN NAN NAN 1.255E+00 1.018E-05 NAN 1.000E+00 6.754E+00 3.000E+00
NAN NAN NAN 1.255E+00 1.043E-05 NAN 1.000E+00 6.754E+00 3.000E+00
NAN NAN NAN 1.255E+00 1.089E-05 NAN 1.000E+00 6.754E+00 3.000E+00
NAN NAN NAN 1.255E+00 1.174E-05 NAN 1.000E+00 6.754E+00 3.000E+00
NAN NAN NAN 1.255E+00 1.329E-05 NAN 1.000E+00 6.754E+00 3.000E+00
NAN NAN NAN 1.255E+00 1.614E-05 NAN 1.000E+00 6.754E+00 3.000E+00
NAN NAN NAN 1.255E+00 2.136E-05 NAN 1.000E+00 6.754E+00 3.000E+00
NAN NAN NAN 1.255E+00 3.092E-05 NAN 1.000E+00 6.755E+00 3.000E+00
NAN NAN NAN 1.255E+00 4.845E-05 NAN 1.000E+00 6.756E+00 3.000E+00
NAN NAN NAN 1.255E+00 8.058E-05 NAN 1.000E+00 6.758E+00 3.000E+00
NAN NAN NAN 1.255E+00 1.395E-04 NAN 1.000E+00 6.762E+00 3.000E+00
NAN NAN NAN 1.255E+00 2.474E-04 NAN 1.000E+00 6.768E+00 3.000E+00
NAN NAN NAN 1.255E+00 4.453E-04 NAN 1.000E+00 6.780E+00 3.000E+00
NAN NAN NAN 1.255E+00 8.080E-04 NAN 1.000E+00 6.802E+00 3.000E+00
NAN NAN NAN 1.255E+00 1.473E-03 NAN 1.000E+00 6.844E+00 3.000E+00
NAN NAN NAN 1.255E+00 2.691E-03 NAN 1.000E+00 6.923E+00 3.000E+00
NAN NAN NAN 1.255E+00 4.925E-03 NAN 1.000E+00 7.069E+00 3.000E+00
NAN NAN NAN 1.587E+00 9.925E-06 NAN 1.000E+00 8.412E+00 3.000E+00
NAN NAN NAN 1.587E+00 9.966E-06 NAN 1.000E+00 8.412E+00 3.000E+00
NAN NAN NAN 1.587E+00 1.004E-05 NAN 1.000E+00 8.412E+00 3.000E+00
NAN NAN NAN 1.587E+00 1.018E-05 NAN 1.000E+00 8.412E+00 3.000E+00
NAN NAN NAN 1.587E+00 1.043E-05 NAN 1.000E+00 8.412E+00 3.000E+00
NAN NAN NAN 1.587E+00 1.089E-05 NAN 1.000E+00 8.412E+00 3.000E+00
NAN NAN NAN 1.587E+00 1.174E-05 NAN 1.000E+00 8.412E+00 3.000E+00
NAN NAN NAN 1.587E+00 1.329E-05 NAN 1.000E+00 8.412E+00 3.000E+00
NAN NAN NAN 1.587E+00 1.614E-05 NAN 1.000E+00 8.412E+00 3.000E+00
NAN NAN NAN 1.587E+00 2.136E-05 NAN 1.000E+00 8.412E+00 3.000E+00
NAN NAN NAN 1.587E+00 3.092E-05 NAN 1.000E+00 8.413E+00 3.000E+00
NAN NAN NAN 1.587E+00 4.845E-05 NAN 1.000E+00 8.414E+00 3.000E+00
NAN NAN NAN 1.587E+00 8.058E-05 NAN 1.000E+00 8.416E+00 3.000E+00
NAN NAN NAN 1.587E+00 1.395E-04 NAN 1.000E+00 8.420E+00 3.000E+00
NAN NAN NAN 1.587E+00 2.474E-04 NAN 1.000E+00 8.426E+00 3.000E+00
NAN NAN NAN 1.587E+00 4.453E-04 NAN 1.000E+00 8.439E+00 3.000E+00
NAN NAN NAN 1.587E+00 8.080E-04 NAN 1.000E+00 8.463E+00 3.000E+00
NAN NAN NAN 1.587E+00 1.473E-03 NAN 1.000E+00 8.506E+00 3.000E+00
NAN NAN NAN 1.587E+00 2.691E-03 NAN 1.000E+00 8.585E+00 3.000E+00
NAN NAN NAN 1.587E+00 4.925E-03 NAN 1.000E+00 8.731E+00 3.000E+00
NAN NAN NAN 2.007E+00 9.925E-06 NAN 1.000E+00 1.051E+01 3.000E+00
NAN NAN NAN 2.007E+00 9.966E-06 NAN 1.000E+00 1.051E+01 3.000E+00
NAN NAN NAN 2.007E+00 1.004E-05 NAN 1.000E+00 1.051E+01 3.000E+00
NAN NAN NAN 2.007E+00 1.018E-05 NAN 1.000E+00 1.051E+01 3.000E+00
NAN NAN NAN 2.007E+00 1.043E-05 NAN 1.000E+00 1.051E+01 3.000E+00
NAN NAN NAN 2.007E+00 1.089E-05 NAN 1.000E+00 1.051E+01 3.000E+00
NAN NAN NAN 2.007E+00 1.174E-05 NAN 1.000E+00 1.051E+01 3.000E+00
NAN NAN NAN 2.007E+00 1.329E-05 NAN 1.000E+00 1.051E+01 3.000E+00
NAN NAN NAN 2.007E+00 1.614E-05 NAN 1.000E+00 1.051E+01 3.000E+00
NAN NAN NAN 2.007E+00 2.136E-05 NAN 1.000E+00 1.051E+01 3.000E+00
NAN NAN NAN 2.007E+00 3.092E-05 NAN 1.000E+00 1.051E+01 3.000E+00
NAN NAN NAN 2.007E+00 4.845E-05 NAN 1.000E+00 1.052E+01 3.000E+00
NAN NAN NAN 2.007E+00 8.058E-05 NAN 1.000E+00 1.052E+01 3.000E+00
NAN NAN NAN 2.007E+00 1.395E-04 NAN 1.000E+00 1.052E+01 3.000E+00
NAN NAN NAN 2.007E+00 2.474E-04 NAN 1.000E+00 1.053E+01 3.000E+00
NAN NAN NAN 2.007E+00 4.453E-04 NAN 1.000E+00 1.054E+01 3.000E+00
NAN NAN NAN 2.007E+00 8.080E-04 NAN 1.000E+00 1.056E+01 3.000E+00
NAN NAN NAN 2.007E+00 1.473E-03 NAN 1.000E+00 1.061E+01 3.000E+00
NAN NAN NAN 2.007E+00 2.691E-03 NAN 1.000E+00 1.069E+01 3.000E+00
NAN NAN NAN 2.007E+00 4.925E-03 NAN 1.000E+00 1.083E+01 3.000E+00
NAN NAN NAN 2.539E+00 9.925E-06 NAN 1.000E+00 1.318E+01 3.000E+00
NAN NAN NAN 2.539E+00 9.966E-06 NAN 1.000E+00 1.318E+01 3.000E+00
NAN NAN NAN 2.539E+00 1.004E-05 NAN 1.000E+00 1.318E+01 3.000E+00
NAN NAN NAN 2.539E+00 1.018E-05 NAN 1.000E+00 1.318E+01 3.000E+00
NAN NAN NAN 2.539E+00 1.043E-05 NAN 1.000E+00 1.318E+01 3.000E+00
NAN NAN NAN 2.539E+00 1.089E-05 NAN 1.000E+00 1.318E+01 3.000E+00
NAN NAN NAN 2.539E+00 1.174E-05 NAN 1.000E+00 1.318E+01 3.000E+00
NAN NAN NAN 2.539E+00 1.329E-05 NAN 1.000E+00 1.318E+01 3.000E+00
NAN NAN NAN 2.539E+00 1.614E-05 NAN 1.000E+00 1.318E+01 3.000E+00
NAN NAN NAN 2.539E+00 2.136E-05 NAN 1.000E+00 1.318E+01 3.000E+00
NAN NAN NAN 2.539E+00 3.092E-05 NAN 1.000E+00 1.318E+01 3.000E+00
NAN NAN NAN 2.539E+00 4.845E-05 NAN 1.000E+00 1.318E+01 3.000E+00
NAN NAN NAN 2.539E+00 8.058E-05 NAN 1.000E+00 1.318E+01 3.000E+00
NAN NAN NAN 2.539E+00 1.395E-04 NAN 1.000E+00 1.318E+01 3.000E+00
NAN NAN NAN 2.539E+00 2.474E-04 NAN 1.000E+00 1.319E+01 3.000E+00
NAN NAN NAN 2.539E+00 4.453E-04 NAN 1.000E+00 1.320E+01 3.000E+00
NAN NAN NAN 2.539E+00 8.080E-04 NAN 1.000E+00 1.323E+01 3.000E+00
NAN NAN NAN 2.539E+00 1.473E-03 NAN 1.000E+00 1.327E+01 3.000E+00
NAN NAN NAN 2.539E+00 2.691E-03 NAN 1.000E+00 1.335E+01 3.000E+00
NAN NAN NAN 2.539E+00 4.925E-03 NAN 1.000E+00 1.350E+01 3.000E+00
NAN NAN NAN 3.211E+00 9.925E-06 NAN 1.000E+00 1.654E+01 3.000E+00
NAN NAN NAN 3.211E+00 9.966E-06 NAN 1.000E+00 1.654E+01 3.000E+00
NAN NAN NAN 3.211E+00 1.004E-05 NAN 1.000E+00 1.654E+01 3.000E+00
NAN NAN NAN 3.211E+00 1.018E-05 NAN 1.000E+00 1.654E+01 3.000E+00
NAN NAN NAN 3.211E+00 1.043E-05 NAN 1.000E+00 1.654E+01 3.000E+00
NAN NAN NAN 3.211E+00 1.089E-05 NAN 1.000E+00 1.654E+01 3.000E+00
NAN NAN NAN 3.211E+00 1.174E-05 NAN 1.000E+00 1.654E+01 3.000E+00
NAN NAN NAN 3.211E+00 1.329E-05 NAN 1.000E+00 1.654E+01 3.000E+00
NAN NAN NAN 3.211E+00 1.614E-05 NAN 1.000E+00 1.654E+01 3.000E+00
NAN NAN NAN 3.211E+00 2.136E-05 NAN 1.000E+00 1.654E+01 3.000E+00
NAN NAN NAN 3.211E+00 3.092E-05 NAN 1.000E+00 1.654E+01 3.000E+00
NAN NAN NAN 3.211E+00 4.845E-05 NAN 1.000E+00 1.654E+01 3.000E+00
NAN NAN NAN 3.211E+00 8.058E-05 NAN 1.000E+00 1.654E+01 3.000E+00
NAN NAN NAN 3.211E+00 1.395E-04 NAN 1.000E+00 1.655E+01 3.000E+00
NAN NAN NAN 3.211E+00 2.474E-04 NAN 1.000E+00 1.655E+01 3.000E+00
NAN NAN NAN 3.211E+00 4.453E-04 NAN 1.000E+00 1.657E+01 3.000E+00
NAN NAN NAN 3.211E+00 8.080E-04 NAN 1.000E+00 1.659E+01 3.000E+00
NAN NAN NAN 3.211E+00 1.473E-03 NAN 1.000E+00 1.663E+01 3.000E+00
NAN NAN NAN 3.211E+00 2.691E-03 NAN 1.000E+00 1.671E+01 3.000E+00
NAN NAN NAN 3.211E+00 4.925E-03 NAN 1.000E+00 1.686E+01 3.000E+00
NAN NAN NAN 4.062E+00 9.925E-06 NAN 1.000E+00 2.080E+01 3.000E+00
NAN NAN NAN 4.062E+00 9.966E-06 NAN 1.000E+00 2.080E+01 3.000E+00
NAN NAN NAN 4.062E+00 1.004E-05 NAN 1.000E+00 2.080E+01 3.000E+00
NAN NAN NAN 4.062E+00 1.018E-05 NAN 1.000E+00 2.080E+01 3.000E+00
NAN NAN NAN 4.062E+00 1.043E-05 NAN 1.000E+00 2.080E+01 3.000E+00
NAN NAN NAN 4.062E+00 1.089E-05 NAN 1.000E+00 2.080E+01 3.000E+00
NAN NAN NAN 4.062E+00 1.174E-05 NAN 1.000E+00 2.080E+01 3.000E+00
NAN NAN NAN 4.062E+00 1.329E-05 NAN 1.000E+00 2.080E+01 3.000E+00
NAN NAN NAN 4.062E+00 1.614E-05 NAN 1.000E+00 2.080E+01 3.000E+00
NAN NAN NAN 4.062E+00 2.136E-05 NAN 1.000E+00 2.080E+01 3.000E+00
NAN NAN NAN 4.062E+00 3.092E-05 NAN 1.000E+00 2.080E+01 3.000E+00
NAN NAN NAN 4.062E+00 4.845E-05 NAN 1.000E+00 2.080E+01 3.000E+00
NAN NAN NAN 4.062E+00 8.058E-05 NAN 1.000E+00 2.080E+01 3.000E+00
NAN NAN NAN 4.062E+00 1.395E-04 NAN 1.000E+00 2.081E+01 3.000E+00
NAN NAN NAN 4.062E+00 2.474E-04 NAN 1.000E+00 2.081E+01 3.000E+00
NAN NAN NAN 4.062E+00 4.453E-04 NAN 1.000E+00 2.083E+01 3.000E+00
NAN NAN NAN 4.062E+00 8.080E-04 NAN 1.000E+00 2.085E+01 3.000E+00
NAN NAN NAN 4.062E+00 1.473E-03 NAN 1.000E+00 2.089E+01 3.000E+00
NAN NAN NAN 4.062E+00 2.691E-03 NAN 1.000E+00 2.097E+01 3.000E+00
NAN NAN NAN 4.062E+00 4.925E-03 NAN 1.000E+00 2.112E+01 1.000E+00
NAN NAN NAN 5.138E+00 9.925E-06 NAN 1.000E+00 2.618E+01 3.000E+00
NAN NAN NAN 5.138E+00 9.966E-06 NAN 1.000E+00 2.618E+01 3.000E+00
NAN NAN NAN 5.138E+00 1.004E-05 NAN 1.000E+00 2.618E+01 3.000E+00
NAN NAN NAN 5.138E+00 1.018E-05 NAN 1.000E+00 2.618E+01 3.000E+00
NAN NAN NAN 5.138E+00 1.043E-05 NAN 1.000E+00 2.618E+01 3.000E+00
NAN NAN NAN 5.138E+00 1.089E-05 NAN 1.000E+00 2.618E+01 3.000E+00
NAN NAN NAN 5.138E+00 1.174E-05 NAN 1.000E+00 2.618E+01 3.000E+00
NAN NAN NAN 5.138E+00 1.329E-05 NAN 1.000E+00 2.618E+01 3.000E+00
NAN NAN NAN 5.138E+00 1.614E-05 NAN 1.000E+00 2.618E+01 3.000E+00
NAN NAN NAN 5.138E+00 2.136E-05 NAN 1.000E+00 2.618E+01 3.000E+00
NAN NAN NAN 5.138E+00 3.092E-05 NAN 1.000E+00 2.619E+01 3.000E+00
NAN NAN NAN 5.138E+00 4.845E-05 NAN 1.000E+00 2.619E+01 3.000E+00
NAN NAN NAN 5.138E+00 8.058E-05 NAN 1.000E+00 2.619E+01 3.000E+00
NAN NAN NAN 5.138E+00 1.395E-04 NAN 1.000E+00 2.619E+01 3.000E+00
NAN NAN NAN 5.138E+00 2.474E-04 NAN 1.000E+00 2.620E+01 3.000E+00
NAN NAN NAN 5.138E+00 4.453E-04 NAN 1.000E+00 2.621E+01 3.000E+00
NAN NAN NAN 5.138E+00 8.080E-04 NAN 1.000E+00 2.624E+01 3.000E+00
NAN NAN NAN 5.138E+00 1.473E-03 NAN 1.000E+00 2.628E+01 3.000E+00
NAN NAN NAN 5.138E+00 2.691E-03 NAN 1.000E+00 2.636E+01 1.000E+00
NAN NAN NAN 5.138E+00 4.925E-03 NAN 1.000E+00 2.650E+01 1.000E+00
