5.104E+07 8.999E+02 2.910E-01 5.137E-05 7.850E-05 1.323E+03 6.791E-01 8.843E+00 2.000E+00
6.166E+07 8.999E+02 2.910E-01 5.137E-05 7.854E-05 1.324E+03 6.791E-01 8.843E+00 2.000E+00
1.011E+08 8.999E+02 2.910E-01 5.137E-05 7.861E-05 1.323E+03 6.791E-01 8.843E+00 2.000E+00
1.146E+07 7.639E+02 3.088E-01 5.137E-05 7.875E-05 1.390E+03 6.791E-01 8.843E+00 2.000E+00
2.521E+07 7.639E+02 3.088E-01 5.137E-05 7.900E-05 1.390E+03 6.792E-01 8.843E+00 2.000E+00
2.770E+08 9.421E+02 2.860E-01 5.137E-05 7.946E-05 1.308E+03 6.792E-01 8.843E+00 2.000E+00
1.538E+07 9.361E+02 2.867E-01 5.137E-05 8.031E-05 1.376E+03 6.792E-01 8.843E+00 2.000E+00
4.299E+07 5.993E+02 3.349E-01 5.137E-05 8.186E-05 1.533E+03 6.793E-01 8.843E+00 2.000E+00
5.628E+07 8.590E+02 2.960E-01 5.137E-05 8.471E-05 1.340E+03 6.794E-01 8.843E+00 2.000E+00
4.433E+07 9.611E+02 2.839E-01 5.137E-05 8.993E-05 1.304E+03 6.797E-01 8.843E+00 2.000E+00
7.110E+07 7.024E+02 3.179E-01 5.137E-05 9.949E-05 1.432E+03 6.802E-01 8.843E+00 2.000E+00
1.110E+08 8.538E+02 2.967E-01 5.137E-05 1.170E-04 1.345E+03 6.810E-01 8.844E+00 2.000E+00
3.216E+08 8.537E+02 2.968E-01 5.137E-05 1.492E-04 1.344E+03 6.824E-01 8.844E+00 2.000E+00
4.829E+07 6.562E+02 3.253E-01 5.137E-05 2.080E-04 1.473E+03 6.849E-01 8.846E+00 2.000E+00
3.720E+07 4.200E+02 3.713E-01 5.137E-05 3.160E-04 1.878E+03 6.896E-01 8.848E+00 2.000E+00
5.630E+08 9.366E+02 2.870E-01 5.137E-05 5.139E-04 1.324E+03 6.980E-01 8.853E+00 2.000E+00
1.191E+08 4.819E+02 3.589E-01 5.137E-05 8.766E-04 1.716E+03 7.135E-01 8.861E+00 2.000E+00
4.767E+07 8.610E+02 2.971E-01 5.137E-05 1.541E-03 1.386E+03 7.405E-01 8.876E+00 2.000E+00
1.668E+09 9.430E+02 2.881E-01 5.137E-05 2.760E-03 1.450E+03 7.836E-01 8.904E+00 2.000E+00
4.813E+07 2.483E+02 4.320E-01 5.137E-05 4.994E-03 2.737E+03 8.442E-01 8.956E+00 2.000E+00
8.768E+07 8.999E+02 2.910E-01 6.498E-05 7.850E-05 1.325E+03 6.792E-01 8.843E+00 2.000E+00
1.266E+08 8.999E+02 2.910E-01 6.498E-05 7.854E-05 1.325E+03 6.792E-01 8.843E+00 2.000E+00
7.490E+08 8.999E+02 2.910E-01 6.498E-05 7.861E-05 1.323E+03 6.792E-01 8.843E+00 2.000E+00
1.444E+07 7.639E+02 3.088E-01 6.498E-05 7.875E-05 1.390E+03 6.792E-01 8.843E+00 2.000E+00
5.525E+07 7.639E+02 3.088E-01 6.498E-05 7.900E-05 1.390E+03 6.792E-01 8.843E+00 2.000E+00
2.593E+07 6.525E+02 3.258E-01 6.498E-05 7.946E-05 1.475E+03 6.792E-01 8.843E+00 2.000E+00
1.637E+07 9.361E+02 2.867E-01 6.498E-05 8.031E-05 1.310E+03 6.793E-01 8.843E+00 2.000E+00
1.542E+08 3.820E+02 3.794E-01 6.498E-05 8.186E-05 2.027E+03 6.794E-01 8.843E+00 2.000E+00
5.931E+07 7.203E+02 3.151E-01 6.498E-05 8.471E-05 1.419E+03 6.795E-01 8.843E+00 2.000E+00
5.083E+07 9.611E+02 2.839E-01 6.498E-05 8.993E-05 1.303E+03 6.798E-01 8.843E+00 2.000E+00
4.482E+07 5.748E+02 3.393E-01 6.498E-05 9.949E-05 1.566E+03 6.802E-01 8.843E+00 2.000E+00
1.186E+07 2.700E+02 4.062E-01 6.498E-05 1.170E-04 3.057E+03 6.811E-01 8.844E+00 2.000E+00
4.129E+06 2.684E+02 4.067E-01 6.498E-05 1.492E-04 3.085E+03 6.825E-01 8.844E+00 2.000E+00
2.285E+07 6.954E+02 3.191E-01 6.498E-05 2.080E-04 1.439E+03 6.850E-01 8.846E+00 2.000E+00
1.142E+08 4.008E+02 3.757E-01 6.498E-05 3.160E-04 1.945E+03 6.896E-01 8.848E+00 2.000E+00
2.581E+08 9.480E+02 2.857E-01 6.498E-05 5.139E-04 1.320E+03 6.981E-01 8.853E+00 2.000E+00
1.814E+07 7.122E+02 3.173E-01 6.498E-05 8.766E-04 1.439E+03 7.136E-01 8.861E+00 2.000E+00
1.053E+08 8.610E+02 2.971E-01 6.498E-05 1.541E-03 1.386E+03 7.405E-01 8.876E+00 2.000E+00
3.228E+07 5.989E+02 3.388E-01 6.498E-05 2.760E-03 1.574E+03 7.837E-01 8.904E+00 2.000E+00
1.072E+08 5.771E+02 3.463E-01 6.498E-05 4.994E-03 1.672E+03 8.442E-01 8.956E+00 2.000E+00
1.670E+09 8.999E+02 2.910E-01 8.219E-05 7.850E-05 1.323E+03 6.793E-01 8.843E+00 2.000E+00
1.182E+07 7.639E+02 3.088E-01 8.219E-05 7.854E-05 1.391E+03 6.793E-01 8.843E+00 2.000E+00
1.406E+07 7.639E+02 3.088E-01 8.219E-05 7.861E-05 1.390E+03 6.793E-01 8.843E+00 2.000E+00
2.242E+07 7.639E+02 3.088E-01 8.219E-05 7.875E-05 1.390E+03 6.793E-01 8.843E+00 2.000E+00
1.123E+08 7.492E+02 3.109E-01 8.219E-05 7.900E-05 1.399E+03 6.793E-01 8.843E+00 2.000E+00
5.358E+07 6.398E+02 3.279E-01 8.219E-05 7.946E-05 1.487E+03 6.793E-01 8.843E+00 2.000E+00
1.830E+07 9.361E+02 2.867E-01 8.219E-05 8.031E-05 1.310E+03 6.794E-01 8.843E+00 2.000E+00
2.308E+07 8.428E+02 2.981E-01 8.219E-05 8.186E-05 1.348E+03 6.794E-01 8.843E+00 2.000E+00
1.123E+08 8.448E+02 2.978E-01 8.219E-05 8.471E-05 1.347E+03 6.796E-01 8.843E+00 2.000E+00
6.265E+07 9.611E+02 2.839E-01 8.219E-05 8.993E-05 1.307E+03 6.798E-01 8.843E+00 2.000E+00
2.876E+08 5.826E+02 3.379E-01 8.219E-05 9.949E-05 1.554E+03 6.803E-01 8.843E+00 2.000E+00
1.930E+07 5.223E+02 3.493E-01 8.219E-05 1.170E-04 1.640E+03 6.812E-01 8.844E+00 2.000E+00
4.149E+07 9.360E+02 2.868E-01 8.219E-05 1.492E-04 1.312E+03 6.826E-01 8.844E+00 2.000E+00
2.021E+08 6.954E+02 3.191E-01 8.219E-05 2.080E-04 1.441E+03 6.851E-01 8.846E+00 2.000E+00
2.341E+07 7.214E+02 3.152E-01 8.219E-05 3.160E-04 1.422E+03 6.897E-01 8.848E+00 2.000E+00
1.244E+08 4.931E+02 3.559E-01 8.219E-05 5.139E-04 1.694E+03 6.982E-01 8.853E+00 2.000E+00
2.302E+07 4.097E+02 3.749E-01 8.219E-05 8.766E-04 2.074E+03 7.137E-01 8.861E+00 2.000E+00
7.132E+06 7.764E+02 3.085E-01 8.219E-05 1.541E-03 1.420E+03 7.406E-01 8.876E+00 2.000E+00
1.665E+08 9.450E+02 2.878E-01 8.219E-05 2.760E-03 1.450E+03 7.838E-01 8.904E+00 2.000E+00
5.398E+07 6.819E+02 3.271E-01 8.219E-05 4.994E-03 1.645E+03 8.443E-01 8.956E+00 2.000E+00
1.594E+07 7.639E+02 3.088E-01 1.040E-04 7.850E-05 1.390E+03 6.794E-01 8.843E+00 2.000E+00
1.822E+07 7.639E+02 3.088E-01 1.040E-04 7.854E-05 1.394E+03 6.794E-01 8.843E+00 2.000E+00
2.512E+07 7.639E+02 3.088E-01 1.040E-04 7.861E-05 1.404E+03 6.794E-01 8.843E+00 2.000E+00
1.008E+08 7.639E+02 3.088E-01 1.040E-04 7.875E-05 1.428E+03 6.794E-01 8.843E+00 2.000E+00
1.295E+08 9.421E+02 2.860E-01 1.040E-04 7.900E-05 1.308E+03 6.794E-01 8.843E+00 2.000E+00
3.437E+07 4.847E+02 3.568E-01 1.040E-04 7.946E-05 1.712E+03 6.794E-01 8.843E+00 2.000E+00
2.031E+07 9.361E+02 2.867E-01 1.040E-04 8.031E-05 1.312E+03 6.795E-01 8.843E+00 2.000E+00
4.364E+07 8.428E+02 2.981E-01 1.040E-04 8.186E-05 1.348E+03 6.796E-01 8.843E+00 2.000E+00
5.516E+07 6.288E+02 3.298E-01 1.040E-04 8.471E-05 1.500E+03 6.797E-01 8.843E+00 2.000E+00
8.957E+07 9.611E+02 2.839E-01 1.040E-04 8.993E-05 1.303E+03 6.799E-01 8.843E+00 2.000E+00
1.630E+08 7.791E+02 3.066E-01 1.040E-04 9.949E-05 1.381E+03 6.804E-01 8.843E+00 2.000E+00
7.377E+07 6.228E+02 3.308E-01 1.040E-04 1.170E-04 1.505E+03 6.813E-01 8.844E+00 2.000E+00
6.148E+07 9.360E+02 2.868E-01 1.040E-04 1.492E-04 1.312E+03 6.827E-01 8.844E+00 2.000E+00
9.034E+07 3.709E+02 3.824E-01 1.040E-04 2.080E-04 2.074E+03 6.852E-01 8.846E+00 2.000E+00
1.333E+08 7.191E+02 3.156E-01 1.040E-04 3.160E-04 1.425E+03 6.898E-01 8.848E+00 2.000E+00
3.102E+07 4.912E+02 3.563E-01 1.040E-04 5.139E-04 1.698E+03 6.983E-01 8.853E+00 2.000E+00
1.045E+09 6.974E+02 3.196E-01 1.040E-04 8.766E-04 1.450E+03 7.138E-01 8.861E+00 2.000E+00
4.183E+08 8.174E+02 3.028E-01 1.040E-04 1.541E-03 1.402E+03 7.407E-01 8.876E+00 2.000E+00
5.665E+08 9.426E+02 2.881E-01 1.040E-04 2.760E-03 1.455E+03 7.839E-01 8.904E+00 2.000E+00
3.488E+07 7.789E+02 3.117E-01 1.040E-04 4.994E-03 1.688E+03 8.444E-01 8.956E+00 2.000E+00
4.733E+07 7.639E+02 3.088E-01 1.315E-04 7.850E-05 1.390E+03 6.795E-01 8.843E+00 2.000E+00
8.360E+07 7.639E+02 3.088E-01 1.315E-04 7.854E-05 1.390E+03 6.795E-01 8.843E+00 2.000E+00
6.778E+07 7.492E+02 3.109E-01 1.315E-04 7.861E-05 1.399E+03 6.795E-01 8.843E+00 2.000E+00
9.681E+07 9.421E+02 2.860E-01 1.315E-04 7.875E-05 1.308E+03 6.795E-01 8.843E+00 2.000E+00
4.273E+07 6.525E+02 3.258E-01 1.315E-04 7.900E-05 1.475E+03 6.795E-01 8.843E+00 2.000E+00
1.640E+07 5.012E+02 3.534E-01 1.315E-04 7.946E-05 1.679E+03 6.796E-01 8.843E+00 2.000E+00
2.466E+07 9.361E+02 2.867E-01 1.315E-04 8.031E-05 1.311E+03 6.796E-01 8.843E+00 2.000E+00
1.452E+07 2.825E+02 4.031E-01 1.315E-04 8.186E-05 2.842E+03 6.797E-01 8.843E+00 2.000E+00
2.062E+08 7.406E+02 3.121E-01 1.315E-04 8.471E-05 1.407E+03 6.798E-01 8.843E+00 2.000E+00
2.031E+08 9.611E+02 2.839E-01 1.315E-04 8.993E-05 1.303E+03 6.801E-01 8.843E+00 2.000E+00
1.181E+08 5.310E+02 3.476E-01 1.315E-04 9.949E-05 1.626E+03 6.805E-01 8.843E+00 2.000E+00
2.579E+07 6.923E+02 3.195E-01 1.315E-04 1.170E-04 1.441E+03 6.814E-01 8.844E+00 2.000E+00
1.696E+08 9.360E+02 2.868E-01 1.315E-04 1.492E-04 1.327E+03 6.828E-01 8.844E+00 2.000E+00
7.909E+07 8.745E+02 2.942E-01 1.315E-04 2.080E-04 1.349E+03 6.853E-01 8.846E+00 2.000E+00
1.591E+08 4.856E+02 3.571E-01 1.315E-04 3.160E-04 1.709E+03 6.899E-01 8.848E+00 2.000E+00
3.698E+07 8.754E+02 2.944E-01 1.315E-04 5.139E-04 1.345E+03 6.984E-01 8.853E+00 2.000E+00
9.383E+07 5.544E+02 3.443E-01 1.315E-04 8.766E-04 1.594E+03 7.139E-01 8.861E+00 2.000E+00
3.363E+07 8.081E+02 3.041E-01 1.315E-04 1.541E-03 1.406E+03 7.408E-01 8.876E+00 2.000E+00
6.768E+07 9.454E+02 2.878E-01 1.315E-04 2.760E-03 1.451E+03 7.840E-01 8.904E+00 2.000E+00
1.071E+07 7.068E+02 3.229E-01 1.315E-04 4.994E-03 1.649E+03 8.445E-01 8.956E+00 2.000E+00
9.522E+07 9.421E+02 2.860E-01 1.663E-04 7.850E-05 1.309E+03 6.797E-01 8.843E+00 2.000E+00
1.169E+08 9.421E+02 2.860E-01 1.663E-04 7.854E-05 1.321E+03 6.797E-01 8.843E+00 2.000E+00
1.521E+07 6.525E+02 3.258E-01 1.663E-04 7.861E-05 1.475E+03 6.797E-01 8.843E+00 2.000E+00
5.279E+07 6.525E+02 3.258E-01 1.663E-04 7.875E-05 1.475E+03 6.797E-01 8.843E+00 2.000E+00
2.364E+08 4.847E+02 3.568E-01 1.663E-04 7.900E-05 1.724E+03 6.797E-01 8.843E+00 2.000E+00
1.520E+07 9.470E+02 2.855E-01 1.663E-04 7.946E-05 1.307E+03 6.797E-01 8.843E+00 2.000E+00
7.350E+07 5.298E+02 3.478E-01 1.663E-04 8.031E-05 1.628E+03 6.798E-01 8.843E+00 2.000E+00
3.007E+07 5.568E+02 3.426E-01 1.663E-04 8.186E-05 1.586E+03 6.799E-01 8.843E+00 2.000E+00
4.203E+07 7.298E+02 3.137E-01 1.663E-04 8.471E-05 1.415E+03 6.800E-01 8.843E+00 2.000E+00
3.466E+07 6.275E+02 3.300E-01 1.663E-04 8.993E-05 1.500E+03 6.802E-01 8.843E+00 2.000E+00
3.048E+07 5.512E+02 3.437E-01 1.663E-04 9.949E-05 1.594E+03 6.807E-01 8.843E+00 2.000E+00
1.338E+08 6.481E+02 3.266E-01 1.663E-04 1.170E-04 1.481E+03 6.816E-01 8.844E+00 2.000E+00
1.917E+10 8.926E+02 2.919E-01 1.663E-04 1.492E-04 1.353E+03 6.830E-01 8.844E+00 2.000E+00
1.020E+08 8.822E+02 2.933E-01 1.663E-04 2.080E-04 1.334E+03 6.855E-01 8.846E+00 2.000E+00
3.114E+07 7.094E+02 3.171E-01 1.663E-04 3.160E-04 1.431E+03 6.901E-01 8.848E+00 2.000E+00
1.686E+07 7.616E+02 3.095E-01 1.663E-04 5.139E-04 1.400E+03 6.986E-01 8.853E+00 2.000E+00
1.505E+07 5.036E+02 3.544E-01 1.663E-04 8.766E-04 1.675E+03 7.141E-01 8.861E+00 2.000E+00
1.120E+07 4.708E+02 3.626E-01 1.663E-04 1.541E-03 1.739E+03 7.410E-01 8.876E+00 2.000E+00
2.323E+08 9.454E+02 2.878E-01 1.663E-04 2.760E-03 1.451E+03 7.841E-01 8.904E+00 2.000E+00
8.172E+07 6.953E+02 3.248E-01 1.663E-04 4.994E-03 1.648E+03 8.446E-01 8.956E+00 2.000E+00
6.574E+07 6.398E+02 3.279E-01 2.104E-04 7.850E-05 1.496E+03 6.799E-01 8.843E+00 2.000E+00
1.667E+08 9.546E+02 2.846E-01 2.104E-04 7.854E-05 1.305E+03 6.799E-01 8.843E+00 2.000E+00
4.317E+07 4.847E+02 3.568E-01 2.104E-04 7.861E-05 1.713E+03 6.799E-01 8.843E+00 2.000E+00
7.156E+07 3.537E+02 3.861E-01 2.104E-04 7.875E-05 2.172E+03 6.799E-01 8.843E+00 2.000E+00
1.045E+08 3.418E+02 3.889E-01 2.104E-04 7.900E-05 2.246E+03 6.799E-01 8.843E+00 2.000E+00
1.891E+07 9.361E+02 2.867E-01 2.104E-04 7.946E-05 1.316E+03 6.800E-01 8.843E+00 2.000E+00
7.631E+07 9.361E+02 2.867E-01 2.104E-04 8.031E-05 1.311E+03 6.800E-01 8.843E+00 2.000E+00
2.159E+07 3.004E+02 3.989E-01 2.104E-04 8.186E-05 2.603E+03 6.801E-01 8.843E+00 2.000E+00
3.053E+07 5.445E+02 3.449E-01 2.104E-04 8.471E-05 1.605E+03 6.802E-01 8.843E+00 2.000E+00
7.968E+07 9.504E+02 2.851E-01 2.104E-04 8.993E-05 1.306E+03 6.805E-01 8.843E+00 2.000E+00
4.322E+07 4.769E+02 3.585E-01 2.104E-04 9.949E-05 1.729E+03 6.809E-01 8.843E+00 2.000E+00
1.611E+08 6.064E+02 3.337E-01 2.104E-04 1.170E-04 1.523E+03 6.818E-01 8.844E+00 2.000E+00
3.352E+07 8.698E+02 2.947E-01 2.104E-04 1.492E-04 1.338E+03 6.832E-01 8.844E+00 2.000E+00
1.853E+08 7.839E+02 3.061E-01 2.104E-04 2.080E-04 1.381E+03 6.857E-01 8.846E+00 2.000E+00
4.125E+07 7.077E+02 3.173E-01 2.104E-04 3.160E-04 1.432E+03 6.903E-01 8.848E+00 2.000E+00
1.068E+08 4.530E+02 3.644E-01 2.104E-04 5.139E-04 1.783E+03 6.988E-01 8.853E+00 2.000E+00
3.336E+07 7.445E+02 3.124E-01 2.104E-04 8.766E-04 1.419E+03 7.143E-01 8.861E+00 2.000E+00
1.288E+07 6.574E+02 3.269E-01 2.104E-04 1.541E-03 1.495E+03 7.412E-01 8.876E+00 2.000E+00
2.765E+07 6.778E+02 3.250E-01 2.104E-04 2.760E-03 1.515E+03 7.843E-01 8.904E+00 2.000E+00
1.367E+07 4.543E+02 3.734E-01 2.104E-04 4.994E-03 1.801E+03 8.448E-01 8.956E+00 2.000E+00
1.449E+09 5.012E+02 3.534E-01 2.661E-04 7.850E-05 1.679E+03 6.802E-01 8.843E+00 2.000E+00
1.119E+08 9.246E+02 2.881E-01 2.661E-04 7.854E-05 1.316E+03 6.802E-01 8.843E+00 2.000E+00
2.414E+08 9.246E+02 2.881E-01 2.661E-04 7.861E-05 1.315E+03 6.802E-01 8.843E+00 2.000E+00
1.520E+07 9.361E+02 2.867E-01 2.661E-04 7.875E-05 1.311E+03 6.802E-01 8.843E+00 2.000E+00
1.802E+07 9.361E+02 2.867E-01 2.661E-04 7.900E-05 1.311E+03 6.802E-01 8.843E+00 2.000E+00
2.850E+07 9.361E+02 2.867E-01 2.661E-04 7.946E-05 1.311E+03 6.802E-01 8.843E+00 2.000E+00
1.468E+07 8.428E+02 2.981E-01 2.661E-04 8.031E-05 1.348E+03 6.803E-01 8.843E+00 2.000E+00
7.588E+07 6.745E+02 3.222E-01 2.661E-04 8.186E-05 1.455E+03 6.803E-01 8.843E+00 2.000E+00
4.408E+07 4.469E+02 3.648E-01 2.661E-04 8.471E-05 1.803E+03 6.805E-01 8.843E+00 2.000E+00
3.124E+07 9.523E+02 2.849E-01 2.661E-04 8.993E-05 1.306E+03 6.807E-01 8.843E+00 2.000E+00
3.599E+07 4.468E+02 3.649E-01 2.661E-04 9.949E-05 1.803E+03 6.812E-01 8.843E+00 2.000E+00
1.344E+07 9.034E+02 2.906E-01 2.661E-04 1.170E-04 1.324E+03 6.821E-01 8.844E+00 2.000E+00
1.742E+08 8.466E+02 2.977E-01 2.661E-04 1.492E-04 1.349E+03 6.834E-01 8.844E+00 2.000E+00
2.841E+07 2.938E+02 4.009E-01 2.661E-04 2.080E-04 2.669E+03 6.860E-01 8.846E+00 2.000E+00
9.617E+06 4.006E+02 3.757E-01 2.661E-04 3.160E-04 1.946E+03 6.906E-01 8.848E+00 2.000E+00
2.532E+07 7.671E+02 3.088E-01 2.661E-04 5.139E-04 1.397E+03 6.990E-01 8.853E+00 2.000E+00
4.791E+07 7.976E+02 3.049E-01 2.661E-04 8.766E-04 1.390E+03 7.145E-01 8.861E+00 2.000E+00
1.635E+07 7.963E+02 3.057E-01 2.661E-04 1.541E-03 1.412E+03 7.415E-01 8.876E+00 2.000E+00
6.467E+07 7.070E+02 3.203E-01 2.661E-04 2.760E-03 1.521E+03 7.846E-01 8.904E+00 2.000E+00
2.445E+07 5.556E+02 3.507E-01 2.661E-04 4.994E-03 1.687E+03 8.450E-01 8.956E+00 2.000E+00
1.962E+07 2.642E+02 4.074E-01 3.366E-04 7.850E-05 3.192E+03 6.805E-01 8.843E+00 2.000E+00
4.948E+07 2.642E+02 4.074E-01 3.366E-04 7.854E-05 3.191E+03 6.805E-01 8.843E+00 2.000E+00
1.978E+07 9.361E+02 2.867E-01 3.366E-04 7.861E-05 1.311E+03 6.805E-01 8.843E+00 2.000E+00
2.244E+07 9.361E+02 2.867E-01 3.366E-04 7.875E-05 1.312E+03 6.805E-01 8.843E+00 2.000E+00
3.027E+07 9.361E+02 2.867E-01 3.366E-04 7.900E-05 1.311E+03 6.805E-01 8.843E+00 2.000E+00
5.629E+08 6.925E+02 3.194E-01 3.366E-04 7.946E-05 1.453E+03 6.806E-01 8.843E+00 2.000E+00
3.338E+08 8.428E+02 2.981E-01 3.366E-04 8.031E-05 1.349E+03 6.806E-01 8.843E+00 2.000E+00
7.339E+07 4.404E+02 3.662E-01 3.366E-04 8.186E-05 1.821E+03 6.807E-01 8.843E+00 2.000E+00
1.417E+07 4.735E+02 3.591E-01 3.366E-04 8.471E-05 1.737E+03 6.808E-01 8.843E+00 2.000E+00
7.315E+07 9.523E+02 2.849E-01 3.366E-04 8.993E-05 1.306E+03 6.811E-01 8.843E+00 2.000E+00
3.872E+07 4.734E+02 3.592E-01 3.366E-04 9.949E-05 1.737E+03 6.815E-01 8.843E+00 2.000E+00
1.446E+07 5.151E+02 3.507E-01 3.366E-04 1.170E-04 1.654E+03 6.824E-01 8.844E+00 2.000E+00
1.017E+08 6.479E+02 3.266E-01 3.366E-04 1.492E-04 1.480E+03 6.838E-01 8.844E+00 2.000E+00
1.073E+08 3.292E+02 3.924E-01 3.366E-04 2.080E-04 2.327E+03 6.863E-01 8.846E+00 2.000E+00
1.581E+08 3.463E+02 3.885E-01 3.366E-04 3.160E-04 2.204E+03 6.909E-01 8.848E+00 2.000E+00
7.186E+07 9.773E+02 2.824E-01 3.366E-04 5.139E-04 1.313E+03 6.994E-01 8.853E+00 2.000E+00
4.982E+07 5.743E+02 3.406E-01 3.366E-04 8.766E-04 1.571E+03 7.149E-01 8.861E+00 2.000E+00
3.597E+07 2.642E+02 4.132E-01 3.366E-04 1.541E-03 2.928E+03 7.418E-01 8.876E+00 2.000E+00
1.017E+08 7.574E+02 3.125E-01 3.366E-04 2.760E-03 1.478E+03 7.849E-01 8.904E+00 2.000E+00
3.041E+07 3.657E+02 3.966E-01 3.366E-04 4.994E-03 2.006E+03 8.453E-01 8.956E+00 2.000E+00
3.760E+07 9.361E+02 2.867E-01 4.257E-04 7.850E-05 1.311E+03 6.810E-01 8.843E+00 2.000E+00
4.066E+07 9.361E+02 2.867E-01 4.257E-04 7.854E-05 1.311E+03 6.810E-01 8.843E+00 2.000E+00
4.790E+07 9.361E+02 2.867E-01 4.257E-04 7.861E-05 1.312E+03 6.810E-01 8.843E+00 2.000E+00
7.205E+07 9.361E+02 2.867E-01 4.257E-04 7.875E-05 1.311E+03 6.810E-01 8.843E+00 2.000E+00
2.465E+09 9.361E+02 2.867E-01 4.257E-04 7.900E-05 1.311E+03 6.810E-01 8.843E+00 2.000E+00
3.313E+07 8.428E+02 2.981E-01 4.257E-04 7.946E-05 1.348E+03 6.810E-01 8.843E+00 2.000E+00
1.892E+08 6.662E+02 3.236E-01 4.257E-04 8.031E-05 1.463E+03 6.810E-01 8.843E+00 2.000E+00
3.079E+07 8.590E+02 2.960E-01 4.257E-04 8.186E-05 1.341E+03 6.811E-01 8.843E+00 2.000E+00
5.661E+07 5.225E+02 3.492E-01 4.257E-04 8.471E-05 1.641E+03 6.813E-01 8.843E+00 2.000E+00
8.430E+07 3.899E+02 3.776E-01 4.257E-04 8.993E-05 1.993E+03 6.815E-01 8.843E+00 2.000E+00
2.930E+07 6.097E+02 3.331E-01 4.257E-04 9.949E-05 1.519E+03 6.820E-01 8.843E+00 2.000E+00
1.154E+07 3.004E+02 3.990E-01 4.257E-04 1.170E-04 2.601E+03 6.828E-01 8.844E+00 2.000E+00
2.442E+07 4.119E+02 3.727E-01 4.257E-04 1.492E-04 1.909E+03 6.842E-01 8.844E+00 2.000E+00
1.261E+07 3.233E+02 3.938E-01 4.257E-04 2.080E-04 2.373E+03 6.867E-01 8.846E+00 2.000E+00
6.420E+07 6.813E+02 3.214E-01 4.257E-04 3.160E-04 1.453E+03 6.913E-01 8.848E+00 2.000E+00
1.342E+08 3.570E+02 3.865E-01 4.257E-04 5.139E-04 2.135E+03 6.998E-01 8.853E+00 2.000E+00
2.697E+07 4.888E+02 3.575E-01 4.257E-04 8.766E-04 1.703E+03 7.153E-01 8.861E+00 2.000E+00
1.485E+07 8.241E+02 3.019E-01 4.257E-04 1.541E-03 1.401E+03 7.422E-01 8.876E+00 2.000E+00
2.841E+07 8.941E+02 2.940E-01 4.257E-04 2.760E-03 1.453E+03 7.853E-01 8.904E+00 2.000E+00
2.573E+07 7.615E+02 3.143E-01 4.257E-04 4.994E-03 1.681E+03 8.457E-01 8.956E+00 2.000E+00
2.062E+07 8.428E+02 2.981E-01 5.385E-04 7.850E-05 1.349E+03 6.815E-01 8.843E+00 2.000E+00
2.298E+07 8.428E+02 2.981E-01 5.385E-04 7.854E-05 1.385E+03 6.815E-01 8.843E+00 2.000E+00
2.934E+07 8.428E+02 2.981E-01 5.385E-04 7.861E-05 1.349E+03 6.815E-01 8.843E+00 2.000E+00
6.344E+07 8.428E+02 2.981E-01 5.385E-04 7.875E-05 1.368E+03 6.815E-01 8.843E+00 2.000E+00
1.205E+08 5.568E+02 3.426E-01 5.385E-04 7.900E-05 1.591E+03 6.815E-01 8.843E+00 2.000E+00
3.206E+08 6.662E+02 3.236E-01 5.385E-04 7.946E-05 1.463E+03 6.816E-01 8.843E+00 2.000E+00
2.920E+07 5.782E+02 3.387E-01 5.385E-04 8.031E-05 1.558E+03 6.816E-01 8.843E+00 2.000E+00
2.372E+07 7.298E+02 3.137E-01 5.385E-04 8.186E-05 1.413E+03 6.817E-01 8.843E+00 2.000E+00
6.842E+07 9.696E+02 2.830E-01 5.385E-04 8.471E-05 1.301E+03 6.818E-01 8.843E+00 2.000E+00
1.054E+08 7.872E+02 3.055E-01 5.385E-04 8.993E-05 1.377E+03 6.821E-01 8.843E+00 2.000E+00
9.895E+06 4.533E+02 3.635E-01 5.385E-04 9.949E-05 1.786E+03 6.825E-01 8.843E+00 2.000E+00
4.009E+07 7.628E+02 3.090E-01 5.385E-04 1.170E-04 1.392E+03 6.834E-01 8.844E+00 2.000E+00
3.937E+07 6.888E+02 3.200E-01 5.385E-04 1.492E-04 1.445E+03 6.847E-01 8.844E+00 2.000E+00
6.806E+07 6.546E+02 3.256E-01 5.385E-04 2.080E-04 1.475E+03 6.873E-01 8.846E+00 2.000E+00
6.592E+07 3.702E+02 3.828E-01 5.385E-04 3.160E-04 2.075E+03 6.919E-01 8.848E+00 2.000E+00
2.212E+08 7.373E+02 3.131E-01 5.385E-04 5.139E-04 1.416E+03 7.003E-01 8.853E+00 2.000E+00
1.189E+07 6.189E+02 3.326E-01 5.385E-04 8.766E-04 1.519E+03 7.158E-01 8.861E+00 2.000E+00
9.791E+06 7.423E+02 3.135E-01 5.385E-04 1.541E-03 1.439E+03 7.427E-01 8.876E+00 2.000E+00
3.843E+07 8.825E+02 2.954E-01 5.385E-04 2.760E-03 1.453E+03 7.858E-01 8.904E+00 2.000E+00
1.948E+07 4.607E+02 3.719E-01 5.385E-04 4.994E-03 1.792E+03 8.461E-01 8.956E+00 2.000E+00
9.568E+07 6.686E+02 3.232E-01 6.811E-04 7.850E-05 1.461E+03 6.822E-01 8.843E+00 2.000E+00
1.366E+07 6.745E+02 3.222E-01 6.811E-04 7.854E-05 1.456E+03 6.822E-01 8.843E+00 2.000E+00
1.953E+07 6.745E+02 3.222E-01 6.811E-04 7.861E-05 1.457E+03 6.822E-01 8.843E+00 2.000E+00
1.509E+08 6.745E+02 3.222E-01 6.811E-04 7.875E-05 1.456E+03 6.822E-01 8.843E+00 2.000E+00
3.209E+07 4.404E+02 3.662E-01 6.811E-04 7.900E-05 1.821E+03 6.822E-01 8.843E+00 2.000E+00
2.357E+07 6.638E+02 3.239E-01 6.811E-04 7.946E-05 1.466E+03 6.822E-01 8.843E+00 2.000E+00
7.221E+07 8.448E+02 2.978E-01 6.811E-04 8.031E-05 1.348E+03 6.823E-01 8.843E+00 2.000E+00
1.507E+07 4.246E+02 3.697E-01 6.811E-04 8.186E-05 1.877E+03 6.824E-01 8.843E+00 2.000E+00
2.236E+08 9.565E+02 2.844E-01 6.811E-04 8.471E-05 1.306E+03 6.825E-01 8.843E+00 2.000E+00
4.139E+08 6.793E+02 3.215E-01 6.811E-04 8.993E-05 1.452E+03 6.828E-01 8.843E+00 2.000E+00
1.508E+07 5.152E+02 3.507E-01 6.811E-04 9.949E-05 1.654E+03 6.832E-01 8.843E+00 2.000E+00
3.261E+07 3.775E+02 3.806E-01 6.811E-04 1.170E-04 2.047E+03 6.840E-01 8.844E+00 2.000E+00
7.159E+07 6.921E+02 3.195E-01 6.811E-04 1.492E-04 1.444E+03 6.854E-01 8.844E+00 2.000E+00
3.242E+07 4.077E+02 3.738E-01 6.811E-04 2.080E-04 1.923E+03 6.879E-01 8.846E+00 2.000E+00
1.030E+07 2.934E+02 4.014E-01 6.811E-04 3.160E-04 2.662E+03 6.925E-01 8.848E+00 2.000E+00
1.773E+08 3.392E+02 3.909E-01 6.811E-04 5.139E-04 2.240E+03 7.010E-01 8.853E+00 2.000E+00
3.472E+07 8.304E+02 3.004E-01 6.811E-04 8.766E-04 1.377E+03 7.165E-01 8.861E+00 2.000E+00
5.639E+07 5.161E+02 3.530E-01 6.811E-04 1.541E-03 1.658E+03 7.434E-01 8.876E+00 2.000E+00
2.726E+08 8.262E+02 3.028E-01 6.811E-04 2.760E-03 1.461E+03 7.864E-01 8.904E+00 2.000E+00
2.346E+07 4.512E+02 3.742E-01 6.811E-04 4.994E-03 1.808E+03 8.467E-01 8.956E+00 2.000E+00
1.845E+07 8.590E+02 2.960E-01 8.615E-04 7.850E-05 1.343E+03 6.831E-01 8.843E+00 2.000E+00
1.101E+07 3.017E+02 3.986E-01 8.615E-04 7.854E-05 2.590E+03 6.831E-01 8.843E+00 2.000E+00
7.917E+07 7.183E+02 3.154E-01 8.615E-04 7.861E-05 1.422E+03 6.831E-01 8.843E+00 2.000E+00
4.921E+07 7.203E+02 3.151E-01 8.615E-04 7.875E-05 1.420E+03 6.831E-01 8.843E+00 2.000E+00
6.671E+07 6.230E+02 3.307E-01 8.615E-04 7.900E-05 1.506E+03 6.831E-01 8.843E+00 2.000E+00
2.472E+07 7.298E+02 3.137E-01 8.615E-04 7.946E-05 1.414E+03 6.831E-01 8.843E+00 2.000E+00
2.130E+08 6.000E+02 3.347E-01 8.615E-04 8.031E-05 1.531E+03 6.832E-01 8.843E+00 2.000E+00
2.287E+07 4.148E+02 3.719E-01 8.615E-04 8.186E-05 1.901E+03 6.832E-01 8.843E+00 2.000E+00
2.136E+08 9.611E+02 2.839E-01 8.615E-04 8.471E-05 1.305E+03 6.834E-01 8.843E+00 2.000E+00
2.475E+07 4.667E+02 3.606E-01 8.615E-04 8.993E-05 1.754E+03 6.836E-01 8.843E+00 2.000E+00
7.309E+07 8.881E+02 2.924E-01 8.615E-04 9.949E-05 1.331E+03 6.841E-01 8.843E+00 2.000E+00
4.147E+07 3.897E+02 3.777E-01 8.615E-04 1.170E-04 1.994E+03 6.849E-01 8.844E+00 2.000E+00
2.009E+07 5.293E+02 3.480E-01 8.615E-04 1.492E-04 1.630E+03 6.863E-01 8.845E+00 2.000E+00
3.769E+07 6.377E+02 3.284E-01 8.615E-04 2.080E-04 1.492E+03 6.888E-01 8.846E+00 2.000E+00
6.041E+09 8.410E+02 2.985E-01 8.615E-04 3.160E-04 1.356E+03 6.934E-01 8.848E+00 2.000E+00
2.160E+07 8.601E+02 2.963E-01 8.615E-04 5.139E-04 1.363E+03 7.019E-01 8.853E+00 2.000E+00
7.524E+08 3.548E+02 3.881E-01 8.615E-04 8.766E-04 2.134E+03 7.174E-01 8.861E+00 2.000E+00
1.880E+07 7.729E+02 3.090E-01 8.615E-04 1.541E-03 1.424E+03 7.442E-01 8.876E+00 2.000E+00
1.182E+07 3.443E+02 3.962E-01 8.615E-04 2.760E-03 2.128E+03 7.871E-01 8.904E+00 2.000E+00
5.119E+07 6.995E+02 3.241E-01 8.615E-04 4.994E-03 1.657E+03 8.474E-01 8.956E+00 2.000E+00
3.423E+07 6.000E+02 3.347E-01 1.090E-03 7.850E-05 1.532E+03 6.842E-01 8.843E+00 2.000E+00
4.618E+07 4.246E+02 3.697E-01 1.090E-03 7.854E-05 1.869E+03 6.842E-01 8.843E+00 2.000E+00
1.249E+08 4.275E+02 3.691E-01 1.090E-03 7.861E-05 1.868E+03 6.842E-01 8.843E+00 2.000E+00
4.572E+07 9.588E+02 2.842E-01 1.090E-03 7.875E-05 1.307E+03 6.842E-01 8.843E+00 2.000E+00
3.653E+08 5.067E+02 3.523E-01 1.090E-03 7.900E-05 1.670E+03 6.842E-01 8.843E+00 2.000E+00
1.187E+08 5.225E+02 3.492E-01 1.090E-03 7.946E-05 1.642E+03 6.842E-01 8.843E+00 2.000E+00
3.966E+07 9.696E+02 2.830E-01 1.090E-03 8.031E-05 1.303E+03 6.843E-01 8.843E+00 2.000E+00
6.379E+08 9.565E+02 2.844E-01 1.090E-03 8.186E-05 1.307E+03 6.844E-01 8.843E+00 2.000E+00
1.487E+08 9.523E+02 2.849E-01 1.090E-03 8.471E-05 1.308E+03 6.845E-01 8.843E+00 2.000E+00
1.805E+07 7.966E+02 3.042E-01 1.090E-03 8.993E-05 1.374E+03 6.847E-01 8.843E+00 2.000E+00
2.239E+07 3.851E+02 3.788E-01 1.090E-03 9.949E-05 2.014E+03 6.852E-01 8.843E+00 2.000E+00
3.679E+08 7.244E+02 3.146E-01 1.090E-03 1.170E-04 1.419E+03 6.860E-01 8.844E+00 2.000E+00
2.175E+07 6.565E+02 3.252E-01 1.090E-03 1.492E-04 1.474E+03 6.874E-01 8.845E+00 2.000E+00
8.055E+07 9.664E+02 2.834E-01 1.090E-03 2.080E-04 1.308E+03 6.899E-01 8.846E+00 2.000E+00
2.715E+08 8.501E+02 2.974E-01 1.090E-03 3.160E-04 1.353E+03 6.945E-01 8.848E+00 2.000E+00
1.909E+07 5.196E+02 3.505E-01 1.090E-03 5.139E-04 1.647E+03 7.029E-01 8.853E+00 2.000E+00
2.521E+07 3.254E+02 3.954E-01 1.090E-03 8.766E-04 2.317E+03 7.184E-01 8.861E+00 2.000E+00
1.836E+08 5.163E+02 3.530E-01 1.090E-03 1.541E-03 1.658E+03 7.452E-01 8.876E+00 2.000E+00
1.812E+07 9.915E+02 2.825E-01 1.090E-03 2.760E-03 1.493E+03 7.881E-01 8.904E+00 2.000E+00
5.076E+07 6.722E+02 3.287E-01 1.090E-03 4.994E-03 1.655E+03 8.483E-01 8.956E+00 2.000E+00
3.023E+07 4.339E+02 3.677E-01 1.378E-03 7.850E-05 1.841E+03 6.856E-01 8.843E+00 2.000E+00
2.074E+08 4.339E+02 3.677E-01 1.378E-03 7.854E-05 1.843E+03 6.856E-01 8.843E+00 2.000E+00
5.934E+07 9.696E+02 2.829E-01 1.378E-03 7.861E-05 1.303E+03 6.856E-01 8.843E+00 2.000E+00
7.356E+07 9.696E+02 2.829E-01 1.378E-03 7.875E-05 1.303E+03 6.856E-01 8.843E+00 2.000E+00
1.337E+08 9.696E+02 2.829E-01 1.378E-03 7.900E-05 1.303E+03 6.856E-01 8.843E+00 2.000E+00
3.010E+07 3.656E+02 3.833E-01 1.378E-03 7.946E-05 2.107E+03 6.856E-01 8.843E+00 2.000E+00
3.839E+07 9.611E+02 2.839E-01 1.378E-03 8.031E-05 1.308E+03 6.857E-01 8.843E+00 2.000E+00
2.838E+07 9.523E+02 2.849E-01 1.378E-03 8.186E-05 1.309E+03 6.858E-01 8.843E+00 2.000E+00
1.386E+09 6.656E+02 3.237E-01 1.378E-03 8.471E-05 1.465E+03 6.859E-01 8.843E+00 2.000E+00
2.555E+07 5.370E+02 3.464E-01 1.378E-03 8.993E-05 1.618E+03 6.862E-01 8.843E+00 2.000E+00
9.952E+06 7.320E+02 3.134E-01 1.378E-03 9.949E-05 1.414E+03 6.866E-01 8.843E+00 2.000E+00
1.244E+08 5.669E+02 3.408E-01 1.378E-03 1.170E-04 1.574E+03 6.873E-01 8.844E+00 2.000E+00
2.255E+07 5.889E+02 3.368E-01 1.378E-03 1.492E-04 1.554E+03 6.887E-01 8.845E+00 2.000E+00
8.848E+07 9.738E+02 2.826E-01 1.378E-03 2.080E-04 1.307E+03 6.912E-01 8.846E+00 2.000E+00
1.580E+08 4.374E+02 3.674E-01 1.378E-03 3.160E-04 1.828E+03 6.959E-01 8.848E+00 2.000E+00
9.861E+07 8.747E+02 2.944E-01 1.378E-03 5.139E-04 1.353E+03 7.043E-01 8.853E+00 2.000E+00
2.136E+07 3.548E+02 3.881E-01 1.378E-03 8.766E-04 2.137E+03 7.198E-01 8.861E+00 2.000E+00
1.655E+08 8.846E+02 2.941E-01 1.378E-03 1.541E-03 1.385E+03 7.465E-01 8.876E+00 2.000E+00
4.111E+09 6.451E+02 3.305E-01 1.378E-03 2.760E-03 1.542E+03 7.894E-01 8.904E+00 2.000E+00
2.478E+07 8.033E+02 3.081E-01 1.378E-03 4.994E-03 1.744E+03 8.495E-01 8.956E+00 2.000E+00
6.538E+08 9.611E+02 2.839E-01 1.743E-03 7.850E-05 1.307E+03 6.874E-01 8.843E+00 2.000E+00
5.366E+09 9.611E+02 2.839E-01 1.743E-03 7.854E-05 1.307E+03 6.874E-01 8.843E+00 2.000E+00
4.624E+07 3.635E+02 3.838E-01 1.743E-03 7.861E-05 2.118E+03 6.874E-01 8.843E+00 2.000E+00
9.069E+07 3.899E+02 3.776E-01 1.743E-03 7.875E-05 1.999E+03 6.874E-01 8.843E+00 2.000E+00
9.945E+07 9.504E+02 2.851E-01 1.743E-03 7.900E-05 1.310E+03 6.874E-01 8.843E+00 2.000E+00
3.605E+07 9.523E+02 2.849E-01 1.743E-03 7.946E-05 1.310E+03 6.874E-01 8.843E+00 2.000E+00
1.752E+07 9.485E+02 2.853E-01 1.743E-03 8.031E-05 1.311E+03 6.875E-01 8.843E+00 2.000E+00
5.004E+07 6.793E+02 3.215E-01 1.743E-03 8.186E-05 1.454E+03 6.875E-01 8.843E+00 2.000E+00
2.632E+08 8.039E+02 3.032E-01 1.743E-03 8.471E-05 1.371E+03 6.877E-01 8.843E+00 2.000E+00
1.646E+07 3.132E+02 3.959E-01 1.743E-03 8.993E-05 2.471E+03 6.879E-01 8.843E+00 2.000E+00
2.191E+07 8.596E+02 2.960E-01 1.743E-03 9.949E-05 1.345E+03 6.883E-01 8.843E+00 2.000E+00
5.988E+08 4.466E+02 3.650E-01 1.743E-03 1.170E-04 1.806E+03 6.891E-01 8.844E+00 2.000E+00
6.899E+07 7.199E+02 3.153E-01 1.743E-03 1.492E-04 1.424E+03 6.905E-01 8.845E+00 2.000E+00
7.994E+07 5.216E+02 3.496E-01 1.743E-03 2.080E-04 1.645E+03 6.930E-01 8.846E+00 2.000E+00
2.760E+08 7.747E+02 3.075E-01 1.743E-03 3.160E-04 1.393E+03 6.976E-01 8.848E+00 2.000E+00
4.862E+08 5.643E+02 3.419E-01 1.743E-03 5.139E-04 1.590E+03 7.060E-01 8.853E+00 2.000E+00
1.262E+08 6.016E+02 3.356E-01 1.743E-03 8.766E-04 1.540E+03 7.215E-01 8.861E+00 2.000E+00
1.908E+08 8.501E+02 2.985E-01 1.743E-03 1.541E-03 1.397E+03 7.482E-01 8.876E+00 2.000E+00
1.269E+07 8.515E+02 2.994E-01 1.743E-03 2.760E-03 1.465E+03 7.910E-01 8.904E+00 2.000E+00
7.500E+06 2.852E+02 4.205E-01 1.743E-03 4.994E-03 2.399E+03 8.510E-01 8.956E+00 2.000E+00
6.561E+09 9.485E+02 2.853E-01 2.205E-03 7.850E-05 1.312E+03 6.896E-01 8.843E+00 2.000E+00
2.401E+07 4.665E+02 3.606E-01 2.205E-03 7.854E-05 1.756E+03 6.896E-01 8.843E+00 2.000E+00
6.184E+06 4.540E+02 3.633E-01 2.205E-03 7.861E-05 1.787E+03 6.896E-01 8.843E+00 2.000E+00
1.156E+07 4.540E+02 3.633E-01 2.205E-03 7.875E-05 1.787E+03 6.896E-01 8.843E+00 2.000E+00
4.528E+08 5.377E+02 3.462E-01 2.205E-03 7.900E-05 1.619E+03 6.897E-01 8.843E+00 2.000E+00
1.334E+07 6.446E+02 3.271E-01 2.205E-03 7.946E-05 1.486E+03 6.897E-01 8.843E+00 2.000E+00
3.170E+07 8.200E+02 3.011E-01 2.205E-03 8.031E-05 1.364E+03 6.897E-01 8.843E+00 2.000E+00
5.599E+06 2.946E+02 4.003E-01 2.205E-03 8.186E-05 2.675E+03 6.898E-01 8.843E+00 2.000E+00
2.160E+07 6.482E+02 3.265E-01 2.205E-03 8.471E-05 1.483E+03 6.899E-01 8.843E+00 2.000E+00
4.417E+07 6.568E+02 3.251E-01 2.205E-03 8.993E-05 1.475E+03 6.901E-01 8.843E+00 2.000E+00
1.985E+07 7.592E+02 3.095E-01 2.205E-03 9.949E-05 1.398E+03 6.905E-01 8.843E+00 2.000E+00
4.220E+07 6.227E+02 3.309E-01 2.205E-03 1.170E-04 1.509E+03 6.913E-01 8.844E+00 2.000E+00
7.140E+07 4.206E+02 3.708E-01 2.205E-03 1.492E-04 1.882E+03 6.927E-01 8.845E+00 2.000E+00
2.001E+08 9.835E+02 2.815E-01 2.205E-03 2.080E-04 1.307E+03 6.952E-01 8.846E+00 2.000E+00
9.488E+07 4.743E+02 3.594E-01 2.205E-03 3.160E-04 1.737E+03 6.998E-01 8.848E+00 2.000E+00
1.868E+08 8.989E+02 2.915E-01 2.205E-03 5.139E-04 1.343E+03 7.082E-01 8.853E+00 2.000E+00
2.707E+07 8.923E+02 2.926E-01 2.205E-03 8.766E-04 1.358E+03 7.237E-01 8.861E+00 2.000E+00
5.203E+07 6.154E+02 3.341E-01 2.205E-03 1.541E-03 1.538E+03 7.503E-01 8.876E+00 2.000E+00
5.274E+07 9.244E+02 2.903E-01 2.205E-03 2.760E-03 1.468E+03 7.930E-01 8.904E+00 2.000E+00
4.749E+08 4.859E+02 3.659E-01 2.205E-03 4.994E-03 1.766E+03 8.528E-01 8.956E+00 2.000E+00
2.858E+08 5.826E+02 3.379E-01 2.789E-03 7.850E-05 1.556E+03 6.924E-01 8.843E+00 2.000E+00
3.534E+08 4.021E+02 3.748E-01 2.789E-03 7.854E-05 1.949E+03 6.924E-01 8.843E+00 2.000E+00
2.198E+07 6.880E+02 3.201E-01 2.789E-03 7.861E-05 1.449E+03 6.924E-01 8.843E+00 2.000E+00
1.930E+07 4.468E+02 3.648E-01 2.789E-03 7.875E-05 1.809E+03 6.924E-01 8.843E+00 2.000E+00
6.544E+07 4.802E+02 3.577E-01 2.789E-03 7.900E-05 1.726E+03 6.924E-01 8.843E+00 2.000E+00
1.589E+08 5.444E+02 3.450E-01 2.789E-03 7.946E-05 1.609E+03 6.924E-01 8.843E+00 2.000E+00
9.347E+07 5.081E+02 3.521E-01 2.789E-03 8.031E-05 1.670E+03 6.925E-01 8.843E+00 2.000E+00
5.444E+06 3.121E+02 3.961E-01 2.789E-03 8.186E-05 2.483E+03 6.925E-01 8.843E+00 2.000E+00
1.928E+07 7.245E+02 3.145E-01 2.789E-03 8.471E-05 1.422E+03 6.927E-01 8.843E+00 2.000E+00
7.493E+07 2.578E+02 4.089E-01 2.789E-03 8.993E-05 3.350E+03 6.929E-01 8.843E+00 2.000E+00
1.352E+08 2.990E+02 3.993E-01 2.789E-03 9.949E-05 2.621E+03 6.933E-01 8.843E+00 2.000E+00
4.857E+07 7.594E+02 3.094E-01 2.789E-03 1.170E-04 1.400E+03 6.940E-01 8.844E+00 2.000E+00
4.636E+07 4.935E+02 3.551E-01 2.789E-03 1.492E-04 1.698E+03 6.954E-01 8.845E+00 2.000E+00
1.718E+07 9.785E+02 2.821E-01 2.789E-03 2.080E-04 1.310E+03 6.979E-01 8.846E+00 2.000E+00
9.290E+07 3.281E+02 3.930E-01 2.789E-03 3.160E-04 2.332E+03 7.026E-01 8.848E+00 2.000E+00
1.632E+08 9.109E+02 2.900E-01 2.789E-03 5.139E-04 1.341E+03 7.110E-01 8.853E+00 2.000E+00
2.830E+08 7.813E+02 3.071E-01 2.789E-03 8.766E-04 1.406E+03 7.265E-01 8.861E+00 2.000E+00
1.482E+08 9.048E+02 2.916E-01 2.789E-03 1.541E-03 1.386E+03 7.530E-01 8.876E+00 2.000E+00
1.744E+08 8.172E+02 3.040E-01 2.789E-03 2.760E-03 1.477E+03 7.955E-01 8.904E+00 2.000E+00
3.540E+07 7.377E+02 3.179E-01 2.789E-03 4.994E-03 1.703E+03 8.551E-01 8.956E+00 2.000E+00
1.364E+08 8.952E+02 2.916E-01 3.528E-03 7.850E-05 1.337E+03 6.959E-01 8.843E+00 2.000E+00
2.794E+08 8.952E+02 2.916E-01 3.528E-03 7.854E-05 1.335E+03 6.959E-01 8.843E+00 2.000E+00
9.261E+06 3.595E+02 3.847E-01 3.528E-03 7.861E-05 2.142E+03 6.959E-01 8.843E+00 2.000E+00
1.021E+08 3.595E+02 3.847E-01 3.528E-03 7.875E-05 2.144E+03 6.959E-01 8.843E+00 2.000E+00
1.193E+08 3.898E+02 3.776E-01 3.528E-03 7.900E-05 1.998E+03 6.959E-01 8.843E+00 2.000E+00
3.781E+07 9.002E+02 2.910E-01 3.528E-03 7.946E-05 1.337E+03 6.960E-01 8.843E+00 2.000E+00
3.482E+08 8.881E+02 2.924E-01 3.528E-03 8.031E-05 1.338E+03 6.960E-01 8.843E+00 2.000E+00
8.361E+08 5.010E+02 3.535E-01 3.528E-03 8.186E-05 1.685E+03 6.961E-01 8.843E+00 2.000E+00
6.465E+07 7.393E+02 3.123E-01 3.528E-03 8.471E-05 1.413E+03 6.962E-01 8.843E+00 2.000E+00
7.139E+07 7.689E+02 3.081E-01 3.528E-03 8.993E-05 1.395E+03 6.964E-01 8.843E+00 2.000E+00
1.106E+07 3.415E+02 3.891E-01 3.528E-03 9.949E-05 2.250E+03 6.968E-01 8.843E+00 2.000E+00
1.274E+08 8.544E+02 2.966E-01 3.528E-03 1.170E-04 1.357E+03 6.976E-01 8.844E+00 2.000E+00
4.537E+07 9.237E+02 2.882E-01 3.528E-03 1.492E-04 1.327E+03 6.989E-01 8.845E+00 2.000E+00
1.190E+07 4.380E+02 3.671E-01 3.528E-03 2.080E-04 1.831E+03 7.014E-01 8.846E+00 2.000E+00
1.305E+07 8.514E+02 2.972E-01 3.528E-03 3.160E-04 1.359E+03 7.061E-01 8.848E+00 2.000E+00
1.356E+07 9.736E+02 2.828E-01 3.528E-03 5.139E-04 1.326E+03 7.145E-01 8.853E+00 2.000E+00
1.397E+08 5.854E+02 3.386E-01 3.528E-03 8.766E-04 1.563E+03 7.300E-01 8.861E+00 2.000E+00
4.816E+07 7.865E+02 3.071E-01 3.528E-03 1.541E-03 1.429E+03 7.564E-01 8.876E+00 2.000E+00
8.429E+06 4.328E+02 3.738E-01 3.528E-03 2.760E-03 1.833E+03 7.987E-01 8.904E+00 2.000E+00
5.979E+07 5.087E+02 3.608E-01 3.528E-03 4.994E-03 1.750E+03 8.581E-01 8.956E+00 2.000E+00
1.384E+08 6.679E+02 3.233E-01 4.462E-03 7.850E-05 1.470E+03 7.003E-01 8.843E+00 2.000E+00
4.864E+08 6.655E+02 3.237E-01 4.462E-03 7.854E-05 1.472E+03 7.003E-01 8.843E+00 2.000E+00
1.305E+07 5.892E+02 3.367E-01 4.462E-03 7.861E-05 1.551E+03 7.004E-01 8.843E+00 2.000E+00
5.515E+07 5.892E+02 3.367E-01 4.462E-03 7.875E-05 1.551E+03 7.004E-01 8.843E+00 2.000E+00
3.406E+07 6.396E+02 3.279E-01 4.462E-03 7.900E-05 1.497E+03 7.004E-01 8.843E+00 2.000E+00
6.932E+08 8.417E+02 2.982E-01 4.462E-03 7.946E-05 1.359E+03 7.004E-01 8.843E+00 2.000E+00
1.369E+08 8.427E+02 2.981E-01 4.462E-03 8.031E-05 1.359E+03 7.004E-01 8.843E+00 2.000E+00
1.751E+07 2.823E+02 4.032E-01 4.462E-03 8.186E-05 2.848E+03 7.005E-01 8.843E+00 2.000E+00
6.179E+07 9.238E+02 2.882E-01 4.462E-03 8.471E-05 1.327E+03 7.006E-01 8.843E+00 2.000E+00
7.398E+08 8.370E+02 2.989E-01 4.462E-03 8.993E-05 1.362E+03 7.008E-01 8.843E+00 2.000E+00
4.836E+08 6.157E+02 3.320E-01 4.462E-03 9.949E-05 1.521E+03 7.012E-01 8.843E+00 2.000E+00
1.468E+08 8.537E+02 2.967E-01 4.462E-03 1.170E-04 1.356E+03 7.020E-01 8.844E+00 2.000E+00
2.945E+08 8.536E+02 2.968E-01 4.462E-03 1.492E-04 1.357E+03 7.034E-01 8.845E+00 2.000E+00
7.895E+07 3.040E+02 3.985E-01 4.462E-03 2.080E-04 2.555E+03 7.059E-01 8.846E+00 2.000E+00
4.929E+08 9.186E+02 2.890E-01 4.462E-03 3.160E-04 1.337E+03 7.105E-01 8.848E+00 2.000E+00
2.104E+07 9.863E+02 2.814E-01 4.462E-03 5.139E-04 1.328E+03 7.190E-01 8.853E+00 2.000E+00
4.391E+07 8.111E+02 3.030E-01 4.462E-03 8.766E-04 1.397E+03 7.345E-01 8.861E+00 2.000E+00
1.507E+08 8.203E+02 3.024E-01 4.462E-03 1.541E-03 1.419E+03 7.606E-01 8.877E+00 2.000E+00
1.548E+08 7.330E+02 3.162E-01 4.462E-03 2.760E-03 1.509E+03 8.027E-01 8.904E+00 2.000E+00
1.097E+10 4.789E+02 3.676E-01 4.462E-03 4.994E-03 1.788E+03 8.619E-01 8.956E+00 2.000E+00
1.010E+08 7.419E+02 3.119E-01 5.644E-03 7.850E-05 1.417E+03 7.060E-01 8.843E+00 2.000E+00
2.138E+07 7.493E+02 3.109E-01 5.644E-03 7.854E-05 1.412E+03 7.060E-01 8.843E+00 2.000E+00
3.333E+07 7.493E+02 3.109E-01 5.644E-03 7.861E-05 1.412E+03 7.060E-01 8.843E+00 2.000E+00
1.716E+08 7.625E+02 3.090E-01 5.644E-03 7.875E-05 1.404E+03 7.060E-01 8.843E+00 2.000E+00
7.271E+07 4.817E+02 3.574E-01 5.644E-03 7.900E-05 1.728E+03 7.060E-01 8.843E+00 2.000E+00
9.665E+06 5.101E+02 3.517E-01 5.644E-03 7.946E-05 1.672E+03 7.060E-01 8.843E+00 2.000E+00
5.730E+08 4.542E+02 3.633E-01 5.644E-03 8.031E-05 1.792E+03 7.060E-01 8.843E+00 2.000E+00
1.829E+08 8.102E+02 3.024E-01 5.644E-03 8.186E-05 1.378E+03 7.061E-01 8.843E+00 2.000E+00
1.255E+07 4.071E+02 3.737E-01 5.644E-03 8.471E-05 1.935E+03 7.062E-01 8.843E+00 2.000E+00
9.876E+06 3.846E+02 3.789E-01 5.644E-03 8.993E-05 2.023E+03 7.064E-01 8.843E+00 2.000E+00
5.275E+07 8.650E+02 2.953E-01 5.644E-03 9.949E-05 1.353E+03 7.069E-01 8.843E+00 2.000E+00
6.060E+06 5.744E+02 3.394E-01 5.644E-03 1.170E-04 1.581E+03 7.076E-01 8.844E+00 2.000E+00
3.016E+07 7.750E+02 3.073E-01 5.644E-03 1.492E-04 1.399E+03 7.090E-01 8.845E+00 2.000E+00
3.264E+07 3.706E+02 3.825E-01 5.644E-03 2.080E-04 2.083E+03 7.115E-01 8.846E+00 2.000E+00
1.139E+07 3.401E+02 3.901E-01 5.644E-03 3.160E-04 2.250E+03 7.161E-01 8.848E+00 2.000E+00
1.840E+07 8.799E+02 2.938E-01 5.644E-03 5.139E-04 1.376E+03 7.246E-01 8.853E+00 2.000E+00
1.140E+07 6.924E+02 3.204E-01 5.644E-03 8.766E-04 1.469E+03 7.401E-01 8.861E+00 2.000E+00
2.113E+07 2.211E+02 4.238E-01 5.644E-03 1.541E-03 4.266E+03 7.660E-01 8.877E+00 2.000E+00
1.104E+07 5.167E+02 3.551E-01 5.644E-03 2.760E-03 1.689E+03 8.078E-01 8.905E+00 2.000E+00
2.806E+07 4.181E+02 3.825E-01 5.644E-03 4.994E-03 1.895E+03 8.663E-01 8.956E+00 2.000E+00
9.842E+07 3.236E+02 3.934E-01 7.139E-03 7.850E-05 2.387E+03 7.131E-01 8.843E+00 2.000E+00
2.590E+08 3.207E+02 3.941E-01 7.139E-03 7.854E-05 2.411E+03 7.131E-01 8.843E+00 2.000E+00
8.102E+07 3.264E+02 3.927E-01 7.139E-03 7.861E-05 2.365E+03 7.131E-01 8.843E+00 2.000E+00
3.004E+07 8.215E+02 3.009E-01 7.139E-03 7.875E-05 1.380E+03 7.131E-01 8.843E+00 2.000E+00
1.842E+07 6.351E+02 3.287E-01 7.139E-03 7.900E-05 1.506E+03 7.131E-01 8.843E+00 2.000E+00
7.703E+07 6.063E+02 3.337E-01 7.139E-03 7.946E-05 1.536E+03 7.131E-01 8.843E+00 2.000E+00
2.225E+07 6.598E+02 3.246E-01 7.139E-03 8.031E-05 1.483E+03 7.131E-01 8.843E+00 2.000E+00
8.173E+07 6.691E+02 3.231E-01 7.139E-03 8.186E-05 1.475E+03 7.132E-01 8.843E+00 2.000E+00
4.154E+07 4.937E+02 3.550E-01 7.139E-03 8.471E-05 1.705E+03 7.133E-01 8.843E+00 2.000E+00
1.410E+08 5.078E+02 3.522E-01 7.139E-03 8.993E-05 1.682E+03 7.135E-01 8.843E+00 2.000E+00
2.247E+08 4.936E+02 3.550E-01 7.139E-03 9.949E-05 1.706E+03 7.140E-01 8.844E+00 2.000E+00
7.784E+07 9.215E+02 2.885E-01 7.139E-03 1.170E-04 1.337E+03 7.147E-01 8.844E+00 2.000E+00
2.648E+08 5.012E+02 3.536E-01 7.139E-03 1.492E-04 1.691E+03 7.161E-01 8.845E+00 2.000E+00
3.149E+07 9.726E+02 2.827E-01 7.139E-03 2.080E-04 1.326E+03 7.186E-01 8.846E+00 2.000E+00
4.406E+07 5.080E+02 3.525E-01 7.139E-03 3.160E-04 1.681E+03 7.232E-01 8.848E+00 2.000E+00
7.026E+08 5.504E+02 3.445E-01 7.139E-03 5.139E-04 1.612E+03 7.317E-01 8.853E+00 2.000E+00
1.918E+07 5.908E+02 3.376E-01 7.139E-03 8.766E-04 1.565E+03 7.472E-01 8.861E+00 2.000E+00
1.547E+07 4.974E+02 3.569E-01 7.139E-03 1.541E-03 1.704E+03 7.729E-01 8.877E+00 2.000E+00
3.489E+07 6.688E+02 3.265E-01 7.139E-03 2.760E-03 1.553E+03 8.143E-01 8.905E+00 2.000E+00
8.080E+08 7.623E+02 3.142E-01 7.139E-03 4.994E-03 1.833E+03 8.717E-01 8.956E+00 2.000E+00
2.075E+07 3.895E+02 3.777E-01 9.029E-03 7.850E-05 2.056E+03 7.220E-01 8.843E+00 2.000E+00
5.381E+07 3.895E+02 3.777E-01 9.029E-03 7.854E-05 2.007E+03 7.220E-01 8.843E+00 2.000E+00
4.057E+07 7.706E+02 3.078E-01 9.029E-03 7.861E-05 1.408E+03 7.220E-01 8.843E+00 2.000E+00
1.716E+07 3.095E+02 3.968E-01 9.029E-03 7.875E-05 2.515E+03 7.220E-01 8.843E+00 2.000E+00
3.557E+07 7.752E+02 3.072E-01 9.029E-03 7.900E-05 1.406E+03 7.221E-01 8.843E+00 2.000E+00
1.052E+07 3.118E+02 3.962E-01 9.029E-03 7.946E-05 2.492E+03 7.221E-01 8.843E+00 2.000E+00
3.924E+07 7.013E+02 3.180E-01 9.029E-03 8.031E-05 1.453E+03 7.221E-01 8.843E+00 2.000E+00
7.966E+06 5.007E+02 3.536E-01 9.029E-03 8.186E-05 1.695E+03 7.222E-01 8.843E+00 2.000E+00
3.196E+07 9.360E+02 2.868E-01 9.029E-03 8.471E-05 1.338E+03 7.223E-01 8.843E+00 2.000E+00
3.227E+07 5.889E+02 3.368E-01 9.029E-03 8.993E-05 1.561E+03 7.225E-01 8.843E+00 2.000E+00
4.204E+07 5.292E+02 3.480E-01 9.029E-03 9.949E-05 1.645E+03 7.229E-01 8.844E+00 2.000E+00
7.904E+07 4.796E+02 3.580E-01 9.029E-03 1.170E-04 1.738E+03 7.237E-01 8.844E+00 2.000E+00
8.072E+07 5.977E+02 3.353E-01 9.029E-03 1.492E-04 1.551E+03 7.251E-01 8.845E+00 2.000E+00
1.591E+08 6.906E+02 3.198E-01 9.029E-03 2.080E-04 1.464E+03 7.276E-01 8.846E+00 2.000E+00
5.822E+07 9.032E+02 2.908E-01 9.029E-03 3.160E-04 1.357E+03 7.322E-01 8.849E+00 2.000E+00
1.771E+07 3.515E+02 3.879E-01 9.029E-03 5.139E-04 2.204E+03 7.406E-01 8.853E+00 2.000E+00
1.364E+07 9.101E+02 2.904E-01 9.029E-03 8.766E-04 1.380E+03 7.561E-01 8.861E+00 2.000E+00
2.040E+07 5.126E+02 3.538E-01 9.029E-03 1.541E-03 1.696E+03 7.815E-01 8.877E+00 2.000E+00
1.335E+08 5.152E+02 3.554E-01 9.029E-03 2.760E-03 1.702E+03 8.225E-01 8.905E+00 2.000E+00
2.388E+08 4.645E+02 3.710E-01 9.029E-03 4.994E-03 1.997E+03 8.785E-01 8.956E+00 2.000E+00
8.563E+08 3.531E+02 3.863E-01 1.142E-02 7.850E-05 2.189E+03 7.334E-01 8.843E+00 2.000E+00
2.945E+07 6.339E+02 3.289E-01 1.142E-02 7.854E-05 1.516E+03 7.334E-01 8.843E+00 2.000E+00
2.101E+08 6.339E+02 3.289E-01 1.142E-02 7.861E-05 1.518E+03 7.334E-01 8.843E+00 2.000E+00
2.401E+07 3.196E+02 3.944E-01 1.142E-02 7.875E-05 2.425E+03 7.334E-01 8.843E+00 2.000E+00
2.800E+08 7.976E+02 3.041E-01 1.142E-02 7.900E-05 1.399E+03 7.334E-01 8.843E+00 2.000E+00
4.925E+07 7.957E+02 3.043E-01 1.142E-02 7.946E-05 1.401E+03 7.334E-01 8.843E+00 2.000E+00
2.055E+07 6.948E+02 3.190E-01 1.142E-02 8.031E-05 1.464E+03 7.335E-01 8.843E+00 2.000E+00
1.207E+07 4.017E+02 3.750E-01 1.142E-02 8.186E-05 1.963E+03 7.335E-01 8.843E+00 2.000E+00
6.145E+07 6.697E+02 3.230E-01 1.142E-02 8.471E-05 1.487E+03 7.337E-01 8.843E+00 2.000E+00
1.184E+08 9.416E+02 2.861E-01 1.142E-02 8.993E-05 1.346E+03 7.339E-01 8.843E+00 2.000E+00
1.344E+07 5.665E+02 3.409E-01 1.142E-02 9.949E-05 1.594E+03 7.343E-01 8.844E+00 2.000E+00
1.929E+08 3.830E+02 3.794E-01 1.142E-02 1.170E-04 2.037E+03 7.350E-01 8.844E+00 2.000E+00
5.788E+07 9.785E+02 2.820E-01 1.142E-02 1.492E-04 1.338E+03 7.364E-01 8.845E+00 2.000E+00
3.752E+07 9.235E+02 2.883E-01 1.142E-02 2.080E-04 1.355E+03 7.389E-01 8.846E+00 2.000E+00
5.323E+07 7.881E+02 3.056E-01 1.142E-02 3.160E-04 1.412E+03 7.435E-01 8.849E+00 2.000E+00
2.435E+07 7.082E+02 3.175E-01 1.142E-02 5.139E-04 1.464E+03 7.520E-01 8.853E+00 2.000E+00
2.547E+07 8.686E+02 2.955E-01 1.142E-02 8.766E-04 1.402E+03 7.675E-01 8.861E+00 2.000E+00
6.418E+07 9.467E+02 2.867E-01 1.142E-02 1.541E-03 1.430E+03 7.924E-01 8.877E+00 2.000E+00
2.399E+07 6.239E+02 3.343E-01 1.142E-02 2.760E-03 1.603E+03 8.328E-01 8.905E+00 2.000E+00
1.965E+08 6.206E+02 3.380E-01 1.142E-02 4.994E-03 1.775E+03 8.871E-01 8.956E+00 2.000E+00
5.496E+07 6.376E+02 3.283E-01 1.445E-02 7.850E-05 1.520E+03 7.478E-01 8.843E+00 2.000E+00
4.752E+08 6.376E+02 3.283E-01 1.445E-02 7.854E-05 1.520E+03 7.478E-01 8.843E+00 2.000E+00
1.793E+07 6.456E+02 3.270E-01 1.445E-02 7.861E-05 1.512E+03 7.478E-01 8.843E+00 2.000E+00
1.620E+08 6.456E+02 3.270E-01 1.445E-02 7.875E-05 1.512E+03 7.478E-01 8.843E+00 2.000E+00
1.457E+07 8.010E+02 3.036E-01 1.445E-02 7.900E-05 1.466E+03 7.478E-01 8.843E+00 2.000E+00
4.560E+07 6.804E+02 3.213E-01 1.445E-02 7.946E-05 1.482E+03 7.478E-01 8.843E+00 2.000E+00
8.640E+06 3.649E+02 3.836E-01 1.445E-02 8.031E-05 2.129E+03 7.479E-01 8.843E+00 2.000E+00
5.768E+07 8.077E+02 3.027E-01 1.445E-02 8.186E-05 1.404E+03 7.479E-01 8.843E+00 2.000E+00
6.662E+07 3.529E+02 3.864E-01 1.445E-02 8.471E-05 2.225E+03 7.480E-01 8.843E+00 2.000E+00
1.412E+07 2.697E+02 4.064E-01 1.445E-02 8.993E-05 3.070E+03 7.483E-01 8.843E+00 2.000E+00
2.490E+07 6.852E+02 3.206E-01 1.445E-02 9.949E-05 1.486E+03 7.487E-01 8.844E+00 2.000E+00
5.367E+07 9.872E+02 2.811E-01 1.445E-02 1.170E-04 1.347E+03 7.494E-01 8.844E+00 2.000E+00
1.136E+07 6.841E+02 3.208E-01 1.445E-02 1.492E-04 1.481E+03 7.508E-01 8.845E+00 2.000E+00
1.254E+07 7.680E+02 3.083E-01 1.445E-02 2.080E-04 1.428E+03 7.533E-01 8.846E+00 2.000E+00
5.628E+07 9.678E+02 2.833E-01 1.445E-02 3.160E-04 1.361E+03 7.579E-01 8.849E+00 2.000E+00
1.533E+07 7.271E+02 3.146E-01 1.445E-02 5.139E-04 1.461E+03 7.664E-01 8.853E+00 2.000E+00
2.395E+08 6.092E+02 3.343E-01 1.445E-02 8.766E-04 1.564E+03 7.819E-01 8.862E+00 2.000E+00
5.191E+08 6.568E+02 3.270E-01 1.445E-02 1.541E-03 1.543E+03 8.063E-01 8.877E+00 2.000E+00
8.600E+07 7.006E+02 3.213E-01 1.445E-02 2.760E-03 1.628E+03 8.459E-01 8.905E+00 2.000E+00
1.837E+07 6.508E+02 3.325E-01 1.445E-02 4.994E-03 1.845E+03 8.980E-01 8.956E+00 2.000E+00
1.117E+08 8.060E+02 3.030E-01 1.827E-02 7.850E-05 1.416E+03 7.659E-01 8.843E+00 2.000E+00
6.893E+08 8.060E+02 3.030E-01 1.827E-02 7.854E-05 1.417E+03 7.659E-01 8.843E+00 2.000E+00
3.594E+08 7.993E+02 3.039E-01 1.827E-02 7.861E-05 1.419E+03 7.659E-01 8.843E+00 2.000E+00
3.038E+07 9.876E+02 2.810E-01 1.827E-02 7.875E-05 1.365E+03 7.659E-01 8.843E+00 2.000E+00
1.095E+08 2.513E+02 4.106E-01 1.827E-02 7.900E-05 3.538E+03 7.659E-01 8.843E+00 2.000E+00
3.958E+07 6.462E+02 3.269E-01 1.827E-02 7.946E-05 1.521E+03 7.660E-01 8.843E+00 2.000E+00
2.472E+07 8.641E+02 2.954E-01 1.827E-02 8.031E-05 1.393E+03 7.660E-01 8.843E+00 2.000E+00
1.103E+07 5.002E+02 3.537E-01 1.827E-02 8.186E-05 1.714E+03 7.661E-01 8.843E+00 2.000E+00
4.892E+07 2.572E+02 4.093E-01 1.827E-02 8.471E-05 3.360E+03 7.662E-01 8.843E+00 2.000E+00
6.064E+07 9.872E+02 2.810E-01 1.827E-02 8.993E-05 1.362E+03 7.664E-01 8.844E+00 2.000E+00
3.540E+07 9.785E+02 2.820E-01 1.827E-02 9.949E-05 1.364E+03 7.668E-01 8.844E+00 2.000E+00
4.409E+07 3.949E+02 3.767E-01 1.827E-02 1.170E-04 1.999E+03 7.676E-01 8.844E+00 2.000E+00
1.623E+07 5.038E+02 3.531E-01 1.827E-02 1.492E-04 1.707E+03 7.689E-01 8.845E+00 2.000E+00
8.460E+06 6.730E+02 3.227E-01 1.827E-02 2.080E-04 1.501E+03 7.714E-01 8.846E+00 2.000E+00
4.064E+07 8.735E+02 2.944E-01 1.827E-02 3.160E-04 1.426E+03 7.761E-01 8.849E+00 2.000E+00
3.076E+07 5.152E+02 3.515E-01 1.827E-02 5.139E-04 1.691E+03 7.845E-01 8.853E+00 2.000E+00
1.305E+08 7.349E+02 3.139E-01 1.827E-02 8.766E-04 1.483E+03 7.994E-01 8.862E+00 2.000E+00
1.124E+08 4.431E+02 3.689E-01 1.827E-02 1.541E-03 1.844E+03 8.237E-01 8.877E+00 2.000E+00
1.057E+07 2.197E+02 4.304E-01 1.827E-02 2.760E-03 3.761E+03 8.625E-01 8.905E+00 2.000E+00
5.069E+06 3.226E+02 4.093E-01 1.827E-02 4.994E-03 2.251E+03 9.118E-01 8.956E+00 2.000E+00
3.030E+07 3.213E+02 3.941E-01 2.311E-02 7.850E-05 2.424E+03 7.889E-01 8.843E+00 2.000E+00
1.097E+08 3.213E+02 3.941E-01 2.311E-02 7.854E-05 2.424E+03 7.889E-01 8.843E+00 2.000E+00
1.426E+07 3.070E+02 3.975E-01 2.311E-02 7.861E-05 2.556E+03 7.889E-01 8.843E+00 2.000E+00
7.469E+07 3.111E+02 3.966E-01 2.311E-02 7.875E-05 2.514E+03 7.889E-01 8.843E+00 2.000E+00
2.752E+07 2.993E+02 3.994E-01 2.311E-02 7.900E-05 2.636E+03 7.889E-01 8.843E+00 2.000E+00
4.266E+07 3.767E+02 3.808E-01 2.311E-02 7.946E-05 2.088E+03 7.889E-01 8.843E+00 2.000E+00
9.840E+08 7.307E+02 3.136E-01 2.311E-02 8.031E-05 1.471E+03 7.890E-01 8.843E+00 2.000E+00
7.105E+07 3.836E+02 3.792E-01 2.311E-02 8.186E-05 2.054E+03 7.890E-01 8.843E+00 2.000E+00
4.646E+08 5.794E+02 3.385E-01 2.311E-02 8.471E-05 1.603E+03 7.892E-01 8.844E+00 2.000E+00
1.122E+07 5.894E+02 3.367E-01 2.311E-02 8.993E-05 1.592E+03 7.894E-01 8.844E+00 2.000E+00
2.064E+07 7.612E+02 3.092E-01 2.311E-02 9.949E-05 1.455E+03 7.898E-01 8.844E+00 2.000E+00
3.985E+07 2.991E+02 3.996E-01 2.311E-02 1.170E-04 2.635E+03 7.905E-01 8.844E+00 2.000E+00
1.471E+07 3.479E+02 3.879E-01 2.311E-02 1.492E-04 2.234E+03 7.919E-01 8.845E+00 2.000E+00
1.012E+07 9.804E+02 2.819E-01 2.311E-02 2.080E-04 1.403E+03 7.944E-01 8.846E+00 2.000E+00
1.108E+08 8.088E+02 3.028E-01 2.311E-02 3.160E-04 1.469E+03 7.990E-01 8.849E+00 2.000E+00
1.164E+07 6.984E+02 3.190E-01 2.311E-02 5.139E-04 1.509E+03 8.075E-01 8.853E+00 2.000E+00
1.628E+08 8.624E+02 2.963E-01 2.311E-02 8.766E-04 1.460E+03 8.216E-01 8.862E+00 2.000E+00
6.188E+07 5.966E+02 3.375E-01 2.311E-02 1.541E-03 1.625E+03 8.459E-01 8.877E+00 2.000E+00
6.063E+06 4.037E+02 3.810E-01 2.311E-02 2.760E-03 1.972E+03 8.829E-01 8.905E+00 2.000E+00
2.138E+08 3.149E+02 4.116E-01 2.311E-02 4.994E-03 2.312E+03 9.293E-01 8.956E+00 2.000E+00
2.086E+07 7.215E+02 3.150E-01 2.923E-02 7.850E-05 1.497E+03 8.180E-01 8.844E+00 2.000E+00
2.655E+07 7.215E+02 3.150E-01 2.923E-02 7.854E-05 1.497E+03 8.180E-01 8.844E+00 2.000E+00
5.592E+07 7.215E+02 3.150E-01 2.923E-02 7.861E-05 1.530E+03 8.180E-01 8.844E+00 2.000E+00
1.723E+08 9.328E+02 2.871E-01 2.923E-02 7.875E-05 1.424E+03 8.180E-01 8.844E+00 2.000E+00
1.574E+07 9.235E+02 2.882E-01 2.923E-02 7.900E-05 1.426E+03 8.180E-01 8.844E+00 2.000E+00
2.523E+07 9.235E+02 2.882E-01 2.923E-02 7.946E-05 1.426E+03 8.180E-01 8.844E+00 2.000E+00
7.908E+09 6.644E+02 3.239E-01 2.923E-02 8.031E-05 1.536E+03 8.180E-01 8.844E+00 2.000E+00
1.054E+07 4.477E+02 3.648E-01 2.923E-02 8.186E-05 1.852E+03 8.181E-01 8.844E+00 2.000E+00
5.527E+07 4.944E+02 3.549E-01 2.923E-02 8.471E-05 1.748E+03 8.182E-01 8.844E+00 2.000E+00
7.557E+08 4.195E+02 3.710E-01 2.923E-02 8.993E-05 1.933E+03 8.184E-01 8.844E+00 2.000E+00
2.837E+07 4.452E+02 3.654E-01 2.923E-02 9.949E-05 1.859E+03 8.189E-01 8.844E+00 2.000E+00
7.880E+07 4.054E+02 3.743E-01 2.923E-02 1.170E-04 1.980E+03 8.196E-01 8.844E+00 2.000E+00
1.917E+07 5.730E+02 3.398E-01 2.923E-02 1.492E-04 1.628E+03 8.210E-01 8.845E+00 2.000E+00
2.978E+07 9.788E+02 2.821E-01 2.923E-02 2.080E-04 1.435E+03 8.235E-01 8.847E+00 2.000E+00
1.525E+07 6.456E+02 3.273E-01 2.923E-02 3.160E-04 1.561E+03 8.281E-01 8.849E+00 2.000E+00
2.633E+07 6.990E+02 3.189E-01 2.923E-02 5.139E-04 1.530E+03 8.363E-01 8.854E+00 2.000E+00
4.568E+08 9.602E+02 2.846E-01 2.923E-02 8.766E-04 1.509E+03 8.495E-01 8.862E+00 2.000E+00
2.315E+08 8.604E+02 2.972E-01 2.923E-02 1.541E-03 1.576E+03 8.730E-01 8.877E+00 2.000E+00
3.530E+07 8.353E+02 3.016E-01 2.923E-02 2.760E-03 2.071E+03 9.074E-01 8.905E+00 2.000E+00
3.997E+07 5.121E+02 3.601E-01 2.923E-02 4.994E-03 2.010E+03 9.484E-01 8.956E+00 2.000E+00
7.283E+07 8.644E+02 2.954E-01 3.697E-02 7.850E-05 1.478E+03 8.547E-01 8.844E+00 2.000E+00
2.221E+08 3.637E+02 3.840E-01 3.697E-02 7.854E-05 2.172E+03 8.547E-01 8.844E+00 2.000E+00
8.264E+07 7.238E+02 3.147E-01 3.697E-02 7.861E-05 1.524E+03 8.547E-01 8.844E+00 2.000E+00
7.086E+08 7.189E+02 3.154E-01 3.697E-02 7.875E-05 1.528E+03 8.547E-01 8.844E+00 2.000E+00
3.992E+07 2.502E+02 4.112E-01 3.697E-02 7.900E-05 3.555E+03 8.547E-01 8.844E+00 2.000E+00
2.879E+07 9.482E+02 2.854E-01 3.697E-02 7.946E-05 1.473E+03 8.548E-01 8.844E+00 2.000E+00
1.590E+09 9.482E+02 2.854E-01 3.697E-02 8.031E-05 1.473E+03 8.548E-01 8.844E+00 2.000E+00
6.493E+07 8.932E+02 2.918E-01 3.697E-02 8.186E-05 1.474E+03 8.549E-01 8.844E+00 2.000E+00
1.259E+07 9.501E+02 2.852E-01 3.697E-02 8.471E-05 1.473E+03 8.550E-01 8.844E+00 2.000E+00
3.982E+07 8.200E+02 3.011E-01 3.697E-02 8.993E-05 1.488E+03 8.552E-01 8.844E+00 2.000E+00
1.295E+07 9.741E+02 2.825E-01 3.697E-02 9.949E-05 1.478E+03 8.556E-01 8.844E+00 2.000E+00
4.382E+07 8.321E+02 2.996E-01 3.697E-02 1.170E-04 1.487E+03 8.564E-01 8.845E+00 2.000E+00
4.250E+07 9.554E+02 2.846E-01 3.697E-02 1.492E-04 1.481E+03 8.577E-01 8.845E+00 2.000E+00
6.821E+06 5.270E+02 3.487E-01 3.697E-02 2.080E-04 1.714E+03 8.602E-01 8.847E+00 2.000E+00
1.306E+07 4.201E+02 3.715E-01 3.697E-02 3.160E-04 1.947E+03 8.644E-01 8.849E+00 2.000E+00
5.855E+07 2.501E+02 4.130E-01 3.697E-02 5.139E-04 3.439E+03 8.716E-01 8.854E+00 2.000E+00
4.839E+07 4.068E+02 3.758E-01 3.697E-02 8.766E-04 1.990E+03 8.849E-01 8.862E+00 2.000E+00
3.234E+07 4.299E+02 3.720E-01 3.697E-02 1.541E-03 1.932E+03 9.065E-01 8.877E+00 2.000E+00
6.795E+07 5.092E+02 3.568E-01 3.697E-02 2.760E-03 1.847E+03 9.384E-01 8.905E+00 2.000E+00
1.183E+07 3.305E+02 4.071E-01 3.697E-02 4.994E-03 2.333E+03 9.718E-01 8.956E+00 2.000E+00
3.107E+07 4.710E+02 3.599E-01 4.677E-02 7.850E-05 1.839E+03 9.005E-01 8.844E+00 2.000E+00
1.560E+08 4.710E+02 3.599E-01 4.677E-02 7.854E-05 1.838E+03 9.005E-01 8.844E+00 2.000E+00
1.227E+07 7.880E+02 3.054E-01 4.677E-02 7.861E-05 1.550E+03 9.005E-01 8.844E+00 2.000E+00
2.485E+07 5.883E+02 3.369E-01 4.677E-02 7.875E-05 1.662E+03 9.005E-01 8.844E+00 2.000E+00
6.851E+07 7.880E+02 3.054E-01 4.677E-02 7.900E-05 1.550E+03 9.005E-01 8.844E+00 2.000E+00
3.795E+07 3.158E+02 3.957E-01 4.677E-02 7.946E-05 2.504E+03 9.005E-01 8.844E+00 2.000E+00
3.485E+07 4.271E+02 3.694E-01 4.677E-02 8.031E-05 1.948E+03 9.006E-01 8.844E+00 2.000E+00
2.310E+07 9.788E+02 2.820E-01 4.677E-02 8.186E-05 1.577E+03 9.006E-01 8.844E+00 2.000E+00
1.249E+08 9.678E+02 2.832E-01 4.677E-02 8.471E-05 1.771E+03 9.007E-01 8.844E+00 2.000E+00
7.755E+07 8.181E+02 3.014E-01 4.677E-02 8.993E-05 1.547E+03 9.009E-01 8.844E+00 2.000E+00
2.693E+07 8.276E+02 3.001E-01 4.677E-02 9.949E-05 1.547E+03 9.013E-01 8.844E+00 2.000E+00
8.584E+06 4.640E+02 3.614E-01 4.677E-02 1.170E-04 1.854E+03 9.019E-01 8.845E+00 2.000E+00
4.276E+06 2.570E+02 4.101E-01 4.677E-02 1.492E-04 3.347E+03 9.031E-01 8.846E+00 2.000E+00
8.017E+09 9.736E+02 2.826E-01 4.677E-02 2.080E-04 1.602E+03 9.052E-01 8.847E+00 2.000E+00
3.537E+07 7.975E+02 3.044E-01 4.677E-02 3.160E-04 1.573E+03 9.092E-01 8.849E+00 2.000E+00
8.868E+07 2.420E+02 4.151E-01 4.677E-02 5.139E-04 3.685E+03 9.164E-01 8.854E+00 2.000E+00
1.093E+08 8.192E+02 3.020E-01 4.677E-02 8.766E-04 1.655E+03 9.287E-01 8.862E+00 2.000E+00
1.211E+07 4.351E+02 3.708E-01 4.677E-02 1.541E-03 1.955E+03 9.484E-01 8.877E+00 2.000E+00
9.879E+06 6.892E+02 3.232E-01 4.677E-02 2.760E-03 2.062E+03 9.743E-01 8.905E+00 2.000E+00
7.508E+06 3.553E+02 3.999E-01 4.677E-02 4.994E-03 2.355E+03 9.943E-01 8.957E+00 2.000E+00
2.641E+07 4.437E+02 3.658E-01 5.915E-02 7.850E-05 1.936E+03 9.571E-01 8.844E+00 3.000E+00
9.242E+07 4.437E+02 3.658E-01 5.915E-02 7.854E-05 1.936E+03 9.571E-01 8.844E+00 3.000E+00
6.434E+07 7.004E+02 3.183E-01 5.915E-02 7.861E-05 1.649E+03 9.571E-01 8.844E+00 3.000E+00
2.714E+07 7.086E+02 3.170E-01 5.915E-02 7.875E-05 1.651E+03 9.571E-01 8.844E+00 3.000E+00
3.000E+07 2.690E+02 4.072E-01 5.915E-02 7.900E-05 3.109E+03 9.571E-01 8.844E+00 3.000E+00
5.481E+07 7.244E+02 3.146E-01 5.915E-02 7.946E-05 1.645E+03 9.571E-01 8.844E+00 3.000E+00
8.284E+07 4.185E+02 3.714E-01 5.915E-02 8.031E-05 2.006E+03 9.571E-01 8.844E+00 3.000E+00
2.652E+07 3.328E+02 3.916E-01 5.915E-02 8.186E-05 2.396E+03 9.572E-01 8.844E+00 3.000E+00
3.335E+07 5.340E+02 3.472E-01 5.915E-02 8.471E-05 1.772E+03 9.573E-01 8.844E+00 3.000E+00
1.881E+09 8.400E+02 2.985E-01 5.915E-02 8.993E-05 1.665E+03 9.575E-01 8.844E+00 3.000E+00
1.108E+08 7.214E+02 3.151E-01 5.915E-02 9.949E-05 1.647E+03 9.578E-01 8.845E+00 3.000E+00
4.123E+08 6.541E+02 3.257E-01 5.915E-02 1.170E-04 1.670E+03 9.585E-01 8.845E+00 3.000E+00
8.789E+07 8.182E+02 3.014E-01 5.915E-02 1.492E-04 1.667E+03 9.597E-01 8.846E+00 3.000E+00
1.521E+07 2.503E+02 4.121E-01 5.915E-02 2.080E-04 3.511E+03 9.618E-01 8.847E+00 3.000E+00
7.274E+07 8.474E+02 2.978E-01 5.915E-02 3.160E-04 1.735E+03 9.653E-01 8.850E+00 3.000E+00
5.466E+08 6.481E+02 3.272E-01 5.915E-02 5.139E-04 1.710E+03 9.713E-01 8.854E+00 3.000E+00
6.354E+06 4.709E+02 3.615E-01 5.915E-02 8.766E-04 1.906E+03 9.821E-01 8.863E+00 3.000E+00
5.177E+07 7.157E+02 3.176E-01 5.915E-02 1.541E-03 1.952E+03 9.970E-01 8.878E+00 3.000E+00
2.682E+08 3.168E+02 4.042E-01 5.915E-02 2.760E-03 2.491E+03 1.000E+00 8.906E+00 0.000E+00
2.418E+07 2.799E+02 4.229E-01 5.915E-02 4.994E-03 2.770E+03 1.000E+00 8.957E+00 0.000E+00
1.058E+10 3.677E+02 3.833E-01 7.482E-02 7.850E-05 2.239E+03 1.000E+00 8.845E+00 3.000E+00
2.589E+07 8.512E+02 2.971E-01 7.482E-02 7.854E-05 2.059E+03 1.000E+00 8.845E+00 3.000E+00
3.359E+07 8.512E+02 2.971E-01 7.482E-02 7.861E-05 2.061E+03 1.000E+00 8.845E+00 3.000E+00
7.920E+07 8.512E+02 2.971E-01 7.482E-02 7.875E-05 2.062E+03 1.000E+00 8.845E+00 3.000E+00
1.898E+09 6.233E+02 3.309E-01 7.482E-02 7.900E-05 1.782E+03 1.000E+00 8.845E+00 3.000E+00
1.663E+07 6.814E+02 3.213E-01 7.482E-02 7.946E-05 1.780E+03 1.000E+00 8.845E+00 3.000E+00
5.028E+09 3.027E+02 3.992E-01 7.482E-02 8.031E-05 2.677E+03 1.000E+00 8.845E+00 3.000E+00
1.343E+08 7.311E+02 3.136E-01 7.482E-02 8.186E-05 1.805E+03 1.000E+00 8.845E+00 3.000E+00
4.106E+07 8.420E+02 2.983E-01 7.482E-02 8.471E-05 2.025E+03 1.000E+00 8.845E+00 3.000E+00
1.114E+07 3.980E+02 3.762E-01 7.482E-02 8.993E-05 2.119E+03 1.000E+00 8.845E+00 3.000E+00
5.891E+08 3.065E+02 3.983E-01 7.482E-02 9.949E-05 2.639E+03 1.000E+00 8.845E+00 3.000E+00
4.561E+07 7.664E+02 3.085E-01 7.482E-02 1.170E-04 1.925E+03 1.000E+00 8.845E+00 3.000E+00
5.629E+07 5.583E+02 3.427E-01 7.482E-02 1.492E-04 1.825E+03 1.000E+00 8.846E+00 3.000E+00
4.634E+07 4.420E+02 3.665E-01 7.482E-02 2.080E-04 1.998E+03 1.000E+00 8.848E+00 3.000E+00
2.844E+07 7.742E+02 3.076E-01 7.482E-02 3.160E-04 1.952E+03 1.000E+00 8.850E+00 3.000E+00
3.358E+07 5.392E+02 3.469E-01 7.482E-02 5.139E-04 1.876E+03 1.000E+00 8.855E+00 0.000E+00
1.085E+07 7.281E+02 3.150E-01 7.482E-02 8.766E-04 2.148E+03 1.000E+00 8.863E+00 0.000E+00
2.492E+07 4.270E+02 3.729E-01 7.482E-02 1.541E-03 2.118E+03 1.000E+00 8.878E+00 0.000E+00
3.165E+07 3.272E+02 4.015E-01 7.482E-02 2.760E-03 2.511E+03 1.000E+00 8.906E+00 0.000E+00
4.467E+07 3.419E+02 4.041E-01 7.482E-02 4.994E-03 2.980E+03 1.000E+00 8.957E+00 0.000E+00
3.003E+08 5.123E+02 3.515E-01 9.464E-02 7.850E-05 1.988E+03 1.000E+00 8.845E+00 0.000E+00
9.499E+07 5.032E+02 3.534E-01 9.464E-02 7.854E-05 1.996E+03 1.000E+00 8.845E+00 0.000E+00
1.362E+07 7.035E+02 3.178E-01 9.464E-02 7.861E-05 2.262E+03 1.000E+00 8.845E+00 0.000E+00
2.631E+07 7.035E+02 3.178E-01 9.464E-02 7.875E-05 2.261E+03 1.000E+00 8.845E+00 0.000E+00
3.242E+08 6.861E+02 3.206E-01 9.464E-02 7.900E-05 2.392E+03 1.000E+00 8.845E+00 0.000E+00
1.093E+07 3.428E+02 3.895E-01 9.464E-02 7.946E-05 2.428E+03 1.000E+00 8.845E+00 0.000E+00
5.507E+07 5.596E+02 3.424E-01 9.464E-02 8.031E-05 1.971E+03 1.000E+00 8.845E+00 0.000E+00
6.339E+07 4.091E+02 3.738E-01 9.464E-02 8.186E-05 2.160E+03 1.000E+00 8.845E+00 0.000E+00
4.621E+06 5.455E+02 3.450E-01 9.464E-02 8.471E-05 1.973E+03 1.000E+00 8.845E+00 0.000E+00
4.596E+07 6.269E+02 3.303E-01 9.464E-02 8.993E-05 2.018E+03 1.000E+00 8.845E+00 0.000E+00
2.130E+07 5.698E+02 3.405E-01 9.464E-02 9.949E-05 1.976E+03 1.000E+00 8.846E+00 0.000E+00
1.687E+07 7.070E+02 3.173E-01 9.464E-02 1.170E-04 2.327E+03 1.000E+00 8.846E+00 0.000E+00
1.461E+07 3.424E+02 3.898E-01 9.464E-02 1.492E-04 2.431E+03 1.000E+00 8.847E+00 0.000E+00
2.033E+07 7.014E+02 3.183E-01 9.464E-02 2.080E-04 2.410E+03 1.000E+00 8.848E+00 0.000E+00
9.122E+06 6.602E+02 3.250E-01 9.464E-02 3.160E-04 2.230E+03 1.000E+00 8.850E+00 0.000E+00
2.528E+07 4.932E+02 3.562E-01 9.464E-02 5.139E-04 2.066E+03 1.000E+00 8.855E+00 0.000E+00
1.262E+07 3.845E+02 3.815E-01 9.464E-02 8.766E-04 2.288E+03 1.000E+00 8.863E+00 0.000E+00
7.182E+06 5.123E+02 3.541E-01 9.464E-02 1.541E-03 2.408E+03 1.000E+00 8.879E+00 0.000E+00
1.149E+07 4.222E+02 3.769E-01 9.464E-02 2.760E-03 2.794E+03 1.000E+00 8.907E+00 0.000E+00
7.135E+06 2.615E+02 4.293E-01 9.464E-02 4.994E-03 3.556E+03 1.000E+00 8.958E+00 0.000E+00
2.519E+07 5.062E+02 3.529E-01 1.197E-01 7.850E-05 2.291E+03 1.000E+00 8.846E+00 0.000E+00
5.897E+07 5.062E+02 3.529E-01 1.197E-01 7.854E-05 2.291E+03 1.000E+00 8.846E+00 0.000E+00
4.078E+07 5.049E+02 3.531E-01 1.197E-01 7.861E-05 2.294E+03 1.000E+00 8.846E+00 0.000E+00
1.995E+07 5.075E+02 3.526E-01 1.197E-01 7.875E-05 2.426E+03 1.000E+00 8.846E+00 0.000E+00
4.150E+07 4.290E+02 3.694E-01 1.197E-01 7.900E-05 2.280E+03 1.000E+00 8.846E+00 0.000E+00
2.293E+07 2.753E+02 4.065E-01 1.197E-01 7.946E-05 3.119E+03 1.000E+00 8.846E+00 0.000E+00
6.743E+07 5.682E+02 3.408E-01 1.197E-01 8.031E-05 2.584E+03 1.000E+00 8.846E+00 0.000E+00
8.195E+07 5.689E+02 3.407E-01 1.197E-01 8.186E-05 2.606E+03 1.000E+00 8.846E+00 0.000E+00
1.046E+07 5.092E+02 3.523E-01 1.197E-01 8.471E-05 2.300E+03 1.000E+00 8.846E+00 0.000E+00
7.965E+06 5.791E+02 3.388E-01 1.197E-01 8.993E-05 2.732E+03 1.000E+00 8.846E+00 0.000E+00
1.456E+07 5.214E+02 3.499E-01 1.197E-01 9.949E-05 2.353E+03 1.000E+00 8.846E+00 0.000E+00
8.358E+07 3.900E+02 3.784E-01 1.197E-01 1.170E-04 2.360E+03 1.000E+00 8.846E+00 0.000E+00
2.274E+07 5.565E+02 3.431E-01 1.197E-01 1.492E-04 2.559E+03 1.000E+00 8.847E+00 0.000E+00
3.718E+07 5.108E+02 3.522E-01 1.197E-01 2.080E-04 2.362E+03 1.000E+00 8.849E+00 0.000E+00
1.796E+07 3.359E+02 3.921E-01 1.197E-01 3.160E-04 2.585E+03 1.000E+00 8.851E+00 0.000E+00
7.029E+06 3.688E+02 3.846E-01 1.197E-01 5.139E-04 2.470E+03 1.000E+00 8.856E+00 0.000E+00
5.651E+07 3.584E+02 3.881E-01 1.197E-01 8.766E-04 2.554E+03 1.000E+00 8.864E+00 0.000E+00
1.034E+07 2.488E+02 4.192E-01 1.197E-01 1.541E-03 3.462E+03 1.000E+00 8.879E+00 0.000E+00
2.323E+07 3.074E+02 4.075E-01 1.197E-01 2.760E-03 3.208E+03 1.000E+00 8.907E+00 0.000E+00
2.937E+06 2.176E+02 4.444E-01 1.197E-01 4.994E-03 4.840E+03 1.000E+00 8.958E+00 0.000E+00
1.993E+07 3.958E+02 3.772E-01 1.514E-01 7.850E-05 2.726E+03 1.000E+00 8.846E+00 0.000E+00
2.487E+08 3.981E+02 3.766E-01 1.514E-01 7.854E-05 2.732E+03 1.000E+00 8.846E+00 0.000E+00
2.162E+07 4.080E+02 3.743E-01 1.514E-01 7.861E-05 2.786E+03 1.000E+00 8.846E+00 0.000E+00
6.550E+07 3.987E+02 3.765E-01 1.514E-01 7.875E-05 2.731E+03 1.000E+00 8.846E+00 0.000E+00
3.277E+06 4.447E+02 3.660E-01 1.514E-01 7.900E-05 3.057E+03 1.000E+00 8.846E+00 0.000E+00
9.859E+06 4.449E+02 3.660E-01 1.514E-01 7.946E-05 3.089E+03 1.000E+00 8.846E+00 0.000E+00
3.084E+07 4.423E+02 3.666E-01 1.514E-01 8.031E-05 3.023E+03 1.000E+00 8.846E+00 0.000E+00
4.669E+07 2.392E+02 4.158E-01 1.514E-01 8.186E-05 3.963E+03 1.000E+00 8.846E+00 0.000E+00
3.645E+06 2.047E+02 4.234E-01 1.514E-01 8.471E-05 5.900E+03 1.000E+00 8.846E+00 0.000E+00
5.111E+09 2.462E+02 4.141E-01 1.514E-01 8.993E-05 3.768E+03 1.000E+00 8.847E+00 0.000E+00
8.845E+06 3.576E+02 3.864E-01 1.514E-01 9.949E-05 2.739E+03 1.000E+00 8.847E+00 0.000E+00
4.187E+06 3.362E+02 3.918E-01 1.514E-01 1.170E-04 2.799E+03 1.000E+00 8.847E+00 0.000E+00
6.453E+06 2.371E+02 4.165E-01 1.514E-01 1.492E-04 4.016E+03 1.000E+00 8.848E+00 0.000E+00
1.620E+07 3.279E+02 3.941E-01 1.514E-01 2.080E-04 2.849E+03 1.000E+00 8.849E+00 0.000E+00
7.097E+06 2.214E+02 4.210E-01 1.514E-01 3.160E-04 4.604E+03 1.000E+00 8.852E+00 0.000E+00
8.288E+06 4.103E+02 3.748E-01 1.514E-01 5.139E-04 3.230E+03 1.000E+00 8.856E+00 0.000E+00
5.332E+06 2.054E+02 4.274E-01 1.514E-01 8.766E-04 5.339E+03 1.000E+00 8.865E+00 0.000E+00
1.252E+07 3.425E+02 3.944E-01 1.514E-01 1.541E-03 3.845E+03 1.000E+00 8.880E+00 0.000E+00
9.189E+06 2.603E+02 4.216E-01 1.514E-01 2.760E-03 4.415E+03 1.000E+00 8.908E+00 0.000E+00
NAN NAN NAN 1.514E-01 4.994E-03 NAN 1.000E+00 8.959E+00 0.000E+00
7.134E+07 3.044E+02 4.001E-01 1.915E-01 7.850E-05 3.521E+03 1.000E+00 8.847E+00 0.000E+00
3.012E+07 3.203E+02 3.960E-01 1.915E-01 7.854E-05 3.581E+03 1.000E+00 8.847E+00 0.000E+00
2.976E+06 3.105E+02 3.985E-01 1.915E-01 7.861E-05 3.525E+03 1.000E+00 8.847E+00 0.000E+00
3.761E+06 3.105E+02 3.985E-01 1.915E-01 7.875E-05 3.525E+03 1.000E+00 8.847E+00 0.000E+00
8.704E+06 3.105E+02 3.985E-01 1.915E-01 7.900E-05 3.525E+03 1.000E+00 8.847E+00 0.000E+00
1.466E+07 2.247E+02 4.199E-01 1.915E-01 7.946E-05 4.625E+03 1.000E+00 8.847E+00 0.000E+00
1.081E+08 2.826E+02 4.056E-01 1.915E-01 8.031E-05 3.565E+03 1.000E+00 8.847E+00 0.000E+00
5.783E+08 2.685E+02 4.092E-01 1.915E-01 8.186E-05 3.676E+03 1.000E+00 8.847E+00 0.000E+00
3.745E+06 3.147E+02 3.975E-01 1.915E-01 8.471E-05 3.549E+03 1.000E+00 8.847E+00 0.000E+00
7.991E+06 2.266E+02 4.195E-01 1.915E-01 8.993E-05 4.549E+03 1.000E+00 8.848E+00 0.000E+00
1.526E+07 2.804E+02 4.063E-01 1.915E-01 9.949E-05 3.585E+03 1.000E+00 8.848E+00 0.000E+00
3.697E+07 2.551E+02 4.127E-01 1.915E-01 1.170E-04 3.852E+03 1.000E+00 8.848E+00 0.000E+00
1.368E+07 3.193E+02 3.965E-01 1.915E-01 1.492E-04 3.655E+03 1.000E+00 8.849E+00 0.000E+00
1.171E+07 2.534E+02 4.135E-01 1.915E-01 2.080E-04 3.894E+03 1.000E+00 8.850E+00 0.000E+00
8.823E+07 3.160E+02 3.979E-01 1.915E-01 3.160E-04 3.858E+03 1.000E+00 8.853E+00 0.000E+00
2.953E+07 2.573E+02 4.138E-01 1.915E-01 5.139E-04 3.928E+03 1.000E+00 8.857E+00 0.000E+00
9.782E+06 2.243E+02 4.239E-01 1.915E-01 8.766E-04 4.598E+03 1.000E+00 8.866E+00 0.000E+00
2.655E+07 2.353E+02 4.241E-01 1.915E-01 1.541E-03 4.788E+03 1.000E+00 8.881E+00 0.000E+00
NAN NAN NAN 1.915E-01 2.760E-03 NAN 1.000E+00 8.909E+00 0.000E+00
NAN NAN NAN 1.915E-01 4.994E-03 NAN 1.000E+00 8.960E+00 0.000E+00
5.038E+07 2.451E+02 4.160E-01 2.422E-01 7.850E-05 5.440E+03 1.000E+00 8.848E+00 0.000E+00
2.305E+07 2.336E+02 4.188E-01 2.422E-01 7.854E-05 5.286E+03 1.000E+00 8.848E+00 0.000E+00
2.802E+08 2.336E+02 4.188E-01 2.422E-01 7.861E-05 5.285E+03 1.000E+00 8.848E+00 0.000E+00
3.007E+08 2.327E+02 4.191E-01 2.422E-01 7.875E-05 5.286E+03 1.000E+00 8.848E+00 0.000E+00
1.095E+07 2.231E+02 4.214E-01 2.422E-01 7.900E-05 5.438E+03 1.000E+00 8.848E+00 0.000E+00
3.251E+07 2.181E+02 4.226E-01 2.422E-01 7.946E-05 5.517E+03 1.000E+00 8.848E+00 0.000E+00
7.823E+06 2.297E+02 4.198E-01 2.422E-01 8.031E-05 5.311E+03 1.000E+00 8.848E+00 0.000E+00
3.083E+07 2.338E+02 4.188E-01 2.422E-01 8.186E-05 5.290E+03 1.000E+00 8.848E+00 0.000E+00
1.441E+07 2.211E+02 4.219E-01 2.422E-01 8.471E-05 5.441E+03 1.000E+00 8.849E+00 0.000E+00
5.304E+07 2.330E+02 4.190E-01 2.422E-01 8.993E-05 5.302E+03 1.000E+00 8.849E+00 0.000E+00
8.348E+06 2.413E+02 4.170E-01 2.422E-01 9.949E-05 5.398E+03 1.000E+00 8.849E+00 0.000E+00
5.048E+07 2.064E+02 4.255E-01 2.422E-01 1.170E-04 6.062E+03 1.000E+00 8.849E+00 0.000E+00
3.607E+07 2.147E+02 4.238E-01 2.422E-01 1.492E-04 5.667E+03 1.000E+00 8.850E+00 0.000E+00
9.766E+06 2.116E+02 4.248E-01 2.422E-01 2.080E-04 5.807E+03 1.000E+00 8.851E+00 0.000E+00
5.032E+07 2.157E+02 4.244E-01 2.422E-01 3.160E-04 5.765E+03 1.000E+00 8.854E+00 0.000E+00
7.936E+07 2.224E+02 4.237E-01 2.422E-01 5.139E-04 6.109E+03 1.000E+00 8.858E+00 0.000E+00
5.159E+06 2.008E+02 4.309E-01 2.422E-01 8.766E-04 6.886E+03 1.000E+00 8.867E+00 0.000E+00
NAN NAN NAN 2.422E-01 1.541E-03 NAN 1.000E+00 8.882E+00 0.000E+00
NAN NAN NAN 2.422E-01 2.760E-03 NAN 1.000E+00 8.910E+00 0.000E+00
NAN NAN NAN 2.422E-01 4.994E-03 NAN 1.000E+00 8.961E+00 0.000E+00
NAN NAN NAN 3.064E-01 7.850E-05 NAN 1.000E+00 8.850E+00 0.000E+00
NAN NAN NAN 3.064E-01 7.854E-05 NAN 1.000E+00 8.850E+00 0.000E+00
NAN NAN NAN 3.064E-01 7.861E-05 NAN 1.000E+00 8.850E+00 0.000E+00
NAN NAN NAN 3.064E-01 7.875E-05 NAN 1.000E+00 8.850E+00 0.000E+00
NAN NAN NAN 3.064E-01 7.900E-05 NAN 1.000E+00 8.850E+00 0.000E+00
NAN NAN NAN 3.064E-01 7.946E-05 NAN 1.000E+00 8.850E+00 0.000E+00
NAN NAN NAN 3.064E-01 8.031E-05 NAN 1.000E+00 8.850E+00 0.000E+00
NAN NAN NAN 3.064E-01 8.186E-05 NAN 1.000E+00 8.850E+00 0.000E+00
NAN NAN NAN 3.064E-01 8.471E-05 NAN 1.000E+00 8.850E+00 0.000E+00
NAN NAN NAN 3.064E-01 8.993E-05 NAN 1.000E+00 8.850E+00 0.000E+00
NAN NAN NAN 3.064E-01 9.949E-05 NAN 1.000E+00 8.850E+00 0.000E+00
NAN NAN NAN 3.064E-01 1.170E-04 NAN 1.000E+00 8.851E+00 0.000E+00
NAN NAN NAN 3.064E-01 1.492E-04 NAN 1.000E+00 8.852E+00 0.000E+00
NAN NAN NAN 3.064E-01 2.080E-04 NAN 1.000E+00 8.853E+00 0.000E+00
NAN NAN NAN 3.064E-01 3.160E-04 NAN 1.000E+00 8.855E+00 0.000E+00
NAN NAN NAN 3.064E-01 5.139E-04 NAN 1.000E+00 8.860E+00 0.000E+00
NAN NAN NAN 3.064E-01 8.766E-04 NAN 1.000E+00 8.868E+00 0.000E+00
NAN NAN NAN 3.064E-01 1.541E-03 NAN 1.000E+00 8.883E+00 0.000E+00
NAN NAN NAN 3.064E-01 2.760E-03 NAN 1.000E+00 8.911E+00 0.000E+00
NAN NAN NAN 3.064E-01 4.994E-03 NAN 1.000E+00 8.963E+00 0.000E+00
NAN NAN NAN 3.875E-01 7.850E-05 NAN 1.000E+00 8.852E+00 0.000E+00
NAN NAN NAN 3.875E-01 7.854E-05 NAN 1.000E+00 8.852E+00 0.000E+00
NAN NAN NAN 3.875E-01 7.861E-05 NAN 1.000E+00 8.852E+00 0.000E+00
NAN NAN NAN 3.875E-01 7.875E-05 NAN 1.000E+00 8.852E+00 0.000E+00
NAN NAN NAN 3.875E-01 7.900E-05 NAN 1.000E+00 8.852E+00 0.000E+00
NAN NAN NAN 3.875E-01 7.946E-05 NAN 1.000E+00 8.852E+00 0.000E+00
NAN NAN NAN 3.875E-01 8.031E-05 NAN 1.000E+00 8.852E+00 0.000E+00
NAN NAN NAN 3.875E-01 8.186E-05 NAN 1.000E+00 8.852E+00 0.000E+00
NAN NAN NAN 3.875E-01 8.471E-05 NAN 1.000E+00 8.852E+00 0.000E+00
NAN NAN NAN 3.875E-01 8.993E-05 NAN 1.000E+00 8.852E+00 0.000E+00
NAN NAN NAN 3.875E-01 9.949E-05 NAN 1.000E+00 8.852E+00 0.000E+00
NAN NAN NAN 3.875E-01 1.170E-04 NAN 1.000E+00 8.853E+00 0.000E+00
NAN NAN NAN 3.875E-01 1.492E-04 NAN 1.000E+00 8.853E+00 0.000E+00
NAN NAN NAN 3.875E-01 2.080E-04 NAN 1.000E+00 8.855E+00 0.000E+00
NAN NAN NAN 3.875E-01 3.160E-04 NAN 1.000E+00 8.857E+00 0.000E+00
NAN NAN NAN 3.875E-01 5.139E-04 NAN 1.000E+00 8.862E+00 0.000E+00
NAN NAN NAN 3.875E-01 8.766E-04 NAN 1.000E+00 8.870E+00 0.000E+00
NAN NAN NAN 3.875E-01 1.541E-03 NAN 1.000E+00 8.885E+00 0.000E+00
NAN NAN NAN 3.875E-01 2.760E-03 NAN 1.000E+00 8.913E+00 0.000E+00
NAN NAN NAN 3.875E-01 4.994E-03 NAN 1.000E+00 8.965E+00 0.000E+00
NAN NAN NAN 4.902E-01 7.850E-05 NAN 1.000E+00 8.854E+00 0.000E+00
NAN NAN NAN 4.902E-01 7.854E-05 NAN 1.000E+00 8.854E+00 0.000E+00
NAN NAN NAN 4.902E-01 7.861E-05 NAN 1.000E+00 8.854E+00 0.000E+00
NAN NAN NAN 4.902E-01 7.875E-05 NAN 1.000E+00 8.854E+00 0.000E+00
NAN NAN NAN 4.902E-01 7.900E-05 NAN 1.000E+00 8.854E+00 0.000E+00
NAN NAN NAN 4.902E-01 7.946E-05 NAN 1.000E+00 8.854E+00 0.000E+00
NAN NAN NAN 4.902E-01 8.031E-05 NAN 1.000E+00 8.854E+00 0.000E+00
NAN NAN NAN 4.902E-01 8.186E-05 NAN 1.000E+00 8.854E+00 0.000E+00
NAN NAN NAN 4.902E-01 8.471E-05 NAN 1.000E+00 8.854E+00 0.000E+00
NAN NAN NAN 4.902E-01 8.993E-05 NAN 1.000E+00 8.854E+00 0.000E+00
NAN NAN NAN 4.902E-01 9.949E-05 NAN 1.000E+00 8.855E+00 0.000E+00
NAN NAN NAN 4.902E-01 1.170E-04 NAN 1.000E+00 8.855E+00 0.000E+00
NAN NAN NAN 4.902E-01 1.492E-04 NAN 1.000E+00 8.856E+00 0.000E+00
NAN NAN NAN 4.902E-01 2.080E-04 NAN 1.000E+00 8.857E+00 0.000E+00
NAN NAN NAN 4.902E-01 3.160E-04 NAN 1.000E+00 8.860E+00 0.000E+00
NAN NAN NAN 4.902E-01 5.139E-04 NAN 1.000E+00 8.864E+00 0.000E+00
NAN NAN NAN 4.902E-01 8.766E-04 NAN 1.000E+00 8.872E+00 0.000E+00
NAN NAN NAN 4.902E-01 1.541E-03 NAN 1.000E+00 8.888E+00 0.000E+00
NAN NAN NAN 4.902E-01 2.760E-03 NAN 1.000E+00 8.916E+00 0.000E+00
NAN NAN NAN 4.902E-01 4.994E-03 NAN 1.000E+00 8.967E+00 0.000E+00
NAN NAN NAN 6.200E-01 7.850E-05 NAN 1.000E+00 8.857E+00 3.000E+00
NAN NAN NAN 6.200E-01 7.854E-05 NAN 1.000E+00 8.857E+00 3.000E+00
NAN NAN NAN 6.200E-01 7.861E-05 NAN 1.000E+00 8.857E+00 3.000E+00
NAN NAN NAN 6.200E-01 7.875E-05 NAN 1.000E+00 8.857E+00 3.000E+00
NAN NAN NAN 6.200E-01 7.900E-05 NAN 1.000E+00 8.857E+00 3.000E+00
NAN NAN NAN 6.200E-01 7.946E-05 NAN 1.000E+00 8.857E+00 3.000E+00
NAN NAN NAN 6.200E-01 8.031E-05 NAN 1.000E+00 8.857E+00 3.000E+00
NAN NAN NAN 6.200E-01 8.186E-05 NAN 1.000E+00 8.857E+00 3.000E+00
NAN NAN NAN 6.200E-01 8.471E-05 NAN 1.000E+00 8.857E+00 3.000E+00
NAN NAN NAN 6.200E-01 8.993E-05 NAN 1.000E+00 8.857E+00 3.000E+00
NAN NAN NAN 6.200E-01 9.949E-05 NAN 1.000E+00 8.858E+00 3.000E+00
NAN NAN NAN 6.200E-01 1.170E-04 NAN 1.000E+00 8.858E+00 3.000E+00
NAN NAN NAN 6.200E-01 1.492E-04 NAN 1.000E+00 8.859E+00 3.000E+00
NAN NAN NAN 6.200E-01 2.080E-04 NAN 1.000E+00 8.860E+00 3.000E+00
NAN NAN NAN 6.200E-01 3.160E-04 NAN 1.000E+00 8.863E+00 3.000E+00
NAN NAN NAN 6.200E-01 5.139E-04 NAN 1.000E+00 8.867E+00 3.000E+00
NAN NAN NAN 6.200E-01 8.766E-04 NAN 1.000E+00 8.875E+00 3.000E+00
NAN NAN NAN 6.200E-01 1.541E-03 NAN 1.000E+00 8.891E+00 3.000E+00
NAN NAN NAN 6.200E-01 2.760E-03 NAN 1.000E+00 8.919E+00 3.000E+00
NAN NAN NAN 6.200E-01 4.994E-03 NAN 1.000E+00 8.970E+00 3.000E+00
NAN NAN NAN 7.842E-01 7.850E-05 NAN 1.000E+00 8.861E+00 3.000E+00
NAN NAN NAN 7.842E-01 7.854E-05 NAN 1.000E+00 8.861E+00 3.000E+00
NAN NAN NAN 7.842E-01 7.861E-05 NAN 1.000E+00 8.861E+00 3.000E+00
NAN NAN NAN 7.842E-01 7.875E-05 NAN 1.000E+00 8.861E+00 3.000E+00
NAN NAN NAN 7.842E-01 7.900E-05 NAN 1.000E+00 8.861E+00 3.000E+00
NAN NAN NAN 7.842E-01 7.946E-05 NAN 1.000E+00 8.861E+00 3.000E+00
NAN NAN NAN 7.842E-01 8.031E-05 NAN 1.000E+00 8.861E+00 3.000E+00
NAN NAN NAN 7.842E-01 8.186E-05 NAN 1.000E+00 8.861E+00 3.000E+00
NAN NAN NAN 7.842E-01 8.471E-05 NAN 1.000E+00 8.861E+00 3.000E+00
NAN NAN NAN 7.842E-01 8.993E-05 NAN 1.000E+00 8.861E+00 3.000E+00
NAN NAN NAN 7.842E-01 9.949E-05 NAN 1.000E+00 8.861E+00 3.000E+00
NAN NAN NAN 7.842E-01 1.170E-04 NAN 1.000E+00 8.862E+00 3.000E+00
NAN NAN NAN 7.842E-01 1.492E-04 NAN 1.000E+00 8.862E+00 3.000E+00
NAN NAN NAN 7.842E-01 2.080E-04 NAN 1.000E+00 8.864E+00 3.000E+00
NAN NAN NAN 7.842E-01 3.160E-04 NAN 1.000E+00 8.866E+00 3.000E+00
NAN NAN NAN 7.842E-01 5.139E-04 NAN 1.000E+00 8.871E+00 3.000E+00
NAN NAN NAN 7.842E-01 8.766E-04 NAN 1.000E+00 8.879E+00 3.000E+00
NAN NAN NAN 7.842E-01 1.541E-03 NAN 1.000E+00 8.894E+00 3.000E+00
NAN NAN NAN 7.842E-01 2.760E-03 NAN 1.000E+00 8.922E+00 3.000E+00
NAN NAN NAN 7.842E-01 4.994E-03 NAN 1.000E+00 8.974E+00 3.000E+00
NAN NAN NAN 9.919E-01 7.850E-05 NAN 1.000E+00 8.866E+00 3.000E+00
NAN NAN NAN 9.919E-01 7.854E-05 NAN 1.000E+00 8.866E+00 3.000E+00
NAN NAN NAN 9.919E-01 7.861E-05 NAN 1.000E+00 8.866E+00 3.000E+00
NAN NAN NAN 9.919E-01 7.875E-05 NAN 1.000E+00 8.866E+00 3.000E+00
NAN NAN NAN 9.919E-01 7.900E-05 NAN 1.000E+00 8.866E+00 3.000E+00
NAN NAN NAN 9.919E-01 7.946E-05 NAN 1.000E+00 8.866E+00 3.000E+00
NAN NAN NAN 9.919E-01 8.031E-05 NAN 1.000E+00 8.866E+00 3.000E+00
NAN NAN NAN 9.919E-01 8.186E-05 NAN 1.000E+00 8.866E+00 3.000E+00
NAN NAN NAN 9.919E-01 8.471E-05 NAN 1.000E+00 8.866E+00 3.000E+00
NAN NAN NAN 9.919E-01 8.993E-05 NAN 1.000E+00 8.866E+00 3.000E+00
NAN NAN NAN 9.919E-01 9.949E-05 NAN 1.000E+00 8.866E+00 3.000E+00
NAN NAN NAN 9.919E-01 1.170E-04 NAN 1.000E+00 8.867E+00 3.000E+00
NAN NAN NAN 9.919E-01 1.492E-04 NAN 1.000E+00 8.867E+00 3.000E+00
NAN NAN NAN 9.919E-01 2.080E-04 NAN 1.000E+00 8.869E+00 3.000E+00
NAN NAN NAN 9.919E-01 3.160E-04 NAN 1.000E+00 8.871E+00 3.000E+00
NAN NAN NAN 9.919E-01 5.139E-04 NAN 1.000E+00 8.876E+00 3.000E+00
NAN NAN NAN 9.919E-01 8.766E-04 NAN 1.000E+00 8.884E+00 3.000E+00
NAN NAN NAN 9.919E-01 1.541E-03 NAN 1.000E+00 8.899E+00 3.000E+00
NAN NAN NAN 9.919E-01 2.760E-03 NAN 1.000E+00 8.927E+00 3.000E+00
NAN NAN NAN 9.919E-01 4.994E-03 NAN 1.000E+00 8.978E+00 3.000E+00
NAN NAN NAN 1.255E+00 7.850E-05 NAN 1.000E+00 8.872E+00 3.000E+00
NAN NAN NAN 1.255E+00 7.854E-05 NAN 1.000E+00 8.872E+00 3.000E+00
NAN NAN NAN 1.255E+00 7.861E-05 NAN 1.000E+00 8.872E+00 3.000E+00
NAN NAN NAN 1.255E+00 7.875E-05 NAN 1.000E+00 8.872E+00 3.000E+00
NAN NAN NAN 1.255E+00 7.900E-05 NAN 1.000E+00 8.872E+00 3.000E+00
NAN NAN NAN 1.255E+00 7.946E-05 NAN 1.000E+00 8.872E+00 3.000E+00
NAN NAN NAN 1.255E+00 8.031E-05 NAN 1.000E+00 8.872E+00 3.000E+00
NAN NAN NAN 1.255E+00 8.186E-05 NAN 1.000E+00 8.872E+00 3.000E+00
NAN NAN NAN 1.255E+00 8.471E-05 NAN 1.000E+00 8.872E+00 3.000E+00
NAN NAN NAN 1.255E+00 8.993E-05 NAN 1.000E+00 8.872E+00 3.000E+00
NAN NAN NAN 1.255E+00 9.949E-05 NAN 1.000E+00 8.872E+00 3.000E+00
NAN NAN NAN 1.255E+00 1.170E-04 NAN 1.000E+00 8.873E+00 3.000E+00
NAN NAN NAN 1.255E+00 1.492E-04 NAN 1.000E+00 8.873E+00 3.000E+00
NAN NAN NAN 1.255E+00 2.080E-04 NAN 1.000E+00 8.875E+00 3.000E+00
NAN NAN NAN 1.255E+00 3.160E-04 NAN 1.000E+00 8.877E+00 3.000E+00
NAN NAN NAN 1.255E+00 5.139E-04 NAN 1.000E+00 8.882E+00 3.000E+00
NAN NAN NAN 1.255E+00 8.766E-04 NAN 1.000E+00 8.890E+00 3.000E+00
NAN NAN NAN 1.255E+00 1.541E-03 NAN 1.000E+00 8.905E+00 3.000E+00
NAN NAN NAN 1.255E+00 2.760E-03 NAN 1.000E+00 8.933E+00 3.000E+00
NAN NAN NAN 1.255E+00 4.994E-03 NAN 1.000E+00 8.984E+00 3.000E+00
NAN NAN NAN 1.587E+00 7.850E-05 NAN 1.000E+00 8.879E+00 3.000E+00
NAN NAN NAN 1.587E+00 7.854E-05 NAN 1.000E+00 8.879E+00 3.000E+00
NAN NAN NAN 1.587E+00 7.861E-05 NAN 1.000E+00 8.879E+00 3.000E+00
NAN NAN NAN 1.587E+00 7.875E-05 NAN 1.000E+00 8.879E+00 3.000E+00
NAN NAN NAN 1.587E+00 7.900E-05 NAN 1.000E+00 8.879E+00 3.000E+00
NAN NAN NAN 1.587E+00 7.946E-05 NAN 1.000E+00 8.879E+00 3.000E+00
NAN NAN NAN 1.587E+00 8.031E-05 NAN 1.000E+00 8.879E+00 3.000E+00
NAN NAN NAN 1.587E+00 8.186E-05 NAN 1.000E+00 8.879E+00 3.000E+00
NAN NAN NAN 1.587E+00 8.471E-05 NAN 1.000E+00 8.879E+00 3.000E+00
NAN NAN NAN 1.587E+00 8.993E-05 NAN 1.000E+00 8.880E+00 3.000E+00
NAN NAN NAN 1.587E+00 9.949E-05 NAN 1.000E+00 8.880E+00 3.000E+00
NAN NAN NAN 1.587E+00 1.170E-04 NAN 1.000E+00 8.880E+00 3.000E+00
NAN NAN NAN 1.587E+00 1.492E-04 NAN 1.000E+00 8.881E+00 3.000E+00
NAN NAN NAN 1.587E+00 2.080E-04 NAN 1.000E+00 8.882E+00 3.000E+00
NAN NAN NAN 1.587E+00 3.160E-04 NAN 1.000E+00 8.885E+00 3.000E+00
NAN NAN NAN 1.587E+00 5.139E-04 NAN 1.000E+00 8.889E+00 3.000E+00
NAN NAN NAN 1.587E+00 8.766E-04 NAN 1.000E+00 8.898E+00 3.000E+00
NAN NAN NAN 1.587E+00 1.541E-03 NAN 1.000E+00 8.913E+00 3.000E+00
NAN NAN NAN 1.587E+00 2.760E-03 NAN 1.000E+00 8.941E+00 3.000E+00
NAN NAN NAN 1.587E+00 4.994E-03 NAN 1.000E+00 9.004E+00 3.000E+00
NAN NAN NAN 2.007E+00 7.850E-05 NAN 1.000E+00 1.076E+01 3.000E+00
NAN NAN NAN 2.007E+00 7.854E-05 NAN 1.000E+00 1.076E+01 3.000E+00
NAN NAN NAN 2.007E+00 7.861E-05 NAN 1.000E+00 1.076E+01 3.000E+00
NAN NAN NAN 2.007E+00 7.875E-05 NAN 1.000E+00 1.076E+01 3.000E+00
NAN NAN NAN 2.007E+00 7.900E-05 NAN 1.000E+00 1.076E+01 3.000E+00
NAN NAN NAN 2.007E+00 7.946E-05 NAN 1.000E+00 1.076E+01 3.000E+00
NAN NAN NAN 2.007E+00 8.031E-05 NAN 1.000E+00 1.076E+01 3.000E+00
NAN NAN NAN 2.007E+00 8.186E-05 NAN 1.000E+00 1.076E+01 3.000E+00
NAN NAN NAN 2.007E+00 8.471E-05 NAN 1.000E+00 1.076E+01 3.000E+00
NAN NAN NAN 2.007E+00 8.993E-05 NAN 1.000E+00 1.076E+01 3.000E+00
NAN NAN NAN 2.007E+00 9.949E-05 NAN 1.000E+00 1.076E+01 3.000E+00
NAN NAN NAN 2.007E+00 1.170E-04 NAN 1.000E+00 1.076E+01 3.000E+00
NAN NAN NAN 2.007E+00 1.492E-04 NAN 1.000E+00 1.077E+01 3.000E+00
NAN NAN NAN 2.007E+00 2.080E-04 NAN 1.000E+00 1.077E+01 3.000E+00
NAN NAN NAN 2.007E+00 3.160E-04 NAN 1.000E+00 1.078E+01 3.000E+00
NAN NAN NAN 2.007E+00 5.139E-04 NAN 1.000E+00 1.079E+01 3.000E+00
NAN NAN NAN 2.007E+00 8.766E-04 NAN 1.000E+00 1.081E+01 3.000E+00
NAN NAN NAN 2.007E+00 1.541E-03 NAN 1.000E+00 1.086E+01 3.000E+00
NAN NAN NAN 2.007E+00 2.760E-03 NAN 1.000E+00 1.094E+01 3.000E+00
NAN NAN NAN 2.007E+00 4.994E-03 NAN 1.000E+00 1.110E+01 3.000E+00
NAN NAN NAN 2.539E+00 7.850E-05 NAN 1.000E+00 1.342E+01 3.000E+00
NAN NAN NAN 2.539E+00 7.854E-05 NAN 1.000E+00 1.342E+01 3.000E+00
NAN NAN NAN 2.539E+00 7.861E-05 NAN 1.000E+00 1.342E+01 3.000E+00
NAN NAN NAN 2.539E+00 7.875E-05 NAN 1.000E+00 1.342E+01 3.000E+00
NAN NAN NAN 2.539E+00 7.900E-05 NAN 1.000E+00 1.342E+01 3.000E+00
NAN NAN NAN 2.539E+00 7.946E-05 NAN 1.000E+00 1.342E+01 3.000E+00
NAN NAN NAN 2.539E+00 8.031E-05 NAN 1.000E+00 1.342E+01 3.000E+00
NAN NAN NAN 2.539E+00 8.186E-05 NAN 1.000E+00 1.342E+01 3.000E+00
NAN NAN NAN 2.539E+00 8.471E-05 NAN 1.000E+00 1.342E+01 3.000E+00
NAN NAN NAN 2.539E+00 8.993E-05 NAN 1.000E+00 1.342E+01 3.000E+00
NAN NAN NAN 2.539E+00 9.949E-05 NAN 1.000E+00 1.343E+01 3.000E+00
NAN NAN NAN 2.539E+00 1.170E-04 NAN 1.000E+00 1.343E+01 3.000E+00
NAN NAN NAN 2.539E+00 1.492E-04 NAN 1.000E+00 1.343E+01 3.000E+00
NAN NAN NAN 2.539E+00 2.080E-04 NAN 1.000E+00 1.343E+01 3.000E+00
NAN NAN NAN 2.539E+00 3.160E-04 NAN 1.000E+00 1.344E+01 3.000E+00
NAN NAN NAN 2.539E+00 5.139E-04 NAN 1.000E+00 1.345E+01 3.000E+00
NAN NAN NAN 2.539E+00 8.766E-04 NAN 1.000E+00 1.348E+01 3.000E+00
NAN NAN NAN 2.539E+00 1.541E-03 NAN 1.000E+00 1.352E+01 3.000E+00
NAN NAN NAN 2.539E+00 2.760E-03 NAN 1.000E+00 1.360E+01 3.000E+00
NAN NAN NAN 2.539E+00 4.994E-03 NAN 1.000E+00 1.376E+01 3.000E+00
NAN NAN NAN 3.211E+00 7.850E-05 NAN 1.000E+00 1.679E+01 3.000E+00
NAN NAN NAN 3.211E+00 7.854E-05 NAN 1.000E+00 1.679E+01 3.000E+00
NAN NAN NAN 3.211E+00 7.861E-05 NAN 1.000E+00 1.679E+01 3.000E+00
NAN NAN NAN 3.211E+00 7.875E-05 NAN 1.000E+00 1.679E+01 3.000E+00
NAN NAN NAN 3.211E+00 7.900E-05 NAN 1.000E+00 1.679E+01 3.000E+00
NAN NAN NAN 3.211E+00 7.946E-05 NAN 1.000E+00 1.679E+01 3.000E+00
NAN NAN NAN 3.211E+00 8.031E-05 NAN 1.000E+00 1.679E+01 3.000E+00
NAN NAN NAN 3.211E+00 8.186E-05 NAN 1.000E+00 1.679E+01 3.000E+00
NAN NAN NAN 3.211E+00 8.471E-05 NAN 1.000E+00 1.679E+01 3.000E+00
NAN NAN NAN 3.211E+00 8.993E-05 NAN 1.000E+00 1.679E+01 3.000E+00
NAN NAN NAN 3.211E+00 9.949E-05 NAN 1.000E+00 1.679E+01 3.000E+00
NAN NAN NAN 3.211E+00 1.170E-04 NAN 1.000E+00 1.679E+01 3.000E+00
NAN NAN NAN 3.211E+00 1.492E-04 NAN 1.000E+00 1.679E+01 3.000E+00
NAN NAN NAN 3.211E+00 2.080E-04 NAN 1.000E+00 1.680E+01 3.000E+00
NAN NAN NAN 3.211E+00 3.160E-04 NAN 1.000E+00 1.680E+01 3.000E+00
NAN NAN NAN 3.211E+00 5.139E-04 NAN 1.000E+00 1.682E+01 3.000E+00
NAN NAN NAN 3.211E+00 8.766E-04 NAN 1.000E+00 1.684E+01 3.000E+00
NAN NAN NAN 3.211E+00 1.541E-03 NAN 1.000E+00 1.688E+01 3.000E+00
NAN NAN NAN 3.211E+00 2.760E-03 NAN 1.000E+00 1.696E+01 3.000E+00
NAN NAN NAN 3.211E+00 4.994E-03 NAN 1.000E+00 1.711E+01 3.000E+00
NAN NAN NAN 4.062E+00 7.850E-05 NAN 1.000E+00 2.105E+01 3.000E+00
NAN NAN NAN 4.062E+00 7.854E-05 NAN 1.000E+00 2.105E+01 3.000E+00
NAN NAN NAN 4.062E+00 7.861E-05 NAN 1.000E+00 2.105E+01 3.000E+00
NAN NAN NAN 4.062E+00 7.875E-05 NAN 1.000E+00 2.105E+01 3.000E+00
NAN NAN NAN 4.062E+00 7.900E-05 NAN 1.000E+00 2.105E+01 3.000E+00
NAN NAN NAN 4.062E+00 7.946E-05 NAN 1.000E+00 2.105E+01 3.000E+00
NAN NAN NAN 4.062E+00 8.031E-05 NAN 1.000E+00 2.105E+01 3.000E+00
NAN NAN NAN 4.062E+00 8.186E-05 NAN 1.000E+00 2.105E+01 3.000E+00
NAN NAN NAN 4.062E+00 8.471E-05 NAN 1.000E+00 2.105E+01 3.000E+00
NAN NAN NAN 4.062E+00 8.993E-05 NAN 1.000E+00 2.105E+01 3.000E+00
NAN NAN NAN 4.062E+00 9.949E-05 NAN 1.000E+00 2.105E+01 3.000E+00
NAN NAN NAN 4.062E+00 1.170E-04 NAN 1.000E+00 2.105E+01 3.000E+00
NAN NAN NAN 4.062E+00 1.492E-04 NAN 1.000E+00 2.105E+01 3.000E+00
NAN NAN NAN 4.062E+00 2.080E-04 NAN 1.000E+00 2.106E+01 3.000E+00
NAN NAN NAN 4.062E+00 3.160E-04 NAN 1.000E+00 2.106E+01 3.000E+00
NAN NAN NAN 4.062E+00 5.139E-04 NAN 1.000E+00 2.108E+01 3.000E+00
NAN NAN NAN 4.062E+00 8.766E-04 NAN 1.000E+00 2.110E+01 3.000E+00
NAN NAN NAN 4.062E+00 1.541E-03 NAN 1.000E+00 2.114E+01 3.000E+00
NAN NAN NAN 4.062E+00 2.760E-03 NAN 1.000E+00 2.122E+01 3.000E+00
NAN NAN NAN 4.062E+00 4.994E-03 NAN 1.000E+00 2.137E+01 3.000E+00
NAN NAN NAN 5.138E+00 7.850E-05 NAN 1.000E+00 2.643E+01 3.000E+00
NAN NAN NAN 5.138E+00 7.854E-05 NAN 1.000E+00 2.643E+01 3.000E+00
NAN NAN NAN 5.138E+00 7.861E-05 NAN 1.000E+00 2.643E+01 3.000E+00
NAN NAN NAN 5.138E+00 7.875E-05 NAN 1.000E+00 2.643E+01 3.000E+00
NAN NAN NAN 5.138E+00 7.900E-05 NAN 1.000E+00 2.643E+01 3.000E+00
NAN NAN NAN 5.138E+00 7.946E-05 NAN 1.000E+00 2.643E+01 3.000E+00
NAN NAN NAN 5.138E+00 8.031E-05 NAN 1.000E+00 2.643E+01 3.000E+00
NAN NAN NAN 5.138E+00 8.186E-05 NAN 1.000E+00 2.643E+01 3.000E+00
NAN NAN NAN 5.138E+00 8.471E-05 NAN 1.000E+00 2.643E+01 3.000E+00
NAN NAN NAN 5.138E+00 8.993E-05 NAN 1.000E+00 2.643E+01 3.000E+00
NAN NAN NAN 5.138E+00 9.949E-05 NAN 1.000E+00 2.643E+01 3.000E+00
NAN NAN NAN 5.138E+00 1.170E-04 NAN 1.000E+00 2.644E+01 3.000E+00
NAN NAN NAN 5.138E+00 1.492E-04 NAN 1.000E+00 2.644E+01 3.000E+00
NAN NAN NAN 5.138E+00 2.080E-04 NAN 1.000E+00 2.644E+01 3.000E+00
NAN NAN NAN 5.138E+00 3.160E-04 NAN 1.000E+00 2.645E+01 3.000E+00
NAN NAN NAN 5.138E+00 5.139E-04 NAN 1.000E+00 2.646E+01 3.000E+00
NAN NAN NAN 5.138E+00 8.766E-04 NAN 1.000E+00 2.648E+01 3.000E+00
NAN NAN NAN 5.138E+00 1.541E-03 NAN 1.000E+00 2.653E+01 3.000E+00
NAN NAN NAN 5.138E+00 2.760E-03 NAN 1.000E+00 2.661E+01 3.000E+00
NAN NAN NAN 5.138E+00 4.994E-03 NAN 1.000E+00 2.675E+01 3.000E+00
