2.221E+07 3.302E+02 3.110E-01 5.137E-05 1.975E-05 2.339E+03 6.349E-01 7.023E+00 2.000E+00
6.790E+07 3.302E+02 3.110E-01 5.137E-05 1.979E-05 2.601E+03 6.349E-01 7.023E+00 2.000E+00
3.001E+07 8.212E+02 2.390E-01 5.137E-05 1.987E-05 1.383E+03 6.349E-01 7.023E+00 2.000E+00
1.466E+08 4.671E+02 2.863E-01 5.137E-05 2.001E-05 1.764E+03 6.349E-01 7.023E+00 2.000E+00
2.790E+07 6.233E+02 2.626E-01 5.137E-05 2.026E-05 1.521E+03 6.350E-01 7.023E+00 2.000E+00
2.299E+07 7.019E+02 2.525E-01 5.137E-05 2.072E-05 1.452E+03 6.350E-01 7.023E+00 2.000E+00
1.408E+08 6.646E+02 2.572E-01 5.137E-05 2.157E-05 1.482E+03 6.350E-01 7.023E+00 2.000E+00
2.684E+08 8.070E+02 2.405E-01 5.137E-05 2.312E-05 1.389E+03 6.351E-01 7.023E+00 2.000E+00
2.233E+07 3.420E+02 3.088E-01 5.137E-05 2.597E-05 2.255E+03 6.353E-01 7.023E+00 2.000E+00
2.869E+07 5.908E+02 2.672E-01 5.137E-05 3.119E-05 1.557E+03 6.355E-01 7.023E+00 2.000E+00
1.429E+07 5.183E+02 2.780E-01 5.137E-05 4.075E-05 1.661E+03 6.361E-01 7.024E+00 2.000E+00
1.312E+07 5.513E+02 2.730E-01 5.137E-05 5.828E-05 1.609E+03 6.370E-01 7.024E+00 2.000E+00
2.929E+08 5.295E+02 2.763E-01 5.137E-05 9.041E-05 1.643E+03 6.388E-01 7.025E+00 2.000E+00
3.223E+08 9.703E+02 2.248E-01 5.137E-05 1.493E-04 1.342E+03 6.420E-01 7.026E+00 2.000E+00
1.190E+07 7.045E+02 2.524E-01 5.137E-05 2.573E-04 1.457E+03 6.479E-01 7.029E+00 2.000E+00
9.147E+07 6.283E+02 2.625E-01 5.137E-05 4.551E-04 1.529E+03 6.586E-01 7.033E+00 2.000E+00
2.321E+07 3.078E+02 3.180E-01 5.137E-05 8.178E-04 2.459E+03 6.765E-01 7.041E+00 2.000E+00
3.015E+07 9.083E+02 2.315E-01 5.137E-05 1.483E-03 1.473E+03 7.089E-01 7.057E+00 2.000E+00
3.145E+07 4.138E+02 3.018E-01 5.137E-05 2.701E-03 1.904E+03 7.597E-01 7.085E+00 2.000E+00
1.412E+07 3.815E+02 3.141E-01 5.137E-05 4.935E-03 2.048E+03 8.313E-01 7.136E+00 2.000E+00
2.801E+07 8.212E+02 2.390E-01 6.498E-05 1.975E-05 1.383E+03 6.350E-01 7.023E+00 2.000E+00
3.362E+07 8.212E+02 2.390E-01 6.498E-05 1.979E-05 1.383E+03 6.350E-01 7.023E+00 2.000E+00
5.451E+07 8.212E+02 2.390E-01 6.498E-05 1.987E-05 1.391E+03 6.350E-01 7.023E+00 2.000E+00
2.074E+07 6.173E+02 2.634E-01 6.498E-05 2.001E-05 1.527E+03 6.350E-01 7.023E+00 2.000E+00
2.345E+07 8.781E+02 2.332E-01 6.498E-05 2.026E-05 1.360E+03 6.350E-01 7.023E+00 2.000E+00
5.895E+07 2.827E+02 3.200E-01 6.498E-05 2.072E-05 2.854E+03 6.350E-01 7.023E+00 2.000E+00
4.154E+07 2.927E+02 3.182E-01 6.498E-05 2.157E-05 2.711E+03 6.351E-01 7.023E+00 2.000E+00
8.126E+07 5.448E+02 2.739E-01 6.498E-05 2.312E-05 1.619E+03 6.352E-01 7.023E+00 2.000E+00
9.917E+07 9.948E+02 2.225E-01 6.498E-05 2.597E-05 1.328E+03 6.353E-01 7.023E+00 2.000E+00
1.576E+07 5.300E+02 2.762E-01 6.498E-05 3.119E-05 1.642E+03 6.356E-01 7.023E+00 2.000E+00
1.172E+07 2.580E+02 3.246E-01 6.498E-05 4.075E-05 3.363E+03 6.361E-01 7.024E+00 2.000E+00
3.769E+07 5.513E+02 2.730E-01 6.498E-05 5.828E-05 1.624E+03 6.371E-01 7.024E+00 2.000E+00
8.679E+07 7.107E+02 2.515E-01 6.498E-05 9.041E-05 1.448E+03 6.388E-01 7.025E+00 2.000E+00
1.407E+09 9.703E+02 2.248E-01 6.498E-05 1.493E-04 1.341E+03 6.420E-01 7.026E+00 2.000E+00
1.228E+07 2.935E+02 3.188E-01 6.498E-05 2.573E-04 2.669E+03 6.479E-01 7.029E+00 2.000E+00
2.850E+07 5.542E+02 2.732E-01 6.498E-05 4.551E-04 1.611E+03 6.587E-01 7.033E+00 2.000E+00
4.080E+07 3.013E+02 3.193E-01 6.498E-05 8.178E-04 2.519E+03 6.766E-01 7.041E+00 2.000E+00
3.739E+07 9.083E+02 2.315E-01 6.498E-05 1.483E-03 1.473E+03 7.090E-01 7.057E+00 2.000E+00
1.130E+08 5.019E+02 2.855E-01 6.498E-05 2.701E-03 1.744E+03 7.598E-01 7.085E+00 2.000E+00
3.192E+07 5.560E+02 2.801E-01 6.498E-05 4.935E-03 2.071E+03 8.314E-01 7.136E+00 2.000E+00
1.106E+08 4.671E+02 2.863E-01 8.219E-05 1.975E-05 1.764E+03 6.351E-01 7.023E+00 2.000E+00
9.767E+07 8.212E+02 2.390E-01 8.219E-05 1.979E-05 1.383E+03 6.351E-01 7.023E+00 2.000E+00
1.988E+07 6.173E+02 2.634E-01 8.219E-05 1.987E-05 1.529E+03 6.351E-01 7.023E+00 2.000E+00
2.384E+07 6.233E+02 2.626E-01 8.219E-05 2.001E-05 1.521E+03 6.351E-01 7.023E+00 2.000E+00
3.734E+09 5.498E+02 2.731E-01 8.219E-05 2.026E-05 1.611E+03 6.351E-01 7.023E+00 2.000E+00
3.771E+07 6.837E+02 2.547E-01 8.219E-05 2.072E-05 1.473E+03 6.351E-01 7.023E+00 2.000E+00
3.435E+08 6.551E+02 2.584E-01 8.219E-05 2.157E-05 1.491E+03 6.352E-01 7.023E+00 2.000E+00
4.951E+08 4.311E+02 2.924E-01 8.219E-05 2.312E-05 1.860E+03 6.353E-01 7.023E+00 2.000E+00
1.043E+08 9.948E+02 2.225E-01 8.219E-05 2.597E-05 1.330E+03 6.354E-01 7.023E+00 2.000E+00
3.130E+07 5.674E+02 2.705E-01 8.219E-05 3.119E-05 1.587E+03 6.357E-01 7.023E+00 2.000E+00
1.848E+07 8.382E+02 2.372E-01 8.219E-05 4.075E-05 1.376E+03 6.362E-01 7.024E+00 2.000E+00
2.471E+07 6.288E+02 2.619E-01 8.219E-05 5.828E-05 1.516E+03 6.372E-01 7.024E+00 2.000E+00
1.314E+08 7.296E+02 2.492E-01 8.219E-05 9.041E-05 1.435E+03 6.389E-01 7.025E+00 2.000E+00
5.016E+07 9.518E+02 2.264E-01 8.219E-05 1.493E-04 1.345E+03 6.421E-01 7.026E+00 2.000E+00
3.761E+07 7.045E+02 2.524E-01 8.219E-05 2.573E-04 1.458E+03 6.480E-01 7.029E+00 2.000E+00
8.833E+09 9.271E+02 2.289E-01 8.219E-05 4.551E-04 1.373E+03 6.588E-01 7.033E+00 2.000E+00
1.549E+07 9.532E+02 2.268E-01 8.219E-05 8.178E-04 1.396E+03 6.767E-01 7.041E+00 2.000E+00
6.233E+07 3.851E+02 3.044E-01 8.219E-05 1.483E-03 1.994E+03 7.091E-01 7.057E+00 2.000E+00
4.047E+07 5.392E+02 2.792E-01 8.219E-05 2.701E-03 1.702E+03 7.598E-01 7.085E+00 2.000E+00
2.234E+07 5.112E+02 2.878E-01 8.219E-05 4.935E-03 1.982E+03 8.314E-01 7.136E+00 2.000E+00
3.243E+07 6.173E+02 2.634E-01 1.040E-04 1.975E-05 1.527E+03 6.352E-01 7.023E+00 2.000E+00
7.027E+07 6.173E+02 2.634E-01 1.040E-04 1.979E-05 1.527E+03 6.352E-01 7.023E+00 2.000E+00
3.232E+07 6.233E+02 2.626E-01 1.040E-04 1.987E-05 1.521E+03 6.352E-01 7.023E+00 2.000E+00
2.500E+07 8.781E+02 2.332E-01 1.040E-04 2.001E-05 1.360E+03 6.352E-01 7.023E+00 2.000E+00
1.640E+07 7.019E+02 2.525E-01 1.040E-04 2.026E-05 1.453E+03 6.352E-01 7.023E+00 2.000E+00
1.752E+08 8.320E+02 2.379E-01 1.040E-04 2.072E-05 1.378E+03 6.352E-01 7.023E+00 2.000E+00
1.160E+07 3.177E+02 3.134E-01 1.040E-04 2.157E-05 2.442E+03 6.353E-01 7.023E+00 2.000E+00
7.780E+06 4.806E+02 2.840E-01 1.040E-04 2.312E-05 1.735E+03 6.354E-01 7.023E+00 2.000E+00
4.018E+07 4.191E+02 2.946E-01 1.040E-04 2.597E-05 1.898E+03 6.355E-01 7.023E+00 2.000E+00
4.289E+08 3.479E+02 3.077E-01 1.040E-04 3.119E-05 2.217E+03 6.358E-01 7.023E+00 2.000E+00
1.894E+07 6.399E+02 2.604E-01 1.040E-04 4.075E-05 1.505E+03 6.363E-01 7.024E+00 2.000E+00
5.943E+07 7.203E+02 2.503E-01 1.040E-04 5.828E-05 1.445E+03 6.373E-01 7.024E+00 2.000E+00
2.924E+07 3.534E+02 3.068E-01 1.040E-04 9.041E-05 2.182E+03 6.390E-01 7.025E+00 2.000E+00
7.052E+07 9.518E+02 2.264E-01 1.040E-04 1.493E-04 1.346E+03 6.422E-01 7.026E+00 2.000E+00
3.288E+07 6.911E+02 2.541E-01 1.040E-04 2.573E-04 1.467E+03 6.481E-01 7.029E+00 2.000E+00
1.560E+08 4.501E+02 2.901E-01 1.040E-04 4.551E-04 1.804E+03 6.589E-01 7.033E+00 2.000E+00
1.652E+07 9.532E+02 2.268E-01 1.040E-04 8.178E-04 1.397E+03 6.768E-01 7.041E+00 2.000E+00
1.447E+08 9.083E+02 2.315E-01 1.040E-04 1.483E-03 1.474E+03 7.092E-01 7.057E+00 2.000E+00
4.227E+07 7.692E+02 2.474E-01 1.040E-04 2.701E-03 1.649E+03 7.599E-01 7.085E+00 2.000E+00
8.916E+06 5.274E+02 2.850E-01 1.040E-04 4.935E-03 2.005E+03 8.315E-01 7.136E+00 2.000E+00
2.236E+07 8.781E+02 2.332E-01 1.315E-04 1.975E-05 1.369E+03 6.353E-01 7.023E+00 2.000E+00
2.430E+07 8.781E+02 2.332E-01 1.315E-04 1.979E-05 1.360E+03 6.353E-01 7.023E+00 2.000E+00
5.124E+08 5.498E+02 2.731E-01 1.315E-04 1.987E-05 1.611E+03 6.353E-01 7.023E+00 2.000E+00
6.424E+08 5.654E+02 2.708E-01 1.315E-04 2.001E-05 1.589E+03 6.353E-01 7.023E+00 2.000E+00
2.787E+08 7.019E+02 2.525E-01 1.315E-04 2.026E-05 1.452E+03 6.354E-01 7.023E+00 2.000E+00
8.007E+07 4.407E+02 2.908E-01 1.315E-04 2.072E-05 1.832E+03 6.354E-01 7.023E+00 2.000E+00
2.352E+07 8.918E+02 2.319E-01 1.315E-04 2.157E-05 1.355E+03 6.354E-01 7.023E+00 2.000E+00
1.363E+08 4.806E+02 2.840E-01 1.315E-04 2.312E-05 1.734E+03 6.355E-01 7.023E+00 2.000E+00
1.194E+08 4.841E+02 2.834E-01 1.315E-04 2.597E-05 1.727E+03 6.357E-01 7.023E+00 2.000E+00
1.233E+07 3.242E+02 3.122E-01 1.315E-04 3.119E-05 2.386E+03 6.359E-01 7.023E+00 2.000E+00
1.325E+08 8.382E+02 2.372E-01 1.315E-04 4.075E-05 1.379E+03 6.365E-01 7.024E+00 2.000E+00
1.108E+08 3.181E+02 3.135E-01 1.315E-04 5.828E-05 2.435E+03 6.374E-01 7.024E+00 2.000E+00
1.693E+07 6.895E+02 2.541E-01 1.315E-04 9.041E-05 1.464E+03 6.392E-01 7.025E+00 2.000E+00
1.518E+08 9.518E+02 2.264E-01 1.315E-04 1.493E-04 1.345E+03 6.424E-01 7.026E+00 2.000E+00
3.306E+07 6.468E+02 2.598E-01 1.315E-04 2.573E-04 1.504E+03 6.483E-01 7.029E+00 2.000E+00
4.422E+07 9.178E+02 2.298E-01 1.315E-04 4.551E-04 1.374E+03 6.590E-01 7.033E+00 2.000E+00
1.283E+07 3.091E+02 3.177E-01 1.315E-04 8.178E-04 2.448E+03 6.769E-01 7.041E+00 2.000E+00
8.549E+07 9.583E+02 2.268E-01 1.315E-04 1.483E-03 1.483E+03 7.093E-01 7.057E+00 2.000E+00
4.001E+07 7.679E+02 2.476E-01 1.315E-04 2.701E-03 1.649E+03 7.601E-01 7.085E+00 2.000E+00
6.250E+07 3.870E+02 3.128E-01 1.315E-04 4.935E-03 2.038E+03 8.316E-01 7.136E+00 2.000E+00
2.711E+07 2.827E+02 3.200E-01 1.663E-04 1.975E-05 2.855E+03 6.355E-01 7.023E+00 2.000E+00
2.315E+08 2.827E+02 3.200E-01 1.663E-04 1.979E-05 2.855E+03 6.355E-01 7.023E+00 2.000E+00
2.447E+07 7.019E+02 2.525E-01 1.663E-04 1.987E-05 1.452E+03 6.355E-01 7.023E+00 2.000E+00
1.278E+09 7.019E+02 2.525E-01 1.663E-04 2.001E-05 1.453E+03 6.355E-01 7.023E+00 2.000E+00
1.475E+08 8.320E+02 2.379E-01 1.663E-04 2.026E-05 1.378E+03 6.355E-01 7.023E+00 2.000E+00
1.543E+07 3.979E+02 2.984E-01 1.663E-04 2.072E-05 1.973E+03 6.355E-01 7.023E+00 2.000E+00
4.517E+07 8.918E+02 2.319E-01 1.663E-04 2.157E-05 1.358E+03 6.356E-01 7.023E+00 2.000E+00
3.527E+07 4.247E+02 2.936E-01 1.663E-04 2.312E-05 1.880E+03 6.357E-01 7.023E+00 2.000E+00
8.694E+07 4.337E+02 2.920E-01 1.663E-04 2.597E-05 1.852E+03 6.358E-01 7.023E+00 2.000E+00
2.375E+08 7.589E+02 2.458E-01 1.663E-04 3.119E-05 1.416E+03 6.361E-01 7.023E+00 2.000E+00
1.761E+08 7.068E+02 2.519E-01 1.663E-04 4.075E-05 1.450E+03 6.366E-01 7.024E+00 2.000E+00
1.488E+08 8.448E+02 2.366E-01 1.663E-04 5.828E-05 1.375E+03 6.376E-01 7.024E+00 2.000E+00
5.123E+07 6.145E+02 2.639E-01 1.663E-04 9.041E-05 1.532E+03 6.393E-01 7.025E+00 2.000E+00
3.794E+07 9.668E+02 2.251E-01 1.663E-04 1.493E-04 1.343E+03 6.426E-01 7.026E+00 2.000E+00
3.823E+07 6.298E+02 2.621E-01 1.663E-04 2.573E-04 1.520E+03 6.484E-01 7.029E+00 2.000E+00
1.621E+08 9.178E+02 2.298E-01 1.663E-04 4.551E-04 1.374E+03 6.592E-01 7.033E+00 2.000E+00
1.987E+07 7.218E+02 2.510E-01 1.663E-04 8.178E-04 1.469E+03 6.771E-01 7.041E+00 2.000E+00
2.742E+08 9.583E+02 2.268E-01 1.663E-04 1.483E-03 1.483E+03 7.095E-01 7.057E+00 2.000E+00
4.720E+07 4.728E+02 2.906E-01 1.663E-04 2.701E-03 1.787E+03 7.602E-01 7.085E+00 2.000E+00
9.992E+07 5.096E+02 2.881E-01 1.663E-04 4.935E-03 1.983E+03 8.318E-01 7.136E+00 2.000E+00
3.659E+07 6.837E+02 2.547E-01 2.104E-04 1.975E-05 1.466E+03 6.357E-01 7.023E+00 2.000E+00
6.937E+07 6.837E+02 2.547E-01 2.104E-04 1.979E-05 1.467E+03 6.357E-01 7.023E+00 2.000E+00
5.881E+07 8.320E+02 2.379E-01 2.104E-04 1.987E-05 1.379E+03 6.357E-01 7.023E+00 2.000E+00
1.131E+08 8.653E+02 2.345E-01 2.104E-04 2.001E-05 1.365E+03 6.357E-01 7.023E+00 2.000E+00
1.102E+09 2.927E+02 3.182E-01 2.104E-04 2.026E-05 2.712E+03 6.357E-01 7.023E+00 2.000E+00
1.573E+07 2.581E+02 3.245E-01 2.104E-04 2.072E-05 3.366E+03 6.358E-01 7.023E+00 2.000E+00
9.259E+07 8.767E+02 2.334E-01 2.104E-04 2.157E-05 1.361E+03 6.358E-01 7.023E+00 2.000E+00
1.057E+08 6.344E+02 2.611E-01 2.104E-04 2.312E-05 1.511E+03 6.359E-01 7.023E+00 2.000E+00
9.135E+07 5.714E+02 2.699E-01 2.104E-04 2.597E-05 1.582E+03 6.361E-01 7.023E+00 2.000E+00
4.551E+07 5.570E+02 2.721E-01 2.104E-04 3.119E-05 1.601E+03 6.363E-01 7.023E+00 2.000E+00
3.769E+07 9.046E+02 2.307E-01 2.104E-04 4.075E-05 1.353E+03 6.369E-01 7.024E+00 2.000E+00
3.235E+12 6.150E+02 2.638E-01 2.104E-04 5.828E-05 1.531E+03 6.378E-01 7.024E+00 2.000E+00
1.854E+08 3.415E+02 3.091E-01 2.104E-04 9.041E-05 2.255E+03 6.396E-01 7.025E+00 2.000E+00
2.055E+09 7.197E+02 2.505E-01 2.104E-04 1.493E-04 1.444E+03 6.428E-01 7.026E+00 2.000E+00
2.970E+07 4.786E+02 2.848E-01 2.104E-04 2.573E-04 1.738E+03 6.487E-01 7.029E+00 2.000E+00
2.591E+07 8.068E+02 2.409E-01 2.104E-04 4.551E-04 1.409E+03 6.594E-01 7.033E+00 2.000E+00
4.413E+07 6.691E+02 2.576E-01 2.104E-04 8.178E-04 1.504E+03 6.773E-01 7.041E+00 2.000E+00
2.090E+07 2.258E+02 3.369E-01 2.104E-04 1.483E-03 3.883E+03 7.097E-01 7.057E+00 2.000E+00
1.183E+09 6.945E+02 2.566E-01 2.104E-04 2.701E-03 1.632E+03 7.604E-01 7.085E+00 2.000E+00
1.960E+07 2.406E+02 3.494E-01 2.104E-04 4.935E-03 2.758E+03 8.319E-01 7.136E+00 2.000E+00
4.601E+07 2.887E+02 3.189E-01 2.661E-04 1.975E-05 2.766E+03 6.360E-01 7.023E+00 2.000E+00
8.501E+07 7.494E+02 2.469E-01 2.661E-04 1.979E-05 1.421E+03 6.360E-01 7.023E+00 2.000E+00
1.397E+07 3.979E+02 2.984E-01 2.661E-04 1.987E-05 1.975E+03 6.360E-01 7.023E+00 2.000E+00
3.169E+07 3.964E+02 2.986E-01 2.661E-04 2.001E-05 1.980E+03 6.360E-01 7.023E+00 2.000E+00
8.246E+07 2.581E+02 3.245E-01 2.661E-04 2.026E-05 3.366E+03 6.360E-01 7.023E+00 2.000E+00
3.065E+07 8.918E+02 2.319E-01 2.661E-04 2.072E-05 1.356E+03 6.360E-01 7.023E+00 2.000E+00
1.462E+08 8.000E+02 2.412E-01 2.661E-04 2.157E-05 1.394E+03 6.361E-01 7.023E+00 2.000E+00
6.558E+08 3.723E+02 3.031E-01 2.661E-04 2.312E-05 2.084E+03 6.362E-01 7.023E+00 2.000E+00
5.545E+07 8.163E+02 2.395E-01 2.661E-04 2.597E-05 1.386E+03 6.363E-01 7.023E+00 2.000E+00
1.299E+09 8.399E+02 2.370E-01 2.661E-04 3.119E-05 1.376E+03 6.366E-01 7.023E+00 2.000E+00
3.355E+07 8.172E+02 2.394E-01 2.661E-04 4.075E-05 1.386E+03 6.371E-01 7.024E+00 2.000E+00
1.962E+07 5.225E+02 2.774E-01 2.661E-04 5.828E-05 1.655E+03 6.381E-01 7.024E+00 2.000E+00
4.126E+07 5.662E+02 2.708E-01 2.661E-04 9.041E-05 1.590E+03 6.398E-01 7.025E+00 2.000E+00
1.808E+08 9.610E+02 2.256E-01 2.661E-04 1.493E-04 1.344E+03 6.430E-01 7.026E+00 2.000E+00
2.145E+08 7.988E+02 2.416E-01 2.661E-04 2.573E-04 1.406E+03 6.489E-01 7.029E+00 2.000E+00
2.887E+08 7.994E+02 2.417E-01 2.661E-04 4.551E-04 1.413E+03 6.597E-01 7.033E+00 2.000E+00
9.163E+07 9.328E+02 2.287E-01 2.661E-04 8.178E-04 1.400E+03 6.776E-01 7.041E+00 2.000E+00
1.761E+07 6.922E+02 2.554E-01 2.661E-04 1.483E-03 1.521E+03 7.100E-01 7.057E+00 2.000E+00
2.081E+07 6.846E+02 2.579E-01 2.661E-04 2.701E-03 1.632E+03 7.607E-01 7.085E+00 2.000E+00
3.917E+06 2.814E+02 3.385E-01 2.661E-04 4.935E-03 2.418E+03 8.322E-01 7.136E+00 2.000E+00
5.828E+07 6.101E+02 2.644E-01 3.366E-04 1.975E-05 1.535E+03 6.363E-01 7.023E+00 2.000E+00
9.577E+07 6.148E+02 2.638E-01 3.366E-04 1.979E-05 1.530E+03 6.363E-01 7.023E+00 2.000E+00
2.371E+07 6.069E+02 2.649E-01 3.366E-04 1.987E-05 1.539E+03 6.363E-01 7.023E+00 2.000E+00
2.065E+07 8.918E+02 2.319E-01 3.366E-04 2.001E-05 1.365E+03 6.364E-01 7.023E+00 2.000E+00
3.474E+07 8.918E+02 2.319E-01 3.366E-04 2.026E-05 1.357E+03 6.364E-01 7.023E+00 2.000E+00
4.243E+08 5.374E+02 2.750E-01 3.366E-04 2.072E-05 1.631E+03 6.364E-01 7.023E+00 2.000E+00
1.112E+08 3.008E+02 3.166E-01 3.366E-04 2.157E-05 2.613E+03 6.364E-01 7.023E+00 2.000E+00
5.293E+08 6.777E+02 2.555E-01 3.366E-04 2.312E-05 1.472E+03 6.365E-01 7.023E+00 2.000E+00
7.449E+07 7.300E+02 2.491E-01 3.366E-04 2.597E-05 1.434E+03 6.367E-01 7.023E+00 2.000E+00
5.403E+07 5.751E+02 2.694E-01 3.366E-04 3.119E-05 1.577E+03 6.370E-01 7.023E+00 2.000E+00
8.402E+07 4.542E+02 2.885E-01 3.366E-04 4.075E-05 1.796E+03 6.375E-01 7.024E+00 2.000E+00
2.981E+07 7.269E+02 2.495E-01 3.366E-04 5.828E-05 1.437E+03 6.384E-01 7.024E+00 2.000E+00
2.787E+07 3.045E+02 3.162E-01 3.366E-04 9.041E-05 2.564E+03 6.402E-01 7.025E+00 2.000E+00
2.367E+08 8.461E+02 2.365E-01 3.366E-04 1.493E-04 1.379E+03 6.434E-01 7.026E+00 2.000E+00
7.216E+07 8.759E+02 2.336E-01 3.366E-04 2.573E-04 1.375E+03 6.493E-01 7.029E+00 2.000E+00
5.632E+07 3.314E+02 3.121E-01 3.366E-04 4.551E-04 2.300E+03 6.601E-01 7.033E+00 2.000E+00
2.115E+08 5.127E+02 2.803E-01 3.366E-04 8.178E-04 1.679E+03 6.779E-01 7.041E+00 2.000E+00
2.653E+07 5.715E+02 2.722E-01 3.366E-04 1.483E-03 1.615E+03 7.103E-01 7.057E+00 2.000E+00
1.950E+07 6.942E+02 2.566E-01 3.366E-04 2.701E-03 1.632E+03 7.610E-01 7.085E+00 2.000E+00
1.920E+07 4.451E+02 3.005E-01 3.366E-04 4.935E-03 1.973E+03 8.325E-01 7.136E+00 2.000E+00
5.908E+07 8.918E+02 2.319E-01 4.257E-04 1.975E-05 1.357E+03 6.368E-01 7.023E+00 2.000E+00
7.541E+07 8.918E+02 2.319E-01 4.257E-04 1.979E-05 1.357E+03 6.368E-01 7.023E+00 2.000E+00
1.577E+08 8.918E+02 2.319E-01 4.257E-04 1.987E-05 1.360E+03 6.368E-01 7.023E+00 2.000E+00
1.108E+08 5.374E+02 2.750E-01 4.257E-04 2.001E-05 1.631E+03 6.368E-01 7.023E+00 2.000E+00
6.945E+07 4.472E+02 2.896E-01 4.257E-04 2.026E-05 1.816E+03 6.368E-01 7.023E+00 2.000E+00
4.168E+07 4.806E+02 2.840E-01 4.257E-04 2.072E-05 1.776E+03 6.368E-01 7.023E+00 2.000E+00
1.023E+08 6.408E+02 2.603E-01 4.257E-04 2.157E-05 1.507E+03 6.369E-01 7.023E+00 2.000E+00
2.804E+07 4.107E+02 2.961E-01 4.257E-04 2.312E-05 1.927E+03 6.370E-01 7.023E+00 2.000E+00
3.875E+07 9.837E+02 2.235E-01 4.257E-04 2.597E-05 1.332E+03 6.371E-01 7.023E+00 2.000E+00
1.155E+08 9.944E+02 2.226E-01 4.257E-04 3.119E-05 1.330E+03 6.374E-01 7.023E+00 2.000E+00
1.608E+08 6.687E+02 2.567E-01 4.257E-04 4.075E-05 1.480E+03 6.379E-01 7.024E+00 2.000E+00
2.996E+07 9.696E+02 2.248E-01 4.257E-04 5.828E-05 1.337E+03 6.389E-01 7.024E+00 2.000E+00
2.127E+07 9.323E+02 2.281E-01 4.257E-04 9.041E-05 1.348E+03 6.406E-01 7.025E+00 2.000E+00
1.679E+07 4.795E+02 2.844E-01 4.257E-04 1.493E-04 1.738E+03 6.438E-01 7.026E+00 2.000E+00
2.286E+08 3.883E+02 3.007E-01 4.257E-04 2.573E-04 2.024E+03 6.497E-01 7.029E+00 2.000E+00
1.422E+07 8.568E+02 2.357E-01 4.257E-04 4.551E-04 1.392E+03 6.605E-01 7.033E+00 2.000E+00
3.961E+07 9.497E+02 2.271E-01 4.257E-04 8.178E-04 1.399E+03 6.784E-01 7.041E+00 2.000E+00
4.827E+07 6.207E+02 2.650E-01 4.257E-04 1.483E-03 1.569E+03 7.107E-01 7.057E+00 2.000E+00
2.269E+07 5.240E+02 2.817E-01 4.257E-04 2.701E-03 1.720E+03 7.614E-01 7.085E+00 2.000E+00
6.352E+06 2.866E+02 3.372E-01 4.257E-04 4.935E-03 2.388E+03 8.328E-01 7.136E+00 2.000E+00
1.998E+07 3.006E+02 3.167E-01 5.385E-04 1.975E-05 2.615E+03 6.373E-01 7.023E+00 2.000E+00
1.443E+08 3.003E+02 3.167E-01 5.385E-04 1.979E-05 2.620E+03 6.373E-01 7.023E+00 2.000E+00
2.829E+07 4.092E+02 2.963E-01 5.385E-04 1.987E-05 1.932E+03 6.373E-01 7.023E+00 2.000E+00
2.208E+07 4.247E+02 2.936E-01 5.385E-04 2.001E-05 1.880E+03 6.374E-01 7.023E+00 2.000E+00
4.198E+08 4.775E+02 2.845E-01 5.385E-04 2.026E-05 1.742E+03 6.374E-01 7.023E+00 2.000E+00
3.599E+08 5.154E+02 2.784E-01 5.385E-04 2.072E-05 1.667E+03 6.374E-01 7.023E+00 2.000E+00
2.651E+08 6.683E+02 2.567E-01 5.385E-04 2.157E-05 1.480E+03 6.374E-01 7.023E+00 2.000E+00
1.257E+08 9.948E+02 2.225E-01 5.385E-04 2.312E-05 1.330E+03 6.375E-01 7.023E+00 2.000E+00
2.128E+07 6.680E+02 2.567E-01 5.385E-04 2.597E-05 1.489E+03 6.377E-01 7.023E+00 2.000E+00
1.274E+08 4.277E+02 2.931E-01 5.385E-04 3.119E-05 1.883E+03 6.380E-01 7.023E+00 2.000E+00
2.866E+07 7.811E+02 2.433E-01 5.385E-04 4.075E-05 1.405E+03 6.385E-01 7.024E+00 2.000E+00
2.774E+07 4.085E+02 2.965E-01 5.385E-04 5.828E-05 1.934E+03 6.394E-01 7.024E+00 2.000E+00
6.505E+07 4.243E+02 2.938E-01 5.385E-04 9.041E-05 1.881E+03 6.412E-01 7.025E+00 2.000E+00
9.337E+08 8.424E+02 2.369E-01 5.385E-04 1.493E-04 1.381E+03 6.444E-01 7.026E+00 2.000E+00
1.648E+07 6.908E+02 2.541E-01 5.385E-04 2.573E-04 1.470E+03 6.503E-01 7.029E+00 2.000E+00
2.712E+07 7.261E+02 2.501E-01 5.385E-04 4.551E-04 1.456E+03 6.611E-01 7.033E+00 2.000E+00
1.933E+08 6.601E+02 2.588E-01 5.385E-04 8.178E-04 1.514E+03 6.789E-01 7.041E+00 2.000E+00
6.259E+07 4.619E+02 2.901E-01 5.385E-04 1.483E-03 1.795E+03 7.113E-01 7.057E+00 2.000E+00
5.358E+07 7.547E+02 2.491E-01 5.385E-04 2.701E-03 1.649E+03 7.619E-01 7.085E+00 2.000E+00
5.363E+07 4.533E+02 2.988E-01 5.385E-04 4.935E-03 1.972E+03 8.333E-01 7.136E+00 2.000E+00
2.285E+07 5.228E+02 2.773E-01 6.811E-04 1.975E-05 1.656E+03 6.380E-01 7.023E+00 2.000E+00
4.568E+07 5.228E+02 2.773E-01 6.811E-04 1.979E-05 1.655E+03 6.380E-01 7.023E+00 2.000E+00
5.957E+07 9.948E+02 2.225E-01 6.811E-04 1.987E-05 1.331E+03 6.381E-01 7.023E+00 2.000E+00
2.487E+07 4.277E+02 2.930E-01 6.811E-04 2.001E-05 1.872E+03 6.381E-01 7.023E+00 2.000E+00
1.489E+07 6.675E+02 2.568E-01 6.811E-04 2.026E-05 1.491E+03 6.381E-01 7.023E+00 2.000E+00
8.277E+07 6.659E+02 2.570E-01 6.811E-04 2.072E-05 1.482E+03 6.381E-01 7.023E+00 2.000E+00
3.379E+07 5.959E+02 2.664E-01 6.811E-04 2.157E-05 1.552E+03 6.381E-01 7.023E+00 2.000E+00
5.464E+07 8.105E+02 2.401E-01 6.811E-04 2.312E-05 1.407E+03 6.382E-01 7.023E+00 2.000E+00
3.677E+07 7.877E+02 2.426E-01 6.811E-04 2.597E-05 1.402E+03 6.384E-01 7.023E+00 2.000E+00
1.973E+09 9.944E+02 2.226E-01 6.811E-04 3.119E-05 1.331E+03 6.387E-01 7.023E+00 2.000E+00
1.343E+08 3.962E+02 2.987E-01 6.811E-04 4.075E-05 1.980E+03 6.392E-01 7.024E+00 2.000E+00
2.184E+08 8.184E+02 2.393E-01 6.811E-04 5.828E-05 1.392E+03 6.401E-01 7.024E+00 2.000E+00
3.449E+08 5.222E+02 2.775E-01 6.811E-04 9.041E-05 1.656E+03 6.419E-01 7.025E+00 2.000E+00
6.225E+10 5.437E+02 2.743E-01 6.811E-04 1.493E-04 1.623E+03 6.451E-01 7.026E+00 2.000E+00
8.640E+07 5.383E+02 2.753E-01 6.811E-04 2.573E-04 1.632E+03 6.510E-01 7.029E+00 2.000E+00
2.537E+07 8.136E+02 2.402E-01 6.811E-04 4.551E-04 1.409E+03 6.618E-01 7.033E+00 2.000E+00
1.939E+07 8.376E+02 2.380E-01 6.811E-04 8.178E-04 1.422E+03 6.796E-01 7.041E+00 2.000E+00
8.089E+07 9.567E+02 2.270E-01 6.811E-04 1.483E-03 1.489E+03 7.119E-01 7.057E+00 2.000E+00
5.544E+09 4.734E+02 2.905E-01 6.811E-04 2.701E-03 1.789E+03 7.626E-01 7.085E+00 2.000E+00
1.821E+07 5.572E+02 2.799E-01 6.811E-04 4.935E-03 2.103E+03 8.338E-01 7.136E+00 2.000E+00
3.342E+07 7.896E+02 2.424E-01 8.615E-04 1.975E-05 1.401E+03 6.389E-01 7.023E+00 2.000E+00
4.459E+07 7.896E+02 2.424E-01 8.615E-04 1.979E-05 1.401E+03 6.389E-01 7.023E+00 2.000E+00
1.257E+08 7.896E+02 2.424E-01 8.615E-04 1.987E-05 1.404E+03 6.389E-01 7.023E+00 2.000E+00
4.496E+07 5.241E+02 2.771E-01 8.615E-04 2.001E-05 1.653E+03 6.390E-01 7.023E+00 2.000E+00
7.552E+07 4.214E+02 2.942E-01 8.615E-04 2.026E-05 1.892E+03 6.390E-01 7.023E+00 2.000E+00
2.956E+07 3.065E+02 3.156E-01 8.615E-04 2.072E-05 2.551E+03 6.390E-01 7.023E+00 2.000E+00
4.082E+07 8.163E+02 2.395E-01 8.615E-04 2.157E-05 1.392E+03 6.390E-01 7.023E+00 2.000E+00
4.391E+07 9.837E+02 2.235E-01 8.615E-04 2.312E-05 1.334E+03 6.391E-01 7.023E+00 2.000E+00
4.862E+07 7.589E+02 2.458E-01 8.615E-04 2.597E-05 1.418E+03 6.393E-01 7.023E+00 2.000E+00
4.413E+07 6.315E+02 2.615E-01 8.615E-04 3.119E-05 1.515E+03 6.396E-01 7.023E+00 2.000E+00
1.855E+07 6.099E+02 2.645E-01 8.615E-04 4.075E-05 1.579E+03 6.401E-01 7.024E+00 2.000E+00
3.258E+07 3.417E+02 3.090E-01 8.615E-04 5.828E-05 2.256E+03 6.410E-01 7.024E+00 2.000E+00
5.247E+07 5.279E+02 2.766E-01 8.615E-04 9.041E-05 1.648E+03 6.428E-01 7.025E+00 2.000E+00
1.001E+08 5.252E+02 2.771E-01 8.615E-04 1.493E-04 1.653E+03 6.460E-01 7.026E+00 2.000E+00
4.048E+07 3.343E+02 3.110E-01 8.615E-04 2.573E-04 2.294E+03 6.519E-01 7.029E+00 2.000E+00
4.154E+07 7.006E+02 2.532E-01 8.615E-04 4.551E-04 1.470E+03 6.627E-01 7.033E+00 2.000E+00
1.926E+09 7.434E+02 2.484E-01 8.615E-04 8.178E-04 1.461E+03 6.805E-01 7.041E+00 2.000E+00
3.938E+07 9.208E+02 2.303E-01 8.615E-04 1.483E-03 1.485E+03 7.128E-01 7.057E+00 2.000E+00
5.797E+07 7.980E+02 2.441E-01 8.615E-04 2.701E-03 1.685E+03 7.634E-01 7.085E+00 2.000E+00
3.770E+07 3.407E+02 3.236E-01 8.615E-04 4.935E-03 2.157E+03 8.346E-01 7.136E+00 2.000E+00
2.176E+07 8.163E+02 2.395E-01 1.090E-03 1.975E-05 1.389E+03 6.401E-01 7.023E+00 2.000E+00
2.493E+07 8.163E+02 2.395E-01 1.090E-03 1.979E-05 1.389E+03 6.401E-01 7.023E+00 2.000E+00
3.454E+07 8.163E+02 2.395E-01 1.090E-03 1.987E-05 1.417E+03 6.401E-01 7.023E+00 2.000E+00
1.490E+08 8.163E+02 2.395E-01 1.090E-03 2.001E-05 1.389E+03 6.401E-01 7.023E+00 2.000E+00
4.380E+07 6.400E+02 2.604E-01 1.090E-03 2.026E-05 1.507E+03 6.401E-01 7.023E+00 2.000E+00
5.585E+07 3.124E+02 3.144E-01 1.090E-03 2.072E-05 2.492E+03 6.401E-01 7.023E+00 2.000E+00
4.566E+07 9.837E+02 2.235E-01 1.090E-03 2.157E-05 1.335E+03 6.402E-01 7.023E+00 2.000E+00
2.891E+09 7.692E+02 2.446E-01 1.090E-03 2.312E-05 1.413E+03 6.403E-01 7.023E+00 2.000E+00
3.233E+07 8.540E+02 2.356E-01 1.090E-03 2.597E-05 1.373E+03 6.404E-01 7.023E+00 2.000E+00
4.271E+07 6.690E+02 2.566E-01 1.090E-03 3.119E-05 1.481E+03 6.407E-01 7.023E+00 2.000E+00
1.913E+08 3.597E+02 3.055E-01 1.090E-03 4.075E-05 2.150E+03 6.412E-01 7.024E+00 2.000E+00
3.334E+07 9.485E+02 2.266E-01 1.090E-03 5.828E-05 1.345E+03 6.422E-01 7.024E+00 2.000E+00
2.976E+07 7.098E+02 2.516E-01 1.090E-03 9.041E-05 1.452E+03 6.439E-01 7.025E+00 2.000E+00
1.195E+08 8.686E+02 2.343E-01 1.090E-03 1.493E-04 1.374E+03 6.471E-01 7.026E+00 2.000E+00
2.110E+07 5.732E+02 2.700E-01 1.090E-03 2.573E-04 1.585E+03 6.530E-01 7.029E+00 2.000E+00
1.129E+08 6.716E+02 2.568E-01 1.090E-03 4.551E-04 1.493E+03 6.638E-01 7.033E+00 2.000E+00
3.805E+08 5.382E+02 2.762E-01 1.090E-03 8.178E-04 1.642E+03 6.816E-01 7.041E+00 2.000E+00
1.329E+08 9.559E+02 2.271E-01 1.090E-03 1.483E-03 1.494E+03 7.139E-01 7.057E+00 2.000E+00
1.289E+07 4.535E+02 2.941E-01 1.090E-03 2.701E-03 1.827E+03 7.645E-01 7.085E+00 2.000E+00
3.379E+07 5.392E+02 2.829E-01 1.090E-03 4.935E-03 2.063E+03 8.355E-01 7.136E+00 2.000E+00
5.140E+08 6.672E+02 2.568E-01 1.378E-03 1.975E-05 1.483E+03 6.415E-01 7.023E+00 2.000E+00
1.893E+08 6.747E+02 2.559E-01 1.378E-03 1.979E-05 1.477E+03 6.415E-01 7.023E+00 2.000E+00
2.138E+07 5.147E+02 2.785E-01 1.378E-03 1.987E-05 1.671E+03 6.415E-01 7.023E+00 2.000E+00
6.924E+08 5.014E+02 2.806E-01 1.378E-03 2.001E-05 1.695E+03 6.415E-01 7.023E+00 2.000E+00
2.000E+07 3.047E+02 3.159E-01 1.378E-03 2.026E-05 2.571E+03 6.415E-01 7.023E+00 2.000E+00
2.046E+08 7.245E+02 2.498E-01 1.378E-03 2.072E-05 1.440E+03 6.415E-01 7.023E+00 2.000E+00
4.215E+07 6.485E+02 2.593E-01 1.378E-03 2.157E-05 1.500E+03 6.416E-01 7.023E+00 2.000E+00
3.705E+08 5.751E+02 2.694E-01 1.378E-03 2.312E-05 1.580E+03 6.417E-01 7.023E+00 2.000E+00
6.036E+08 9.944E+02 2.226E-01 1.378E-03 2.597E-05 1.335E+03 6.418E-01 7.023E+00 2.000E+00
1.505E+07 8.382E+02 2.372E-01 1.378E-03 3.119E-05 1.381E+03 6.421E-01 7.023E+00 2.000E+00
2.208E+07 5.698E+02 2.702E-01 1.378E-03 4.075E-05 1.588E+03 6.426E-01 7.024E+00 2.000E+00
1.663E+08 4.600E+02 2.875E-01 1.378E-03 5.828E-05 1.784E+03 6.436E-01 7.024E+00 2.000E+00
2.079E+07 3.425E+02 3.089E-01 1.378E-03 9.041E-05 2.250E+03 6.453E-01 7.025E+00 2.000E+00
2.604E+07 7.450E+02 2.475E-01 1.378E-03 1.493E-04 1.435E+03 6.486E-01 7.026E+00 2.000E+00
1.386E+08 8.822E+02 2.330E-01 1.378E-03 2.573E-04 1.377E+03 6.544E-01 7.029E+00 2.000E+00
2.390E+07 9.556E+02 2.263E-01 1.378E-03 4.551E-04 1.373E+03 6.652E-01 7.033E+00 2.000E+00
8.710E+07 2.896E+02 3.216E-01 1.378E-03 8.178E-04 2.646E+03 6.830E-01 7.042E+00 2.000E+00
3.385E+08 5.794E+02 2.710E-01 1.378E-03 1.483E-03 1.612E+03 7.152E-01 7.057E+00 2.000E+00
8.992E+06 5.932E+02 2.707E-01 1.378E-03 2.701E-03 1.671E+03 7.658E-01 7.085E+00 2.000E+00
1.587E+07 2.918E+02 3.358E-01 1.378E-03 4.935E-03 2.365E+03 8.366E-01 7.136E+00 2.000E+00
2.166E+07 3.478E+02 3.077E-01 1.743E-03 1.975E-05 2.220E+03 6.433E-01 7.023E+00 2.000E+00
8.392E+07 9.646E+02 2.252E-01 1.743E-03 1.979E-05 1.343E+03 6.433E-01 7.023E+00 2.000E+00
1.019E+08 9.646E+02 2.252E-01 1.743E-03 1.987E-05 1.342E+03 6.433E-01 7.023E+00 2.000E+00
1.718E+07 6.232E+02 2.626E-01 1.743E-03 2.001E-05 1.525E+03 6.433E-01 7.023E+00 2.000E+00
6.724E+07 5.751E+02 2.694E-01 1.743E-03 2.026E-05 1.580E+03 6.433E-01 7.023E+00 2.000E+00
5.706E+07 8.389E+02 2.371E-01 1.743E-03 2.072E-05 1.381E+03 6.434E-01 7.023E+00 2.000E+00
7.973E+07 2.886E+02 3.190E-01 1.743E-03 2.157E-05 2.768E+03 6.434E-01 7.023E+00 2.000E+00
4.959E+07 5.227E+02 2.773E-01 1.743E-03 2.312E-05 1.658E+03 6.435E-01 7.023E+00 2.000E+00
4.098E+07 9.173E+02 2.295E-01 1.743E-03 2.597E-05 1.355E+03 6.436E-01 7.023E+00 2.000E+00
1.233E+08 5.569E+02 2.721E-01 1.743E-03 3.119E-05 1.605E+03 6.439E-01 7.023E+00 2.000E+00
5.120E+07 9.169E+02 2.295E-01 1.743E-03 4.075E-05 1.356E+03 6.444E-01 7.024E+00 2.000E+00
2.682E+08 7.491E+02 2.469E-01 1.743E-03 5.828E-05 1.427E+03 6.454E-01 7.024E+00 2.000E+00
6.259E+07 8.602E+02 2.350E-01 1.743E-03 9.041E-05 1.377E+03 6.472E-01 7.025E+00 2.000E+00
8.680E+07 6.827E+02 2.550E-01 1.743E-03 1.493E-04 1.476E+03 6.504E-01 7.026E+00 2.000E+00
3.526E+07 4.717E+02 2.860E-01 1.743E-03 2.573E-04 1.757E+03 6.562E-01 7.029E+00 2.000E+00
4.377E+07 8.919E+02 2.322E-01 1.743E-03 4.551E-04 1.389E+03 6.670E-01 7.033E+00 2.000E+00
5.553E+07 7.756E+02 2.447E-01 1.743E-03 8.178E-04 1.449E+03 6.848E-01 7.042E+00 2.000E+00
1.109E+08 6.450E+02 2.616E-01 1.743E-03 1.483E-03 1.558E+03 7.170E-01 7.057E+00 2.000E+00
1.209E+08 8.206E+02 2.416E-01 1.743E-03 2.701E-03 1.734E+03 7.674E-01 7.085E+00 2.000E+00
2.451E+08 4.948E+02 2.908E-01 1.743E-03 4.935E-03 2.006E+03 8.381E-01 7.136E+00 2.000E+00
3.193E+08 9.944E+02 2.226E-01 2.205E-03 1.975E-05 1.338E+03 6.456E-01 7.023E+00 2.000E+00
3.394E+08 9.944E+02 2.226E-01 2.205E-03 1.979E-05 1.338E+03 6.456E-01 7.023E+00 2.000E+00
3.837E+08 9.944E+02 2.226E-01 2.205E-03 1.987E-05 1.339E+03 6.456E-01 7.023E+00 2.000E+00
5.050E+08 9.944E+02 2.226E-01 2.205E-03 2.001E-05 1.338E+03 6.456E-01 7.023E+00 2.000E+00
1.211E+09 9.944E+02 2.226E-01 2.205E-03 2.026E-05 1.338E+03 6.456E-01 7.023E+00 2.000E+00
7.848E+07 9.739E+02 2.243E-01 2.205E-03 2.072E-05 1.342E+03 6.456E-01 7.023E+00 2.000E+00
4.113E+07 7.643E+02 2.452E-01 2.205E-03 2.157E-05 1.419E+03 6.457E-01 7.023E+00 2.000E+00
5.802E+08 9.239E+02 2.289E-01 2.205E-03 2.312E-05 1.355E+03 6.458E-01 7.023E+00 2.000E+00
1.587E+07 5.379E+02 2.749E-01 2.205E-03 2.597E-05 1.634E+03 6.459E-01 7.023E+00 2.000E+00
2.960E+07 5.226E+02 2.773E-01 2.205E-03 3.119E-05 1.659E+03 6.462E-01 7.023E+00 2.000E+00
3.857E+07 9.361E+02 2.277E-01 2.205E-03 4.075E-05 1.353E+03 6.467E-01 7.024E+00 2.000E+00
3.225E+07 2.730E+02 3.220E-01 2.205E-03 5.828E-05 3.021E+03 6.477E-01 7.024E+00 2.000E+00
1.128E+07 9.084E+02 2.304E-01 2.205E-03 9.041E-05 1.363E+03 6.494E-01 7.025E+00 2.000E+00
1.189E+08 9.738E+02 2.245E-01 2.205E-03 1.493E-04 1.351E+03 6.526E-01 7.026E+00 2.000E+00
3.499E+08 8.419E+02 2.371E-01 2.205E-03 2.573E-04 1.394E+03 6.585E-01 7.029E+00 2.000E+00
7.617E+07 4.179E+02 2.958E-01 2.205E-03 4.551E-04 1.899E+03 6.693E-01 7.033E+00 2.000E+00
8.684E+06 5.307E+02 2.774E-01 2.205E-03 8.178E-04 1.656E+03 6.870E-01 7.042E+00 2.000E+00
1.484E+08 6.336E+02 2.632E-01 2.205E-03 1.483E-03 1.568E+03 7.192E-01 7.057E+00 2.000E+00
1.568E+07 8.439E+02 2.391E-01 2.205E-03 2.701E-03 1.797E+03 7.695E-01 7.085E+00 2.000E+00
5.924E+06 4.450E+02 3.005E-01 2.205E-03 4.935E-03 2.002E+03 8.399E-01 7.136E+00 2.000E+00
4.034E+07 2.791E+02 3.207E-01 2.789E-03 1.975E-05 2.915E+03 6.485E-01 7.023E+00 2.000E+00
1.320E+07 2.765E+02 3.212E-01 2.789E-03 1.979E-05 2.960E+03 6.485E-01 7.023E+00 2.000E+00
5.168E+07 2.765E+02 3.212E-01 2.789E-03 1.987E-05 2.959E+03 6.485E-01 7.023E+00 2.000E+00
1.707E+07 6.448E+02 2.597E-01 2.789E-03 2.001E-05 1.507E+03 6.485E-01 7.023E+00 2.000E+00
1.595E+07 6.399E+02 2.604E-01 2.789E-03 2.026E-05 1.512E+03 6.485E-01 7.023E+00 2.000E+00
1.340E+09 4.667E+02 2.863E-01 2.789E-03 2.072E-05 1.771E+03 6.485E-01 7.023E+00 2.000E+00
9.721E+07 8.875E+02 2.323E-01 2.789E-03 2.157E-05 1.369E+03 6.486E-01 7.023E+00 2.000E+00
6.165E+07 9.028E+02 2.308E-01 2.789E-03 2.312E-05 1.363E+03 6.487E-01 7.023E+00 2.000E+00
6.426E+08 3.668E+02 3.041E-01 2.789E-03 2.597E-05 2.116E+03 6.488E-01 7.023E+00 2.000E+00
2.578E+09 5.986E+02 2.661E-01 2.789E-03 3.119E-05 1.555E+03 6.491E-01 7.023E+00 2.000E+00
6.002E+07 9.588E+02 2.257E-01 2.789E-03 4.075E-05 1.350E+03 6.496E-01 7.024E+00 2.000E+00
1.948E+07 3.002E+02 3.169E-01 2.789E-03 5.828E-05 2.618E+03 6.506E-01 7.024E+00 2.000E+00
9.162E+07 6.479E+02 2.594E-01 2.789E-03 9.041E-05 1.506E+03 6.523E-01 7.025E+00 2.000E+00
1.762E+07 5.002E+02 2.811E-01 2.789E-03 1.493E-04 1.701E+03 6.555E-01 7.026E+00 2.000E+00
9.834E+07 3.460E+02 3.087E-01 2.789E-03 2.573E-04 2.221E+03 6.614E-01 7.029E+00 2.000E+00
2.047E+07 6.896E+02 2.545E-01 2.789E-03 4.551E-04 1.484E+03 6.722E-01 7.033E+00 2.000E+00
2.305E+09 4.769E+02 2.862E-01 2.789E-03 8.178E-04 1.751E+03 6.899E-01 7.042E+00 2.000E+00
2.587E+07 5.404E+02 2.770E-01 2.789E-03 1.483E-03 1.665E+03 7.219E-01 7.057E+00 2.000E+00
5.210E+07 4.461E+02 2.955E-01 2.789E-03 2.701E-03 1.880E+03 7.722E-01 7.085E+00 2.000E+00
9.663E+07 4.879E+02 2.921E-01 2.789E-03 4.935E-03 2.025E+03 8.423E-01 7.136E+00 2.000E+00
2.607E+08 9.082E+02 2.303E-01 3.528E-03 1.975E-05 1.365E+03 6.521E-01 7.023E+00 2.000E+00
2.303E+07 8.611E+02 2.349E-01 3.528E-03 1.979E-05 1.381E+03 6.521E-01 7.023E+00 2.000E+00
9.272E+06 6.151E+02 2.637E-01 3.528E-03 1.987E-05 1.573E+03 6.521E-01 7.023E+00 2.000E+00
2.433E+07 4.454E+02 2.900E-01 3.528E-03 2.001E-05 1.826E+03 6.522E-01 7.023E+00 2.000E+00
6.492E+07 3.657E+02 3.043E-01 3.528E-03 2.026E-05 2.123E+03 6.522E-01 7.023E+00 2.000E+00
4.234E+07 5.226E+02 2.773E-01 3.528E-03 2.072E-05 1.662E+03 6.522E-01 7.023E+00 2.000E+00
7.297E+07 3.436E+02 3.085E-01 3.528E-03 2.157E-05 2.252E+03 6.522E-01 7.023E+00 2.000E+00
5.953E+07 8.652E+02 2.345E-01 3.528E-03 2.312E-05 1.381E+03 6.523E-01 7.023E+00 2.000E+00
4.810E+07 8.773E+02 2.333E-01 3.528E-03 2.597E-05 1.375E+03 6.525E-01 7.023E+00 2.000E+00
4.304E+07 6.745E+02 2.559E-01 3.528E-03 3.119E-05 1.484E+03 6.528E-01 7.024E+00 2.000E+00
4.608E+07 8.318E+02 2.379E-01 3.528E-03 4.075E-05 1.392E+03 6.533E-01 7.024E+00 2.000E+00
8.252E+08 9.413E+02 2.273E-01 3.528E-03 5.828E-05 1.362E+03 6.542E-01 7.024E+00 2.000E+00
2.451E+08 6.010E+02 2.658E-01 3.528E-03 9.041E-05 1.555E+03 6.560E-01 7.025E+00 2.000E+00
3.883E+07 9.785E+02 2.240E-01 3.528E-03 1.493E-04 1.358E+03 6.592E-01 7.026E+00 2.000E+00
2.674E+08 2.870E+02 3.201E-01 3.528E-03 2.573E-04 2.756E+03 6.651E-01 7.029E+00 2.000E+00
1.312E+08 8.250E+02 2.390E-01 3.528E-03 4.551E-04 1.417E+03 6.758E-01 7.033E+00 2.000E+00
1.234E+07 7.949E+02 2.426E-01 3.528E-03 8.178E-04 1.451E+03 6.935E-01 7.042E+00 2.000E+00
9.082E+07 6.827E+02 2.567E-01 3.528E-03 1.483E-03 1.545E+03 7.255E-01 7.057E+00 2.000E+00
4.879E+07 3.413E+02 3.169E-01 3.528E-03 2.701E-03 2.163E+03 7.756E-01 7.085E+00 2.000E+00
6.874E+07 3.935E+02 3.114E-01 3.528E-03 4.935E-03 2.066E+03 8.452E-01 7.136E+00 2.000E+00
1.787E+07 8.766E+02 2.334E-01 4.462E-03 1.975E-05 1.379E+03 6.568E-01 7.023E+00 2.000E+00
1.902E+07 8.766E+02 2.334E-01 4.462E-03 1.979E-05 1.379E+03 6.568E-01 7.023E+00 2.000E+00
2.164E+07 8.766E+02 2.334E-01 4.462E-03 1.987E-05 1.379E+03 6.568E-01 7.023E+00 2.000E+00
4.907E+07 3.240E+02 3.122E-01 4.462E-03 2.001E-05 2.394E+03 6.568E-01 7.023E+00 2.000E+00
1.155E+08 8.766E+02 2.334E-01 4.462E-03 2.026E-05 1.392E+03 6.568E-01 7.023E+00 2.000E+00
5.032E+08 6.357E+02 2.610E-01 4.462E-03 2.072E-05 1.521E+03 6.568E-01 7.023E+00 2.000E+00
5.782E+07 7.492E+02 2.469E-01 4.462E-03 2.157E-05 1.436E+03 6.569E-01 7.023E+00 2.000E+00
6.443E+07 4.803E+02 2.841E-01 4.462E-03 2.312E-05 1.746E+03 6.570E-01 7.023E+00 2.000E+00
4.559E+07 8.573E+02 2.353E-01 4.462E-03 2.597E-05 1.386E+03 6.571E-01 7.023E+00 2.000E+00
2.950E+09 9.731E+02 2.244E-01 4.462E-03 3.119E-05 1.357E+03 6.574E-01 7.024E+00 2.000E+00
5.365E+07 5.594E+02 2.717E-01 4.462E-03 4.075E-05 1.609E+03 6.579E-01 7.024E+00 2.000E+00
7.145E+07 9.128E+02 2.299E-01 4.462E-03 5.828E-05 1.370E+03 6.589E-01 7.024E+00 2.000E+00
1.964E+07 9.182E+02 2.294E-01 4.462E-03 9.041E-05 1.371E+03 6.606E-01 7.025E+00 2.000E+00
4.574E+07 4.949E+02 2.819E-01 4.462E-03 1.493E-04 1.715E+03 6.638E-01 7.026E+00 2.000E+00
4.484E+07 5.887E+02 2.678E-01 4.462E-03 2.573E-04 1.576E+03 6.697E-01 7.029E+00 2.000E+00
1.370E+07 8.776E+02 2.336E-01 4.462E-03 4.551E-04 1.406E+03 6.804E-01 7.033E+00 2.000E+00
2.492E+07 5.884E+02 2.687E-01 4.462E-03 8.178E-04 1.591E+03 6.980E-01 7.042E+00 2.000E+00
1.407E+07 5.556E+02 2.746E-01 4.462E-03 1.483E-03 1.695E+03 7.299E-01 7.057E+00 2.000E+00
2.171E+08 4.533E+02 2.942E-01 4.462E-03 2.701E-03 1.843E+03 7.799E-01 7.085E+00 2.000E+00
3.863E+07 4.151E+02 3.067E-01 4.462E-03 4.935E-03 2.054E+03 8.490E-01 7.136E+00 2.000E+00
3.094E+08 7.160E+02 2.508E-01 5.644E-03 1.975E-05 1.460E+03 6.626E-01 7.023E+00 2.000E+00
3.118E+07 9.588E+02 2.257E-01 5.644E-03 1.979E-05 1.363E+03 6.626E-01 7.023E+00 2.000E+00
3.342E+07 9.588E+02 2.257E-01 5.644E-03 1.987E-05 1.363E+03 6.626E-01 7.023E+00 2.000E+00
3.862E+07 9.588E+02 2.257E-01 5.644E-03 2.001E-05 1.364E+03 6.626E-01 7.023E+00 2.000E+00
2.603E+07 4.894E+02 2.826E-01 5.644E-03 2.026E-05 1.728E+03 6.626E-01 7.023E+00 2.000E+00
2.215E+07 4.538E+02 2.885E-01 5.644E-03 2.072E-05 1.809E+03 6.627E-01 7.023E+00 2.000E+00
2.829E+08 5.985E+02 2.661E-01 5.644E-03 2.157E-05 1.563E+03 6.627E-01 7.023E+00 2.000E+00
4.463E+07 9.611E+02 2.255E-01 5.644E-03 2.312E-05 1.363E+03 6.628E-01 7.023E+00 2.000E+00
2.154E+08 3.776E+02 3.022E-01 5.644E-03 2.597E-05 2.068E+03 6.630E-01 7.023E+00 2.000E+00
1.291E+08 5.523E+02 2.728E-01 5.644E-03 3.119E-05 1.655E+03 6.632E-01 7.024E+00 2.000E+00
7.625E+07 7.997E+02 2.413E-01 5.644E-03 4.075E-05 1.415E+03 6.638E-01 7.024E+00 2.000E+00
4.432E+08 7.582E+02 2.459E-01 5.644E-03 5.828E-05 1.437E+03 6.647E-01 7.024E+00 2.000E+00
1.553E+07 3.650E+02 3.047E-01 5.644E-03 9.041E-05 2.127E+03 6.665E-01 7.025E+00 2.000E+00
2.626E+08 4.860E+02 2.834E-01 5.644E-03 1.493E-04 1.744E+03 6.697E-01 7.026E+00 2.000E+00
3.741E+07 9.189E+02 2.295E-01 5.644E-03 2.573E-04 1.389E+03 6.756E-01 7.029E+00 2.000E+00
3.935E+07 7.925E+02 2.425E-01 5.644E-03 4.551E-04 1.440E+03 6.861E-01 7.033E+00 2.000E+00
1.608E+08 3.242E+02 3.147E-01 5.644E-03 8.178E-04 2.338E+03 7.038E-01 7.042E+00 2.000E+00
4.745E+07 5.327E+02 2.782E-01 5.644E-03 1.483E-03 1.685E+03 7.355E-01 7.057E+00 2.000E+00
1.495E+08 7.593E+02 2.486E-01 5.644E-03 2.701E-03 1.757E+03 7.853E-01 7.085E+00 2.000E+00
3.554E+07 3.118E+02 3.308E-01 5.644E-03 4.935E-03 2.395E+03 8.537E-01 7.136E+00 2.000E+00
4.550E+07 5.624E+02 2.713E-01 7.139E-03 1.975E-05 1.611E+03 6.700E-01 7.023E+00 2.000E+00
6.878E+08 5.624E+02 2.713E-01 7.139E-03 1.979E-05 1.611E+03 6.700E-01 7.023E+00 2.000E+00
4.195E+08 4.845E+02 2.834E-01 7.139E-03 1.987E-05 1.742E+03 6.700E-01 7.023E+00 2.000E+00
5.023E+07 4.662E+02 2.864E-01 7.139E-03 2.001E-05 1.782E+03 6.700E-01 7.023E+00 2.000E+00
6.410E+07 4.537E+02 2.886E-01 7.139E-03 2.026E-05 1.813E+03 6.701E-01 7.023E+00 2.000E+00
2.142E+07 4.666E+02 2.864E-01 7.139E-03 2.072E-05 1.781E+03 6.701E-01 7.023E+00 2.000E+00
3.304E+07 3.475E+02 3.078E-01 7.139E-03 2.157E-05 2.232E+03 6.701E-01 7.023E+00 2.000E+00
1.009E+08 3.122E+02 3.145E-01 7.139E-03 2.312E-05 2.502E+03 6.702E-01 7.023E+00 2.000E+00
1.352E+09 7.088E+02 2.517E-01 7.139E-03 2.597E-05 1.470E+03 6.704E-01 7.023E+00 2.000E+00
2.541E+07 7.082E+02 2.517E-01 7.139E-03 3.119E-05 1.471E+03 6.706E-01 7.024E+00 2.000E+00
6.709E+07 7.014E+02 2.526E-01 7.139E-03 4.075E-05 1.476E+03 6.712E-01 7.024E+00 2.000E+00
1.967E+09 4.596E+02 2.876E-01 7.139E-03 5.828E-05 1.798E+03 6.721E-01 7.024E+00 2.000E+00
2.407E+07 3.589E+02 3.058E-01 7.139E-03 9.041E-05 2.162E+03 6.739E-01 7.025E+00 2.000E+00
2.098E+07 5.894E+02 2.675E-01 7.139E-03 1.493E-04 1.580E+03 6.771E-01 7.026E+00 2.000E+00
2.902E+07 2.627E+02 3.248E-01 7.139E-03 2.573E-04 3.179E+03 6.830E-01 7.029E+00 2.000E+00
1.553E+08 7.665E+02 2.454E-01 7.139E-03 4.551E-04 1.461E+03 6.934E-01 7.033E+00 2.000E+00
1.620E+07 9.661E+02 2.256E-01 7.139E-03 8.178E-04 1.458E+03 7.111E-01 7.042E+00 2.000E+00
1.211E+07 5.227E+02 2.798E-01 7.139E-03 1.483E-03 1.704E+03 7.426E-01 7.057E+00 2.000E+00
1.230E+08 7.924E+02 2.447E-01 7.139E-03 2.701E-03 1.868E+03 7.921E-01 7.085E+00 2.000E+00
4.810E+06 3.452E+02 3.226E-01 7.139E-03 4.935E-03 2.204E+03 8.597E-01 7.136E+00 2.000E+00
1.255E+08 9.150E+02 2.297E-01 9.029E-03 1.975E-05 1.391E+03 6.794E-01 7.023E+00 2.000E+00
1.991E+08 9.150E+02 2.297E-01 9.029E-03 1.979E-05 1.391E+03 6.794E-01 7.023E+00 2.000E+00
6.075E+08 9.238E+02 2.289E-01 9.029E-03 1.987E-05 1.389E+03 6.794E-01 7.023E+00 2.000E+00
1.751E+09 3.200E+02 3.131E-01 9.029E-03 2.001E-05 2.435E+03 6.794E-01 7.023E+00 2.000E+00
5.554E+07 5.983E+02 2.661E-01 9.029E-03 2.026E-05 1.574E+03 6.794E-01 7.023E+00 2.000E+00
9.321E+07 4.270E+02 2.932E-01 9.029E-03 2.072E-05 1.891E+03 6.794E-01 7.023E+00 2.000E+00
1.023E+08 4.732E+02 2.853E-01 9.029E-03 2.157E-05 1.771E+03 6.795E-01 7.023E+00 2.000E+00
4.990E+07 4.082E+02 2.966E-01 9.029E-03 2.312E-05 1.953E+03 6.796E-01 7.023E+00 2.000E+00
3.063E+08 3.477E+02 3.078E-01 9.029E-03 2.597E-05 2.233E+03 6.797E-01 7.024E+00 2.000E+00
4.847E+07 6.769E+02 2.556E-01 9.029E-03 3.119E-05 1.505E+03 6.800E-01 7.024E+00 2.000E+00
7.207E+07 6.062E+02 2.650E-01 9.029E-03 4.075E-05 1.566E+03 6.805E-01 7.024E+00 2.000E+00
3.044E+07 5.061E+02 2.800E-01 9.029E-03 5.828E-05 1.705E+03 6.815E-01 7.024E+00 2.000E+00
5.065E+07 5.289E+02 2.765E-01 9.029E-03 9.041E-05 1.667E+03 6.832E-01 7.025E+00 2.000E+00
1.458E+08 9.114E+02 2.301E-01 9.029E-03 1.493E-04 1.401E+03 6.864E-01 7.026E+00 2.000E+00
8.314E+07 9.725E+02 2.247E-01 9.029E-03 2.573E-04 1.404E+03 6.923E-01 7.029E+00 2.000E+00
2.082E+08 6.985E+02 2.534E-01 9.029E-03 4.551E-04 1.504E+03 7.026E-01 7.033E+00 2.000E+00
7.474E+07 9.202E+02 2.299E-01 9.029E-03 8.178E-04 1.472E+03 7.203E-01 7.042E+00 2.000E+00
1.228E+08 8.343E+02 2.390E-01 9.029E-03 1.483E-03 1.570E+03 7.516E-01 7.057E+00 2.000E+00
1.408E+08 6.991E+02 2.560E-01 9.029E-03 2.701E-03 1.771E+03 8.007E-01 7.085E+00 2.000E+00
4.930E+06 3.994E+02 3.101E-01 9.029E-03 4.935E-03 2.163E+03 8.673E-01 7.136E+00 2.000E+00
8.300E+07 7.002E+02 2.527E-01 1.142E-02 1.975E-05 1.492E+03 6.912E-01 7.023E+00 2.000E+00
1.178E+08 6.952E+02 2.533E-01 1.142E-02 1.979E-05 1.495E+03 6.912E-01 7.023E+00 2.000E+00
5.003E+07 6.330E+02 2.613E-01 1.142E-02 1.987E-05 1.545E+03 6.912E-01 7.023E+00 2.000E+00
6.852E+07 6.394E+02 2.605E-01 1.142E-02 2.001E-05 1.542E+03 6.912E-01 7.023E+00 2.000E+00
3.352E+07 8.650E+02 2.345E-01 1.142E-02 2.026E-05 1.418E+03 6.913E-01 7.023E+00 2.000E+00
1.740E+08 8.376E+02 2.373E-01 1.142E-02 2.072E-05 1.424E+03 6.913E-01 7.023E+00 2.000E+00
2.383E+07 8.561E+02 2.354E-01 1.142E-02 2.157E-05 1.418E+03 6.913E-01 7.023E+00 2.000E+00
7.650E+07 4.936E+02 2.819E-01 1.142E-02 2.312E-05 1.734E+03 6.914E-01 7.024E+00 2.000E+00
2.112E+08 8.270E+02 2.384E-01 1.142E-02 2.597E-05 1.428E+03 6.916E-01 7.024E+00 2.000E+00
3.264E+07 3.421E+02 3.089E-01 1.142E-02 3.119E-05 2.273E+03 6.918E-01 7.024E+00 2.000E+00
1.761E+08 6.697E+02 2.566E-01 1.142E-02 4.075E-05 1.516E+03 6.924E-01 7.024E+00 2.000E+00
1.689E+08 8.918E+02 2.319E-01 1.142E-02 5.828E-05 1.412E+03 6.933E-01 7.024E+00 2.000E+00
4.302E+07 6.826E+02 2.550E-01 1.142E-02 9.041E-05 1.507E+03 6.951E-01 7.025E+00 2.000E+00
3.145E+08 8.150E+02 2.398E-01 1.142E-02 1.493E-04 1.454E+03 6.983E-01 7.026E+00 2.000E+00
1.715E+08 6.376E+02 2.610E-01 1.142E-02 2.573E-04 1.549E+03 7.042E-01 7.029E+00 2.000E+00
2.815E+07 3.618E+02 3.063E-01 1.142E-02 4.551E-04 2.160E+03 7.143E-01 7.033E+00 2.000E+00
4.456E+07 7.025E+02 2.534E-01 1.142E-02 8.178E-04 1.534E+03 7.319E-01 7.042E+00 2.000E+00
5.897E+07 8.991E+02 2.324E-01 1.142E-02 1.483E-03 1.638E+03 7.629E-01 7.057E+00 2.000E+00
2.988E+07 3.583E+02 3.133E-01 1.142E-02 2.701E-03 2.133E+03 8.117E-01 7.085E+00 2.000E+00
5.383E+07 3.450E+02 3.227E-01 1.142E-02 4.935E-03 2.256E+03 8.769E-01 7.136E+00 2.000E+00
1.575E+08 4.751E+02 2.850E-01 1.445E-02 1.975E-05 1.785E+03 7.062E-01 7.023E+00 2.000E+00
1.281E+07 4.712E+02 2.856E-01 1.445E-02 1.979E-05 1.789E+03 7.062E-01 7.023E+00 2.000E+00
2.883E+07 4.712E+02 2.856E-01 1.445E-02 1.987E-05 1.792E+03 7.062E-01 7.023E+00 2.000E+00
2.775E+07 6.564E+02 2.582E-01 1.445E-02 2.001E-05 1.535E+03 7.062E-01 7.023E+00 2.000E+00
6.608E+07 7.390E+02 2.481E-01 1.445E-02 2.026E-05 1.480E+03 7.063E-01 7.024E+00 2.000E+00
3.391E+07 5.005E+02 2.808E-01 1.445E-02 2.072E-05 1.729E+03 7.063E-01 7.024E+00 2.000E+00
4.936E+08 8.997E+02 2.311E-01 1.445E-02 2.157E-05 1.425E+03 7.063E-01 7.024E+00 2.000E+00
5.407E+07 6.527E+02 2.587E-01 1.445E-02 2.312E-05 1.538E+03 7.064E-01 7.024E+00 2.000E+00
2.335E+07 9.465E+02 2.268E-01 1.445E-02 2.597E-05 1.420E+03 7.066E-01 7.024E+00 2.000E+00
1.385E+07 3.410E+02 3.091E-01 1.445E-02 3.119E-05 2.286E+03 7.069E-01 7.024E+00 2.000E+00
2.189E+08 5.521E+02 2.729E-01 1.445E-02 4.075E-05 1.647E+03 7.074E-01 7.024E+00 2.000E+00
3.887E+07 4.265E+02 2.934E-01 1.445E-02 5.828E-05 1.906E+03 7.083E-01 7.024E+00 2.000E+00
2.252E+08 2.494E+02 3.266E-01 1.445E-02 9.041E-05 3.594E+03 7.101E-01 7.025E+00 2.000E+00
7.382E+07 9.264E+02 2.287E-01 1.445E-02 1.493E-04 1.459E+03 7.133E-01 7.026E+00 2.000E+00
4.373E+07 6.206E+02 2.633E-01 1.445E-02 2.573E-04 1.576E+03 7.192E-01 7.029E+00 2.000E+00
1.339E+08 6.206E+02 2.636E-01 1.445E-02 4.551E-04 1.587E+03 7.290E-01 7.033E+00 2.000E+00
4.181E+09 6.023E+02 2.667E-01 1.445E-02 8.178E-04 1.618E+03 7.467E-01 7.042E+00 2.000E+00
8.686E+06 3.807E+02 3.054E-01 1.445E-02 1.483E-03 2.052E+03 7.773E-01 7.057E+00 2.000E+00
2.864E+07 5.945E+02 2.706E-01 1.445E-02 2.701E-03 1.812E+03 8.255E-01 7.085E+00 2.000E+00
1.037E+07 2.660E+02 3.428E-01 1.445E-02 4.935E-03 2.631E+03 8.890E-01 7.136E+00 2.000E+00
4.396E+07 9.610E+02 2.255E-01 1.827E-02 1.975E-05 1.450E+03 7.251E-01 7.024E+00 2.000E+00
6.596E+07 8.631E+02 2.347E-01 1.827E-02 1.979E-05 1.457E+03 7.251E-01 7.024E+00 2.000E+00
1.599E+08 8.631E+02 2.347E-01 1.827E-02 1.987E-05 1.456E+03 7.252E-01 7.024E+00 2.000E+00
6.514E+07 9.610E+02 2.255E-01 1.827E-02 2.001E-05 1.451E+03 7.252E-01 7.024E+00 2.000E+00
1.310E+08 9.610E+02 2.255E-01 1.827E-02 2.026E-05 1.450E+03 7.252E-01 7.024E+00 2.000E+00
6.173E+07 3.231E+02 3.126E-01 1.827E-02 2.072E-05 2.423E+03 7.252E-01 7.024E+00 2.000E+00
2.768E+07 2.634E+02 3.239E-01 1.827E-02 2.157E-05 3.233E+03 7.252E-01 7.024E+00 2.000E+00
2.436E+07 4.527E+02 2.888E-01 1.827E-02 2.312E-05 1.842E+03 7.253E-01 7.024E+00 2.000E+00
1.174E+08 8.105E+02 2.401E-01 1.827E-02 2.597E-05 1.471E+03 7.255E-01 7.024E+00 2.000E+00
2.308E+07 9.664E+02 2.250E-01 1.827E-02 3.119E-05 1.451E+03 7.258E-01 7.024E+00 2.000E+00
5.723E+07 3.827E+02 3.013E-01 1.827E-02 4.075E-05 2.071E+03 7.263E-01 7.024E+00 2.000E+00
4.889E+07 8.204E+02 2.391E-01 1.827E-02 5.828E-05 1.470E+03 7.272E-01 7.024E+00 2.000E+00
3.408E+07 3.226E+02 3.129E-01 1.827E-02 9.041E-05 2.423E+03 7.290E-01 7.025E+00 2.000E+00
3.425E+08 7.029E+02 2.525E-01 1.827E-02 1.493E-04 1.525E+03 7.322E-01 7.027E+00 2.000E+00
3.535E+07 5.053E+02 2.805E-01 1.827E-02 2.573E-04 1.736E+03 7.380E-01 7.029E+00 2.000E+00
2.960E+07 7.034E+02 2.528E-01 1.827E-02 4.551E-04 1.546E+03 7.476E-01 7.034E+00 2.000E+00
1.837E+07 5.048E+02 2.816E-01 1.827E-02 8.178E-04 1.753E+03 7.653E-01 7.042E+00 2.000E+00
2.241E+07 7.008E+02 2.544E-01 1.827E-02 1.483E-03 1.658E+03 7.955E-01 7.057E+00 2.000E+00
1.500E+07 3.405E+02 3.172E-01 1.827E-02 2.701E-03 2.234E+03 8.430E-01 7.085E+00 2.000E+00
8.163E+06 2.346E+02 3.514E-01 1.827E-02 4.935E-03 2.945E+03 9.036E-01 7.136E+00 2.000E+00
1.477E+07 7.451E+02 2.474E-01 2.311E-02 1.975E-05 1.520E+03 7.491E-01 7.024E+00 2.000E+00
1.675E+07 7.451E+02 2.474E-01 2.311E-02 1.979E-05 1.520E+03 7.491E-01 7.024E+00 2.000E+00
5.303E+07 4.778E+02 2.846E-01 2.311E-02 1.987E-05 1.798E+03 7.491E-01 7.024E+00 2.000E+00
7.878E+07 7.451E+02 2.474E-01 2.311E-02 2.001E-05 1.522E+03 7.491E-01 7.024E+00 2.000E+00
5.338E+07 6.055E+02 2.651E-01 2.311E-02 2.026E-05 1.613E+03 7.491E-01 7.024E+00 2.000E+00
2.462E+07 5.674E+02 2.706E-01 2.311E-02 2.072E-05 1.655E+03 7.492E-01 7.024E+00 2.000E+00
2.549E+07 6.559E+02 2.583E-01 2.311E-02 2.157E-05 1.570E+03 7.492E-01 7.024E+00 2.000E+00
3.130E+10 4.928E+02 2.821E-01 2.311E-02 2.312E-05 1.769E+03 7.493E-01 7.024E+00 2.000E+00
1.342E+07 6.915E+02 2.538E-01 2.311E-02 2.597E-05 1.548E+03 7.495E-01 7.024E+00 2.000E+00
4.383E+07 7.582E+02 2.459E-01 2.311E-02 3.119E-05 1.516E+03 7.497E-01 7.024E+00 2.000E+00
2.257E+07 6.140E+02 2.640E-01 2.311E-02 4.075E-05 1.606E+03 7.503E-01 7.024E+00 2.000E+00
1.067E+07 4.944E+02 2.819E-01 2.311E-02 5.828E-05 1.767E+03 7.512E-01 7.025E+00 2.000E+00
2.660E+07 5.122E+02 2.791E-01 2.311E-02 9.041E-05 1.736E+03 7.530E-01 7.025E+00 2.000E+00
2.577E+07 5.805E+02 2.689E-01 2.311E-02 1.493E-04 1.645E+03 7.562E-01 7.027E+00 2.000E+00
8.377E+07 9.736E+02 2.246E-01 2.311E-02 2.573E-04 1.554E+03 7.616E-01 7.029E+00 2.000E+00
1.140E+08 8.673E+02 2.347E-01 2.311E-02 4.551E-04 1.558E+03 7.712E-01 7.034E+00 2.000E+00
1.049E+08 2.942E+02 3.210E-01 2.311E-02 8.178E-04 2.633E+03 7.889E-01 7.042E+00 2.000E+00
7.790E+07 8.111E+02 2.415E-01 2.311E-02 1.483E-03 1.833E+03 8.184E-01 7.057E+00 2.000E+00
2.995E+07 4.861E+02 2.883E-01 2.311E-02 2.701E-03 1.951E+03 8.648E-01 7.085E+00 2.000E+00
4.883E+06 2.677E+02 3.425E-01 2.311E-02 4.935E-03 2.708E+03 9.210E-01 7.136E+00 2.000E+00
2.146E+07 7.580E+02 2.459E-01 2.923E-02 1.975E-05 1.554E+03 7.794E-01 7.024E+00 2.000E+00
2.606E+07 7.580E+02 2.459E-01 2.923E-02 1.979E-05 1.554E+03 7.794E-01 7.024E+00 2.000E+00
4.457E+07 7.580E+02 2.459E-01 2.923E-02 1.987E-05 1.554E+03 7.794E-01 7.024E+00 2.000E+00
4.271E+07 4.091E+02 2.965E-01 2.923E-02 2.001E-05 1.998E+03 7.794E-01 7.024E+00 2.000E+00
8.496E+07 9.099E+02 2.302E-01 2.923E-02 2.026E-05 1.563E+03 7.794E-01 7.024E+00 2.000E+00
1.709E+07 8.202E+02 2.391E-01 2.923E-02 2.072E-05 1.545E+03 7.795E-01 7.024E+00 2.000E+00
1.182E+09 7.004E+02 2.527E-01 2.923E-02 2.157E-05 1.575E+03 7.795E-01 7.024E+00 2.000E+00
1.167E+07 6.912E+02 2.539E-01 2.923E-02 2.312E-05 1.580E+03 7.796E-01 7.024E+00 2.000E+00
1.398E+07 2.480E+02 3.268E-01 2.923E-02 2.597E-05 3.658E+03 7.798E-01 7.024E+00 2.000E+00
2.586E+07 3.943E+02 2.992E-01 2.923E-02 3.119E-05 2.051E+03 7.800E-01 7.024E+00 2.000E+00
1.485E+07 4.649E+02 2.868E-01 2.923E-02 4.075E-05 1.846E+03 7.806E-01 7.024E+00 2.000E+00
1.282E+08 8.558E+02 2.355E-01 2.923E-02 5.828E-05 1.553E+03 7.815E-01 7.025E+00 2.000E+00
2.697E+08 3.243E+02 3.127E-01 2.923E-02 9.041E-05 2.430E+03 7.833E-01 7.025E+00 2.000E+00
1.653E+07 9.232E+02 2.290E-01 2.923E-02 1.493E-04 1.595E+03 7.861E-01 7.027E+00 2.000E+00
1.547E+08 6.220E+02 2.632E-01 2.923E-02 2.573E-04 1.641E+03 7.914E-01 7.029E+00 2.000E+00
1.799E+07 5.856E+02 2.686E-01 2.923E-02 4.551E-04 1.686E+03 8.010E-01 7.034E+00 2.000E+00
9.840E+06 6.400E+02 2.615E-01 2.923E-02 8.178E-04 1.683E+03 8.187E-01 7.042E+00 2.000E+00
1.952E+07 4.271E+02 2.966E-01 2.923E-02 1.483E-03 1.980E+03 8.475E-01 7.057E+00 2.000E+00
6.585E+07 4.619E+02 2.927E-01 2.923E-02 2.701E-03 2.043E+03 8.913E-01 7.085E+00 2.000E+00
9.366E+07 2.429E+02 3.493E-01 2.923E-02 4.935E-03 2.971E+03 9.431E-01 7.137E+00 2.000E+00
1.142E+08 3.396E+02 3.096E-01 3.697E-02 1.975E-05 2.342E+03 8.176E-01 7.024E+00 2.000E+00
6.476E+07 8.530E+02 2.357E-01 3.697E-02 1.979E-05 1.643E+03 8.176E-01 7.024E+00 2.000E+00
1.714E+08 8.530E+02 2.357E-01 3.697E-02 1.987E-05 1.643E+03 8.176E-01 7.024E+00 2.000E+00
7.329E+08 9.741E+02 2.244E-01 3.697E-02 2.001E-05 1.801E+03 8.176E-01 7.024E+00 2.000E+00
1.775E+07 8.751E+02 2.335E-01 3.697E-02 2.026E-05 1.657E+03 8.176E-01 7.024E+00 2.000E+00
7.383E+07 8.751E+02 2.335E-01 3.697E-02 2.072E-05 1.657E+03 8.176E-01 7.024E+00 2.000E+00
1.726E+08 9.655E+02 2.251E-01 3.697E-02 2.157E-05 1.783E+03 8.176E-01 7.024E+00 2.000E+00
6.146E+08 8.196E+02 2.392E-01 3.697E-02 2.312E-05 1.628E+03 8.177E-01 7.024E+00 2.000E+00
6.492E+07 8.695E+02 2.341E-01 3.697E-02 2.597E-05 1.654E+03 8.179E-01 7.024E+00 2.000E+00
5.021E+07 5.423E+02 2.744E-01 3.697E-02 3.119E-05 1.743E+03 8.181E-01 7.024E+00 2.000E+00
8.304E+07 4.429E+02 2.906E-01 3.697E-02 4.075E-05 1.926E+03 8.186E-01 7.024E+00 2.000E+00
2.906E+07 7.298E+02 2.492E-01 3.697E-02 5.828E-05 1.628E+03 8.194E-01 7.025E+00 2.000E+00
2.788E+07 8.412E+02 2.370E-01 3.697E-02 9.041E-05 1.654E+03 8.210E-01 7.026E+00 2.000E+00
1.256E+07 4.770E+02 2.850E-01 3.697E-02 1.493E-04 1.851E+03 8.239E-01 7.027E+00 2.000E+00
1.835E+07 2.612E+02 3.255E-01 3.697E-02 2.573E-04 3.223E+03 8.291E-01 7.029E+00 2.000E+00
2.943E+10 6.954E+02 2.539E-01 3.697E-02 4.551E-04 1.691E+03 8.388E-01 7.034E+00 2.000E+00
1.731E+08 7.403E+02 2.488E-01 3.697E-02 8.178E-04 1.802E+03 8.558E-01 7.042E+00 2.000E+00
1.063E+07 3.588E+02 3.100E-01 3.697E-02 1.483E-03 2.231E+03 8.839E-01 7.058E+00 2.000E+00
4.744E+07 3.394E+02 3.176E-01 3.697E-02 2.701E-03 2.365E+03 9.248E-01 7.086E+00 2.000E+00
7.993E+06 2.259E+02 3.542E-01 3.697E-02 4.935E-03 3.250E+03 9.678E-01 7.137E+00 2.000E+00
2.054E+07 7.954E+02 2.418E-01 4.677E-02 1.975E-05 1.772E+03 8.653E-01 7.024E+00 2.000E+00
2.371E+07 7.954E+02 2.418E-01 4.677E-02 1.979E-05 1.772E+03 8.653E-01 7.024E+00 2.000E+00
5.969E+07 6.467E+02 2.596E-01 4.677E-02 1.987E-05 1.722E+03 8.653E-01 7.024E+00 2.000E+00
2.145E+08 7.954E+02 2.418E-01 4.677E-02 2.001E-05 1.775E+03 8.653E-01 7.024E+00 2.000E+00
1.560E+07 8.005E+02 2.412E-01 4.677E-02 2.026E-05 1.779E+03 8.653E-01 7.024E+00 2.000E+00
1.974E+07 5.162E+02 2.785E-01 4.677E-02 2.072E-05 1.825E+03 8.654E-01 7.024E+00 2.000E+00
2.170E+08 7.473E+02 2.472E-01 4.677E-02 2.157E-05 1.733E+03 8.654E-01 7.024E+00 2.000E+00
3.402E+07 5.474E+02 2.736E-01 4.677E-02 2.312E-05 1.787E+03 8.655E-01 7.024E+00 2.000E+00
2.169E+08 7.569E+02 2.461E-01 4.677E-02 2.597E-05 1.740E+03 8.656E-01 7.024E+00 2.000E+00
2.049E+08 7.147E+02 2.510E-01 4.677E-02 3.119E-05 1.722E+03 8.659E-01 7.024E+00 2.000E+00
6.704E+07 5.052E+02 2.802E-01 4.677E-02 4.075E-05 1.842E+03 8.663E-01 7.025E+00 2.000E+00
8.127E+07 6.671E+02 2.570E-01 4.677E-02 5.828E-05 1.724E+03 8.672E-01 7.025E+00 2.000E+00
2.158E+07 4.240E+02 2.941E-01 4.677E-02 9.041E-05 2.012E+03 8.687E-01 7.026E+00 2.000E+00
8.842E+06 3.764E+02 3.030E-01 4.677E-02 1.493E-04 2.177E+03 8.716E-01 7.027E+00 2.000E+00
2.181E+07 5.398E+02 2.752E-01 4.677E-02 2.573E-04 1.817E+03 8.769E-01 7.030E+00 2.000E+00
1.327E+08 2.482E+02 3.290E-01 4.677E-02 4.551E-04 3.492E+03 8.865E-01 7.034E+00 2.000E+00
9.111E+06 4.709E+02 2.874E-01 4.677E-02 8.178E-04 1.957E+03 9.024E-01 7.043E+00 2.000E+00
2.624E+07 4.390E+02 2.945E-01 4.677E-02 1.483E-03 2.106E+03 9.287E-01 7.058E+00 2.000E+00
6.397E+07 4.553E+02 2.940E-01 4.677E-02 2.701E-03 2.433E+03 9.649E-01 7.086E+00 2.000E+00
1.024E+07 2.544E+02 3.465E-01 4.677E-02 4.935E-03 3.250E+03 9.935E-01 7.137E+00 2.000E+00
5.026E+07 5.630E+02 2.713E-01 5.915E-02 1.975E-05 1.864E+03 9.256E-01 7.025E+00 3.000E+00
5.931E+07 5.637E+02 2.712E-01 5.915E-02 1.979E-05 1.874E+03 9.256E-01 7.025E+00 3.000E+00
9.431E+07 5.918E+02 2.671E-01 5.915E-02 1.987E-05 1.855E+03 9.256E-01 7.025E+00 3.000E+00
5.583E+07 7.567E+02 2.461E-01 5.915E-02 2.001E-05 2.091E+03 9.256E-01 7.025E+00 3.000E+00
1.651E+07 3.740E+02 3.032E-01 5.915E-02 2.026E-05 2.231E+03 9.257E-01 7.025E+00 3.000E+00
2.405E+07 4.630E+02 2.872E-01 5.915E-02 2.072E-05 2.302E+03 9.257E-01 7.025E+00 3.000E+00
1.379E+07 5.335E+02 2.758E-01 5.915E-02 2.157E-05 1.884E+03 9.257E-01 7.025E+00 3.000E+00
1.390E+07 3.029E+02 3.169E-01 5.915E-02 2.312E-05 2.693E+03 9.258E-01 7.025E+00 3.000E+00
3.206E+08 3.619E+02 3.055E-01 5.915E-02 2.597E-05 2.300E+03 9.259E-01 7.025E+00 3.000E+00
4.322E+06 3.004E+02 3.174E-01 5.915E-02 3.119E-05 2.718E+03 9.262E-01 7.025E+00 3.000E+00
7.365E+07 4.698E+02 2.861E-01 5.915E-02 4.075E-05 1.967E+03 9.267E-01 7.025E+00 3.000E+00
2.065E+07 7.367E+02 2.485E-01 5.915E-02 5.828E-05 2.039E+03 9.275E-01 7.025E+00 3.000E+00
2.565E+07 7.309E+02 2.492E-01 5.915E-02 9.041E-05 2.048E+03 9.291E-01 7.026E+00 3.000E+00
3.270E+07 4.893E+02 2.831E-01 5.915E-02 1.493E-04 1.947E+03 9.319E-01 7.027E+00 3.000E+00
2.409E+07 5.390E+02 2.753E-01 5.915E-02 2.573E-04 1.916E+03 9.372E-01 7.030E+00 3.000E+00
4.074E+07 7.008E+02 2.532E-01 5.915E-02 4.551E-04 2.287E+03 9.456E-01 7.035E+00 3.000E+00
2.532E+08 5.111E+02 2.807E-01 5.915E-02 8.178E-04 2.042E+03 9.609E-01 7.043E+00 3.000E+00
5.091E+06 2.886E+02 3.249E-01 5.915E-02 1.483E-03 2.784E+03 9.839E-01 7.058E+00 3.000E+00
9.902E+06 2.478E+02 3.389E-01 5.915E-02 2.701E-03 3.205E+03 1.000E+00 7.086E+00 0.000E+00
2.454E+06 2.232E+02 3.554E-01 5.915E-02 4.935E-03 3.849E+03 1.000E+00 7.137E+00 0.000E+00
1.107E+07 4.037E+02 2.978E-01 7.482E-02 1.975E-05 2.205E+03 1.000E+00 7.025E+00 3.000E+00
1.545E+07 4.037E+02 2.978E-01 7.482E-02 1.979E-05 2.205E+03 1.000E+00 7.025E+00 3.000E+00
7.122E+07 4.037E+02 2.978E-01 7.482E-02 1.987E-05 2.205E+03 1.000E+00 7.025E+00 3.000E+00
8.282E+07 5.783E+02 2.691E-01 7.482E-02 2.001E-05 2.088E+03 1.000E+00 7.025E+00 3.000E+00
1.961E+07 4.687E+02 2.863E-01 7.482E-02 2.026E-05 2.080E+03 1.000E+00 7.025E+00 3.000E+00
2.146E+07 3.580E+02 3.063E-01 7.482E-02 2.072E-05 2.374E+03 1.000E+00 7.025E+00 3.000E+00
9.787E+06 6.493E+02 2.593E-01 7.482E-02 2.157E-05 2.430E+03 1.000E+00 7.025E+00 3.000E+00
1.187E+07 5.520E+02 2.730E-01 7.482E-02 2.312E-05 2.060E+03 1.000E+00 7.025E+00 3.000E+00
2.724E+07 6.313E+02 2.617E-01 7.482E-02 2.597E-05 2.254E+03 1.000E+00 7.025E+00 3.000E+00
1.615E+07 2.544E+02 3.265E-01 7.482E-02 3.119E-05 3.472E+03 1.000E+00 7.025E+00 3.000E+00
5.024E+07 3.395E+02 3.100E-01 7.482E-02 4.075E-05 2.470E+03 1.000E+00 7.025E+00 3.000E+00
4.916E+07 4.975E+02 2.816E-01 7.482E-02 5.828E-05 2.065E+03 1.000E+00 7.026E+00 3.000E+00
9.438E+07 4.917E+02 2.826E-01 7.482E-02 9.041E-05 2.074E+03 1.000E+00 7.026E+00 3.000E+00
1.293E+07 2.659E+02 3.248E-01 7.482E-02 1.493E-04 3.214E+03 1.000E+00 7.028E+00 3.000E+00
3.439E+07 6.206E+02 2.635E-01 7.482E-02 2.573E-04 2.487E+03 1.000E+00 7.030E+00 3.000E+00
1.655E+07 5.804E+02 2.695E-01 7.482E-02 4.551E-04 2.428E+03 1.000E+00 7.035E+00 3.000E+00
8.847E+08 5.487E+02 2.748E-01 7.482E-02 8.178E-04 2.690E+03 1.000E+00 7.043E+00 3.000E+00
1.662E+08 2.766E+02 3.277E-01 7.482E-02 1.483E-03 2.987E+03 1.000E+00 7.058E+00 0.000E+00
8.084E+07 3.490E+02 3.158E-01 7.482E-02 2.701E-03 3.312E+03 1.000E+00 7.086E+00 0.000E+00
2.153E+07 2.097E+02 3.596E-01 7.482E-02 4.935E-03 5.246E+03 1.000E+00 7.138E+00 0.000E+00
5.282E+07 5.052E+02 2.804E-01 9.464E-02 1.975E-05 2.462E+03 1.000E+00 7.025E+00 0.000E+00
2.456E+07 2.616E+02 3.254E-01 9.464E-02 1.979E-05 3.368E+03 1.000E+00 7.025E+00 0.000E+00
4.624E+08 2.814E+02 3.215E-01 9.464E-02 1.987E-05 3.062E+03 1.000E+00 7.025E+00 0.000E+00
1.438E+07 2.231E+02 3.324E-01 9.464E-02 2.001E-05 4.699E+03 1.000E+00 7.025E+00 0.000E+00
8.389E+06 2.349E+02 3.304E-01 9.464E-02 2.026E-05 4.102E+03 1.000E+00 7.025E+00 0.000E+00
9.496E+07 3.745E+02 3.033E-01 9.464E-02 2.072E-05 2.446E+03 1.000E+00 7.025E+00 0.000E+00
1.690E+08 4.606E+02 2.878E-01 9.464E-02 2.157E-05 2.348E+03 1.000E+00 7.025E+00 0.000E+00
1.606E+07 2.968E+02 3.185E-01 9.464E-02 2.312E-05 2.889E+03 1.000E+00 7.025E+00 0.000E+00
2.603E+07 4.149E+02 2.959E-01 9.464E-02 2.597E-05 2.357E+03 1.000E+00 7.025E+00 0.000E+00
1.905E+08 4.879E+02 2.832E-01 9.464E-02 3.119E-05 2.405E+03 1.000E+00 7.026E+00 0.000E+00
9.456E+07 5.137E+02 2.790E-01 9.464E-02 4.075E-05 2.532E+03 1.000E+00 7.026E+00 0.000E+00
1.217E+07 3.108E+02 3.159E-01 9.464E-02 5.828E-05 2.766E+03 1.000E+00 7.026E+00 0.000E+00
1.071E+08 3.969E+02 2.993E-01 9.464E-02 9.041E-05 2.408E+03 1.000E+00 7.027E+00 0.000E+00
4.454E+07 4.618E+02 2.878E-01 9.464E-02 1.493E-04 2.423E+03 1.000E+00 7.028E+00 0.000E+00
2.810E+06 3.034E+02 3.180E-01 9.464E-02 2.573E-04 2.834E+03 1.000E+00 7.031E+00 0.000E+00
1.846E+07 4.620E+02 2.884E-01 9.464E-02 4.551E-04 2.647E+03 1.000E+00 7.035E+00 0.000E+00
1.839E+07 4.084E+02 2.989E-01 9.464E-02 8.178E-04 2.704E+03 1.000E+00 7.044E+00 0.000E+00
9.758E+06 2.796E+02 3.274E-01 9.464E-02 1.483E-03 3.170E+03 1.000E+00 7.059E+00 0.000E+00
9.108E+06 2.579E+02 3.371E-01 9.464E-02 2.701E-03 3.822E+03 1.000E+00 7.087E+00 0.000E+00
NAN NAN NAN 9.464E-02 4.935E-03 NAN 1.000E+00 7.138E+00 0.000E+00
9.837E+06 4.278E+02 2.936E-01 1.197E-01 1.975E-05 3.209E+03 1.000E+00 7.026E+00 0.000E+00
1.279E+07 4.278E+02 2.936E-01 1.197E-01 1.979E-05 3.209E+03 1.000E+00 7.026E+00 0.000E+00
5.022E+06 2.321E+02 3.314E-01 1.197E-01 1.987E-05 4.243E+03 1.000E+00 7.026E+00 0.000E+00
1.424E+07 2.747E+02 3.232E-01 1.197E-01 2.001E-05 3.290E+03 1.000E+00 7.026E+00 0.000E+00
1.205E+08 2.715E+02 3.238E-01 1.197E-01 2.026E-05 3.332E+03 1.000E+00 7.026E+00 0.000E+00
9.255E+06 2.363E+02 3.306E-01 1.197E-01 2.072E-05 4.091E+03 1.000E+00 7.026E+00 0.000E+00
5.148E+06 2.800E+02 3.221E-01 1.197E-01 2.157E-05 3.226E+03 1.000E+00 7.026E+00 0.000E+00
1.133E+07 2.978E+02 3.186E-01 1.197E-01 2.312E-05 3.054E+03 1.000E+00 7.026E+00 0.000E+00
4.582E+07 3.448E+02 3.093E-01 1.197E-01 2.597E-05 2.823E+03 1.000E+00 7.026E+00 0.000E+00
5.537E+07 3.882E+02 3.010E-01 1.197E-01 3.119E-05 2.888E+03 1.000E+00 7.026E+00 0.000E+00
2.810E+07 4.108E+02 2.968E-01 1.197E-01 4.075E-05 2.997E+03 1.000E+00 7.026E+00 0.000E+00
3.711E+07 2.772E+02 3.228E-01 1.197E-01 5.828E-05 3.261E+03 1.000E+00 7.027E+00 0.000E+00
1.015E+07 4.064E+02 2.977E-01 1.197E-01 9.041E-05 3.025E+03 1.000E+00 7.028E+00 0.000E+00
5.749E+07 3.873E+02 3.014E-01 1.197E-01 1.493E-04 2.946E+03 1.000E+00 7.029E+00 0.000E+00
1.273E+07 2.632E+02 3.264E-01 1.197E-01 2.573E-04 3.458E+03 1.000E+00 7.031E+00 0.000E+00
2.080E+07 2.291E+02 3.340E-01 1.197E-01 4.551E-04 4.221E+03 1.000E+00 7.036E+00 0.000E+00
1.366E+08 3.048E+02 3.199E-01 1.197E-01 8.178E-04 3.267E+03 1.000E+00 7.044E+00 0.000E+00
1.767E+07 3.004E+02 3.231E-01 1.197E-01 1.483E-03 4.129E+03 1.000E+00 7.059E+00 0.000E+00
5.455E+06 2.062E+02 3.500E-01 1.197E-01 2.701E-03 5.351E+03 1.000E+00 7.087E+00 0.000E+00
NAN NAN NAN 1.197E-01 4.935E-03 NAN 1.000E+00 7.139E+00 0.000E+00
3.323E+07 2.286E+02 3.326E-01 1.514E-01 1.975E-05 4.525E+03 1.000E+00 7.027E+00 0.000E+00
1.030E+08 2.286E+02 3.326E-01 1.514E-01 1.979E-05 4.526E+03 1.000E+00 7.027E+00 0.000E+00
4.646E+06 2.267E+02 3.330E-01 1.514E-01 1.987E-05 4.595E+03 1.000E+00 7.027E+00 0.000E+00
5.982E+06 2.267E+02 3.330E-01 1.514E-01 2.001E-05 4.634E+03 1.000E+00 7.027E+00 0.000E+00
1.518E+07 2.267E+02 3.330E-01 1.514E-01 2.026E-05 4.596E+03 1.000E+00 7.027E+00 0.000E+00
3.581E+07 2.518E+02 3.282E-01 1.514E-01 2.072E-05 3.949E+03 1.000E+00 7.027E+00 0.000E+00
1.658E+07 3.218E+02 3.141E-01 1.514E-01 2.157E-05 3.817E+03 1.000E+00 7.027E+00 0.000E+00
2.048E+07 2.943E+02 3.197E-01 1.514E-01 2.312E-05 3.642E+03 1.000E+00 7.027E+00 0.000E+00
2.392E+07 2.769E+02 3.232E-01 1.514E-01 2.597E-05 3.671E+03 1.000E+00 7.027E+00 0.000E+00
1.562E+07 2.363E+02 3.313E-01 1.514E-01 3.119E-05 4.287E+03 1.000E+00 7.027E+00 0.000E+00
1.050E+07 3.106E+02 3.164E-01 1.514E-01 4.075E-05 3.702E+03 1.000E+00 7.027E+00 0.000E+00
5.044E+07 2.930E+02 3.201E-01 1.514E-01 5.828E-05 3.645E+03 1.000E+00 7.028E+00 0.000E+00
1.705E+07 2.449E+02 3.299E-01 1.514E-01 9.041E-05 4.089E+03 1.000E+00 7.028E+00 0.000E+00
3.819E+06 2.528E+02 3.285E-01 1.514E-01 1.493E-04 3.965E+03 1.000E+00 7.030E+00 0.000E+00
5.126E+06 2.546E+02 3.286E-01 1.514E-01 2.573E-04 3.982E+03 1.000E+00 7.032E+00 0.000E+00
2.102E+07 2.779E+02 3.246E-01 1.514E-01 4.551E-04 4.056E+03 1.000E+00 7.037E+00 0.000E+00
3.849E+06 2.550E+02 3.309E-01 1.514E-01 8.178E-04 4.477E+03 1.000E+00 7.045E+00 0.000E+00
3.216E+06 2.251E+02 3.403E-01 1.514E-01 1.483E-03 5.710E+03 1.000E+00 7.060E+00 0.000E+00
NAN NAN NAN 1.514E-01 2.701E-03 NAN 1.000E+00 7.088E+00 0.000E+00
NAN NAN NAN 1.514E-01 4.935E-03 NAN 1.000E+00 7.139E+00 0.000E+00
7.304E+06 2.357E+02 3.321E-01 1.915E-01 1.975E-05 5.460E+03 1.000E+00 7.028E+00 0.000E+00
6.932E+06 2.377E+02 3.317E-01 1.915E-01 1.979E-05 5.490E+03 1.000E+00 7.028E+00 0.000E+00
9.190E+06 2.377E+02 3.317E-01 1.915E-01 1.987E-05 5.533E+03 1.000E+00 7.028E+00 0.000E+00
2.409E+08 2.357E+02 3.321E-01 1.915E-01 2.001E-05 5.461E+03 1.000E+00 7.028E+00 0.000E+00
4.679E+07 2.258E+02 3.340E-01 1.915E-01 2.026E-05 5.466E+03 1.000E+00 7.028E+00 0.000E+00
9.607E+06 2.240E+02 3.344E-01 1.915E-01 2.072E-05 5.491E+03 1.000E+00 7.028E+00 0.000E+00
1.237E+07 2.291E+02 3.334E-01 1.915E-01 2.157E-05 5.441E+03 1.000E+00 7.028E+00 0.000E+00
7.061E+08 2.081E+02 3.373E-01 1.915E-01 2.312E-05 6.028E+03 1.000E+00 7.028E+00 0.000E+00
8.634E+06 2.202E+02 3.351E-01 1.915E-01 2.597E-05 5.569E+03 1.000E+00 7.028E+00 0.000E+00
1.904E+07 2.286E+02 3.335E-01 1.915E-01 3.119E-05 5.461E+03 1.000E+00 7.028E+00 0.000E+00
3.819E+07 2.298E+02 3.333E-01 1.915E-01 4.075E-05 5.500E+03 1.000E+00 7.028E+00 0.000E+00
1.739E+07 2.251E+02 3.343E-01 1.915E-01 5.828E-05 5.532E+03 1.000E+00 7.028E+00 0.000E+00
7.523E+07 2.132E+02 3.367E-01 1.915E-01 9.041E-05 5.828E+03 1.000E+00 7.029E+00 0.000E+00
2.420E+07 2.313E+02 3.335E-01 1.915E-01 1.493E-04 5.783E+03 1.000E+00 7.031E+00 0.000E+00
7.602E+06 2.186E+02 3.366E-01 1.915E-01 2.573E-04 5.964E+03 1.000E+00 7.033E+00 0.000E+00
3.245E+06 2.086E+02 3.395E-01 1.915E-01 4.551E-04 6.499E+03 1.000E+00 7.038E+00 0.000E+00
NAN NAN NAN 1.915E-01 8.178E-04 NAN 1.000E+00 7.046E+00 0.000E+00
NAN NAN NAN 1.915E-01 1.483E-03 NAN 1.000E+00 7.061E+00 0.000E+00
NAN NAN NAN 1.915E-01 2.701E-03 NAN 1.000E+00 7.089E+00 0.000E+00
NAN NAN NAN 1.915E-01 4.935E-03 NAN 1.000E+00 7.140E+00 0.000E+00
NAN NAN NAN 2.422E-01 1.975E-05 NAN 1.000E+00 7.029E+00 0.000E+00
NAN NAN NAN 2.422E-01 1.979E-05 NAN 1.000E+00 7.029E+00 0.000E+00
NAN NAN NAN 2.422E-01 1.987E-05 NAN 1.000E+00 7.029E+00 0.000E+00
NAN NAN NAN 2.422E-01 2.001E-05 NAN 1.000E+00 7.029E+00 0.000E+00
NAN NAN NAN 2.422E-01 2.026E-05 NAN 1.000E+00 7.029E+00 0.000E+00
NAN NAN NAN 2.422E-01 2.072E-05 NAN 1.000E+00 7.029E+00 0.000E+00
NAN NAN NAN 2.422E-01 2.157E-05 NAN 1.000E+00 7.029E+00 0.000E+00
NAN NAN NAN 2.422E-01 2.312E-05 NAN 1.000E+00 7.029E+00 0.000E+00
NAN NAN NAN 2.422E-01 2.597E-05 NAN 1.000E+00 7.029E+00 0.000E+00
NAN NAN NAN 2.422E-01 3.119E-05 NAN 1.000E+00 7.029E+00 0.000E+00
NAN NAN NAN 2.422E-01 4.075E-05 NAN 1.000E+00 7.029E+00 0.000E+00
NAN NAN NAN 2.422E-01 5.828E-05 NAN 1.000E+00 7.030E+00 0.000E+00
NAN NAN NAN 2.422E-01 9.041E-05 NAN 1.000E+00 7.030E+00 0.000E+00
NAN NAN NAN 2.422E-01 1.493E-04 NAN 1.000E+00 7.032E+00 0.000E+00
NAN NAN NAN 2.422E-01 2.573E-04 NAN 1.000E+00 7.034E+00 0.000E+00
NAN NAN NAN 2.422E-01 4.551E-04 NAN 1.000E+00 7.039E+00 0.000E+00
NAN NAN NAN 2.422E-01 8.178E-04 NAN 1.000E+00 7.047E+00 0.000E+00
NAN NAN NAN 2.422E-01 1.483E-03 NAN 1.000E+00 7.062E+00 0.000E+00
NAN NAN NAN 2.422E-01 2.701E-03 NAN 1.000E+00 7.090E+00 0.000E+00
NAN NAN NAN 2.422E-01 4.935E-03 NAN 1.000E+00 7.141E+00 0.000E+00
NAN NAN NAN 3.064E-01 1.975E-05 NAN 1.000E+00 7.030E+00 0.000E+00
NAN NAN NAN 3.064E-01 1.979E-05 NAN 1.000E+00 7.030E+00 0.000E+00
NAN NAN NAN 3.064E-01 1.987E-05 NAN 1.000E+00 7.030E+00 0.000E+00
NAN NAN NAN 3.064E-01 2.001E-05 NAN 1.000E+00 7.030E+00 0.000E+00
NAN NAN NAN 3.064E-01 2.026E-05 NAN 1.000E+00 7.030E+00 0.000E+00
NAN NAN NAN 3.064E-01 2.072E-05 NAN 1.000E+00 7.030E+00 0.000E+00
NAN NAN NAN 3.064E-01 2.157E-05 NAN 1.000E+00 7.030E+00 0.000E+00
NAN NAN NAN 3.064E-01 2.312E-05 NAN 1.000E+00 7.030E+00 0.000E+00
NAN NAN NAN 3.064E-01 2.597E-05 NAN 1.000E+00 7.030E+00 0.000E+00
NAN NAN NAN 3.064E-01 3.119E-05 NAN 1.000E+00 7.030E+00 0.000E+00
NAN NAN NAN 3.064E-01 4.075E-05 NAN 1.000E+00 7.031E+00 0.000E+00
NAN NAN NAN 3.064E-01 5.828E-05 NAN 1.000E+00 7.031E+00 0.000E+00
NAN NAN NAN 3.064E-01 9.041E-05 NAN 1.000E+00 7.032E+00 0.000E+00
NAN NAN NAN 3.064E-01 1.493E-04 NAN 1.000E+00 7.033E+00 0.000E+00
NAN NAN NAN 3.064E-01 2.573E-04 NAN 1.000E+00 7.036E+00 0.000E+00
NAN NAN NAN 3.064E-01 4.551E-04 NAN 1.000E+00 7.040E+00 0.000E+00
NAN NAN NAN 3.064E-01 8.178E-04 NAN 1.000E+00 7.049E+00 0.000E+00
NAN NAN NAN 3.064E-01 1.483E-03 NAN 1.000E+00 7.064E+00 0.000E+00
NAN NAN NAN 3.064E-01 2.701E-03 NAN 1.000E+00 7.092E+00 0.000E+00
NAN NAN NAN 3.064E-01 4.935E-03 NAN 1.000E+00 7.143E+00 0.000E+00
NAN NAN NAN 3.875E-01 1.975E-05 NAN 1.000E+00 7.032E+00 3.000E+00
NAN NAN NAN 3.875E-01 1.979E-05 NAN 1.000E+00 7.032E+00 3.000E+00
NAN NAN NAN 3.875E-01 1.987E-05 NAN 1.000E+00 7.032E+00 3.000E+00
NAN NAN NAN 3.875E-01 2.001E-05 NAN 1.000E+00 7.032E+00 3.000E+00
NAN NAN NAN 3.875E-01 2.026E-05 NAN 1.000E+00 7.032E+00 3.000E+00
NAN NAN NAN 3.875E-01 2.072E-05 NAN 1.000E+00 7.032E+00 3.000E+00
NAN NAN NAN 3.875E-01 2.157E-05 NAN 1.000E+00 7.032E+00 3.000E+00
NAN NAN NAN 3.875E-01 2.312E-05 NAN 1.000E+00 7.032E+00 3.000E+00
NAN NAN NAN 3.875E-01 2.597E-05 NAN 1.000E+00 7.032E+00 3.000E+00
NAN NAN NAN 3.875E-01 3.119E-05 NAN 1.000E+00 7.032E+00 3.000E+00
NAN NAN NAN 3.875E-01 4.075E-05 NAN 1.000E+00 7.033E+00 3.000E+00
NAN NAN NAN 3.875E-01 5.828E-05 NAN 1.000E+00 7.033E+00 3.000E+00
NAN NAN NAN 3.875E-01 9.041E-05 NAN 1.000E+00 7.034E+00 3.000E+00
NAN NAN NAN 3.875E-01 1.493E-04 NAN 1.000E+00 7.035E+00 3.000E+00
NAN NAN NAN 3.875E-01 2.573E-04 NAN 1.000E+00 7.038E+00 3.000E+00
NAN NAN NAN 3.875E-01 4.551E-04 NAN 1.000E+00 7.042E+00 3.000E+00
NAN NAN NAN 3.875E-01 8.178E-04 NAN 1.000E+00 7.050E+00 3.000E+00
NAN NAN NAN 3.875E-01 1.483E-03 NAN 1.000E+00 7.066E+00 0.000E+00
NAN NAN NAN 3.875E-01 2.701E-03 NAN 1.000E+00 7.094E+00 0.000E+00
NAN NAN NAN 3.875E-01 4.935E-03 NAN 1.000E+00 7.145E+00 0.000E+00
NAN NAN NAN 4.902E-01 1.975E-05 NAN 1.000E+00 7.034E+00 3.000E+00
NAN NAN NAN 4.902E-01 1.979E-05 NAN 1.000E+00 7.034E+00 3.000E+00
NAN NAN NAN 4.902E-01 1.987E-05 NAN 1.000E+00 7.034E+00 3.000E+00
NAN NAN NAN 4.902E-01 2.001E-05 NAN 1.000E+00 7.034E+00 3.000E+00
NAN NAN NAN 4.902E-01 2.026E-05 NAN 1.000E+00 7.034E+00 3.000E+00
NAN NAN NAN 4.902E-01 2.072E-05 NAN 1.000E+00 7.034E+00 3.000E+00
NAN NAN NAN 4.902E-01 2.157E-05 NAN 1.000E+00 7.034E+00 3.000E+00
NAN NAN NAN 4.902E-01 2.312E-05 NAN 1.000E+00 7.034E+00 3.000E+00
NAN NAN NAN 4.902E-01 2.597E-05 NAN 1.000E+00 7.035E+00 3.000E+00
NAN NAN NAN 4.902E-01 3.119E-05 NAN 1.000E+00 7.035E+00 3.000E+00
NAN NAN NAN 4.902E-01 4.075E-05 NAN 1.000E+00 7.035E+00 3.000E+00
NAN NAN NAN 4.902E-01 5.828E-05 NAN 1.000E+00 7.035E+00 3.000E+00
NAN NAN NAN 4.902E-01 9.041E-05 NAN 1.000E+00 7.036E+00 3.000E+00
NAN NAN NAN 4.902E-01 1.493E-04 NAN 1.000E+00 7.037E+00 3.000E+00
NAN NAN NAN 4.902E-01 2.573E-04 NAN 1.000E+00 7.040E+00 3.000E+00
NAN NAN NAN 4.902E-01 4.551E-04 NAN 1.000E+00 7.044E+00 3.000E+00
NAN NAN NAN 4.902E-01 8.178E-04 NAN 1.000E+00 7.053E+00 3.000E+00
NAN NAN NAN 4.902E-01 1.483E-03 NAN 1.000E+00 7.068E+00 3.000E+00
NAN NAN NAN 4.902E-01 2.701E-03 NAN 1.000E+00 7.096E+00 3.000E+00
NAN NAN NAN 4.902E-01 4.935E-03 NAN 1.000E+00 7.147E+00 3.000E+00
NAN NAN NAN 6.200E-01 1.975E-05 NAN 1.000E+00 7.037E+00 3.000E+00
NAN NAN NAN 6.200E-01 1.979E-05 NAN 1.000E+00 7.037E+00 3.000E+00
NAN NAN NAN 6.200E-01 1.987E-05 NAN 1.000E+00 7.037E+00 3.000E+00
NAN NAN NAN 6.200E-01 2.001E-05 NAN 1.000E+00 7.037E+00 3.000E+00
NAN NAN NAN 6.200E-01 2.026E-05 NAN 1.000E+00 7.037E+00 3.000E+00
NAN NAN NAN 6.200E-01 2.072E-05 NAN 1.000E+00 7.037E+00 3.000E+00
NAN NAN NAN 6.200E-01 2.157E-05 NAN 1.000E+00 7.037E+00 3.000E+00
NAN NAN NAN 6.200E-01 2.312E-05 NAN 1.000E+00 7.037E+00 3.000E+00
NAN NAN NAN 6.200E-01 2.597E-05 NAN 1.000E+00 7.038E+00 3.000E+00
NAN NAN NAN 6.200E-01 3.119E-05 NAN 1.000E+00 7.038E+00 3.000E+00
NAN NAN NAN 6.200E-01 4.075E-05 NAN 1.000E+00 7.038E+00 3.000E+00
NAN NAN NAN 6.200E-01 5.828E-05 NAN 1.000E+00 7.038E+00 3.000E+00
NAN NAN NAN 6.200E-01 9.041E-05 NAN 1.000E+00 7.039E+00 3.000E+00
NAN NAN NAN 6.200E-01 1.493E-04 NAN 1.000E+00 7.040E+00 3.000E+00
NAN NAN NAN 6.200E-01 2.573E-04 NAN 1.000E+00 7.043E+00 3.000E+00
NAN NAN NAN 6.200E-01 4.551E-04 NAN 1.000E+00 7.047E+00 3.000E+00
NAN NAN NAN 6.200E-01 8.178E-04 NAN 1.000E+00 7.056E+00 3.000E+00
NAN NAN NAN 6.200E-01 1.483E-03 NAN 1.000E+00 7.071E+00 3.000E+00
NAN NAN NAN 6.200E-01 2.701E-03 NAN 1.000E+00 7.099E+00 3.000E+00
NAN NAN NAN 6.200E-01 4.935E-03 NAN 1.000E+00 7.150E+00 3.000E+00
NAN NAN NAN 7.842E-01 1.975E-05 NAN 1.000E+00 7.041E+00 3.000E+00
NAN NAN NAN 7.842E-01 1.979E-05 NAN 1.000E+00 7.041E+00 3.000E+00
NAN NAN NAN 7.842E-01 1.987E-05 NAN 1.000E+00 7.041E+00 3.000E+00
NAN NAN NAN 7.842E-01 2.001E-05 NAN 1.000E+00 7.041E+00 3.000E+00
NAN NAN NAN 7.842E-01 2.026E-05 NAN 1.000E+00 7.041E+00 3.000E+00
NAN NAN NAN 7.842E-01 2.072E-05 NAN 1.000E+00 7.041E+00 3.000E+00
NAN NAN NAN 7.842E-01 2.157E-05 NAN 1.000E+00 7.041E+00 3.000E+00
NAN NAN NAN 7.842E-01 2.312E-05 NAN 1.000E+00 7.041E+00 3.000E+00
NAN NAN NAN 7.842E-01 2.597E-05 NAN 1.000E+00 7.041E+00 3.000E+00
NAN NAN NAN 7.842E-01 3.119E-05 NAN 1.000E+00 7.041E+00 3.000E+00
NAN NAN NAN 7.842E-01 4.075E-05 NAN 1.000E+00 7.042E+00 3.000E+00
NAN NAN NAN 7.842E-01 5.828E-05 NAN 1.000E+00 7.042E+00 3.000E+00
NAN NAN NAN 7.842E-01 9.041E-05 NAN 1.000E+00 7.043E+00 3.000E+00
NAN NAN NAN 7.842E-01 1.493E-04 NAN 1.000E+00 7.044E+00 3.000E+00
NAN NAN NAN 7.842E-01 2.573E-04 NAN 1.000E+00 7.047E+00 3.000E+00
NAN NAN NAN 7.842E-01 4.551E-04 NAN 1.000E+00 7.051E+00 3.000E+00
NAN NAN NAN 7.842E-01 8.178E-04 NAN 1.000E+00 7.059E+00 3.000E+00
NAN NAN NAN 7.842E-01 1.483E-03 NAN 1.000E+00 7.075E+00 3.000E+00
NAN NAN NAN 7.842E-01 2.701E-03 NAN 1.000E+00 7.103E+00 3.000E+00
NAN NAN NAN 7.842E-01 4.935E-03 NAN 1.000E+00 7.154E+00 3.000E+00
NAN NAN NAN 9.919E-01 1.975E-05 NAN 1.000E+00 7.046E+00 3.000E+00
NAN NAN NAN 9.919E-01 1.979E-05 NAN 1.000E+00 7.046E+00 3.000E+00
NAN NAN NAN 9.919E-01 1.987E-05 NAN 1.000E+00 7.046E+00 3.000E+00
NAN NAN NAN 9.919E-01 2.001E-05 NAN 1.000E+00 7.046E+00 3.000E+00
NAN NAN NAN 9.919E-01 2.026E-05 NAN 1.000E+00 7.046E+00 3.000E+00
NAN NAN NAN 9.919E-01 2.072E-05 NAN 1.000E+00 7.046E+00 3.000E+00
NAN NAN NAN 9.919E-01 2.157E-05 NAN 1.000E+00 7.046E+00 3.000E+00
NAN NAN NAN 9.919E-01 2.312E-05 NAN 1.000E+00 7.046E+00 3.000E+00
NAN NAN NAN 9.919E-01 2.597E-05 NAN 1.000E+00 7.046E+00 3.000E+00
NAN NAN NAN 9.919E-01 3.119E-05 NAN 1.000E+00 7.046E+00 3.000E+00
NAN NAN NAN 9.919E-01 4.075E-05 NAN 1.000E+00 7.046E+00 3.000E+00
NAN NAN NAN 9.919E-01 5.828E-05 NAN 1.000E+00 7.047E+00 3.000E+00
NAN NAN NAN 9.919E-01 9.041E-05 NAN 1.000E+00 7.048E+00 3.000E+00
NAN NAN NAN 9.919E-01 1.493E-04 NAN 1.000E+00 7.049E+00 3.000E+00
NAN NAN NAN 9.919E-01 2.573E-04 NAN 1.000E+00 7.051E+00 3.000E+00
NAN NAN NAN 9.919E-01 4.551E-04 NAN 1.000E+00 7.056E+00 3.000E+00
NAN NAN NAN 9.919E-01 8.178E-04 NAN 1.000E+00 7.064E+00 3.000E+00
NAN NAN NAN 9.919E-01 1.483E-03 NAN 1.000E+00 7.079E+00 3.000E+00
NAN NAN NAN 9.919E-01 2.701E-03 NAN 1.000E+00 7.107E+00 3.000E+00
NAN NAN NAN 9.919E-01 4.935E-03 NAN 1.000E+00 7.159E+00 3.000E+00
NAN NAN NAN 1.255E+00 1.975E-05 NAN 1.000E+00 7.052E+00 3.000E+00
NAN NAN NAN 1.255E+00 1.979E-05 NAN 1.000E+00 7.052E+00 3.000E+00
NAN NAN NAN 1.255E+00 1.987E-05 NAN 1.000E+00 7.052E+00 3.000E+00
NAN NAN NAN 1.255E+00 2.001E-05 NAN 1.000E+00 7.052E+00 3.000E+00
NAN NAN NAN 1.255E+00 2.026E-05 NAN 1.000E+00 7.052E+00 3.000E+00
NAN NAN NAN 1.255E+00 2.072E-05 NAN 1.000E+00 7.052E+00 3.000E+00
NAN NAN NAN 1.255E+00 2.157E-05 NAN 1.000E+00 7.052E+00 3.000E+00
NAN NAN NAN 1.255E+00 2.312E-05 NAN 1.000E+00 7.052E+00 3.000E+00
NAN NAN NAN 1.255E+00 2.597E-05 NAN 1.000E+00 7.052E+00 3.000E+00
NAN NAN NAN 1.255E+00 3.119E-05 NAN 1.000E+00 7.052E+00 3.000E+00
NAN NAN NAN 1.255E+00 4.075E-05 NAN 1.000E+00 7.052E+00 3.000E+00
NAN NAN NAN 1.255E+00 5.828E-05 NAN 1.000E+00 7.053E+00 3.000E+00
NAN NAN NAN 1.255E+00 9.041E-05 NAN 1.000E+00 7.054E+00 3.000E+00
NAN NAN NAN 1.255E+00 1.493E-04 NAN 1.000E+00 7.055E+00 3.000E+00
NAN NAN NAN 1.255E+00 2.573E-04 NAN 1.000E+00 7.057E+00 3.000E+00
NAN NAN NAN 1.255E+00 4.551E-04 NAN 1.000E+00 7.062E+00 3.000E+00
NAN NAN NAN 1.255E+00 8.178E-04 NAN 1.000E+00 7.070E+00 3.000E+00
NAN NAN NAN 1.255E+00 1.483E-03 NAN 1.000E+00 7.086E+00 3.000E+00
NAN NAN NAN 1.255E+00 2.701E-03 NAN 1.000E+00 7.113E+00 3.000E+00
NAN NAN NAN 1.255E+00 4.935E-03 NAN 1.000E+00 7.265E+00 3.000E+00
NAN NAN NAN 1.587E+00 1.975E-05 NAN 1.000E+00 8.588E+00 3.000E+00
NAN NAN NAN 1.587E+00 1.979E-05 NAN 1.000E+00 8.588E+00 3.000E+00
NAN NAN NAN 1.587E+00 1.987E-05 NAN 1.000E+00 8.588E+00 3.000E+00
NAN NAN NAN 1.587E+00 2.001E-05 NAN 1.000E+00 8.588E+00 3.000E+00
NAN NAN NAN 1.587E+00 2.026E-05 NAN 1.000E+00 8.588E+00 3.000E+00
NAN NAN NAN 1.587E+00 2.072E-05 NAN 1.000E+00 8.588E+00 3.000E+00
NAN NAN NAN 1.587E+00 2.157E-05 NAN 1.000E+00 8.588E+00 3.000E+00
NAN NAN NAN 1.587E+00 2.312E-05 NAN 1.000E+00 8.589E+00 3.000E+00
NAN NAN NAN 1.587E+00 2.597E-05 NAN 1.000E+00 8.589E+00 3.000E+00
NAN NAN NAN 1.587E+00 3.119E-05 NAN 1.000E+00 8.589E+00 3.000E+00
NAN NAN NAN 1.587E+00 4.075E-05 NAN 1.000E+00 8.590E+00 3.000E+00
NAN NAN NAN 1.587E+00 5.828E-05 NAN 1.000E+00 8.591E+00 3.000E+00
NAN NAN NAN 1.587E+00 9.041E-05 NAN 1.000E+00 8.593E+00 3.000E+00
NAN NAN NAN 1.587E+00 1.493E-04 NAN 1.000E+00 8.597E+00 3.000E+00
NAN NAN NAN 1.587E+00 2.573E-04 NAN 1.000E+00 8.604E+00 3.000E+00
NAN NAN NAN 1.587E+00 4.551E-04 NAN 1.000E+00 8.617E+00 3.000E+00
NAN NAN NAN 1.587E+00 8.178E-04 NAN 1.000E+00 8.640E+00 3.000E+00
NAN NAN NAN 1.587E+00 1.483E-03 NAN 1.000E+00 8.684E+00 3.000E+00
NAN NAN NAN 1.587E+00 2.701E-03 NAN 1.000E+00 8.766E+00 3.000E+00
NAN NAN NAN 1.587E+00 4.935E-03 NAN 1.000E+00 8.922E+00 3.000E+00
NAN NAN NAN 2.007E+00 1.975E-05 NAN 1.000E+00 1.069E+01 3.000E+00
NAN NAN NAN 2.007E+00 1.979E-05 NAN 1.000E+00 1.069E+01 3.000E+00
NAN NAN NAN 2.007E+00 1.987E-05 NAN 1.000E+00 1.069E+01 3.000E+00
NAN NAN NAN 2.007E+00 2.001E-05 NAN 1.000E+00 1.069E+01 3.000E+00
NAN NAN NAN 2.007E+00 2.026E-05 NAN 1.000E+00 1.069E+01 3.000E+00
NAN NAN NAN 2.007E+00 2.072E-05 NAN 1.000E+00 1.069E+01 3.000E+00
NAN NAN NAN 2.007E+00 2.157E-05 NAN 1.000E+00 1.069E+01 3.000E+00
NAN NAN NAN 2.007E+00 2.312E-05 NAN 1.000E+00 1.069E+01 3.000E+00
NAN NAN NAN 2.007E+00 2.597E-05 NAN 1.000E+00 1.069E+01 3.000E+00
NAN NAN NAN 2.007E+00 3.119E-05 NAN 1.000E+00 1.069E+01 3.000E+00
NAN NAN NAN 2.007E+00 4.075E-05 NAN 1.000E+00 1.069E+01 3.000E+00
NAN NAN NAN 2.007E+00 5.828E-05 NAN 1.000E+00 1.069E+01 3.000E+00
NAN NAN NAN 2.007E+00 9.041E-05 NAN 1.000E+00 1.070E+01 3.000E+00
NAN NAN NAN 2.007E+00 1.493E-04 NAN 1.000E+00 1.070E+01 3.000E+00
NAN NAN NAN 2.007E+00 2.573E-04 NAN 1.000E+00 1.071E+01 3.000E+00
NAN NAN NAN 2.007E+00 4.551E-04 NAN 1.000E+00 1.072E+01 3.000E+00
NAN NAN NAN 2.007E+00 8.178E-04 NAN 1.000E+00 1.074E+01 3.000E+00
NAN NAN NAN 2.007E+00 1.483E-03 NAN 1.000E+00 1.079E+01 3.000E+00
NAN NAN NAN 2.007E+00 2.701E-03 NAN 1.000E+00 1.086E+01 3.000E+00
NAN NAN NAN 2.007E+00 4.935E-03 NAN 1.000E+00 1.102E+01 3.000E+00
NAN NAN NAN 2.539E+00 1.975E-05 NAN 1.000E+00 1.335E+01 3.000E+00
NAN NAN NAN 2.539E+00 1.979E-05 NAN 1.000E+00 1.335E+01 3.000E+00
NAN NAN NAN 2.539E+00 1.987E-05 NAN 1.000E+00 1.335E+01 3.000E+00
NAN NAN NAN 2.539E+00 2.001E-05 NAN 1.000E+00 1.335E+01 3.000E+00
NAN NAN NAN 2.539E+00 2.026E-05 NAN 1.000E+00 1.335E+01 3.000E+00
NAN NAN NAN 2.539E+00 2.072E-05 NAN 1.000E+00 1.335E+01 3.000E+00
NAN NAN NAN 2.539E+00 2.157E-05 NAN 1.000E+00 1.335E+01 3.000E+00
NAN NAN NAN 2.539E+00 2.312E-05 NAN 1.000E+00 1.335E+01 3.000E+00
NAN NAN NAN 2.539E+00 2.597E-05 NAN 1.000E+00 1.335E+01 3.000E+00
NAN NAN NAN 2.539E+00 3.119E-05 NAN 1.000E+00 1.335E+01 3.000E+00
NAN NAN NAN 2.539E+00 4.075E-05 NAN 1.000E+00 1.335E+01 3.000E+00
NAN NAN NAN 2.539E+00 5.828E-05 NAN 1.000E+00 1.336E+01 3.000E+00
NAN NAN NAN 2.539E+00 9.041E-05 NAN 1.000E+00 1.336E+01 3.000E+00
NAN NAN NAN 2.539E+00 1.493E-04 NAN 1.000E+00 1.336E+01 3.000E+00
NAN NAN NAN 2.539E+00 2.573E-04 NAN 1.000E+00 1.337E+01 3.000E+00
NAN NAN NAN 2.539E+00 4.551E-04 NAN 1.000E+00 1.338E+01 3.000E+00
NAN NAN NAN 2.539E+00 8.178E-04 NAN 1.000E+00 1.341E+01 3.000E+00
NAN NAN NAN 2.539E+00 1.483E-03 NAN 1.000E+00 1.345E+01 3.000E+00
NAN NAN NAN 2.539E+00 2.701E-03 NAN 1.000E+00 1.353E+01 3.000E+00
NAN NAN NAN 2.539E+00 4.935E-03 NAN 1.000E+00 1.367E+01 3.000E+00
NAN NAN NAN 3.211E+00 1.975E-05 NAN 1.000E+00 1.672E+01 3.000E+00
NAN NAN NAN 3.211E+00 1.979E-05 NAN 1.000E+00 1.672E+01 3.000E+00
NAN NAN NAN 3.211E+00 1.987E-05 NAN 1.000E+00 1.672E+01 3.000E+00
NAN NAN NAN 3.211E+00 2.001E-05 NAN 1.000E+00 1.672E+01 3.000E+00
NAN NAN NAN 3.211E+00 2.026E-05 NAN 1.000E+00 1.672E+01 3.000E+00
NAN NAN NAN 3.211E+00 2.072E-05 NAN 1.000E+00 1.672E+01 3.000E+00
NAN NAN NAN 3.211E+00 2.157E-05 NAN 1.000E+00 1.672E+01 3.000E+00
NAN NAN NAN 3.211E+00 2.312E-05 NAN 1.000E+00 1.672E+01 3.000E+00
NAN NAN NAN 3.211E+00 2.597E-05 NAN 1.000E+00 1.672E+01 3.000E+00
NAN NAN NAN 3.211E+00 3.119E-05 NAN 1.000E+00 1.672E+01 3.000E+00
NAN NAN NAN 3.211E+00 4.075E-05 NAN 1.000E+00 1.672E+01 3.000E+00
NAN NAN NAN 3.211E+00 5.828E-05 NAN 1.000E+00 1.672E+01 3.000E+00
NAN NAN NAN 3.211E+00 9.041E-05 NAN 1.000E+00 1.672E+01 3.000E+00
NAN NAN NAN 3.211E+00 1.493E-04 NAN 1.000E+00 1.673E+01 3.000E+00
NAN NAN NAN 3.211E+00 2.573E-04 NAN 1.000E+00 1.673E+01 3.000E+00
NAN NAN NAN 3.211E+00 4.551E-04 NAN 1.000E+00 1.675E+01 3.000E+00
NAN NAN NAN 3.211E+00 8.178E-04 NAN 1.000E+00 1.677E+01 3.000E+00
NAN NAN NAN 3.211E+00 1.483E-03 NAN 1.000E+00 1.681E+01 3.000E+00
NAN NAN NAN 3.211E+00 2.701E-03 NAN 1.000E+00 1.689E+01 3.000E+00
NAN NAN NAN 3.211E+00 4.935E-03 NAN 1.000E+00 1.704E+01 3.000E+00
NAN NAN NAN 4.062E+00 1.975E-05 NAN 1.000E+00 2.098E+01 3.000E+00
NAN NAN NAN 4.062E+00 1.979E-05 NAN 1.000E+00 2.098E+01 3.000E+00
NAN NAN NAN 4.062E+00 1.987E-05 NAN 1.000E+00 2.098E+01 3.000E+00
NAN NAN NAN 4.062E+00 2.001E-05 NAN 1.000E+00 2.098E+01 3.000E+00
NAN NAN NAN 4.062E+00 2.026E-05 NAN 1.000E+00 2.098E+01 3.000E+00
NAN NAN NAN 4.062E+00 2.072E-05 NAN 1.000E+00 2.098E+01 3.000E+00
NAN NAN NAN 4.062E+00 2.157E-05 NAN 1.000E+00 2.098E+01 3.000E+00
NAN NAN NAN 4.062E+00 2.312E-05 NAN 1.000E+00 2.098E+01 3.000E+00
NAN NAN NAN 4.062E+00 2.597E-05 NAN 1.000E+00 2.098E+01 3.000E+00
NAN NAN NAN 4.062E+00 3.119E-05 NAN 1.000E+00 2.098E+01 3.000E+00
NAN NAN NAN 4.062E+00 4.075E-05 NAN 1.000E+00 2.098E+01 3.000E+00
NAN NAN NAN 4.062E+00 5.828E-05 NAN 1.000E+00 2.098E+01 3.000E+00
NAN NAN NAN 4.062E+00 9.041E-05 NAN 1.000E+00 2.098E+01 3.000E+00
NAN NAN NAN 4.062E+00 1.493E-04 NAN 1.000E+00 2.098E+01 3.000E+00
NAN NAN NAN 4.062E+00 2.573E-04 NAN 1.000E+00 2.099E+01 3.000E+00
NAN NAN NAN 4.062E+00 4.551E-04 NAN 1.000E+00 2.100E+01 3.000E+00
NAN NAN NAN 4.062E+00 8.178E-04 NAN 1.000E+00 2.103E+01 3.000E+00
NAN NAN NAN 4.062E+00 1.483E-03 NAN 1.000E+00 2.107E+01 3.000E+00
NAN NAN NAN 4.062E+00 2.701E-03 NAN 1.000E+00 2.115E+01 3.000E+00
NAN NAN NAN 4.062E+00 4.935E-03 NAN 1.000E+00 2.130E+01 3.000E+00
NAN NAN NAN 5.138E+00 1.975E-05 NAN 1.000E+00 2.636E+01 3.000E+00
NAN NAN NAN 5.138E+00 1.979E-05 NAN 1.000E+00 2.636E+01 3.000E+00
NAN NAN NAN 5.138E+00 1.987E-05 NAN 1.000E+00 2.636E+01 3.000E+00
NAN NAN NAN 5.138E+00 2.001E-05 NAN 1.000E+00 2.636E+01 3.000E+00
NAN NAN NAN 5.138E+00 2.026E-05 NAN 1.000E+00 2.636E+01 3.000E+00
NAN NAN NAN 5.138E+00 2.072E-05 NAN 1.000E+00 2.636E+01 3.000E+00
NAN NAN NAN 5.138E+00 2.157E-05 NAN 1.000E+00 2.636E+01 3.000E+00
NAN NAN NAN 5.138E+00 2.312E-05 NAN 1.000E+00 2.636E+01 3.000E+00
NAN NAN NAN 5.138E+00 2.597E-05 NAN 1.000E+00 2.636E+01 3.000E+00
NAN NAN NAN 5.138E+00 3.119E-05 NAN 1.000E+00 2.636E+01 3.000E+00
NAN NAN NAN 5.138E+00 4.075E-05 NAN 1.000E+00 2.636E+01 3.000E+00
NAN NAN NAN 5.138E+00 5.828E-05 NAN 1.000E+00 2.636E+01 3.000E+00
NAN NAN NAN 5.138E+00 9.041E-05 NAN 1.000E+00 2.637E+01 3.000E+00
NAN NAN NAN 5.138E+00 1.493E-04 NAN 1.000E+00 2.637E+01 3.000E+00
NAN NAN NAN 5.138E+00 2.573E-04 NAN 1.000E+00 2.638E+01 3.000E+00
NAN NAN NAN 5.138E+00 4.551E-04 NAN 1.000E+00 2.639E+01 3.000E+00
NAN NAN NAN 5.138E+00 8.178E-04 NAN 1.000E+00 2.641E+01 3.000E+00
NAN NAN NAN 5.138E+00 1.483E-03 NAN 1.000E+00 2.646E+01 3.000E+00
NAN NAN NAN 5.138E+00 2.701E-03 NAN 1.000E+00 2.654E+01 3.000E+00
NAN NAN NAN 5.138E+00 4.935E-03 NAN 1.000E+00 2.668E+01 3.000E+00
