2.731E+06 4.964E+02 1.833E+00 5.137E-05 3.123E-02 1.558E+03 9.780E-01 4.503E+01 2.000E+00
2.878E+06 4.964E+02 1.833E+00 5.137E-05 3.123E-02 1.558E+03 9.780E-01 4.503E+01 2.000E+00
3.198E+06 4.964E+02 1.833E+00 5.137E-05 3.123E-02 1.557E+03 9.780E-01 4.503E+01 2.000E+00
4.034E+06 4.964E+02 1.833E+00 5.137E-05 3.123E-02 1.558E+03 9.780E-01 4.503E+01 2.000E+00
3.109E+06 4.453E+02 1.896E+00 5.137E-05 3.123E-02 1.646E+03 9.780E-01 4.503E+01 2.000E+00
1.459E+07 4.453E+02 1.896E+00 5.137E-05 3.123E-02 1.646E+03 9.780E-01 4.503E+01 2.000E+00
1.077E+07 4.084E+02 1.944E+00 5.137E-05 3.123E-02 1.726E+03 9.780E-01 4.503E+01 2.000E+00
1.127E+06 2.682E+02 2.158E+00 5.137E-05 3.123E-02 2.338E+03 9.780E-01 4.503E+01 2.000E+00
5.447E+06 4.370E+02 1.906E+00 5.137E-05 3.124E-02 1.662E+03 9.780E-01 4.503E+01 2.000E+00
9.133E+06 2.277E+02 2.227E+00 5.137E-05 3.124E-02 2.769E+03 9.780E-01 4.503E+01 2.000E+00
2.302E+08 8.002E+02 1.553E+00 5.137E-05 3.125E-02 1.294E+03 9.781E-01 4.503E+01 2.000E+00
3.440E+06 5.736E+02 1.749E+00 5.137E-05 3.127E-02 1.468E+03 9.781E-01 4.503E+01 2.000E+00
3.578E+06 7.186E+02 1.616E+00 5.137E-05 3.130E-02 1.339E+03 9.781E-01 4.503E+01 2.000E+00
5.962E+06 4.870E+02 1.845E+00 5.137E-05 3.136E-02 1.573E+03 9.782E-01 4.503E+01 2.000E+00
2.552E+07 8.764E+02 1.500E+00 5.137E-05 3.147E-02 1.259E+03 9.783E-01 4.503E+01 2.000E+00
3.738E+06 7.045E+02 1.628E+00 5.137E-05 3.167E-02 1.350E+03 9.785E-01 4.504E+01 2.000E+00
2.446E+06 3.403E+02 2.045E+00 5.137E-05 3.203E-02 1.928E+03 9.788E-01 4.505E+01 2.000E+00
5.071E+07 5.337E+02 1.794E+00 5.137E-05 3.269E-02 1.506E+03 9.794E-01 4.506E+01 2.000E+00
1.983E+07 5.455E+02 1.783E+00 5.137E-05 3.391E-02 1.479E+03 9.806E-01 4.509E+01 2.000E+00
1.438E+06 3.896E+02 1.983E+00 5.137E-05 3.615E-02 1.735E+03 9.827E-01 4.514E+01 2.000E+00
3.197E+06 4.964E+02 1.833E+00 6.498E-05 3.123E-02 1.558E+03 9.781E-01 4.503E+01 2.000E+00
3.405E+06 4.964E+02 1.833E+00 6.498E-05 3.123E-02 1.557E+03 9.781E-01 4.503E+01 2.000E+00
3.872E+06 4.964E+02 1.833E+00 6.498E-05 3.123E-02 1.558E+03 9.781E-01 4.503E+01 2.000E+00
5.200E+06 4.964E+02 1.833E+00 6.498E-05 3.123E-02 1.557E+03 9.781E-01 4.503E+01 2.000E+00
3.873E+06 4.453E+02 1.896E+00 6.498E-05 3.123E-02 1.645E+03 9.781E-01 4.503E+01 2.000E+00
2.497E+09 4.453E+02 1.896E+00 6.498E-05 3.123E-02 1.646E+03 9.781E-01 4.503E+01 2.000E+00
5.331E+07 4.084E+02 1.944E+00 6.498E-05 3.123E-02 1.727E+03 9.781E-01 4.503E+01 2.000E+00
1.242E+06 2.682E+02 2.158E+00 6.498E-05 3.123E-02 2.338E+03 9.781E-01 4.503E+01 2.000E+00
8.598E+06 4.370E+02 1.906E+00 6.498E-05 3.124E-02 1.663E+03 9.781E-01 4.503E+01 2.000E+00
2.381E+07 2.277E+02 2.227E+00 6.498E-05 3.124E-02 2.769E+03 9.781E-01 4.503E+01 2.000E+00
3.129E+07 8.840E+02 1.495E+00 6.498E-05 3.125E-02 1.257E+03 9.781E-01 4.503E+01 2.000E+00
4.009E+06 5.736E+02 1.749E+00 6.498E-05 3.127E-02 1.459E+03 9.781E-01 4.503E+01 2.000E+00
3.888E+06 7.186E+02 1.616E+00 6.498E-05 3.130E-02 1.389E+03 9.781E-01 4.503E+01 2.000E+00
9.173E+06 4.870E+02 1.845E+00 6.498E-05 3.136E-02 1.571E+03 9.782E-01 4.503E+01 2.000E+00
3.353E+07 8.764E+02 1.500E+00 6.498E-05 3.147E-02 1.259E+03 9.783E-01 4.503E+01 2.000E+00
4.107E+06 7.045E+02 1.628E+00 6.498E-05 3.167E-02 1.347E+03 9.785E-01 4.504E+01 2.000E+00
3.015E+06 3.403E+02 2.045E+00 6.498E-05 3.203E-02 1.928E+03 9.788E-01 4.505E+01 2.000E+00
1.929E+06 5.231E+02 1.805E+00 6.498E-05 3.269E-02 1.512E+03 9.794E-01 4.506E+01 2.000E+00
4.157E+09 5.455E+02 1.783E+00 6.498E-05 3.391E-02 1.480E+03 9.806E-01 4.509E+01 2.000E+00
1.589E+06 3.896E+02 1.983E+00 6.498E-05 3.615E-02 1.734E+03 9.827E-01 4.514E+01 2.000E+00
4.302E+06 4.964E+02 1.833E+00 8.219E-05 3.123E-02 1.558E+03 9.781E-01 4.503E+01 2.000E+00
4.618E+06 4.964E+02 1.833E+00 8.219E-05 3.123E-02 1.558E+03 9.781E-01 4.503E+01 2.000E+00
5.433E+06 4.964E+02 1.833E+00 8.219E-05 3.123E-02 1.573E+03 9.781E-01 4.503E+01 2.000E+00
3.200E+06 4.453E+02 1.896E+00 8.219E-05 3.123E-02 1.646E+03 9.781E-01 4.503E+01 2.000E+00
5.672E+06 4.453E+02 1.896E+00 8.219E-05 3.123E-02 1.653E+03 9.781E-01 4.503E+01 2.000E+00
3.634E+06 4.044E+02 1.950E+00 8.219E-05 3.123E-02 1.736E+03 9.781E-01 4.503E+01 2.000E+00
1.494E+06 4.063E+02 1.947E+00 8.219E-05 3.123E-02 1.732E+03 9.781E-01 4.503E+01 2.000E+00
1.430E+06 2.682E+02 2.158E+00 8.219E-05 3.123E-02 2.338E+03 9.781E-01 4.503E+01 2.000E+00
3.418E+07 4.370E+02 1.906E+00 8.219E-05 3.124E-02 1.691E+03 9.781E-01 4.503E+01 2.000E+00
3.861E+06 2.205E+02 2.239E+00 8.219E-05 3.124E-02 2.880E+03 9.781E-01 4.503E+01 2.000E+00
5.432E+07 8.613E+02 1.510E+00 8.219E-05 3.125E-02 1.265E+03 9.781E-01 4.503E+01 2.000E+00
5.103E+06 5.736E+02 1.749E+00 8.219E-05 3.127E-02 1.459E+03 9.781E-01 4.503E+01 2.000E+00
4.375E+06 7.186E+02 1.616E+00 8.219E-05 3.130E-02 1.339E+03 9.781E-01 4.503E+01 2.000E+00
3.015E+07 4.870E+02 1.845E+00 8.219E-05 3.136E-02 1.572E+03 9.782E-01 4.503E+01 2.000E+00
5.591E+07 8.764E+02 1.500E+00 8.219E-05 3.147E-02 1.259E+03 9.783E-01 4.503E+01 2.000E+00
4.703E+06 7.045E+02 1.628E+00 8.219E-05 3.167E-02 1.351E+03 9.785E-01 4.504E+01 2.000E+00
4.305E+06 3.403E+02 2.045E+00 8.219E-05 3.203E-02 1.928E+03 9.788E-01 4.505E+01 2.000E+00
2.173E+06 5.231E+02 1.805E+00 8.219E-05 3.269E-02 1.512E+03 9.795E-01 4.506E+01 2.000E+00
4.313E+07 7.080E+02 1.628E+00 8.219E-05 3.391E-02 1.337E+03 9.806E-01 4.509E+01 2.000E+00
1.836E+06 3.896E+02 1.983E+00 8.219E-05 3.615E-02 1.735E+03 9.827E-01 4.514E+01 2.000E+00
2.891E+06 4.453E+02 1.896E+00 1.040E-04 3.123E-02 1.645E+03 9.781E-01 4.503E+01 2.000E+00
3.084E+06 4.453E+02 1.896E+00 1.040E-04 3.123E-02 1.649E+03 9.781E-01 4.503E+01 2.000E+00
3.516E+06 4.453E+02 1.896E+00 1.040E-04 3.123E-02 1.645E+03 9.781E-01 4.503E+01 2.000E+00
4.758E+06 4.453E+02 1.896E+00 1.040E-04 3.123E-02 1.646E+03 9.781E-01 4.503E+01 2.000E+00
1.431E+07 4.453E+02 1.896E+00 1.040E-04 3.123E-02 1.646E+03 9.781E-01 4.503E+01 2.000E+00
6.241E+06 4.044E+02 1.950E+00 1.040E-04 3.123E-02 1.740E+03 9.781E-01 4.503E+01 2.000E+00
1.764E+06 4.063E+02 1.947E+00 1.040E-04 3.123E-02 1.731E+03 9.781E-01 4.503E+01 2.000E+00
1.777E+06 2.682E+02 2.158E+00 1.040E-04 3.123E-02 2.338E+03 9.781E-01 4.503E+01 2.000E+00
1.948E+07 4.320E+02 1.913E+00 1.040E-04 3.124E-02 1.672E+03 9.781E-01 4.503E+01 2.000E+00
5.726E+06 2.205E+02 2.239E+00 1.040E-04 3.124E-02 2.881E+03 9.781E-01 4.503E+01 2.000E+00
1.024E+09 8.613E+02 1.510E+00 1.040E-04 3.125E-02 1.265E+03 9.781E-01 4.503E+01 2.000E+00
7.912E+06 5.736E+02 1.749E+00 1.040E-04 3.127E-02 1.459E+03 9.781E-01 4.503E+01 2.000E+00
5.217E+06 7.186E+02 1.616E+00 1.040E-04 3.130E-02 1.339E+03 9.782E-01 4.503E+01 2.000E+00
2.666E+07 5.876E+02 1.735E+00 1.040E-04 3.136E-02 1.446E+03 9.782E-01 4.503E+01 2.000E+00
3.821E+08 8.764E+02 1.500E+00 1.040E-04 3.147E-02 1.319E+03 9.783E-01 4.503E+01 2.000E+00
5.788E+06 7.045E+02 1.628E+00 1.040E-04 3.167E-02 1.347E+03 9.785E-01 4.504E+01 2.000E+00
9.650E+06 3.403E+02 2.045E+00 1.040E-04 3.203E-02 1.928E+03 9.788E-01 4.505E+01 2.000E+00
2.599E+06 5.231E+02 1.805E+00 1.040E-04 3.269E-02 1.513E+03 9.795E-01 4.506E+01 2.000E+00
3.044E+07 9.232E+02 1.472E+00 1.040E-04 3.391E-02 1.235E+03 9.806E-01 4.509E+01 2.000E+00
2.299E+06 3.896E+02 1.983E+00 1.040E-04 3.615E-02 1.734E+03 9.827E-01 4.514E+01 2.000E+00
4.605E+06 4.453E+02 1.896E+00 1.315E-04 3.123E-02 1.647E+03 9.781E-01 4.503E+01 2.000E+00
5.134E+06 4.453E+02 1.896E+00 1.315E-04 3.123E-02 1.646E+03 9.781E-01 4.503E+01 2.000E+00
6.518E+06 4.453E+02 1.896E+00 1.315E-04 3.123E-02 1.645E+03 9.781E-01 4.503E+01 2.000E+00
1.310E+07 4.453E+02 1.896E+00 1.315E-04 3.123E-02 1.649E+03 9.781E-01 4.503E+01 2.000E+00
3.491E+06 4.044E+02 1.950E+00 1.315E-04 3.123E-02 1.736E+03 9.781E-01 4.503E+01 2.000E+00
9.932E+07 4.044E+02 1.950E+00 1.315E-04 3.123E-02 1.736E+03 9.781E-01 4.503E+01 2.000E+00
2.311E+06 4.063E+02 1.947E+00 1.315E-04 3.123E-02 1.731E+03 9.781E-01 4.503E+01 2.000E+00
2.596E+06 2.682E+02 2.158E+00 1.315E-04 3.123E-02 2.338E+03 9.781E-01 4.503E+01 2.000E+00
6.094E+09 8.714E+02 1.503E+00 1.315E-04 3.124E-02 1.262E+03 9.781E-01 4.503E+01 2.000E+00
1.510E+07 2.205E+02 2.239E+00 1.315E-04 3.124E-02 2.880E+03 9.781E-01 4.503E+01 2.000E+00
1.625E+07 6.549E+02 1.671E+00 1.315E-04 3.125E-02 1.389E+03 9.781E-01 4.503E+01 2.000E+00
1.067E+06 2.811E+02 2.137E+00 1.315E-04 3.127E-02 2.260E+03 9.782E-01 4.503E+01 2.000E+00
6.952E+06 7.186E+02 1.616E+00 1.315E-04 3.130E-02 1.339E+03 9.782E-01 4.503E+01 2.000E+00
2.346E+07 9.968E+02 1.426E+00 1.315E-04 3.136E-02 1.218E+03 9.782E-01 4.503E+01 2.000E+00
2.357E+07 8.871E+02 1.493E+00 1.315E-04 3.147E-02 1.257E+03 9.783E-01 4.503E+01 2.000E+00
8.261E+06 7.045E+02 1.628E+00 1.315E-04 3.167E-02 1.347E+03 9.785E-01 4.504E+01 2.000E+00
2.026E+07 4.513E+02 1.890E+00 1.315E-04 3.203E-02 1.689E+03 9.789E-01 4.505E+01 2.000E+00
3.493E+06 5.231E+02 1.805E+00 1.315E-04 3.269E-02 1.512E+03 9.795E-01 4.506E+01 2.000E+00
4.607E+07 9.232E+02 1.472E+00 1.315E-04 3.391E-02 1.235E+03 9.807E-01 4.509E+01 2.000E+00
3.425E+06 3.896E+02 1.983E+00 1.315E-04 3.615E-02 1.734E+03 9.828E-01 4.514E+01 2.000E+00
2.111E+07 4.453E+02 1.896E+00 1.663E-04 3.123E-02 1.656E+03 9.781E-01 4.503E+01 2.000E+00
4.178E+07 4.453E+02 1.896E+00 1.663E-04 3.123E-02 1.645E+03 9.781E-01 4.503E+01 2.000E+00
2.762E+07 4.944E+02 1.836E+00 1.663E-04 3.123E-02 1.560E+03 9.781E-01 4.503E+01 2.000E+00
3.979E+06 4.044E+02 1.950E+00 1.663E-04 3.123E-02 1.736E+03 9.781E-01 4.503E+01 2.000E+00
9.846E+06 4.044E+02 1.950E+00 1.663E-04 3.123E-02 1.736E+03 9.781E-01 4.503E+01 2.000E+00
1.393E+06 4.063E+02 1.947E+00 1.663E-04 3.123E-02 1.732E+03 9.781E-01 4.503E+01 2.000E+00
3.906E+06 4.063E+02 1.947E+00 1.663E-04 3.123E-02 1.731E+03 9.781E-01 4.503E+01 2.000E+00
6.569E+06 2.682E+02 2.158E+00 1.663E-04 3.123E-02 2.338E+03 9.781E-01 4.503E+01 2.000E+00
1.305E+07 8.848E+02 1.494E+00 1.663E-04 3.124E-02 1.256E+03 9.782E-01 4.503E+01 2.000E+00
3.239E+07 4.190E+02 1.930E+00 1.663E-04 3.124E-02 1.701E+03 9.782E-01 4.503E+01 2.000E+00
2.547E+07 9.743E+02 1.439E+00 1.663E-04 3.125E-02 1.227E+03 9.782E-01 4.503E+01 2.000E+00
1.396E+07 5.653E+02 1.757E+00 1.663E-04 3.127E-02 1.469E+03 9.782E-01 4.503E+01 2.000E+00
1.229E+07 7.186E+02 1.616E+00 1.663E-04 3.130E-02 1.340E+03 9.782E-01 4.503E+01 2.000E+00
2.376E+07 9.968E+02 1.426E+00 1.663E-04 3.136E-02 1.218E+03 9.783E-01 4.503E+01 2.000E+00
4.822E+07 8.871E+02 1.493E+00 1.663E-04 3.147E-02 1.255E+03 9.784E-01 4.503E+01 2.000E+00
1.872E+07 7.045E+02 1.628E+00 1.663E-04 3.167E-02 1.347E+03 9.786E-01 4.504E+01 2.000E+00
3.254E+07 2.957E+02 2.116E+00 1.663E-04 3.203E-02 2.140E+03 9.789E-01 4.505E+01 2.000E+00
6.386E+06 5.231E+02 1.805E+00 1.663E-04 3.269E-02 1.513E+03 9.795E-01 4.506E+01 2.000E+00
1.342E+08 9.232E+02 1.472E+00 1.663E-04 3.391E-02 1.235E+03 9.807E-01 4.509E+01 2.000E+00
9.601E+06 3.896E+02 1.983E+00 1.663E-04 3.615E-02 1.734E+03 9.828E-01 4.514E+01 2.000E+00
5.962E+06 4.044E+02 1.950E+00 2.104E-04 3.123E-02 1.738E+03 9.782E-01 4.503E+01 2.000E+00
6.980E+06 4.044E+02 1.950E+00 2.104E-04 3.123E-02 1.736E+03 9.782E-01 4.503E+01 2.000E+00
1.020E+07 4.044E+02 1.950E+00 2.104E-04 3.123E-02 1.737E+03 9.782E-01 4.503E+01 2.000E+00
7.191E+07 4.044E+02 1.950E+00 2.104E-04 3.123E-02 1.736E+03 9.782E-01 4.503E+01 2.000E+00
4.256E+07 4.084E+02 1.944E+00 2.104E-04 3.123E-02 1.726E+03 9.782E-01 4.503E+01 2.000E+00
1.962E+06 4.063E+02 1.947E+00 2.104E-04 3.123E-02 1.731E+03 9.782E-01 4.503E+01 2.000E+00
4.963E+07 4.063E+02 1.947E+00 2.104E-04 3.123E-02 1.731E+03 9.782E-01 4.503E+01 2.000E+00
2.411E+07 2.610E+02 2.170E+00 2.104E-04 3.123E-02 2.397E+03 9.782E-01 4.503E+01 2.000E+00
5.930E+06 3.119E+02 2.087E+00 2.104E-04 3.124E-02 2.062E+03 9.782E-01 4.503E+01 2.000E+00
1.320E+07 8.502E+02 1.517E+00 2.104E-04 3.124E-02 1.270E+03 9.782E-01 4.503E+01 2.000E+00
1.111E+06 4.186E+02 1.931E+00 2.104E-04 3.125E-02 1.702E+03 9.782E-01 4.503E+01 2.000E+00
1.423E+07 5.769E+02 1.746E+00 2.104E-04 3.127E-02 1.456E+03 9.782E-01 4.503E+01 2.000E+00
7.238E+06 7.017E+02 1.630E+00 2.104E-04 3.130E-02 1.353E+03 9.783E-01 4.503E+01 2.000E+00
2.416E+07 9.968E+02 1.426E+00 2.104E-04 3.136E-02 1.223E+03 9.783E-01 4.503E+01 2.000E+00
6.932E+06 9.416E+02 1.458E+00 2.104E-04 3.147E-02 1.235E+03 9.784E-01 4.503E+01 2.000E+00
1.297E+07 2.926E+02 2.119E+00 2.104E-04 3.167E-02 2.163E+03 9.786E-01 4.504E+01 2.000E+00
1.933E+06 7.011E+02 1.631E+00 2.104E-04 3.203E-02 1.349E+03 9.789E-01 4.505E+01 2.000E+00
2.712E+06 2.202E+02 2.246E+00 2.104E-04 3.269E-02 2.838E+03 9.796E-01 4.506E+01 2.000E+00
1.530E+07 9.270E+02 1.469E+00 2.104E-04 3.391E-02 1.235E+03 9.807E-01 4.509E+01 2.000E+00
3.672E+07 9.054E+02 1.485E+00 2.104E-04 3.615E-02 1.238E+03 9.828E-01 4.514E+01 2.000E+00
3.609E+07 4.084E+02 1.944E+00 2.661E-04 3.123E-02 1.734E+03 9.782E-01 4.503E+01 2.000E+00
3.916E+08 4.084E+02 1.944E+00 2.661E-04 3.123E-02 1.727E+03 9.782E-01 4.503E+01 2.000E+00
1.436E+06 4.063E+02 1.947E+00 2.661E-04 3.123E-02 1.731E+03 9.782E-01 4.503E+01 2.000E+00
1.601E+06 4.063E+02 1.947E+00 2.661E-04 3.123E-02 1.731E+03 9.782E-01 4.503E+01 2.000E+00
2.043E+06 4.063E+02 1.947E+00 2.661E-04 3.123E-02 1.732E+03 9.782E-01 4.503E+01 2.000E+00
4.376E+06 4.063E+02 1.947E+00 2.661E-04 3.123E-02 1.731E+03 9.782E-01 4.503E+01 2.000E+00
2.023E+06 2.682E+02 2.158E+00 2.661E-04 3.123E-02 2.339E+03 9.782E-01 4.503E+01 2.000E+00
4.296E+06 4.368E+02 1.907E+00 2.661E-04 3.123E-02 1.696E+03 9.782E-01 4.503E+01 2.000E+00
1.762E+06 3.127E+02 2.085E+00 2.661E-04 3.124E-02 2.062E+03 9.783E-01 4.503E+01 2.000E+00
3.507E+07 8.502E+02 1.517E+00 2.661E-04 3.124E-02 1.270E+03 9.783E-01 4.503E+01 2.000E+00
1.525E+06 4.186E+02 1.931E+00 2.661E-04 3.125E-02 1.703E+03 9.783E-01 4.503E+01 2.000E+00
1.009E+08 5.668E+02 1.756E+00 2.661E-04 3.127E-02 1.468E+03 9.783E-01 4.503E+01 2.000E+00
3.554E+07 7.017E+02 1.630E+00 2.661E-04 3.130E-02 1.350E+03 9.783E-01 4.503E+01 2.000E+00
2.467E+07 9.968E+02 1.426E+00 2.661E-04 3.136E-02 1.218E+03 9.784E-01 4.503E+01 2.000E+00
7.759E+06 9.416E+02 1.458E+00 2.661E-04 3.147E-02 1.235E+03 9.785E-01 4.503E+01 2.000E+00
5.065E+06 6.154E+02 1.708E+00 2.661E-04 3.167E-02 1.416E+03 9.787E-01 4.504E+01 2.000E+00
2.194E+08 3.369E+02 2.050E+00 2.661E-04 3.203E-02 1.942E+03 9.790E-01 4.505E+01 2.000E+00
6.364E+06 2.202E+02 2.246E+00 2.661E-04 3.269E-02 2.838E+03 9.796E-01 4.506E+01 2.000E+00
2.248E+07 9.270E+02 1.469E+00 2.661E-04 3.391E-02 1.234E+03 9.808E-01 4.509E+01 2.000E+00
1.411E+06 2.321E+02 2.242E+00 2.661E-04 3.615E-02 2.579E+03 9.829E-01 4.514E+01 2.000E+00
2.381E+06 4.063E+02 1.947E+00 3.366E-04 3.123E-02 1.731E+03 9.783E-01 4.503E+01 2.000E+00
2.518E+06 4.063E+02 1.947E+00 3.366E-04 3.123E-02 1.731E+03 9.783E-01 4.503E+01 2.000E+00
7.305E+05 2.467E+02 2.194E+00 3.366E-04 3.123E-02 2.535E+03 9.783E-01 4.503E+01 2.000E+00
3.617E+06 4.063E+02 1.947E+00 3.366E-04 3.123E-02 1.731E+03 9.783E-01 4.503E+01 2.000E+00
7.800E+06 4.063E+02 1.947E+00 3.366E-04 3.123E-02 1.736E+03 9.783E-01 4.503E+01 2.000E+00
1.749E+06 2.682E+02 2.158E+00 3.366E-04 3.123E-02 2.338E+03 9.783E-01 4.503E+01 2.000E+00
4.476E+07 2.682E+02 2.158E+00 3.366E-04 3.123E-02 2.338E+03 9.783E-01 4.503E+01 2.000E+00
2.711E+06 4.370E+02 1.906E+00 3.366E-04 3.123E-02 1.662E+03 9.783E-01 4.503E+01 2.000E+00
8.281E+06 3.127E+02 2.085E+00 3.366E-04 3.124E-02 2.069E+03 9.783E-01 4.503E+01 2.000E+00
1.310E+07 8.844E+02 1.494E+00 3.366E-04 3.124E-02 1.256E+03 9.783E-01 4.503E+01 2.000E+00
3.110E+06 4.186E+02 1.931E+00 3.366E-04 3.125E-02 1.702E+03 9.783E-01 4.503E+01 2.000E+00
5.773E+06 5.643E+02 1.759E+00 3.366E-04 3.127E-02 1.470E+03 9.783E-01 4.503E+01 2.000E+00
2.231E+06 2.712E+02 2.153E+00 3.366E-04 3.130E-02 2.313E+03 9.784E-01 4.503E+01 2.000E+00
2.536E+07 9.968E+02 1.426E+00 3.366E-04 3.136E-02 1.219E+03 9.784E-01 4.503E+01 2.000E+00
9.166E+06 9.416E+02 1.458E+00 3.366E-04 3.147E-02 1.235E+03 9.785E-01 4.503E+01 2.000E+00
3.497E+07 4.382E+02 1.906E+00 3.366E-04 3.167E-02 1.657E+03 9.787E-01 4.504E+01 2.000E+00
3.212E+06 7.011E+02 1.631E+00 3.366E-04 3.203E-02 1.348E+03 9.791E-01 4.505E+01 2.000E+00
4.834E+06 2.603E+02 2.177E+00 3.366E-04 3.269E-02 2.376E+03 9.797E-01 4.506E+01 2.000E+00
5.695E+07 9.270E+02 1.469E+00 3.366E-04 3.391E-02 1.235E+03 9.808E-01 4.509E+01 2.000E+00
2.788E+06 2.321E+02 2.242E+00 3.366E-04 3.615E-02 2.579E+03 9.830E-01 4.514E+01 2.000E+00
1.653E+06 2.682E+02 2.158E+00 4.257E-04 3.123E-02 2.338E+03 9.784E-01 4.503E+01 2.000E+00
1.725E+06 2.682E+02 2.158E+00 4.257E-04 3.123E-02 2.338E+03 9.784E-01 4.503E+01 2.000E+00
1.875E+06 2.682E+02 2.158E+00 4.257E-04 3.123E-02 2.340E+03 9.784E-01 4.503E+01 2.000E+00
2.237E+06 2.682E+02 2.158E+00 4.257E-04 3.123E-02 2.342E+03 9.784E-01 4.503E+01 2.000E+00
3.506E+06 2.682E+02 2.158E+00 4.257E-04 3.123E-02 2.338E+03 9.784E-01 4.503E+01 2.000E+00
6.689E+06 2.610E+02 2.170E+00 4.257E-04 3.123E-02 2.397E+03 9.784E-01 4.503E+01 2.000E+00
3.178E+06 4.368E+02 1.907E+00 4.257E-04 3.123E-02 1.663E+03 9.784E-01 4.503E+01 2.000E+00
1.747E+07 4.320E+02 1.913E+00 4.257E-04 3.123E-02 1.674E+03 9.784E-01 4.503E+01 2.000E+00
1.028E+07 4.612E+02 1.876E+00 4.257E-04 3.124E-02 1.636E+03 9.784E-01 4.503E+01 2.000E+00
4.990E+07 8.844E+02 1.494E+00 4.257E-04 3.124E-02 1.256E+03 9.784E-01 4.503E+01 2.000E+00
2.634E+07 5.787E+02 1.744E+00 4.257E-04 3.125E-02 1.454E+03 9.784E-01 4.503E+01 2.000E+00
7.218E+06 6.021E+02 1.720E+00 4.257E-04 3.127E-02 1.430E+03 9.784E-01 4.503E+01 2.000E+00
2.090E+06 3.938E+02 1.965E+00 4.257E-04 3.130E-02 1.763E+03 9.785E-01 4.503E+01 2.000E+00
2.629E+07 9.968E+02 1.426E+00 4.257E-04 3.136E-02 1.237E+03 9.785E-01 4.503E+01 2.000E+00
1.197E+07 9.416E+02 1.458E+00 4.257E-04 3.147E-02 1.235E+03 9.786E-01 4.503E+01 2.000E+00
5.192E+06 3.577E+02 2.018E+00 4.257E-04 3.167E-02 1.868E+03 9.788E-01 4.504E+01 2.000E+00
6.704E+06 7.011E+02 1.631E+00 4.257E-04 3.203E-02 1.494E+03 9.792E-01 4.505E+01 2.000E+00
1.601E+06 7.993E+02 1.555E+00 4.257E-04 3.269E-02 1.290E+03 9.798E-01 4.506E+01 2.000E+00
4.341E+06 6.445E+02 1.684E+00 4.257E-04 3.391E-02 1.384E+03 9.809E-01 4.509E+01 2.000E+00
7.613E+05 2.223E+02 2.260E+00 4.257E-04 3.615E-02 2.701E+03 9.831E-01 4.514E+01 2.000E+00
4.568E+07 2.610E+02 2.170E+00 5.385E-04 3.123E-02 2.398E+03 9.785E-01 4.503E+01 2.000E+00
3.707E+06 8.714E+02 1.503E+00 5.385E-04 3.123E-02 1.262E+03 9.785E-01 4.503E+01 2.000E+00
3.790E+06 8.714E+02 1.503E+00 5.385E-04 3.123E-02 1.261E+03 9.785E-01 4.503E+01 2.000E+00
3.953E+06 8.714E+02 1.503E+00 5.385E-04 3.123E-02 1.261E+03 9.785E-01 4.503E+01 2.000E+00
2.177E+07 4.366E+02 1.907E+00 5.385E-04 3.123E-02 1.663E+03 9.785E-01 4.503E+01 2.000E+00
2.158E+07 5.387E+02 1.786E+00 5.385E-04 3.123E-02 1.500E+03 9.785E-01 4.503E+01 2.000E+00
4.007E+06 4.370E+02 1.906E+00 5.385E-04 3.123E-02 1.662E+03 9.785E-01 4.503E+01 2.000E+00
1.949E+07 3.111E+02 2.088E+00 5.385E-04 3.123E-02 2.085E+03 9.785E-01 4.503E+01 2.000E+00
8.821E+07 6.177E+02 1.705E+00 5.385E-04 3.124E-02 1.416E+03 9.785E-01 4.503E+01 2.000E+00
3.986E+06 4.386E+02 1.904E+00 5.385E-04 3.124E-02 1.659E+03 9.785E-01 4.503E+01 2.000E+00
2.008E+06 5.093E+02 1.819E+00 5.385E-04 3.125E-02 1.539E+03 9.785E-01 4.503E+01 2.000E+00
7.785E+06 5.895E+02 1.733E+00 5.385E-04 3.127E-02 1.443E+03 9.785E-01 4.503E+01 2.000E+00
9.395E+06 3.545E+02 2.021E+00 5.385E-04 3.130E-02 1.883E+03 9.786E-01 4.503E+01 2.000E+00
3.393E+07 8.551E+02 1.514E+00 5.385E-04 3.136E-02 1.268E+03 9.786E-01 4.503E+01 2.000E+00
1.985E+07 9.416E+02 1.458E+00 5.385E-04 3.147E-02 1.235E+03 9.787E-01 4.503E+01 2.000E+00
5.609E+06 5.722E+02 1.751E+00 5.385E-04 3.167E-02 1.459E+03 9.789E-01 4.504E+01 2.000E+00
1.565E+07 9.557E+02 1.450E+00 5.385E-04 3.203E-02 1.230E+03 9.793E-01 4.505E+01 2.000E+00
1.877E+06 7.993E+02 1.555E+00 5.385E-04 3.269E-02 1.290E+03 9.799E-01 4.506E+01 2.000E+00
5.156E+07 4.361E+02 1.913E+00 5.385E-04 3.391E-02 1.646E+03 9.810E-01 4.509E+01 2.000E+00
8.409E+05 2.244E+02 2.256E+00 5.385E-04 3.615E-02 2.676E+03 9.832E-01 4.514E+01 2.000E+00
1.330E+07 4.368E+02 1.907E+00 6.811E-04 3.123E-02 1.671E+03 9.786E-01 4.503E+01 2.000E+00
1.939E+07 4.368E+02 1.907E+00 6.811E-04 3.123E-02 1.663E+03 9.786E-01 4.503E+01 2.000E+00
1.277E+08 4.368E+02 1.907E+00 6.811E-04 3.123E-02 1.663E+03 9.786E-01 4.503E+01 2.000E+00
2.356E+07 4.322E+02 1.913E+00 6.811E-04 3.123E-02 1.673E+03 9.786E-01 4.503E+01 2.000E+00
3.568E+06 4.370E+02 1.906E+00 6.811E-04 3.123E-02 1.663E+03 9.786E-01 4.503E+01 2.000E+00
5.098E+07 4.370E+02 1.906E+00 6.811E-04 3.123E-02 1.663E+03 9.786E-01 4.503E+01 2.000E+00
2.141E+07 3.119E+02 2.087E+00 6.811E-04 3.123E-02 2.062E+03 9.786E-01 4.503E+01 2.000E+00
1.605E+06 2.277E+02 2.227E+00 6.811E-04 3.123E-02 2.770E+03 9.786E-01 4.503E+01 2.000E+00
3.649E+06 4.157E+02 1.934E+00 6.811E-04 3.124E-02 1.709E+03 9.786E-01 4.503E+01 2.000E+00
1.028E+07 6.248E+02 1.698E+00 6.811E-04 3.124E-02 1.410E+03 9.786E-01 4.503E+01 2.000E+00
8.666E+06 5.810E+02 1.741E+00 6.811E-04 3.125E-02 1.451E+03 9.787E-01 4.503E+01 2.000E+00
6.383E+07 4.884E+02 1.843E+00 6.811E-04 3.127E-02 1.574E+03 9.787E-01 4.503E+01 2.000E+00
1.120E+07 3.079E+02 2.093E+00 6.811E-04 3.130E-02 2.083E+03 9.787E-01 4.503E+01 2.000E+00
2.660E+07 8.362E+02 1.527E+00 6.811E-04 3.136E-02 1.279E+03 9.788E-01 4.503E+01 2.000E+00
1.442E+08 9.416E+02 1.458E+00 6.811E-04 3.147E-02 1.235E+03 9.789E-01 4.503E+01 2.000E+00
7.865E+06 5.842E+02 1.739E+00 6.811E-04 3.167E-02 1.447E+03 9.791E-01 4.504E+01 2.000E+00
3.091E+06 6.519E+02 1.674E+00 6.811E-04 3.203E-02 1.384E+03 9.794E-01 4.505E+01 2.000E+00
2.460E+06 7.993E+02 1.555E+00 6.811E-04 3.269E-02 1.290E+03 9.800E-01 4.506E+01 2.000E+00
4.232E+07 3.986E+02 1.964E+00 6.811E-04 3.391E-02 1.730E+03 9.812E-01 4.509E+01 2.000E+00
1.550E+06 2.244E+02 2.256E+00 6.811E-04 3.615E-02 2.674E+03 9.833E-01 4.514E+01 2.000E+00
1.132E+07 3.119E+02 2.087E+00 8.615E-04 3.123E-02 2.062E+03 9.788E-01 4.503E+01 2.000E+00
1.660E+07 3.119E+02 2.087E+00 8.615E-04 3.123E-02 2.062E+03 9.788E-01 4.503E+01 2.000E+00
1.195E+08 3.119E+02 2.087E+00 8.615E-04 3.123E-02 2.066E+03 9.788E-01 4.503E+01 2.000E+00
3.260E+07 3.111E+02 2.088E+00 8.615E-04 3.123E-02 2.113E+03 9.788E-01 4.503E+01 2.000E+00
2.010E+06 3.064E+02 2.096E+00 8.615E-04 3.123E-02 2.091E+03 9.788E-01 4.503E+01 2.000E+00
5.013E+06 3.064E+02 2.096E+00 8.615E-04 3.123E-02 2.091E+03 9.788E-01 4.503E+01 2.000E+00
2.235E+06 2.277E+02 2.227E+00 8.615E-04 3.123E-02 2.770E+03 9.788E-01 4.503E+01 2.000E+00
1.632E+07 2.205E+02 2.239E+00 8.615E-04 3.123E-02 2.881E+03 9.788E-01 4.503E+01 2.000E+00
9.674E+06 8.502E+02 1.517E+00 8.615E-04 3.124E-02 1.271E+03 9.788E-01 4.503E+01 2.000E+00
5.294E+06 8.521E+02 1.516E+00 8.615E-04 3.124E-02 1.272E+03 9.788E-01 4.503E+01 2.000E+00
1.037E+08 7.514E+02 1.589E+00 8.615E-04 3.125E-02 1.320E+03 9.788E-01 4.503E+01 2.000E+00
2.819E+06 6.718E+02 1.656E+00 8.615E-04 3.127E-02 1.371E+03 9.788E-01 4.503E+01 2.000E+00
9.790E+06 2.364E+02 2.212E+00 8.615E-04 3.130E-02 2.651E+03 9.789E-01 4.503E+01 2.000E+00
3.204E+07 9.968E+02 1.426E+00 8.615E-04 3.136E-02 1.223E+03 9.789E-01 4.503E+01 2.000E+00
1.619E+07 6.464E+02 1.679E+00 8.615E-04 3.147E-02 1.391E+03 9.790E-01 4.503E+01 2.000E+00
3.788E+06 9.933E+02 1.428E+00 8.615E-04 3.167E-02 1.220E+03 9.792E-01 4.504E+01 2.000E+00
1.492E+07 2.657E+02 2.165E+00 8.615E-04 3.203E-02 2.344E+03 9.796E-01 4.505E+01 2.000E+00
6.378E+06 2.850E+02 2.136E+00 8.615E-04 3.269E-02 2.197E+03 9.802E-01 4.506E+01 2.000E+00
3.489E+06 3.915E+02 1.974E+00 8.615E-04 3.391E-02 1.748E+03 9.813E-01 4.509E+01 2.000E+00
1.829E+07 3.689E+02 2.013E+00 8.615E-04 3.615E-02 1.792E+03 9.835E-01 4.514E+01 2.000E+00
6.619E+06 2.277E+02 2.227E+00 1.090E-03 3.123E-02 2.770E+03 9.790E-01 4.503E+01 2.000E+00
7.538E+06 2.277E+02 2.227E+00 1.090E-03 3.123E-02 2.770E+03 9.790E-01 4.503E+01 2.000E+00
1.012E+07 2.277E+02 2.227E+00 1.090E-03 3.123E-02 2.772E+03 9.790E-01 4.503E+01 2.000E+00
2.762E+07 2.277E+02 2.227E+00 1.090E-03 3.123E-02 2.770E+03 9.790E-01 4.503E+01 2.000E+00
5.515E+06 2.205E+02 2.239E+00 1.090E-03 3.123E-02 2.881E+03 9.790E-01 4.503E+01 2.000E+00
6.139E+07 2.205E+02 2.239E+00 1.090E-03 3.123E-02 2.881E+03 9.790E-01 4.503E+01 2.000E+00
8.559E+06 6.158E+02 1.707E+00 1.090E-03 3.123E-02 1.418E+03 9.790E-01 4.503E+01 2.000E+00
1.258E+07 8.675E+02 1.506E+00 1.090E-03 3.123E-02 1.263E+03 9.790E-01 4.503E+01 2.000E+00
2.212E+06 4.386E+02 1.904E+00 1.090E-03 3.124E-02 1.660E+03 9.790E-01 4.503E+01 2.000E+00
2.048E+08 8.521E+02 1.516E+00 1.090E-03 3.124E-02 1.270E+03 9.790E-01 4.503E+01 2.000E+00
5.054E+06 7.438E+02 1.595E+00 1.090E-03 3.125E-02 1.324E+03 9.790E-01 4.503E+01 2.000E+00
1.907E+07 4.786E+02 1.854E+00 1.090E-03 3.127E-02 1.587E+03 9.791E-01 4.503E+01 2.000E+00
3.059E+06 7.256E+02 1.610E+00 1.090E-03 3.130E-02 1.335E+03 9.791E-01 4.503E+01 2.000E+00
1.209E+07 6.068E+02 1.716E+00 1.090E-03 3.136E-02 1.426E+03 9.791E-01 4.503E+01 2.000E+00
3.734E+06 5.641E+02 1.759E+00 1.090E-03 3.147E-02 1.469E+03 9.792E-01 4.503E+01 2.000E+00
3.875E+06 9.933E+02 1.428E+00 1.090E-03 3.167E-02 1.219E+03 9.794E-01 4.504E+01 2.000E+00
8.024E+06 8.929E+02 1.489E+00 1.090E-03 3.203E-02 1.251E+03 9.798E-01 4.505E+01 2.000E+00
6.055E+06 9.392E+02 1.461E+00 1.090E-03 3.269E-02 1.234E+03 9.804E-01 4.506E+01 2.000E+00
3.137E+07 6.713E+02 1.659E+00 1.090E-03 3.391E-02 1.362E+03 9.816E-01 4.509E+01 2.000E+00
2.249E+07 3.054E+02 2.114E+00 1.090E-03 3.615E-02 2.033E+03 9.837E-01 4.514E+01 2.000E+00
3.621E+06 4.157E+02 1.934E+00 1.378E-03 3.123E-02 1.709E+03 9.793E-01 4.503E+01 2.000E+00
3.955E+06 4.157E+02 1.934E+00 1.378E-03 3.123E-02 1.710E+03 9.793E-01 4.503E+01 2.000E+00
4.768E+06 4.157E+02 1.934E+00 1.378E-03 3.123E-02 1.709E+03 9.793E-01 4.503E+01 2.000E+00
7.731E+06 4.157E+02 1.934E+00 1.378E-03 3.123E-02 1.709E+03 9.793E-01 4.503E+01 2.000E+00
1.675E+07 4.310E+02 1.914E+00 1.378E-03 3.123E-02 1.675E+03 9.793E-01 4.503E+01 2.000E+00
1.010E+07 8.675E+02 1.505E+00 1.378E-03 3.123E-02 1.264E+03 9.793E-01 4.503E+01 2.000E+00
5.746E+07 8.675E+02 1.505E+00 1.378E-03 3.123E-02 1.264E+03 9.793E-01 4.503E+01 2.000E+00
1.639E+06 4.386E+02 1.904E+00 1.378E-03 3.123E-02 1.659E+03 9.793E-01 4.503E+01 2.000E+00
2.404E+06 2.661E+02 2.162E+00 1.378E-03 3.124E-02 2.355E+03 9.793E-01 4.503E+01 2.000E+00
2.057E+06 4.186E+02 1.931E+00 1.378E-03 3.124E-02 1.702E+03 9.793E-01 4.503E+01 2.000E+00
8.095E+06 7.771E+02 1.570E+00 1.378E-03 3.125E-02 1.306E+03 9.793E-01 4.503E+01 2.000E+00
4.993E+06 9.968E+02 1.426E+00 1.378E-03 3.127E-02 1.219E+03 9.793E-01 4.503E+01 2.000E+00
2.733E+07 5.168E+02 1.810E+00 1.378E-03 3.130E-02 1.529E+03 9.794E-01 4.503E+01 2.000E+00
4.339E+07 9.968E+02 1.426E+00 1.378E-03 3.136E-02 1.220E+03 9.794E-01 4.503E+01 2.000E+00
1.166E+08 4.797E+02 1.854E+00 1.378E-03 3.147E-02 1.583E+03 9.795E-01 4.503E+01 2.000E+00
4.061E+06 9.750E+02 1.439E+00 1.378E-03 3.167E-02 1.224E+03 9.797E-01 4.504E+01 2.000E+00
1.074E+07 8.738E+02 1.502E+00 1.378E-03 3.203E-02 1.260E+03 9.801E-01 4.505E+01 2.000E+00
3.324E+06 5.399E+02 1.787E+00 1.378E-03 3.269E-02 1.492E+03 9.807E-01 4.506E+01 2.000E+00
3.205E+06 8.671E+02 1.508E+00 1.378E-03 3.391E-02 1.258E+03 9.818E-01 4.509E+01 2.000E+00
2.788E+06 6.242E+02 1.706E+00 1.378E-03 3.615E-02 1.389E+03 9.840E-01 4.514E+01 2.000E+00
2.080E+07 8.502E+02 1.517E+00 1.743E-03 3.123E-02 1.271E+03 9.796E-01 4.503E+01 2.000E+00
1.492E+06 4.386E+02 1.904E+00 1.743E-03 3.123E-02 1.664E+03 9.796E-01 4.503E+01 2.000E+00
1.579E+06 4.386E+02 1.904E+00 1.743E-03 3.123E-02 1.660E+03 9.796E-01 4.503E+01 2.000E+00
1.769E+06 4.386E+02 1.904E+00 1.743E-03 3.123E-02 1.660E+03 9.796E-01 4.503E+01 2.000E+00
2.290E+06 4.386E+02 1.904E+00 1.743E-03 3.123E-02 1.667E+03 9.796E-01 4.503E+01 2.000E+00
5.312E+06 4.386E+02 1.904E+00 1.743E-03 3.123E-02 1.660E+03 9.796E-01 4.503E+01 2.000E+00
6.516E+06 6.196E+02 1.703E+00 1.743E-03 3.123E-02 1.415E+03 9.796E-01 4.503E+01 2.000E+00
3.175E+06 8.521E+02 1.516E+00 1.743E-03 3.123E-02 1.270E+03 9.796E-01 4.503E+01 2.000E+00
3.162E+07 8.521E+02 1.516E+00 1.743E-03 3.124E-02 1.270E+03 9.796E-01 4.503E+01 2.000E+00
4.462E+06 5.093E+02 1.819E+00 1.743E-03 3.124E-02 1.539E+03 9.796E-01 4.503E+01 2.000E+00
1.325E+06 4.595E+02 1.878E+00 1.743E-03 3.125E-02 1.619E+03 9.797E-01 4.503E+01 2.000E+00
1.033E+06 3.326E+02 2.054E+00 1.743E-03 3.127E-02 1.968E+03 9.797E-01 4.503E+01 2.000E+00
7.342E+06 9.968E+02 1.426E+00 1.743E-03 3.130E-02 1.219E+03 9.797E-01 4.503E+01 2.000E+00
5.331E+06 5.642E+02 1.759E+00 1.743E-03 3.136E-02 1.470E+03 9.798E-01 4.503E+01 2.000E+00
2.162E+07 5.893E+02 1.733E+00 1.743E-03 3.147E-02 1.443E+03 9.799E-01 4.503E+01 2.000E+00
7.905E+06 4.690E+02 1.867E+00 1.743E-03 3.167E-02 1.600E+03 9.801E-01 4.504E+01 2.000E+00
6.783E+06 8.236E+02 1.536E+00 1.743E-03 3.203E-02 1.281E+03 9.804E-01 4.505E+01 2.000E+00
8.040E+06 6.326E+02 1.693E+00 1.743E-03 3.269E-02 1.399E+03 9.810E-01 4.506E+01 2.000E+00
2.503E+06 3.854E+02 1.983E+00 1.743E-03 3.391E-02 1.765E+03 9.822E-01 4.509E+01 2.000E+00
4.317E+06 6.295E+02 1.701E+00 1.743E-03 3.615E-02 1.388E+03 9.843E-01 4.514E+01 2.000E+00
3.316E+06 8.521E+02 1.516E+00 2.205E-03 3.123E-02 1.271E+03 9.801E-01 4.503E+01 2.000E+00
3.357E+06 8.521E+02 1.516E+00 2.205E-03 3.123E-02 1.271E+03 9.801E-01 4.503E+01 2.000E+00
3.435E+06 8.521E+02 1.516E+00 2.205E-03 3.123E-02 1.273E+03 9.801E-01 4.503E+01 2.000E+00
3.590E+06 8.521E+02 1.516E+00 2.205E-03 3.123E-02 1.271E+03 9.801E-01 4.503E+01 2.000E+00
3.918E+06 8.521E+02 1.516E+00 2.205E-03 3.123E-02 1.270E+03 9.801E-01 4.503E+01 2.000E+00
7.167E+06 6.449E+02 1.680E+00 2.205E-03 3.123E-02 1.394E+03 9.801E-01 4.503E+01 2.000E+00
1.106E+07 6.432E+02 1.681E+00 2.205E-03 3.123E-02 1.395E+03 9.801E-01 4.503E+01 2.000E+00
6.932E+06 7.963E+02 1.555E+00 2.205E-03 3.123E-02 1.296E+03 9.801E-01 4.503E+01 2.000E+00
1.290E+06 5.093E+02 1.819E+00 2.205E-03 3.124E-02 1.540E+03 9.801E-01 4.503E+01 2.000E+00
2.812E+06 7.438E+02 1.595E+00 2.205E-03 3.124E-02 1.325E+03 9.801E-01 4.503E+01 2.000E+00
4.456E+06 5.736E+02 1.749E+00 2.205E-03 3.125E-02 1.460E+03 9.801E-01 4.503E+01 2.000E+00
1.502E+07 2.208E+02 2.239E+00 2.205E-03 3.127E-02 2.876E+03 9.801E-01 4.503E+01 2.000E+00
1.901E+07 7.431E+02 1.596E+00 2.205E-03 3.130E-02 1.325E+03 9.801E-01 4.503E+01 2.000E+00
3.899E+06 4.742E+02 1.860E+00 2.205E-03 3.136E-02 1.593E+03 9.802E-01 4.503E+01 2.000E+00
1.542E+06 2.711E+02 2.154E+00 2.205E-03 3.147E-02 2.314E+03 9.803E-01 4.503E+01 2.000E+00
8.737E+06 4.795E+02 1.854E+00 2.205E-03 3.167E-02 1.583E+03 9.805E-01 4.504E+01 2.000E+00
1.217E+07 5.974E+02 1.726E+00 2.205E-03 3.203E-02 1.432E+03 9.808E-01 4.505E+01 2.000E+00
2.008E+06 6.792E+02 1.651E+00 2.205E-03 3.269E-02 1.362E+03 9.815E-01 4.506E+01 2.000E+00
3.669E+06 8.914E+02 1.492E+00 2.205E-03 3.391E-02 1.250E+03 9.826E-01 4.509E+01 2.000E+00
5.067E+06 2.674E+02 2.179E+00 2.205E-03 3.615E-02 2.259E+03 9.847E-01 4.514E+01 2.000E+00
1.649E+07 8.613E+02 1.510E+00 2.789E-03 3.123E-02 1.267E+03 9.806E-01 4.503E+01 2.000E+00
1.770E+07 8.613E+02 1.510E+00 2.789E-03 3.123E-02 1.268E+03 9.806E-01 4.503E+01 2.000E+00
2.047E+07 8.613E+02 1.510E+00 2.789E-03 3.123E-02 1.269E+03 9.806E-01 4.503E+01 2.000E+00
2.880E+07 8.613E+02 1.510E+00 2.789E-03 3.123E-02 1.269E+03 9.806E-01 4.503E+01 2.000E+00
1.190E+08 8.613E+02 1.510E+00 2.789E-03 3.123E-02 1.268E+03 9.806E-01 4.503E+01 2.000E+00
1.122E+06 5.093E+02 1.819E+00 2.789E-03 3.123E-02 1.540E+03 9.806E-01 4.503E+01 2.000E+00
1.775E+06 5.093E+02 1.819E+00 2.789E-03 3.123E-02 1.541E+03 9.806E-01 4.503E+01 2.000E+00
1.253E+07 5.877E+02 1.735E+00 2.789E-03 3.123E-02 1.666E+03 9.806E-01 4.503E+01 2.000E+00
2.144E+06 7.438E+02 1.595E+00 2.789E-03 3.124E-02 1.325E+03 9.806E-01 4.503E+01 2.000E+00
1.036E+06 4.595E+02 1.878E+00 2.789E-03 3.124E-02 1.620E+03 9.806E-01 4.503E+01 2.000E+00
2.521E+06 6.916E+02 1.638E+00 2.789E-03 3.125E-02 1.358E+03 9.806E-01 4.503E+01 2.000E+00
5.518E+06 2.533E+02 2.183E+00 2.789E-03 3.127E-02 2.492E+03 9.807E-01 4.503E+01 2.000E+00
1.357E+07 8.980E+02 1.486E+00 2.789E-03 3.130E-02 1.253E+03 9.807E-01 4.503E+01 2.000E+00
2.251E+07 9.135E+02 1.476E+00 2.789E-03 3.136E-02 1.246E+03 9.808E-01 4.503E+01 2.000E+00
1.252E+08 9.768E+02 1.437E+00 2.789E-03 3.147E-02 1.225E+03 9.809E-01 4.503E+01 2.000E+00
5.098E+06 4.724E+02 1.863E+00 2.789E-03 3.167E-02 1.596E+03 9.810E-01 4.504E+01 2.000E+00
3.678E+06 7.905E+02 1.560E+00 2.789E-03 3.203E-02 1.299E+03 9.814E-01 4.505E+01 2.000E+00
4.675E+07 4.785E+02 1.857E+00 2.789E-03 3.269E-02 1.579E+03 9.820E-01 4.506E+01 2.000E+00
5.767E+06 4.454E+02 1.901E+00 2.789E-03 3.391E-02 1.630E+03 9.832E-01 4.509E+01 2.000E+00
3.221E+07 4.061E+02 1.959E+00 2.789E-03 3.615E-02 1.696E+03 9.853E-01 4.514E+01 2.000E+00
3.026E+08 7.564E+02 1.586E+00 3.528E-03 3.123E-02 1.318E+03 9.813E-01 4.503E+01 2.000E+00
2.035E+07 7.514E+02 1.589E+00 3.528E-03 3.123E-02 1.321E+03 9.813E-01 4.503E+01 2.000E+00
2.955E+07 7.514E+02 1.589E+00 3.528E-03 3.123E-02 1.321E+03 9.813E-01 4.503E+01 2.000E+00
1.850E+08 7.514E+02 1.589E+00 3.528E-03 3.123E-02 1.321E+03 9.813E-01 4.503E+01 2.000E+00
2.187E+06 7.438E+02 1.595E+00 3.528E-03 3.123E-02 1.326E+03 9.813E-01 4.503E+01 2.000E+00
2.630E+06 7.438E+02 1.595E+00 3.528E-03 3.123E-02 1.327E+03 9.813E-01 4.503E+01 2.000E+00
8.690E+06 2.869E+02 2.127E+00 3.528E-03 3.123E-02 2.205E+03 9.813E-01 4.503E+01 2.000E+00
3.541E+06 7.771E+02 1.570E+00 3.528E-03 3.123E-02 1.307E+03 9.813E-01 4.503E+01 2.000E+00
2.340E+06 4.595E+02 1.878E+00 3.528E-03 3.124E-02 1.623E+03 9.813E-01 4.503E+01 2.000E+00
1.091E+08 5.769E+02 1.745E+00 3.528E-03 3.124E-02 1.459E+03 9.813E-01 4.503E+01 2.000E+00
7.512E+06 3.955E+02 1.962E+00 3.528E-03 3.125E-02 1.761E+03 9.813E-01 4.503E+01 2.000E+00
6.543E+06 2.712E+02 2.153E+00 3.528E-03 3.127E-02 2.315E+03 9.814E-01 4.503E+01 2.000E+00
2.866E+06 8.741E+02 1.501E+00 3.528E-03 3.130E-02 1.262E+03 9.814E-01 4.503E+01 2.000E+00
1.475E+06 2.777E+02 2.143E+00 3.528E-03 3.136E-02 2.265E+03 9.815E-01 4.503E+01 2.000E+00
2.541E+07 9.927E+02 1.428E+00 3.528E-03 3.147E-02 1.224E+03 9.816E-01 4.503E+01 2.000E+00
2.513E+09 9.750E+02 1.439E+00 3.528E-03 3.167E-02 1.225E+03 9.817E-01 4.504E+01 2.000E+00
5.991E+07 7.997E+02 1.554E+00 3.528E-03 3.203E-02 1.293E+03 9.821E-01 4.505E+01 2.000E+00
3.184E+07 3.454E+02 2.039E+00 3.528E-03 3.269E-02 1.904E+03 9.827E-01 4.506E+01 2.000E+00
9.979E+07 8.979E+02 1.488E+00 3.528E-03 3.391E-02 1.247E+03 9.839E-01 4.509E+01 2.000E+00
2.756E+06 7.854E+02 1.568E+00 3.528E-03 3.615E-02 1.288E+03 9.860E-01 4.514E+01 2.000E+00
4.393E+06 9.968E+02 1.426E+00 4.462E-03 3.123E-02 1.221E+03 9.822E-01 4.503E+01 2.000E+00
4.395E+06 9.968E+02 1.426E+00 4.462E-03 3.123E-02 1.221E+03 9.822E-01 4.503E+01 2.000E+00
4.397E+06 9.968E+02 1.426E+00 4.462E-03 3.123E-02 1.220E+03 9.822E-01 4.503E+01 2.000E+00
4.402E+06 9.968E+02 1.426E+00 4.462E-03 3.123E-02 1.228E+03 9.822E-01 4.503E+01 2.000E+00
4.410E+06 9.968E+02 1.426E+00 4.462E-03 3.123E-02 1.220E+03 9.822E-01 4.503E+01 2.000E+00
4.426E+06 9.968E+02 1.426E+00 4.462E-03 3.123E-02 1.220E+03 9.822E-01 4.503E+01 2.000E+00
2.225E+06 5.736E+02 1.749E+00 4.462E-03 3.123E-02 1.461E+03 9.822E-01 4.503E+01 2.000E+00
6.084E+06 5.769E+02 1.745E+00 4.462E-03 3.123E-02 1.458E+03 9.822E-01 4.503E+01 2.000E+00
3.622E+07 4.884E+02 1.843E+00 4.462E-03 3.124E-02 1.583E+03 9.822E-01 4.503E+01 2.000E+00
1.728E+06 3.204E+02 2.073E+00 4.462E-03 3.124E-02 2.023E+03 9.822E-01 4.503E+01 2.000E+00
5.245E+06 9.968E+02 1.426E+00 4.462E-03 3.125E-02 1.220E+03 9.822E-01 4.503E+01 2.000E+00
4.919E+06 2.103E+02 2.256E+00 4.462E-03 3.127E-02 3.067E+03 9.823E-01 4.503E+01 2.000E+00
1.031E+07 9.968E+02 1.426E+00 4.462E-03 3.130E-02 1.220E+03 9.823E-01 4.503E+01 2.000E+00
2.776E+07 9.000E+02 1.484E+00 4.462E-03 3.136E-02 1.252E+03 9.823E-01 4.503E+01 2.000E+00
1.189E+07 4.518E+02 1.888E+00 4.462E-03 3.147E-02 1.634E+03 9.824E-01 4.503E+01 2.000E+00
9.414E+06 9.003E+02 1.484E+00 4.462E-03 3.167E-02 1.281E+03 9.826E-01 4.504E+01 2.000E+00
3.056E+06 7.612E+02 1.583E+00 4.462E-03 3.203E-02 1.315E+03 9.830E-01 4.505E+01 2.000E+00
3.686E+07 5.004E+02 1.831E+00 4.462E-03 3.269E-02 1.546E+03 9.836E-01 4.506E+01 2.000E+00
1.463E+08 5.313E+02 1.798E+00 4.462E-03 3.391E-02 1.497E+03 9.848E-01 4.509E+01 2.000E+00
1.500E+07 6.203E+02 1.709E+00 4.462E-03 3.615E-02 1.395E+03 9.869E-01 4.514E+01 2.000E+00
1.071E+08 6.916E+02 1.638E+00 5.644E-03 3.123E-02 1.360E+03 9.833E-01 4.503E+01 2.000E+00
6.213E+06 7.120E+02 1.621E+00 5.644E-03 3.123E-02 1.347E+03 9.833E-01 4.503E+01 2.000E+00
6.966E+06 7.042E+02 1.628E+00 5.644E-03 3.123E-02 1.351E+03 9.833E-01 4.503E+01 2.000E+00
9.065E+06 7.042E+02 1.628E+00 5.644E-03 3.123E-02 1.352E+03 9.833E-01 4.503E+01 2.000E+00
2.095E+07 7.042E+02 1.628E+00 5.644E-03 3.123E-02 1.351E+03 9.833E-01 4.503E+01 2.000E+00
3.150E+07 3.133E+02 2.085E+00 5.644E-03 3.123E-02 2.058E+03 9.833E-01 4.503E+01 2.000E+00
5.904E+06 3.955E+02 1.962E+00 5.644E-03 3.123E-02 1.769E+03 9.833E-01 4.503E+01 2.000E+00
4.845E+06 9.968E+02 1.426E+00 5.644E-03 3.123E-02 1.221E+03 9.833E-01 4.503E+01 2.000E+00
2.420E+07 4.053E+02 1.949E+00 5.644E-03 3.124E-02 1.736E+03 9.833E-01 4.503E+01 2.000E+00
5.207E+06 9.968E+02 1.426E+00 5.644E-03 3.124E-02 1.221E+03 9.833E-01 4.503E+01 2.000E+00
5.584E+06 8.120E+02 1.544E+00 5.644E-03 3.125E-02 1.290E+03 9.834E-01 4.503E+01 2.000E+00
5.591E+06 7.330E+02 1.604E+00 5.644E-03 3.127E-02 1.333E+03 9.834E-01 4.503E+01 2.000E+00
3.043E+06 7.885E+02 1.561E+00 5.644E-03 3.130E-02 1.302E+03 9.834E-01 4.503E+01 2.000E+00
1.306E+07 8.608E+02 1.510E+00 5.644E-03 3.136E-02 1.268E+03 9.835E-01 4.503E+01 2.000E+00
9.646E+06 6.914E+02 1.639E+00 5.644E-03 3.147E-02 1.360E+03 9.836E-01 4.503E+01 2.000E+00
7.636E+06 9.933E+02 1.428E+00 5.644E-03 3.167E-02 1.221E+03 9.837E-01 4.504E+01 2.000E+00
1.996E+06 4.863E+02 1.847E+00 5.644E-03 3.203E-02 1.601E+03 9.841E-01 4.505E+01 2.000E+00
1.705E+07 3.744E+02 1.996E+00 5.644E-03 3.269E-02 1.811E+03 9.847E-01 4.506E+01 2.000E+00
7.287E+06 7.418E+02 1.600E+00 5.644E-03 3.391E-02 1.320E+03 9.859E-01 4.509E+01 2.000E+00
4.118E+06 5.121E+02 1.824E+00 5.644E-03 3.615E-02 1.510E+03 9.880E-01 4.514E+01 2.000E+00
1.090E+06 3.297E+02 2.059E+00 7.139E-03 3.123E-02 1.984E+03 9.847E-01 4.503E+01 2.000E+00
1.117E+06 3.297E+02 2.059E+00 7.139E-03 3.123E-02 1.983E+03 9.847E-01 4.503E+01 2.000E+00
1.170E+06 3.297E+02 2.059E+00 7.139E-03 3.123E-02 1.983E+03 9.847E-01 4.503E+01 2.000E+00
1.285E+06 3.297E+02 2.059E+00 7.139E-03 3.123E-02 1.983E+03 9.847E-01 4.503E+01 2.000E+00
1.573E+06 3.297E+02 2.059E+00 7.139E-03 3.123E-02 1.984E+03 9.847E-01 4.503E+01 2.000E+00
2.758E+06 3.297E+02 2.059E+00 7.139E-03 3.123E-02 1.983E+03 9.847E-01 4.503E+01 2.000E+00
2.599E+07 2.712E+02 2.153E+00 7.139E-03 3.123E-02 2.317E+03 9.847E-01 4.503E+01 2.000E+00
4.181E+06 2.306E+02 2.222E+00 7.139E-03 3.123E-02 2.762E+03 9.847E-01 4.503E+01 2.000E+00
8.065E+06 2.057E+02 2.264E+00 7.139E-03 3.124E-02 3.170E+03 9.848E-01 4.503E+01 2.000E+00
1.337E+07 7.537E+02 1.588E+00 7.139E-03 3.124E-02 1.322E+03 9.848E-01 4.503E+01 2.000E+00
1.318E+08 6.018E+02 1.721E+00 7.139E-03 3.125E-02 1.434E+03 9.848E-01 4.503E+01 2.000E+00
3.293E+07 3.816E+02 1.982E+00 7.139E-03 3.127E-02 1.800E+03 9.848E-01 4.503E+01 2.000E+00
1.762E+07 9.968E+02 1.426E+00 7.139E-03 3.130E-02 1.222E+03 9.848E-01 4.503E+01 2.000E+00
7.380E+06 5.321E+02 1.793E+00 7.139E-03 3.136E-02 1.513E+03 9.849E-01 4.503E+01 2.000E+00
1.113E+06 2.941E+02 2.116E+00 7.139E-03 3.147E-02 2.159E+03 9.850E-01 4.503E+01 2.000E+00
1.371E+08 5.318E+02 1.794E+00 7.139E-03 3.167E-02 1.527E+03 9.852E-01 4.504E+01 2.000E+00
4.082E+06 9.355E+02 1.463E+00 7.139E-03 3.203E-02 1.240E+03 9.855E-01 4.505E+01 2.000E+00
5.531E+06 6.015E+02 1.723E+00 7.139E-03 3.269E-02 1.429E+03 9.861E-01 4.506E+01 2.000E+00
1.034E+07 5.617E+02 1.765E+00 7.139E-03 3.391E-02 1.465E+03 9.873E-01 4.509E+01 2.000E+00
8.865E+06 7.868E+02 1.567E+00 7.139E-03 3.615E-02 1.288E+03 9.894E-01 4.514E+01 2.000E+00
3.207E+06 7.186E+02 1.616E+00 9.029E-03 3.123E-02 1.344E+03 9.865E-01 4.503E+01 2.000E+00
3.295E+06 7.186E+02 1.616E+00 9.029E-03 3.123E-02 1.349E+03 9.865E-01 4.503E+01 2.000E+00
6.456E+06 4.452E+02 1.896E+00 9.029E-03 3.123E-02 1.651E+03 9.865E-01 4.503E+01 2.000E+00
1.412E+07 3.079E+02 2.093E+00 9.029E-03 3.123E-02 2.100E+03 9.865E-01 4.503E+01 2.000E+00
4.858E+06 7.186E+02 1.616E+00 9.029E-03 3.123E-02 1.344E+03 9.865E-01 4.503E+01 2.000E+00
9.724E+06 7.186E+02 1.616E+00 9.029E-03 3.123E-02 1.344E+03 9.865E-01 4.503E+01 2.000E+00
2.332E+07 6.931E+02 1.637E+00 9.029E-03 3.123E-02 1.361E+03 9.865E-01 4.503E+01 2.000E+00
2.610E+06 6.816E+02 1.647E+00 9.029E-03 3.123E-02 1.369E+03 9.865E-01 4.503E+01 2.000E+00
3.078E+07 5.168E+02 1.810E+00 9.029E-03 3.124E-02 1.533E+03 9.865E-01 4.503E+01 2.000E+00
3.259E+07 7.240E+02 1.611E+00 9.029E-03 3.124E-02 1.342E+03 9.865E-01 4.503E+01 2.000E+00
5.351E+06 3.921E+02 1.967E+00 9.029E-03 3.125E-02 1.773E+03 9.866E-01 4.503E+01 2.000E+00
1.071E+07 9.968E+02 1.426E+00 9.029E-03 3.127E-02 1.223E+03 9.866E-01 4.503E+01 2.000E+00
3.661E+07 9.968E+02 1.426E+00 9.029E-03 3.130E-02 1.224E+03 9.866E-01 4.503E+01 2.000E+00
2.005E+06 7.440E+02 1.595E+00 9.029E-03 3.136E-02 1.331E+03 9.867E-01 4.503E+01 2.000E+00
3.914E+06 6.811E+02 1.648E+00 9.029E-03 3.147E-02 1.368E+03 9.868E-01 4.503E+01 2.000E+00
3.244E+06 5.476E+02 1.777E+00 9.029E-03 3.167E-02 1.491E+03 9.870E-01 4.504E+01 2.000E+00
5.301E+06 8.559E+02 1.514E+00 9.029E-03 3.203E-02 1.279E+03 9.873E-01 4.505E+01 2.000E+00
1.004E+07 7.005E+02 1.633E+00 9.029E-03 3.269E-02 1.351E+03 9.879E-01 4.506E+01 2.000E+00
1.528E+07 4.427E+02 1.905E+00 9.029E-03 3.391E-02 1.638E+03 9.891E-01 4.509E+01 2.000E+00
3.761E+07 4.145E+02 1.948E+00 9.029E-03 3.615E-02 1.679E+03 9.912E-01 4.514E+01 2.000E+00
7.668E+06 9.602E+02 1.447E+00 1.142E-02 3.123E-02 1.236E+03 9.888E-01 4.503E+01 2.000E+00
7.728E+06 9.602E+02 1.447E+00 1.142E-02 3.123E-02 1.236E+03 9.888E-01 4.503E+01 2.000E+00
7.841E+06 9.602E+02 1.447E+00 1.142E-02 3.123E-02 1.236E+03 9.888E-01 4.503E+01 2.000E+00
8.057E+06 9.602E+02 1.447E+00 1.142E-02 3.123E-02 1.270E+03 9.888E-01 4.503E+01 2.000E+00
8.488E+06 9.602E+02 1.447E+00 1.142E-02 3.123E-02 1.236E+03 9.888E-01 4.503E+01 2.000E+00
9.419E+06 9.602E+02 1.447E+00 1.142E-02 3.123E-02 1.236E+03 9.888E-01 4.503E+01 2.000E+00
1.184E+07 9.602E+02 1.447E+00 1.142E-02 3.123E-02 1.395E+03 9.888E-01 4.503E+01 2.000E+00
2.297E+07 9.602E+02 1.447E+00 1.142E-02 3.123E-02 1.236E+03 9.888E-01 4.503E+01 2.000E+00
6.499E+07 4.452E+02 1.896E+00 1.142E-02 3.124E-02 1.657E+03 9.888E-01 4.503E+01 2.000E+00
1.617E+07 8.299E+02 1.531E+00 1.142E-02 3.124E-02 1.286E+03 9.888E-01 4.503E+01 2.000E+00
3.123E+06 4.385E+02 1.905E+00 1.142E-02 3.125E-02 1.665E+03 9.888E-01 4.503E+01 2.000E+00
1.743E+07 9.968E+02 1.426E+00 1.142E-02 3.127E-02 1.226E+03 9.888E-01 4.503E+01 2.000E+00
3.805E+06 6.519E+02 1.673E+00 1.142E-02 3.130E-02 1.393E+03 9.889E-01 4.503E+01 2.000E+00
3.291E+06 6.293E+02 1.694E+00 1.142E-02 3.136E-02 1.412E+03 9.889E-01 4.503E+01 2.000E+00
6.205E+07 3.792E+02 1.986E+00 1.142E-02 3.147E-02 1.809E+03 9.890E-01 4.503E+01 2.000E+00
5.324E+06 9.138E+02 1.476E+00 1.142E-02 3.167E-02 1.251E+03 9.892E-01 4.504E+01 2.000E+00
3.857E+07 7.880E+02 1.562E+00 1.142E-02 3.203E-02 1.304E+03 9.896E-01 4.505E+01 2.000E+00
4.676E+06 5.078E+02 1.823E+00 1.142E-02 3.269E-02 1.540E+03 9.902E-01 4.506E+01 2.000E+00
7.962E+06 7.388E+02 1.602E+00 1.142E-02 3.391E-02 1.324E+03 9.913E-01 4.509E+01 2.000E+00
5.104E+07 3.658E+02 2.018E+00 1.142E-02 3.615E-02 1.806E+03 9.935E-01 4.514E+01 2.000E+00
5.320E+06 6.176E+02 1.705E+00 1.445E-02 3.123E-02 1.423E+03 9.917E-01 4.503E+01 2.000E+00
5.735E+06 6.176E+02 1.705E+00 1.445E-02 3.123E-02 1.423E+03 9.917E-01 4.503E+01 2.000E+00
6.701E+06 6.176E+02 1.705E+00 1.445E-02 3.123E-02 1.424E+03 9.917E-01 4.503E+01 2.000E+00
9.765E+06 6.176E+02 1.705E+00 1.445E-02 3.123E-02 1.424E+03 9.917E-01 4.503E+01 2.000E+00
7.188E+07 6.176E+02 1.705E+00 1.445E-02 3.123E-02 1.423E+03 9.917E-01 4.503E+01 2.000E+00
1.137E+07 9.968E+02 1.426E+00 1.445E-02 3.123E-02 1.227E+03 9.917E-01 4.503E+01 2.000E+00
2.249E+06 7.885E+02 1.561E+00 1.445E-02 3.123E-02 1.307E+03 9.917E-01 4.503E+01 2.000E+00
4.292E+06 7.885E+02 1.561E+00 1.445E-02 3.123E-02 1.307E+03 9.917E-01 4.503E+01 2.000E+00
3.137E+06 4.870E+02 1.844E+00 1.445E-02 3.124E-02 1.579E+03 9.917E-01 4.503E+01 2.000E+00
2.276E+07 5.725E+02 1.750E+00 1.445E-02 3.124E-02 1.474E+03 9.917E-01 4.503E+01 2.000E+00
9.996E+06 6.068E+02 1.716E+00 1.445E-02 3.125E-02 1.434E+03 9.917E-01 4.503E+01 2.000E+00
1.833E+06 2.534E+02 2.183E+00 1.445E-02 3.127E-02 2.473E+03 9.917E-01 4.503E+01 2.000E+00
3.906E+08 8.001E+02 1.553E+00 1.445E-02 3.130E-02 1.301E+03 9.917E-01 4.503E+01 2.000E+00
1.193E+08 8.871E+02 1.493E+00 1.445E-02 3.136E-02 1.263E+03 9.918E-01 4.503E+01 2.000E+00
4.011E+06 5.892E+02 1.733E+00 1.445E-02 3.147E-02 1.450E+03 9.919E-01 4.503E+01 2.000E+00
1.032E+07 5.658E+02 1.758E+00 1.445E-02 3.167E-02 1.478E+03 9.921E-01 4.504E+01 2.000E+00
1.018E+08 8.115E+02 1.545E+00 1.445E-02 3.203E-02 1.294E+03 9.924E-01 4.505E+01 2.000E+00
2.111E+06 5.711E+02 1.754E+00 1.445E-02 3.269E-02 1.510E+03 9.931E-01 4.506E+01 2.000E+00
7.142E+06 6.390E+02 1.689E+00 1.445E-02 3.391E-02 1.394E+03 9.942E-01 4.509E+01 2.000E+00
4.178E+06 3.656E+02 2.018E+00 1.445E-02 3.615E-02 1.808E+03 9.963E-01 4.514E+01 2.000E+00
3.180E+07 9.968E+02 1.426E+00 1.827E-02 3.123E-02 1.251E+03 9.953E-01 4.503E+01 2.000E+00
3.189E+07 9.968E+02 1.426E+00 1.827E-02 3.123E-02 1.229E+03 9.953E-01 4.503E+01 2.000E+00
3.205E+07 9.968E+02 1.426E+00 1.827E-02 3.123E-02 1.237E+03 9.953E-01 4.503E+01 2.000E+00
3.235E+07 9.968E+02 1.426E+00 1.827E-02 3.123E-02 1.229E+03 9.953E-01 4.503E+01 2.000E+00
1.135E+07 3.876E+02 1.973E+00 1.827E-02 3.123E-02 1.789E+03 9.953E-01 4.503E+01 2.000E+00
3.402E+07 9.968E+02 1.426E+00 1.827E-02 3.123E-02 1.229E+03 9.953E-01 4.503E+01 2.000E+00
3.623E+07 9.968E+02 1.426E+00 1.827E-02 3.123E-02 1.231E+03 9.953E-01 4.503E+01 2.000E+00
4.116E+07 9.968E+02 1.426E+00 1.827E-02 3.123E-02 1.230E+03 9.953E-01 4.503E+01 2.000E+00
3.839E+06 8.996E+02 1.484E+00 1.827E-02 3.124E-02 1.261E+03 9.953E-01 4.503E+01 2.000E+00
1.163E+06 4.519E+02 1.887E+00 1.827E-02 3.124E-02 1.642E+03 9.953E-01 4.503E+01 2.000E+00
7.370E+06 7.437E+02 1.596E+00 1.827E-02 3.125E-02 1.334E+03 9.953E-01 4.503E+01 2.000E+00
1.520E+08 7.962E+02 1.556E+00 1.827E-02 3.127E-02 1.305E+03 9.953E-01 4.503E+01 2.000E+00
2.926E+08 7.329E+02 1.604E+00 1.827E-02 3.130E-02 1.341E+03 9.954E-01 4.503E+01 2.000E+00
3.053E+07 3.024E+02 2.103E+00 1.827E-02 3.136E-02 2.119E+03 9.954E-01 4.503E+01 2.000E+00
7.960E+06 8.485E+02 1.519E+00 1.827E-02 3.147E-02 1.282E+03 9.955E-01 4.503E+01 2.000E+00
6.000E+06 7.875E+02 1.562E+00 1.827E-02 3.167E-02 1.309E+03 9.957E-01 4.504E+01 2.000E+00
9.558E+06 9.711E+02 1.441E+00 1.827E-02 3.203E-02 1.235E+03 9.960E-01 4.505E+01 2.000E+00
8.708E+06 9.635E+02 1.446E+00 1.827E-02 3.269E-02 1.236E+03 9.967E-01 4.506E+01 2.000E+00
8.028E+06 6.694E+02 1.661E+00 1.827E-02 3.391E-02 1.375E+03 9.978E-01 4.509E+01 2.000E+00
2.000E+07 9.626E+02 1.449E+00 1.827E-02 3.615E-02 1.229E+03 9.999E-01 4.514E+01 2.000E+00
1.810E+07 8.486E+02 1.518E+00 2.311E-02 3.123E-02 1.284E+03 9.999E-01 4.503E+01 2.000E+00
1.975E+07 8.486E+02 1.518E+00 2.311E-02 3.123E-02 1.284E+03 9.999E-01 4.503E+01 2.000E+00
2.372E+07 8.486E+02 1.518E+00 2.311E-02 3.123E-02 1.287E+03 9.999E-01 4.503E+01 2.000E+00
3.778E+07 8.486E+02 1.518E+00 2.311E-02 3.123E-02 1.304E+03 9.999E-01 4.503E+01 2.000E+00
5.205E+07 7.664E+02 1.578E+00 2.311E-02 3.123E-02 1.328E+03 9.999E-01 4.503E+01 2.000E+00
2.615E+07 7.770E+02 1.570E+00 2.311E-02 3.123E-02 1.318E+03 9.999E-01 4.503E+01 2.000E+00
4.055E+06 9.004E+02 1.484E+00 2.311E-02 3.123E-02 1.263E+03 9.999E-01 4.503E+01 2.000E+00
1.138E+07 8.001E+02 1.553E+00 2.311E-02 3.123E-02 1.306E+03 9.999E-01 4.503E+01 2.000E+00
2.731E+07 9.289E+02 1.466E+00 2.311E-02 3.124E-02 1.253E+03 9.999E-01 4.503E+01 2.000E+00
2.183E+07 7.075E+02 1.625E+00 2.311E-02 3.124E-02 1.360E+03 9.999E-01 4.503E+01 2.000E+00
3.655E+06 7.440E+02 1.595E+00 2.311E-02 3.125E-02 1.336E+03 9.999E-01 4.503E+01 2.000E+00
1.517E+07 9.489E+02 1.454E+00 2.311E-02 3.127E-02 1.247E+03 9.999E-01 4.503E+01 2.000E+00
5.744E+06 3.998E+02 1.956E+00 2.311E-02 3.130E-02 1.759E+03 9.999E-01 4.503E+01 2.000E+00
1.231E+07 4.383E+02 1.905E+00 2.311E-02 3.136E-02 1.670E+03 1.000E+00 4.503E+01 2.000E+00
5.719E+06 5.089E+02 1.819E+00 2.311E-02 3.147E-02 1.552E+03 1.000E+00 4.503E+01 0.000E+00
2.317E+06 3.075E+02 2.095E+00 2.311E-02 3.167E-02 2.090E+03 1.000E+00 4.504E+01 0.000E+00
3.621E+06 9.751E+02 1.439E+00 2.311E-02 3.203E-02 1.237E+03 1.000E+00 4.505E+01 0.000E+00
3.594E+06 8.494E+02 1.519E+00 2.311E-02 3.269E-02 1.284E+03 1.000E+00 4.506E+01 0.000E+00
4.035E+06 9.131E+02 1.478E+00 2.311E-02 3.391E-02 1.252E+03 1.000E+00 4.509E+01 0.000E+00
5.481E+06 8.732E+02 1.506E+00 2.311E-02 3.615E-02 1.262E+03 1.000E+00 4.514E+01 0.000E+00
1.877E+06 3.351E+02 2.051E+00 2.923E-02 3.123E-02 1.972E+03 1.000E+00 4.503E+01 0.000E+00
1.964E+06 3.351E+02 2.051E+00 2.923E-02 3.123E-02 1.972E+03 1.000E+00 4.503E+01 0.000E+00
2.150E+06 3.351E+02 2.051E+00 2.923E-02 3.123E-02 1.972E+03 1.000E+00 4.503E+01 0.000E+00
2.609E+06 3.351E+02 2.051E+00 2.923E-02 3.123E-02 1.973E+03 1.000E+00 4.503E+01 0.000E+00
4.960E+06 3.351E+02 2.051E+00 2.923E-02 3.123E-02 1.972E+03 1.000E+00 4.503E+01 0.000E+00
8.269E+06 5.411E+02 1.783E+00 2.923E-02 3.123E-02 1.536E+03 1.000E+00 4.503E+01 0.000E+00
2.751E+07 5.399E+02 1.785E+00 2.923E-02 3.123E-02 1.514E+03 1.000E+00 4.503E+01 0.000E+00
8.662E+06 6.484E+02 1.677E+00 2.923E-02 3.123E-02 1.405E+03 1.000E+00 4.503E+01 0.000E+00
6.846E+06 6.213E+02 1.702E+00 2.923E-02 3.124E-02 1.429E+03 1.000E+00 4.503E+01 0.000E+00
3.414E+06 8.562E+02 1.513E+00 2.923E-02 3.124E-02 1.284E+03 1.000E+00 4.503E+01 0.000E+00
9.844E+06 9.416E+02 1.458E+00 2.923E-02 3.125E-02 1.253E+03 1.000E+00 4.503E+01 0.000E+00
1.151E+07 5.095E+02 1.818E+00 2.923E-02 3.127E-02 1.580E+03 1.000E+00 4.503E+01 0.000E+00
2.101E+07 9.765E+02 1.437E+00 2.923E-02 3.130E-02 1.242E+03 1.000E+00 4.503E+01 0.000E+00
3.786E+06 9.506E+02 1.453E+00 2.923E-02 3.136E-02 1.250E+03 1.000E+00 4.503E+01 0.000E+00
6.151E+06 3.996E+02 1.957E+00 2.923E-02 3.147E-02 1.763E+03 1.000E+00 4.503E+01 0.000E+00
9.047E+07 7.115E+02 1.622E+00 2.923E-02 3.167E-02 1.358E+03 1.000E+00 4.504E+01 0.000E+00
2.765E+06 5.083E+02 1.821E+00 2.923E-02 3.203E-02 1.552E+03 1.000E+00 4.505E+01 0.000E+00
4.590E+06 8.209E+02 1.539E+00 2.923E-02 3.269E-02 1.296E+03 1.000E+00 4.506E+01 0.000E+00
2.628E+06 2.902E+02 2.132E+00 2.923E-02 3.391E-02 2.159E+03 1.000E+00 4.509E+01 0.000E+00
7.305E+06 6.452E+02 1.686E+00 2.923E-02 3.615E-02 1.388E+03 1.000E+00 4.514E+01 0.000E+00
6.629E+06 4.586E+02 1.879E+00 3.697E-02 3.123E-02 1.640E+03 1.000E+00 4.503E+01 0.000E+00
7.766E+06 4.586E+02 1.879E+00 3.697E-02 3.123E-02 1.640E+03 1.000E+00 4.503E+01 0.000E+00
1.138E+07 4.586E+02 1.879E+00 3.697E-02 3.123E-02 1.640E+03 1.000E+00 4.503E+01 0.000E+00
8.523E+07 4.586E+02 1.879E+00 3.697E-02 3.123E-02 1.640E+03 1.000E+00 4.503E+01 0.000E+00
6.333E+06 4.156E+02 1.935E+00 3.697E-02 3.123E-02 1.729E+03 1.000E+00 4.503E+01 0.000E+00
1.002E+08 4.060E+02 1.948E+00 3.697E-02 3.123E-02 1.754E+03 1.000E+00 4.503E+01 0.000E+00
1.690E+07 7.118E+02 1.621E+00 3.697E-02 3.123E-02 1.364E+03 1.000E+00 4.503E+01 0.000E+00
1.980E+07 3.754E+02 1.991E+00 3.697E-02 3.123E-02 1.835E+03 1.000E+00 4.503E+01 0.000E+00
1.151E+07 4.305E+02 1.915E+00 3.697E-02 3.124E-02 1.695E+03 1.000E+00 4.503E+01 0.000E+00
1.401E+07 3.156E+02 2.081E+00 3.697E-02 3.124E-02 2.062E+03 1.000E+00 4.503E+01 0.000E+00
1.483E+06 2.305E+02 2.223E+00 3.697E-02 3.125E-02 2.743E+03 1.000E+00 4.503E+01 0.000E+00
4.234E+06 8.421E+02 1.523E+00 3.697E-02 3.127E-02 1.295E+03 1.000E+00 4.503E+01 0.000E+00
4.960E+06 4.251E+02 1.922E+00 3.697E-02 3.130E-02 1.707E+03 1.000E+00 4.503E+01 0.000E+00
4.151E+06 2.355E+02 2.215E+00 3.697E-02 3.136E-02 2.675E+03 1.000E+00 4.503E+01 0.000E+00
5.241E+06 3.238E+02 2.069E+00 3.697E-02 3.147E-02 2.022E+03 1.000E+00 4.503E+01 0.000E+00
6.626E+06 9.667E+02 1.444E+00 3.697E-02 3.167E-02 1.249E+03 1.000E+00 4.504E+01 0.000E+00
1.147E+07 6.394E+02 1.686E+00 3.697E-02 3.203E-02 1.414E+03 1.000E+00 4.505E+01 0.000E+00
3.335E+06 4.572E+02 1.884E+00 3.697E-02 3.269E-02 1.633E+03 1.000E+00 4.506E+01 0.000E+00
6.910E+06 8.381E+02 1.528E+00 3.697E-02 3.391E-02 1.290E+03 1.000E+00 4.509E+01 0.000E+00
2.810E+06 2.389E+02 2.230E+00 3.697E-02 3.615E-02 2.523E+03 1.000E+00 4.514E+01 0.000E+00
4.666E+06 9.506E+02 1.453E+00 4.677E-02 3.123E-02 1.261E+03 1.000E+00 4.503E+01 0.000E+00
4.691E+06 9.506E+02 1.453E+00 4.677E-02 3.123E-02 1.261E+03 1.000E+00 4.503E+01 0.000E+00
4.739E+06 9.506E+02 1.453E+00 4.677E-02 3.123E-02 1.261E+03 1.000E+00 4.503E+01 0.000E+00
4.830E+06 9.506E+02 1.453E+00 4.677E-02 3.123E-02 1.264E+03 1.000E+00 4.503E+01 0.000E+00
5.006E+06 9.506E+02 1.453E+00 4.677E-02 3.123E-02 1.262E+03 1.000E+00 4.503E+01 0.000E+00
3.019E+06 5.319E+02 1.793E+00 4.677E-02 3.123E-02 1.533E+03 1.000E+00 4.503E+01 0.000E+00
6.208E+06 9.506E+02 1.453E+00 4.677E-02 3.123E-02 1.262E+03 1.000E+00 4.503E+01 0.000E+00
8.829E+06 9.506E+02 1.453E+00 4.677E-02 3.123E-02 1.877E+03 1.000E+00 4.503E+01 0.000E+00
5.094E+07 9.506E+02 1.453E+00 4.677E-02 3.124E-02 1.261E+03 1.000E+00 4.503E+01 0.000E+00
7.376E+06 9.558E+02 1.450E+00 4.677E-02 3.124E-02 1.260E+03 1.000E+00 4.503E+01 0.000E+00
3.034E+07 8.485E+02 1.518E+00 4.677E-02 3.125E-02 1.299E+03 1.000E+00 4.503E+01 0.000E+00
4.138E+06 8.242E+02 1.535E+00 4.677E-02 3.127E-02 1.309E+03 1.000E+00 4.503E+01 0.000E+00
8.369E+06 9.753E+02 1.438E+00 4.677E-02 3.130E-02 1.254E+03 1.000E+00 4.503E+01 0.000E+00
7.685E+06 9.933E+02 1.428E+00 4.677E-02 3.136E-02 1.249E+03 1.000E+00 4.503E+01 0.000E+00
5.140E+06 7.470E+02 1.593E+00 4.677E-02 3.147E-02 1.350E+03 1.000E+00 4.503E+01 0.000E+00
1.683E+07 6.439E+02 1.681E+00 4.677E-02 3.167E-02 1.420E+03 1.000E+00 4.504E+01 0.000E+00
1.715E+07 7.008E+02 1.632E+00 4.677E-02 3.203E-02 1.376E+03 1.000E+00 4.505E+01 0.000E+00
1.541E+06 3.174E+02 2.083E+00 4.677E-02 3.269E-02 2.042E+03 1.000E+00 4.506E+01 0.000E+00
2.288E+07 5.293E+02 1.801E+00 4.677E-02 3.391E-02 1.523E+03 1.000E+00 4.509E+01 0.000E+00
9.173E+06 8.550E+02 1.518E+00 4.677E-02 3.615E-02 1.282E+03 1.000E+00 4.514E+01 0.000E+00
6.069E+06 8.205E+02 1.538E+00 5.915E-02 3.123E-02 1.319E+03 1.000E+00 4.503E+01 0.000E+00
6.266E+06 8.205E+02 1.538E+00 5.915E-02 3.123E-02 1.319E+03 1.000E+00 4.503E+01 0.000E+00
6.664E+06 8.205E+02 1.538E+00 5.915E-02 3.123E-02 1.319E+03 1.000E+00 4.503E+01 0.000E+00
7.552E+06 8.205E+02 1.538E+00 5.915E-02 3.123E-02 1.319E+03 1.000E+00 4.503E+01 0.000E+00
1.005E+07 8.205E+02 1.538E+00 5.915E-02 3.123E-02 1.319E+03 1.000E+00 4.503E+01 0.000E+00
2.705E+07 8.205E+02 1.538E+00 5.915E-02 3.123E-02 1.322E+03 1.000E+00 4.503E+01 0.000E+00
6.374E+06 8.238E+02 1.536E+00 5.915E-02 3.123E-02 1.318E+03 1.000E+00 4.503E+01 0.000E+00
5.832E+06 8.611E+02 1.510E+00 5.915E-02 3.123E-02 1.303E+03 1.000E+00 4.503E+01 0.000E+00
4.813E+06 9.750E+02 1.438E+00 5.915E-02 3.124E-02 1.262E+03 1.000E+00 4.503E+01 0.000E+00
6.974E+06 9.750E+02 1.438E+00 5.915E-02 3.124E-02 1.263E+03 1.000E+00 4.503E+01 0.000E+00
1.318E+07 7.514E+02 1.590E+00 5.915E-02 3.125E-02 1.354E+03 1.000E+00 4.503E+01 0.000E+00
7.970E+06 9.933E+02 1.428E+00 5.915E-02 3.127E-02 1.261E+03 1.000E+00 4.503E+01 0.000E+00
2.597E+07 9.064E+02 1.480E+00 5.915E-02 3.130E-02 1.284E+03 1.000E+00 4.503E+01 0.000E+00
3.155E+08 4.498E+02 1.891E+00 5.915E-02 3.136E-02 1.668E+03 1.000E+00 4.503E+01 0.000E+00
5.877E+06 7.433E+02 1.596E+00 5.915E-02 3.147E-02 1.358E+03 1.000E+00 4.503E+01 0.000E+00
7.390E+06 7.659E+02 1.579E+00 5.915E-02 3.167E-02 1.348E+03 1.000E+00 4.504E+01 0.000E+00
2.929E+06 8.315E+02 1.531E+00 5.915E-02 3.203E-02 1.316E+03 1.000E+00 4.505E+01 0.000E+00
5.489E+06 6.140E+02 1.711E+00 5.915E-02 3.269E-02 1.446E+03 1.000E+00 4.506E+01 0.000E+00
1.480E+07 5.292E+02 1.801E+00 5.915E-02 3.391E-02 1.530E+03 1.000E+00 4.509E+01 0.000E+00
1.842E+06 2.486E+02 2.213E+00 5.915E-02 3.615E-02 2.452E+03 1.000E+00 4.514E+01 0.000E+00
1.654E+07 8.946E+02 1.488E+00 7.482E-02 3.123E-02 1.300E+03 1.000E+00 4.503E+01 0.000E+00
1.742E+07 8.946E+02 1.488E+00 7.482E-02 3.123E-02 1.300E+03 1.000E+00 4.503E+01 0.000E+00
1.930E+07 8.946E+02 1.488E+00 7.482E-02 3.123E-02 1.301E+03 1.000E+00 4.503E+01 0.000E+00
2.412E+07 8.946E+02 1.488E+00 7.482E-02 3.123E-02 1.301E+03 1.000E+00 4.503E+01 0.000E+00
4.491E+07 8.946E+02 1.488E+00 7.482E-02 3.123E-02 1.300E+03 1.000E+00 4.503E+01 0.000E+00
4.389E+06 8.814E+02 1.496E+00 7.482E-02 3.123E-02 1.310E+03 1.000E+00 4.503E+01 0.000E+00
6.111E+06 8.814E+02 1.496E+00 7.482E-02 3.123E-02 1.331E+03 1.000E+00 4.503E+01 0.000E+00
2.753E+07 8.814E+02 1.496E+00 7.482E-02 3.123E-02 1.308E+03 1.000E+00 4.503E+01 0.000E+00
2.752E+07 8.431E+02 1.522E+00 7.482E-02 3.124E-02 1.320E+03 1.000E+00 4.503E+01 0.000E+00
2.119E+06 7.352E+02 1.602E+00 7.482E-02 3.124E-02 1.374E+03 1.000E+00 4.503E+01 0.000E+00
1.940E+07 6.896E+02 1.640E+00 7.482E-02 3.125E-02 1.415E+03 1.000E+00 4.503E+01 0.000E+00
3.844E+06 7.812E+02 1.567E+00 7.482E-02 3.127E-02 1.351E+03 1.000E+00 4.503E+01 0.000E+00
1.154E+07 4.007E+02 1.955E+00 7.482E-02 3.130E-02 1.786E+03 1.000E+00 4.503E+01 0.000E+00
6.221E+06 9.645E+02 1.445E+00 7.482E-02 3.136E-02 1.277E+03 1.000E+00 4.503E+01 0.000E+00
6.717E+06 8.236E+02 1.536E+00 7.482E-02 3.147E-02 1.328E+03 1.000E+00 4.503E+01 0.000E+00
2.172E+06 2.706E+02 2.157E+00 7.482E-02 3.167E-02 2.348E+03 1.000E+00 4.504E+01 0.000E+00
1.938E+07 7.233E+02 1.613E+00 7.482E-02 3.203E-02 1.378E+03 1.000E+00 4.505E+01 0.000E+00
4.404E+06 4.190E+02 1.934E+00 7.482E-02 3.269E-02 1.732E+03 1.000E+00 4.506E+01 0.000E+00
3.385E+06 7.524E+02 1.592E+00 7.482E-02 3.391E-02 1.356E+03 1.000E+00 4.509E+01 0.000E+00
8.318E+06 7.289E+02 1.613E+00 7.482E-02 3.615E-02 1.360E+03 1.000E+00 4.514E+01 0.000E+00
9.988E+06 5.888E+02 1.734E+00 9.464E-02 3.123E-02 1.499E+03 1.000E+00 4.503E+01 0.000E+00
1.183E+07 5.888E+02 1.734E+00 9.464E-02 3.123E-02 1.499E+03 1.000E+00 4.503E+01 0.000E+00
1.793E+07 5.888E+02 1.734E+00 9.464E-02 3.123E-02 1.499E+03 1.000E+00 4.503E+01 0.000E+00
4.710E+08 5.888E+02 1.734E+00 9.464E-02 3.123E-02 1.518E+03 1.000E+00 4.503E+01 0.000E+00
2.078E+07 7.881E+02 1.562E+00 9.464E-02 3.123E-02 1.359E+03 1.000E+00 4.503E+01 0.000E+00
4.605E+06 9.667E+02 1.443E+00 9.464E-02 3.123E-02 1.292E+03 1.000E+00 4.503E+01 0.000E+00
4.973E+06 9.667E+02 1.443E+00 9.464E-02 3.123E-02 1.292E+03 1.000E+00 4.503E+01 0.000E+00
5.891E+06 9.623E+02 1.446E+00 9.464E-02 3.123E-02 1.293E+03 1.000E+00 4.503E+01 0.000E+00
9.631E+06 9.623E+02 1.446E+00 9.464E-02 3.124E-02 1.293E+03 1.000E+00 4.503E+01 0.000E+00
5.245E+07 4.956E+02 1.835E+00 9.464E-02 3.124E-02 1.615E+03 1.000E+00 4.503E+01 0.000E+00
1.162E+07 7.542E+02 1.587E+00 9.464E-02 3.125E-02 1.377E+03 1.000E+00 4.503E+01 0.000E+00
1.517E+07 7.766E+02 1.570E+00 9.464E-02 3.127E-02 1.368E+03 1.000E+00 4.503E+01 0.000E+00
1.878E+07 8.917E+02 1.490E+00 9.464E-02 3.130E-02 1.317E+03 1.000E+00 4.503E+01 0.000E+00
4.605E+06 9.216E+02 1.471E+00 9.464E-02 3.136E-02 1.306E+03 1.000E+00 4.503E+01 0.000E+00
1.338E+08 9.592E+02 1.448E+00 9.464E-02 3.147E-02 1.294E+03 1.000E+00 4.503E+01 0.000E+00
3.959E+06 2.352E+02 2.218E+00 9.464E-02 3.167E-02 2.698E+03 1.000E+00 4.504E+01 0.000E+00
5.757E+08 5.021E+02 1.829E+00 9.464E-02 3.203E-02 1.600E+03 1.000E+00 4.505E+01 0.000E+00
3.186E+06 9.104E+02 1.479E+00 9.464E-02 3.269E-02 1.306E+03 1.000E+00 4.506E+01 0.000E+00
7.928E+06 5.242E+02 1.807E+00 9.464E-02 3.391E-02 1.561E+03 1.000E+00 4.509E+01 0.000E+00
1.457E+07 3.125E+02 2.103E+00 9.464E-02 3.615E-02 2.051E+03 1.000E+00 4.514E+01 0.000E+00
2.270E+06 6.264E+02 1.697E+00 1.197E-01 3.123E-02 1.484E+03 1.000E+00 4.503E+01 0.000E+00
2.331E+06 6.264E+02 1.697E+00 1.197E-01 3.123E-02 1.485E+03 1.000E+00 4.503E+01 0.000E+00
2.454E+06 6.264E+02 1.697E+00 1.197E-01 3.123E-02 1.483E+03 1.000E+00 4.503E+01 0.000E+00
2.721E+06 6.264E+02 1.697E+00 1.197E-01 3.123E-02 1.482E+03 1.000E+00 4.503E+01 0.000E+00
3.422E+06 6.264E+02 1.697E+00 1.197E-01 3.123E-02 1.482E+03 1.000E+00 4.503E+01 0.000E+00
6.806E+06 6.264E+02 1.697E+00 1.197E-01 3.123E-02 1.483E+03 1.000E+00 4.503E+01 0.000E+00
5.432E+06 3.929E+02 1.966E+00 1.197E-01 3.123E-02 1.835E+03 1.000E+00 4.503E+01 0.000E+00
1.323E+07 4.443E+02 1.898E+00 1.197E-01 3.123E-02 1.720E+03 1.000E+00 4.503E+01 0.000E+00
1.013E+07 9.760E+02 1.438E+00 1.197E-01 3.124E-02 1.320E+03 1.000E+00 4.503E+01 0.000E+00
1.833E+06 2.135E+02 2.253E+00 1.197E-01 3.124E-02 3.044E+03 1.000E+00 4.503E+01 0.000E+00
1.825E+07 4.376E+02 1.906E+00 1.197E-01 3.125E-02 1.731E+03 1.000E+00 4.503E+01 0.000E+00
7.402E+06 9.711E+02 1.441E+00 1.197E-01 3.127E-02 1.315E+03 1.000E+00 4.503E+01 0.000E+00
6.277E+06 8.350E+02 1.528E+00 1.197E-01 3.130E-02 1.361E+03 1.000E+00 4.503E+01 0.000E+00
5.852E+08 6.238E+02 1.700E+00 1.197E-01 3.136E-02 1.484E+03 1.000E+00 4.503E+01 0.000E+00
9.689E+06 6.226E+02 1.701E+00 1.197E-01 3.147E-02 1.485E+03 1.000E+00 4.503E+01 0.000E+00
5.111E+06 9.265E+02 1.468E+00 1.197E-01 3.167E-02 1.324E+03 1.000E+00 4.504E+01 0.000E+00
1.800E+06 7.422E+02 1.598E+00 1.197E-01 3.203E-02 1.402E+03 1.000E+00 4.505E+01 0.000E+00
9.173E+05 2.547E+02 2.189E+00 1.197E-01 3.269E-02 2.500E+03 1.000E+00 4.506E+01 0.000E+00
6.291E+07 3.380E+02 2.055E+00 1.197E-01 3.391E-02 1.987E+03 1.000E+00 4.509E+01 0.000E+00
4.812E+06 9.818E+02 1.438E+00 1.197E-01 3.615E-02 1.301E+03 1.000E+00 4.514E+01 0.000E+00
4.481E+07 8.179E+02 1.540E+00 1.514E-01 3.123E-02 1.393E+03 1.000E+00 4.503E+01 0.000E+00
6.057E+07 8.179E+02 1.540E+00 1.514E-01 3.123E-02 1.393E+03 1.000E+00 4.503E+01 0.000E+00
1.721E+08 8.179E+02 1.540E+00 1.514E-01 3.123E-02 1.394E+03 1.000E+00 4.503E+01 0.000E+00
1.386E+06 8.234E+02 1.536E+00 1.514E-01 3.123E-02 1.391E+03 1.000E+00 4.503E+01 0.000E+00
5.453E+06 6.047E+02 1.718E+00 1.514E-01 3.123E-02 1.526E+03 1.000E+00 4.503E+01 0.000E+00
5.581E+07 6.047E+02 1.718E+00 1.514E-01 3.123E-02 1.527E+03 1.000E+00 4.503E+01 0.000E+00
6.445E+06 4.508E+02 1.889E+00 1.514E-01 3.123E-02 1.731E+03 1.000E+00 4.503E+01 0.000E+00
2.659E+07 5.346E+02 1.791E+00 1.514E-01 3.123E-02 1.601E+03 1.000E+00 4.503E+01 0.000E+00
7.581E+06 8.234E+02 1.536E+00 1.514E-01 3.124E-02 1.390E+03 1.000E+00 4.503E+01 0.000E+00
1.206E+06 3.123E+02 2.088E+00 1.514E-01 3.124E-02 2.149E+03 1.000E+00 4.503E+01 0.000E+00
3.306E+06 5.714E+02 1.752E+00 1.514E-01 3.125E-02 1.559E+03 1.000E+00 4.503E+01 0.000E+00
3.606E+06 6.515E+02 1.674E+00 1.514E-01 3.127E-02 1.487E+03 1.000E+00 4.503E+01 0.000E+00
2.176E+07 5.080E+02 1.821E+00 1.514E-01 3.130E-02 1.636E+03 1.000E+00 4.503E+01 0.000E+00
7.302E+06 8.859E+02 1.494E+00 1.514E-01 3.136E-02 1.367E+03 1.000E+00 4.503E+01 0.000E+00
2.175E+06 3.743E+02 1.994E+00 1.514E-01 3.147E-02 1.934E+03 1.000E+00 4.504E+01 0.000E+00
2.672E+07 5.001E+02 1.830E+00 1.514E-01 3.167E-02 1.650E+03 1.000E+00 4.504E+01 0.000E+00
3.637E+06 9.954E+02 1.427E+00 1.514E-01 3.203E-02 1.336E+03 1.000E+00 4.505E+01 0.000E+00
2.021E+06 6.391E+02 1.687E+00 1.514E-01 3.269E-02 1.491E+03 1.000E+00 4.506E+01 0.000E+00
9.418E+07 9.699E+02 1.443E+00 1.514E-01 3.391E-02 1.339E+03 1.000E+00 4.509E+01 0.000E+00
1.366E+07 8.609E+02 1.514E+00 1.514E-01 3.615E-02 1.363E+03 1.000E+00 4.514E+01 0.000E+00
1.947E+06 2.755E+02 2.149E+00 1.915E-01 3.123E-02 2.397E+03 1.000E+00 4.503E+01 0.000E+00
2.050E+06 2.755E+02 2.149E+00 1.915E-01 3.123E-02 2.396E+03 1.000E+00 4.503E+01 0.000E+00
2.270E+06 2.755E+02 2.149E+00 1.915E-01 3.123E-02 2.396E+03 1.000E+00 4.503E+01 0.000E+00
2.834E+06 2.755E+02 2.149E+00 1.915E-01 3.123E-02 2.409E+03 1.000E+00 4.503E+01 0.000E+00
1.518E+06 3.985E+02 1.959E+00 1.915E-01 3.123E-02 1.876E+03 1.000E+00 4.503E+01 0.000E+00
2.453E+06 3.985E+02 1.959E+00 1.915E-01 3.123E-02 1.876E+03 1.000E+00 4.503E+01 0.000E+00
3.208E+06 5.826E+02 1.740E+00 1.915E-01 3.123E-02 1.583E+03 1.000E+00 4.503E+01 0.000E+00
3.221E+06 3.587E+02 2.016E+00 1.915E-01 3.123E-02 1.993E+03 1.000E+00 4.503E+01 0.000E+00
8.294E+06 7.540E+02 1.588E+00 1.915E-01 3.124E-02 1.461E+03 1.000E+00 4.503E+01 0.000E+00
3.315E+06 4.573E+02 1.881E+00 1.915E-01 3.124E-02 1.749E+03 1.000E+00 4.503E+01 0.000E+00
6.451E+06 7.975E+02 1.555E+00 1.915E-01 3.125E-02 1.441E+03 1.000E+00 4.503E+01 0.000E+00
2.663E+06 6.339E+02 1.690E+00 1.915E-01 3.127E-02 1.537E+03 1.000E+00 4.503E+01 0.000E+00
2.797E+06 9.135E+02 1.476E+00 1.915E-01 3.130E-02 1.402E+03 1.000E+00 4.503E+01 0.000E+00
2.635E+06 4.303E+02 1.916E+00 1.915E-01 3.136E-02 1.801E+03 1.000E+00 4.503E+01 0.000E+00
3.925E+06 4.302E+02 1.917E+00 1.915E-01 3.147E-02 1.801E+03 1.000E+00 4.504E+01 0.000E+00
5.129E+06 7.710E+02 1.575E+00 1.915E-01 3.167E-02 1.452E+03 1.000E+00 4.504E+01 0.000E+00
2.092E+07 9.507E+02 1.453E+00 1.915E-01 3.203E-02 1.392E+03 1.000E+00 4.505E+01 0.000E+00
1.198E+08 6.041E+02 1.721E+00 1.915E-01 3.269E-02 1.556E+03 1.000E+00 4.506E+01 0.000E+00
1.493E+07 8.844E+02 1.497E+00 1.915E-01 3.391E-02 1.404E+03 1.000E+00 4.509E+01 0.000E+00
4.046E+06 5.339E+02 1.800E+00 1.915E-01 3.615E-02 1.610E+03 1.000E+00 4.514E+01 0.000E+00
7.322E+06 5.629E+02 1.761E+00 2.422E-01 3.123E-02 1.656E+03 1.000E+00 4.503E+01 0.000E+00
8.332E+06 5.629E+02 1.761E+00 2.422E-01 3.123E-02 1.654E+03 1.000E+00 4.503E+01 0.000E+00
1.119E+07 5.629E+02 1.761E+00 2.422E-01 3.123E-02 1.654E+03 1.000E+00 4.503E+01 0.000E+00
3.097E+07 5.629E+02 1.761E+00 2.422E-01 3.123E-02 1.654E+03 1.000E+00 4.503E+01 0.000E+00
2.606E+08 5.624E+02 1.761E+00 2.422E-01 3.123E-02 1.654E+03 1.000E+00 4.503E+01 0.000E+00
5.455E+06 5.963E+02 1.727E+00 2.422E-01 3.123E-02 1.622E+03 1.000E+00 4.503E+01 0.000E+00
7.379E+06 7.105E+02 1.623E+00 2.422E-01 3.123E-02 1.545E+03 1.000E+00 4.503E+01 0.000E+00
3.385E+06 4.360E+02 1.909E+00 2.422E-01 3.123E-02 1.838E+03 1.000E+00 4.503E+01 0.000E+00
1.897E+07 4.364E+02 1.908E+00 2.422E-01 3.124E-02 1.843E+03 1.000E+00 4.503E+01 0.000E+00
5.970E+06 7.487E+02 1.592E+00 2.422E-01 3.124E-02 1.523E+03 1.000E+00 4.503E+01 0.000E+00
7.925E+06 8.267E+02 1.534E+00 2.422E-01 3.125E-02 1.505E+03 1.000E+00 4.503E+01 0.000E+00
2.819E+06 7.686E+02 1.577E+00 2.422E-01 3.127E-02 1.514E+03 1.000E+00 4.503E+01 0.000E+00
8.577E+06 6.321E+02 1.692E+00 2.422E-01 3.130E-02 1.592E+03 1.000E+00 4.503E+01 0.000E+00
5.408E+06 2.106E+02 2.262E+00 2.422E-01 3.136E-02 3.162E+03 1.000E+00 4.504E+01 0.000E+00
1.229E+06 3.470E+02 2.035E+00 2.422E-01 3.147E-02 2.079E+03 1.000E+00 4.504E+01 0.000E+00
6.484E+06 6.505E+02 1.676E+00 2.422E-01 3.167E-02 1.577E+03 1.000E+00 4.504E+01 0.000E+00
3.437E+06 9.550E+02 1.451E+00 2.422E-01 3.203E-02 1.464E+03 1.000E+00 4.505E+01 0.000E+00
3.404E+06 5.688E+02 1.757E+00 2.422E-01 3.269E-02 1.642E+03 1.000E+00 4.507E+01 0.000E+00
2.631E+07 5.867E+02 1.740E+00 2.422E-01 3.391E-02 1.617E+03 1.000E+00 4.509E+01 0.000E+00
2.738E+06 4.978E+02 1.842E+00 2.422E-01 3.615E-02 1.703E+03 1.000E+00 4.515E+01 0.000E+00
5.613E+06 2.798E+02 2.143E+00 3.064E-01 3.123E-02 2.477E+03 1.000E+00 4.503E+01 0.000E+00
6.601E+06 2.798E+02 2.143E+00 3.064E-01 3.123E-02 2.478E+03 1.000E+00 4.503E+01 0.000E+00
9.775E+06 2.798E+02 2.143E+00 3.064E-01 3.123E-02 2.477E+03 1.000E+00 4.503E+01 0.000E+00
9.036E+07 2.798E+02 2.143E+00 3.064E-01 3.123E-02 2.478E+03 1.000E+00 4.503E+01 0.000E+00
1.082E+07 4.134E+02 1.939E+00 3.064E-01 3.123E-02 1.961E+03 1.000E+00 4.503E+01 0.000E+00
1.635E+08 4.107E+02 1.943E+00 3.064E-01 3.123E-02 2.100E+03 1.000E+00 4.503E+01 0.000E+00
6.662E+06 4.165E+02 1.935E+00 3.064E-01 3.123E-02 1.954E+03 1.000E+00 4.503E+01 0.000E+00
5.329E+06 6.976E+02 1.634E+00 3.064E-01 3.123E-02 1.647E+03 1.000E+00 4.503E+01 0.000E+00
1.181E+08 6.718E+02 1.656E+00 3.064E-01 3.124E-02 1.654E+03 1.000E+00 4.503E+01 0.000E+00
1.422E+06 5.786E+02 1.745E+00 3.064E-01 3.124E-02 1.732E+03 1.000E+00 4.503E+01 0.000E+00
7.381E+06 7.669E+02 1.578E+00 3.064E-01 3.125E-02 1.666E+03 1.000E+00 4.503E+01 0.000E+00
7.802E+06 3.557E+02 2.022E+00 3.064E-01 3.127E-02 2.120E+03 1.000E+00 4.503E+01 0.000E+00
2.089E+06 8.264E+02 1.534E+00 3.064E-01 3.130E-02 1.596E+03 1.000E+00 4.504E+01 0.000E+00
7.545E+07 4.991E+02 1.832E+00 3.064E-01 3.136E-02 1.808E+03 1.000E+00 4.504E+01 0.000E+00
6.958E+06 8.076E+02 1.548E+00 3.064E-01 3.147E-02 1.599E+03 1.000E+00 4.504E+01 0.000E+00
3.813E+07 8.435E+02 1.523E+00 3.064E-01 3.167E-02 1.591E+03 1.000E+00 4.504E+01 0.000E+00
7.537E+06 9.367E+02 1.462E+00 3.064E-01 3.203E-02 1.582E+03 1.000E+00 4.505E+01 0.000E+00
2.182E+07 7.861E+02 1.565E+00 3.064E-01 3.269E-02 1.600E+03 1.000E+00 4.507E+01 0.000E+00
2.388E+06 7.971E+02 1.558E+00 3.064E-01 3.391E-02 1.592E+03 1.000E+00 4.510E+01 0.000E+00
2.992E+06 7.305E+02 1.612E+00 3.064E-01 3.615E-02 1.599E+03 1.000E+00 4.515E+01 0.000E+00
1.532E+06 3.054E+02 2.101E+00 3.875E-01 3.123E-02 2.444E+03 1.000E+00 4.504E+01 0.000E+00
1.591E+06 3.054E+02 2.101E+00 3.875E-01 3.123E-02 2.445E+03 1.000E+00 4.504E+01 0.000E+00
1.713E+06 3.054E+02 2.101E+00 3.875E-01 3.123E-02 2.444E+03 1.000E+00 4.504E+01 0.000E+00
1.998E+06 3.054E+02 2.101E+00 3.875E-01 3.123E-02 2.444E+03 1.000E+00 4.504E+01 0.000E+00
2.900E+06 3.054E+02 2.101E+00 3.875E-01 3.123E-02 2.444E+03 1.000E+00 4.504E+01 0.000E+00
2.109E+07 3.054E+02 2.101E+00 3.875E-01 3.123E-02 2.444E+03 1.000E+00 4.504E+01 0.000E+00
9.873E+06 3.238E+02 2.072E+00 3.875E-01 3.123E-02 2.358E+03 1.000E+00 4.504E+01 0.000E+00
1.635E+07 3.270E+02 2.067E+00 3.875E-01 3.123E-02 2.346E+03 1.000E+00 4.504E+01 0.000E+00
3.826E+06 6.370E+02 1.688E+00 3.875E-01 3.124E-02 1.823E+03 1.000E+00 4.504E+01 0.000E+00
6.468E+05 3.161E+02 2.084E+00 3.875E-01 3.124E-02 2.393E+03 1.000E+00 4.504E+01 0.000E+00
3.693E+06 5.865E+02 1.737E+00 3.875E-01 3.125E-02 1.855E+03 1.000E+00 4.504E+01 0.000E+00
5.451E+07 3.969E+02 1.963E+00 3.875E-01 3.127E-02 2.122E+03 1.000E+00 4.504E+01 0.000E+00
1.008E+06 2.755E+02 2.152E+00 3.875E-01 3.130E-02 2.618E+03 1.000E+00 4.504E+01 0.000E+00
1.191E+06 2.691E+02 2.163E+00 3.875E-01 3.136E-02 2.661E+03 1.000E+00 4.504E+01 0.000E+00
1.662E+06 2.554E+02 2.187E+00 3.875E-01 3.147E-02 2.768E+03 1.000E+00 4.504E+01 0.000E+00
7.265E+07 5.261E+02 1.802E+00 3.875E-01 3.167E-02 1.906E+03 1.000E+00 4.505E+01 0.000E+00
2.771E+06 5.442E+02 1.782E+00 3.875E-01 3.203E-02 1.884E+03 1.000E+00 4.505E+01 0.000E+00
2.232E+06 5.766E+02 1.749E+00 3.875E-01 3.269E-02 1.852E+03 1.000E+00 4.507E+01 0.000E+00
6.900E+06 6.768E+02 1.655E+00 3.875E-01 3.391E-02 1.785E+03 1.000E+00 4.510E+01 0.000E+00
8.155E+05 4.306E+02 1.928E+00 3.875E-01 3.615E-02 2.000E+03 1.000E+00 4.515E+01 0.000E+00
1.321E+06 6.075E+02 1.716E+00 4.902E-01 3.123E-02 2.113E+03 1.000E+00 4.504E+01 0.000E+00
1.340E+06 6.075E+02 1.716E+00 4.902E-01 3.123E-02 2.113E+03 1.000E+00 4.504E+01 0.000E+00
1.376E+06 6.075E+02 1.716E+00 4.902E-01 3.123E-02 2.115E+03 1.000E+00 4.504E+01 0.000E+00
9.446E+05 3.166E+02 2.084E+00 4.902E-01 3.123E-02 2.612E+03 1.000E+00 4.504E+01 0.000E+00
1.607E+06 6.075E+02 1.716E+00 4.902E-01 3.123E-02 2.244E+03 1.000E+00 4.504E+01 0.000E+00
8.993E+05 2.309E+02 2.231E+00 4.902E-01 3.123E-02 3.215E+03 1.000E+00 4.504E+01 0.000E+00
4.397E+06 6.075E+02 1.716E+00 4.902E-01 3.123E-02 2.113E+03 1.000E+00 4.504E+01 0.000E+00
2.134E+06 6.132E+02 1.711E+00 4.902E-01 3.123E-02 2.116E+03 1.000E+00 4.504E+01 0.000E+00
2.551E+06 4.605E+02 1.879E+00 4.902E-01 3.124E-02 2.238E+03 1.000E+00 4.504E+01 0.000E+00
4.671E+06 6.102E+02 1.714E+00 4.902E-01 3.124E-02 2.112E+03 1.000E+00 4.504E+01 0.000E+00
3.638E+06 3.905E+02 1.972E+00 4.902E-01 3.125E-02 2.369E+03 1.000E+00 4.504E+01 0.000E+00
3.339E+06 5.517E+02 1.773E+00 4.902E-01 3.127E-02 2.140E+03 1.000E+00 4.504E+01 0.000E+00
2.423E+07 2.764E+02 2.151E+00 4.902E-01 3.130E-02 2.824E+03 1.000E+00 4.504E+01 0.000E+00
1.878E+06 4.093E+02 1.946E+00 4.902E-01 3.136E-02 2.325E+03 1.000E+00 4.504E+01 0.000E+00
7.723E+06 6.019E+02 1.722E+00 4.902E-01 3.147E-02 2.114E+03 1.000E+00 4.504E+01 0.000E+00
6.940E+06 3.502E+02 2.033E+00 4.902E-01 3.167E-02 2.479E+03 1.000E+00 4.505E+01 0.000E+00
3.727E+06 5.280E+02 1.800E+00 4.902E-01 3.203E-02 2.146E+03 1.000E+00 4.506E+01 0.000E+00
4.866E+06 5.904E+02 1.735E+00 4.902E-01 3.269E-02 2.095E+03 1.000E+00 4.507E+01 0.000E+00
5.916E+05 3.354E+02 2.062E+00 4.902E-01 3.391E-02 2.499E+03 1.000E+00 4.510E+01 0.000E+00
2.166E+06 4.300E+02 1.929E+00 4.902E-01 3.615E-02 2.207E+03 1.000E+00 4.515E+01 0.000E+00
3.931E+06 3.650E+02 2.010E+00 6.200E-01 3.123E-02 2.908E+03 1.000E+00 4.504E+01 0.000E+00
4.347E+06 3.650E+02 2.010E+00 6.200E-01 3.123E-02 2.907E+03 1.000E+00 4.504E+01 0.000E+00
5.401E+06 3.650E+02 2.010E+00 6.200E-01 3.123E-02 2.914E+03 1.000E+00 4.504E+01 0.000E+00
9.837E+06 3.650E+02 2.010E+00 6.200E-01 3.123E-02 2.907E+03 1.000E+00 4.504E+01 0.000E+00
1.120E+06 3.534E+02 2.028E+00 6.200E-01 3.123E-02 2.954E+03 1.000E+00 4.504E+01 0.000E+00
1.548E+06 3.534E+02 2.028E+00 6.200E-01 3.123E-02 2.950E+03 1.000E+00 4.504E+01 0.000E+00
6.394E+06 3.534E+02 2.028E+00 6.200E-01 3.123E-02 2.950E+03 1.000E+00 4.504E+01 0.000E+00
6.330E+05 2.433E+02 2.211E+00 6.200E-01 3.123E-02 3.574E+03 1.000E+00 4.504E+01 0.000E+00
4.528E+06 2.433E+02 2.211E+00 6.200E-01 3.124E-02 3.575E+03 1.000E+00 4.504E+01 0.000E+00
1.663E+06 4.034E+02 1.955E+00 6.200E-01 3.124E-02 2.790E+03 1.000E+00 4.504E+01 0.000E+00
1.516E+06 3.979E+02 1.963E+00 6.200E-01 3.125E-02 2.804E+03 1.000E+00 4.504E+01 0.000E+00
1.329E+06 3.468E+02 2.038E+00 6.200E-01 3.127E-02 2.977E+03 1.000E+00 4.504E+01 0.000E+00
1.246E+06 3.900E+02 1.974E+00 6.200E-01 3.130E-02 2.824E+03 1.000E+00 4.504E+01 0.000E+00
2.670E+06 4.075E+02 1.949E+00 6.200E-01 3.136E-02 2.777E+03 1.000E+00 4.504E+01 0.000E+00
2.788E+06 4.128E+02 1.942E+00 6.200E-01 3.147E-02 2.755E+03 1.000E+00 4.505E+01 0.000E+00
8.937E+06 3.871E+02 1.979E+00 6.200E-01 3.167E-02 2.816E+03 1.000E+00 4.505E+01 0.000E+00
6.894E+05 3.178E+02 2.086E+00 6.200E-01 3.203E-02 3.070E+03 1.000E+00 4.506E+01 0.000E+00
2.001E+06 2.427E+02 2.219E+00 6.200E-01 3.269E-02 3.560E+03 1.000E+00 4.507E+01 0.000E+00
1.068E+06 2.472E+02 2.216E+00 6.200E-01 3.391E-02 3.514E+03 1.000E+00 4.510E+01 0.000E+00
4.114E+06 2.626E+02 2.197E+00 6.200E-01 3.615E-02 3.239E+03 1.000E+00 4.515E+01 0.000E+00
9.151E+05 2.672E+02 2.171E+00 7.842E-01 3.123E-02 4.276E+03 1.000E+00 4.504E+01 0.000E+00
9.341E+05 2.672E+02 2.171E+00 7.842E-01 3.123E-02 4.276E+03 1.000E+00 4.504E+01 0.000E+00
9.714E+05 2.672E+02 2.171E+00 7.842E-01 3.123E-02 4.275E+03 1.000E+00 4.504E+01 0.000E+00
1.049E+06 2.672E+02 2.171E+00 7.842E-01 3.123E-02 4.281E+03 1.000E+00 4.504E+01 0.000E+00
1.232E+06 2.672E+02 2.171E+00 7.842E-01 3.123E-02 4.275E+03 1.000E+00 4.504E+01 0.000E+00
1.842E+06 2.672E+02 2.171E+00 7.842E-01 3.123E-02 4.275E+03 1.000E+00 4.504E+01 0.000E+00
5.210E+07 2.672E+02 2.171E+00 7.842E-01 3.123E-02 4.275E+03 1.000E+00 4.504E+01 0.000E+00
8.442E+05 2.607E+02 2.183E+00 7.842E-01 3.123E-02 4.431E+03 1.000E+00 4.504E+01 0.000E+00
8.752E+05 2.153E+02 2.266E+00 7.842E-01 3.124E-02 5.485E+03 1.000E+00 4.504E+01 0.000E+00
6.968E+05 2.096E+02 2.277E+00 7.842E-01 3.124E-02 5.637E+03 1.000E+00 4.504E+01 0.000E+00
2.220E+06 2.184E+02 2.260E+00 7.842E-01 3.125E-02 5.393E+03 1.000E+00 4.505E+01 0.000E+00
1.482E+06 2.134E+02 2.270E+00 7.842E-01 3.127E-02 5.526E+03 1.000E+00 4.505E+01 0.000E+00
4.990E+05 2.475E+02 2.207E+00 7.842E-01 3.130E-02 4.646E+03 1.000E+00 4.505E+01 0.000E+00
4.009E+05 2.753E+02 2.158E+00 7.842E-01 3.136E-02 4.137E+03 1.000E+00 4.505E+01 0.000E+00
1.133E+06 2.412E+02 2.219E+00 7.842E-01 3.147E-02 4.751E+03 1.000E+00 4.505E+01 0.000E+00
1.029E+07 2.653E+02 2.176E+00 7.842E-01 3.167E-02 4.228E+03 1.000E+00 4.505E+01 0.000E+00
6.624E+05 2.260E+02 2.250E+00 7.842E-01 3.203E-02 5.000E+03 1.000E+00 4.506E+01 0.000E+00
6.627E+06 2.524E+02 2.204E+00 7.842E-01 3.269E-02 4.256E+03 1.000E+00 4.508E+01 0.000E+00
2.004E+06 2.371E+02 2.238E+00 7.842E-01 3.391E-02 4.319E+03 1.000E+00 4.511E+01 0.000E+00
2.294E+06 2.299E+02 2.262E+00 7.842E-01 3.615E-02 4.054E+03 1.000E+00 4.516E+01 0.000E+00
NAN NAN NAN 9.919E-01 3.123E-02 NAN 1.000E+00 4.505E+01 0.000E+00
NAN NAN NAN 9.919E-01 3.123E-02 NAN 1.000E+00 4.505E+01 0.000E+00
NAN NAN NAN 9.919E-01 3.123E-02 NAN 1.000E+00 4.505E+01 0.000E+00
NAN NAN NAN 9.919E-01 3.123E-02 NAN 1.000E+00 4.505E+01 0.000E+00
NAN NAN NAN 9.919E-01 3.123E-02 NAN 1.000E+00 4.505E+01 0.000E+00
NAN NAN NAN 9.919E-01 3.123E-02 NAN 1.000E+00 4.505E+01 0.000E+00
NAN NAN NAN 9.919E-01 3.123E-02 NAN 1.000E+00 4.505E+01 0.000E+00
NAN NAN NAN 9.919E-01 3.123E-02 NAN 1.000E+00 4.505E+01 0.000E+00
NAN NAN NAN 9.919E-01 3.124E-02 NAN 1.000E+00 4.505E+01 0.000E+00
NAN NAN NAN 9.919E-01 3.124E-02 NAN 1.000E+00 4.505E+01 0.000E+00
NAN NAN NAN 9.919E-01 3.125E-02 NAN 1.000E+00 4.505E+01 0.000E+00
NAN NAN NAN 9.919E-01 3.127E-02 NAN 1.000E+00 4.505E+01 0.000E+00
NAN NAN NAN 9.919E-01 3.130E-02 NAN 1.000E+00 4.505E+01 0.000E+00
NAN NAN NAN 9.919E-01 3.136E-02 NAN 1.000E+00 4.505E+01 0.000E+00
NAN NAN NAN 9.919E-01 3.147E-02 NAN 1.000E+00 4.505E+01 0.000E+00
NAN NAN NAN 9.919E-01 3.167E-02 NAN 1.000E+00 4.506E+01 0.000E+00
NAN NAN NAN 9.919E-01 3.203E-02 NAN 1.000E+00 4.507E+01 0.000E+00
NAN NAN NAN 9.919E-01 3.269E-02 NAN 1.000E+00 4.508E+01 0.000E+00
NAN NAN NAN 9.919E-01 3.391E-02 NAN 1.000E+00 4.511E+01 0.000E+00
NAN NAN NAN 9.919E-01 3.615E-02 NAN 1.000E+00 4.516E+01 0.000E+00
NAN NAN NAN 1.255E+00 3.123E-02 NAN 1.000E+00 4.506E+01 0.000E+00
NAN NAN NAN 1.255E+00 3.123E-02 NAN 1.000E+00 4.506E+01 0.000E+00
NAN NAN NAN 1.255E+00 3.123E-02 NAN 1.000E+00 4.506E+01 0.000E+00
NAN NAN NAN 1.255E+00 3.123E-02 NAN 1.000E+00 4.506E+01 0.000E+00
NAN NAN NAN 1.255E+00 3.123E-02 NAN 1.000E+00 4.506E+01 0.000E+00
NAN NAN NAN 1.255E+00 3.123E-02 NAN 1.000E+00 4.506E+01 0.000E+00
NAN NAN NAN 1.255E+00 3.123E-02 NAN 1.000E+00 4.506E+01 0.000E+00
NAN NAN NAN 1.255E+00 3.123E-02 NAN 1.000E+00 4.506E+01 0.000E+00
NAN NAN NAN 1.255E+00 3.124E-02 NAN 1.000E+00 4.506E+01 0.000E+00
NAN NAN NAN 1.255E+00 3.124E-02 NAN 1.000E+00 4.506E+01 0.000E+00
NAN NAN NAN 1.255E+00 3.125E-02 NAN 1.000E+00 4.506E+01 0.000E+00
NAN NAN NAN 1.255E+00 3.127E-02 NAN 1.000E+00 4.506E+01 0.000E+00
NAN NAN NAN 1.255E+00 3.130E-02 NAN 1.000E+00 4.506E+01 0.000E+00
NAN NAN NAN 1.255E+00 3.136E-02 NAN 1.000E+00 4.506E+01 0.000E+00
NAN NAN NAN 1.255E+00 3.147E-02 NAN 1.000E+00 4.506E+01 0.000E+00
NAN NAN NAN 1.255E+00 3.167E-02 NAN 1.000E+00 4.507E+01 0.000E+00
NAN NAN NAN 1.255E+00 3.203E-02 NAN 1.000E+00 4.507E+01 0.000E+00
NAN NAN NAN 1.255E+00 3.269E-02 NAN 1.000E+00 4.509E+01 0.000E+00
NAN NAN NAN 1.255E+00 3.391E-02 NAN 1.000E+00 4.512E+01 0.000E+00
NAN NAN NAN 1.255E+00 3.615E-02 NAN 1.000E+00 4.517E+01 0.000E+00
NAN NAN NAN 1.587E+00 3.123E-02 NAN 1.000E+00 4.506E+01 0.000E+00
NAN NAN NAN 1.587E+00 3.123E-02 NAN 1.000E+00 4.506E+01 0.000E+00
NAN NAN NAN 1.587E+00 3.123E-02 NAN 1.000E+00 4.506E+01 0.000E+00
NAN NAN NAN 1.587E+00 3.123E-02 NAN 1.000E+00 4.506E+01 0.000E+00
NAN NAN NAN 1.587E+00 3.123E-02 NAN 1.000E+00 4.506E+01 0.000E+00
NAN NAN NAN 1.587E+00 3.123E-02 NAN 1.000E+00 4.506E+01 0.000E+00
NAN NAN NAN 1.587E+00 3.123E-02 NAN 1.000E+00 4.506E+01 0.000E+00
NAN NAN NAN 1.587E+00 3.123E-02 NAN 1.000E+00 4.506E+01 0.000E+00
NAN NAN NAN 1.587E+00 3.124E-02 NAN 1.000E+00 4.506E+01 0.000E+00
NAN NAN NAN 1.587E+00 3.124E-02 NAN 1.000E+00 4.506E+01 0.000E+00
NAN NAN NAN 1.587E+00 3.125E-02 NAN 1.000E+00 4.506E+01 0.000E+00
NAN NAN NAN 1.587E+00 3.127E-02 NAN 1.000E+00 4.506E+01 0.000E+00
NAN NAN NAN 1.587E+00 3.130E-02 NAN 1.000E+00 4.506E+01 0.000E+00
NAN NAN NAN 1.587E+00 3.136E-02 NAN 1.000E+00 4.507E+01 0.000E+00
NAN NAN NAN 1.587E+00 3.147E-02 NAN 1.000E+00 4.507E+01 0.000E+00
NAN NAN NAN 1.587E+00 3.167E-02 NAN 1.000E+00 4.507E+01 0.000E+00
NAN NAN NAN 1.587E+00 3.203E-02 NAN 1.000E+00 4.508E+01 0.000E+00
NAN NAN NAN 1.587E+00 3.269E-02 NAN 1.000E+00 4.510E+01 0.000E+00
NAN NAN NAN 1.587E+00 3.391E-02 NAN 1.000E+00 4.512E+01 0.000E+00
NAN NAN NAN 1.587E+00 3.615E-02 NAN 1.000E+00 4.518E+01 0.000E+00
NAN NAN NAN 2.007E+00 3.123E-02 NAN 1.000E+00 4.507E+01 0.000E+00
NAN NAN NAN 2.007E+00 3.123E-02 NAN 1.000E+00 4.507E+01 0.000E+00
NAN NAN NAN 2.007E+00 3.123E-02 NAN 1.000E+00 4.507E+01 0.000E+00
NAN NAN NAN 2.007E+00 3.123E-02 NAN 1.000E+00 4.507E+01 0.000E+00
NAN NAN NAN 2.007E+00 3.123E-02 NAN 1.000E+00 4.507E+01 0.000E+00
NAN NAN NAN 2.007E+00 3.123E-02 NAN 1.000E+00 4.507E+01 0.000E+00
NAN NAN NAN 2.007E+00 3.123E-02 NAN 1.000E+00 4.507E+01 0.000E+00
NAN NAN NAN 2.007E+00 3.123E-02 NAN 1.000E+00 4.507E+01 0.000E+00
NAN NAN NAN 2.007E+00 3.124E-02 NAN 1.000E+00 4.507E+01 0.000E+00
NAN NAN NAN 2.007E+00 3.124E-02 NAN 1.000E+00 4.507E+01 0.000E+00
NAN NAN NAN 2.007E+00 3.125E-02 NAN 1.000E+00 4.507E+01 0.000E+00
NAN NAN NAN 2.007E+00 3.127E-02 NAN 1.000E+00 4.507E+01 0.000E+00
NAN NAN NAN 2.007E+00 3.130E-02 NAN 1.000E+00 4.507E+01 0.000E+00
NAN NAN NAN 2.007E+00 3.136E-02 NAN 1.000E+00 4.508E+01 0.000E+00
NAN NAN NAN 2.007E+00 3.147E-02 NAN 1.000E+00 4.508E+01 0.000E+00
NAN NAN NAN 2.007E+00 3.167E-02 NAN 1.000E+00 4.508E+01 0.000E+00
NAN NAN NAN 2.007E+00 3.203E-02 NAN 1.000E+00 4.509E+01 0.000E+00
NAN NAN NAN 2.007E+00 3.269E-02 NAN 1.000E+00 4.511E+01 0.000E+00
NAN NAN NAN 2.007E+00 3.391E-02 NAN 1.000E+00 4.513E+01 0.000E+00
NAN NAN NAN 2.007E+00 3.615E-02 NAN 1.000E+00 4.519E+01 0.000E+00
NAN NAN NAN 2.539E+00 3.123E-02 NAN 1.000E+00 4.508E+01 0.000E+00
NAN NAN NAN 2.539E+00 3.123E-02 NAN 1.000E+00 4.508E+01 0.000E+00
NAN NAN NAN 2.539E+00 3.123E-02 NAN 1.000E+00 4.508E+01 0.000E+00
NAN NAN NAN 2.539E+00 3.123E-02 NAN 1.000E+00 4.508E+01 0.000E+00
NAN NAN NAN 2.539E+00 3.123E-02 NAN 1.000E+00 4.508E+01 0.000E+00
NAN NAN NAN 2.539E+00 3.123E-02 NAN 1.000E+00 4.508E+01 0.000E+00
NAN NAN NAN 2.539E+00 3.123E-02 NAN 1.000E+00 4.508E+01 0.000E+00
NAN NAN NAN 2.539E+00 3.123E-02 NAN 1.000E+00 4.508E+01 0.000E+00
NAN NAN NAN 2.539E+00 3.124E-02 NAN 1.000E+00 4.509E+01 0.000E+00
NAN NAN NAN 2.539E+00 3.124E-02 NAN 1.000E+00 4.509E+01 0.000E+00
NAN NAN NAN 2.539E+00 3.125E-02 NAN 1.000E+00 4.509E+01 0.000E+00
NAN NAN NAN 2.539E+00 3.127E-02 NAN 1.000E+00 4.509E+01 0.000E+00
NAN NAN NAN 2.539E+00 3.130E-02 NAN 1.000E+00 4.509E+01 0.000E+00
NAN NAN NAN 2.539E+00 3.136E-02 NAN 1.000E+00 4.509E+01 0.000E+00
NAN NAN NAN 2.539E+00 3.147E-02 NAN 1.000E+00 4.509E+01 0.000E+00
NAN NAN NAN 2.539E+00 3.167E-02 NAN 1.000E+00 4.510E+01 0.000E+00
NAN NAN NAN 2.539E+00 3.203E-02 NAN 1.000E+00 4.510E+01 0.000E+00
NAN NAN NAN 2.539E+00 3.269E-02 NAN 1.000E+00 4.512E+01 0.000E+00
NAN NAN NAN 2.539E+00 3.391E-02 NAN 1.000E+00 4.515E+01 0.000E+00
NAN NAN NAN 2.539E+00 3.615E-02 NAN 1.000E+00 4.520E+01 0.000E+00
NAN NAN NAN 3.211E+00 3.123E-02 NAN 1.000E+00 4.510E+01 0.000E+00
NAN NAN NAN 3.211E+00 3.123E-02 NAN 1.000E+00 4.510E+01 0.000E+00
NAN NAN NAN 3.211E+00 3.123E-02 NAN 1.000E+00 4.510E+01 0.000E+00
NAN NAN NAN 3.211E+00 3.123E-02 NAN 1.000E+00 4.510E+01 0.000E+00
NAN NAN NAN 3.211E+00 3.123E-02 NAN 1.000E+00 4.510E+01 0.000E+00
NAN NAN NAN 3.211E+00 3.123E-02 NAN 1.000E+00 4.510E+01 0.000E+00
NAN NAN NAN 3.211E+00 3.123E-02 NAN 1.000E+00 4.510E+01 0.000E+00
NAN NAN NAN 3.211E+00 3.123E-02 NAN 1.000E+00 4.510E+01 0.000E+00
NAN NAN NAN 3.211E+00 3.124E-02 NAN 1.000E+00 4.510E+01 0.000E+00
NAN NAN NAN 3.211E+00 3.124E-02 NAN 1.000E+00 4.510E+01 0.000E+00
NAN NAN NAN 3.211E+00 3.125E-02 NAN 1.000E+00 4.510E+01 0.000E+00
NAN NAN NAN 3.211E+00 3.127E-02 NAN 1.000E+00 4.510E+01 0.000E+00
NAN NAN NAN 3.211E+00 3.130E-02 NAN 1.000E+00 4.510E+01 0.000E+00
NAN NAN NAN 3.211E+00 3.136E-02 NAN 1.000E+00 4.510E+01 0.000E+00
NAN NAN NAN 3.211E+00 3.147E-02 NAN 1.000E+00 4.511E+01 0.000E+00
NAN NAN NAN 3.211E+00 3.167E-02 NAN 1.000E+00 4.511E+01 0.000E+00
NAN NAN NAN 3.211E+00 3.203E-02 NAN 1.000E+00 4.512E+01 0.000E+00
NAN NAN NAN 3.211E+00 3.269E-02 NAN 1.000E+00 4.513E+01 0.000E+00
NAN NAN NAN 3.211E+00 3.391E-02 NAN 1.000E+00 4.516E+01 0.000E+00
NAN NAN NAN 3.211E+00 3.615E-02 NAN 1.000E+00 4.521E+01 0.000E+00
NAN NAN NAN 4.062E+00 3.123E-02 NAN 1.000E+00 4.512E+01 3.000E+00
NAN NAN NAN 4.062E+00 3.123E-02 NAN 1.000E+00 4.512E+01 3.000E+00
NAN NAN NAN 4.062E+00 3.123E-02 NAN 1.000E+00 4.512E+01 3.000E+00
NAN NAN NAN 4.062E+00 3.123E-02 NAN 1.000E+00 4.512E+01 3.000E+00
NAN NAN NAN 4.062E+00 3.123E-02 NAN 1.000E+00 4.512E+01 3.000E+00
NAN NAN NAN 4.062E+00 3.123E-02 NAN 1.000E+00 4.512E+01 3.000E+00
NAN NAN NAN 4.062E+00 3.123E-02 NAN 1.000E+00 4.512E+01 3.000E+00
NAN NAN NAN 4.062E+00 3.123E-02 NAN 1.000E+00 4.512E+01 3.000E+00
NAN NAN NAN 4.062E+00 3.124E-02 NAN 1.000E+00 4.512E+01 3.000E+00
NAN NAN NAN 4.062E+00 3.124E-02 NAN 1.000E+00 4.512E+01 3.000E+00
NAN NAN NAN 4.062E+00 3.125E-02 NAN 1.000E+00 4.512E+01 3.000E+00
NAN NAN NAN 4.062E+00 3.127E-02 NAN 1.000E+00 4.512E+01 3.000E+00
NAN NAN NAN 4.062E+00 3.130E-02 NAN 1.000E+00 4.512E+01 3.000E+00
NAN NAN NAN 4.062E+00 3.136E-02 NAN 1.000E+00 4.512E+01 3.000E+00
NAN NAN NAN 4.062E+00 3.147E-02 NAN 1.000E+00 4.513E+01 3.000E+00
NAN NAN NAN 4.062E+00 3.167E-02 NAN 1.000E+00 4.513E+01 3.000E+00
NAN NAN NAN 4.062E+00 3.203E-02 NAN 1.000E+00 4.514E+01 3.000E+00
NAN NAN NAN 4.062E+00 3.269E-02 NAN 1.000E+00 4.515E+01 3.000E+00
NAN NAN NAN 4.062E+00 3.391E-02 NAN 1.000E+00 4.518E+01 3.000E+00
NAN NAN NAN 4.062E+00 3.615E-02 NAN 1.000E+00 4.523E+01 3.000E+00
NAN NAN NAN 5.138E+00 3.123E-02 NAN 1.000E+00 4.514E+01 3.000E+00
NAN NAN NAN 5.138E+00 3.123E-02 NAN 1.000E+00 4.514E+01 3.000E+00
NAN NAN NAN 5.138E+00 3.123E-02 NAN 1.000E+00 4.514E+01 3.000E+00
NAN NAN NAN 5.138E+00 3.123E-02 NAN 1.000E+00 4.514E+01 3.000E+00
NAN NAN NAN 5.138E+00 3.123E-02 NAN 1.000E+00 4.514E+01 3.000E+00
NAN NAN NAN 5.138E+00 3.123E-02 NAN 1.000E+00 4.514E+01 3.000E+00
NAN NAN NAN 5.138E+00 3.123E-02 NAN 1.000E+00 4.514E+01 3.000E+00
NAN NAN NAN 5.138E+00 3.123E-02 NAN 1.000E+00 4.514E+01 3.000E+00
NAN NAN NAN 5.138E+00 3.124E-02 NAN 1.000E+00 4.514E+01 3.000E+00
NAN NAN NAN 5.138E+00 3.124E-02 NAN 1.000E+00 4.514E+01 3.000E+00
NAN NAN NAN 5.138E+00 3.125E-02 NAN 1.000E+00 4.515E+01 3.000E+00
NAN NAN NAN 5.138E+00 3.127E-02 NAN 1.000E+00 4.515E+01 3.000E+00
NAN NAN NAN 5.138E+00 3.130E-02 NAN 1.000E+00 4.515E+01 3.000E+00
NAN NAN NAN 5.138E+00 3.136E-02 NAN 1.000E+00 4.515E+01 3.000E+00
NAN NAN NAN 5.138E+00 3.147E-02 NAN 1.000E+00 4.515E+01 3.000E+00
NAN NAN NAN 5.138E+00 3.167E-02 NAN 1.000E+00 4.515E+01 3.000E+00
NAN NAN NAN 5.138E+00 3.203E-02 NAN 1.000E+00 4.516E+01 3.000E+00
NAN NAN NAN 5.138E+00 3.269E-02 NAN 1.000E+00 4.518E+01 3.000E+00
NAN NAN NAN 5.138E+00 3.391E-02 NAN 1.000E+00 4.521E+01 3.000E+00
NAN NAN NAN 5.138E+00 3.615E-02 NAN 1.000E+00 4.526E+01 3.000E+00
