1.694E+07 2.475E+02 3.370E-01 5.137E-05 2.481E-03 2.991E+03 7.516E-01 7.080E+00 2.000E+00
2.933E+07 2.475E+02 3.370E-01 5.137E-05 2.481E-03 2.990E+03 7.516E-01 7.080E+00 2.000E+00
1.241E+08 6.459E+02 2.628E-01 5.137E-05 2.481E-03 1.624E+03 7.516E-01 7.080E+00 2.000E+00
4.160E+07 2.304E+02 3.407E-01 5.137E-05 2.481E-03 3.345E+03 7.516E-01 7.080E+00 2.000E+00
1.480E+07 5.366E+02 2.793E-01 5.137E-05 2.481E-03 1.694E+03 7.516E-01 7.080E+00 2.000E+00
1.228E+08 6.765E+02 2.587E-01 5.137E-05 2.482E-03 1.605E+03 7.516E-01 7.080E+00 2.000E+00
8.018E+07 8.869E+02 2.345E-01 5.137E-05 2.483E-03 1.695E+03 7.517E-01 7.080E+00 2.000E+00
1.674E+07 6.119E+02 2.677E-01 5.137E-05 2.484E-03 1.632E+03 7.517E-01 7.080E+00 2.000E+00
3.501E+07 8.606E+02 2.371E-01 5.137E-05 2.487E-03 1.663E+03 7.519E-01 7.080E+00 2.000E+00
2.032E+08 7.376E+02 2.509E-01 5.137E-05 2.492E-03 1.601E+03 7.521E-01 7.080E+00 2.000E+00
2.405E+07 6.398E+02 2.637E-01 5.137E-05 2.502E-03 1.639E+03 7.524E-01 7.080E+00 2.000E+00
2.350E+08 6.250E+02 2.658E-01 5.137E-05 2.519E-03 1.628E+03 7.531E-01 7.081E+00 2.000E+00
8.904E+07 7.311E+02 2.518E-01 5.137E-05 2.551E-03 1.609E+03 7.542E-01 7.081E+00 2.000E+00
2.416E+08 6.797E+02 2.584E-01 5.137E-05 2.610E-03 1.619E+03 7.564E-01 7.083E+00 2.000E+00
2.281E+07 3.862E+02 3.074E-01 5.137E-05 2.718E-03 1.980E+03 7.603E-01 7.085E+00 2.000E+00
1.705E+07 7.208E+02 2.535E-01 5.137E-05 2.916E-03 1.670E+03 7.676E-01 7.090E+00 2.000E+00
7.103E+06 5.914E+02 2.719E-01 5.137E-05 3.279E-03 1.715E+03 7.808E-01 7.098E+00 2.000E+00
8.796E+07 5.155E+02 2.853E-01 5.137E-05 3.944E-03 1.819E+03 8.027E-01 7.113E+00 2.000E+00
8.442E+06 3.567E+02 3.204E-01 5.137E-05 5.162E-03 2.113E+03 8.368E-01 7.141E+00 2.000E+00
7.008E+07 2.720E+02 3.506E-01 5.137E-05 7.396E-03 2.435E+03 8.823E-01 7.192E+00 2.000E+00
8.765E+07 6.459E+02 2.628E-01 6.498E-05 2.481E-03 1.616E+03 7.517E-01 7.080E+00 2.000E+00
8.599E+07 6.421E+02 2.634E-01 6.498E-05 2.481E-03 1.617E+03 7.517E-01 7.080E+00 2.000E+00
4.569E+07 2.304E+02 3.407E-01 6.498E-05 2.481E-03 3.345E+03 7.517E-01 7.080E+00 2.000E+00
5.450E+07 8.854E+02 2.346E-01 6.498E-05 2.481E-03 1.693E+03 7.517E-01 7.080E+00 2.000E+00
5.823E+07 5.366E+02 2.793E-01 6.498E-05 2.481E-03 1.703E+03 7.517E-01 7.080E+00 2.000E+00
4.885E+06 2.192E+02 3.431E-01 6.498E-05 2.482E-03 3.685E+03 7.517E-01 7.080E+00 2.000E+00
2.823E+08 8.869E+02 2.345E-01 6.498E-05 2.483E-03 1.695E+03 7.517E-01 7.080E+00 2.000E+00
4.655E+07 6.119E+02 2.677E-01 6.498E-05 2.484E-03 1.632E+03 7.518E-01 7.080E+00 2.000E+00
5.529E+07 8.606E+02 2.371E-01 6.498E-05 2.487E-03 1.664E+03 7.519E-01 7.080E+00 2.000E+00
9.532E+06 7.250E+02 2.525E-01 6.498E-05 2.492E-03 1.601E+03 7.521E-01 7.080E+00 2.000E+00
1.790E+08 6.398E+02 2.637E-01 6.498E-05 2.502E-03 1.619E+03 7.525E-01 7.080E+00 2.000E+00
1.266E+09 6.221E+02 2.662E-01 6.498E-05 2.519E-03 1.642E+03 7.531E-01 7.081E+00 2.000E+00
3.331E+07 8.445E+02 2.389E-01 6.498E-05 2.551E-03 1.667E+03 7.543E-01 7.081E+00 2.000E+00
1.198E+08 6.757E+02 2.589E-01 6.498E-05 2.610E-03 1.620E+03 7.564E-01 7.083E+00 2.000E+00
5.791E+07 3.827E+02 3.081E-01 6.498E-05 2.718E-03 1.991E+03 7.604E-01 7.085E+00 2.000E+00
3.532E+06 2.412E+02 3.403E-01 6.498E-05 2.916E-03 3.020E+03 7.676E-01 7.090E+00 2.000E+00
9.155E+06 5.914E+02 2.719E-01 6.498E-05 3.279E-03 1.716E+03 7.809E-01 7.098E+00 2.000E+00
1.018E+08 2.290E+02 3.479E-01 6.498E-05 3.944E-03 3.049E+03 8.028E-01 7.113E+00 2.000E+00
2.209E+07 3.567E+02 3.204E-01 6.498E-05 5.162E-03 2.113E+03 8.368E-01 7.141E+00 2.000E+00
8.844E+06 2.144E+02 3.689E-01 6.498E-05 7.396E-03 2.797E+03 8.823E-01 7.192E+00 2.000E+00
4.404E+08 8.731E+02 2.359E-01 8.219E-05 2.481E-03 1.677E+03 7.517E-01 7.080E+00 2.000E+00
3.927E+07 8.854E+02 2.346E-01 8.219E-05 2.481E-03 1.693E+03 7.517E-01 7.080E+00 2.000E+00
5.206E+07 8.854E+02 2.346E-01 8.219E-05 2.481E-03 1.694E+03 7.517E-01 7.080E+00 2.000E+00
1.461E+07 5.366E+02 2.793E-01 8.219E-05 2.481E-03 1.697E+03 7.517E-01 7.080E+00 2.000E+00
8.533E+07 6.714E+02 2.594E-01 8.219E-05 2.481E-03 1.607E+03 7.517E-01 7.080E+00 2.000E+00
1.757E+07 2.655E+02 3.330E-01 8.219E-05 2.482E-03 2.731E+03 7.518E-01 7.080E+00 2.000E+00
3.504E+07 8.809E+02 2.351E-01 8.219E-05 2.483E-03 1.690E+03 7.518E-01 7.080E+00 2.000E+00
1.596E+07 5.973E+02 2.698E-01 8.219E-05 2.484E-03 1.641E+03 7.519E-01 7.080E+00 2.000E+00
1.227E+08 3.256E+02 3.196E-01 8.219E-05 2.487E-03 2.235E+03 7.520E-01 7.080E+00 2.000E+00
1.224E+07 7.250E+02 2.525E-01 8.219E-05 2.492E-03 1.601E+03 7.522E-01 7.080E+00 2.000E+00
9.965E+06 3.086E+02 3.234E-01 8.219E-05 2.502E-03 2.339E+03 7.526E-01 7.080E+00 2.000E+00
3.648E+07 6.997E+02 2.557E-01 8.219E-05 2.519E-03 1.607E+03 7.532E-01 7.081E+00 2.000E+00
6.711E+07 8.445E+02 2.389E-01 8.219E-05 2.551E-03 1.668E+03 7.544E-01 7.081E+00 2.000E+00
3.293E+07 4.467E+02 2.952E-01 8.219E-05 2.610E-03 1.830E+03 7.565E-01 7.083E+00 2.000E+00
2.115E+07 6.054E+02 2.689E-01 8.219E-05 2.718E-03 1.673E+03 7.605E-01 7.085E+00 2.000E+00
2.967E+08 4.582E+02 2.937E-01 8.219E-05 2.916E-03 1.818E+03 7.677E-01 7.090E+00 2.000E+00
1.554E+07 5.914E+02 2.719E-01 8.219E-05 3.279E-03 1.715E+03 7.810E-01 7.098E+00 2.000E+00
2.875E+07 2.272E+02 3.483E-01 8.219E-05 3.944E-03 3.079E+03 8.028E-01 7.113E+00 2.000E+00
1.528E+08 3.863E+02 3.136E-01 8.219E-05 5.162E-03 2.053E+03 8.369E-01 7.141E+00 2.000E+00
5.118E+06 2.771E+02 3.490E-01 8.219E-05 7.396E-03 2.424E+03 8.824E-01 7.192E+00 2.000E+00
1.091E+07 5.366E+02 2.792E-01 1.040E-04 2.481E-03 1.695E+03 7.518E-01 7.080E+00 2.000E+00
1.243E+07 5.366E+02 2.792E-01 1.040E-04 2.481E-03 1.693E+03 7.518E-01 7.080E+00 2.000E+00
1.971E+07 5.366E+02 2.793E-01 1.040E-04 2.481E-03 1.694E+03 7.518E-01 7.080E+00 2.000E+00
2.154E+08 3.722E+02 3.096E-01 1.040E-04 2.481E-03 2.027E+03 7.518E-01 7.080E+00 2.000E+00
4.061E+07 6.765E+02 2.587E-01 1.040E-04 2.481E-03 1.607E+03 7.518E-01 7.080E+00 2.000E+00
1.178E+08 5.563E+02 2.761E-01 1.040E-04 2.482E-03 1.674E+03 7.519E-01 7.080E+00 2.000E+00
9.535E+07 5.642E+02 2.748E-01 1.040E-04 2.483E-03 1.667E+03 7.519E-01 7.080E+00 2.000E+00
1.111E+08 3.965E+02 3.047E-01 1.040E-04 2.484E-03 1.949E+03 7.520E-01 7.080E+00 2.000E+00
9.779E+07 5.030E+02 2.849E-01 1.040E-04 2.487E-03 1.734E+03 7.521E-01 7.080E+00 2.000E+00
2.063E+07 7.250E+02 2.525E-01 1.040E-04 2.492E-03 1.601E+03 7.523E-01 7.080E+00 2.000E+00
4.140E+07 8.006E+02 2.436E-01 1.040E-04 2.502E-03 1.624E+03 7.527E-01 7.080E+00 2.000E+00
4.276E+07 6.953E+02 2.563E-01 1.040E-04 2.519E-03 1.608E+03 7.533E-01 7.081E+00 2.000E+00
3.822E+07 4.212E+02 3.000E-01 1.040E-04 2.551E-03 1.929E+03 7.545E-01 7.081E+00 2.000E+00
2.312E+07 4.585E+02 2.930E-01 1.040E-04 2.610E-03 1.808E+03 7.566E-01 7.083E+00 2.000E+00
1.199E+08 2.232E+02 3.434E-01 1.040E-04 2.718E-03 3.467E+03 7.606E-01 7.085E+00 2.000E+00
4.083E+07 6.213E+02 2.669E-01 1.040E-04 2.916E-03 1.668E+03 7.678E-01 7.090E+00 2.000E+00
8.670E+06 2.206E+02 3.467E-01 1.040E-04 3.279E-03 3.368E+03 7.811E-01 7.098E+00 2.000E+00
2.193E+07 2.641E+02 3.392E-01 1.040E-04 3.944E-03 2.603E+03 8.029E-01 7.113E+00 2.000E+00
6.059E+07 4.175E+02 3.067E-01 1.040E-04 5.162E-03 2.017E+03 8.370E-01 7.141E+00 2.000E+00
1.538E+07 2.771E+02 3.490E-01 1.040E-04 7.396E-03 2.417E+03 8.825E-01 7.192E+00 2.000E+00
9.369E+07 3.722E+02 3.096E-01 1.315E-04 2.481E-03 2.027E+03 7.520E-01 7.080E+00 2.000E+00
1.631E+08 5.256E+02 2.811E-01 1.315E-04 2.481E-03 1.706E+03 7.520E-01 7.080E+00 2.000E+00
7.147E+07 6.714E+02 2.594E-01 1.315E-04 2.481E-03 1.607E+03 7.520E-01 7.080E+00 2.000E+00
1.089E+08 6.683E+02 2.598E-01 1.315E-04 2.481E-03 1.608E+03 7.520E-01 7.080E+00 2.000E+00
2.515E+07 2.655E+02 3.330E-01 1.315E-04 2.481E-03 2.731E+03 7.520E-01 7.080E+00 2.000E+00
2.774E+07 3.751E+02 3.090E-01 1.315E-04 2.482E-03 2.018E+03 7.520E-01 7.080E+00 2.000E+00
3.470E+07 4.153E+02 3.010E-01 1.315E-04 2.483E-03 1.901E+03 7.521E-01 7.080E+00 2.000E+00
1.385E+07 3.603E+02 3.121E-01 1.315E-04 2.484E-03 2.073E+03 7.521E-01 7.080E+00 2.000E+00
2.193E+07 8.716E+02 2.360E-01 1.315E-04 2.487E-03 1.679E+03 7.522E-01 7.080E+00 2.000E+00
5.119E+07 6.702E+02 2.595E-01 1.315E-04 2.492E-03 1.609E+03 7.524E-01 7.080E+00 2.000E+00
1.591E+07 2.135E+02 3.444E-01 1.315E-04 2.502E-03 3.893E+03 7.528E-01 7.080E+00 2.000E+00
1.871E+09 7.789E+02 2.461E-01 1.315E-04 2.519E-03 1.616E+03 7.534E-01 7.081E+00 2.000E+00
9.602E+07 4.783E+02 2.893E-01 1.315E-04 2.551E-03 1.807E+03 7.546E-01 7.081E+00 2.000E+00
5.990E+07 5.799E+02 2.726E-01 1.315E-04 2.610E-03 1.662E+03 7.567E-01 7.083E+00 2.000E+00
8.090E+07 2.467E+02 3.382E-01 1.315E-04 2.718E-03 2.962E+03 7.607E-01 7.085E+00 2.000E+00
1.604E+08 6.108E+02 2.684E-01 1.315E-04 2.916E-03 1.671E+03 7.679E-01 7.090E+00 2.000E+00
1.476E+07 7.743E+02 2.474E-01 1.315E-04 3.279E-03 1.853E+03 7.812E-01 7.098E+00 2.000E+00
4.531E+07 5.420E+02 2.808E-01 1.315E-04 3.944E-03 1.810E+03 8.030E-01 7.113E+00 2.000E+00
9.399E+07 5.153E+02 2.875E-01 1.315E-04 5.162E-03 2.063E+03 8.371E-01 7.141E+00 2.000E+00
2.432E+06 2.687E+02 3.515E-01 1.315E-04 7.396E-03 2.466E+03 8.826E-01 7.192E+00 2.000E+00
2.634E+08 6.683E+02 2.598E-01 1.663E-04 2.481E-03 1.608E+03 7.521E-01 7.080E+00 2.000E+00
5.193E+07 6.765E+02 2.587E-01 1.663E-04 2.481E-03 1.606E+03 7.521E-01 7.080E+00 2.000E+00
1.441E+07 2.655E+02 3.330E-01 1.663E-04 2.481E-03 2.731E+03 7.521E-01 7.080E+00 2.000E+00
1.531E+07 8.869E+02 2.345E-01 1.663E-04 2.481E-03 1.698E+03 7.521E-01 7.080E+00 2.000E+00
2.067E+07 8.869E+02 2.345E-01 1.663E-04 2.481E-03 1.698E+03 7.521E-01 7.080E+00 2.000E+00
8.224E+07 8.869E+02 2.345E-01 1.663E-04 2.482E-03 1.702E+03 7.522E-01 7.080E+00 2.000E+00
4.025E+07 5.900E+02 2.709E-01 1.663E-04 2.483E-03 1.647E+03 7.522E-01 7.080E+00 2.000E+00
3.216E+08 7.693E+02 2.472E-01 1.663E-04 2.484E-03 1.608E+03 7.523E-01 7.080E+00 2.000E+00
4.415E+07 8.716E+02 2.360E-01 1.663E-04 2.487E-03 1.679E+03 7.524E-01 7.080E+00 2.000E+00
1.401E+07 3.199E+02 3.209E-01 1.663E-04 2.492E-03 2.268E+03 7.526E-01 7.080E+00 2.000E+00
6.516E+07 2.186E+02 3.433E-01 1.663E-04 2.502E-03 3.693E+03 7.530E-01 7.080E+00 2.000E+00
1.286E+07 5.043E+02 2.847E-01 1.663E-04 2.519E-03 1.734E+03 7.536E-01 7.081E+00 2.000E+00
5.513E+08 5.558E+02 2.763E-01 1.663E-04 2.551E-03 1.679E+03 7.547E-01 7.081E+00 2.000E+00
2.064E+07 3.595E+02 3.127E-01 1.663E-04 2.610E-03 2.077E+03 7.569E-01 7.083E+00 2.000E+00
1.762E+07 5.468E+02 2.780E-01 1.663E-04 2.718E-03 1.697E+03 7.609E-01 7.085E+00 2.000E+00
1.388E+07 4.316E+02 2.988E-01 1.663E-04 2.916E-03 1.868E+03 7.681E-01 7.090E+00 2.000E+00
7.916E+06 6.001E+02 2.705E-01 1.663E-04 3.279E-03 1.714E+03 7.814E-01 7.098E+00 2.000E+00
2.374E+07 4.513E+02 2.971E-01 1.663E-04 3.944E-03 1.878E+03 8.032E-01 7.113E+00 2.000E+00
1.064E+07 3.911E+02 3.125E-01 1.663E-04 5.162E-03 2.047E+03 8.372E-01 7.141E+00 2.000E+00
4.133E+06 2.780E+02 3.487E-01 1.663E-04 7.396E-03 2.415E+03 8.827E-01 7.192E+00 2.000E+00
1.748E+07 5.563E+02 2.761E-01 2.104E-04 2.481E-03 1.674E+03 7.524E-01 7.080E+00 2.000E+00
2.502E+07 5.563E+02 2.761E-01 2.104E-04 2.481E-03 1.674E+03 7.524E-01 7.080E+00 2.000E+00
1.627E+08 5.563E+02 2.761E-01 2.104E-04 2.481E-03 1.717E+03 7.524E-01 7.080E+00 2.000E+00
4.290E+07 3.248E+02 3.198E-01 2.104E-04 2.481E-03 2.241E+03 7.524E-01 7.080E+00 2.000E+00
4.236E+07 8.869E+02 2.345E-01 2.104E-04 2.481E-03 1.699E+03 7.524E-01 7.080E+00 2.000E+00
1.386E+08 5.642E+02 2.748E-01 2.104E-04 2.482E-03 1.667E+03 7.524E-01 7.080E+00 2.000E+00
1.041E+08 7.817E+02 2.457E-01 2.104E-04 2.483E-03 1.612E+03 7.524E-01 7.080E+00 2.000E+00
3.502E+07 4.281E+02 2.985E-01 2.104E-04 2.484E-03 1.867E+03 7.525E-01 7.080E+00 2.000E+00
1.188E+08 7.052E+02 2.550E-01 2.104E-04 2.487E-03 1.603E+03 7.526E-01 7.080E+00 2.000E+00
3.867E+07 6.643E+02 2.603E-01 2.104E-04 2.492E-03 1.612E+03 7.528E-01 7.080E+00 2.000E+00
2.537E+07 6.954E+02 2.562E-01 2.104E-04 2.502E-03 1.605E+03 7.532E-01 7.080E+00 2.000E+00
1.179E+07 3.840E+02 3.073E-01 2.104E-04 2.519E-03 1.988E+03 7.538E-01 7.081E+00 2.000E+00
3.373E+07 3.487E+02 3.148E-01 2.104E-04 2.551E-03 2.120E+03 7.550E-01 7.081E+00 2.000E+00
3.687E+07 4.081E+02 3.027E-01 2.104E-04 2.610E-03 1.935E+03 7.571E-01 7.083E+00 2.000E+00
2.486E+07 6.845E+02 2.579E-01 2.104E-04 2.718E-03 1.633E+03 7.611E-01 7.085E+00 2.000E+00
9.459E+06 3.998E+02 3.051E-01 2.104E-04 2.916E-03 1.944E+03 7.683E-01 7.090E+00 2.000E+00
4.632E+07 4.621E+02 2.937E-01 2.104E-04 3.279E-03 1.827E+03 7.816E-01 7.098E+00 2.000E+00
2.130E+07 3.123E+02 3.273E-01 2.104E-04 3.944E-03 2.268E+03 8.034E-01 7.113E+00 2.000E+00
8.523E+07 2.962E+02 3.355E-01 2.104E-04 5.162E-03 2.331E+03 8.374E-01 7.141E+00 2.000E+00
1.712E+09 2.693E+02 3.514E-01 2.104E-04 7.396E-03 2.448E+03 8.828E-01 7.192E+00 2.000E+00
3.220E+07 8.869E+02 2.345E-01 2.661E-04 2.481E-03 1.702E+03 7.526E-01 7.080E+00 2.000E+00
3.594E+07 8.869E+02 2.345E-01 2.661E-04 2.481E-03 1.701E+03 7.526E-01 7.080E+00 2.000E+00
4.598E+07 8.869E+02 2.345E-01 2.661E-04 2.481E-03 1.701E+03 7.526E-01 7.080E+00 2.000E+00
9.947E+07 8.869E+02 2.345E-01 2.661E-04 2.481E-03 1.701E+03 7.526E-01 7.080E+00 2.000E+00
7.156E+07 5.642E+02 2.748E-01 2.661E-04 2.481E-03 1.668E+03 7.526E-01 7.080E+00 2.000E+00
7.784E+08 8.167E+02 2.418E-01 2.661E-04 2.482E-03 1.655E+03 7.527E-01 7.080E+00 2.000E+00
1.238E+07 4.084E+02 3.023E-01 2.661E-04 2.483E-03 1.917E+03 7.527E-01 7.080E+00 2.000E+00
4.808E+07 7.771E+02 2.463E-01 2.661E-04 2.484E-03 1.611E+03 7.527E-01 7.080E+00 2.000E+00
2.065E+07 3.626E+02 3.117E-01 2.661E-04 2.487E-03 2.064E+03 7.529E-01 7.080E+00 2.000E+00
1.277E+07 2.642E+02 3.333E-01 2.661E-04 2.492E-03 2.750E+03 7.530E-01 7.080E+00 2.000E+00
1.650E+07 7.731E+02 2.467E-01 2.661E-04 2.502E-03 1.613E+03 7.534E-01 7.080E+00 2.000E+00
1.708E+08 7.835E+02 2.456E-01 2.661E-04 2.519E-03 1.622E+03 7.540E-01 7.081E+00 2.000E+00
1.005E+08 6.951E+02 2.563E-01 2.661E-04 2.551E-03 1.612E+03 7.552E-01 7.081E+00 2.000E+00
2.452E+07 4.819E+02 2.888E-01 2.661E-04 2.610E-03 1.770E+03 7.574E-01 7.083E+00 2.000E+00
2.890E+07 2.908E+02 3.282E-01 2.661E-04 2.718E-03 2.472E+03 7.613E-01 7.085E+00 2.000E+00
1.967E+08 3.576E+02 3.139E-01 2.661E-04 2.916E-03 2.080E+03 7.685E-01 7.090E+00 2.000E+00
6.933E+07 7.700E+02 2.479E-01 2.661E-04 3.279E-03 1.848E+03 7.818E-01 7.098E+00 2.000E+00
1.041E+08 6.287E+02 2.672E-01 2.661E-04 3.944E-03 1.882E+03 8.036E-01 7.113E+00 2.000E+00
3.930E+07 4.536E+02 2.992E-01 2.661E-04 5.162E-03 2.002E+03 8.376E-01 7.141E+00 2.000E+00
2.709E+07 2.615E+02 3.538E-01 2.661E-04 7.396E-03 2.478E+03 8.830E-01 7.192E+00 2.000E+00
1.453E+08 4.871E+02 2.876E-01 3.366E-04 2.481E-03 1.758E+03 7.530E-01 7.080E+00 2.000E+00
1.752E+08 4.545E+02 2.935E-01 3.366E-04 2.481E-03 1.813E+03 7.530E-01 7.080E+00 2.000E+00
8.180E+07 8.809E+02 2.351E-01 3.366E-04 2.481E-03 1.694E+03 7.530E-01 7.080E+00 2.000E+00
2.480E+09 5.803E+02 2.724E-01 3.366E-04 2.481E-03 1.655E+03 7.530E-01 7.080E+00 2.000E+00
1.580E+08 5.900E+02 2.709E-01 3.366E-04 2.481E-03 1.648E+03 7.530E-01 7.080E+00 2.000E+00
1.185E+09 7.664E+02 2.475E-01 3.366E-04 2.482E-03 1.609E+03 7.530E-01 7.080E+00 2.000E+00
2.023E+07 7.840E+02 2.455E-01 3.366E-04 2.483E-03 1.614E+03 7.530E-01 7.080E+00 2.000E+00
7.167E+07 6.057E+02 2.686E-01 3.366E-04 2.484E-03 1.638E+03 7.531E-01 7.080E+00 2.000E+00
1.619E+07 8.835E+02 2.348E-01 3.366E-04 2.487E-03 1.701E+03 7.532E-01 7.080E+00 2.000E+00
1.745E+07 6.469E+02 2.627E-01 3.366E-04 2.492E-03 1.619E+03 7.534E-01 7.080E+00 2.000E+00
5.909E+07 8.734E+02 2.358E-01 3.366E-04 2.502E-03 1.692E+03 7.537E-01 7.080E+00 2.000E+00
3.342E+07 7.053E+02 2.550E-01 3.366E-04 2.519E-03 1.608E+03 7.544E-01 7.081E+00 2.000E+00
4.216E+07 5.803E+02 2.725E-01 3.366E-04 2.551E-03 1.660E+03 7.555E-01 7.081E+00 2.000E+00
2.681E+08 5.871E+02 2.715E-01 3.366E-04 2.610E-03 1.659E+03 7.577E-01 7.083E+00 2.000E+00
3.334E+08 4.807E+02 2.892E-01 3.366E-04 2.718E-03 1.776E+03 7.616E-01 7.085E+00 2.000E+00
4.029E+07 6.833E+02 2.583E-01 3.366E-04 2.916E-03 1.667E+03 7.689E-01 7.090E+00 2.000E+00
1.291E+08 5.243E+02 2.827E-01 3.366E-04 3.279E-03 1.756E+03 7.821E-01 7.098E+00 2.000E+00
4.146E+07 2.911E+02 3.325E-01 3.366E-04 3.944E-03 2.392E+03 8.039E-01 7.113E+00 2.000E+00
2.692E+07 4.140E+02 3.075E-01 3.366E-04 5.162E-03 2.021E+03 8.379E-01 7.141E+00 2.000E+00
2.754E+08 2.843E+02 3.468E-01 3.366E-04 7.396E-03 2.400E+03 8.833E-01 7.192E+00 2.000E+00
4.014E+07 7.745E+02 2.466E-01 4.257E-04 2.481E-03 1.612E+03 7.534E-01 7.080E+00 2.000E+00
2.835E+07 4.478E+02 2.947E-01 4.257E-04 2.481E-03 1.826E+03 7.534E-01 7.080E+00 2.000E+00
3.712E+08 7.745E+02 2.466E-01 4.257E-04 2.481E-03 1.614E+03 7.534E-01 7.080E+00 2.000E+00
1.118E+08 7.664E+02 2.475E-01 4.257E-04 2.481E-03 1.610E+03 7.534E-01 7.080E+00 2.000E+00
2.626E+07 3.031E+02 3.246E-01 4.257E-04 2.481E-03 2.386E+03 7.534E-01 7.080E+00 2.000E+00
1.336E+07 7.840E+02 2.455E-01 4.257E-04 2.482E-03 1.616E+03 7.534E-01 7.080E+00 2.000E+00
1.306E+07 7.771E+02 2.463E-01 4.257E-04 2.483E-03 1.613E+03 7.534E-01 7.080E+00 2.000E+00
2.109E+07 3.662E+02 3.109E-01 4.257E-04 2.484E-03 2.064E+03 7.535E-01 7.080E+00 2.000E+00
4.321E+09 6.885E+02 2.571E-01 4.257E-04 2.487E-03 1.607E+03 7.536E-01 7.080E+00 2.000E+00
2.884E+07 5.255E+02 2.811E-01 4.257E-04 2.492E-03 1.708E+03 7.538E-01 7.080E+00 2.000E+00
4.661E+07 7.225E+02 2.528E-01 4.257E-04 2.502E-03 1.606E+03 7.541E-01 7.080E+00 2.000E+00
1.268E+08 7.050E+02 2.550E-01 4.257E-04 2.519E-03 1.610E+03 7.548E-01 7.081E+00 2.000E+00
1.550E+07 5.798E+02 2.725E-01 4.257E-04 2.551E-03 1.661E+03 7.559E-01 7.081E+00 2.000E+00
1.255E+07 4.144E+02 3.014E-01 4.257E-04 2.610E-03 1.903E+03 7.581E-01 7.083E+00 2.000E+00
1.471E+07 4.409E+02 2.965E-01 4.257E-04 2.718E-03 1.846E+03 7.620E-01 7.085E+00 2.000E+00
3.957E+07 6.738E+02 2.596E-01 4.257E-04 2.916E-03 1.669E+03 7.693E-01 7.090E+00 2.000E+00
4.316E+08 6.639E+02 2.614E-01 4.257E-04 3.279E-03 1.724E+03 7.825E-01 7.098E+00 2.000E+00
2.035E+07 6.306E+02 2.670E-01 4.257E-04 3.944E-03 1.860E+03 8.043E-01 7.113E+00 2.000E+00
5.535E+07 5.052E+02 2.893E-01 4.257E-04 5.162E-03 2.048E+03 8.383E-01 7.141E+00 2.000E+00
8.082E+06 2.201E+02 3.670E-01 4.257E-04 7.396E-03 2.821E+03 8.836E-01 7.192E+00 2.000E+00
4.757E+07 7.758E+02 2.464E-01 5.385E-04 2.481E-03 1.614E+03 7.539E-01 7.080E+00 2.000E+00
7.499E+07 7.758E+02 2.464E-01 5.385E-04 2.481E-03 1.615E+03 7.539E-01 7.080E+00 2.000E+00
2.271E+07 4.961E+02 2.860E-01 5.385E-04 2.481E-03 1.746E+03 7.539E-01 7.080E+00 2.000E+00
6.891E+06 4.346E+02 2.972E-01 5.385E-04 2.481E-03 1.859E+03 7.539E-01 7.080E+00 2.000E+00
2.086E+08 4.346E+02 2.972E-01 5.385E-04 2.481E-03 1.862E+03 7.539E-01 7.080E+00 2.000E+00
1.318E+07 7.771E+02 2.463E-01 5.385E-04 2.482E-03 1.616E+03 7.539E-01 7.080E+00 2.000E+00
5.540E+07 6.137E+02 2.674E-01 5.385E-04 2.483E-03 1.900E+03 7.540E-01 7.080E+00 2.000E+00
3.282E+07 8.716E+02 2.360E-01 5.385E-04 2.484E-03 1.688E+03 7.540E-01 7.080E+00 2.000E+00
2.014E+08 3.903E+02 3.060E-01 5.385E-04 2.487E-03 1.969E+03 7.541E-01 7.080E+00 2.000E+00
3.232E+08 7.150E+02 2.537E-01 5.385E-04 2.492E-03 1.606E+03 7.543E-01 7.080E+00 2.000E+00
7.538E+07 4.611E+02 2.923E-01 5.385E-04 2.502E-03 1.802E+03 7.547E-01 7.080E+00 2.000E+00
1.554E+08 8.382E+02 2.395E-01 5.385E-04 2.519E-03 1.663E+03 7.553E-01 7.081E+00 2.000E+00
8.515E+07 6.989E+02 2.558E-01 5.385E-04 2.551E-03 1.615E+03 7.565E-01 7.081E+00 2.000E+00
1.868E+08 8.217E+02 2.414E-01 5.385E-04 2.610E-03 1.743E+03 7.586E-01 7.083E+00 2.000E+00
5.698E+07 7.083E+02 2.548E-01 5.385E-04 2.718E-03 1.639E+03 7.626E-01 7.085E+00 2.000E+00
6.512E+07 7.536E+02 2.495E-01 5.385E-04 2.916E-03 1.698E+03 7.698E-01 7.090E+00 2.000E+00
2.371E+07 5.853E+02 2.728E-01 5.385E-04 3.279E-03 1.722E+03 7.831E-01 7.098E+00 2.000E+00
9.462E+06 4.841E+02 2.909E-01 5.385E-04 3.944E-03 1.846E+03 8.048E-01 7.113E+00 2.000E+00
2.480E+07 3.425E+02 3.238E-01 5.385E-04 5.162E-03 2.156E+03 8.387E-01 7.141E+00 2.000E+00
1.464E+07 2.212E+02 3.667E-01 5.385E-04 7.396E-03 2.738E+03 8.840E-01 7.192E+00 2.000E+00
1.677E+07 7.771E+02 2.463E-01 6.811E-04 2.481E-03 1.617E+03 7.545E-01 7.080E+00 2.000E+00
1.879E+07 7.771E+02 2.463E-01 6.811E-04 2.481E-03 1.617E+03 7.545E-01 7.080E+00 2.000E+00
2.440E+07 7.771E+02 2.463E-01 6.811E-04 2.481E-03 1.617E+03 7.545E-01 7.080E+00 2.000E+00
6.009E+07 7.771E+02 2.463E-01 6.811E-04 2.481E-03 1.617E+03 7.545E-01 7.080E+00 2.000E+00
1.206E+07 2.864E+02 3.283E-01 6.811E-04 2.481E-03 2.517E+03 7.545E-01 7.080E+00 2.000E+00
4.583E+07 6.399E+02 2.637E-01 6.811E-04 2.482E-03 1.623E+03 7.546E-01 7.080E+00 2.000E+00
1.138E+07 2.494E+02 3.366E-01 6.811E-04 2.483E-03 2.960E+03 7.546E-01 7.080E+00 2.000E+00
1.245E+07 8.835E+02 2.348E-01 6.811E-04 2.484E-03 1.750E+03 7.547E-01 7.080E+00 2.000E+00
1.774E+08 8.408E+02 2.392E-01 6.811E-04 2.487E-03 1.658E+03 7.548E-01 7.080E+00 2.000E+00
1.588E+07 4.152E+02 3.010E-01 6.811E-04 2.492E-03 1.901E+03 7.549E-01 7.080E+00 2.000E+00
1.064E+07 2.902E+02 3.275E-01 6.811E-04 2.502E-03 2.482E+03 7.553E-01 7.080E+00 2.000E+00
4.964E+07 8.446E+02 2.388E-01 6.811E-04 2.519E-03 1.672E+03 7.559E-01 7.081E+00 2.000E+00
1.170E+08 5.025E+02 2.851E-01 6.811E-04 2.551E-03 1.742E+03 7.571E-01 7.081E+00 2.000E+00
5.358E+07 8.407E+02 2.393E-01 6.811E-04 2.610E-03 1.700E+03 7.593E-01 7.083E+00 2.000E+00
3.603E+07 2.411E+02 3.395E-01 6.811E-04 2.718E-03 3.059E+03 7.632E-01 7.085E+00 2.000E+00
2.427E+08 5.966E+02 2.705E-01 6.811E-04 2.916E-03 1.682E+03 7.704E-01 7.090E+00 2.000E+00
1.332E+07 3.731E+02 3.116E-01 6.811E-04 3.279E-03 2.028E+03 7.837E-01 7.098E+00 2.000E+00
5.760E+07 3.844E+02 3.109E-01 6.811E-04 3.944E-03 2.009E+03 8.054E-01 7.113E+00 2.000E+00
1.251E+07 3.795E+02 3.151E-01 6.811E-04 5.162E-03 2.073E+03 8.393E-01 7.141E+00 2.000E+00
4.057E+06 2.223E+02 3.663E-01 6.811E-04 7.396E-03 2.730E+03 8.845E-01 7.192E+00 2.000E+00
1.709E+10 5.134E+02 2.831E-01 8.615E-04 2.481E-03 1.725E+03 7.554E-01 7.080E+00 2.000E+00
2.862E+07 5.199E+02 2.820E-01 8.615E-04 2.481E-03 1.720E+03 7.554E-01 7.080E+00 2.000E+00
9.152E+07 5.181E+02 2.823E-01 8.615E-04 2.481E-03 1.720E+03 7.554E-01 7.080E+00 2.000E+00
4.528E+07 8.606E+02 2.371E-01 8.615E-04 2.481E-03 1.682E+03 7.554E-01 7.080E+00 2.000E+00
1.464E+07 8.716E+02 2.360E-01 8.615E-04 2.481E-03 1.696E+03 7.554E-01 7.080E+00 2.000E+00
2.027E+07 2.975E+02 3.258E-01 8.615E-04 2.482E-03 2.422E+03 7.554E-01 7.080E+00 2.000E+00
7.063E+07 8.899E+02 2.342E-01 8.615E-04 2.483E-03 1.727E+03 7.554E-01 7.080E+00 2.000E+00
7.866E+07 3.903E+02 3.059E-01 8.615E-04 2.484E-03 1.970E+03 7.555E-01 7.080E+00 2.000E+00
2.523E+07 6.657E+02 2.601E-01 8.615E-04 2.487E-03 1.617E+03 7.556E-01 7.080E+00 2.000E+00
7.815E+07 4.045E+02 3.031E-01 8.615E-04 2.492E-03 1.947E+03 7.558E-01 7.080E+00 2.000E+00
2.239E+07 5.483E+02 2.774E-01 8.615E-04 2.502E-03 1.687E+03 7.561E-01 7.080E+00 2.000E+00
2.619E+08 5.719E+02 2.737E-01 8.615E-04 2.519E-03 1.672E+03 7.568E-01 7.081E+00 2.000E+00
1.173E+08 6.611E+02 2.608E-01 8.615E-04 2.551E-03 1.626E+03 7.579E-01 7.081E+00 2.000E+00
8.999E+07 3.024E+02 3.252E-01 8.615E-04 2.610E-03 2.378E+03 7.601E-01 7.083E+00 2.000E+00
4.673E+07 5.416E+02 2.788E-01 8.615E-04 2.718E-03 1.707E+03 7.640E-01 7.085E+00 2.000E+00
4.524E+08 7.727E+02 2.472E-01 8.615E-04 2.916E-03 1.726E+03 7.713E-01 7.090E+00 2.000E+00
1.939E+07 4.905E+02 2.885E-01 8.615E-04 3.279E-03 1.794E+03 7.845E-01 7.098E+00 2.000E+00
2.823E+07 6.083E+02 2.703E-01 8.615E-04 3.944E-03 1.845E+03 8.062E-01 7.113E+00 2.000E+00
1.206E+07 2.069E+02 3.597E-01 8.615E-04 5.162E-03 3.229E+03 8.400E-01 7.141E+00 2.000E+00
7.648E+06 2.317E+02 3.632E-01 8.615E-04 7.396E-03 2.702E+03 8.852E-01 7.192E+00 2.000E+00
2.918E+06 2.330E+02 3.402E-01 1.090E-03 2.481E-03 3.282E+03 7.564E-01 7.080E+00 2.000E+00
3.640E+06 3.249E+02 3.198E-01 1.090E-03 2.481E-03 2.252E+03 7.564E-01 7.080E+00 2.000E+00
2.353E+07 7.336E+02 2.514E-01 1.090E-03 2.481E-03 1.612E+03 7.564E-01 7.080E+00 2.000E+00
2.188E+07 3.337E+02 3.178E-01 1.090E-03 2.481E-03 2.196E+03 7.564E-01 7.080E+00 2.000E+00
2.028E+07 2.753E+02 3.308E-01 1.090E-03 2.481E-03 2.623E+03 7.564E-01 7.080E+00 2.000E+00
3.771E+07 6.793E+02 2.583E-01 1.090E-03 2.482E-03 1.615E+03 7.564E-01 7.080E+00 2.000E+00
3.286E+07 8.820E+02 2.350E-01 1.090E-03 2.483E-03 1.720E+03 7.565E-01 7.080E+00 2.000E+00
1.131E+08 2.642E+02 3.333E-01 1.090E-03 2.484E-03 2.749E+03 7.565E-01 7.080E+00 2.000E+00
2.057E+09 8.508E+02 2.382E-01 1.090E-03 2.487E-03 1.678E+03 7.566E-01 7.080E+00 2.000E+00
1.794E+07 3.149E+02 3.220E-01 1.090E-03 2.492E-03 2.301E+03 7.568E-01 7.080E+00 2.000E+00
2.541E+07 5.561E+02 2.762E-01 1.090E-03 2.502E-03 1.682E+03 7.572E-01 7.080E+00 2.000E+00
1.320E+07 4.278E+02 2.986E-01 1.090E-03 2.519E-03 1.873E+03 7.578E-01 7.081E+00 2.000E+00
1.794E+07 6.088E+02 2.682E-01 1.090E-03 2.551E-03 1.647E+03 7.590E-01 7.081E+00 2.000E+00
2.044E+07 4.810E+02 2.889E-01 1.090E-03 2.610E-03 1.777E+03 7.611E-01 7.083E+00 2.000E+00
1.266E+07 5.786E+02 2.730E-01 1.090E-03 2.718E-03 1.679E+03 7.651E-01 7.085E+00 2.000E+00
1.922E+07 6.644E+02 2.609E-01 1.090E-03 2.916E-03 1.672E+03 7.723E-01 7.090E+00 2.000E+00
1.723E+07 7.206E+02 2.539E-01 1.090E-03 3.279E-03 1.784E+03 7.856E-01 7.098E+00 2.000E+00
5.347E+06 4.858E+02 2.906E-01 1.090E-03 3.944E-03 1.850E+03 8.072E-01 7.113E+00 2.000E+00
9.439E+06 4.548E+02 2.990E-01 1.090E-03 5.162E-03 2.018E+03 8.409E-01 7.141E+00 2.000E+00
2.557E+07 3.463E+02 3.294E-01 1.090E-03 7.396E-03 2.410E+03 8.860E-01 7.192E+00 2.000E+00
9.454E+08 4.697E+02 2.907E-01 1.378E-03 2.481E-03 1.791E+03 7.577E-01 7.080E+00 2.000E+00
1.287E+08 5.407E+02 2.786E-01 1.378E-03 2.481E-03 1.697E+03 7.577E-01 7.080E+00 2.000E+00
3.067E+07 8.952E+02 2.336E-01 1.378E-03 2.481E-03 1.754E+03 7.577E-01 7.080E+00 2.000E+00
2.633E+08 3.199E+02 3.209E-01 1.378E-03 2.481E-03 2.291E+03 7.577E-01 7.080E+00 2.000E+00
1.097E+08 2.642E+02 3.333E-01 1.378E-03 2.481E-03 2.749E+03 7.577E-01 7.080E+00 2.000E+00
1.855E+07 7.558E+02 2.487E-01 1.378E-03 2.482E-03 1.620E+03 7.578E-01 7.080E+00 2.000E+00
5.356E+07 7.250E+02 2.525E-01 1.378E-03 2.483E-03 1.615E+03 7.578E-01 7.080E+00 2.000E+00
2.865E+07 6.385E+02 2.639E-01 1.378E-03 2.484E-03 1.630E+03 7.578E-01 7.080E+00 2.000E+00
3.083E+07 5.884E+02 2.711E-01 1.378E-03 2.487E-03 1.676E+03 7.579E-01 7.080E+00 2.000E+00
4.850E+07 2.697E+02 3.321E-01 1.378E-03 2.492E-03 2.682E+03 7.581E-01 7.080E+00 2.000E+00
1.732E+07 5.903E+02 2.709E-01 1.378E-03 2.502E-03 1.657E+03 7.585E-01 7.080E+00 2.000E+00
1.768E+07 6.871E+02 2.573E-01 1.378E-03 2.519E-03 1.621E+03 7.591E-01 7.081E+00 2.000E+00
9.669E+06 6.760E+02 2.588E-01 1.378E-03 2.551E-03 1.629E+03 7.603E-01 7.081E+00 2.000E+00
1.264E+08 8.120E+02 2.425E-01 1.378E-03 2.610E-03 1.684E+03 7.624E-01 7.083E+00 2.000E+00
1.064E+07 4.264E+02 2.993E-01 1.378E-03 2.718E-03 1.883E+03 7.664E-01 7.085E+00 2.000E+00
1.736E+07 8.180E+02 2.421E-01 1.378E-03 2.916E-03 1.815E+03 7.736E-01 7.090E+00 2.000E+00
5.285E+07 6.258E+02 2.667E-01 1.378E-03 3.279E-03 1.728E+03 7.869E-01 7.098E+00 2.000E+00
2.990E+07 6.311E+02 2.669E-01 1.378E-03 3.944E-03 1.886E+03 8.084E-01 7.113E+00 2.000E+00
1.742E+07 4.901E+02 2.921E-01 1.378E-03 5.162E-03 2.051E+03 8.421E-01 7.141E+00 2.000E+00
5.949E+06 2.886E+02 3.456E-01 1.378E-03 7.396E-03 2.409E+03 8.871E-01 7.192E+00 2.000E+00
1.866E+09 5.484E+02 2.773E-01 1.743E-03 2.481E-03 1.691E+03 7.594E-01 7.080E+00 2.000E+00
9.739E+06 6.412E+02 2.635E-01 1.743E-03 2.481E-03 1.631E+03 7.594E-01 7.080E+00 2.000E+00
1.209E+07 6.412E+02 2.635E-01 1.743E-03 2.481E-03 1.632E+03 7.594E-01 7.080E+00 2.000E+00
1.769E+08 2.941E+02 3.266E-01 1.743E-03 2.481E-03 2.451E+03 7.594E-01 7.080E+00 2.000E+00
2.771E+07 6.385E+02 2.639E-01 1.743E-03 2.481E-03 1.632E+03 7.594E-01 7.080E+00 2.000E+00
2.722E+08 3.665E+02 3.109E-01 1.743E-03 2.482E-03 2.054E+03 7.594E-01 7.080E+00 2.000E+00
1.533E+07 7.141E+02 2.538E-01 1.743E-03 2.483E-03 1.620E+03 7.595E-01 7.080E+00 2.000E+00
1.224E+08 5.884E+02 2.711E-01 1.743E-03 2.484E-03 1.659E+03 7.595E-01 7.080E+00 2.000E+00
1.039E+08 7.996E+02 2.437E-01 1.743E-03 2.487E-03 1.648E+03 7.596E-01 7.080E+00 2.000E+00
1.197E+09 7.051E+02 2.550E-01 1.743E-03 2.492E-03 1.620E+03 7.598E-01 7.080E+00 2.000E+00
1.494E+08 7.503E+02 2.494E-01 1.743E-03 2.502E-03 1.647E+03 7.602E-01 7.080E+00 2.000E+00
1.066E+07 2.751E+02 3.310E-01 1.743E-03 2.519E-03 2.622E+03 7.608E-01 7.081E+00 2.000E+00
5.476E+07 7.425E+02 2.504E-01 1.743E-03 2.551E-03 1.634E+03 7.620E-01 7.081E+00 2.000E+00
1.474E+07 7.628E+02 2.481E-01 1.743E-03 2.610E-03 1.654E+03 7.641E-01 7.083E+00 2.000E+00
7.767E+06 6.656E+02 2.604E-01 1.743E-03 2.718E-03 1.652E+03 7.681E-01 7.085E+00 2.000E+00
9.674E+07 5.902E+02 2.715E-01 1.743E-03 2.916E-03 1.695E+03 7.753E-01 7.090E+00 2.000E+00
5.169E+07 4.422E+02 2.975E-01 1.743E-03 3.279E-03 1.869E+03 7.886E-01 7.098E+00 2.000E+00
1.362E+07 2.883E+02 3.332E-01 1.743E-03 3.944E-03 2.424E+03 8.100E-01 7.113E+00 2.000E+00
3.288E+07 5.011E+02 2.901E-01 1.743E-03 5.162E-03 2.082E+03 8.436E-01 7.141E+00 2.000E+00
3.765E+06 3.249E+02 3.352E-01 1.743E-03 7.396E-03 2.392E+03 8.884E-01 7.192E+00 2.000E+00
2.991E+10 5.899E+02 2.709E-01 2.205E-03 2.481E-03 1.661E+03 7.615E-01 7.080E+00 2.000E+00
3.826E+07 6.000E+02 2.694E-01 2.205E-03 2.481E-03 1.655E+03 7.615E-01 7.080E+00 2.000E+00
7.667E+07 3.427E+02 3.159E-01 2.205E-03 2.481E-03 2.156E+03 7.615E-01 7.080E+00 2.000E+00
1.857E+08 6.847E+02 2.576E-01 2.205E-03 2.481E-03 1.625E+03 7.615E-01 7.080E+00 2.000E+00
2.501E+07 4.280E+02 2.985E-01 2.205E-03 2.481E-03 1.876E+03 7.615E-01 7.080E+00 2.000E+00
4.973E+07 6.170E+02 2.669E-01 2.205E-03 2.482E-03 1.646E+03 7.615E-01 7.080E+00 2.000E+00
6.125E+07 7.889E+02 2.449E-01 2.205E-03 2.483E-03 1.648E+03 7.616E-01 7.080E+00 2.000E+00
1.281E+08 6.136E+02 2.674E-01 2.205E-03 2.484E-03 1.658E+03 7.616E-01 7.080E+00 2.000E+00
5.238E+07 8.101E+02 2.425E-01 2.205E-03 2.487E-03 1.682E+03 7.617E-01 7.080E+00 2.000E+00
1.994E+08 6.578E+02 2.612E-01 2.205E-03 2.492E-03 1.631E+03 7.619E-01 7.080E+00 2.000E+00
6.223E+08 8.565E+02 2.376E-01 2.205E-03 2.502E-03 1.722E+03 7.623E-01 7.080E+00 2.000E+00
6.692E+08 3.253E+02 3.198E-01 2.205E-03 2.519E-03 2.243E+03 7.629E-01 7.081E+00 2.000E+00
4.111E+07 4.147E+02 3.012E-01 2.205E-03 2.551E-03 1.910E+03 7.641E-01 7.081E+00 2.000E+00
7.682E+07 3.477E+02 3.152E-01 2.205E-03 2.610E-03 2.131E+03 7.662E-01 7.083E+00 2.000E+00
2.763E+08 7.645E+02 2.480E-01 2.205E-03 2.718E-03 1.689E+03 7.702E-01 7.085E+00 2.000E+00
4.867E+07 3.802E+02 3.091E-01 2.205E-03 2.916E-03 2.010E+03 7.774E-01 7.090E+00 2.000E+00
2.641E+07 3.043E+02 3.270E-01 2.205E-03 3.279E-03 2.341E+03 7.907E-01 7.098E+00 2.000E+00
2.546E+07 4.024E+02 3.070E-01 2.205E-03 3.944E-03 1.977E+03 8.120E-01 7.113E+00 2.000E+00
4.829E+07 4.587E+02 2.982E-01 2.205E-03 5.162E-03 2.041E+03 8.454E-01 7.141E+00 2.000E+00
1.547E+07 2.086E+02 3.709E-01 2.205E-03 7.396E-03 2.879E+03 8.900E-01 7.192E+00 2.000E+00
2.513E+07 8.801E+02 2.351E-01 2.789E-03 2.481E-03 1.776E+03 7.642E-01 7.080E+00 2.000E+00
1.057E+08 8.067E+02 2.429E-01 2.789E-03 2.481E-03 1.671E+03 7.642E-01 7.080E+00 2.000E+00
1.786E+07 8.050E+02 2.431E-01 2.789E-03 2.481E-03 1.743E+03 7.642E-01 7.080E+00 2.000E+00
2.698E+07 8.050E+02 2.431E-01 2.789E-03 2.481E-03 1.670E+03 7.642E-01 7.080E+00 2.000E+00
8.540E+07 8.084E+02 2.427E-01 2.789E-03 2.481E-03 1.675E+03 7.642E-01 7.080E+00 2.000E+00
1.817E+08 6.998E+02 2.557E-01 2.789E-03 2.482E-03 1.632E+03 7.642E-01 7.080E+00 2.000E+00
4.709E+07 8.101E+02 2.425E-01 2.789E-03 2.483E-03 1.675E+03 7.642E-01 7.080E+00 2.000E+00
1.350E+08 7.051E+02 2.550E-01 2.789E-03 2.484E-03 1.632E+03 7.643E-01 7.080E+00 2.000E+00
9.472E+06 6.603E+02 2.609E-01 2.789E-03 2.487E-03 1.635E+03 7.644E-01 7.080E+00 2.000E+00
1.620E+08 7.258E+02 2.524E-01 2.789E-03 2.492E-03 1.634E+03 7.646E-01 7.080E+00 2.000E+00
1.107E+07 4.747E+02 2.899E-01 2.789E-03 2.502E-03 1.791E+03 7.649E-01 7.080E+00 2.000E+00
1.779E+07 5.901E+02 2.709E-01 2.789E-03 2.519E-03 1.669E+03 7.656E-01 7.081E+00 2.000E+00
4.138E+07 2.915E+02 3.274E-01 2.789E-03 2.551E-03 2.471E+03 7.667E-01 7.081E+00 2.000E+00
5.481E+07 8.339E+02 2.401E-01 2.789E-03 2.610E-03 1.751E+03 7.689E-01 7.083E+00 2.000E+00
5.753E+08 8.205E+02 2.416E-01 2.789E-03 2.718E-03 1.775E+03 7.728E-01 7.085E+00 2.000E+00
1.267E+07 7.402E+02 2.511E-01 2.789E-03 2.916E-03 1.735E+03 7.801E-01 7.090E+00 2.000E+00
8.018E+07 3.973E+02 3.065E-01 2.789E-03 3.279E-03 1.971E+03 7.933E-01 7.098E+00 2.000E+00
2.878E+07 5.954E+02 2.722E-01 2.789E-03 3.944E-03 1.876E+03 8.145E-01 7.113E+00 2.000E+00
1.425E+07 5.092E+02 2.886E-01 2.789E-03 5.162E-03 2.142E+03 8.477E-01 7.141E+00 2.000E+00
5.513E+07 3.045E+02 3.409E-01 2.789E-03 7.396E-03 2.417E+03 8.921E-01 7.192E+00 2.000E+00
5.569E+07 5.220E+02 2.817E-01 3.528E-03 2.481E-03 1.730E+03 7.676E-01 7.080E+00 2.000E+00
1.013E+08 5.254E+02 2.811E-01 3.528E-03 2.481E-03 1.726E+03 7.676E-01 7.080E+00 2.000E+00
3.489E+08 7.535E+02 2.490E-01 3.528E-03 2.481E-03 1.653E+03 7.676E-01 7.080E+00 2.000E+00
1.017E+07 4.652E+02 2.915E-01 3.528E-03 2.481E-03 1.809E+03 7.676E-01 7.080E+00 2.000E+00
2.015E+09 3.720E+02 3.097E-01 3.528E-03 2.481E-03 2.041E+03 7.676E-01 7.080E+00 2.000E+00
6.413E+07 6.701E+02 2.595E-01 3.528E-03 2.482E-03 1.641E+03 7.676E-01 7.080E+00 2.000E+00
1.864E+07 4.476E+02 2.948E-01 3.528E-03 2.483E-03 1.843E+03 7.676E-01 7.080E+00 2.000E+00
1.703E+07 5.883E+02 2.712E-01 3.528E-03 2.484E-03 1.673E+03 7.677E-01 7.080E+00 2.000E+00
1.355E+07 2.811E+02 3.296E-01 3.528E-03 2.487E-03 2.570E+03 7.678E-01 7.080E+00 2.000E+00
1.825E+07 3.368E+02 3.172E-01 3.528E-03 2.492E-03 2.188E+03 7.680E-01 7.080E+00 2.000E+00
4.699E+07 7.988E+02 2.438E-01 3.528E-03 2.502E-03 1.686E+03 7.683E-01 7.080E+00 2.000E+00
7.025E+07 7.265E+02 2.523E-01 3.528E-03 2.519E-03 1.649E+03 7.689E-01 7.081E+00 2.000E+00
2.047E+08 4.743E+02 2.900E-01 3.528E-03 2.551E-03 1.797E+03 7.701E-01 7.081E+00 2.000E+00
3.261E+07 6.850E+02 2.577E-01 3.528E-03 2.610E-03 1.659E+03 7.723E-01 7.083E+00 2.000E+00
2.345E+07 3.825E+02 3.082E-01 3.528E-03 2.718E-03 2.007E+03 7.762E-01 7.085E+00 2.000E+00
1.080E+08 3.608E+02 3.133E-01 3.528E-03 2.916E-03 2.082E+03 7.835E-01 7.090E+00 2.000E+00
5.126E+07 2.715E+02 3.348E-01 3.528E-03 3.279E-03 2.598E+03 7.967E-01 7.098E+00 2.000E+00
6.212E+07 5.653E+02 2.770E-01 3.528E-03 3.944E-03 1.869E+03 8.177E-01 7.113E+00 2.000E+00
6.183E+06 3.439E+02 3.235E-01 3.528E-03 5.162E-03 2.191E+03 8.507E-01 7.141E+00 2.000E+00
1.822E+07 2.107E+02 3.702E-01 3.528E-03 7.396E-03 2.870E+03 8.945E-01 7.192E+00 2.000E+00
3.625E+07 6.216E+02 2.663E-01 4.462E-03 2.481E-03 1.663E+03 7.718E-01 7.080E+00 2.000E+00
1.335E+07 3.029E+02 3.247E-01 4.462E-03 2.481E-03 2.395E+03 7.718E-01 7.080E+00 2.000E+00
4.400E+07 3.029E+02 3.247E-01 4.462E-03 2.481E-03 2.393E+03 7.718E-01 7.080E+00 2.000E+00
5.178E+08 6.135E+02 2.674E-01 4.462E-03 2.481E-03 1.666E+03 7.718E-01 7.080E+00 2.000E+00
6.306E+08 7.264E+02 2.523E-01 4.462E-03 2.481E-03 1.657E+03 7.718E-01 7.080E+00 2.000E+00
1.022E+07 3.942E+02 3.052E-01 4.462E-03 2.482E-03 1.974E+03 7.719E-01 7.080E+00 2.000E+00
2.282E+07 4.718E+02 2.904E-01 4.462E-03 2.483E-03 1.803E+03 7.719E-01 7.080E+00 2.000E+00
1.254E+08 5.149E+02 2.829E-01 4.462E-03 2.484E-03 1.744E+03 7.719E-01 7.080E+00 2.000E+00
4.558E+07 5.219E+02 2.817E-01 4.462E-03 2.487E-03 1.736E+03 7.720E-01 7.080E+00 2.000E+00
1.484E+07 2.934E+02 3.268E-01 4.462E-03 2.492E-03 2.475E+03 7.722E-01 7.080E+00 2.000E+00
1.929E+07 4.746E+02 2.899E-01 4.462E-03 2.502E-03 1.800E+03 7.726E-01 7.080E+00 2.000E+00
5.320E+07 5.798E+02 2.725E-01 4.462E-03 2.519E-03 1.688E+03 7.732E-01 7.081E+00 2.000E+00
8.449E+07 6.185E+02 2.668E-01 4.462E-03 2.551E-03 1.671E+03 7.744E-01 7.081E+00 2.000E+00
2.553E+07 6.394E+02 2.639E-01 4.462E-03 2.610E-03 1.676E+03 7.765E-01 7.083E+00 2.000E+00
2.182E+07 6.904E+02 2.572E-01 4.462E-03 2.718E-03 1.689E+03 7.805E-01 7.085E+00 2.000E+00
4.224E+07 2.404E+02 3.406E-01 4.462E-03 2.916E-03 3.042E+03 7.877E-01 7.090E+00 2.000E+00
6.158E+07 4.975E+02 2.873E-01 4.462E-03 3.279E-03 1.815E+03 8.010E-01 7.098E+00 2.000E+00
1.493E+07 4.055E+02 3.064E-01 4.462E-03 3.944E-03 1.989E+03 8.218E-01 7.113E+00 2.000E+00
1.732E+07 3.262E+02 3.279E-01 4.462E-03 5.162E-03 2.259E+03 8.545E-01 7.141E+00 2.000E+00
1.594E+07 3.185E+02 3.370E-01 4.462E-03 7.396E-03 2.472E+03 8.974E-01 7.193E+00 2.000E+00
1.511E+08 6.316E+02 2.648E-01 5.644E-03 2.481E-03 1.670E+03 7.772E-01 7.080E+00 2.000E+00
2.514E+09 6.308E+02 2.650E-01 5.644E-03 2.481E-03 1.670E+03 7.772E-01 7.080E+00 2.000E+00
2.620E+07 6.577E+02 2.612E-01 5.644E-03 2.481E-03 1.665E+03 7.772E-01 7.080E+00 2.000E+00
3.028E+07 4.132E+02 3.014E-01 5.644E-03 2.481E-03 1.928E+03 7.772E-01 7.080E+00 2.000E+00
2.431E+08 7.617E+02 2.481E-01 5.644E-03 2.481E-03 1.693E+03 7.772E-01 7.080E+00 2.000E+00
7.541E+07 6.021E+02 2.691E-01 5.644E-03 2.482E-03 1.683E+03 7.773E-01 7.080E+00 2.000E+00
8.681E+08 4.887E+02 2.874E-01 5.644E-03 2.483E-03 1.785E+03 7.773E-01 7.080E+00 2.000E+00
2.573E+07 3.668E+02 3.108E-01 5.644E-03 2.484E-03 2.160E+03 7.773E-01 7.080E+00 2.000E+00
6.593E+08 5.104E+02 2.836E-01 5.644E-03 2.487E-03 1.758E+03 7.774E-01 7.080E+00 2.000E+00
7.521E+07 6.144E+02 2.673E-01 5.644E-03 2.492E-03 1.684E+03 7.776E-01 7.080E+00 2.000E+00
2.659E+07 3.899E+02 3.061E-01 5.644E-03 2.502E-03 2.299E+03 7.780E-01 7.080E+00 2.000E+00
1.793E+07 6.163E+02 2.671E-01 5.644E-03 2.519E-03 1.680E+03 7.786E-01 7.081E+00 2.000E+00
1.361E+08 8.128E+02 2.423E-01 5.644E-03 2.551E-03 1.789E+03 7.798E-01 7.081E+00 2.000E+00
3.111E+07 6.992E+02 2.559E-01 5.644E-03 2.610E-03 1.690E+03 7.819E-01 7.083E+00 2.000E+00
1.273E+07 6.033E+02 2.693E-01 5.644E-03 2.718E-03 1.706E+03 7.859E-01 7.085E+00 2.000E+00
4.654E+07 7.483E+02 2.501E-01 5.644E-03 2.916E-03 1.824E+03 7.931E-01 7.090E+00 2.000E+00
1.740E+07 4.816E+02 2.901E-01 5.644E-03 3.279E-03 1.842E+03 8.064E-01 7.098E+00 2.000E+00
1.530E+07 5.304E+02 2.828E-01 5.644E-03 3.944E-03 1.897E+03 8.269E-01 7.113E+00 2.000E+00
3.214E+06 3.450E+02 3.233E-01 5.644E-03 5.162E-03 2.201E+03 8.592E-01 7.141E+00 2.000E+00
8.224E+06 2.267E+02 3.650E-01 5.644E-03 7.396E-03 2.754E+03 9.010E-01 7.193E+00 2.000E+00
7.509E+06 2.463E+02 3.374E-01 7.139E-03 2.481E-03 3.301E+03 7.841E-01 7.080E+00 2.000E+00
1.052E+07 5.655E+02 2.747E-01 7.139E-03 2.481E-03 1.744E+03 7.841E-01 7.080E+00 2.000E+00
1.143E+07 2.940E+02 3.267E-01 7.139E-03 2.481E-03 2.469E+03 7.841E-01 7.080E+00 2.000E+00
2.205E+07 2.861E+02 3.285E-01 7.139E-03 2.481E-03 2.535E+03 7.841E-01 7.080E+00 2.000E+00
1.988E+07 7.067E+02 2.548E-01 7.139E-03 2.481E-03 1.690E+03 7.841E-01 7.080E+00 2.000E+00
6.836E+08 3.961E+02 3.048E-01 7.139E-03 2.482E-03 1.980E+03 7.841E-01 7.080E+00 2.000E+00
1.442E+07 4.078E+02 3.025E-01 7.139E-03 2.483E-03 1.949E+03 7.841E-01 7.080E+00 2.000E+00
1.259E+08 6.856E+02 2.575E-01 7.139E-03 2.484E-03 1.684E+03 7.842E-01 7.080E+00 2.000E+00
4.680E+07 6.485E+02 2.625E-01 7.139E-03 2.487E-03 1.683E+03 7.843E-01 7.080E+00 2.000E+00
1.969E+07 7.451E+02 2.500E-01 7.139E-03 2.492E-03 1.713E+03 7.845E-01 7.080E+00 2.000E+00
1.780E+08 3.423E+02 3.161E-01 7.139E-03 2.502E-03 2.176E+03 7.848E-01 7.080E+00 2.000E+00
3.952E+07 7.986E+02 2.439E-01 7.139E-03 2.519E-03 1.788E+03 7.854E-01 7.081E+00 2.000E+00
1.948E+08 3.420E+02 3.163E-01 7.139E-03 2.551E-03 2.176E+03 7.866E-01 7.081E+00 2.000E+00
3.148E+07 6.477E+02 2.628E-01 7.139E-03 2.610E-03 1.701E+03 7.888E-01 7.083E+00 2.000E+00
2.378E+07 7.439E+02 2.504E-01 7.139E-03 2.718E-03 1.782E+03 7.927E-01 7.085E+00 2.000E+00
1.292E+07 4.045E+02 3.042E-01 7.139E-03 2.916E-03 1.972E+03 8.000E-01 7.090E+00 2.000E+00
1.025E+08 6.526E+02 2.630E-01 7.139E-03 3.279E-03 1.852E+03 8.132E-01 7.098E+00 2.000E+00
1.187E+07 3.317E+02 3.228E-01 7.139E-03 3.944E-03 2.220E+03 8.334E-01 7.113E+00 2.000E+00
7.547E+07 4.898E+02 2.922E-01 7.139E-03 5.162E-03 2.273E+03 8.652E-01 7.141E+00 2.000E+00
5.324E+06 2.314E+02 3.635E-01 7.139E-03 7.396E-03 2.772E+03 9.057E-01 7.193E+00 2.000E+00
1.583E+07 4.077E+02 3.025E-01 9.029E-03 2.481E-03 1.958E+03 7.927E-01 7.080E+00 2.000E+00
2.622E+07 4.077E+02 3.025E-01 9.029E-03 2.481E-03 1.958E+03 7.927E-01 7.080E+00 2.000E+00
2.412E+07 4.022E+02 3.036E-01 9.029E-03 2.481E-03 1.973E+03 7.927E-01 7.080E+00 2.000E+00
1.388E+07 7.719E+02 2.469E-01 9.029E-03 2.481E-03 1.791E+03 7.927E-01 7.080E+00 2.000E+00
4.445E+07 5.700E+02 2.740E-01 9.029E-03 2.481E-03 1.728E+03 7.927E-01 7.080E+00 2.000E+00
3.406E+08 7.732E+02 2.467E-01 9.029E-03 2.482E-03 2.035E+03 7.927E-01 7.080E+00 2.000E+00
1.392E+08 8.099E+02 2.426E-01 9.029E-03 2.483E-03 1.865E+03 7.928E-01 7.080E+00 2.000E+00
2.848E+07 6.306E+02 2.650E-01 9.029E-03 2.484E-03 1.707E+03 7.928E-01 7.080E+00 2.000E+00
3.671E+07 3.898E+02 3.061E-01 9.029E-03 2.487E-03 2.024E+03 7.929E-01 7.080E+00 2.000E+00
3.128E+07 6.394E+02 2.638E-01 9.029E-03 2.492E-03 1.707E+03 7.931E-01 7.080E+00 2.000E+00
1.866E+07 5.039E+02 2.848E-01 9.029E-03 2.502E-03 1.788E+03 7.935E-01 7.080E+00 2.000E+00
6.575E+07 7.430E+02 2.503E-01 9.029E-03 2.519E-03 1.761E+03 7.941E-01 7.081E+00 2.000E+00
4.190E+08 6.851E+02 2.577E-01 9.029E-03 2.551E-03 1.725E+03 7.953E-01 7.081E+00 2.000E+00
5.459E+07 3.590E+02 3.128E-01 9.029E-03 2.610E-03 2.113E+03 7.974E-01 7.083E+00 2.000E+00
4.136E+07 6.990E+02 2.560E-01 9.029E-03 2.718E-03 1.778E+03 8.014E-01 7.085E+00 2.000E+00
3.413E+08 4.246E+02 3.002E-01 9.029E-03 2.916E-03 1.934E+03 8.086E-01 7.090E+00 2.000E+00
7.186E+06 2.703E+02 3.352E-01 9.029E-03 3.279E-03 2.631E+03 8.214E-01 7.098E+00 2.000E+00
4.018E+07 2.412E+02 3.450E-01 9.029E-03 3.944E-03 2.896E+03 8.415E-01 7.113E+00 2.000E+00
7.764E+06 4.792E+02 2.942E-01 9.029E-03 5.162E-03 2.324E+03 8.728E-01 7.141E+00 2.000E+00
6.491E+06 2.059E+02 3.720E-01 9.029E-03 7.396E-03 2.994E+03 9.116E-01 7.193E+00 2.000E+00
1.802E+07 2.035E+02 3.466E-01 1.142E-02 2.481E-03 4.394E+03 8.036E-01 7.080E+00 2.000E+00
2.725E+07 3.836E+02 3.074E-01 1.142E-02 2.481E-03 2.038E+03 8.036E-01 7.080E+00 2.000E+00
4.102E+07 2.185E+02 3.435E-01 1.142E-02 2.481E-03 3.702E+03 8.036E-01 7.080E+00 2.000E+00
3.204E+07 2.063E+02 3.460E-01 1.142E-02 2.481E-03 4.227E+03 8.036E-01 7.080E+00 2.000E+00
6.698E+07 2.859E+02 3.286E-01 1.142E-02 2.481E-03 2.570E+03 8.036E-01 7.080E+00 2.000E+00
2.256E+08 6.186E+02 2.667E-01 1.142E-02 2.482E-03 1.736E+03 8.037E-01 7.080E+00 2.000E+00
2.019E+07 6.599E+02 2.609E-01 1.142E-02 2.483E-03 1.742E+03 8.037E-01 7.080E+00 2.000E+00
1.658E+08 6.624E+02 2.606E-01 1.142E-02 2.484E-03 1.741E+03 8.037E-01 7.080E+00 2.000E+00
8.965E+08 2.358E+02 3.398E-01 1.142E-02 2.487E-03 3.233E+03 8.038E-01 7.080E+00 2.000E+00
1.461E+09 5.405E+02 2.787E-01 1.142E-02 2.492E-03 2.317E+03 8.040E-01 7.080E+00 2.000E+00
4.610E+07 7.633E+02 2.479E-01 1.142E-02 2.502E-03 1.856E+03 8.044E-01 7.080E+00 2.000E+00
2.985E+07 7.345E+02 2.514E-01 1.142E-02 2.519E-03 1.819E+03 8.050E-01 7.081E+00 2.000E+00
9.550E+06 5.145E+02 2.831E-01 1.142E-02 2.551E-03 1.797E+03 8.062E-01 7.082E+00 2.000E+00
8.570E+07 4.406E+02 2.964E-01 1.142E-02 2.610E-03 1.903E+03 8.083E-01 7.083E+00 2.000E+00
2.868E+07 4.938E+02 2.869E-01 1.142E-02 2.718E-03 1.832E+03 8.123E-01 7.085E+00 2.000E+00
1.383E+08 4.518E+02 2.950E-01 1.142E-02 2.916E-03 1.902E+03 8.195E-01 7.090E+00 2.000E+00
1.327E+07 6.269E+02 2.666E-01 1.142E-02 3.279E-03 1.930E+03 8.318E-01 7.098E+00 2.000E+00
2.770E+07 5.781E+02 2.749E-01 1.142E-02 3.944E-03 2.124E+03 8.519E-01 7.113E+00 2.000E+00
6.199E+06 2.448E+02 3.495E-01 1.142E-02 5.162E-03 2.770E+03 8.824E-01 7.141E+00 2.000E+00
9.558E+07 2.680E+02 3.519E-01 1.142E-02 7.396E-03 2.680E+03 9.190E-01 7.193E+00 2.000E+00
3.988E+06 2.255E+02 3.421E-01 1.445E-02 2.481E-03 3.485E+03 8.175E-01 7.080E+00 2.000E+00
2.654E+07 5.805E+02 2.724E-01 1.445E-02 2.481E-03 1.777E+03 8.175E-01 7.080E+00 2.000E+00
1.566E+08 5.805E+02 2.724E-01 1.445E-02 2.481E-03 1.777E+03 8.175E-01 7.080E+00 2.000E+00
1.193E+07 5.646E+02 2.748E-01 1.445E-02 2.481E-03 1.783E+03 8.175E-01 7.080E+00 2.000E+00
1.682E+07 5.714E+02 2.738E-01 1.445E-02 2.481E-03 1.780E+03 8.175E-01 7.080E+00 2.000E+00
9.200E+06 3.595E+02 3.124E-01 1.445E-02 2.482E-03 2.138E+03 8.175E-01 7.080E+00 2.000E+00
3.159E+07 6.758E+02 2.588E-01 1.445E-02 2.483E-03 1.802E+03 8.175E-01 7.080E+00 2.000E+00
7.674E+06 3.895E+02 3.062E-01 1.445E-02 2.484E-03 2.036E+03 8.176E-01 7.080E+00 2.000E+00
4.051E+07 3.643E+02 3.114E-01 1.445E-02 2.487E-03 2.117E+03 8.177E-01 7.080E+00 2.000E+00
2.872E+07 6.806E+02 2.582E-01 1.445E-02 2.492E-03 1.811E+03 8.179E-01 7.080E+00 2.000E+00
5.832E+06 2.293E+02 3.414E-01 1.445E-02 2.502E-03 3.381E+03 8.182E-01 7.080E+00 2.000E+00
5.769E+07 3.534E+02 3.138E-01 1.445E-02 2.519E-03 2.159E+03 8.189E-01 7.081E+00 2.000E+00
1.060E+07 2.241E+02 3.427E-01 1.445E-02 2.551E-03 3.736E+03 8.200E-01 7.082E+00 2.000E+00
1.188E+07 5.028E+02 2.852E-01 1.445E-02 2.610E-03 1.841E+03 8.222E-01 7.083E+00 2.000E+00
8.902E+07 5.901E+02 2.713E-01 1.445E-02 2.718E-03 1.815E+03 8.261E-01 7.085E+00 2.000E+00
1.557E+07 3.876E+02 3.077E-01 1.445E-02 2.916E-03 2.068E+03 8.334E-01 7.090E+00 2.000E+00
5.998E+06 3.094E+02 3.260E-01 1.445E-02 3.279E-03 2.369E+03 8.449E-01 7.098E+00 2.000E+00
5.353E+06 3.625E+02 3.158E-01 1.445E-02 3.944E-03 2.174E+03 8.650E-01 7.114E+00 2.000E+00
1.654E+07 2.073E+02 3.599E-01 1.445E-02 5.162E-03 3.296E+03 8.939E-01 7.141E+00 2.000E+00
2.461E+07 2.647E+02 3.530E-01 1.445E-02 7.396E-03 2.777E+03 9.284E-01 7.193E+00 2.000E+00
1.736E+07 3.777E+02 3.086E-01 1.827E-02 2.481E-03 2.092E+03 8.349E-01 7.080E+00 2.000E+00
3.214E+07 3.777E+02 3.086E-01 1.827E-02 2.481E-03 2.092E+03 8.349E-01 7.080E+00 2.000E+00
2.492E+07 3.832E+02 3.075E-01 1.827E-02 2.481E-03 2.076E+03 8.349E-01 7.080E+00 2.000E+00
1.500E+07 4.809E+02 2.888E-01 1.827E-02 2.481E-03 1.883E+03 8.349E-01 7.080E+00 2.000E+00
6.991E+06 4.206E+02 3.000E-01 1.827E-02 2.481E-03 1.980E+03 8.349E-01 7.080E+00 2.000E+00
2.372E+08 5.860E+02 2.715E-01 1.827E-02 2.482E-03 1.826E+03 8.350E-01 7.080E+00 2.000E+00
3.778E+07 4.100E+02 3.021E-01 1.827E-02 2.483E-03 2.004E+03 8.350E-01 7.080E+00 2.000E+00
1.418E+07 4.536E+02 2.937E-01 1.827E-02 2.484E-03 1.920E+03 8.350E-01 7.080E+00 2.000E+00
1.296E+07 5.474E+02 2.776E-01 1.827E-02 2.487E-03 1.832E+03 8.351E-01 7.080E+00 2.000E+00
3.328E+07 5.320E+02 2.801E-01 1.827E-02 2.492E-03 1.840E+03 8.353E-01 7.080E+00 2.000E+00
3.424E+07 6.300E+02 2.651E-01 1.827E-02 2.502E-03 1.848E+03 8.357E-01 7.081E+00 2.000E+00
5.245E+06 3.769E+02 3.089E-01 1.827E-02 2.519E-03 2.096E+03 8.363E-01 7.081E+00 2.000E+00
9.423E+06 7.043E+02 2.552E-01 1.827E-02 2.551E-03 2.002E+03 8.375E-01 7.082E+00 2.000E+00
1.109E+07 3.296E+02 3.193E-01 1.827E-02 2.610E-03 2.285E+03 8.396E-01 7.083E+00 2.000E+00
9.475E+06 3.404E+02 3.172E-01 1.827E-02 2.718E-03 2.235E+03 8.436E-01 7.085E+00 2.000E+00
7.012E+06 6.135E+02 2.681E-01 1.827E-02 2.916E-03 1.966E+03 8.504E-01 7.090E+00 2.000E+00
1.215E+07 3.362E+02 3.199E-01 1.827E-02 3.279E-03 2.263E+03 8.614E-01 7.098E+00 2.000E+00
3.823E+07 5.193E+02 2.847E-01 1.827E-02 3.944E-03 2.220E+03 8.805E-01 7.114E+00 2.000E+00
5.004E+06 2.492E+02 3.484E-01 1.827E-02 5.162E-03 2.793E+03 9.077E-01 7.142E+00 2.000E+00
2.005E+07 2.261E+02 3.654E-01 1.827E-02 7.396E-03 2.991E+03 9.403E-01 7.193E+00 2.000E+00
6.978E+07 5.318E+02 2.801E-01 2.311E-02 2.481E-03 1.896E+03 8.570E-01 7.080E+00 2.000E+00
2.110E+07 6.251E+02 2.658E-01 2.311E-02 2.481E-03 1.949E+03 8.570E-01 7.080E+00 2.000E+00
3.398E+07 3.358E+02 3.176E-01 2.311E-02 2.481E-03 2.279E+03 8.570E-01 7.080E+00 2.000E+00
1.895E+07 4.909E+02 2.870E-01 2.311E-02 2.481E-03 1.918E+03 8.570E-01 7.080E+00 2.000E+00
4.568E+08 5.557E+02 2.762E-01 2.311E-02 2.481E-03 1.894E+03 8.570E-01 7.080E+00 2.000E+00
1.720E+07 2.548E+02 3.358E-01 2.311E-02 2.482E-03 2.948E+03 8.571E-01 7.080E+00 2.000E+00
2.295E+07 4.806E+02 2.889E-01 2.311E-02 2.483E-03 1.927E+03 8.571E-01 7.080E+00 2.000E+00
7.526E+07 5.930E+02 2.705E-01 2.311E-02 2.484E-03 1.912E+03 8.571E-01 7.080E+00 2.000E+00
9.303E+06 2.565E+02 3.354E-01 2.311E-02 2.487E-03 2.910E+03 8.573E-01 7.080E+00 2.000E+00
7.317E+06 3.708E+02 3.101E-01 2.311E-02 2.492E-03 2.144E+03 8.574E-01 7.080E+00 2.000E+00
2.540E+07 5.365E+02 2.794E-01 2.311E-02 2.502E-03 1.898E+03 8.578E-01 7.081E+00 2.000E+00
3.848E+07 6.783E+02 2.585E-01 2.311E-02 2.519E-03 2.124E+03 8.584E-01 7.081E+00 2.000E+00
5.375E+06 3.469E+02 3.154E-01 2.311E-02 2.551E-03 2.234E+03 8.596E-01 7.082E+00 2.000E+00
2.970E+07 6.524E+02 2.621E-01 2.311E-02 2.610E-03 2.085E+03 8.618E-01 7.083E+00 2.000E+00
5.535E+07 6.484E+02 2.628E-01 2.311E-02 2.718E-03 2.152E+03 8.653E-01 7.086E+00 2.000E+00
4.703E+06 2.095E+02 3.479E-01 2.311E-02 2.916E-03 3.847E+03 8.713E-01 7.090E+00 2.000E+00
6.390E+07 4.821E+02 2.901E-01 2.311E-02 3.279E-03 2.058E+03 8.823E-01 7.098E+00 2.000E+00
1.970E+07 3.334E+02 3.226E-01 2.311E-02 3.944E-03 2.347E+03 8.999E-01 7.114E+00 2.000E+00
2.715E+08 3.220E+02 3.291E-01 2.311E-02 5.162E-03 2.526E+03 9.251E-01 7.142E+00 2.000E+00
1.966E+06 2.407E+02 3.608E-01 2.311E-02 7.396E-03 3.120E+03 9.533E-01 7.193E+00 2.000E+00
9.235E+08 5.849E+02 2.717E-01 2.923E-02 2.481E-03 2.051E+03 8.846E-01 7.080E+00 2.000E+00
4.215E+07 5.998E+02 2.695E-01 2.923E-02 2.481E-03 2.087E+03 8.846E-01 7.080E+00 2.000E+00
1.123E+08 5.869E+02 2.714E-01 2.923E-02 2.481E-03 2.057E+03 8.846E-01 7.080E+00 2.000E+00
1.214E+08 4.858E+02 2.880E-01 2.923E-02 2.481E-03 1.992E+03 8.846E-01 7.080E+00 2.000E+00
8.796E+06 4.940E+02 2.865E-01 2.923E-02 2.481E-03 1.993E+03 8.846E-01 7.080E+00 2.000E+00
2.593E+07 3.978E+02 3.046E-01 2.923E-02 2.482E-03 2.110E+03 8.847E-01 7.080E+00 2.000E+00
9.465E+06 5.468E+02 2.777E-01 2.923E-02 2.483E-03 2.007E+03 8.847E-01 7.080E+00 2.000E+00
1.426E+07 4.626E+02 2.921E-01 2.923E-02 2.484E-03 2.009E+03 8.847E-01 7.080E+00 2.000E+00
1.599E+08 6.150E+02 2.673E-01 2.923E-02 2.487E-03 2.142E+03 8.848E-01 7.080E+00 2.000E+00
2.496E+07 3.586E+02 3.128E-01 2.923E-02 2.492E-03 2.223E+03 8.850E-01 7.081E+00 2.000E+00
8.474E+06 5.069E+02 2.843E-01 2.923E-02 2.502E-03 1.990E+03 8.853E-01 7.081E+00 2.000E+00
1.210E+08 4.458E+02 2.953E-01 2.923E-02 2.519E-03 2.032E+03 8.858E-01 7.081E+00 2.000E+00
1.560E+07 4.935E+02 2.867E-01 2.923E-02 2.551E-03 2.003E+03 8.868E-01 7.082E+00 2.000E+00
2.609E+07 3.697E+02 3.107E-01 2.923E-02 2.610E-03 2.194E+03 8.886E-01 7.083E+00 2.000E+00
2.296E+07 3.091E+02 3.244E-01 2.923E-02 2.718E-03 2.457E+03 8.918E-01 7.086E+00 2.000E+00
9.397E+07 5.516E+02 2.776E-01 2.923E-02 2.916E-03 2.193E+03 8.978E-01 7.090E+00 2.000E+00
3.095E+07 4.156E+02 3.029E-01 2.923E-02 3.279E-03 2.180E+03 9.085E-01 7.099E+00 2.000E+00
5.312E+06 3.384E+02 3.214E-01 2.923E-02 3.944E-03 2.407E+03 9.245E-01 7.114E+00 2.000E+00
1.689E+07 3.707E+02 3.173E-01 2.923E-02 5.162E-03 2.928E+03 9.465E-01 7.142E+00 2.000E+00
2.971E+06 2.368E+02 3.622E-01 2.923E-02 7.396E-03 3.498E+03 9.686E-01 7.193E+00 2.000E+00
6.386E+06 4.523E+02 2.941E-01 3.697E-02 2.481E-03 2.117E+03 9.181E-01 7.080E+00 2.000E+00
7.248E+06 4.523E+02 2.941E-01 3.697E-02 2.481E-03 2.117E+03 9.181E-01 7.080E+00 2.000E+00
9.831E+06 4.523E+02 2.941E-01 3.697E-02 2.481E-03 2.117E+03 9.181E-01 7.080E+00 2.000E+00
3.672E+07 4.523E+02 2.941E-01 3.697E-02 2.481E-03 2.117E+03 9.181E-01 7.080E+00 2.000E+00
1.141E+07 4.817E+02 2.887E-01 3.697E-02 2.481E-03 2.122E+03 9.181E-01 7.080E+00 2.000E+00
8.823E+06 4.570E+02 2.932E-01 3.697E-02 2.482E-03 2.116E+03 9.182E-01 7.081E+00 2.000E+00
1.066E+07 5.738E+02 2.735E-01 3.697E-02 2.483E-03 2.357E+03 9.182E-01 7.081E+00 2.000E+00
8.621E+06 4.322E+02 2.979E-01 3.697E-02 2.484E-03 2.132E+03 9.182E-01 7.081E+00 2.000E+00
5.697E+07 4.983E+02 2.858E-01 3.697E-02 2.487E-03 2.128E+03 9.183E-01 7.081E+00 2.000E+00
4.962E+06 2.440E+02 3.385E-01 3.697E-02 2.492E-03 3.145E+03 9.185E-01 7.081E+00 2.000E+00
9.286E+06 2.517E+02 3.368E-01 3.697E-02 2.502E-03 3.027E+03 9.188E-01 7.081E+00 2.000E+00
7.317E+07 5.298E+02 2.805E-01 3.697E-02 2.519E-03 2.193E+03 9.193E-01 7.081E+00 2.000E+00
6.176E+07 4.654E+02 2.918E-01 3.697E-02 2.551E-03 2.132E+03 9.203E-01 7.082E+00 2.000E+00
1.911E+07 3.402E+02 3.171E-01 3.697E-02 2.610E-03 2.356E+03 9.220E-01 7.083E+00 2.000E+00
3.408E+07 4.923E+02 2.873E-01 3.697E-02 2.718E-03 2.207E+03 9.253E-01 7.086E+00 2.000E+00
1.439E+07 3.830E+02 3.088E-01 3.697E-02 2.916E-03 2.269E+03 9.308E-01 7.090E+00 2.000E+00
8.578E+06 3.751E+02 3.114E-01 3.697E-02 3.279E-03 2.346E+03 9.395E-01 7.099E+00 2.000E+00
4.832E+06 2.891E+02 3.334E-01 3.697E-02 3.944E-03 2.694E+03 9.532E-01 7.114E+00 2.000E+00
6.068E+06 3.249E+02 3.285E-01 3.697E-02 5.162E-03 3.090E+03 9.706E-01 7.142E+00 2.000E+00
3.549E+07 2.042E+02 3.733E-01 3.697E-02 7.396E-03 3.902E+03 9.848E-01 7.193E+00 2.000E+00
4.998E+08 4.388E+02 2.967E-01 4.677E-02 2.481E-03 2.297E+03 9.596E-01 7.081E+00 2.000E+00
1.085E+08 4.384E+02 2.967E-01 4.677E-02 2.481E-03 2.297E+03 9.596E-01 7.081E+00 2.000E+00
1.611E+07 5.154E+02 2.829E-01 4.677E-02 2.481E-03 2.617E+03 9.596E-01 7.081E+00 2.000E+00
6.005E+07 5.027E+02 2.851E-01 4.677E-02 2.481E-03 2.511E+03 9.596E-01 7.081E+00 2.000E+00
8.248E+07 4.882E+02 2.876E-01 4.677E-02 2.481E-03 2.412E+03 9.596E-01 7.081E+00 2.000E+00
1.213E+07 2.790E+02 3.306E-01 4.677E-02 2.482E-03 2.781E+03 9.596E-01 7.081E+00 2.000E+00
8.435E+06 4.306E+02 2.982E-01 4.677E-02 2.483E-03 2.293E+03 9.596E-01 7.081E+00 2.000E+00
6.482E+07 4.722E+02 2.905E-01 4.677E-02 2.484E-03 2.356E+03 9.597E-01 7.081E+00 2.000E+00
1.785E+08 3.889E+02 3.065E-01 4.677E-02 2.487E-03 2.317E+03 9.597E-01 7.081E+00 2.000E+00
7.156E+06 4.584E+02 2.930E-01 4.677E-02 2.492E-03 2.327E+03 9.598E-01 7.081E+00 2.000E+00
1.013E+07 4.313E+02 2.981E-01 4.677E-02 2.502E-03 2.300E+03 9.601E-01 7.081E+00 2.000E+00
1.791E+08 3.045E+02 3.249E-01 4.677E-02 2.519E-03 2.601E+03 9.605E-01 7.082E+00 2.000E+00
4.583E+07 4.988E+02 2.859E-01 4.677E-02 2.551E-03 2.541E+03 9.613E-01 7.082E+00 2.000E+00
2.436E+07 3.868E+02 3.073E-01 4.677E-02 2.610E-03 2.346E+03 9.627E-01 7.084E+00 2.000E+00
8.683E+06 2.295E+02 3.430E-01 4.677E-02 2.718E-03 3.421E+03 9.653E-01 7.086E+00 2.000E+00
7.133E+06 3.269E+02 3.211E-01 4.677E-02 2.916E-03 2.537E+03 9.700E-01 7.091E+00 2.000E+00
6.302E+06 4.216E+02 3.018E-01 4.677E-02 3.279E-03 2.721E+03 9.765E-01 7.099E+00 2.000E+00
1.781E+07 2.729E+02 3.376E-01 4.677E-02 3.944E-03 2.927E+03 9.859E-01 7.114E+00 2.000E+00
3.367E+07 2.365E+02 3.525E-01 4.677E-02 5.162E-03 3.397E+03 9.943E-01 7.142E+00 2.000E+00
NAN NAN NAN 4.677E-02 7.396E-03 NAN 9.982E-01 7.193E+00 2.000E+00
1.644E+07 3.570E+02 3.133E-01 5.915E-02 2.481E-03 2.562E+03 1.000E+00 7.081E+00 3.000E+00
3.056E+07 3.570E+02 3.133E-01 5.915E-02 2.481E-03 2.563E+03 1.000E+00 7.081E+00 3.000E+00
7.118E+06 2.338E+02 3.411E-01 5.915E-02 2.481E-03 3.436E+03 1.000E+00 7.081E+00 3.000E+00
1.322E+07 2.338E+02 3.411E-01 5.915E-02 2.481E-03 3.436E+03 1.000E+00 7.081E+00 3.000E+00
5.384E+07 2.233E+02 3.435E-01 5.915E-02 2.481E-03 4.419E+03 1.000E+00 7.081E+00 3.000E+00
6.090E+07 4.313E+02 2.982E-01 5.915E-02 2.482E-03 2.734E+03 1.000E+00 7.081E+00 3.000E+00
9.420E+06 4.307E+02 2.983E-01 5.915E-02 2.483E-03 2.730E+03 1.000E+00 7.081E+00 3.000E+00
6.572E+06 2.619E+02 3.347E-01 5.915E-02 2.484E-03 3.042E+03 1.000E+00 7.081E+00 3.000E+00
6.141E+07 3.880E+02 3.068E-01 5.915E-02 2.487E-03 2.625E+03 1.000E+00 7.081E+00 3.000E+00
4.457E+06 3.390E+02 3.172E-01 5.915E-02 2.492E-03 2.596E+03 1.000E+00 7.081E+00 3.000E+00
5.304E+06 2.904E+02 3.282E-01 5.915E-02 2.502E-03 2.802E+03 1.000E+00 7.081E+00 3.000E+00
4.295E+07 2.781E+02 3.311E-01 5.915E-02 2.519E-03 2.891E+03 1.000E+00 7.082E+00 3.000E+00
4.960E+07 4.434E+02 2.960E-01 5.915E-02 2.551E-03 2.980E+03 1.000E+00 7.083E+00 3.000E+00
2.041E+07 2.873E+02 3.293E-01 5.915E-02 2.610E-03 2.834E+03 1.000E+00 7.084E+00 0.000E+00
1.137E+07 3.797E+02 3.091E-01 5.915E-02 2.718E-03 2.673E+03 1.000E+00 7.086E+00 0.000E+00
6.992E+07 3.721E+02 3.112E-01 5.915E-02 2.916E-03 2.776E+03 1.000E+00 7.091E+00 0.000E+00
1.308E+07 3.640E+02 3.140E-01 5.915E-02 3.279E-03 3.118E+03 1.000E+00 7.099E+00 0.000E+00
5.311E+06 3.039E+02 3.300E-01 5.915E-02 3.944E-03 3.285E+03 1.000E+00 7.115E+00 0.000E+00
1.836E+07 2.156E+02 3.587E-01 5.915E-02 5.162E-03 4.011E+03 1.000E+00 7.143E+00 0.000E+00
NAN NAN NAN 5.915E-02 7.396E-03 NAN 1.000E+00 7.194E+00 0.000E+00
1.174E+08 2.990E+02 3.264E-01 7.482E-02 2.481E-03 2.990E+03 1.000E+00 7.081E+00 0.000E+00
2.256E+07 2.885E+02 3.288E-01 7.482E-02 2.481E-03 3.030E+03 1.000E+00 7.081E+00 0.000E+00
6.329E+07 3.391E+02 3.173E-01 7.482E-02 2.481E-03 2.987E+03 1.000E+00 7.081E+00 0.000E+00
4.457E+06 2.788E+02 3.310E-01 7.482E-02 2.481E-03 3.081E+03 1.000E+00 7.081E+00 0.000E+00
6.969E+08 3.413E+02 3.168E-01 7.482E-02 2.481E-03 2.995E+03 1.000E+00 7.081E+00 0.000E+00
1.155E+07 3.647E+02 3.118E-01 7.482E-02 2.482E-03 3.172E+03 1.000E+00 7.081E+00 0.000E+00
5.357E+06 3.629E+02 3.122E-01 7.482E-02 2.483E-03 3.150E+03 1.000E+00 7.081E+00 0.000E+00
2.507E+07 3.161E+02 3.225E-01 7.482E-02 2.484E-03 2.960E+03 1.000E+00 7.081E+00 0.000E+00
5.889E+06 3.360E+02 3.180E-01 7.482E-02 2.487E-03 2.982E+03 1.000E+00 7.081E+00 0.000E+00
1.078E+08 3.280E+02 3.198E-01 7.482E-02 2.492E-03 2.968E+03 1.000E+00 7.082E+00 0.000E+00
2.029E+08 2.866E+02 3.293E-01 7.482E-02 2.502E-03 3.108E+03 1.000E+00 7.082E+00 0.000E+00
7.574E+07 3.058E+02 3.249E-01 7.482E-02 2.519E-03 3.037E+03 1.000E+00 7.082E+00 0.000E+00
1.282E+07 2.284E+02 3.430E-01 7.482E-02 2.551E-03 3.656E+03 1.000E+00 7.083E+00 0.000E+00
5.564E+07 2.827E+02 3.306E-01 7.482E-02 2.610E-03 3.094E+03 1.000E+00 7.084E+00 0.000E+00
1.871E+07 3.355E+02 3.188E-01 7.482E-02 2.718E-03 3.187E+03 1.000E+00 7.087E+00 0.000E+00
2.067E+07 3.257E+02 3.217E-01 7.482E-02 2.916E-03 3.344E+03 1.000E+00 7.091E+00 0.000E+00
1.848E+07 2.350E+02 3.448E-01 7.482E-02 3.279E-03 3.624E+03 1.000E+00 7.100E+00 0.000E+00
1.809E+07 2.109E+02 3.542E-01 7.482E-02 3.944E-03 4.109E+03 1.000E+00 7.115E+00 0.000E+00
1.975E+06 2.006E+02 3.634E-01 7.482E-02 5.162E-03 5.667E+03 1.000E+00 7.143E+00 0.000E+00
NAN NAN NAN 7.482E-02 7.396E-03 NAN 1.000E+00 7.194E+00 0.000E+00
2.301E+07 2.231E+02 3.443E-01 9.464E-02 2.481E-03 4.015E+03 1.000E+00 7.082E+00 0.000E+00
3.608E+07 2.231E+02 3.443E-01 9.464E-02 2.481E-03 4.019E+03 1.000E+00 7.082E+00 0.000E+00
1.406E+07 2.258E+02 3.437E-01 9.464E-02 2.481E-03 3.969E+03 1.000E+00 7.082E+00 0.000E+00
7.472E+07 2.258E+02 3.437E-01 9.464E-02 2.481E-03 3.970E+03 1.000E+00 7.082E+00 0.000E+00
2.104E+07 2.313E+02 3.424E-01 9.464E-02 2.481E-03 3.884E+03 1.000E+00 7.082E+00 0.000E+00
3.060E+07 2.223E+02 3.445E-01 9.464E-02 2.482E-03 4.033E+03 1.000E+00 7.082E+00 0.000E+00
1.617E+07 2.487E+02 3.384E-01 9.464E-02 2.483E-03 3.711E+03 1.000E+00 7.082E+00 0.000E+00
7.132E+06 3.014E+02 3.260E-01 9.464E-02 2.484E-03 3.988E+03 1.000E+00 7.082E+00 0.000E+00
6.450E+06 2.922E+02 3.282E-01 9.464E-02 2.487E-03 3.801E+03 1.000E+00 7.082E+00 0.000E+00
4.124E+06 2.051E+02 3.484E-01 9.464E-02 2.492E-03 4.539E+03 1.000E+00 7.082E+00 0.000E+00
4.194E+06 2.605E+02 3.357E-01 9.464E-02 2.502E-03 3.660E+03 1.000E+00 7.082E+00 0.000E+00
3.032E+07 2.837E+02 3.303E-01 9.464E-02 2.519E-03 3.747E+03 1.000E+00 7.083E+00 0.000E+00
6.010E+08 2.992E+02 3.268E-01 9.464E-02 2.551E-03 4.125E+03 1.000E+00 7.083E+00 0.000E+00
1.669E+07 2.658E+02 3.348E-01 9.464E-02 2.610E-03 3.749E+03 1.000E+00 7.085E+00 0.000E+00
9.527E+06 2.330E+02 3.431E-01 9.464E-02 2.718E-03 3.945E+03 1.000E+00 7.087E+00 0.000E+00
4.056E+06 2.250E+02 3.460E-01 9.464E-02 2.916E-03 4.126E+03 1.000E+00 7.092E+00 0.000E+00
1.627E+07 2.505E+02 3.413E-01 9.464E-02 3.279E-03 4.831E+03 1.000E+00 7.100E+00 0.000E+00
3.779E+06 2.078E+02 3.555E-01 9.464E-02 3.944E-03 5.547E+03 1.000E+00 7.115E+00 0.000E+00
NAN NAN NAN 9.464E-02 5.162E-03 NAN 1.000E+00 7.143E+00 0.000E+00
NAN NAN NAN 9.464E-02 7.396E-03 NAN 1.000E+00 7.195E+00 0.000E+00
5.065E+06 2.132E+02 3.472E-01 1.197E-01 2.481E-03 4.988E+03 1.000E+00 7.082E+00 0.000E+00
5.301E+06 2.132E+02 3.472E-01 1.197E-01 2.481E-03 4.988E+03 1.000E+00 7.082E+00 0.000E+00
5.807E+06 2.132E+02 3.472E-01 1.197E-01 2.481E-03 4.989E+03 1.000E+00 7.082E+00 0.000E+00
5.594E+07 2.075E+02 3.485E-01 1.197E-01 2.481E-03 5.069E+03 1.000E+00 7.082E+00 0.000E+00
1.245E+07 2.132E+02 3.472E-01 1.197E-01 2.481E-03 4.989E+03 1.000E+00 7.082E+00 0.000E+00
1.180E+07 2.072E+02 3.486E-01 1.197E-01 2.482E-03 5.047E+03 1.000E+00 7.082E+00 0.000E+00
3.594E+06 2.044E+02 3.492E-01 1.197E-01 2.483E-03 5.092E+03 1.000E+00 7.082E+00 0.000E+00
6.088E+06 2.044E+02 3.492E-01 1.197E-01 2.484E-03 5.092E+03 1.000E+00 7.082E+00 0.000E+00
1.015E+07 2.349E+02 3.421E-01 1.197E-01 2.487E-03 5.373E+03 1.000E+00 7.083E+00 0.000E+00
1.836E+06 2.315E+02 3.430E-01 1.197E-01 2.492E-03 5.239E+03 1.000E+00 7.083E+00 0.000E+00
6.412E+06 2.307E+02 3.432E-01 1.197E-01 2.502E-03 5.250E+03 1.000E+00 7.083E+00 0.000E+00
5.303E+07 2.081E+02 3.485E-01 1.197E-01 2.519E-03 5.075E+03 1.000E+00 7.083E+00 0.000E+00
8.898E+08 2.261E+02 3.445E-01 1.197E-01 2.551E-03 5.264E+03 1.000E+00 7.084E+00 0.000E+00
9.036E+06 2.183E+02 3.466E-01 1.197E-01 2.610E-03 5.254E+03 1.000E+00 7.085E+00 0.000E+00
6.033E+06 2.065E+02 3.500E-01 1.197E-01 2.718E-03 5.383E+03 1.000E+00 7.088E+00 0.000E+00
3.180E+09 2.049E+02 3.514E-01 1.197E-01 2.916E-03 5.902E+03 1.000E+00 7.092E+00 0.000E+00
NAN NAN NAN 1.197E-01 3.279E-03 NAN 1.000E+00 7.101E+00 0.000E+00
NAN NAN NAN 1.197E-01 3.944E-03 NAN 1.000E+00 7.116E+00 0.000E+00
NAN NAN NAN 1.197E-01 5.162E-03 NAN 1.000E+00 7.144E+00 0.000E+00
NAN NAN NAN 1.197E-01 7.396E-03 NAN 1.000E+00 7.195E+00 0.000E+00
NAN NAN NAN 1.514E-01 2.481E-03 NAN 1.000E+00 7.083E+00 0.000E+00
NAN NAN NAN 1.514E-01 2.481E-03 NAN 1.000E+00 7.083E+00 0.000E+00
NAN NAN NAN 1.514E-01 2.481E-03 NAN 1.000E+00 7.083E+00 0.000E+00
NAN NAN NAN 1.514E-01 2.481E-03 NAN 1.000E+00 7.083E+00 0.000E+00
NAN NAN NAN 1.514E-01 2.481E-03 NAN 1.000E+00 7.083E+00 0.000E+00
NAN NAN NAN 1.514E-01 2.482E-03 NAN 1.000E+00 7.083E+00 0.000E+00
NAN NAN NAN 1.514E-01 2.483E-03 NAN 1.000E+00 7.083E+00 0.000E+00
NAN NAN NAN 1.514E-01 2.484E-03 NAN 1.000E+00 7.083E+00 0.000E+00
NAN NAN NAN 1.514E-01 2.487E-03 NAN 1.000E+00 7.083E+00 0.000E+00
NAN NAN NAN 1.514E-01 2.492E-03 NAN 1.000E+00 7.083E+00 0.000E+00
NAN NAN NAN 1.514E-01 2.502E-03 NAN 1.000E+00 7.084E+00 0.000E+00
NAN NAN NAN 1.514E-01 2.519E-03 NAN 1.000E+00 7.084E+00 0.000E+00
NAN NAN NAN 1.514E-01 2.551E-03 NAN 1.000E+00 7.085E+00 0.000E+00
NAN NAN NAN 1.514E-01 2.610E-03 NAN 1.000E+00 7.086E+00 0.000E+00
NAN NAN NAN 1.514E-01 2.718E-03 NAN 1.000E+00 7.089E+00 0.000E+00
NAN NAN NAN 1.514E-01 2.916E-03 NAN 1.000E+00 7.093E+00 0.000E+00
NAN NAN NAN 1.514E-01 3.279E-03 NAN 1.000E+00 7.101E+00 0.000E+00
NAN NAN NAN 1.514E-01 3.944E-03 NAN 1.000E+00 7.117E+00 0.000E+00
NAN NAN NAN 1.514E-01 5.162E-03 NAN 1.000E+00 7.145E+00 0.000E+00
NAN NAN NAN 1.514E-01 7.396E-03 NAN 1.000E+00 7.196E+00 0.000E+00
NAN NAN NAN 1.915E-01 2.481E-03 NAN 1.000E+00 7.084E+00 0.000E+00
NAN NAN NAN 1.915E-01 2.481E-03 NAN 1.000E+00 7.084E+00 0.000E+00
NAN NAN NAN 1.915E-01 2.481E-03 NAN 1.000E+00 7.084E+00 0.000E+00
NAN NAN NAN 1.915E-01 2.481E-03 NAN 1.000E+00 7.084E+00 0.000E+00
NAN NAN NAN 1.915E-01 2.481E-03 NAN 1.000E+00 7.084E+00 0.000E+00
NAN NAN NAN 1.915E-01 2.482E-03 NAN 1.000E+00 7.084E+00 0.000E+00
NAN NAN NAN 1.915E-01 2.483E-03 NAN 1.000E+00 7.084E+00 0.000E+00
NAN NAN NAN 1.915E-01 2.484E-03 NAN 1.000E+00 7.084E+00 0.000E+00
NAN NAN NAN 1.915E-01 2.487E-03 NAN 1.000E+00 7.084E+00 0.000E+00
NAN NAN NAN 1.915E-01 2.492E-03 NAN 1.000E+00 7.084E+00 0.000E+00
NAN NAN NAN 1.915E-01 2.502E-03 NAN 1.000E+00 7.085E+00 0.000E+00
NAN NAN NAN 1.915E-01 2.519E-03 NAN 1.000E+00 7.085E+00 0.000E+00
NAN NAN NAN 1.915E-01 2.551E-03 NAN 1.000E+00 7.086E+00 0.000E+00
NAN NAN NAN 1.915E-01 2.610E-03 NAN 1.000E+00 7.087E+00 0.000E+00
NAN NAN NAN 1.915E-01 2.718E-03 NAN 1.000E+00 7.089E+00 0.000E+00
NAN NAN NAN 1.915E-01 2.916E-03 NAN 1.000E+00 7.094E+00 0.000E+00
NAN NAN NAN 1.915E-01 3.279E-03 NAN 1.000E+00 7.102E+00 0.000E+00
NAN NAN NAN 1.915E-01 3.944E-03 NAN 1.000E+00 7.118E+00 0.000E+00
NAN NAN NAN 1.915E-01 5.162E-03 NAN 1.000E+00 7.146E+00 0.000E+00
NAN NAN NAN 1.915E-01 7.396E-03 NAN 1.000E+00 7.197E+00 0.000E+00
NAN NAN NAN 2.422E-01 2.481E-03 NAN 1.000E+00 7.085E+00 0.000E+00
NAN NAN NAN 2.422E-01 2.481E-03 NAN 1.000E+00 7.085E+00 0.000E+00
NAN NAN NAN 2.422E-01 2.481E-03 NAN 1.000E+00 7.085E+00 0.000E+00
NAN NAN NAN 2.422E-01 2.481E-03 NAN 1.000E+00 7.085E+00 0.000E+00
NAN NAN NAN 2.422E-01 2.481E-03 NAN 1.000E+00 7.085E+00 0.000E+00
NAN NAN NAN 2.422E-01 2.482E-03 NAN 1.000E+00 7.085E+00 0.000E+00
NAN NAN NAN 2.422E-01 2.483E-03 NAN 1.000E+00 7.085E+00 0.000E+00
NAN NAN NAN 2.422E-01 2.484E-03 NAN 1.000E+00 7.085E+00 0.000E+00
NAN NAN NAN 2.422E-01 2.487E-03 NAN 1.000E+00 7.085E+00 0.000E+00
NAN NAN NAN 2.422E-01 2.492E-03 NAN 1.000E+00 7.085E+00 0.000E+00
NAN NAN NAN 2.422E-01 2.502E-03 NAN 1.000E+00 7.086E+00 0.000E+00
NAN NAN NAN 2.422E-01 2.519E-03 NAN 1.000E+00 7.086E+00 0.000E+00
NAN NAN NAN 2.422E-01 2.551E-03 NAN 1.000E+00 7.087E+00 0.000E+00
NAN NAN NAN 2.422E-01 2.610E-03 NAN 1.000E+00 7.088E+00 0.000E+00
NAN NAN NAN 2.422E-01 2.718E-03 NAN 1.000E+00 7.091E+00 0.000E+00
NAN NAN NAN 2.422E-01 2.916E-03 NAN 1.000E+00 7.095E+00 0.000E+00
NAN NAN NAN 2.422E-01 3.279E-03 NAN 1.000E+00 7.103E+00 0.000E+00
NAN NAN NAN 2.422E-01 3.944E-03 NAN 1.000E+00 7.119E+00 0.000E+00
NAN NAN NAN 2.422E-01 5.162E-03 NAN 1.000E+00 7.147E+00 0.000E+00
NAN NAN NAN 2.422E-01 7.396E-03 NAN 1.000E+00 7.198E+00 0.000E+00
NAN NAN NAN 3.064E-01 2.481E-03 NAN 1.000E+00 7.087E+00 0.000E+00
NAN NAN NAN 3.064E-01 2.481E-03 NAN 1.000E+00 7.087E+00 0.000E+00
NAN NAN NAN 3.064E-01 2.481E-03 NAN 1.000E+00 7.087E+00 0.000E+00
NAN NAN NAN 3.064E-01 2.481E-03 NAN 1.000E+00 7.087E+00 0.000E+00
NAN NAN NAN 3.064E-01 2.481E-03 NAN 1.000E+00 7.087E+00 0.000E+00
NAN NAN NAN 3.064E-01 2.482E-03 NAN 1.000E+00 7.087E+00 0.000E+00
NAN NAN NAN 3.064E-01 2.483E-03 NAN 1.000E+00 7.087E+00 0.000E+00
NAN NAN NAN 3.064E-01 2.484E-03 NAN 1.000E+00 7.087E+00 0.000E+00
NAN NAN NAN 3.064E-01 2.487E-03 NAN 1.000E+00 7.087E+00 0.000E+00
NAN NAN NAN 3.064E-01 2.492E-03 NAN 1.000E+00 7.087E+00 0.000E+00
NAN NAN NAN 3.064E-01 2.502E-03 NAN 1.000E+00 7.087E+00 0.000E+00
NAN NAN NAN 3.064E-01 2.519E-03 NAN 1.000E+00 7.088E+00 0.000E+00
NAN NAN NAN 3.064E-01 2.551E-03 NAN 1.000E+00 7.088E+00 0.000E+00
NAN NAN NAN 3.064E-01 2.610E-03 NAN 1.000E+00 7.090E+00 0.000E+00
NAN NAN NAN 3.064E-01 2.718E-03 NAN 1.000E+00 7.092E+00 0.000E+00
NAN NAN NAN 3.064E-01 2.916E-03 NAN 1.000E+00 7.097E+00 0.000E+00
NAN NAN NAN 3.064E-01 3.279E-03 NAN 1.000E+00 7.105E+00 0.000E+00
NAN NAN NAN 3.064E-01 3.944E-03 NAN 1.000E+00 7.120E+00 0.000E+00
NAN NAN NAN 3.064E-01 5.162E-03 NAN 1.000E+00 7.148E+00 0.000E+00
NAN NAN NAN 3.064E-01 7.396E-03 NAN 1.000E+00 7.199E+00 0.000E+00
NAN NAN NAN 3.875E-01 2.481E-03 NAN 1.000E+00 7.089E+00 0.000E+00
NAN NAN NAN 3.875E-01 2.481E-03 NAN 1.000E+00 7.089E+00 0.000E+00
NAN NAN NAN 3.875E-01 2.481E-03 NAN 1.000E+00 7.089E+00 0.000E+00
NAN NAN NAN 3.875E-01 2.481E-03 NAN 1.000E+00 7.089E+00 0.000E+00
NAN NAN NAN 3.875E-01 2.481E-03 NAN 1.000E+00 7.089E+00 0.000E+00
NAN NAN NAN 3.875E-01 2.482E-03 NAN 1.000E+00 7.089E+00 0.000E+00
NAN NAN NAN 3.875E-01 2.483E-03 NAN 1.000E+00 7.089E+00 0.000E+00
NAN NAN NAN 3.875E-01 2.484E-03 NAN 1.000E+00 7.089E+00 0.000E+00
NAN NAN NAN 3.875E-01 2.487E-03 NAN 1.000E+00 7.089E+00 0.000E+00
NAN NAN NAN 3.875E-01 2.492E-03 NAN 1.000E+00 7.089E+00 0.000E+00
NAN NAN NAN 3.875E-01 2.502E-03 NAN 1.000E+00 7.089E+00 0.000E+00
NAN NAN NAN 3.875E-01 2.519E-03 NAN 1.000E+00 7.089E+00 0.000E+00
NAN NAN NAN 3.875E-01 2.551E-03 NAN 1.000E+00 7.090E+00 0.000E+00
NAN NAN NAN 3.875E-01 2.610E-03 NAN 1.000E+00 7.091E+00 0.000E+00
NAN NAN NAN 3.875E-01 2.718E-03 NAN 1.000E+00 7.094E+00 0.000E+00
NAN NAN NAN 3.875E-01 2.916E-03 NAN 1.000E+00 7.099E+00 0.000E+00
NAN NAN NAN 3.875E-01 3.279E-03 NAN 1.000E+00 7.107E+00 0.000E+00
NAN NAN NAN 3.875E-01 3.944E-03 NAN 1.000E+00 7.122E+00 0.000E+00
NAN NAN NAN 3.875E-01 5.162E-03 NAN 1.000E+00 7.150E+00 0.000E+00
NAN NAN NAN 3.875E-01 7.396E-03 NAN 1.000E+00 7.201E+00 0.000E+00
NAN NAN NAN 4.902E-01 2.481E-03 NAN 1.000E+00 7.091E+00 3.000E+00
NAN NAN NAN 4.902E-01 2.481E-03 NAN 1.000E+00 7.091E+00 3.000E+00
NAN NAN NAN 4.902E-01 2.481E-03 NAN 1.000E+00 7.091E+00 3.000E+00
NAN NAN NAN 4.902E-01 2.481E-03 NAN 1.000E+00 7.091E+00 3.000E+00
NAN NAN NAN 4.902E-01 2.481E-03 NAN 1.000E+00 7.091E+00 3.000E+00
NAN NAN NAN 4.902E-01 2.482E-03 NAN 1.000E+00 7.091E+00 3.000E+00
NAN NAN NAN 4.902E-01 2.483E-03 NAN 1.000E+00 7.091E+00 3.000E+00
NAN NAN NAN 4.902E-01 2.484E-03 NAN 1.000E+00 7.091E+00 3.000E+00
NAN NAN NAN 4.902E-01 2.487E-03 NAN 1.000E+00 7.091E+00 3.000E+00
NAN NAN NAN 4.902E-01 2.492E-03 NAN 1.000E+00 7.091E+00 3.000E+00
NAN NAN NAN 4.902E-01 2.502E-03 NAN 1.000E+00 7.091E+00 3.000E+00
NAN NAN NAN 4.902E-01 2.519E-03 NAN 1.000E+00 7.092E+00 3.000E+00
NAN NAN NAN 4.902E-01 2.551E-03 NAN 1.000E+00 7.092E+00 3.000E+00
NAN NAN NAN 4.902E-01 2.610E-03 NAN 1.000E+00 7.094E+00 3.000E+00
NAN NAN NAN 4.902E-01 2.718E-03 NAN 1.000E+00 7.096E+00 3.000E+00
NAN NAN NAN 4.902E-01 2.916E-03 NAN 1.000E+00 7.101E+00 3.000E+00
NAN NAN NAN 4.902E-01 3.279E-03 NAN 1.000E+00 7.109E+00 3.000E+00
NAN NAN NAN 4.902E-01 3.944E-03 NAN 1.000E+00 7.124E+00 3.000E+00
NAN NAN NAN 4.902E-01 5.162E-03 NAN 1.000E+00 7.152E+00 0.000E+00
NAN NAN NAN 4.902E-01 7.396E-03 NAN 1.000E+00 7.204E+00 0.000E+00
NAN NAN NAN 6.200E-01 2.481E-03 NAN 1.000E+00 7.094E+00 3.000E+00
NAN NAN NAN 6.200E-01 2.481E-03 NAN 1.000E+00 7.094E+00 3.000E+00
NAN NAN NAN 6.200E-01 2.481E-03 NAN 1.000E+00 7.094E+00 3.000E+00
NAN NAN NAN 6.200E-01 2.481E-03 NAN 1.000E+00 7.094E+00 3.000E+00
NAN NAN NAN 6.200E-01 2.481E-03 NAN 1.000E+00 7.094E+00 3.000E+00
NAN NAN NAN 6.200E-01 2.482E-03 NAN 1.000E+00 7.094E+00 3.000E+00
NAN NAN NAN 6.200E-01 2.483E-03 NAN 1.000E+00 7.094E+00 3.000E+00
NAN NAN NAN 6.200E-01 2.484E-03 NAN 1.000E+00 7.094E+00 3.000E+00
NAN NAN NAN 6.200E-01 2.487E-03 NAN 1.000E+00 7.094E+00 3.000E+00
NAN NAN NAN 6.200E-01 2.492E-03 NAN 1.000E+00 7.094E+00 3.000E+00
NAN NAN NAN 6.200E-01 2.502E-03 NAN 1.000E+00 7.094E+00 3.000E+00
NAN NAN NAN 6.200E-01 2.519E-03 NAN 1.000E+00 7.095E+00 3.000E+00
NAN NAN NAN 6.200E-01 2.551E-03 NAN 1.000E+00 7.095E+00 3.000E+00
NAN NAN NAN 6.200E-01 2.610E-03 NAN 1.000E+00 7.097E+00 3.000E+00
NAN NAN NAN 6.200E-01 2.718E-03 NAN 1.000E+00 7.099E+00 3.000E+00
NAN NAN NAN 6.200E-01 2.916E-03 NAN 1.000E+00 7.104E+00 3.000E+00
NAN NAN NAN 6.200E-01 3.279E-03 NAN 1.000E+00 7.112E+00 3.000E+00
NAN NAN NAN 6.200E-01 3.944E-03 NAN 1.000E+00 7.127E+00 3.000E+00
NAN NAN NAN 6.200E-01 5.162E-03 NAN 1.000E+00 7.155E+00 3.000E+00
NAN NAN NAN 6.200E-01 7.396E-03 NAN 1.000E+00 7.207E+00 3.000E+00
NAN NAN NAN 7.842E-01 2.481E-03 NAN 1.000E+00 7.098E+00 3.000E+00
NAN NAN NAN 7.842E-01 2.481E-03 NAN 1.000E+00 7.098E+00 3.000E+00
NAN NAN NAN 7.842E-01 2.481E-03 NAN 1.000E+00 7.098E+00 3.000E+00
NAN NAN NAN 7.842E-01 2.481E-03 NAN 1.000E+00 7.098E+00 3.000E+00
NAN NAN NAN 7.842E-01 2.481E-03 NAN 1.000E+00 7.098E+00 3.000E+00
NAN NAN NAN 7.842E-01 2.482E-03 NAN 1.000E+00 7.098E+00 3.000E+00
NAN NAN NAN 7.842E-01 2.483E-03 NAN 1.000E+00 7.098E+00 3.000E+00
NAN NAN NAN 7.842E-01 2.484E-03 NAN 1.000E+00 7.098E+00 3.000E+00
NAN NAN NAN 7.842E-01 2.487E-03 NAN 1.000E+00 7.098E+00 3.000E+00
NAN NAN NAN 7.842E-01 2.492E-03 NAN 1.000E+00 7.098E+00 3.000E+00
NAN NAN NAN 7.842E-01 2.502E-03 NAN 1.000E+00 7.098E+00 3.000E+00
NAN NAN NAN 7.842E-01 2.519E-03 NAN 1.000E+00 7.098E+00 3.000E+00
NAN NAN NAN 7.842E-01 2.551E-03 NAN 1.000E+00 7.099E+00 3.000E+00
NAN NAN NAN 7.842E-01 2.610E-03 NAN 1.000E+00 7.101E+00 3.000E+00
NAN NAN NAN 7.842E-01 2.718E-03 NAN 1.000E+00 7.103E+00 3.000E+00
NAN NAN NAN 7.842E-01 2.916E-03 NAN 1.000E+00 7.108E+00 3.000E+00
NAN NAN NAN 7.842E-01 3.279E-03 NAN 1.000E+00 7.116E+00 3.000E+00
NAN NAN NAN 7.842E-01 3.944E-03 NAN 1.000E+00 7.131E+00 3.000E+00
NAN NAN NAN 7.842E-01 5.162E-03 NAN 1.000E+00 7.159E+00 3.000E+00
NAN NAN NAN 7.842E-01 7.396E-03 NAN 1.000E+00 7.210E+00 3.000E+00
NAN NAN NAN 9.919E-01 2.481E-03 NAN 1.000E+00 7.102E+00 3.000E+00
NAN NAN NAN 9.919E-01 2.481E-03 NAN 1.000E+00 7.102E+00 3.000E+00
NAN NAN NAN 9.919E-01 2.481E-03 NAN 1.000E+00 7.102E+00 3.000E+00
NAN NAN NAN 9.919E-01 2.481E-03 NAN 1.000E+00 7.102E+00 3.000E+00
NAN NAN NAN 9.919E-01 2.481E-03 NAN 1.000E+00 7.102E+00 3.000E+00
NAN NAN NAN 9.919E-01 2.482E-03 NAN 1.000E+00 7.102E+00 3.000E+00
NAN NAN NAN 9.919E-01 2.483E-03 NAN 1.000E+00 7.102E+00 3.000E+00
NAN NAN NAN 9.919E-01 2.484E-03 NAN 1.000E+00 7.102E+00 3.000E+00
NAN NAN NAN 9.919E-01 2.487E-03 NAN 1.000E+00 7.103E+00 3.000E+00
NAN NAN NAN 9.919E-01 2.492E-03 NAN 1.000E+00 7.103E+00 3.000E+00
NAN NAN NAN 9.919E-01 2.502E-03 NAN 1.000E+00 7.103E+00 3.000E+00
NAN NAN NAN 9.919E-01 2.519E-03 NAN 1.000E+00 7.103E+00 3.000E+00
NAN NAN NAN 9.919E-01 2.551E-03 NAN 1.000E+00 7.104E+00 3.000E+00
NAN NAN NAN 9.919E-01 2.610E-03 NAN 1.000E+00 7.105E+00 3.000E+00
NAN NAN NAN 9.919E-01 2.718E-03 NAN 1.000E+00 7.108E+00 3.000E+00
NAN NAN NAN 9.919E-01 2.916E-03 NAN 1.000E+00 7.112E+00 3.000E+00
NAN NAN NAN 9.919E-01 3.279E-03 NAN 1.000E+00 7.121E+00 3.000E+00
NAN NAN NAN 9.919E-01 3.944E-03 NAN 1.000E+00 7.136E+00 3.000E+00
NAN NAN NAN 9.919E-01 5.162E-03 NAN 1.000E+00 7.164E+00 3.000E+00
NAN NAN NAN 9.919E-01 7.396E-03 NAN 1.000E+00 7.215E+00 3.000E+00
NAN NAN NAN 1.255E+00 2.481E-03 NAN 1.000E+00 7.108E+00 3.000E+00
NAN NAN NAN 1.255E+00 2.481E-03 NAN 1.000E+00 7.108E+00 3.000E+00
NAN NAN NAN 1.255E+00 2.481E-03 NAN 1.000E+00 7.108E+00 3.000E+00
NAN NAN NAN 1.255E+00 2.481E-03 NAN 1.000E+00 7.108E+00 3.000E+00
NAN NAN NAN 1.255E+00 2.481E-03 NAN 1.000E+00 7.108E+00 3.000E+00
NAN NAN NAN 1.255E+00 2.482E-03 NAN 1.000E+00 7.108E+00 3.000E+00
NAN NAN NAN 1.255E+00 2.483E-03 NAN 1.000E+00 7.108E+00 3.000E+00
NAN NAN NAN 1.255E+00 2.484E-03 NAN 1.000E+00 7.108E+00 3.000E+00
NAN NAN NAN 1.255E+00 2.487E-03 NAN 1.000E+00 7.109E+00 3.000E+00
NAN NAN NAN 1.255E+00 2.492E-03 NAN 1.000E+00 7.109E+00 3.000E+00
NAN NAN NAN 1.255E+00 2.502E-03 NAN 1.000E+00 7.109E+00 3.000E+00
NAN NAN NAN 1.255E+00 2.519E-03 NAN 1.000E+00 7.109E+00 3.000E+00
NAN NAN NAN 1.255E+00 2.551E-03 NAN 1.000E+00 7.110E+00 3.000E+00
NAN NAN NAN 1.255E+00 2.610E-03 NAN 1.000E+00 7.111E+00 3.000E+00
NAN NAN NAN 1.255E+00 2.718E-03 NAN 1.000E+00 7.114E+00 3.000E+00
NAN NAN NAN 1.255E+00 2.916E-03 NAN 1.000E+00 7.124E+00 3.000E+00
NAN NAN NAN 1.255E+00 3.279E-03 NAN 1.000E+00 7.150E+00 3.000E+00
NAN NAN NAN 1.255E+00 3.944E-03 NAN 1.000E+00 7.196E+00 3.000E+00
NAN NAN NAN 1.255E+00 5.162E-03 NAN 1.000E+00 7.281E+00 3.000E+00
NAN NAN NAN 1.255E+00 7.396E-03 NAN 1.000E+00 7.444E+00 3.000E+00
NAN NAN NAN 1.587E+00 2.481E-03 NAN 1.000E+00 8.751E+00 3.000E+00
NAN NAN NAN 1.587E+00 2.481E-03 NAN 1.000E+00 8.751E+00 3.000E+00
NAN NAN NAN 1.587E+00 2.481E-03 NAN 1.000E+00 8.751E+00 3.000E+00
NAN NAN NAN 1.587E+00 2.481E-03 NAN 1.000E+00 8.751E+00 3.000E+00
NAN NAN NAN 1.587E+00 2.481E-03 NAN 1.000E+00 8.751E+00 3.000E+00
NAN NAN NAN 1.587E+00 2.482E-03 NAN 1.000E+00 8.751E+00 3.000E+00
NAN NAN NAN 1.587E+00 2.483E-03 NAN 1.000E+00 8.751E+00 3.000E+00
NAN NAN NAN 1.587E+00 2.484E-03 NAN 1.000E+00 8.751E+00 3.000E+00
NAN NAN NAN 1.587E+00 2.487E-03 NAN 1.000E+00 8.751E+00 3.000E+00
NAN NAN NAN 1.587E+00 2.492E-03 NAN 1.000E+00 8.752E+00 3.000E+00
NAN NAN NAN 1.587E+00 2.502E-03 NAN 1.000E+00 8.752E+00 3.000E+00
NAN NAN NAN 1.587E+00 2.519E-03 NAN 1.000E+00 8.754E+00 3.000E+00
NAN NAN NAN 1.587E+00 2.551E-03 NAN 1.000E+00 8.756E+00 3.000E+00
NAN NAN NAN 1.587E+00 2.610E-03 NAN 1.000E+00 8.760E+00 3.000E+00
NAN NAN NAN 1.587E+00 2.718E-03 NAN 1.000E+00 8.767E+00 3.000E+00
NAN NAN NAN 1.587E+00 2.916E-03 NAN 1.000E+00 8.781E+00 3.000E+00
NAN NAN NAN 1.587E+00 3.279E-03 NAN 1.000E+00 8.807E+00 3.000E+00
NAN NAN NAN 1.587E+00 3.944E-03 NAN 1.000E+00 8.853E+00 3.000E+00
NAN NAN NAN 1.587E+00 5.162E-03 NAN 1.000E+00 8.938E+00 3.000E+00
NAN NAN NAN 1.587E+00 7.396E-03 NAN 1.000E+00 9.094E+00 3.000E+00
NAN NAN NAN 2.007E+00 2.481E-03 NAN 1.000E+00 1.085E+01 3.000E+00
NAN NAN NAN 2.007E+00 2.481E-03 NAN 1.000E+00 1.085E+01 3.000E+00
NAN NAN NAN 2.007E+00 2.481E-03 NAN 1.000E+00 1.085E+01 3.000E+00
NAN NAN NAN 2.007E+00 2.481E-03 NAN 1.000E+00 1.085E+01 3.000E+00
NAN NAN NAN 2.007E+00 2.481E-03 NAN 1.000E+00 1.085E+01 3.000E+00
NAN NAN NAN 2.007E+00 2.482E-03 NAN 1.000E+00 1.085E+01 3.000E+00
NAN NAN NAN 2.007E+00 2.483E-03 NAN 1.000E+00 1.085E+01 3.000E+00
NAN NAN NAN 2.007E+00 2.484E-03 NAN 1.000E+00 1.085E+01 3.000E+00
NAN NAN NAN 2.007E+00 2.487E-03 NAN 1.000E+00 1.085E+01 3.000E+00
NAN NAN NAN 2.007E+00 2.492E-03 NAN 1.000E+00 1.085E+01 3.000E+00
NAN NAN NAN 2.007E+00 2.502E-03 NAN 1.000E+00 1.085E+01 3.000E+00
NAN NAN NAN 2.007E+00 2.519E-03 NAN 1.000E+00 1.085E+01 3.000E+00
NAN NAN NAN 2.007E+00 2.551E-03 NAN 1.000E+00 1.086E+01 3.000E+00
NAN NAN NAN 2.007E+00 2.610E-03 NAN 1.000E+00 1.086E+01 3.000E+00
NAN NAN NAN 2.007E+00 2.718E-03 NAN 1.000E+00 1.087E+01 3.000E+00
NAN NAN NAN 2.007E+00 2.916E-03 NAN 1.000E+00 1.088E+01 3.000E+00
NAN NAN NAN 2.007E+00 3.279E-03 NAN 1.000E+00 1.090E+01 3.000E+00
NAN NAN NAN 2.007E+00 3.944E-03 NAN 1.000E+00 1.095E+01 3.000E+00
NAN NAN NAN 2.007E+00 5.162E-03 NAN 1.000E+00 1.103E+01 3.000E+00
NAN NAN NAN 2.007E+00 7.396E-03 NAN 1.000E+00 1.119E+01 3.000E+00
NAN NAN NAN 2.539E+00 2.481E-03 NAN 1.000E+00 1.351E+01 3.000E+00
NAN NAN NAN 2.539E+00 2.481E-03 NAN 1.000E+00 1.351E+01 3.000E+00
NAN NAN NAN 2.539E+00 2.481E-03 NAN 1.000E+00 1.351E+01 3.000E+00
NAN NAN NAN 2.539E+00 2.481E-03 NAN 1.000E+00 1.351E+01 3.000E+00
NAN NAN NAN 2.539E+00 2.481E-03 NAN 1.000E+00 1.351E+01 3.000E+00
NAN NAN NAN 2.539E+00 2.482E-03 NAN 1.000E+00 1.351E+01 3.000E+00
NAN NAN NAN 2.539E+00 2.483E-03 NAN 1.000E+00 1.351E+01 3.000E+00
NAN NAN NAN 2.539E+00 2.484E-03 NAN 1.000E+00 1.351E+01 3.000E+00
NAN NAN NAN 2.539E+00 2.487E-03 NAN 1.000E+00 1.351E+01 3.000E+00
NAN NAN NAN 2.539E+00 2.492E-03 NAN 1.000E+00 1.351E+01 3.000E+00
NAN NAN NAN 2.539E+00 2.502E-03 NAN 1.000E+00 1.351E+01 3.000E+00
NAN NAN NAN 2.539E+00 2.519E-03 NAN 1.000E+00 1.352E+01 3.000E+00
NAN NAN NAN 2.539E+00 2.551E-03 NAN 1.000E+00 1.352E+01 3.000E+00
NAN NAN NAN 2.539E+00 2.610E-03 NAN 1.000E+00 1.352E+01 3.000E+00
NAN NAN NAN 2.539E+00 2.718E-03 NAN 1.000E+00 1.353E+01 3.000E+00
NAN NAN NAN 2.539E+00 2.916E-03 NAN 1.000E+00 1.354E+01 3.000E+00
NAN NAN NAN 2.539E+00 3.279E-03 NAN 1.000E+00 1.357E+01 3.000E+00
NAN NAN NAN 2.539E+00 3.944E-03 NAN 1.000E+00 1.361E+01 3.000E+00
NAN NAN NAN 2.539E+00 5.162E-03 NAN 1.000E+00 1.369E+01 3.000E+00
NAN NAN NAN 2.539E+00 7.396E-03 NAN 1.000E+00 1.385E+01 3.000E+00
NAN NAN NAN 3.211E+00 2.481E-03 NAN 1.000E+00 1.688E+01 3.000E+00
NAN NAN NAN 3.211E+00 2.481E-03 NAN 1.000E+00 1.688E+01 3.000E+00
NAN NAN NAN 3.211E+00 2.481E-03 NAN 1.000E+00 1.688E+01 3.000E+00
NAN NAN NAN 3.211E+00 2.481E-03 NAN 1.000E+00 1.688E+01 3.000E+00
NAN NAN NAN 3.211E+00 2.481E-03 NAN 1.000E+00 1.688E+01 3.000E+00
NAN NAN NAN 3.211E+00 2.482E-03 NAN 1.000E+00 1.688E+01 3.000E+00
NAN NAN NAN 3.211E+00 2.483E-03 NAN 1.000E+00 1.688E+01 3.000E+00
NAN NAN NAN 3.211E+00 2.484E-03 NAN 1.000E+00 1.688E+01 3.000E+00
NAN NAN NAN 3.211E+00 2.487E-03 NAN 1.000E+00 1.688E+01 3.000E+00
NAN NAN NAN 3.211E+00 2.492E-03 NAN 1.000E+00 1.688E+01 3.000E+00
NAN NAN NAN 3.211E+00 2.502E-03 NAN 1.000E+00 1.688E+01 3.000E+00
NAN NAN NAN 3.211E+00 2.519E-03 NAN 1.000E+00 1.688E+01 3.000E+00
NAN NAN NAN 3.211E+00 2.551E-03 NAN 1.000E+00 1.688E+01 3.000E+00
NAN NAN NAN 3.211E+00 2.610E-03 NAN 1.000E+00 1.689E+01 3.000E+00
NAN NAN NAN 3.211E+00 2.718E-03 NAN 1.000E+00 1.689E+01 3.000E+00
NAN NAN NAN 3.211E+00 2.916E-03 NAN 1.000E+00 1.691E+01 3.000E+00
NAN NAN NAN 3.211E+00 3.279E-03 NAN 1.000E+00 1.693E+01 3.000E+00
NAN NAN NAN 3.211E+00 3.944E-03 NAN 1.000E+00 1.697E+01 3.000E+00
NAN NAN NAN 3.211E+00 5.162E-03 NAN 1.000E+00 1.705E+01 3.000E+00
NAN NAN NAN 3.211E+00 7.396E-03 NAN 1.000E+00 1.720E+01 3.000E+00
NAN NAN NAN 4.062E+00 2.481E-03 NAN 1.000E+00 2.114E+01 3.000E+00
NAN NAN NAN 4.062E+00 2.481E-03 NAN 1.000E+00 2.114E+01 3.000E+00
NAN NAN NAN 4.062E+00 2.481E-03 NAN 1.000E+00 2.114E+01 3.000E+00
NAN NAN NAN 4.062E+00 2.481E-03 NAN 1.000E+00 2.114E+01 3.000E+00
NAN NAN NAN 4.062E+00 2.481E-03 NAN 1.000E+00 2.114E+01 3.000E+00
NAN NAN NAN 4.062E+00 2.482E-03 NAN 1.000E+00 2.114E+01 3.000E+00
NAN NAN NAN 4.062E+00 2.483E-03 NAN 1.000E+00 2.114E+01 3.000E+00
NAN NAN NAN 4.062E+00 2.484E-03 NAN 1.000E+00 2.114E+01 3.000E+00
NAN NAN NAN 4.062E+00 2.487E-03 NAN 1.000E+00 2.114E+01 3.000E+00
NAN NAN NAN 4.062E+00 2.492E-03 NAN 1.000E+00 2.114E+01 3.000E+00
NAN NAN NAN 4.062E+00 2.502E-03 NAN 1.000E+00 2.114E+01 3.000E+00
NAN NAN NAN 4.062E+00 2.519E-03 NAN 1.000E+00 2.114E+01 3.000E+00
NAN NAN NAN 4.062E+00 2.551E-03 NAN 1.000E+00 2.114E+01 3.000E+00
NAN NAN NAN 4.062E+00 2.610E-03 NAN 1.000E+00 2.114E+01 3.000E+00
NAN NAN NAN 4.062E+00 2.718E-03 NAN 1.000E+00 2.115E+01 3.000E+00
NAN NAN NAN 4.062E+00 2.916E-03 NAN 1.000E+00 2.116E+01 3.000E+00
NAN NAN NAN 4.062E+00 3.279E-03 NAN 1.000E+00 2.119E+01 3.000E+00
NAN NAN NAN 4.062E+00 3.944E-03 NAN 1.000E+00 2.123E+01 3.000E+00
NAN NAN NAN 4.062E+00 5.162E-03 NAN 1.000E+00 2.131E+01 3.000E+00
NAN NAN NAN 4.062E+00 7.396E-03 NAN 1.000E+00 2.146E+01 3.000E+00
NAN NAN NAN 5.138E+00 2.481E-03 NAN 1.000E+00 2.652E+01 3.000E+00
NAN NAN NAN 5.138E+00 2.481E-03 NAN 1.000E+00 2.652E+01 3.000E+00
NAN NAN NAN 5.138E+00 2.481E-03 NAN 1.000E+00 2.652E+01 3.000E+00
NAN NAN NAN 5.138E+00 2.481E-03 NAN 1.000E+00 2.652E+01 3.000E+00
NAN NAN NAN 5.138E+00 2.481E-03 NAN 1.000E+00 2.652E+01 3.000E+00
NAN NAN NAN 5.138E+00 2.482E-03 NAN 1.000E+00 2.652E+01 3.000E+00
NAN NAN NAN 5.138E+00 2.483E-03 NAN 1.000E+00 2.652E+01 3.000E+00
NAN NAN NAN 5.138E+00 2.484E-03 NAN 1.000E+00 2.652E+01 3.000E+00
NAN NAN NAN 5.138E+00 2.487E-03 NAN 1.000E+00 2.652E+01 3.000E+00
NAN NAN NAN 5.138E+00 2.492E-03 NAN 1.000E+00 2.652E+01 3.000E+00
NAN NAN NAN 5.138E+00 2.502E-03 NAN 1.000E+00 2.652E+01 3.000E+00
NAN NAN NAN 5.138E+00 2.519E-03 NAN 1.000E+00 2.652E+01 3.000E+00
NAN NAN NAN 5.138E+00 2.551E-03 NAN 1.000E+00 2.653E+01 3.000E+00
NAN NAN NAN 5.138E+00 2.610E-03 NAN 1.000E+00 2.653E+01 3.000E+00
NAN NAN NAN 5.138E+00 2.718E-03 NAN 1.000E+00 2.654E+01 3.000E+00
NAN NAN NAN 5.138E+00 2.916E-03 NAN 1.000E+00 2.655E+01 3.000E+00
NAN NAN NAN 5.138E+00 3.279E-03 NAN 1.000E+00 2.657E+01 3.000E+00
NAN NAN NAN 5.138E+00 3.944E-03 NAN 1.000E+00 2.662E+01 3.000E+00
NAN NAN NAN 5.138E+00 5.162E-03 NAN 1.000E+00 2.670E+01 3.000E+00
NAN NAN NAN 5.138E+00 7.396E-03 NAN 1.000E+00 2.684E+01 3.000E+00
